28
1000 1000
7 0 0 133 -67 267 0 267 200 133 267 0 200 0 0
7 0 0 133 -67 267 0 267 200 133 267 0 200 0 0
7 0 0 133 -67 267 0 267 200 133 267 0 200 0 0
7 0 0 133 -67 267 0 267 200 133 267 0 200 0 0
9 0 0 200 0 133 133 200 267 200 333 67 333 -67 200 -67 67 0 0
9 0 0 200 0 133 133 200 267 200 333 67 333 -67 200 -67 67 0 0
9 0 0 200 0 133 133 200 267 200 333 67 333 -67 200 -67 67 0 0
9 0 0 200 0 133 133 200 267 200 333 67 333 -67 200 -67 67 0 0
9 0 0 133 0 200 67 200 200 133 267 0 267 -67 200 -67 67 0 0
9 0 0 133 0 200 67 200 200 133 267 0 267 -67 200 -67 67 0 0
9 0 0 133 0 200 67 200 200 133 267 0 267 -67 200 -67 67 0 0
9 0 0 133 0 200 67 200 200 133 267 0 267 -67 200 -67 67 0 0
9 0 0 133 67 267 0 200 133 267 333 133 267 0 333 67 200 0 0
9 0 0 133 67 267 0 200 133 267 333 133 267 0 333 67 200 0 0
9 0 0 133 67 267 0 200 133 267 333 133 267 0 333 67 200 0 0
9 0 0 133 67 267 0 200 133 267 333 133 267 0 333 67 200 0 0
8 0 0 333 0 333 333 267 333 200 200 133 133 0 67 0 0
8 0 0 333 0 333 333 267 333 200 200 133 133 0 67 0 0
8 0 0 333 0 333 333 267 333 200 200 133 133 0 67 0 0
8 0 0 333 0 333 333 267 333 200 200 133 133 0 67 0 0
4 0 0 133 200 -133 200 0 0
4 0 0 133 200 -133 200 0 0
4 0 0 133 200 -133 200 0 0
4 0 0 133 200 -133 200 0 0
5 0 0 133 0 133 133 0 133 0 0
5 0 0 133 0 133 133 0 133 0 0
5 0 0 133 0 133 133 0 133 0 0
5 0 0 133 0 133 133 0 133 0 0
