25
1000 1000
5 0 57 86 0 171 57 86 114 0 57
7 71 0 143 0 143 143 0 143 0 71 71 71 71 0
9 0 0 86 0 57 29 57 57 86 86 0 86 29 57 29 29 0 0
9 0 0 114 0 86 29 86 86 114 114 0 114 29 86 29 29 0 0
9 0 0 143 0 114 29 114 114 143 143 0 143 29 114 29 29 0 0
9 0 0 86 0 86 86 57 86 57 29 29 29 29 86 0 86 0 0
9 0 0 114 0 114 114 86 114 86 29 29 29 29 114 0 114 0 0
9 0 0 143 0 143 143 114 143 114 29 29 29 29 143 0 143 0 0
4 0 0 171 0 86 171 0 0
4 0 0 114 0 57 114 0 0
4 0 143 143 0 143 143 0 143
5 86 0 171 114 86 229 0 114 86 0
4 86 0 171 171 0 171 86 0
4 0 0 114 0 57 114 0 0
4 71 0 143 143 0 143 71 0
5 57 0 114 71 57 143 0 71 57 0
8 29 0 57 0 86 29 86 57 43 86 0 57 0 29 29 0
8 29 0 86 0 114 29 114 86 57 114 0 86 0 29 29 0
7 0 0 86 0 86 43 43 43 43 86 0 86 0 0
7 57 0 114 0 114 114 0 114 0 57 57 57 57 0
7 0 0 86 0 86 43 43 43 43 86 0 86 0 0
7 57 0 114 0 114 114 0 114 0 57 57 57 57 0
5 0 0 171 0 171 171 0 171 0 0
5 0 0 114 0 114 114 0 114 0 0
5 0 0 143 0 143 143 0 143 0 0
