24
1000 1000
7 0 0 202 0 202 212 135 269 67 269 0 212 0 0
7 0 0 202 0 202 212 135 269 67 269 0 212 0 0
7 0 0 202 0 202 212 135 269 67 269 0 212 0 0
7 0 0 202 0 202 212 135 269 67 269 0 212 0 0
9 0 48 19 0 106 19 183 0 202 48 163 38 106 58 38 38 0 48
9 0 48 19 0 106 19 183 0 202 48 163 38 106 58 38 38 0 48
9 0 48 19 0 106 19 183 0 202 48 163 38 106 58 38 38 0 48
9 0 48 19 0 106 19 183 0 202 48 163 38 106 58 38 38 0 48
8 0 0 317 0 317 135 288 135 250 163 125 144 0 163 0 0
8 0 0 317 0 317 135 288 135 250 163 125 144 0 163 0 0
5 0 0 38 0 38 375 0 375 0 0
5 0 0 38 0 38 375 0 375 0 0
5 0 0 96 0 96 106 0 106 0 0
5 0 0 96 0 96 106 0 106 0 0
5 0 0 96 0 96 106 0 106 0 0
5 0 0 96 0 96 106 0 106 0 0
7 19 192 0 173 19 96 0 19 19 0 38 96 19 192
7 19 192 0 173 19 96 0 19 19 0 38 96 19 192
7 19 192 0 173 19 96 0 19 19 0 38 96 19 192
7 19 192 0 173 19 96 0 19 19 0 38 96 19 192
15 0 0 279 0 260 115 279 212 240 250 240 317 173 356 154 337 135 337 115 356 38 327 38 250 0 212 19 115 0 0
15 0 0 279 0 260 115 279 212 240 250 240 317 173 356 154 337 135 337 115 356 38 327 38 250 0 212 19 115 0 0
9 0 0 317 0 356 58 337 125 269 125 240 144 135 125 0 144 0 0
9 0 0 317 0 356 58 337 125 269 125 240 144 135 125 0 144 0 0
