60
1000 1000
5 23 6 42 -7 71 23 47 44 18 42
6 57 20 110 -10 116 56 115 107 54 88 32 58
4 37 -1 84 39 34 57 -2 35
3 38 6 102 34 41 59
7 161 133 205 100 282 82 283 150 277 222 186 223 119 214
6 54 111 115 47 193 46 247 142 210 192 130 198
6 39 -1 94 20 126 58 103 106 50 96 12 66
6 11 1 27 7 36 19 26 33 15 31 4 20
7 -24 9 19 -13 53 -5 116 30 63 62 14 73 -22 52
3 109 22 295 126 110 221
4 53 32 77 61 47 81 32 68
5 250 190 336 174 397 251 386 357 250 281
5 64 33 92 38 115 57 89 72 59 72
6 151 114 196 118 280 161 197 211 141 202 62 162
8 -1 21 5 5 25 3 40 6 51 27 40 41 27 48 11 35
6 13 -10 59 19 109 51 71 92 12 82 -10 58
7 83 23 107 9 141 30 140 49 141 68 119 68 97 56
5 44 51 95 33 154 84 93 128 33 104
5 30 44 50 21 75 53 56 76 23 66
4 29 37 86 -15 140 49 101 100
8 8 -10 24 -8 40 -8 46 15 36 23 23 27 10 23 3 11
6 19 -7 70 -22 75 33 67 67 23 64 -4 39
4 90 75 135 26 186 62 123 149
4 42 -9 125 50 37 95 -29 57
8 25 25 39 17 60 23 57 41 56 56 43 57 33 47 33 40
6 46 48 62 46 73 62 61 73 51 73 37 61
4 35 -14 62 17 41 35 20 19
8 47 44 48 4 91 -38 134 18 151 50 158 127 110 130 73 82
8 49 34 41 19 63 8 77 19 93 41 80 57 61 53 46 61
3 65 -1 140 49 68 80
4 14 47 38 33 65 48 45 78
4 25 18 87 58 24 102 -43 64
3 110 88 174 111 97 151
6 0 -2 47 -3 49 23 39 62 10 59 -10 31
4 1 27 22 3 48 26 28 57
7 5 30 11 21 39 13 39 37 28 51 15 61 -3 51
8 15 14 57 -1 88 16 96 49 83 81 41 98 5 86 2 58
8 15 14 18 5 30 4 38 9 53 13 42 27 31 39 14 32
5 35 59 95 38 119 83 88 121 35 109
5 21 12 64 11 86 44 66 94 37 60
5 -4 6 17 -2 31 15 21 36 3 23
8 16 54 85 30 115 50 160 115 121 141 80 190 2 159 8 115
3 5 6 62 45 12 72
8 129 125 126 82 192 87 249 82 262 133 261 206 187 215 172 157
7 31 47 74 47 102 52 129 66 106 102 72 129 45 88
7 30 74 70 62 104 41 111 92 98 142 59 149 16 135
4 267 238 366 424 287 501 217 427
7 9 5 25 -4 42 3 52 12 46 30 24 30 3 21
4 26 48 76 20 140 61 68 106
7 -1 5 34 -6 72 0 82 22 79 58 31 75 24 33
4 48 51 72 67 44 90 27 75
7 -4 5 17 -5 26 6 48 24 29 29 10 44 5 26
8 16 33 24 19 42 16 48 31 61 36 55 50 36 59 29 52
5 -4 -5 25 -11 32 13 24 27 7 16
3 25 -4 79 29 27 59
5 -4 4 22 -3 41 8 16 28 -3 28
6 13 67 34 56 64 45 65 71 53 102 36 84
5 144 117 200 117 241 174 205 208 162 182
3 44 -5 147 39 40 73
6 6 26 16 11 43 14 61 29 39 47 23 43
