50
1000 1000
7 28 17 46 5 64 16 71 32 65 51 38 53 25 43
5 73 45 101 32 141 54 97 86 71 79
4 100 118 175 156 102 247 -21 174
8 19 3 34 -8 45 10 52 19 43 32 38 50 19 30 19 21
5 1 6 17 5 32 18 18 33 1 25
3 36 11 121 33 43 88
5 20 47 54 17 73 64 56 100 9 78
6 51 25 95 1 121 71 82 94 27 117 18 66
4 49 34 75 4 107 39 81 65
4 30 50 72 25 99 57 66 73
4 -3 77 74 34 138 84 61 136
5 -5 26 24 18 46 38 27 77 -2 47
6 10 11 33 3 41 33 26 44 7 56 8 31
3 34 110 168 172 31 244
5 54 22 117 26 143 74 105 113 53 98
8 12 19 25 16 32 20 39 26 36 41 26 41 15 36 7 30
3 27 -31 119 39 36 89
5 44 133 100 120 132 170 101 247 48 214
8 19 48 31 18 68 37 73 64 50 78 29 91 4 84 16 61
8 -16 12 32 13 58 11 91 62 65 107 27 103 -4 93 -36 61
4 -5 25 30 5 58 30 32 50
7 72 97 130 78 200 62 224 122 224 200 144 198 60 160
7 56 74 116 2 171 52 200 89 176 127 109 190 49 144
7 169 65 194 54 244 50 232 87 222 111 180 151 156 122
6 120 166 131 132 172 138 197 179 184 217 138 217
6 16 41 28 35 36 35 54 40 41 57 20 63
7 14 15 22 5 46 9 51 23 42 40 24 41 11 36
4 -4 17 23 -10 36 22 26 41
4 104 67 130 82 102 101 78 89
7 29 31 53 21 88 19 119 43 92 91 52 76 7 79
7 25 24 63 -18 98 25 115 47 108 97 42 130 13 73
5 13 24 42 4 74 45 38 60 7 53
6 15 31 35 33 42 45 30 67 12 61 3 52
8 16 37 19 12 38 13 52 24 54 39 51 58 39 59 21 56
6 18 46 42 28 65 21 88 56 62 70 37 68
8 15 34 44 37 78 43 85 63 75 95 39 90 24 89 10 66
5 28 40 46 35 59 50 42 72 21 67
8 16 47 28 32 38 30 56 25 72 46 58 69 39 88 19 68
3 70 12 133 35 69 73
3 17 11 51 41 16 62
5 16 35 46 29 83 53 53 77 24 72
7 -8 18 21 -7 88 9 131 54 85 117 42 122 -9 94
6 25 5 64 5 101 43 75 68 19 83 -1 49
5 15 45 55 18 85 61 48 97 14 80
5 15 23 39 19 56 40 39 55 10 56
5 3 16 20 11 38 26 17 43 3 35
7 46 40 60 5 129 21 148 76 102 90 70 105 41 95
6 13 10 35 0 55 32 34 49 10 55 4 35
6 36 65 74 45 94 43 111 67 100 114 61 106
3 35 3 82 31 30 79
