55
1000 1000
4 91 145 171 87 258 148 171 230
5 7 6 36 -1 56 23 38 50 -2 32
3 25 0 150 54 26 118
3 61 93 135 136 55 179
4 -11 85 31 55 83 93 36 137
7 -54 12 15 -19 64 1 121 56 63 88 17 101 -26 80
5 19 10 34 -10 46 16 34 34 8 31
8 97 74 113 46 149 32 180 47 200 85 163 111 142 130 103 127
3 17 4 60 29 18 60
5 21 10 47 16 62 30 52 68 18 44
6 10 22 36 20 56 59 36 76 3 106 -39 59
8 8 18 14 5 22 -1 41 -2 39 17 35 31 26 43 7 37
5 20 9 51 6 83 16 53 40 19 41
3 45 33 83 51 42 71
4 21 22 40 46 23 61 1 45
4 19 -1 40 18 24 33 -1 18
3 295 277 382 313 266 393
6 -41 51 -6 -24 57 23 133 82 76 108 18 101
7 40 34 61 24 93 20 122 59 101 90 65 86 20 81
7 24 75 38 55 57 62 72 86 66 112 40 107 29 93
8 19 8 33 0 53 9 72 32 46 38 28 44 18 43 -5 30
8 6 1 20 -2 33 0 53 19 36 31 15 33 6 27 -11 18
3 6 7 40 23 8 43
7 71 77 92 33 143 47 153 87 134 125 95 133 39 130
3 5 4 43 20 6 42
6 49 -27 113 -15 116 39 106 82 56 83 13 48
6 -24 90 22 43 102 38 159 108 99 168 43 176
7 -15 8 32 -27 67 6 94 43 69 85 39 68 -15 70
4 37 79 63 38 92 84 59 128
8 22 32 31 21 76 20 88 49 62 80 36 75 2 72 -8 57
3 220 185 291 251 197 305
7 -7 12 21 1 39 -10 49 22 37 46 17 50 1 29
7 -14 5 30 -4 53 -3 83 24 63 42 27 56 -11 40
8 7 42 18 24 47 9 68 26 74 43 65 67 41 75 34 58
8 3 1 23 3 33 6 51 25 36 40 16 37 5 34 -10 25
5 13 22 55 10 127 47 62 78 9 74
4 153 40 192 66 152 121 114 77
8 25 24 40 16 53 22 65 43 54 48 38 63 20 62 11 44
3 68 24 116 68 66 98
3 75 62 142 112 38 198
3 144 141 249 174 141 240
4 39 26 57 6 77 32 60 49
4 39 -13 59 30 33 66 3 34
8 24 33 56 12 78 1 99 7 113 30 96 68 71 71 43 59
3 65 62 118 81 47 121
6 9 27 26 9 47 -1 51 28 39 49 23 50
4 31 -5 51 32 26 57 -8 30
6 11 0 27 0 34 14 32 29 10 27 3 18
6 -38 28 38 -1 71 -10 109 32 81 105 4 112
7 19 -1 56 4 82 12 133 24 104 69 60 70 29 49
6 53 19 119 34 166 98 119 158 44 168 -19 100
4 51 111 137 87 211 105 140 158
8 32 82 70 3 126 43 132 114 103 150 54 156 15 147 -42 121
5 1 7 25 -6 41 11 27 46 -5 29
5 -3 62 47 33 50 82 39 109 10 88
