55
1000 1000
6 100 78 142 89 182 138 147 172 93 173 52 138
5 50 66 98 30 119 80 87 117 47 111
5 338 145 442 50 474 170 407 244 317 245
8 11 12 6 -7 24 -11 40 2 46 12 48 35 29 27 7 29
5 -6 2 18 -6 38 7 19 30 -9 21
3 52 99 143 164 50 195
7 19 55 75 47 121 58 154 100 116 142 76 157 31 124
7 17 28 30 16 52 8 65 36 50 49 30 73 11 47
7 -8 1 26 -19 73 -21 97 35 79 72 31 68 -4 49
5 12 23 28 18 56 30 26 56 3 49
3 4 -5 40 12 6 30
7 1 24 15 16 27 17 39 27 25 40 12 52 8 32
8 32 32 33 0 59 11 83 13 84 39 85 66 65 67 35 59
5 32 15 53 3 54 24 44 37 29 30
5 14 14 29 1 47 16 31 33 12 30
7 16 8 30 3 49 1 63 17 50 33 32 42 12 31
7 31 168 70 146 105 160 113 187 112 221 80 216 57 200
4 38 26 67 51 32 80 10 57
3 18 41 90 79 44 115
4 141 94 228 157 147 220 50 179
8 11 -2 19 -8 38 -2 53 16 36 32 23 34 8 34 -3 17
4 32 26 45 6 82 21 51 58
7 26 45 110 14 148 48 173 112 142 143 106 172 13 164
7 17 24 43 2 77 1 95 39 68 66 40 104 17 56
3 14 -3 46 15 14 31
8 57 56 64 42 71 57 86 67 78 83 65 86 56 73 46 68
4 37 -4 54 25 34 39 21 23
7 51 24 118 -25 181 -6 215 58 156 83 124 138 65 88
7 22 18 37 7 56 10 59 24 60 49 32 54 13 33
4 21 74 65 31 97 79 67 113
4 -5 22 30 4 47 25 34 54
6 28 6 44 0 52 15 40 32 23 31 20 18
7 83 71 126 21 206 10 232 103 179 145 113 172 72 115
8 -24 28 -14 4 28 7 48 17 47 38 62 70 28 78 -10 63
3 291 159 393 237 298 288
8 -6 31 -1 22 13 19 23 19 35 35 23 45 11 45 3 41
5 16 56 57 56 86 79 64 120 12 104
3 84 64 156 105 76 149
8 -7 159 46 132 71 117 109 126 158 168 108 211 81 208 28 206
7 26 30 44 6 62 24 66 36 59 56 42 62 29 49
7 19 24 60 13 93 14 116 52 82 68 52 77 20 57
4 86 26 150 88 85 124 18 87
7 -6 11 18 -5 37 8 66 29 41 40 23 46 9 34
8 15 45 20 23 47 -12 87 12 95 42 87 75 60 99 15 88
7 37 77 48 23 105 60 138 76 100 136 65 133 28 116
5 42 70 78 56 115 94 77 123 42 116
4 79 64 149 14 200 72 155 130
4 338 112 422 181 332 272 218 189
3 23 -6 55 13 21 42
4 127 51 176 86 129 134 65 98
6 35 6 74 6 100 63 73 83 34 88 7 50
5 2 6 42 -6 81 34 42 59 9 39
7 6 3 12 -1 26 1 34 9 23 21 17 23 3 19
6 -19 28 20 -2 44 0 82 32 56 78 8 75
4 33 85 68 66 93 82 68 125
