0.880861 0.860277 0.842616 0.827619 0.815077 0.804818 0.796710 0.790650 0.771052 0.750446 0.732631 0.717330 0.704318 0.693410 0.684458 0.677346 0.671982 0.668299 0.666253 0.665819 0.666991 0.669784 0.674231 0.680388 0.688332 0.698165 0.710019 0.724056 0.740480 0.759538 0.750372 0.739867 0.731390 0.724831 0.720109 0.717164 0.715961 0.716485 0.718742 0.722761 0.728590 0.736302 0.745995 0.757797 0.771868 0.788406 0.807657 0.829921 0.855567 0.885048 0.888622 0.874942 0.863726 0.854827 0.848132 0.843558 0.841047 0.840571 0.842123 0.845722 0.851412 0.859262 0.869373 0.881875 0.896933 0.883744 0.866823 0.852554 0.840740 0.831223 0.823882 0.818625 0.815386 0.814126 0.814831 0.817507 0.822189 0.828932 0.837823 0.848973 0.862531 0.862963 0.821628 0.785878 0.754853 0.727871 0.704389 0.683972 0.666265 0.650980 0.637883 0.626783 0.617525 0.609984 0.604063 0.599687 0.596801 0.595370 0.595377 0.596821 0.599721 0.604112 0.610048 0.618100 0.629918 0.643777 0.659887 0.678499 0.699927 0.724555 0.752859 0.785434 0.823027 0.866593 0.917361 0.949563 0.947000 0.946725 0.948736 0.953056 0.959738 0.968865 0.980552 0.994951 1.000000 0.963720 0.932147 0.904688 14014.000000 1.391224 0.871240
0.911729 0.840005 0.780486 0.730486 0.688065 0.651784 0.620558 0.593552 0.570115 0.549732 0.531993 0.516570 0.503193 0.491646 0.481752 0.473366 0.466371 0.460674 0.456200 0.452893 0.450711 0.449628 0.449631 0.450720 0.452907 0.456221 0.460701 0.466405 0.473407 0.481801 0.491703 0.503260 0.516646 0.532082 0.549834 0.570232 0.593687 0.620714 0.651964 0.688275 0.730732 0.780777 0.840354 0.912152 1.000000 0.963365 0.883372 0.817463 0.762416 0.715930 0.676323 0.642335 0.613006 0.587592 0.565509 0.546295 0.529577 0.515056 0.502488 0.491675 0.482456 0.474698 0.468296 0.463166 0.459241 0.456473 0.454827 0.454283 0.454835 0.456489 0.459266 0.463200 0.468340 0.474751 0.482519 0.491750 0.502575 0.515157 0.529693 0.546429 0.565663 0.587769 0.613210 0.642571 0.676598 0.716251 0.762794 0.817913 0.883914 0.866096 0.813137 0.768024 0.729319 0.695924 0.666990 0.641850 0.619976 0.600943 0.584411 0.570100 0.557785 0.547282 0.538439 0.531138 0.525280 0.520791 0.517614 0.515711 0.515058 0.515647 0.517486 0.520596 0.525017 0.530803 0.538029 0.546789 0.557204 0.569422 0.583625 0.600038 0.618934 0.640653 0.665614 0.694339 0.727486 0.765895 0.810647 0.863163 7420.000000 1.183422 0.598305
0.722369 0.761500 0.783511 0.757234 0.734374 0.714525 0.697357 0.682600 0.670035 0.659484 0.650804 0.643881 0.638626 0.634973 0.632878 0.632315 0.633277 0.635775 0.639842 0.645525 0.652898 0.662054 0.673116 0.686235 0.701599 0.719439 0.740040 0.763750 0.790998 0.822316 0.815960 0.760947 0.714497 0.674923 0.640967 0.611666 0.586278 0.564218 0.545024 0.528323 0.513817 0.501261 0.490458 0.481245 0.473492 0.467092 0.461961 0.458033 0.455258 0.453603 0.453048 0.453585 0.455222 0.457978 0.461886 0.466997 0.473376 0.481106 0.484724 0.489056 0.494669 0.501635 0.510045 0.520017 0.531693 0.545249 0.560901 0.578914 0.599615 0.623409 0.650802 0.682432 0.719115 0.761906 0.812191 0.871832 0.943379 1.000000 0.930029 0.871172 0.821181 0.778389 0.741535 0.709644 0.681959 0.657878 0.636922 0.618704 0.602912 0.589290 0.577631 0.567765 0.559556 0.552894 0.547693 0.543887 0.541429 0.540288 0.540452 0.541921 0.544715 0.548866 0.554428 0.555740 0.544132 0.534261 0.525986 0.519195 0.513799 0.509729 0.506935 0.505383 0.505053 0.505941 0.508058 0.511431 0.516101 0.522125 0.529583 0.538574 0.549221 0.561678 0.576133 0.592818 0.612016 0.634078 0.659439 0.688640 6629.500000 1.390167 0.718886
0.925555 0.887434 0.854306 0.825479 0.800399 0.778619 0.759775 0.743570 0.729764 0.718159 0.708598 0.700955 0.695131 0.691055 0.688675 0.687964 0.688912 0.691531 0.695852 0.701930 0.709840 0.693645 0.676400 0.661548 0.648863 0.638164 0.629304 0.622164 0.616654 0.612703 0.610264 0.609306 0.609818 0.611805 0.615293 0.620324 0.626961 0.635288 0.645415 0.657480 0.671654 0.688146 0.707215 0.729178 0.754425 0.752141 0.744379 0.738537 0.734541 0.732343 0.731916 0.733255 0.736376 0.741318 0.748141 0.756931 0.767801 0.780897 0.796400 0.814532 0.835570 0.859849 0.887784 0.919886 0.956787 0.947832 0.904464 0.866888 0.834240 0.805832 0.781115 0.759645 0.741060 0.725069 0.711431 0.699951 0.690474 0.682872 0.677049 0.672933 0.670471 0.669635 0.670414 0.672817 0.676874 0.682635 0.690172 0.699582 0.710988 0.708537 0.690841 0.675596 0.662570 0.651578 0.642466 0.635115 0.629430 0.625338 0.622790 0.621754 0.622219 0.624188 0.627688 0.632760 0.639467 0.647896 0.658157 0.670388 0.684765 0.688535 0.688590 0.690309 0.693711 0.698839 0.705757 0.714551 0.725337 0.738259 0.753498 0.771276 0.791868 0.815608 0.842909 0.874280 0.910354 0.951926 1.000000 0.969539 1434.000000 1.300813 0.843925
0.901429 0.947017 1.000000 0.982771 0.943709 0.909743 0.880183 0.854477 0.832178 0.812922 0.796412 0.782407 0.770710 0.761165 0.753647 0.748060 0.744335 0.742427 0.742313 0.743990 0.747480 0.752826 0.760092 0.769372 0.780785 0.794485 0.801756 0.778346 0.758040 0.740504 0.725470 0.712717 0.702066 0.693375 0.686530 0.681445 0.678056 0.676321 0.676221 0.677753 0.680936 0.685809 0.692433 0.700890 0.711292 0.723777 0.738519 0.755732 0.775681 0.798687 0.825148 0.837021 0.813970 0.794017 0.776845 0.762197 0.749864 0.739678 0.731504 0.725236 0.720796 0.718130 0.717205 0.718010 0.720555 0.724870 0.731009 0.739048 0.749091 0.761270 0.775751 0.792740 0.812492 0.835316 0.861596 0.891801 0.926514 0.966462 0.978146 0.934546 0.896736 0.863866 0.835262 0.810381 0.788785 0.770117 0.754087 0.740458 0.729038 0.719672 0.712238 0.706641 0.702812 0.700702 0.700287 0.701562 0.704542 0.709263 0.715784 0.724187 0.734580 0.747102 0.747690 0.728429 0.711808 0.697571 0.685511 0.675461 0.667286 0.660879 0.656160 0.653070 0.651571 0.651646 0.653294 0.656537 0.661413 0.667983 0.676331 0.686565 0.698823 0.713276 0.730136 0.749662 0.772173 0.798059 0.827804 0.862010 1371.500000 1.195485 0.833944
0.888249 0.871212 0.856842 0.844941 0.835351 0.827949 0.822640 0.819361 0.818071 0.818754 0.821419 0.826098 0.832849 0.841755 0.852931 0.866523 0.882716 0.901740 0.877191 0.847378 0.821439 0.798909 0.779408 0.762631 0.748325 0.736287 0.726353 0.718391 0.712299 0.708000 0.705442 0.704595 0.705446 0.708008 0.712310 0.718406 0.726372 0.736311 0.740856 0.727077 0.715493 0.705946 0.698311 0.692490 0.688409 0.686020 0.685292 0.686217 0.688807 0.693092 0.699125 0.706983 0.716765 0.728602 0.742656 0.759127 0.771726 0.765972 0.762125 0.760138 0.759988 0.761673 0.765213 0.770651 0.778054 0.787517 0.799162 0.813145 0.829660 0.848947 0.871301 0.897085 0.926741 0.960819 1.000000 0.967139 0.930324 0.898294 0.870423 0.846206 0.825235 0.807176 0.791757 0.778756 0.767996 0.759334 0.752658 0.747884 0.744954 0.743832 0.744504 0.746978 0.751285 0.745352 0.727350 0.711871 0.698685 0.687605 0.678481 0.671191 0.665642 0.661766 0.659514 0.658859 0.659794 0.662329 0.666496 0.672345 0.679950 0.689410 0.700848 0.714422 0.730327 0.745351 0.741717 0.739891 0.739853 0.741601 0.745157 0.750564 0.757889 0.767225 0.778694 0.792448 0.808681 0.827627 0.849579 0.874892 10657.000000 1.201942 0.895545
0.810134 0.849881 0.895999 0.939912 0.904682 0.874028 0.847358 0.824194 0.804148 0.786905 0.772207 0.759845 0.749651 0.741488 0.735254 0.730870 0.728282 0.727458 0.728390 0.731087 0.735582 0.741932 0.750216 0.760539 0.765031 0.739744 0.717750 0.698660 0.682161 0.667994 0.655953 0.645866 0.637597 0.631039 0.626107 0.622740 0.620897 0.620555 0.621711 0.624377 0.628588 0.634395 0.641871 0.651112 0.662242 0.675414 0.690819 0.708691 0.704109 0.689069 0.676252 0.665478 0.656599 0.649497 0.644083 0.640288 0.638065 0.637388 0.638249 0.640657 0.644642 0.650254 0.657562 0.666661 0.677670 0.690742 0.706061 0.723859 0.744418 0.768083 0.795280 0.826539 0.862518 0.904049 0.952193 1.000000 0.944907 0.897617 0.856800 0.821427 0.790689 0.763942 0.740671 0.720460 0.702972 0.687930 0.675111 0.664332 0.655446 0.648336 0.642911 0.639103 0.636865 0.636169 0.637008 0.639392 0.643350 0.648929 0.656201 0.665259 0.676222 0.689241 0.687211 0.668880 0.653033 0.639425 0.627854 0.618156 0.610202 0.603886 0.599128 0.595869 0.594068 0.593704 0.594773 0.597287 0.601277 0.606792 0.613902 0.622699 0.633299 0.645849 0.660530 0.677565 0.697225 0.719847 0.745842 0.775724 7631.000000 1.315257 0.816159
0.682254 0.681108 0.681606 0.683753 0.687575 0.693119 0.700454 0.709675 0.720901 0.734285 0.750017 0.768330 0.789508 0.813904 0.840963 0.832625 0.826422 0.822278 0.820140 0.819984 0.821808 0.825633 0.831506 0.839501 0.849718 0.862289 0.877383 0.895210 0.916030 0.940159 0.967989 1.000000 0.960918 0.909925 0.866052 0.828119 0.795205 0.766583 0.741675 0.720014 0.701224 0.684998 0.671087 0.659285 0.649429 0.641386 0.635051 0.630343 0.627205 0.625597 0.625501 0.626914 0.629855 0.634359 0.640482 0.648301 0.657918 0.669462 0.683094 0.693363 0.690182 0.688682 0.688844 0.690670 0.694183 0.699425 0.706462 0.715383 0.726305 0.739374 0.754773 0.772728 0.793517 0.817480 0.845033 0.876695 0.913107 0.955075 0.948923 0.917902 0.890922 0.867514 0.847293 0.829947 0.815222 0.802911 0.792847 0.784901 0.778970 0.774980 0.772884 0.772656 0.774293 0.777814 0.783263 0.790323 0.785846 0.783295 0.782641 0.783874 0.787010 0.792087 0.799168 0.808342 0.819726 0.833472 0.843128 0.814998 0.790527 0.769282 0.750910 0.735126 0.721694 0.710425 0.701165 0.693794 0.688217 0.684364 0.682189 0.681664 0.682784 0.685562 0.690032 0.696248 0.703856 0.695790 0.689550 0.685056 4747.000000 1.248520 0.864017
0.885591 0.929157 0.979715 0.942477 0.889466 0.844026 0.804847 0.770919 0.741450 0.715812 0.693502 0.674116 0.657325 0.642861 0.630507 0.620083 0.611448 0.604487 0.599109 0.595247 0.592854 0.591900 0.592374 0.594282 0.597646 0.602509 0.608930 0.616992 0.626801 0.638489 0.652223 0.668206 0.686688 0.707975 0.732446 0.754968 0.735259 0.718239 0.703646 0.691266 0.680927 0.672488 0.665841 0.660900 0.657605 0.655914 0.655808 0.657286 0.660364 0.665081 0.671496 0.679688 0.689766 0.701863 0.716148 0.732828 0.752159 0.774455 0.800098 0.829565 0.863445 0.902477 0.947596 1.000000 0.951190 0.895321 0.847579 0.806515 0.771018 0.740223 0.713445 0.690142 0.669876 0.652292 0.637104 0.624076 0.613017 0.603773 0.596218 0.590255 0.585807 0.582819 0.581254 0.581095 0.582337 0.584997 0.589108 0.594719 0.601903 0.610751 0.621383 0.633946 0.648622 0.665635 0.685260 0.707835 0.733775 0.763599 0.797953 0.829447 0.799100 0.772691 0.749720 0.729782 0.712550 0.697755 0.685179 0.674645 0.666009 0.659160 0.654011 0.650495 0.648572 0.648217 0.649426 0.652213 0.656614 0.662681 0.670492 0.680147 0.691775 0.705538 0.721632 0.740303 0.761850 0.786641 0.815129 0.847878 1526.000000 1.280042 0.759648
0.819749 0.759198 0.708566 0.665769 0.629277 0.597943 0.570892 0.547444 0.527066 0.509333 0.493906 0.480510 0.468921 0.458957 0.450471 0.443342 0.437472 0.432784 0.429219 0.426732 0.425292 0.424882 0.425497 0.427144 0.429844 0.433629 0.438548 0.444662 0.452054 0.460825 0.471101 0.483035 0.496818 0.512681 0.530913 0.551867 0.575988 0.603835 0.636122 0.673771 0.717996 0.770421 0.833270 0.909670 1.000000 0.918787 0.851672 0.795481 0.747936 0.707361 0.672499 0.642387 0.616277 0.593581 0.573830 0.556649 0.541735 0.528839 0.517761 0.508338 0.500435 0.493947 0.488786 0.484889 0.482205 0.480703 0.480364 0.481184 0.483172 0.486354 0.490767 0.496469 0.503532 0.512050 0.522141 0.533950 0.547655 0.563476 0.581681 0.602601 0.626649 0.654337 0.686315 0.723412 0.766701 0.817595 0.825607 0.775767 0.733267 0.696773 0.665267 0.637956 0.614221 0.593568 0.575600 0.559997 0.546499 0.534895 0.525013 0.516711 0.509876 0.504420 0.500271 0.497379 0.495707 0.495235 0.495958 0.497884 0.501037 0.505456 0.511196 0.518330 0.526955 0.537187 0.549173 0.563094 0.579171 0.597675 0.618940 0.643382 0.671518 0.704000 0.741663 0.785582 0.837175 0.898336 0.971664 0.893134 531.000000 1.216918 0.595831
0.505066 0.508236 0.512689 0.518481 0.525686 0.534399 0.544741 0.556859 0.570935 0.587192 0.605905 0.627411 0.652129 0.680581 0.713426 0.751505 0.795902 0.848047 0.909848 0.887859 0.864124 0.843605 0.825981 0.810992 0.798426 0.788114 0.779919 0.773738 0.769494 0.767134 0.766629 0.767974 0.771185 0.776301 0.783385 0.792526 0.803843 0.817485 0.833641 0.852545 0.874481 0.899800 0.848573 0.790684 0.741862 0.700308 0.664678 0.633951 0.607339 0.584221 0.564108 0.546607 0.531400 0.518232 0.506892 0.497209 0.489046 0.482290 0.476851 0.472659 0.469662 0.467822 0.467118 0.477905 0.491208 0.506528 0.524137 0.544374 0.567658 0.594520 0.625632 0.661862 0.704348 0.754606 0.814700 0.887516 0.966666 0.918459 0.876843 0.840772 0.809425 0.782148 0.758417 0.737809 0.719979 0.704649 0.691589 0.680614 0.671575 0.664352 0.658853 0.655010 0.652774 0.656016 0.666030 0.678013 0.692133 0.708598 0.727660 0.749632 0.774897 0.803929 0.837317 0.875800 0.920314 0.972062 1.000000 0.920042 0.853829 0.798301 0.751253 0.711060 0.676496 0.646622 0.620707 0.598175 0.578566 0.561512 0.546714 0.533929 0.524401 0.517434 0.511867 0.507628 0.504665 0.502941 0.502434 0.503140 10898.000000 1.208579 0.662905
0.709115 0.758171 0.798471 0.754952 0.717571 0.685290 0.657303 0.632978 0.611810 0.593396 0.577408 0.563581 0.551699 0.541585 0.533097 0.526118 0.520558 0.516345 0.513426 0.511766 0.511345 0.512158 0.514213 0.517538 0.522171 0.528172 0.535618 0.544608 0.555265 0.567743 0.582229 0.598954 0.618202 0.640323 0.665748 0.695019 0.728820 0.768021 0.813750 0.867492 0.868145 0.793427 0.732176 0.681227 0.638346 0.601907 0.570705 0.543823 0.520558 0.500358 0.482786 0.467495 0.454203 0.442683 0.432750 0.424252 0.417068 0.411096 0.406258 0.402490 0.399747 0.397992 0.397206 0.397378 0.398511 0.400618 0.403725 0.407871 0.413109 0.419507 0.427151 0.436150 0.446634 0.458768 0.472750 0.488826 0.507298 0.528545 0.553041 0.581385 0.614352 0.652950 0.698519 0.752875 0.818543 0.899134 1.000000 0.955276 0.872300 0.804369 0.747925 0.700461 0.660157 0.625663 0.595960 0.570261 0.547952 0.528548 0.511662 0.496982 0.484255 0.473275 0.463874 0.455917 0.449292 0.443911 0.439705 0.436619 0.434616 0.433671 0.433773 0.434923 0.437135 0.440436 0.444868 0.450485 0.457363 0.465592 0.475289 0.486596 0.499687 0.514777 0.532127 0.552065 0.574994 0.601422 0.631992 0.667531 4984.000000 1.337694 0.585986
0.636751 0.638390 0.641588 0.646382 0.652833 0.661023 0.671058 0.683073 0.697237 0.713757 0.732886 0.754938 0.780297 0.809436 0.842946 0.881565 0.926231 0.978147 1.000000 0.934098 0.878330 0.830735 0.789837 0.754510 0.723877 0.697249 0.674076 0.653919 0.636421 0.623304 0.619541 0.617301 0.616558 0.617301 0.619541 0.623304 0.628637 0.635606 0.644301 0.654837 0.667357 0.682041 0.699107 0.718826 0.741528 0.767620 0.797606 0.832117 0.871944 0.918099 0.907839 0.882627 0.860796 0.841998 0.825950 0.812424 0.801232 0.792227 0.785293 0.780344 0.777317 0.769414 0.750072 0.733403 0.719153 0.707118 0.697130 0.689058 0.682796 0.678266 0.675413 0.674201 0.674616 0.676662 0.680364 0.685769 0.692943 0.701978 0.712991 0.726133 0.741589 0.759586 0.780406 0.804392 0.831234 0.807724 0.787353 0.769792 0.754777 0.742090 0.731555 0.723033 0.716413 0.711612 0.708570 0.707251 0.707639 0.709737 0.713573 0.719192 0.726664 0.736086 0.746623 0.758832 0.773341 0.790357 0.810134 0.832984 0.859291 0.889526 0.924275 0.912912 0.870108 0.833054 0.800878 0.772888 0.748530 0.727360 0.709015 0.693202 0.679681 0.668256 0.658769 0.651095 0.645134 0.640810 0.638071 0.636650 3215.000000 1.117803 0.779919
0.757770 0.755933 0.755922 0.757736 0.761397 0.766951 0.774465 0.784036 0.795788 0.809878 0.826503 0.845905 0.868382 0.894300 0.878760 0.856061 0.836470 0.819685 0.805464 0.793606 0.783954 0.776382 0.770794 0.767120 0.765316 0.765361 0.767253 0.771018 0.776699 0.784369 0.794124 0.806091 0.820431 0.837344 0.831744 0.810609 0.792384 0.776790 0.763602 0.752637 0.743749 0.736823 0.731771 0.728532 0.727064 0.727352 0.729397 0.733226 0.738884 0.746442 0.755997 0.767673 0.781628 0.798057 0.808065 0.796979 0.788065 0.781210 0.776327 0.773356 0.772261 0.773029 0.775669 0.780213 0.786718 0.795263 0.805959 0.818947 0.834403 0.852547 0.873649 0.898041 0.926129 0.958414 0.995516 1.000000 0.946105 0.899779 0.859753 0.825038 0.794860 0.768597 0.745753 0.725926 0.708790 0.694077 0.681572 0.671097 0.662511 0.655702 0.650583 0.647090 0.645180 0.644830 0.646036 0.648813 0.653194 0.659233 0.672218 0.689438 0.709318 0.732194 0.758484 0.788702 0.823494 0.863674 0.910282 0.964663 0.956513 0.923961 0.895638 0.871036 0.849742 0.831419 0.815793 0.802642 0.791786 0.783080 0.776414 0.771704 0.768892 0.767944 0.768848 0.771615 0.776279 0.774573 0.767033 0.761455 3122.500000 1.021455 0.840422
0.768755 0.751229 0.736219 0.723505 0.712912 0.704297 0.697547 0.692579 0.689329 0.687760 0.687850 0.689602 0.693037 0.698197 0.705146 0.713971 0.724789 0.737744 0.753018 0.770834 0.791466 0.815251 0.842603 0.874032 0.910175 0.951828 1.000000 0.964151 0.917747 0.877622 0.842804 0.812526 0.786176 0.763263 0.743387 0.726226 0.711514 0.699038 0.688621 0.680125 0.673439 0.668477 0.665179 0.663504 0.663432 0.664961 0.668111 0.672919 0.679446 0.687774 0.698011 0.710294 0.724795 0.741725 0.761342 0.783965 0.801518 0.783644 0.768361 0.755448 0.744726 0.736052 0.729315 0.724430 0.721335 0.719995 0.720391 0.722530 0.726436 0.732159 0.739768 0.749362 0.761065 0.775037 0.791473 0.810617 0.832766 0.858284 0.887623 0.921336 0.960115 0.920578 0.884634 0.853370 0.826162 0.802509 0.782005 0.764317 0.749177 0.736365 0.725702 0.717047 0.710286 0.705335 0.702133 0.700640 0.700837 0.702729 0.706337 0.711705 0.718901 0.728016 0.739168 0.752508 0.768224 0.786545 0.780265 0.767306 0.756563 0.747894 0.741186 0.736356 0.733344 0.732112 0.732647 0.734955 0.739063 0.745022 0.752907 0.762818 0.774885 0.789272 0.806182 0.825865 0.848630 0.839425 0.812486 0.789064 1889.000000 1.073558 0.835819
0.590161 0.564261 0.541790 0.522249 0.505244 0.490455 0.477626 0.466546 0.457044 0.448982 0.442246 0.436746 0.432410 0.429183 0.427025 0.425910 0.425823 0.426765 0.428746 0.431790 0.435935 0.441235 0.447756 0.455588 0.464837 0.475640 0.488161 0.502603 0.519214 0.538301 0.560247 0.585529 0.614751 0.648688 0.688347 0.735056 0.790609 0.857481 0.939182 1.000000 0.888053 0.800381 0.730065 0.672596 0.624910 0.584854 0.550870 0.521807 0.496794 0.475161 0.456388 0.440061 0.425853 0.413498 0.402784 0.393534 0.385608 0.378889 0.373285 0.368719 0.365133 0.362480 0.360729 0.359857 0.359854 0.360721 0.362466 0.365113 0.368693 0.373252 0.378850 0.385561 0.393479 0.402719 0.413424 0.425768 0.439963 0.456275 0.475032 0.496644 0.521634 0.550668 0.584616 0.624629 0.672260 0.729658 0.799878 0.887419 0.869211 0.812967 0.765292 0.724547 0.689499 0.659200 0.632912 0.610054 0.590161 0.572861 0.557853 0.544890 0.533772 0.524337 0.516452 0.510011 0.504930 0.501145 0.498609 0.497290 0.497173 0.498255 0.500551 0.504089 0.508911 0.515079 0.522674 0.531795 0.542572 0.555159 0.569749 0.586578 0.605936 0.628180 0.653754 0.683215 0.717266 0.695686 0.654943 0.620119 504.500000 1.476473 0.571226
0.926639 0.962601 0.951179 0.942167 0.935557 0.931267 0.929245 0.929466 0.931932 0.936674 0.943750 0.953247 0.965287 0.980026 0.997662 1.000000 0.955257 0.916459 0.882733 0.853385 0.827855 0.805693 0.786532 0.770073 0.756074 0.744335 0.734698 0.727037 0.721253 0.717275 0.715054 0.714562 0.715795 0.718766 0.723513 0.730093 0.738589 0.749112 0.761800 0.776829 0.782333 0.775224 0.770081 0.766842 0.765465 0.765936 0.768259 0.772463 0.778599 0.786744 0.797002 0.809506 0.824427 0.841975 0.862409 0.886047 0.898424 0.881568 0.867385 0.855679 0.846297 0.839118 0.834052 0.831037 0.830036 0.831037 0.834052 0.839118 0.846297 0.855679 0.867385 0.881568 0.898424 0.918192 0.941167 0.967714 0.987515 0.958939 0.934157 0.912768 0.894442 0.878914 0.865966 0.855425 0.847154 0.841048 0.837032 0.835055 0.835096 0.837153 0.841252 0.847443 0.855802 0.864573 0.837952 0.814826 0.794806 0.777574 0.762873 0.750491 0.740260 0.732044 0.725737 0.721261 0.718560 0.717602 0.718374 0.720887 0.725170 0.731277 0.739284 0.749293 0.754510 0.749839 0.747013 0.745999 0.746785 0.749380 0.753815 0.760144 0.768448 0.778833 0.791435 0.806425 0.824019 0.844476 0.868120 0.895346 8902.000000 1.202878 0.899866
0.738843 0.725478 0.714278 0.705091 0.697797 0.692304 0.688542 0.686465 0.686049 0.687288 0.690198 0.694813 0.701190 0.709411 0.719581 0.731836 0.746344 0.763315 0.783006 0.805733 0.831882 0.861932 0.896474 0.936250 0.900754 0.845057 0.797657 0.757019 0.721976 0.691626 0.665263 0.642327 0.622368 0.605027 0.590008 0.577073 0.566028 0.556714 0.549002 0.542791 0.538001 0.534570 0.532458 0.531638 0.532101 0.533852 0.536912 0.541319 0.547127 0.554412 0.563269 0.573538 0.568797 0.565485 0.563561 0.563001 0.563800 0.565966 0.569526 0.574525 0.581023 0.589107 0.598881 0.610480 0.624071 0.639857 0.658090 0.679076 0.703194 0.730914 0.762822 0.799658 0.842364 0.892159 0.950646 1.000000 0.945240 0.898218 0.857621 0.822430 0.791846 0.765232 0.742079 0.721974 0.704582 0.689631 0.676898 0.666202 0.657399 0.650371 0.645029 0.641307 0.639159 0.638558 0.639497 0.641988 0.646061 0.651766 0.659175 0.667176 0.647179 0.629818 0.614807 0.601911 0.590940 0.581737 0.574179 0.568166 0.563622 0.560489 0.558729 0.558321 0.559260 0.561557 0.565241 0.570356 0.576967 0.585160 0.595043 0.606752 0.620456 0.636362 0.654724 0.675853 0.700134 0.728045 0.760181 0.754562 1041.500000 1.386448 0.777588
0.755495 0.820610 0.900381 1.000000 0.964837 0.889355 0.826674 0.773988 0.729267 0.691005 0.658064 0.629569 0.604836 0.583325 0.564605 0.548329 0.534215 0.522037 0.511606 0.502771 0.495410 0.489423 0.484733 0.481280 0.479022 0.477931 0.477994 0.479212 0.481598 0.485184 0.490013 0.496146 0.503663 0.512666 0.523280 0.535660 0.549998 0.566526 0.585533 0.607374 0.632490 0.661434 0.694910 0.733817 0.779327 0.780534 0.738390 0.702168 0.670875 0.643737 0.620144 0.599614 0.581756 0.566255 0.552856 0.541351 0.531569 0.523373 0.516652 0.511317 0.507302 0.504554 0.503042 0.502746 0.503663 0.505804 0.509196 0.513879 0.519914 0.527378 0.536370 0.547015 0.559466 0.573912 0.590584 0.609766 0.631810 0.657150 0.686329 0.720036 0.759148 0.804803 0.858502 0.922260 0.982921 0.886825 0.809622 0.746439 0.693955 0.649828 0.612366 0.580309 0.552706 0.528827 0.508098 0.490070 0.474380 0.460740 0.448913 0.438709 0.429971 0.422573 0.416411 0.411403 0.407484 0.404605 0.402729 0.401834 0.401910 0.402956 0.404986 0.408024 0.412109 0.417292 0.423640 0.431240 0.440197 0.450642 0.462737 0.476680 0.492712 0.511135 0.532321 0.556739 0.584982 0.617810 0.656218 0.701520 3348.000000 1.338411 0.585402
0.793044 0.765564 0.741651 0.720871 0.702871 0.687364 0.674114 0.662933 0.653666 0.646190 0.640408 0.636247 0.633657 0.632606 0.633081 0.635088 0.638651 0.643814 0.650642 0.659221 0.669664 0.682113 0.696744 0.713773 0.733467 0.756152 0.782230 0.812197 0.846673 0.886435 0.932474 0.986061 0.963156 0.933208 0.907186 0.884649 0.865239 0.848663 0.834683 0.823106 0.813781 0.806585 0.801430 0.798250 0.797009 0.797690 0.800302 0.804876 0.811469 0.820163 0.831069 0.844331 0.850959 0.824907 0.802278 0.782693 0.765842 0.751474 0.739384 0.729406 0.721408 0.715288 0.710970 0.708399 0.707546 0.708399 0.710970 0.715288 0.721408 0.729406 0.739384 0.751474 0.744699 0.728593 0.714854 0.703287 0.693733 0.686066 0.680187 0.676022 0.673521 0.672653 0.673408 0.675794 0.679840 0.685597 0.693137 0.702555 0.713977 0.727558 0.743491 0.762015 0.783420 0.808067 0.836394 0.868950 0.906414 0.949646 0.999737 1.000000 0.958666 0.922748 0.891495 0.864303 0.840687 0.820250 0.802671 0.787687 0.775086 0.764694 0.756376 0.750024 0.745559 0.742926 0.742093 0.743051 0.745809 0.750403 0.756888 0.765346 0.775886 0.788646 0.803802 0.821571 0.842217 0.866067 0.860999 0.824631 2613.500000 1.240704 0.828854
0.584161 0.585408 0.588080 0.592210 0.597849 0.605068 0.613961 0.624646 0.637272 0.652022 0.669121 0.688846 0.711535 0.737607 0.767582 0.802110 0.842015 0.888351 0.942487 1.000000 0.950035 0.906906 0.869527 0.837043 0.808778 0.784186 0.762830 0.744351 0.728460 0.714920 0.703537 0.694158 0.686658 0.680941 0.676936 0.674593 0.665186 0.649835 0.636676 0.625516 0.616200 0.608601 0.602622 0.598186 0.595239 0.593744 0.593683 0.595055 0.597877 0.602184 0.608029 0.615486 0.624651 0.635648 0.648630 0.663785 0.681346 0.701598 0.721263 0.720378 0.721231 0.723831 0.728211 0.734424 0.742549 0.752688 0.764977 0.779584 0.796715 0.816628 0.814428 0.790877 0.770453 0.752826 0.737725 0.724930 0.714263 0.705580 0.698769 0.693743 0.690441 0.688821 0.688865 0.690573 0.693965 0.699083 0.705990 0.714774 0.725550 0.738462 0.749290 0.737460 0.727724 0.719954 0.714050 0.709938 0.707569 0.706912 0.707961 0.710727 0.715245 0.721570 0.729782 0.739986 0.752318 0.766947 0.784082 0.803981 0.826961 0.828549 0.790060 0.756730 0.727781 0.702595 0.680679 0.661635 0.645139 0.630929 0.618790 0.608548 0.600061 0.593217 0.587928 0.584127 0.581768 0.580821 0.581275 0.583136 6529.000000 1.124028 0.831441
0.878255 0.841169 0.808958 0.780935 0.756550 0.735360 0.717004 0.701191 0.687681 0.676280 0.666832 0.659210 0.653316 0.649077 0.646439 0.645372 0.645861 0.647913 0.651553 0.656825 0.663796 0.672553 0.683213 0.695920 0.710853 0.728234 0.748334 0.771487 0.798102 0.828686 0.863873 0.858512 0.819565 0.785809 0.756475 0.730949 0.708741 0.689455 0.672769 0.658420 0.646194 0.635919 0.627453 0.620685 0.615528 0.611918 0.609811 0.609181 0.610021 0.612340 0.616167 0.621548 0.628552 0.637269 0.647813 0.660329 0.674997 0.692037 0.711718 0.734372 0.760407 0.790331 0.824775 0.864535 0.910628 0.964366 1.000000 0.942876 0.893963 0.851826 0.815357 0.783694 0.756152 0.732183 0.711349 0.693291 0.677720 0.664398 0.653133 0.643769 0.636181 0.630269 0.625961 0.623203 0.621960 0.622219 0.623981 0.627269 0.632123 0.638603 0.646791 0.656795 0.668750 0.682823 0.699222 0.718201 0.740072 0.765218 0.794113 0.800930 0.776213 0.754741 0.736150 0.720146 0.706489 0.694983 0.685471 0.677827 0.671952 0.667774 0.665239 0.664318 0.665000 0.667292 0.671222 0.676840 0.684214 0.693440 0.704639 0.717963 0.733603 0.751790 0.772811 0.797018 0.824840 0.856815 0.893607 0.921084 1269.500000 1.149515 0.771684
0.712458 0.692068 0.674392 0.659145 0.646093 0.635049 0.625859 0.618399 0.612574 0.608309 0.605551 0.604268 0.604443 0.606079 0.609196 0.613831 0.620042 0.627908 0.637532 0.649044 0.662605 0.678413 0.696714 0.717807 0.742060 0.769930 0.801981 0.832749 0.783205 0.740910 0.704559 0.673154 0.645919 0.622243 0.601640 0.583718 0.568162 0.554716 0.543169 0.533352 0.525126 0.518381 0.513026 0.508994 0.506236 0.504716 0.504418 0.505336 0.507482 0.507389 0.500464 0.494902 0.490631 0.487598 0.485765 0.485110 0.485625 0.487316 0.490205 0.494326 0.499731 0.506489 0.514689 0.524443 0.535890 0.549201 0.564584 0.582298 0.602657 0.626055 0.652980 0.684047 0.720038 0.761965 0.811152 0.869366 0.939019 1.000000 0.924799 0.862049 0.809098 0.764010 0.725337 0.691978 0.663079 0.637972 0.616128 0.597121 0.580608 0.566311 0.554005 0.543503 0.534656 0.527343 0.521466 0.516950 0.513739 0.511793 0.511089 0.511617 0.513384 0.516412 0.511057 0.505668 0.501587 0.498763 0.497162 0.496764 0.497565 0.499573 0.502814 0.507328 0.513171 0.520418 0.529166 0.539535 0.551674 0.565766 0.582036 0.600760 0.622277 0.647010 0.675485 0.708366 0.746503 0.790994 0.762865 0.735913 3231.000000 1.302414 0.717680
0.631074 0.640038 0.650850 0.663661 0.678653 0.696054 0.716004 0.738593 0.764556 0.794394 0.828733 0.868361 0.914283 0.967795 1.000000 0.974852 0.953177 0.934649 0.918998 0.906010 0.895511 0.887365 0.881471 0.877756 0.876173 0.876705 0.879357 0.884161 0.891177 0.900492 0.912225 0.877424 0.818963 0.769544 0.727402 0.691215 0.659972 0.632890 0.609354 0.588873 0.571055 0.555582 0.542198 0.530692 0.520893 0.512662 0.505886 0.500478 0.496367 0.501660 0.518739 0.538365 0.560939 0.586965 0.617082 0.652114 0.693132 0.741563 0.799341 0.869154 0.908097 0.883075 0.861414 0.842773 0.826871 0.813481 0.802420 0.793542 0.786733 0.781908 0.779006 0.777994 0.778857 0.781608 0.786280 0.792929 0.801639 0.812522 0.825721 0.841417 0.859832 0.881242 0.905984 0.884700 0.865706 0.849515 0.835894 0.824659 0.815661 0.808785 0.803944 0.801079 0.800155 0.801161 0.804109 0.809036 0.796041 0.783258 0.772712 0.764263 0.757802 0.753249 0.750548 0.749665 0.750591 0.753336 0.757934 0.764441 0.772940 0.783538 0.754830 0.729692 0.707824 0.688840 0.672425 0.658324 0.646327 0.636265 0.628000 0.621426 0.616458 0.613034 0.611111 0.610667 0.611697 0.614212 0.618243 0.623840 1412.000000 1.230583 0.789265
0.913967 0.843435 0.784764 0.735382 0.693418 0.657483 0.626524 0.599730 0.576465 0.556228 0.538616 0.523308 0.510041 0.498601 0.488815 0.480541 0.473665 0.468095 0.463758 0.460600 0.458582 0.457680 0.457882 0.459191 0.461623 0.465207 0.469989 0.476028 0.483405 0.492218 0.502592 0.514679 0.528667 0.544785 0.563317 0.584613 0.609106 0.637344 0.670021 0.708027 0.752526 0.805063 0.867733 0.943449 0.911339 0.848765 0.796027 0.751163 0.712711 0.679562 0.650858 0.625927 0.604237 0.585363 0.568962 0.554755 0.542515 0.532058 0.523233 0.515919 0.510018 0.505454 0.502170 0.500126 0.499297 0.499671 0.501255 0.504067 0.508142 0.513531 0.520302 0.528544 0.538370 0.549918 0.563358 0.578902 0.596806 0.617389 0.641041 0.668251 0.699634 0.735970 0.778265 0.827834 0.886426 0.877676 0.817333 0.766481 0.723227 0.686158 0.654203 0.626535 0.602504 0.581598 0.563406 0.547596 0.533901 0.522101 0.512019 0.503508 0.496452 0.490757 0.486350 0.483175 0.481192 0.480379 0.480724 0.482233 0.484922 0.488826 0.493994 0.500490 0.508401 0.517833 0.528920 0.541826 0.556752 0.573946 0.593712 0.616426 0.642556 0.672692 0.707582 0.748191 0.795779 0.852023 0.919205 1.000000 5478.500000 1.106874 0.602264
0.620153 0.633253 0.648515 0.666175 0.686524 0.709920 0.736804 0.767726 0.803378 0.838665 0.821766 0.807442 0.795492 0.785756 0.778108 0.772449 0.768711 0.766848 0.766836 0.768676 0.772391 0.778024 0.785648 0.795357 0.807278 0.821571 0.838436 0.858119 0.865157 0.843036 0.823953 0.807618 0.793793 0.782286 0.772943 0.765644 0.760296 0.756832 0.755211 0.755413 0.757441 0.761318 0.767093 0.774836 0.784648 0.796655 0.811019 0.823557 0.790237 0.761271 0.736064 0.714138 0.695107 0.678656 0.664530 0.652519 0.642456 0.634202 0.627651 0.622719 0.619344 0.617485 0.617120 0.618243 0.620869 0.625030 0.630776 0.638181 0.647340 0.658374 0.671437 0.686717 0.704445 0.724905 0.748446 0.775499 0.806596 0.801514 0.786497 0.773863 0.763438 0.755085 0.748697 0.744193 0.741520 0.740643 0.741553 0.744261 0.748798 0.755222 0.763613 0.774078 0.786755 0.801819 0.819483 0.840012 0.863731 0.891037 0.922421 0.958489 1.000000 0.987285 0.925262 0.872548 0.827403 0.788505 0.754838 0.725604 0.700174 0.678045 0.658810 0.642140 0.627768 0.615476 0.605085 0.596453 0.589464 0.584027 0.580074 0.577556 0.576443 0.576721 0.578393 0.581480 0.586019 0.592067 0.599701 0.609021 4352.000000 1.326796 0.826969
0.903106 0.901325 0.875654 0.853403 0.834215 0.817798 0.803914 0.792371 0.783013 0.775722 0.770403 0.766993 0.765448 0.765750 0.767904 0.771934 0.777891 0.785849 0.795908 0.808200 0.815809 0.818801 0.823806 0.830887 0.840132 0.851660 0.865623 0.882213 0.901665 0.924271 0.950389 0.980456 0.957553 0.927129 0.900681 0.877756 0.857986 0.841067 0.826756 0.814855 0.805203 0.797677 0.792180 0.788646 0.787031 0.787315 0.789502 0.793619 0.799715 0.807867 0.818178 0.830784 0.845853 0.863598 0.884280 0.908218 0.935805 0.935518 0.920467 0.908045 0.898088 0.890470 0.885094 0.881894 0.880832 0.881894 0.885094 0.890470 0.898088 0.908045 0.920467 0.935518 0.928977 0.899973 0.874769 0.852937 0.834129 0.818061 0.804501 0.793264 0.784199 0.777191 0.772150 0.769015 0.767747 0.768332 0.770775 0.775108 0.781382 0.789677 0.800098 0.812782 0.822598 0.813172 0.805879 0.800627 0.797352 0.796013 0.796595 0.799104 0.803571 0.810050 0.818623 0.829399 0.842519 0.858162 0.876548 0.897949 0.922701 0.951212 0.983987 1.000000 0.973093 0.949825 0.929831 0.912815 0.898537 0.886802 0.877456 0.870380 0.865485 0.862712 0.862027 0.863421 0.866912 0.872541 0.880379 0.890524 15081.000000 1.033834 0.901024
0.866013 0.852400 0.841205 0.832279 0.825508 0.820807 0.818120 0.817413 0.818678 0.821930 0.827208 0.834579 0.844133 0.855995 0.870322 0.887311 0.907205 0.930304 0.956976 0.942729 0.913773 0.888620 0.866847 0.848110 0.832127 0.818672 0.807560 0.798643 0.791808 0.786968 0.784065 0.783063 0.783949 0.786735 0.791455 0.798165 0.806951 0.817925 0.831232 0.847053 0.842683 0.825351 0.810631 0.798317 0.788241 0.780273 0.774312 0.770282 0.768135 0.767844 0.769407 0.772842 0.778190 0.785519 0.794920 0.806516 0.820461 0.836948 0.856216 0.878559 0.904336 0.933989 0.946671 0.917338 0.891852 0.869782 0.850778 0.834555 0.820879 0.809563 0.800457 0.793444 0.788435 0.785370 0.784210 0.784942 0.787574 0.792139 0.798692 0.807316 0.818120 0.831247 0.846876 0.865228 0.886577 0.911256 0.939677 0.972346 1.000000 0.960290 0.925759 0.895708 0.869576 0.846907 0.827333 0.810552 0.796318 0.784433 0.774736 0.767102 0.761433 0.757659 0.755734 0.755635 0.757359 0.760929 0.766388 0.773804 0.783269 0.794908 0.808876 0.801618 0.795033 0.790445 0.787796 0.787054 0.788211 0.791281 0.796300 0.803331 0.812462 0.823810 0.837526 0.853799 0.872860 0.894998 0.901271 0.882226 1166.000000 1.027259 0.886319
0.802429 0.756120 0.716496 0.682381 0.652868 0.627251 0.604970 0.585581 0.568723 0.554106 0.541493 0.530692 0.521546 0.513926 0.507731 0.502881 0.499314 0.496819 0.495506 0.495389 0.496468 0.498756 0.502281 0.507087 0.513234 0.520801 0.529891 0.540629 0.553172 0.567710 0.584480 0.603769 0.625934 0.651418 0.680775 0.714705 0.754107 0.782395 0.765901 0.751862 0.740079 0.730392 0.722674 0.716826 0.712776 0.710473 0.709889 0.711018 0.713873 0.718489 0.724923 0.733255 0.743594 0.756075 0.770872 0.788196 0.808309 0.831531 0.830840 0.776281 0.730096 0.690669 0.656783 0.627508 0.602120 0.580049 0.560843 0.544136 0.529635 0.517101 0.506337 0.497186 0.489518 0.483229 0.478613 0.480140 0.482843 0.486755 0.491927 0.498423 0.506329 0.515753 0.526827 0.539716 0.554622 0.571790 0.591526 0.614205 0.640297 0.670391 0.705236 0.745797 0.793337 0.849535 0.916679 0.949717 0.867799 0.800666 0.744840 0.697863 0.657951 0.623779 0.594342 0.568867 0.546749 0.527510 0.510768 0.496214 0.483600 0.472721 0.463413 0.462616 0.476170 0.491762 0.509678 0.530276 0.553999 0.581411 0.613231 0.650393 0.694130 0.746100 0.808587 0.884825 0.979541 1.000000 0.921870 0.856979 2259.500000 1.198626 0.599071
0.777273 0.812817 0.853924 0.853405 0.825668 0.801547 0.780623 0.762554 0.747061 0.733919 0.722942 0.713983 0.706926 0.701681 0.698183 0.696389 0.696277 0.697846 0.701116 0.706125 0.712936 0.721635 0.732335 0.745179 0.760346 0.778057 0.798583 0.822255 0.849482 0.880769 0.916742 0.958185 0.963109 0.908025 0.860863 0.820237 0.785078 0.754553 0.728000 0.704894 0.684808 0.667398 0.652384 0.639538 0.628673 0.619639 0.612315 0.606607 0.602442 0.599768 0.598554 0.598785 0.600463 0.603608 0.608260 0.614476 0.622334 0.631939 0.643419 0.656936 0.672688 0.690919 0.711930 0.736087 0.763845 0.795772 0.832577 0.808058 0.786523 0.767909 0.751925 0.738335 0.726948 0.717609 0.710197 0.704616 0.700797 0.698694 0.698280 0.699551 0.702522 0.707230 0.713732 0.722111 0.732474 0.744960 0.759741 0.777030 0.797090 0.820241 0.846878 0.877488 0.912675 0.953195 1.000000 0.951893 0.896853 0.849766 0.809229 0.774163 0.743728 0.717257 0.694221 0.674192 0.656825 0.641837 0.629000 0.618126 0.609064 0.601692 0.595915 0.591660 0.588873 0.587522 0.587589 0.589075 0.591999 0.596396 0.602320 0.609847 0.619075 0.630128 0.643161 0.658363 0.675970 0.696267 0.719609 0.746430 1234.500000 1.254585 0.769681
0.814232 0.780217 0.750667 0.724955 0.702584 0.683148 0.666320 0.651835 0.639473 0.629059 0.620449 0.613530 0.608213 0.604430 0.602136 0.601303 0.601919 0.603994 0.607552 0.612636 0.619311 0.627662 0.637798 0.649859 0.664015 0.680477 0.699504 0.721414 0.746598 0.775539 0.808842 0.847266 0.867534 0.841615 0.819117 0.799666 0.782960 0.768752 0.756841 0.747066 0.739298 0.733439 0.729416 0.727179 0.726701 0.727976 0.731019 0.735869 0.742584 0.751249 0.761977 0.774909 0.790224 0.808143 0.828936 0.852937 0.880554 0.912290 0.948771 0.990777 1.000000 0.935277 0.880414 0.833529 0.793198 0.758333 0.728084 0.701782 0.678892 0.658985 0.641715 0.626798 0.614005 0.603147 0.594073 0.586660 0.580812 0.576454 0.573533 0.572012 0.571874 0.573115 0.575752 0.579817 0.585360 0.592451 0.601182 0.611670 0.624060 0.638533 0.655309 0.674659 0.696917 0.722494 0.751900 0.785775 0.824926 0.870391 0.923514 0.910969 0.881721 0.856292 0.834242 0.815213 0.798915 0.785110 0.773606 0.764249 0.756917 0.751518 0.747984 0.746273 0.746364 0.748258 0.751977 0.757568 0.765099 0.774667 0.786396 0.800443 0.817005 0.836324 0.858698 0.884492 0.914153 0.948236 0.899018 0.853498 894.000000 1.282742 0.769280
0.895669 0.887064 0.837061 0.794205 0.757260 0.725269 0.697483 0.673310 0.652275 0.633996 0.618161 0.604520 0.592865 0.583029 0.574876 0.568298 0.563211 0.559550 0.557270 0.559363 0.567060 0.576380 0.587449 0.600428 0.615509 0.632931 0.652987 0.676037 0.702529 0.733020 0.768212 0.809001 0.856544 0.912359 0.978476 0.991688 0.962778 0.937702 0.916049 0.897487 0.881744 0.868601 0.857880 0.849442 0.843179 0.839015 0.836898 0.836803 0.838728 0.842696 0.848757 0.856985 0.867485 0.880392 0.895880 0.914164 0.935511 0.933634 0.897445 0.865965 0.838570 0.814758 0.794121 0.776328 0.761108 0.748242 0.737550 0.728891 0.722152 0.717249 0.714121 0.712730 0.713058 0.715111 0.718912 0.724508 0.731970 0.741391 0.752896 0.740493 0.727489 0.716631 0.707773 0.700798 0.695619 0.692172 0.690413 0.690322 0.691898 0.695159 0.700146 0.706921 0.715568 0.726201 0.738962 0.738137 0.737248 0.738137 0.740815 0.745315 0.751691 0.760025 0.770422 0.783020 0.797991 0.815549 0.835957 0.859535 0.886681 0.917880 0.953736 0.995002 1.000000 0.973517 0.950632 0.930990 0.914301 0.900330 0.888889 0.879828 0.873032 0.868416 0.865925 0.865526 0.867216 0.871015 0.876969 0.885153 745.000000 1.179231 0.826086
0.812268 0.784348 0.760054 0.738947 0.720669 0.704931 0.691496 0.680171 0.670801 0.663262 0.657457 0.653313 0.650779 0.649824 0.650436 0.652623 0.656412 0.661848 0.669001 0.677961 0.688846 0.701805 0.717021 0.734721 0.755182 0.778745 0.805830 0.836955 0.797551 0.760166 0.727804 0.699702 0.675255 0.653982 0.635491 0.619470 0.605659 0.593850 0.583873 0.575589 0.568888 0.563683 0.559910 0.557521 0.556487 0.556796 0.558452 0.561474 0.565899 0.571784 0.579202 0.588250 0.599052 0.590262 0.582595 0.576496 0.571887 0.568710 0.566927 0.566515 0.567470 0.569803 0.573543 0.578736 0.585446 0.593762 0.603793 0.615677 0.629585 0.645728 0.664364 0.685808 0.710451 0.738777 0.771392 0.809058 0.852751 0.903735 0.963672 1.000000 0.932410 0.875353 0.826754 0.785059 0.749085 0.717918 0.690838 0.667277 0.646776 0.628967 0.613551 0.600285 0.588968 0.579441 0.571572 0.565258 0.560416 0.556988 0.554930 0.554217 0.554841 0.547516 0.539137 0.532274 0.526837 0.522757 0.519982 0.518479 0.518230 0.519231 0.521495 0.525049 0.529937 0.536221 0.543982 0.553323 0.564375 0.577296 0.592282 0.609576 0.629471 0.652334 0.678616 0.708885 0.743856 0.784443 0.831836 0.844358 710.500000 1.295398 0.756218
0.916560 0.836171 0.770452 0.715911 0.670088 0.631208 0.597953 0.569331 0.544575 0.523090 0.504405 0.488144 0.474005 0.461743 0.451159 0.442091 0.434406 0.427997 0.422778 0.418681 0.415655 0.413661 0.412676 0.412687 0.413696 0.415713 0.418763 0.422885 0.428130 0.434568 0.442283 0.451385 0.462006 0.474308 0.488493 0.504806 0.523551 0.545105 0.569942 0.598663 0.632034 0.671058 0.717059 0.771827 0.837838 0.875544 0.819213 0.771438 0.730592 0.695444 0.665052 0.638679 0.615745 0.595786 0.578430 0.563376 0.550378 0.539235 0.529786 0.521898 0.515465 0.510404 0.506649 0.504155 0.502891 0.502842 0.504006 0.506399 0.510050 0.515003 0.521321 0.529087 0.538405 0.549403 0.562244 0.577122 0.594280 0.614014 0.636690 0.662763 0.692802 0.727531 0.767871 0.815028 0.795421 0.740816 0.694794 0.655642 0.622085 0.593156 0.568106 0.546349 0.527420 0.510949 0.496636 0.484237 0.473556 0.464430 0.456729 0.450346 0.445197 0.441216 0.438351 0.436569 0.435846 0.436175 0.437560 0.440017 0.443576 0.448282 0.454195 0.461392 0.469971 0.480054 0.491790 0.505362 0.520995 0.538966 0.559618 0.583376 0.610778 0.642505 0.679435 0.722717 0.773880 0.835003 0.908987 1.000000 6856.500000 1.257086 0.593027
0.928395 1.000000 0.905472 0.829096 0.766305 0.713954 0.669809 0.632240 0.600030 0.572255 0.548199 0.527304 0.509124 0.493305 0.479560 0.467656 0.457404 0.448650 0.441267 0.435155 0.430232 0.426435 0.423716 0.419723 0.415436 0.412218 0.410030 0.408845 0.408648 0.409438 0.411223 0.414025 0.417880 0.422835 0.428955 0.436321 0.445036 0.455225 0.467042 0.480679 0.496367 0.514396 0.535121 0.558989 0.586565 0.618570 0.655941 0.699913 0.733402 0.723184 0.714945 0.708580 0.704009 0.701174 0.700042 0.700598 0.702850 0.706825 0.712571 0.720161 0.729691 0.741286 0.755105 0.771342 0.790238 0.754319 0.720982 0.692064 0.666921 0.645040 0.626010 0.609497 0.595229 0.582987 0.572589 0.563891 0.556774 0.551146 0.546935 0.544089 0.540152 0.528307 0.518192 0.509662 0.502599 0.496910 0.492522 0.489379 0.487443 0.486690 0.487111 0.488711 0.491510 0.495541 0.500856 0.507522 0.515626 0.525280 0.536620 0.549813 0.565068 0.560081 0.550707 0.542929 0.536642 0.531766 0.528238 0.526016 0.525072 0.525395 0.526988 0.529872 0.534081 0.539668 0.546704 0.555282 0.565517 0.577553 0.591570 0.607784 0.626465 0.647940 0.672617 0.701005 0.733740 0.771632 0.815722 0.867373 1731.500000 1.539012 0.731726
