40
1000 1000
8 17 47 23 36 36 35 46 40 56 46 45 60 38 64 28 58
6 -35 25 19 -1 51 2 88 18 62 86 -1 87
6 14 36 26 23 50 19 56 40 44 57 26 51
5 4 14 36 -13 66 30 33 67 0 46
8 19 10 25 5 42 10 45 18 44 34 24 48 9 41 5 24
4 17 74 85 21 137 84 88 122
4 147 -36 205 74 135 190 73 87
7 55 31 71 1 116 1 130 50 102 79 71 87 44 62
7 17 151 54 116 80 143 124 179 100 215 61 214 6 191
5 84 79 139 81 188 111 151 167 81 152
7 -5 17 36 -19 72 5 77 40 76 69 35 63 7 43
7 17 35 23 25 36 34 45 40 37 49 29 58 16 51
4 41 124 125 73 225 127 140 254
8 47 212 82 172 145 144 191 167 232 209 186 275 143 301 61 275
4 105 37 159 94 90 146 13 114
8 29 45 39 38 52 17 72 27 65 51 75 67 47 64 32 62
5 27 10 49 0 60 21 45 56 22 36
7 12 28 13 5 38 10 46 29 33 48 23 45 -1 46
3 7 48 119 105 32 184
7 2 9 18 -1 30 4 40 17 28 24 18 27 -2 20
8 19 34 30 19 52 34 59 51 50 66 33 68 9 73 9 50
6 46 30 72 -29 134 -20 179 38 137 97 93 75
5 22 17 50 -1 70 23 42 44 17 43
7 19 67 56 47 85 48 99 74 77 116 41 124 14 100
8 35 63 46 52 63 47 71 52 89 65 79 76 62 79 51 79
8 38 50 52 48 65 33 78 38 82 57 75 63 61 71 37 73
8 20 34 23 26 38 11 52 22 55 40 51 56 37 60 27 44
7 -6 70 50 14 107 36 159 109 97 155 50 163 -17 121
7 15 6 33 -9 62 -4 57 24 49 34 35 47 11 37
3 40 5 77 32 48 48
4 -4 28 44 -13 67 30 49 75
6 7 51 27 20 79 23 76 55 77 92 37 74
8 9 24 24 25 48 27 54 40 46 61 26 66 6 61 3 45
5 5 6 38 -1 64 21 38 55 11 35
4 185 115 255 222 175 291 48 250
3 129 46 200 77 124 122
6 59 46 91 19 131 70 84 115 51 120 17 76
4 67 -9 147 38 64 69 -5 42
8 48 4 78 -4 104 4 122 48 92 68 72 77 50 67 18 51
4 39 21 80 43 37 69 4 51
