45
1000 1000
3 54 31 119 82 46 105
8 39 59 75 53 96 79 120 92 103 115 76 146 48 132 15 98
7 60 79 93 79 122 89 140 109 129 148 98 134 69 125
3 109 -2 233 46 122 104
4 85 90 157 24 287 79 155 212
3 5 13 97 45 8 94
5 5 20 45 12 73 51 45 74 -7 72
7 6 59 27 52 44 55 64 67 45 81 32 89 8 75
7 46 45 62 32 76 35 91 50 77 70 59 68 45 58
7 4 29 14 21 26 22 34 33 26 45 12 49 4 43
4 72 154 136 120 211 175 151 222
8 9 50 37 34 50 26 78 36 95 66 74 79 51 92 28 87
7 1 17 14 4 27 13 35 23 26 33 11 39 -3 29
6 43 77 70 54 120 55 161 87 128 122 82 120
3 7 -3 42 15 4 31
4 41 15 59 44 38 73 23 47
7 -5 11 21 -1 37 6 56 24 35 42 16 39 -1 39
8 -5 32 20 5 47 7 80 11 89 39 64 67 36 77 24 56
6 23 107 48 34 137 65 197 115 151 173 72 207
4 -2 23 35 3 71 34 31 51
8 7 68 53 52 79 48 117 46 130 68 96 106 77 120 42 112
6 19 -3 35 -3 44 12 33 23 20 28 13 15
4 30 51 61 1 152 46 68 136
3 8 0 68 25 15 45
3 128 42 217 95 133 123
7 13 57 23 4 103 19 138 88 125 156 51 129 -10 111
5 4 15 27 14 51 27 31 49 2 51
4 -7 12 9 -7 23 13 9 33
8 114 173 125 156 150 148 178 148 195 173 190 206 156 206 128 210
7 11 16 37 -7 55 11 66 30 66 67 34 52 18 45
3 24 -5 50 20 19 55
3 36 28 91 51 43 71
8 -10 74 16 53 32 49 63 41 97 84 54 101 41 110 1 124
3 28 14 66 37 24 52
7 30 31 48 22 70 18 79 42 70 56 45 54 35 48
4 -6 20 11 1 40 20 7 39
6 26 29 53 11 81 15 97 34 97 67 61 60
3 69 76 211 138 54 220
6 38 28 51 13 72 11 97 29 71 44 46 63
8 29 7 45 -17 70 -10 58 16 63 35 40 43 20 40 18 22
5 49 79 115 42 207 100 112 199 38 151
8 28 24 43 20 73 23 68 45 69 71 52 70 18 72 30 48
8 3 30 1 5 24 8 31 17 35 29 48 51 16 56 -4 52
3 73 67 188 115 83 150
3 102 56 171 89 98 134
