40
1000 1000
7 -5 13 19 -2 45 10 59 23 39 46 21 44 9 37
6 19 62 20 7 98 30 136 72 138 161 41 106
3 25 -3 49 15 22 41
8 14 42 28 22 48 16 62 20 72 48 61 71 38 74 26 60
7 -10 32 35 6 90 12 90 69 61 86 28 110 -4 77
3 91 16 221 109 93 195
7 77 44 102 37 125 39 165 70 129 92 106 99 72 80
6 43 33 58 30 73 46 58 56 38 55 26 47
7 52 40 66 33 82 38 93 47 83 65 62 68 50 63
6 78 37 127 11 175 79 110 122 59 137 37 79
8 -7 40 20 23 43 17 81 10 77 42 75 73 44 80 -2 80
5 23 23 39 11 44 35 38 47 15 47
5 7 18 88 -41 155 50 87 148 21 84
3 33 106 134 200 44 263
6 114 156 146 109 221 92 244 175 219 244 170 219
6 3 -9 27 0 39 19 24 30 8 30 -5 17
5 9 36 69 29 80 59 72 105 17 80
3 31 22 64 39 27 66
8 16 21 28 24 39 27 46 36 40 49 29 53 18 48 12 39
8 13 36 19 22 31 20 44 21 52 39 38 43 26 57 18 52
8 -10 14 -3 -4 24 -7 46 -12 47 19 35 31 24 55 -5 41
8 12 21 29 7 35 -3 47 13 55 21 61 37 37 49 28 35
3 59 61 120 95 59 139
6 -28 113 34 63 107 39 156 109 96 201 6 181
7 9 32 22 16 47 15 68 48 51 67 15 93 -14 64
7 3 27 39 -4 76 18 89 42 68 66 40 78 2 77
8 39 45 47 30 65 44 72 58 58 66 51 74 41 65 24 57
4 25 -7 57 21 32 43 -6 23
4 72 48 118 82 81 120 44 88
3 136 121 213 179 118 213
4 120 53 187 108 124 137 93 107
8 6 43 13 35 20 32 32 37 36 44 35 54 23 57 13 53
5 0 5 23 -1 44 20 25 49 -9 32
6 71 114 78 59 130 90 167 114 136 182 85 176
7 27 25 67 24 99 29 118 59 109 94 64 94 20 72
7 -4 13 7 7 23 -4 35 22 23 29 10 38 -7 26
4 38 46 85 25 109 55 89 78
8 14 17 13 -6 31 7 40 10 56 16 45 38 25 43 17 36
6 44 75 76 77 90 110 77 126 49 130 32 109
5 9 2 25 -1 36 16 24 25 7 20
