30
1000 1000
4 87 42 121 71 86 90 45 72
5 49 55 82 47 118 67 91 94 52 89
4 119 41 171 97 120 166 76 106
4 28 11 48 29 24 45 9 32
4 200 332 309 255 404 354 308 398
6 -14 9 -3 -10 29 -6 42 19 28 42 6 34
8 0 18 23 7 67 8 77 56 72 81 38 128 1 89 -12 56
6 12 1 30 -1 51 18 37 32 11 35 6 19
8 22 37 15 13 46 22 58 25 86 48 66 56 43 65 37 56
7 -6 21 14 10 26 14 36 27 25 44 10 46 -1 41
5 31 26 64 -5 118 35 63 82 15 80
6 45 71 88 44 142 30 171 85 138 104 80 129
7 12 72 70 56 109 60 168 108 123 138 72 136 13 128
5 122 163 212 133 245 215 211 264 136 231
7 23 31 38 15 86 9 83 39 72 82 44 63 6 60
8 -5 2 14 9 31 1 32 20 33 42 13 53 2 32 -5 23
8 -1 20 12 11 24 12 37 5 39 22 36 43 20 35 12 30
5 24 19 50 10 72 30 53 49 28 43
3 49 39 159 99 51 153
5 13 12 35 2 49 25 29 43 11 32
8 36 72 53 60 88 55 103 57 123 85 99 103 82 112 51 105
5 56 14 109 4 140 46 110 90 58 79
4 -8 90 41 61 72 96 30 141
6 34 38 59 34 69 49 57 69 40 59 25 55
7 6 15 30 -4 54 -3 68 25 49 54 24 69 0 54
4 3 187 92 122 178 192 92 262
8 121 141 143 149 177 144 196 176 184 211 144 214 110 213 97 180
3 88 103 170 154 68 224
4 26 19 58 40 30 64 -7 42
4 12 30 40 20 64 35 41 53
