60
1000 1000
5 31 1 91 -21 112 45 91 96 41 56
4 101 109 146 160 112 217 57 163
8 27 47 78 5 115 45 185 103 121 158 66 166 25 179 3 102
4 16 -4 31 14 17 30 -1 18
6 -13 35 17 16 60 -8 66 47 43 66 10 62
4 73 58 98 84 64 108 37 91
3 80 91 184 141 71 181
4 -7 16 32 -3 52 26 30 51
7 -10 16 9 3 29 11 41 28 26 45 12 48 -8 46
8 14 22 42 19 64 28 88 58 62 62 46 94 33 67 8 50
3 7 -5 72 22 3 39
6 81 66 111 41 172 8 222 76 180 142 88 149
4 57 28 107 52 61 77 27 55
4 62 0 126 56 74 94 14 60
6 -3 51 8 -6 58 20 96 61 78 107 11 94
6 75 52 91 51 108 77 99 93 69 99 51 77
7 6 14 13 -12 36 -4 50 24 41 40 11 42 -10 34
3 67 31 269 136 79 234
3 5 -7 38 13 0 33
7 38 48 52 31 98 27 100 58 83 100 58 99 22 74
8 20 24 33 -1 52 11 63 41 53 57 25 60 9 51 5 39
3 44 16 85 33 33 66
4 -3 16 22 -11 58 14 23 48
7 29 13 46 9 64 6 66 30 60 42 47 44 27 37
6 66 51 90 55 107 70 90 96 63 102 49 77
4 14 1 34 22 20 41 -5 22
8 -3 14 -3 4 9 -5 19 4 18 15 21 29 9 31 -3 25
7 102 76 123 65 141 71 149 96 149 120 125 123 93 108
4 4 117 101 50 193 112 91 195
6 77 -3 184 2 216 53 171 159 112 123 53 79
7 7 67 33 45 52 67 76 81 54 96 35 94 3 92
3 21 21 70 56 23 81
7 1 -2 18 -8 43 -7 49 13 34 32 21 44 3 28
8 35 60 72 54 109 66 124 103 100 128 71 166 48 136 1 110
7 132 241 165 192 204 233 238 271 202 300 158 306 139 276
3 32 19 79 43 29 60
8 10 42 25 21 42 12 52 32 77 41 61 72 45 63 23 67
6 27 122 86 66 132 87 217 129 164 198 60 216
4 76 134 127 103 151 135 128 182
4 15 50 36 3 101 56 41 107
8 -9 19 9 14 16 4 29 5 40 22 36 36 20 34 10 28
5 23 4 57 -8 74 25 63 53 27 48
6 41 25 53 13 76 13 87 24 77 46 54 43
3 29 -36 152 26 49 72
3 102 62 152 90 93 132
4 96 66 163 123 107 188 2 133
4 115 134 164 194 135 279 31 208
3 37 19 101 45 47 82
4 6 49 33 31 62 58 35 81
8 -5 10 26 1 52 0 72 24 55 51 27 54 -2 58 -13 35
7 86 73 114 46 143 51 183 91 151 132 111 135 84 120
7 -2 70 28 53 61 55 61 83 60 110 32 105 19 90
6 35 -4 75 8 102 29 90 74 46 71 33 37
8 25 57 25 28 66 32 98 42 109 61 113 91 70 122 39 92
4 126 25 192 87 123 117 67 79
5 43 22 70 0 83 30 64 55 36 46
5 36 27 63 25 75 40 59 56 37 57
5 85 128 189 79 279 152 184 243 113 236
4 21 17 47 24 22 41 -6 28
5 9 14 24 1 37 23 25 41 9 28
