35
1000 1000
3 7 -9 37 17 6 39
4 36 6 56 34 40 53 20 33
6 76 113 112 112 134 142 133 207 67 182 37 157
6 48 64 91 29 144 21 178 60 122 93 78 131
5 -1 21 27 15 40 31 23 50 5 45
8 12 12 32 9 53 -1 57 37 56 53 30 48 1 58 -10 33
5 53 70 101 45 132 87 108 125 62 118
4 43 -7 108 24 49 65 -15 36
8 1 -3 31 -7 42 9 63 15 46 31 31 52 8 47 13 22
3 9 -16 113 43 5 91
5 89 91 136 87 192 133 140 181 84 162
7 4 16 16 -2 28 13 42 27 29 33 15 46 -2 37
8 28 34 67 19 109 23 115 57 109 91 67 102 43 98 19 64
5 4 26 36 19 76 42 37 69 6 65
8 15 50 40 38 62 47 58 69 48 76 38 92 23 77 18 66
7 -13 19 8 -3 23 17 37 29 24 42 8 59 -19 42
8 104 36 135 21 156 30 174 58 166 84 125 98 99 99 78 67
4 44 -10 78 44 32 80 -24 40
7 -9 11 7 5 19 10 27 24 15 30 7 32 -7 32
3 55 58 96 81 52 110
8 29 0 62 15 89 18 88 39 106 77 64 83 27 67 13 48
8 -14 77 37 43 76 39 102 41 139 80 137 134 63 119 25 126
7 38 26 48 18 59 20 68 33 60 47 45 46 37 42
4 47 166 138 95 264 187 140 251
6 52 86 114 41 140 136 109 202 46 176 -2 133
5 3 13 27 -5 33 20 22 47 -11 38
5 15 114 139 82 187 155 126 215 60 203
5 48 107 68 100 91 119 70 145 44 135
3 19 24 112 78 39 104
5 17 14 37 -2 48 22 31 41 16 26
5 4 40 41 -2 94 60 42 100 9 80
8 0 40 20 -8 77 4 111 -13 139 31 105 76 73 97 21 116
3 64 27 104 50 68 80
7 53 47 49 -23 113 28 137 52 109 89 72 113 18 89
5 25 37 45 27 58 48 45 63 20 66
