40
1000 1000
6 -16 83 25 44 66 42 99 83 54 114 22 142
5 51 102 79 106 100 118 76 142 46 142
7 -16 52 37 23 84 40 106 72 65 119 30 126 -4 111
7 2 19 10 14 29 15 43 27 27 46 14 40 -5 43
5 3 52 37 41 73 64 44 102 3 88
3 134 116 234 157 139 205
4 14 59 84 3 163 75 94 143
8 14 94 14 52 62 72 105 53 99 93 78 119 68 158 42 120
7 5 -3 21 -12 48 -13 45 14 38 31 24 40 12 20
7 -12 21 18 0 31 19 39 32 43 57 11 57 2 43
8 -5 9 8 -2 19 2 32 -4 40 16 28 20 20 27 9 23
4 78 22 142 69 80 115 -7 76
3 52 21 104 58 57 92
8 9 35 14 3 53 -10 81 7 114 48 84 75 60 82 18 70
7 23 14 64 -31 89 13 120 34 95 69 43 97 11 77
3 52 58 111 66 46 105
4 13 32 45 8 64 33 36 56
6 10 23 35 22 60 36 38 68 18 59 -9 42
6 -25 61 9 6 72 23 134 49 76 137 12 117
6 46 50 55 50 69 59 62 79 39 75 31 63
6 42 80 51 47 102 50 133 75 97 115 56 123
4 27 38 82 11 142 34 92 83
4 166 -19 235 83 168 118 128 67
5 10 27 65 13 111 59 80 104 11 82
8 -22 3 31 -14 59 16 83 35 61 87 34 70 5 59 -17 47
6 50 69 91 4 181 4 196 64 165 151 91 155
4 11 37 43 20 73 36 42 81
4 13 35 36 25 66 35 36 53
6 8 20 20 9 36 11 46 20 38 34 21 35
5 11 17 21 11 31 23 24 39 0 33
3 23 22 71 43 24 68
7 4 56 16 40 45 42 59 70 47 100 24 99 9 79
4 35 -2 65 24 31 39 12 21
7 25 72 94 44 157 43 151 95 127 144 92 149 37 124
4 88 125 114 148 93 174 43 150
5 205 97 277 50 302 119 270 176 223 144
6 8 4 56 5 73 34 61 69 12 77 -6 41
4 76 139 186 258 77 362 25 254
5 18 60 46 55 65 79 41 95 16 93
6 29 41 32 10 60 25 96 46 63 71 30 73
