55
1000 1000
8 16 29 32 26 47 35 59 48 41 59 29 79 8 73 12 50
8 -1 17 5 11 10 0 23 5 27 20 28 31 13 32 -3 36
4 56 7 96 34 54 59 39 34
7 27 29 28 10 58 20 71 43 54 55 35 51 26 43
3 14 44 107 94 18 127
6 6 26 27 -1 49 4 64 21 63 52 23 56
4 34 87 70 67 103 79 76 121
3 31 -28 85 26 28 66
3 10 1 61 21 20 48
7 39 56 47 39 72 34 84 64 67 80 50 102 37 67
8 22 2 37 -4 73 -8 62 14 54 32 45 36 8 42 10 20
8 86 49 158 29 209 23 197 99 182 141 149 143 98 145 69 105
4 133 54 253 150 135 204 17 153
5 6 23 62 29 127 50 71 98 28 89
7 81 34 120 29 147 30 172 55 150 79 116 86 80 73
8 4 41 27 31 48 13 71 17 81 37 64 59 42 66 16 69
5 21 141 132 103 191 192 144 290 68 227
3 21 8 56 22 12 40
4 166 70 194 128 154 178 128 129
6 81 173 97 132 153 137 149 174 157 219 96 228
8 119 165 149 141 181 135 203 138 237 181 207 206 172 223 148 207
8 -3 5 11 5 24 8 31 18 23 28 13 34 0 31 -10 22
7 69 53 81 38 124 31 136 59 118 105 75 127 65 80
6 67 108 80 25 173 49 179 116 178 178 88 178
6 116 22 212 21 256 101 238 174 129 169 106 102
8 64 56 82 56 98 51 104 79 100 96 82 100 54 94 49 78
7 12 28 22 20 36 32 50 41 41 59 28 62 13 50
5 11 41 71 16 85 78 66 105 23 104
7 117 114 135 59 178 114 213 131 196 186 153 176 84 159
6 -17 32 13 1 43 2 75 29 41 73 5 64
7 -1 25 12 24 26 15 28 34 26 50 12 56 -4 40
7 -11 2 5 -13 29 -1 36 16 27 26 5 32 -12 21
8 -6 23 11 -1 60 1 81 13 120 24 96 60 58 99 22 73
4 24 4 58 23 21 51 -4 32
6 5 4 45 7 76 27 57 80 -3 79 -5 40
8 26 54 38 35 51 36 74 41 83 52 75 73 50 82 34 75
6 -15 46 12 30 40 21 55 55 34 82 12 66
4 17 35 38 18 59 37 39 62
6 10 14 29 14 40 26 35 46 7 54 4 33
6 28 116 58 84 110 83 150 130 153 196 57 163
7 -12 20 17 -5 60 -7 95 46 62 76 21 80 -1 65
6 20 28 36 16 58 40 38 67 16 58 -5 45
6 22 50 42 35 59 33 76 56 67 75 40 78
7 38 31 56 15 67 22 69 37 68 50 56 54 43 47
3 36 10 86 38 37 62
7 9 10 22 -10 42 8 67 22 42 37 22 55 16 34
5 -8 12 50 -19 102 46 48 112 -3 84
4 22 1 39 17 18 38 3 21
4 81 -5 140 58 68 97 4 73
8 13 18 22 6 38 27 46 36 50 53 25 50 15 52 -2 35
6 10 14 61 16 99 39 47 76 19 88 -26 56
3 129 81 250 151 135 194
7 4 8 50 -13 72 14 126 43 85 104 40 68 -1 64
4 -12 149 109 68 194 146 117 247
3 -3 -4 91 35 9 63
