50
1000 1000
8 29 0 50 -9 81 4 137 28 95 68 60 78 27 60 -13 38
7 26 27 79 12 102 15 146 43 124 90 71 95 20 72
5 82 69 128 24 175 96 138 147 86 121
4 83 50 116 86 80 113 36 95
7 11 21 33 12 54 14 66 38 52 59 25 71 11 55
3 36 -1 105 36 25 79
4 -18 23 28 -12 87 25 39 63
8 -30 68 26 46 45 37 104 23 102 65 98 124 52 125 12 106
4 77 9 107 33 77 72 51 41
6 55 -13 90 8 118 41 89 66 59 64 18 43
7 0 13 17 -1 30 8 27 19 30 36 12 39 3 31
4 -10 67 39 -6 103 80 43 139
6 -9 28 12 13 28 17 50 29 28 55 5 56
3 75 22 140 72 30 151
3 71 98 131 129 79 155
8 12 42 25 32 38 23 56 36 74 44 55 55 43 64 24 61
6 9 19 29 7 38 27 23 53 6 44 -16 35
3 9 1 55 27 8 42
4 23 25 51 4 79 25 51 54
5 2 0 27 -8 48 10 26 38 -7 29
7 18 31 29 21 48 13 51 36 50 53 33 64 20 42
5 7 22 32 2 54 34 36 54 4 46
7 -6 17 8 11 25 14 31 26 21 37 11 44 0 34
5 4 -3 31 -14 47 9 30 29 8 28
3 133 99 224 191 136 220
3 259 172 457 262 297 373
3 22 21 68 50 18 80
6 27 5 110 28 139 77 130 125 56 114 18 73
3 27 -1 130 64 39 111
6 29 -30 92 9 122 51 95 105 50 97 19 50
6 115 91 162 90 186 116 162 160 123 157 100 126
4 10 21 37 8 65 26 39 61
4 27 -15 59 18 34 29 9 17
7 6 9 27 -8 46 -3 55 15 48 38 29 29 14 25
7 79 66 107 58 126 73 146 85 125 108 108 106 71 105
6 43 68 153 88 170 165 141 212 62 239 45 173
5 8 24 42 8 65 38 39 67 4 59
4 -2 27 23 10 40 25 26 50
6 7 15 25 -6 45 4 64 18 49 37 19 38
4 74 -7 116 44 69 69 44 38
8 175 191 215 161 243 140 284 125 318 205 271 218 245 257 175 235
8 46 49 57 28 67 -8 91 27 136 54 113 80 83 110 48 72
5 39 30 66 17 89 46 59 83 24 61
3 113 61 211 132 109 197
3 35 43 87 69 26 96
4 2 33 61 -10 119 33 56 77
7 85 56 113 52 138 64 145 86 148 121 122 111 91 99
5 10 46 77 44 118 84 70 127 7 122
8 14 24 14 16 31 10 39 18 41 27 42 46 33 54 14 42
8 -2 46 2 34 22 28 31 33 37 49 32 56 18 60 6 62
