35
1000 1000
4 23 19 56 42 27 71 -12 51
6 51 92 59 60 104 52 141 100 110 138 54 144
5 -4 17 29 17 41 33 29 61 -8 54
8 21 97 39 84 67 58 99 62 126 100 105 133 77 144 36 128
6 -7 54 24 19 48 31 92 54 57 101 25 95
8 28 72 49 73 64 79 73 92 69 107 51 104 34 104 39 92
3 20 7 87 50 37 76
7 0 21 19 23 43 14 41 34 38 58 17 51 2 49
8 14 34 19 19 27 11 50 16 56 27 42 49 31 70 0 51
5 48 42 122 39 181 89 112 200 23 139
8 68 64 85 14 140 14 216 10 222 71 200 145 143 161 114 118
6 33 26 110 17 134 88 91 114 28 138 42 88
6 -18 31 18 14 61 -13 81 41 62 104 12 69
6 -8 56 41 31 70 37 112 64 82 111 34 111
7 4 6 20 -2 32 0 52 16 33 27 22 24 2 19
3 8 33 71 54 12 87
3 72 81 115 121 73 139
3 58 42 105 74 64 97
3 201 90 346 167 137 302
4 6 38 34 12 67 41 34 88
8 7 24 25 19 58 18 93 61 67 78 32 85 1 79 -30 64
5 9 24 26 15 42 38 31 56 3 45
7 0 28 25 12 61 15 76 40 59 66 31 61 -3 57
4 21 4 37 24 22 41 -2 23
8 -11 33 2 12 30 -10 57 11 60 35 59 75 34 86 8 65
8 8 34 40 7 60 19 66 49 51 74 28 93 -4 89 -9 60
3 147 111 265 160 148 217
8 8 8 19 -2 34 10 35 24 42 43 23 36 8 38 6 25
6 87 107 167 49 207 170 209 256 86 219 66 163
8 30 51 48 21 79 14 97 30 127 54 116 96 89 90 37 80
8 31 187 64 170 94 138 136 160 150 189 126 220 93 256 65 228
5 69 62 92 49 118 77 97 100 68 89
4 19 -9 59 26 21 60 -12 32
3 22 2 47 24 16 48
5 -8 20 46 11 86 39 48 85 -9 77
