0.754063 0.733106 0.714958 0.699331 0.685990 0.674743 0.665437 0.657947 0.652178 0.648056 0.645532 0.644574 0.645171 0.647330 0.651077 0.656458 0.663541 0.672416 0.683200 0.696040 0.711118 0.728657 0.748933 0.772284 0.799125 0.829970 0.865461 0.906404 0.953825 1.000000 0.952232 0.910914 0.875053 0.843864 0.816722 0.793123 0.772658 0.754996 0.739866 0.727048 0.716363 0.707667 0.700848 0.695819 0.692519 0.690906 0.690962 0.692686 0.696100 0.701246 0.708187 0.717012 0.727835 0.740801 0.756093 0.773932 0.794595 0.818417 0.845812 0.877291 0.891339 0.859638 0.832050 0.808065 0.787266 0.769319 0.753947 0.740927 0.730079 0.721256 0.714344 0.709256 0.705928 0.704321 0.704413 0.706208 0.709725 0.713255 0.700920 0.690640 0.682278 0.675724 0.670895 0.667732 0.666197 0.666270 0.667952 0.671263 0.676246 0.682960 0.691491 0.701951 0.714480 0.729253 0.746486 0.766444 0.789453 0.815912 0.846317 0.881280 0.921572 0.968170 0.973610 0.933774 0.899151 0.869022 0.842812 0.820053 0.800370 0.783452 0.769049 0.756956 0.747010 0.739079 0.733062 0.728884 0.726494 0.725862 0.726981 0.729865 0.734548 0.741089 0.749569 0.760098 0.772815 0.787896 0.805556 0.778183 1231.500000 1.091964 0.814350
0.922656 0.858337 0.804211 0.758226 0.718853 0.684936 0.655583 0.630099 0.607931 0.588640 0.571871 0.557336 0.544802 0.534078 0.525008 0.517467 0.511353 0.506589 0.503114 0.500884 0.499873 0.500068 0.501472 0.504102 0.507989 0.513184 0.519750 0.527775 0.537366 0.548658 0.561818 0.577049 0.594601 0.614781 0.637971 0.664643 0.658963 0.644746 0.632622 0.622418 0.613993 0.607236 0.602061 0.598403 0.596217 0.595476 0.596171 0.598311 0.601922 0.607048 0.613753 0.622124 0.632270 0.644331 0.658478 0.674922 0.693924 0.715801 0.740945 0.769842 0.803098 0.841475 0.885946 0.937765 0.937973 0.873910 0.819888 0.773912 0.734493 0.700502 0.671062 0.645490 0.623241 0.603882 0.587060 0.572492 0.559946 0.549233 0.540198 0.532719 0.526696 0.522051 0.518726 0.516680 0.515888 0.516340 0.518042 0.521015 0.525295 0.530935 0.538008 0.546607 0.556848 0.568877 0.582873 0.599054 0.617689 0.639111 0.635909 0.621789 0.609719 0.599526 0.591069 0.584234 0.578935 0.575104 0.572694 0.571676 0.572036 0.573781 0.576930 0.581523 0.587616 0.595288 0.604638 0.615794 0.628914 0.644190 0.661860 0.682218 0.705621 0.732514 0.763451 0.799126 0.840423 0.888477 0.944774 1.000000 2111.000000 1.545119 0.719456
0.904446 0.888457 0.875096 0.864181 0.855571 0.849157 0.844858 0.842622 0.842422 0.844256 0.848145 0.854138 0.862307 0.854962 0.825540 0.799938 0.777694 0.758431 0.741843 0.727681 0.715742 0.705860 0.697907 0.691779 0.687398 0.684713 0.683688 0.684313 0.686595 0.690561 0.696260 0.703764 0.713168 0.724596 0.738204 0.754184 0.772774 0.794265 0.819016 0.847466 0.841518 0.818500 0.798580 0.781445 0.766838 0.754552 0.744418 0.736303 0.730103 0.725740 0.723161 0.722335 0.723250 0.725919 0.730374 0.736669 0.744884 0.755124 0.767524 0.782254 0.782399 0.782919 0.785333 0.789671 0.795985 0.804354 0.814885 0.827716 0.843020 0.861015 0.881966 0.906199 0.893265 0.870358 0.850595 0.833673 0.819347 0.807417 0.797724 0.790141 0.784574 0.780953 0.779234 0.779395 0.781440 0.785393 0.791302 0.799240 0.809309 0.821639 0.836397 0.853790 0.874071 0.897555 0.880010 0.832756 0.792130 0.757022 0.726570 0.700095 0.677055 0.657016 0.639625 0.624597 0.611699 0.600741 0.591569 0.584058 0.578111 0.573652 0.570625 0.568994 0.568738 0.580908 0.599483 0.620831 0.645367 0.673613 0.706223 0.744034 0.788130 0.839933 0.901349 0.974989 1.000000 0.970685 0.945252 0.923285 7591.500000 1.226878 0.817050
0.933675 0.989487 0.965971 0.936494 0.910893 0.888738 0.869680 0.853436 0.839773 0.828506 0.819484 0.812594 0.807748 0.804888 0.803977 0.805006 0.807986 0.812954 0.819972 0.829126 0.840535 0.824782 0.798680 0.775991 0.756328 0.739374 0.724871 0.712610 0.702421 0.694168 0.687744 0.683068 0.680083 0.678752 0.679059 0.681007 0.684621 0.689944 0.697043 0.706008 0.716957 0.730037 0.745432 0.763369 0.784126 0.795501 0.784988 0.776596 0.770216 0.765771 0.763205 0.762486 0.763607 0.766581 0.771443 0.778255 0.787101 0.798095 0.811383 0.827147 0.835781 0.813993 0.795180 0.779051 0.765371 0.753947 0.744627 0.737290 0.731841 0.728214 0.726363 0.726268 0.727926 0.731357 0.736604 0.743731 0.752829 0.764015 0.777440 0.793291 0.811798 0.833244 0.857978 0.886425 0.919114 0.956698 1.000000 0.975452 0.930444 0.891460 0.857594 0.828128 0.802490 0.780214 0.760925 0.744317 0.730140 0.718191 0.708305 0.700352 0.694229 0.689861 0.683089 0.668761 0.656570 0.646346 0.637948 0.631268 0.626218 0.622737 0.620782 0.620329 0.621372 0.623924 0.628017 0.633700 0.641046 0.650149 0.661129 0.674139 0.689365 0.707037 0.727438 0.750914 0.777892 0.808903 0.844607 0.885842 2101.000000 1.110590 0.843005
0.729678 0.763283 0.802159 0.847359 0.900254 0.892351 0.865507 0.842200 0.822044 0.804724 0.789982 0.777611 0.767441 0.759340 0.753203 0.748954 0.746542 0.745936 0.747130 0.750138 0.754996 0.761765 0.770529 0.781401 0.794526 0.810085 0.828300 0.849447 0.806896 0.762372 0.724157 0.691176 0.662596 0.637760 0.616150 0.597348 0.581018 0.566886 0.554731 0.544369 0.535654 0.528467 0.522713 0.518318 0.515227 0.513402 0.512821 0.513478 0.515379 0.518548 0.523024 0.528863 0.536140 0.544951 0.555418 0.567688 0.581947 0.598419 0.617381 0.639175 0.664222 0.693051 0.726324 0.764889 0.809839 0.862610 0.925122 1.000000 0.969994 0.924127 0.884436 0.849978 0.820006 0.793922 0.771248 0.751593 0.734641 0.720134 0.707860 0.697651 0.689368 0.682907 0.678183 0.675140 0.673740 0.673966 0.675821 0.679327 0.684528 0.691487 0.700294 0.711063 0.723940 0.739105 0.756781 0.777242 0.800822 0.792488 0.754937 0.722445 0.694238 0.669704 0.648353 0.629792 0.613702 0.599822 0.587941 0.577887 0.569520 0.562728 0.557423 0.553538 0.551026 0.549854 0.550010 0.551495 0.554327 0.558541 0.564189 0.571343 0.580096 0.590566 0.602900 0.617280 0.633926 0.653112 0.675173 0.700524 4585.000000 1.397252 0.753568
0.651663 0.709303 0.780190 0.869146 0.983672 1.000000 0.904993 0.828295 0.765281 0.712772 0.668514 0.630862 0.598590 0.570767 0.546674 0.525748 0.507543 0.491701 0.477935 0.466010 0.455738 0.446962 0.439556 0.433419 0.428470 0.424643 0.421891 0.420181 0.419491 0.419813 0.421151 0.423521 0.426952 0.431487 0.437184 0.444118 0.452382 0.462094 0.473398 0.486471 0.501528 0.518837 0.538728 0.561611 0.588004 0.618564 0.654137 0.690356 0.660763 0.635070 0.612722 0.593273 0.576367 0.561713 0.549076 0.538264 0.529119 0.521515 0.515350 0.510545 0.507039 0.504789 0.503766 0.503960 0.505371 0.508018 0.511933 0.517163 0.523777 0.531860 0.541521 0.552897 0.566154 0.581497 0.599179 0.619509 0.642870 0.669739 0.700714 0.736553 0.778232 0.827023 0.884614 0.911675 0.813523 0.736052 0.673534 0.622187 0.579411 0.543363 0.512701 0.486424 0.463771 0.444157 0.427122 0.412302 0.399406 0.388199 0.378491 0.370126 0.362979 0.356946 0.351944 0.347907 0.344783 0.342533 0.341128 0.340551 0.340796 0.341866 0.343773 0.346541 0.350204 0.354810 0.360418 0.367106 0.374966 0.384116 0.394698 0.406888 0.420901 0.437004 0.455529 0.476894 0.501630 0.530420 0.564158 0.604033 1443.000000 1.622097 0.554019
1.000000 0.913043 0.841865 0.782731 0.733010 0.690792 0.654665 0.623555 0.596641 0.573277 0.552957 0.535273 0.519898 0.506569 0.495069 0.485222 0.476886 0.469944 0.464305 0.459893 0.456655 0.454549 0.453550 0.453646 0.454838 0.457141 0.460582 0.465204 0.471067 0.478246 0.486838 0.496964 0.508772 0.522444 0.538203 0.556324 0.577147 0.601094 0.628694 0.660619 0.697731 0.741152 0.792371 0.853404 0.907856 0.848887 0.798919 0.756227 0.719512 0.687777 0.660247 0.636309 0.615478 0.597360 0.581640 0.568060 0.556409 0.546516 0.538244 0.531479 0.526134 0.522140 0.519449 0.518027 0.517857 0.518937 0.521280 0.524914 0.529885 0.536255 0.544107 0.553545 0.564701 0.577737 0.592851 0.610286 0.630343 0.653390 0.679886 0.710406 0.745676 0.786625 0.834460 0.890774 0.872841 0.808532 0.754742 0.709265 0.670481 0.637173 0.608415 0.583485 0.561818 0.542964 0.526562 0.512319 0.500000 0.489410 0.480393 0.472821 0.466591 0.461620 0.457845 0.455219 0.453710 0.453299 0.453982 0.455767 0.458675 0.462742 0.468020 0.474575 0.482496 0.491891 0.502895 0.515673 0.530429 0.547411 0.566928 0.589360 0.615184 0.644999 0.679572 0.719894 0.767268 0.823439 0.890801 0.972717 1610.500000 1.185621 0.598170
0.957821 0.937168 0.919555 0.904731 0.892494 0.882681 0.875168 0.869858 0.866689 0.865620 0.866639 0.869758 0.875015 0.882475 0.892231 0.904409 0.919169 0.936712 0.957289 0.981208 0.982482 0.928436 0.882040 0.841993 0.807284 0.777121 0.750876 0.728041 0.708210 0.691052 0.678316 0.669125 0.661752 0.656104 0.652109 0.649718 0.648902 0.649651 0.651974 0.655900 0.661477 0.668774 0.677885 0.688931 0.702062 0.717465 0.735371 0.756061 0.779882 0.807262 0.832078 0.837132 0.844294 0.853654 0.865332 0.879482 0.896298 0.916019 0.938940 0.965424 0.991961 0.969735 0.950723 0.934651 0.921295 0.910478 0.902061 0.895936 0.892028 0.890290 0.890700 0.893263 0.898011 0.905001 0.914321 0.926090 0.940460 0.913779 0.888005 0.865673 0.846426 0.829973 0.816075 0.804541 0.795218 0.787985 0.782751 0.779452 0.778046 0.778518 0.780873 0.785140 0.791370 0.799642 0.810060 0.806730 0.787489 0.770958 0.756893 0.745094 0.735403 0.727690 0.721859 0.717836 0.715572 0.715039 0.716232 0.719163 0.723870 0.730411 0.738866 0.749346 0.761990 0.773943 0.776751 0.781469 0.788155 0.796892 0.807794 0.821003 0.836700 0.855110 0.876507 0.901230 0.929692 0.962404 1.000000 0.981824 927.000000 1.163876 0.874949
0.857756 0.831226 0.808177 0.788219 0.771036 0.756370 0.744010 0.733786 0.725564 0.719238 0.714728 0.711979 0.710958 0.711651 0.714067 0.715780 0.697859 0.682417 0.669221 0.658081 0.648843 0.641385 0.635610 0.631446 0.628841 0.627764 0.628201 0.630158 0.633658 0.638745 0.645482 0.653955 0.664274 0.676581 0.691049 0.707891 0.727371 0.749811 0.775607 0.805251 0.839353 0.843126 0.836148 0.831270 0.828433 0.827603 0.828768 0.831944 0.837169 0.844507 0.854051 0.865923 0.880280 0.897319 0.917285 0.940476 0.967262 0.947420 0.916296 0.889226 0.865735 0.845438 0.828020 0.813225 0.800844 0.790711 0.782694 0.776689 0.772624 0.770447 0.770132 0.771676 0.775097 0.780437 0.787762 0.797165 0.808767 0.787198 0.760554 0.737372 0.717238 0.699816 0.684831 0.672060 0.661319 0.652464 0.645378 0.639968 0.636169 0.633932 0.633231 0.634058 0.636422 0.640352 0.645182 0.647623 0.651657 0.657336 0.664730 0.673935 0.685071 0.698292 0.713787 0.731788 0.752581 0.776514 0.804021 0.835636 0.871625 0.862814 0.856221 0.851765 0.849391 0.849070 0.850798 0.854596 0.860510 0.868614 0.879010 0.891832 0.907252 0.925483 0.946790 0.971496 1.000000 0.963626 0.923288 0.888245 6743.500000 1.298653 0.874270
0.903000 0.959016 0.906499 0.861402 0.822467 0.788717 0.759385 0.733861 0.711656 0.692374 0.675695 0.661356 0.649144 0.638886 0.630443 0.623702 0.618579 0.615009 0.612948 0.612371 0.613271 0.615659 0.619564 0.625035 0.632139 0.640969 0.651641 0.664302 0.679133 0.696357 0.716248 0.702077 0.668849 0.640097 0.615135 0.593423 0.574529 0.558103 0.543865 0.531583 0.521072 0.512178 0.504779 0.498774 0.494088 0.490659 0.488446 0.487422 0.487575 0.488906 0.491431 0.495182 0.500204 0.506563 0.514340 0.523641 0.534596 0.547366 0.562149 0.579186 0.598775 0.621286 0.647175 0.677017 0.711542 0.751685 0.798667 0.854109 0.920205 1.000000 0.950530 0.897470 0.851965 0.812715 0.778715 0.749179 0.723480 0.701119 0.681692 0.664871 0.650389 0.638029 0.627614 0.619001 0.612075 0.606748 0.602953 0.600644 0.599791 0.600385 0.602433 0.605960 0.611009 0.617644 0.619784 0.597400 0.577920 0.560979 0.546282 0.533587 0.522700 0.513461 0.505740 0.499432 0.494457 0.490751 0.488267 0.486975 0.486860 0.487920 0.490169 0.493633 0.498355 0.504395 0.511832 0.520765 0.531318 0.543644 0.557931 0.574411 0.593367 0.615150 0.640194 0.669044 0.702388 0.741110 0.786355 0.839638 3013.000000 1.549129 0.712481
0.694029 0.632376 0.582070 0.540385 0.505407 0.475758 0.450421 0.428626 0.409784 0.393437 0.379223 0.366853 0.356096 0.346763 0.338701 0.331787 0.325920 0.321016 0.317010 0.313849 0.311494 0.309915 0.309092 0.309017 0.309688 0.311112 0.313308 0.316303 0.320134 0.324851 0.330517 0.337212 0.345032 0.354096 0.364551 0.376577 0.390397 0.406285 0.424588 0.445742 0.470307 0.499009 0.532810 0.573003 0.621374 0.680455 0.753959 0.847555 0.970352 0.891860 0.826959 0.772598 0.726586 0.687309 0.653554 0.624393 0.599105 0.577122 0.557992 0.541352 0.526908 0.514421 0.503699 0.494581 0.486940 0.480671 0.475694 0.471943 0.469374 0.467953 0.467664 0.468504 0.470482 0.473622 0.477964 0.483562 0.490489 0.498836 0.508718 0.520279 0.533693 0.549176 0.566990 0.587461 0.610993 0.602585 0.574257 0.549739 0.528449 0.509929 0.493813 0.479804 0.467664 0.457198 0.448246 0.440679 0.434392 0.429302 0.425343 0.422464 0.420631 0.419821 0.420023 0.421241 0.423490 0.426796 0.431201 0.436761 0.443549 0.451657 0.461198 0.472314 0.485176 0.499997 0.517036 0.536616 0.559138 0.585104 0.615153 0.650107 0.691038 0.739370 0.797036 0.866722 0.952275 1.000000 0.869685 0.771061 9284.000000 1.790968 0.531770
0.659855 0.657713 0.657164 0.658199 0.660833 0.665096 0.671041 0.678744 0.688303 0.699846 0.713530 0.729553 0.748155 0.769634 0.794353 0.822760 0.855411 0.893002 0.867369 0.823304 0.785299 0.752381 0.723786 0.698906 0.677257 0.658448 0.642161 0.628136 0.616164 0.606072 0.597723 0.591004 0.585831 0.582138 0.579879 0.579027 0.579572 0.581520 0.584896 0.589739 0.596112 0.604095 0.613793 0.625339 0.638897 0.654667 0.664731 0.648736 0.634986 0.623277 0.613443 0.605350 0.598893 0.593987 0.590572 0.588606 0.588065 0.588943 0.591250 0.595014 0.600282 0.607119 0.615614 0.625880 0.622583 0.618128 0.615208 0.613787 0.613849 0.615392 0.618438 0.623021 0.629201 0.637054 0.646684 0.658219 0.671821 0.687689 0.706066 0.727253 0.751617 0.779614 0.811808 0.848909 0.891815 0.941679 1.000000 0.926454 0.858619 0.801839 0.753807 0.712824 0.677616 0.647208 0.620843 0.597927 0.577984 0.560637 0.545576 0.532552 0.521363 0.511842 0.503854 0.497291 0.492068 0.488116 0.485388 0.483849 0.483481 0.484616 0.488785 0.494227 0.501012 0.509230 0.518994 0.530441 0.543745 0.559115 0.576809 0.597145 0.620517 0.647417 0.678462 0.696092 0.685172 0.676194 0.669038 0.663615 1984.000000 1.237429 0.766165
0.933012 0.964049 0.984723 0.969062 0.956158 0.945842 0.937982 0.932480 0.929267 0.928305 0.929582 0.933114 0.938943 0.947141 0.957812 0.971092 0.987157 0.986621 0.941877 0.903097 0.869395 0.840070 0.814556 0.792399 0.773230 0.756745 0.742701 0.730897 0.721173 0.713400 0.707480 0.703337 0.700921 0.700203 0.701173 0.703845 0.708249 0.714441 0.722498 0.732524 0.744651 0.759046 0.775914 0.795509 0.818142 0.844193 0.874133 0.908545 0.934609 0.924632 0.917052 0.911774 0.908733 0.907893 0.909242 0.912798 0.918603 0.926729 0.937279 0.950387 0.966228 0.985019 1.000000 0.964931 0.934414 0.907888 0.884899 0.865079 0.848125 0.833793 0.821884 0.812240 0.804736 0.799278 0.795797 0.794251 0.794622 0.796914 0.801155 0.807396 0.815717 0.826222 0.839048 0.854370 0.872403 0.893411 0.917723 0.945736 0.977944 0.951301 0.921859 0.896279 0.874129 0.855058 0.838778 0.825058 0.813708 0.804578 0.797550 0.792537 0.789477 0.788332 0.789089 0.791756 0.796367 0.802977 0.811669 0.822556 0.835779 0.845894 0.831109 0.818770 0.808712 0.800804 0.794946 0.791064 0.789112 0.789066 0.790926 0.794713 0.800474 0.808281 0.818232 0.830457 0.845119 0.862424 0.882623 0.906025 5578.500000 1.188832 0.879483
0.922372 0.958463 1.000000 0.959577 0.916669 0.879462 0.847119 0.818973 0.794490 0.773237 0.754862 0.739080 0.725656 0.714402 0.705164 0.697822 0.690765 0.676010 0.663437 0.652866 0.644155 0.637188 0.631877 0.628153 0.625973 0.625309 0.626153 0.628516 0.632426 0.637931 0.645101 0.654027 0.664828 0.677651 0.692681 0.710141 0.723567 0.712511 0.703456 0.696286 0.690907 0.687255 0.685282 0.684967 0.686304 0.689311 0.694023 0.700500 0.708822 0.719097 0.731463 0.746090 0.763190 0.783024 0.805909 0.832237 0.862491 0.852020 0.843354 0.836859 0.832453 0.830083 0.829719 0.831358 0.835018 0.840746 0.848611 0.858712 0.871182 0.886185 0.903929 0.884648 0.846549 0.813475 0.784708 0.759673 0.737909 0.719042 0.702766 0.688833 0.677041 0.667227 0.659258 0.653033 0.648471 0.645517 0.644134 0.644307 0.646036 0.649343 0.654268 0.660873 0.669241 0.679482 0.691734 0.706168 0.711882 0.699848 0.689848 0.681749 0.675446 0.670860 0.667934 0.666633 0.666940 0.668860 0.672415 0.677650 0.684628 0.693441 0.704201 0.717055 0.732185 0.743954 0.741293 0.740429 0.741350 0.744068 0.748617 0.755051 0.763453 0.773929 0.786617 0.801693 0.819369 0.839912 0.863646 0.890969 5696.500000 1.310615 0.871507
0.793369 0.786961 0.782527 0.780011 0.779382 0.780634 0.783781 0.788861 0.795938 0.805100 0.816465 0.830185 0.846447 0.865486 0.875726 0.856105 0.839321 0.825132 0.813342 0.803793 0.796362 0.790955 0.787505 0.785971 0.786333 0.788596 0.792788 0.798960 0.807188 0.817578 0.830264 0.845420 0.863257 0.884039 0.908088 0.935800 0.935694 0.886702 0.844519 0.808025 0.776347 0.748796 0.724819 0.703973 0.685899 0.670304 0.656950 0.645643 0.636225 0.628571 0.622580 0.618178 0.615310 0.613940 0.614053 0.615649 0.618747 0.623387 0.629624 0.637540 0.647236 0.651850 0.656647 0.663124 0.671364 0.681473 0.693588 0.707877 0.724550 0.743863 0.766129 0.791736 0.821161 0.854996 0.893986 0.939072 0.991463 1.000000 0.976888 0.957073 0.940266 0.926233 0.914783 0.905769 0.899075 0.894619 0.892346 0.892228 0.894265 0.898480 0.904926 0.913682 0.879614 0.831076 0.789418 0.753465 0.722309 0.695235 0.671677 0.651181 0.633379 0.617974 0.604723 0.593427 0.584972 0.585111 0.586663 0.589648 0.594102 0.600081 0.607660 0.616938 0.628040 0.641123 0.656376 0.674037 0.694393 0.717800 0.744697 0.775629 0.811281 0.852522 0.879909 0.858857 0.840767 0.825370 0.812449 0.801828 1239.500000 1.207879 0.818164
0.878657 0.917045 0.961362 0.958193 0.907068 0.863097 0.825087 0.792112 0.763440 0.738488 0.716787 0.697959 0.681695 0.667744 0.655900 0.645999 0.637906 0.631516 0.626747 0.623541 0.621858 0.621678 0.616119 0.604727 0.595156 0.587277 0.580984 0.576198 0.572860 0.570927 0.570377 0.571202 0.573414 0.577038 0.582119 0.588722 0.596931 0.606854 0.618629 0.632423 0.648444 0.666947 0.672135 0.664119 0.657857 0.653272 0.650306 0.648923 0.649106 0.650858 0.654199 0.659171 0.665836 0.674278 0.684607 0.696963 0.711518 0.728487 0.748131 0.770773 0.796807 0.826722 0.861127 0.900784 0.946661 1.000000 0.980661 0.924789 0.876940 0.835713 0.800029 0.769044 0.742091 0.718636 0.698249 0.680581 0.665348 0.652319 0.641306 0.632157 0.624749 0.618986 0.614796 0.612127 0.610947 0.611241 0.604677 0.594200 0.585468 0.578361 0.572788 0.568678 0.565981 0.564663 0.564708 0.566117 0.568908 0.573113 0.578786 0.585998 0.594843 0.605441 0.617938 0.632518 0.649405 0.668874 0.691263 0.716991 0.706031 0.696675 0.689203 0.683519 0.679552 0.677252 0.676592 0.677565 0.680181 0.684472 0.690493 0.698317 0.708046 0.719809 0.733766 0.750118 0.769111 0.791046 0.816293 0.845308 3425.000000 1.350185 0.801156
0.662651 0.644769 0.629304 0.616013 0.604697 0.595199 0.587387 0.581159 0.576436 0.573159 0.571288 0.570799 0.571688 0.573963 0.577655 0.582807 0.589485 0.597774 0.607785 0.619655 0.633555 0.649694 0.668329 0.689775 0.714421 0.742749 0.775362 0.813019 0.856689 0.864044 0.827903 0.796506 0.769188 0.745419 0.724768 0.706887 0.691494 0.678355 0.667285 0.658130 0.650769 0.645108 0.641076 0.638623 0.637718 0.638353 0.640533 0.644285 0.649656 0.656713 0.665546 0.676270 0.689034 0.704017 0.721443 0.741585 0.764779 0.791440 0.822078 0.857333 0.898007 0.945123 1.000000 0.928564 0.865875 0.812949 0.767864 0.729182 0.695806 0.666887 0.641761 0.619899 0.600877 0.584353 0.570051 0.557743 0.547246 0.538410 0.531114 0.525262 0.520778 0.517606 0.515708 0.515060 0.515654 0.517498 0.520613 0.525039 0.530831 0.538062 0.546829 0.557251 0.569476 0.583688 0.600110 0.619017 0.640747 0.665722 0.694463 0.727629 0.766061 0.810841 0.863390 0.925607 0.928095 0.896218 0.868480 0.844381 0.823514 0.805547 0.790210 0.777284 0.766592 0.757990 0.751370 0.746647 0.743764 0.742685 0.743398 0.745911 0.750255 0.756482 0.764671 0.774927 0.765423 0.734123 0.706918 0.683245 2143.000000 1.276957 0.740291
0.807531 0.834969 0.866498 0.902761 0.944568 0.965876 0.908379 0.859296 0.817113 0.780670 0.749067 0.721594 0.697686 0.676890 0.658839 0.643235 0.629836 0.618442 0.608895 0.601064 0.594846 0.590163 0.586956 0.585186 0.584831 0.585887 0.588368 0.590398 0.590861 0.592753 0.596099 0.600938 0.607332 0.615361 0.625132 0.636777 0.650461 0.666386 0.684802 0.706014 0.730398 0.758419 0.790657 0.827839 0.870893 0.921012 0.979755 1.000000 0.940806 0.890254 0.846793 0.809237 0.776662 0.748341 0.723695 0.702259 0.683655 0.667579 0.653780 0.642055 0.632240 0.624202 0.619838 0.617597 0.616853 0.617597 0.619838 0.623602 0.628938 0.635910 0.644610 0.655150 0.667677 0.682367 0.699442 0.719170 0.741883 0.767987 0.797988 0.832515 0.872362 0.888304 0.851463 0.819452 0.791598 0.767364 0.746314 0.728095 0.712420 0.699054 0.687807 0.678524 0.671085 0.665392 0.661375 0.658984 0.658190 0.658984 0.661375 0.665392 0.671085 0.678524 0.687807 0.699054 0.712420 0.728095 0.746314 0.756486 0.739495 0.724959 0.712668 0.702450 0.694169 0.687720 0.683019 0.680009 0.678653 0.678935 0.680858 0.684446 0.689742 0.696812 0.705747 0.716663 0.729707 0.745063 0.762957 0.783666 1998.500000 1.124324 0.755926
0.606400 0.611877 0.618959 0.627737 0.638328 0.650877 0.665564 0.682613 0.702294 0.724942 0.750968 0.780885 0.815330 0.855108 0.901250 0.955087 1.000000 0.929453 0.870162 0.819838 0.776786 0.739723 0.707663 0.679836 0.655635 0.634574 0.616262 0.600383 0.586679 0.574942 0.564999 0.556713 0.549972 0.544127 0.537400 0.532105 0.528172 0.525555 0.524219 0.524150 0.525347 0.527823 0.531610 0.536753 0.543319 0.551393 0.561082 0.572521 0.585878 0.601356 0.619206 0.639736 0.626770 0.614728 0.604570 0.596154 0.589370 0.584130 0.580368 0.578037 0.577111 0.577576 0.579439 0.582723 0.587467 0.593731 0.601596 0.611163 0.622564 0.635959 0.651548 0.669574 0.690336 0.714202 0.741628 0.773182 0.809577 0.828470 0.818274 0.810253 0.804308 0.800363 0.798370 0.798306 0.800170 0.803983 0.809793 0.817672 0.827720 0.791603 0.748497 0.711469 0.679491 0.651767 0.627669 0.606699 0.588457 0.572619 0.558923 0.547153 0.537137 0.528731 0.521822 0.516320 0.512153 0.509270 0.507635 0.507228 0.508046 0.510097 0.513406 0.518014 0.523980 0.529392 0.527012 0.525914 0.526086 0.527530 0.530262 0.534316 0.539744 0.546613 0.555013 0.565059 0.576890 0.590680 0.600003 0.602458 778.500000 1.469776 0.787911
0.994344 1.000000 0.968342 0.940824 0.916974 0.896410 0.878819 0.863946 0.851586 0.841573 0.833778 0.828103 0.824478 0.822858 0.823223 0.825579 0.829953 0.836399 0.844999 0.855860 0.869124 0.884973 0.903627 0.925361 0.949266 0.912816 0.881106 0.853512 0.829532 0.808757 0.790857 0.775559 0.762645 0.751935 0.743288 0.736592 0.731763 0.728740 0.727488 0.727991 0.730255 0.734308 0.740199 0.748002 0.757817 0.769771 0.784028 0.800788 0.820300 0.837040 0.833277 0.831542 0.831814 0.834096 0.838416 0.844827 0.853408 0.864269 0.877552 0.893435 0.912141 0.933946 0.959186 0.971000 0.939793 0.912661 0.889132 0.868827 0.851434 0.836700 0.824419 0.814428 0.806595 0.800823 0.797039 0.795197 0.795276 0.797275 0.801219 0.807157 0.815162 0.825336 0.837810 0.852754 0.870374 0.890931 0.884272 0.871333 0.860812 0.852570 0.846505 0.842542 0.840630 0.840749 0.842898 0.847104 0.853419 0.861920 0.872717 0.885948 0.890169 0.861046 0.835718 0.813741 0.794757 0.778470 0.764643 0.753081 0.743628 0.736161 0.730586 0.726831 0.724853 0.724626 0.726148 0.729438 0.734535 0.741503 0.750429 0.761429 0.774651 0.790278 0.808536 0.829704 0.854122 0.882212 0.914490 0.951599 6627.000000 1.068098 0.879282
0.844234 0.868219 0.895828 0.927559 0.964027 1.000000 0.976629 0.956578 0.939551 0.925310 0.913663 0.904457 0.897575 0.892932 0.890471 0.890163 0.892002 0.896012 0.902242 0.875013 0.839260 0.808185 0.781143 0.757618 0.737193 0.719529 0.704348 0.691425 0.680579 0.671660 0.664553 0.659166 0.655431 0.653304 0.652758 0.655407 0.661014 0.668342 0.677485 0.688564 0.701729 0.717169 0.735114 0.755849 0.779720 0.807155 0.838686 0.874974 0.867837 0.845408 0.826050 0.809465 0.795411 0.783693 0.774153 0.766667 0.761141 0.757505 0.755716 0.755752 0.757613 0.761322 0.766924 0.774489 0.784112 0.795919 0.810069 0.826758 0.846231 0.868787 0.894793 0.924701 0.959067 0.971760 0.946417 0.924533 0.905771 0.889856 0.876566 0.865722 0.857183 0.850840 0.846616 0.844457 0.844338 0.846258 0.850239 0.856331 0.864608 0.853846 0.823142 0.796422 0.773186 0.753031 0.735626 0.720705 0.708049 0.697482 0.688860 0.682072 0.677031 0.673675 0.671964 0.671875 0.673409 0.676583 0.681437 0.688030 0.696447 0.706796 0.719215 0.733879 0.751000 0.765704 0.757428 0.751119 0.746698 0.744112 0.743327 0.744336 0.747150 0.751803 0.758353 0.766881 0.777498 0.790344 0.805595 0.823469 586.500000 1.226275 0.868127
0.864969 0.887100 0.895556 0.861887 0.832591 0.807101 0.784961 0.765799 0.749312 0.735254 0.723424 0.713662 0.705836 0.699849 0.695624 0.693109 0.692274 0.693109 0.695624 0.699849 0.705836 0.713662 0.710758 0.702605 0.696296 0.691751 0.688913 0.687749 0.688244 0.690404 0.694255 0.699846 0.707244 0.716545 0.727872 0.741376 0.757250 0.775729 0.797100 0.821717 0.850017 0.882537 0.919949 0.905911 0.884429 0.865979 0.850291 0.837141 0.826353 0.817784 0.811325 0.806897 0.804443 0.803936 0.805368 0.808757 0.814145 0.821597 0.831208 0.843102 0.857436 0.874410 0.894266 0.917307 0.943901 0.928645 0.887425 0.851673 0.820591 0.793542 0.770015 0.749597 0.731951 0.716805 0.703933 0.693157 0.684329 0.677334 0.672084 0.668512 0.664980 0.655055 0.646958 0.640582 0.635848 0.632697 0.631089 0.631006 0.632446 0.635428 0.639986 0.646179 0.654083 0.663802 0.675467 0.689238 0.705318 0.723951 0.745440 0.770156 0.798557 0.831212 0.868834 0.912325 0.962841 1.000000 0.963075 0.930943 0.902990 0.878723 0.857738 0.839708 0.824365 0.811493 0.800916 0.792496 0.786126 0.781725 0.779240 0.778641 0.779920 0.783093 0.788198 0.795299 0.804485 0.815874 0.829617 0.845904 1859.000000 1.126702 0.842253
0.813306 0.873276 0.945253 1.000000 0.922131 0.857430 0.803021 0.756819 0.717278 0.683228 0.653768 0.628195 0.605951 0.586594 0.569766 0.555176 0.542589 0.531813 0.522692 0.520512 0.521277 0.523307 0.526626 0.531276 0.537315 0.544820 0.553891 0.564652 0.577259 0.590205 0.586642 0.584521 0.583817 0.584521 0.586642 0.590205 0.595254 0.601854 0.610087 0.620063 0.631919 0.645823 0.661983 0.680654 0.702150 0.726857 0.748514 0.728691 0.711561 0.696858 0.684366 0.673908 0.665345 0.658562 0.653475 0.650020 0.648154 0.647856 0.649121 0.651964 0.656421 0.662546 0.670417 0.680135 0.691831 0.705665 0.721839 0.740597 0.731510 0.702212 0.676737 0.654569 0.635288 0.618558 0.604105 0.591704 0.581175 0.572368 0.565166 0.559474 0.555219 0.552349 0.554604 0.570701 0.589223 0.610507 0.634973 0.663147 0.695690 0.733451 0.777527 0.829364 0.876157 0.817135 0.767295 0.724831 0.688392 0.656948 0.629703 0.606028 0.585429 0.567507 0.551939 0.538465 0.526872 0.516988 0.508670 0.501805 0.496303 0.492093 0.489122 0.487354 0.486767 0.488665 0.494321 0.501331 0.509789 0.519811 0.531541 0.545156 0.560874 0.578961 0.599747 0.623639 0.651148 0.682916 0.719767 0.762763 1478.500000 1.189274 0.686212
0.719527 0.716130 0.714479 0.714552 0.716352 0.719899 0.725237 0.732433 0.741578 0.752790 0.766220 0.782057 0.800532 0.821928 0.846596 0.874962 0.900455 0.884640 0.871434 0.860659 0.852176 0.845876 0.841681 0.839540 0.839428 0.841341 0.845305 0.851367 0.859602 0.870115 0.883042 0.898556 0.867472 0.836240 0.809060 0.785423 0.764919 0.747213 0.732031 0.719152 0.708395 0.699616 0.692701 0.687561 0.684132 0.682374 0.682263 0.683800 0.687003 0.691911 0.698584 0.707107 0.717591 0.730176 0.732693 0.732597 0.734269 0.737730 0.743023 0.750212 0.759389 0.770673 0.784215 0.800204 0.818872 0.821076 0.812428 0.805881 0.801353 0.798790 0.798160 0.799456 0.802692 0.807909 0.815171 0.824569 0.836224 0.850292 0.866965 0.886484 0.909142 0.935301 0.965405 1.000000 0.979959 0.903294 0.839630 0.786118 0.740696 0.701835 0.668378 0.639436 0.614315 0.592467 0.573453 0.585014 0.598662 0.614478 0.632717 0.653696 0.677802 0.705519 0.737452 0.774366 0.817244 0.867360 0.926402 0.942700 0.909413 0.880446 0.855263 0.833433 0.814603 0.798487 0.784850 0.773503 0.764294 0.757104 0.751843 0.748446 0.746870 0.747096 0.749128 0.752990 0.751749 0.740718 0.731744 0.724710 3318.500000 1.116615 0.796816
0.634737 0.673906 0.720077 0.775043 0.841290 0.922349 0.868173 0.812842 0.765876 0.725694 0.691100 0.661174 0.635199 0.612608 0.592948 0.575855 0.561033 0.548243 0.537289 0.528011 0.520280 0.513992 0.509066 0.505440 0.503069 0.501923 0.501989 0.503268 0.505775 0.509541 0.514612 0.521053 0.528947 0.538402 0.549549 0.562550 0.577608 0.594966 0.614927 0.637864 0.664241 0.694639 0.729795 0.770654 0.818450 0.791590 0.740451 0.697096 0.660039 0.628160 0.600599 0.576686 0.555892 0.537796 0.522059 0.508406 0.496616 0.486505 0.477927 0.470760 0.464908 0.460295 0.456863 0.454568 0.453383 0.453294 0.454299 0.456410 0.459653 0.464069 0.469713 0.476659 0.484999 0.494849 0.506353 0.519686 0.535065 0.552753 0.573079 0.596448 0.623370 0.654489 0.690629 0.732861 0.782604 0.841767 0.912985 1.000000 0.921221 0.840375 0.774290 0.719447 0.673375 0.634284 0.600850 0.572074 0.547187 0.525588 0.506804 0.490457 0.476243 0.463915 0.453275 0.444157 0.436430 0.429985 0.424736 0.420615 0.417569 0.415561 0.414566 0.414573 0.415580 0.417601 0.420660 0.424795 0.430058 0.436519 0.444263 0.453399 0.464059 0.476409 0.490648 0.507023 0.525840 0.547478 0.572410 0.601239 520.000000 1.248869 0.593542
0.773687 0.770635 0.769453 0.770128 0.772666 0.777100 0.783483 0.791896 0.802445 0.815270 0.830545 0.848486 0.869360 0.893493 0.921288 0.925707 0.879169 0.839012 0.804215 0.773980 0.747672 0.724782 0.704900 0.687692 0.672887 0.660263 0.649640 0.640873 0.633846 0.628469 0.624675 0.622416 0.621667 0.622416 0.624675 0.628469 0.633846 0.640873 0.649640 0.660263 0.669302 0.679786 0.692299 0.707015 0.724154 0.743980 0.766823 0.793083 0.823259 0.857972 0.897999 0.944330 0.998238 1.000000 0.936544 0.882660 0.836544 0.796833 0.762474 0.732649 0.706707 0.684131 0.664504 0.647488 0.632809 0.621366 0.617160 0.614481 0.613297 0.613592 0.615370 0.618654 0.623483 0.629918 0.638039 0.647955 0.659798 0.673735 0.689972 0.708760 0.730409 0.742135 0.750725 0.761371 0.774216 0.789437 0.807251 0.827929 0.851799 0.879269 0.910836 0.947121 0.916200 0.881819 0.851903 0.825874 0.803267 0.783702 0.766871 0.752522 0.740452 0.730494 0.722519 0.716423 0.712130 0.709588 0.698625 0.685328 0.674121 0.664851 0.657395 0.651656 0.647563 0.645066 0.644134 0.644755 0.646938 0.650708 0.656113 0.663219 0.672117 0.682926 0.695791 0.710896 0.728465 0.748774 0.772161 0.778647 1344.000000 1.019647 0.789999
0.848159 0.790900 0.742559 0.701380 0.666048 0.635562 0.609149 0.586199 0.566230 0.548856 0.533764 0.520700 0.509458 0.499871 0.491800 0.485136 0.479791 0.475696 0.472799 0.471066 0.470474 0.471017 0.472702 0.475548 0.479592 0.484882 0.491488 0.499497 0.509017 0.520185 0.533167 0.548168 0.565439 0.585290 0.608104 0.634358 0.615995 0.597982 0.582356 0.568861 0.557289 0.547471 0.539270 0.532576 0.527300 0.523376 0.520755 0.519406 0.519311 0.520470 0.522897 0.526621 0.531688 0.538163 0.546130 0.555695 0.566991 0.580183 0.595472 0.613105 0.633387 0.656693 0.683489 0.714359 0.750042 0.791485 0.839916 0.896963 0.964817 0.937195 0.859264 0.795066 0.741456 0.696191 0.657627 0.624537 0.595985 0.571245 0.549748 0.531044 0.514770 0.500634 0.488399 0.477872 0.468894 0.461339 0.455102 0.450101 0.446272 0.443568 0.441954 0.441412 0.441934 0.443528 0.446212 0.450019 0.454997 0.461210 0.459895 0.455238 0.451753 0.449394 0.448135 0.447958 0.448862 0.450859 0.453972 0.458239 0.463716 0.470472 0.478598 0.488206 0.499436 0.512458 0.527482 0.544766 0.564627 0.587460 0.613759 0.644146 0.679422 0.720622 0.769113 0.826737 0.896028 0.980575 1.000000 0.916736 3433.500000 1.746230 0.635950
0.869784 0.822539 0.781950 0.746892 0.716495 0.690073 0.667081 0.647079 0.629716 0.614701 0.601803 0.590828 0.581623 0.574061 0.568045 0.563497 0.560361 0.558597 0.558185 0.559120 0.561412 0.565091 0.570200 0.576806 0.584991 0.594866 0.606567 0.620261 0.636156 0.654506 0.675621 0.699886 0.727778 0.759892 0.772893 0.742375 0.715835 0.692738 0.672655 0.655238 0.640203 0.627320 0.616401 0.607294 0.599876 0.594051 0.589745 0.586904 0.585495 0.585500 0.586918 0.589768 0.594083 0.599919 0.607347 0.616466 0.627397 0.640293 0.655342 0.672776 0.692877 0.715995 0.742558 0.773104 0.808300 0.848998 0.896284 0.951576 0.922242 0.873429 0.831425 0.795103 0.763585 0.736176 0.712323 0.691582 0.673590 0.658056 0.644741 0.633450 0.624025 0.616339 0.610293 0.605809 0.602832 0.601326 0.601273 0.602671 0.605538 0.609909 0.615838 0.623399 0.632692 0.643841 0.633358 0.616407 0.601752 0.589163 0.578456 0.569478 0.562108 0.556249 0.551827 0.548786 0.547090 0.546717 0.547662 0.549939 0.553573 0.558611 0.565115 0.573169 0.582880 0.594383 0.607843 0.623464 0.641495 0.662242 0.686085 0.713491 0.745048 0.781496 0.823779 0.873123 0.931142 1.000000 0.990595 0.925151 2847.500000 1.365399 0.727991
0.753423 0.791153 0.834978 0.860681 0.841493 0.825086 0.811223 0.799714 0.790404 0.783173 0.777930 0.774611 0.773175 0.773604 0.775904 0.780103 0.786252 0.794427 0.804734 0.801859 0.777008 0.755416 0.736718 0.720618 0.706873 0.695286 0.685699 0.677983 0.672040 0.667795 0.665195 0.664210 0.664827 0.667054 0.670917 0.676464 0.683765 0.692913 0.704028 0.717261 0.717313 0.692954 0.671761 0.653353 0.637421 0.623715 0.612029 0.602197 0.594085 0.587584 0.582614 0.579109 0.577029 0.576347 0.577055 0.579162 0.582693 0.587692 0.594221 0.602365 0.612230 0.623952 0.637698 0.653673 0.663430 0.662927 0.664024 0.666733 0.671088 0.677141 0.684971 0.694676 0.706387 0.720265 0.736508 0.755363 0.777130 0.802178 0.830963 0.864051 0.902145 0.946139 0.997168 1.000000 0.935572 0.880937 0.834231 0.794044 0.759296 0.729144 0.702925 0.680107 0.660265 0.643053 0.628191 0.615449 0.604641 0.595617 0.588254 0.582457 0.578153 0.575287 0.573826 0.573750 0.575060 0.577770 0.576496 0.567898 0.560884 0.555362 0.551264 0.548537 0.547149 0.547083 0.548337 0.550927 0.554885 0.560260 0.567120 0.575553 0.585673 0.597621 0.611571 0.627736 0.646378 0.667819 0.692457 0.720785 1372.500000 1.396502 0.815650
0.854023 0.892834 0.880986 0.871520 0.864315 0.859282 0.856358 0.855508 0.856722 0.860013 0.865424 0.873019 0.882894 0.895177 0.910029 0.927655 0.948307 0.972295 1.000000 0.989920 0.944224 0.904645 0.870262 0.840347 0.814317 0.791702 0.772118 0.755255 0.740860 0.728726 0.718687 0.710609 0.704389 0.699948 0.697232 0.696208 0.696863 0.699206 0.703264 0.709088 0.693607 0.676553 0.661873 0.649348 0.638799 0.630081 0.623078 0.617701 0.613882 0.611574 0.610749 0.611398 0.613528 0.617164 0.622352 0.629157 0.637665 0.647989 0.660269 0.674681 0.691439 0.710807 0.733108 0.758740 0.788198 0.822096 0.861208 0.906521 0.949841 0.934535 0.921901 0.911771 0.904016 0.898537 0.895269 0.894170 0.895229 0.898456 0.903893 0.911605 0.921690 0.934276 0.949529 0.967659 0.988924 0.976150 0.923650 0.878517 0.839518 0.805692 0.776285 0.750693 0.728434 0.709116 0.692421 0.678090 0.665911 0.655715 0.647362 0.640743 0.635775 0.632395 0.630561 0.630252 0.631464 0.634211 0.638528 0.644466 0.652102 0.653808 0.647866 0.643567 0.640858 0.639707 0.640099 0.642040 0.645552 0.650679 0.657484 0.666055 0.676504 0.688972 0.703635 0.720710 0.740462 0.763218 0.789379 0.819442 3794.000000 1.444191 0.844683
0.836017 0.804213 0.776543 0.752465 0.731546 0.713430 0.697830 0.684512 0.673284 0.663992 0.656513 0.650751 0.646634 0.644110 0.643150 0.643741 0.645890 0.649624 0.654988 0.662050 0.670900 0.681654 0.694459 0.709496 0.710570 0.709592 0.710325 0.712779 0.716982 0.722988 0.730871 0.740732 0.752701 0.766940 0.783653 0.803089 0.825553 0.851420 0.881151 0.915319 0.954636 1.000000 0.968771 0.919679 0.877334 0.840653 0.808786 0.781060 0.756935 0.735976 0.717829 0.702206 0.688873 0.677639 0.668349 0.660882 0.655140 0.651052 0.648568 0.644140 0.634511 0.626652 0.620463 0.615863 0.612797 0.611226 0.611132 0.612513 0.615386 0.619787 0.625769 0.633409 0.642805 0.654084 0.667402 0.682953 0.700975 0.721761 0.745667 0.773138 0.804724 0.841112 0.883176 0.900068 0.871085 0.845884 0.824030 0.805167 0.789007 0.775314 0.763897 0.754603 0.747311 0.741928 0.738389 0.736650 0.736690 0.738508 0.742128 0.747594 0.754973 0.764359 0.775873 0.789672 0.805947 0.806382 0.786334 0.769067 0.754321 0.741882 0.731581 0.723281 0.716875 0.712282 0.709446 0.708332 0.708926 0.711237 0.715291 0.721139 0.728854 0.738534 0.750307 0.764332 0.780809 0.799981 0.822149 0.847681 13237.000000 1.162264 0.833073
0.591843 0.581480 0.572830 0.565776 0.560228 0.556113 0.553383 0.552002 0.551955 0.553240 0.555873 0.559887 0.565332 0.572275 0.580807 0.591044 0.603127 0.617231 0.633575 0.652422 0.674098 0.699006 0.727646 0.760643 0.798792 0.843107 0.894910 0.955950 1.000000 0.939285 0.887537 0.843118 0.804780 0.771554 0.742682 0.717559 0.695701 0.676717 0.660290 0.646162 0.634121 0.623997 0.615650 0.608972 0.603876 0.600299 0.598197 0.597543 0.598332 0.600570 0.604287 0.609528 0.616359 0.624866 0.635164 0.647392 0.661726 0.678380 0.697618 0.719764 0.745215 0.774467 0.808136 0.846999 0.863625 0.818104 0.778924 0.745038 0.715629 0.690054 0.667796 0.648443 0.631659 0.617171 0.604757 0.594236 0.585461 0.578315 0.572704 0.568557 0.565823 0.564469 0.564478 0.565850 0.568601 0.572767 0.578397 0.585564 0.594361 0.604905 0.617344 0.631860 0.648676 0.668064 0.690361 0.715983 0.745445 0.779393 0.818648 0.864259 0.917593 0.980460 0.938397 0.894733 0.856923 0.824085 0.795516 0.770656 0.749052 0.730338 0.714215 0.700440 0.688814 0.679177 0.671401 0.665386 0.661056 0.658358 0.657259 0.657745 0.659823 0.663518 0.668874 0.675763 0.653870 0.634833 0.618320 0.604063 10702.500000 1.243152 0.727027
0.897202 0.916290 0.867960 0.826234 0.790152 0.758840 0.731612 0.707915 0.687310 0.669437 0.654006 0.640779 0.629564 0.620202 0.612569 0.606565 0.602114 0.599161 0.597669 0.597621 0.599016 0.601871 0.606220 0.612119 0.619640 0.628883 0.639971 0.652400 0.661433 0.672361 0.685335 0.700541 0.718206 0.738610 0.762098 0.789092 0.820116 0.855826 0.897047 0.944831 1.000000 0.966833 0.937983 0.912940 0.891291 0.872698 0.856888 0.843637 0.832764 0.824129 0.817620 0.813157 0.810685 0.810174 0.811617 0.802954 0.795390 0.789852 0.786271 0.784605 0.784833 0.786957 0.791003 0.797021 0.805086 0.815300 0.827797 0.842744 0.856348 0.827332 0.802086 0.780160 0.761185 0.744863 0.730951 0.719249 0.709599 0.701873 0.695972 0.691822 0.689372 0.688593 0.689474 0.692027 0.696283 0.686986 0.676582 0.668073 0.661350 0.656325 0.652938 0.651146 0.650927 0.652280 0.655220 0.659783 0.666027 0.674028 0.683892 0.695750 0.709766 0.726144 0.745134 0.767040 0.792240 0.821198 0.854490 0.892836 0.937150 0.978429 0.950832 0.926920 0.906311 0.888693 0.873812 0.861463 0.851480 0.843735 0.838131 0.834598 0.833093 0.833599 0.836120 0.840689 0.847360 0.856216 0.867372 0.880973 1066.500000 1.253729 0.842587
0.781267 0.800018 0.821720 0.846729 0.875482 0.872806 0.851420 0.833016 0.817318 0.804102 0.793188 0.784430 0.777716 0.772963 0.770111 0.769127 0.769998 0.772734 0.771789 0.754618 0.739937 0.727537 0.717244 0.708923 0.702465 0.697790 0.694840 0.693578 0.693990 0.696080 0.699874 0.705418 0.712782 0.722058 0.694699 0.660878 0.631647 0.606292 0.584247 0.565062 0.548376 0.533897 0.521387 0.510651 0.501532 0.493903 0.487659 0.482719 0.479021 0.481681 0.493519 0.507207 0.522972 0.541093 0.561918 0.585877 0.613515 0.645521 0.682786 0.726475 0.778139 0.839892 0.914686 1.000000 0.964071 0.932803 0.905613 0.882028 0.861663 0.844205 0.829399 0.817038 0.806955 0.799020 0.793131 0.789216 0.787226 0.787138 0.788951 0.792686 0.780862 0.758213 0.738569 0.721613 0.707083 0.694767 0.684494 0.676125 0.669552 0.664691 0.661482 0.659887 0.659885 0.643725 0.628559 0.615540 0.604476 0.595211 0.587620 0.581604 0.577086 0.574010 0.572338 0.572050 0.573142 0.575628 0.579537 0.584919 0.591841 0.600393 0.610687 0.622868 0.637111 0.653632 0.672696 0.694630 0.719834 0.716311 0.713146 0.711715 0.712002 0.714010 0.717763 0.723307 0.730713 0.740072 0.751509 0.765176 18518.500000 1.318113 0.813082
0.775299 0.786906 0.758355 0.733508 0.711899 0.693148 0.676949 0.663050 0.651248 0.641377 0.633303 0.626922 0.622152 0.618934 0.617228 0.617014 0.618289 0.621069 0.625387 0.631298 0.626655 0.585480 0.550627 0.520875 0.495305 0.473215 0.454058 0.437405 0.422913 0.410307 0.399365 0.389907 0.381784 0.374878 0.369091 0.364344 0.360575 0.357736 0.355792 0.357806 0.364647 0.372670 0.381995 0.392770 0.405174 0.419431 0.435815 0.454672 0.476434 0.501653 0.531043 0.565537 0.606386 0.655297 0.714663 0.787945 0.880336 1.000000 0.937438 0.859566 0.795409 0.741826 0.696580 0.658029 0.624949 0.596403 0.571668 0.550176 0.531475 0.515204 0.501071 0.488839 0.478315 0.469341 0.461790 0.459594 0.468820 0.479603 0.492108 0.506535 0.523132 0.542204 0.564129 0.589382 0.618562 0.652435 0.647570 0.624726 0.604847 0.587566 0.572586 0.559665 0.548608 0.539252 0.531470 0.525156 0.520228 0.516626 0.514303 0.513232 0.513400 0.514808 0.517475 0.521432 0.526728 0.533432 0.529736 0.524188 0.519995 0.517105 0.515481 0.515105 0.515971 0.518090 0.521489 0.526208 0.532308 0.539866 0.548984 0.559787 0.572430 0.587105 0.604046 0.623539 0.645941 0.671692 0.701340 0.735580 1045.000000 1.338936 0.638746
0.597560 0.605256 0.614652 0.625876 0.639086 0.654476 0.672286 0.692807 0.716401 0.743513 0.774697 0.810651 0.852257 0.900652 0.957319 1.000000 0.964825 0.934216 0.907607 0.884545 0.864657 0.847641 0.833250 0.821285 0.811586 0.804029 0.798516 0.794981 0.793380 0.793693 0.795925 0.800103 0.806277 0.814525 0.824951 0.837692 0.852920 0.870848 0.891741 0.915921 0.943786 0.975825 0.937801 0.887674 0.844565 0.807303 0.774979 0.746874 0.722415 0.701143 0.682686 0.666740 0.653060 0.641444 0.631729 0.623785 0.617507 0.612816 0.609653 0.607979 0.606296 0.605688 0.606541 0.608866 0.612690 0.618060 0.625045 0.633733 0.644241 0.656711 0.671323 0.688296 0.707899 0.730463 0.756395 0.786199 0.820506 0.845844 0.844654 0.845502 0.848398 0.853376 0.860498 0.869853 0.881561 0.895776 0.912692 0.895929 0.881153 0.868915 0.859054 0.851443 0.845985 0.842614 0.841288 0.841992 0.844734 0.849547 0.856490 0.865650 0.877145 0.891124 0.907778 0.927344 0.950110 0.946876 0.891631 0.844400 0.803759 0.768618 0.738124 0.711607 0.688530 0.668462 0.651055 0.636025 0.623141 0.612214 0.603092 0.595651 0.589795 0.585518 0.582968 0.581835 0.582107 0.583786 0.586893 0.591465 16279.000000 1.177597 0.802805
0.753317 0.736351 0.721833 0.709553 0.699340 0.691058 0.684600 0.679885 0.676853 0.675468 0.675714 0.677592 0.681127 0.686361 0.693359 0.702210 0.713031 0.725966 0.741198 0.758950 0.779498 0.803177 0.830404 0.861690 0.897673 0.934288 0.877843 0.829715 0.788391 0.752715 0.721791 0.694917 0.671531 0.651186 0.633518 0.618234 0.605094 0.593901 0.584498 0.576755 0.570571 0.565868 0.562585 0.560684 0.560140 0.560947 0.563115 0.566670 0.571657 0.583155 0.599101 0.617473 0.638595 0.662866 0.690785 0.722978 0.760239 0.803590 0.854367 0.914345 0.985935 1.000000 0.951308 0.909227 0.872724 0.840987 0.813367 0.789346 0.768501 0.750490 0.735034 0.721905 0.710921 0.701931 0.694818 0.689493 0.685889 0.683961 0.683686 0.685062 0.688104 0.692849 0.699358 0.705439 0.691606 0.679912 0.670195 0.662325 0.656200 0.651742 0.648898 0.647632 0.647929 0.649791 0.653244 0.658327 0.665105 0.673664 0.684115 0.696600 0.711296 0.728417 0.748229 0.771060 0.797308 0.801967 0.783358 0.767399 0.753857 0.742543 0.733304 0.726019 0.720597 0.716970 0.715093 0.714943 0.716520 0.719841 0.724948 0.731904 0.740797 0.751741 0.764884 0.780409 0.798540 0.819555 0.795685 0.772990 11867.000000 1.127687 0.781828
0.663632 0.677750 0.694191 0.713211 0.735123 0.760314 0.776540 0.768495 0.762433 0.758279 0.755981 0.755511 0.756864 0.760057 0.765127 0.772138 0.781178 0.792364 0.805845 0.821806 0.840478 0.846793 0.801897 0.763267 0.729866 0.700883 0.675680 0.653747 0.634674 0.618129 0.603842 0.591594 0.581206 0.572531 0.565454 0.559882 0.555744 0.552990 0.551585 0.551512 0.552771 0.555377 0.559361 0.564773 0.571682 0.580177 0.590371 0.602408 0.616462 0.630978 0.645218 0.661747 0.680828 0.702785 0.728019 0.757023 0.790418 0.828984 0.873720 0.925917 0.987277 1.000000 0.939006 0.887039 0.842446 0.803966 0.770623 0.741651 0.716441 0.694508 0.675456 0.658967 0.644780 0.632683 0.622504 0.614103 0.607370 0.602217 0.598582 0.596418 0.595699 0.596418 0.598582 0.598343 0.595367 0.593844 0.593756 0.595101 0.597896 0.602175 0.607991 0.615417 0.624550 0.635513 0.648457 0.663571 0.681087 0.701288 0.724522 0.751220 0.781918 0.817283 0.858165 0.905648 0.882213 0.840944 0.805217 0.774190 0.747200 0.723713 0.703299 0.685613 0.670369 0.657338 0.646331 0.637196 0.629812 0.624084 0.619938 0.617325 0.616212 0.616586 0.618451 0.621830 0.626764 0.633316 0.641567 0.651627 827.000000 1.126588 0.761222
1.000000 0.937337 0.883819 0.837992 0.798512 0.764343 0.734676 0.708869 0.686412 0.666891 0.649972 0.635383 0.622902 0.612350 0.603578 0.596471 0.590936 0.586904 0.584325 0.583167 0.583417 0.584654 0.579526 0.575863 0.573618 0.572766 0.573295 0.575213 0.578541 0.583322 0.589615 0.597500 0.607081 0.618489 0.631885 0.647468 0.665484 0.686231 0.710079 0.737485 0.734158 0.721722 0.711387 0.703013 0.696492 0.691742 0.688704 0.687342 0.687638 0.689597 0.693241 0.698617 0.705790 0.714851 0.725920 0.739146 0.754715 0.772855 0.777443 0.782642 0.789826 0.799086 0.810541 0.824345 0.840687 0.859803 0.881984 0.907583 0.910845 0.863597 0.822894 0.787668 0.757082 0.730477 0.707325 0.687199 0.669757 0.654716 0.641847 0.630966 0.621921 0.614591 0.608882 0.604721 0.602058 0.600859 0.601110 0.602813 0.605991 0.597683 0.589570 0.583061 0.578070 0.574537 0.572418 0.571686 0.572333 0.574367 0.577813 0.582712 0.589126 0.597138 0.606853 0.618403 0.631954 0.647707 0.665911 0.686871 0.710961 0.714844 0.710528 0.707960 0.707107 0.707960 0.710528 0.714844 0.720960 0.728953 0.738925 0.751008 0.765367 0.782207 0.801780 0.824395 0.850430 0.880354 0.914744 0.954323 6669.500000 1.364491 0.829235
0.777034 0.825271 0.828903 0.782935 0.743494 0.709464 0.679979 0.654361 0.632070 0.612676 0.595829 0.581246 0.568697 0.557995 0.548986 0.541547 0.535580 0.531009 0.527776 0.525840 0.525180 0.525786 0.527667 0.530844 0.535358 0.541263 0.548638 0.542001 0.520419 0.501652 0.485319 0.471116 0.458794 0.448153 0.439028 0.431285 0.424816 0.419534 0.415370 0.412272 0.410200 0.409130 0.409048 0.409954 0.411858 0.414784 0.418767 0.423859 0.430125 0.437650 0.446537 0.456917 0.468946 0.482822 0.498781 0.517120 0.538205 0.562495 0.590572 0.623179 0.661283 0.706162 0.759539 0.823792 0.902296 1.000000 0.921204 0.842552 0.778001 0.724258 0.678990 0.640500 0.607524 0.579105 0.554502 0.533136 0.514549 0.498375 0.484318 0.472138 0.461641 0.452667 0.445087 0.438797 0.433712 0.429767 0.426912 0.425113 0.424347 0.424604 0.425888 0.428215 0.431613 0.436125 0.441807 0.448734 0.457001 0.466724 0.478046 0.491143 0.506233 0.523580 0.543514 0.541352 0.532017 0.524240 0.517917 0.512966 0.509324 0.506946 0.505803 0.505881 0.507181 0.509719 0.513525 0.518648 0.525152 0.533122 0.542665 0.553915 0.567036 0.582230 0.599746 0.619887 0.643032 0.669648 0.700322 0.735799 2568.000000 1.792906 0.665682
0.763835 0.760361 0.758739 0.758948 0.760991 0.764892 0.770700 0.778487 0.788351 0.800422 0.814861 0.831872 0.851704 0.874663 0.852428 0.822740 0.796906 0.774454 0.755001 0.738237 0.723907 0.711805 0.701763 0.693649 0.687357 0.682809 0.679947 0.678738 0.679167 0.681238 0.684977 0.690430 0.697664 0.706772 0.717874 0.731120 0.746696 0.735786 0.725839 0.717863 0.711757 0.707444 0.704870 0.704005 0.704839 0.707380 0.711660 0.717732 0.725672 0.735582 0.734644 0.732466 0.732060 0.733420 0.736563 0.741526 0.748373 0.757188 0.768085 0.781211 0.796745 0.814913 0.835990 0.860314 0.888299 0.920459 0.957428 1.000000 0.967847 0.925478 0.888714 0.856744 0.828923 0.804729 0.783742 0.765619 0.750082 0.736903 0.717657 0.700979 0.686676 0.674537 0.664392 0.656106 0.649569 0.644699 0.641435 0.639738 0.639586 0.640978 0.643931 0.648481 0.654683 0.662618 0.672387 0.684120 0.697982 0.714174 0.721244 0.716346 0.713222 0.711832 0.712160 0.714209 0.718006 0.723595 0.731047 0.740456 0.751946 0.765671 0.781826 0.800647 0.822427 0.847524 0.860664 0.844371 0.830647 0.819304 0.810192 0.803195 0.798224 0.795218 0.794140 0.794978 0.797461 0.785907 0.776528 0.769201 1102.500000 1.235716 0.880783
0.886866 0.953079 0.943439 0.869358 0.807868 0.756203 0.712362 0.674863 0.642585 0.614667 0.590437 0.569364 0.551026 0.535080 0.521252 0.509317 0.499092 0.490427 0.483202 0.477321 0.472705 0.469298 0.467057 0.465954 0.465977 0.467125 0.469412 0.472866 0.477531 0.483465 0.490745 0.499470 0.509761 0.521768 0.525253 0.516182 0.508625 0.502478 0.497663 0.494118 0.491800 0.490680 0.490744 0.491994 0.494445 0.498126 0.503084 0.509380 0.517098 0.526341 0.537238 0.549949 0.564669 0.581638 0.601152 0.623575 0.649361 0.679078 0.713446 0.753391 0.800115 0.855215 0.920847 1.000000 0.937049 0.864797 0.804688 0.754092 0.711093 0.674270 0.642545 0.615086 0.591244 0.570504 0.552456 0.536768 0.523172 0.511450 0.501423 0.492946 0.485902 0.480197 0.475758 0.472527 0.470466 0.469550 0.469766 0.471118 0.473622 0.477309 0.482224 0.488431 0.496010 0.505064 0.515720 0.528135 0.542502 0.559057 0.578091 0.582324 0.568627 0.556871 0.546881 0.538518 0.531668 0.526243 0.522172 0.519405 0.517909 0.517665 0.518670 0.520936 0.524491 0.529379 0.535662 0.543421 0.552758 0.563805 0.576719 0.591698 0.608982 0.628867 0.651717 0.677985 0.708238 0.743190 0.783758 0.831128 1367.000000 1.788948 0.664979
0.544730 0.578109 0.617431 0.664210 0.720535 0.789377 0.875094 0.827150 0.777534 0.735204 0.698842 0.667439 0.640213 0.616549 0.595956 0.578041 0.562488 0.549038 0.537481 0.527645 0.519392 0.512608 0.507206 0.503116 0.500286 0.498683 0.498287 0.499093 0.501111 0.504365 0.508896 0.514760 0.522033 0.530811 0.541217 0.553398 0.567538 0.583864 0.602652 0.624243 0.649060 0.677632 0.710626 0.702899 0.658593 0.620949 0.588717 0.560951 0.536921 0.516057 0.497909 0.482116 0.468388 0.456489 0.446228 0.437449 0.430025 0.423852 0.418849 0.414951 0.412108 0.410286 0.409462 0.409626 0.410780 0.412938 0.416127 0.420386 0.425769 0.432348 0.440209 0.449465 0.460251 0.472735 0.487120 0.503660 0.522667 0.544527 0.569728 0.598887 0.632799 0.672500 0.719364 0.775257 0.842769 0.925603 1.000000 0.887186 0.798974 0.728314 0.670621 0.622787 0.582633 0.548585 0.519479 0.494437 0.472784 0.453997 0.437660 0.423442 0.411078 0.400353 0.391091 0.383151 0.376415 0.370790 0.366199 0.362584 0.359898 0.358108 0.357192 0.357138 0.357947 0.359628 0.362201 0.365699 0.370166 0.375659 0.382253 0.390038 0.399129 0.409664 0.421814 0.435789 0.451847 0.470310 0.491581 0.516170 1501.500000 1.475595 0.571688
0.891980 0.923539 0.959811 1.000000 0.969073 0.942203 0.918937 0.898906 0.881809 0.867400 0.855483 0.845899 0.838525 0.833268 0.830064 0.828874 0.829683 0.832501 0.837363 0.844328 0.853483 0.864945 0.878865 0.895434 0.914885 0.937509 0.947814 0.924616 0.904654 0.887630 0.873299 0.861466 0.851974 0.844702 0.839558 0.836480 0.835430 0.836394 0.839385 0.844440 0.851619 0.854668 0.834767 0.817697 0.803208 0.791095 0.781197 0.773383 0.767555 0.763640 0.761590 0.761381 0.763009 0.766495 0.771880 0.779233 0.788645 0.800239 0.814169 0.825153 0.822718 0.822272 0.823810 0.827350 0.832937 0.840638 0.850552 0.862805 0.877562 0.895026 0.915449 0.939141 0.966483 0.962523 0.940871 0.922344 0.906674 0.893645 0.883083 0.874850 0.868843 0.864988 0.863237 0.863569 0.865989 0.870525 0.870154 0.857659 0.847531 0.839638 0.833882 0.830190 0.828518 0.828845 0.831176 0.835539 0.841987 0.850600 0.861488 0.874793 0.890695 0.909417 0.931235 0.920051 0.888944 0.861881 0.838376 0.818038 0.800547 0.785640 0.773107 0.762777 0.754512 0.748208 0.743786 0.741190 0.740390 0.741376 0.744160 0.748775 0.755279 0.763752 0.774305 0.787076 0.802240 0.820015 0.840666 0.864521 8530.500000 1.146692 0.900521
0.538778 0.512513 0.489816 0.470127 0.453010 0.438114 0.425157 0.413914 0.404198 0.395860 0.388777 0.382849 0.377996 0.374154 0.371276 0.369324 0.368275 0.368116 0.368846 0.370472 0.373016 0.376509 0.380994 0.386529 0.393189 0.401065 0.410272 0.420950 0.433270 0.447443 0.463730 0.482454 0.504018 0.528935 0.557856 0.591632 0.631379 0.678605 0.735381 0.804641 0.890672 1.000000 0.977623 0.860444 0.770005 0.698292 0.640209 0.592365 0.552412 0.518679 0.489941 0.465282 0.444005 0.425569 0.409551 0.395613 0.383486 0.372952 0.363834 0.355989 0.349299 0.343668 0.339019 0.335292 0.332438 0.330421 0.329217 0.328811 0.329198 0.330383 0.332380 0.335214 0.338920 0.343545 0.349152 0.355816 0.363632 0.372718 0.383216 0.395302 0.409194 0.425159 0.443533 0.464736 0.489306 0.517937 0.551538 0.591324 0.638956 0.696759 0.768096 0.826386 0.780167 0.740533 0.706351 0.676744 0.651024 0.628646 0.609175 0.592257 0.577608 0.564994 0.554226 0.545150 0.537640 0.531597 0.526945 0.523623 0.521592 0.520827 0.521317 0.523070 0.526107 0.530464 0.536197 0.543378 0.552102 0.562489 0.574684 0.588870 0.605270 0.624155 0.645863 0.670810 0.697682 0.647316 0.605092 0.569326 627.000000 1.692924 0.547449
0.693627 0.701679 0.711654 0.710314 0.704733 0.700915 0.698812 0.698399 0.699672 0.702645 0.707355 0.713859 0.722241 0.732607 0.745097 0.759882 0.777176 0.797240 0.820398 0.847042 0.877660 0.912857 0.883927 0.852935 0.825965 0.802523 0.782207 0.764691 0.749709 0.737044 0.726521 0.717999 0.711370 0.706548 0.703474 0.702111 0.702442 0.704472 0.708224 0.713745 0.721104 0.730394 0.741737 0.755286 0.771232 0.789809 0.811306 0.836076 0.864556 0.897281 0.934923 0.925755 0.887395 0.854063 0.825060 0.799825 0.777907 0.758938 0.742619 0.728705 0.716998 0.707338 0.699599 0.693680 0.689507 0.687030 0.686217 0.687060 0.689568 0.693772 0.699723 0.707497 0.717193 0.728938 0.742894 0.759260 0.778280 0.800255 0.825554 0.814564 0.791511 0.771534 0.754313 0.739587 0.727143 0.716809 0.708448 0.701950 0.697236 0.694246 0.692943 0.693313 0.695359 0.699106 0.704600 0.711911 0.721130 0.732378 0.745808 0.761609 0.780013 0.801308 0.825843 0.854050 0.886464 0.923748 0.966737 1.000000 0.950697 0.908112 0.871187 0.839091 0.811160 0.786863 0.765770 0.747533 0.731866 0.718538 0.707360 0.698181 0.690880 0.685365 0.681565 0.679436 0.678950 0.680102 0.682906 0.687396 3740.500000 1.066723 0.823818
0.979806 0.960640 0.926506 0.896802 0.870976 0.848583 0.829260 0.812712 0.798698 0.787023 0.777530 0.770097 0.764630 0.761060 0.759343 0.759461 0.761412 0.765222 0.770937 0.778628 0.788392 0.800357 0.814684 0.827070 0.784490 0.747792 0.716023 0.688433 0.664432 0.643547 0.625395 0.609667 0.596112 0.584524 0.574736 0.566614 0.560048 0.554954 0.551268 0.548944 0.547954 0.548287 0.549945 0.552950 0.557338 0.563163 0.570500 0.579446 0.590121 0.602676 0.617296 0.634208 0.653693 0.676094 0.701834 0.731445 0.765589 0.800012 0.792633 0.787270 0.783853 0.782343 0.782721 0.784991 0.789182 0.795343 0.803552 0.813914 0.826564 0.841673 0.859454 0.880169 0.904138 0.931757 0.963511 1.000000 0.948394 0.896594 0.852106 0.813692 0.780391 0.751447 0.726261 0.704350 0.685326 0.668870 0.654727 0.642686 0.632576 0.624260 0.617628 0.612596 0.609101 0.607100 0.606568 0.607500 0.609906 0.613816 0.619277 0.626360 0.635154 0.637747 0.625592 0.615347 0.606870 0.600050 0.594798 0.591049 0.588756 0.587892 0.588446 0.590424 0.593852 0.598770 0.605241 0.613347 0.623195 0.634919 0.648685 0.664697 0.683209 0.704526 0.729029 0.757189 0.789589 0.826968 0.870262 0.920681 583.500000 1.493019 0.803572
0.775608 0.751917 0.731340 0.713533 0.698214 0.685155 0.674170 0.665109 0.657852 0.652305 0.648401 0.646090 0.645345 0.646157 0.648535 0.652508 0.658125 0.665457 0.674598 0.685668 0.698820 0.714239 0.732159 0.718601 0.686343 0.658375 0.634064 0.612909 0.594506 0.578529 0.564713 0.552842 0.542741 0.534266 0.527303 0.521759 0.517565 0.514668 0.513032 0.512637 0.513479 0.515568 0.518930 0.523605 0.529653 0.537151 0.546199 0.556922 0.569474 0.584044 0.598754 0.612071 0.627540 0.645407 0.665973 0.689608 0.716773 0.748041 0.784138 0.825986 0.874778 0.932083 1.000000 0.996877 0.927196 0.868575 0.818782 0.776156 0.739442 0.707673 0.680092 0.656101 0.635224 0.617075 0.601342 0.587773 0.576160 0.566335 0.558161 0.551530 0.546355 0.542572 0.540132 0.539008 0.534306 0.529187 0.525420 0.522956 0.521766 0.521836 0.523167 0.525774 0.529690 0.534963 0.541660 0.549869 0.559699 0.571288 0.584807 0.600462 0.618509 0.639262 0.663110 0.690534 0.722138 0.733170 0.717701 0.704534 0.693482 0.684394 0.677152 0.671663 0.667857 0.665690 0.665133 0.666182 0.668847 0.673162 0.679179 0.686976 0.696651 0.708333 0.722183 0.738400 0.757228 0.778968 0.803986 0.802837 1152.000000 1.357363 0.767071
0.994234 1.000000 0.966652 0.937642 0.912457 0.890679 0.871968 0.856046 0.842690 0.831717 0.822983 0.816376 0.811816 0.809244 0.808631 0.809968 0.813273 0.818584 0.825969 0.835519 0.847357 0.824090 0.778718 0.739771 0.706154 0.677020 0.651702 0.629672 0.610506 0.593860 0.579456 0.567069 0.556512 0.547637 0.540322 0.534470 0.530006 0.526875 0.529633 0.541443 0.555159 0.571000 0.589233 0.610186 0.634270 0.661992 0.693998 0.731106 0.774377 0.825207 0.885460 0.887049 0.866762 0.849383 0.834658 0.822382 0.812391 0.804555 0.798775 0.794978 0.793119 0.793175 0.795147 0.799058 0.804957 0.812917 0.823038 0.835452 0.850327 0.867869 0.845840 0.825191 0.807426 0.792278 0.779530 0.769010 0.760578 0.754126 0.749574 0.746864 0.745964 0.746864 0.749574 0.754126 0.760578 0.769010 0.779530 0.792278 0.807426 0.825191 0.845840 0.869697 0.844443 0.804607 0.770132 0.740200 0.714164 0.691507 0.671811 0.654741 0.640019 0.627424 0.616772 0.607916 0.600737 0.595142 0.591062 0.588445 0.586572 0.586088 0.587018 0.589373 0.593181 0.598491 0.605368 0.613901 0.624203 0.636416 0.650715 0.667317 0.686485 0.708544 0.733894 0.763032 0.796578 0.835314 0.880239 0.932646 4668.000000 1.118993 0.787190
0.632058 0.601022 0.574211 0.550960 0.530747 0.513158 0.497858 0.484577 0.473097 0.463238 0.454856 0.447830 0.442068 0.437492 0.434045 0.431684 0.430379 0.430116 0.430890 0.432711 0.435602 0.439597 0.444748 0.451121 0.458801 0.467893 0.478529 0.490869 0.505113 0.521501 0.540334 0.561982 0.586911 0.615706 0.649116 0.688114 0.733978 0.788427 0.853825 0.933504 1.000000 0.899237 0.818714 0.753091 0.698766 0.653219 0.614637 0.581681 0.553345 0.528856 0.507614 0.489145 0.473073 0.459094 0.446963 0.436482 0.427487 0.419846 0.413452 0.408219 0.404078 0.400976 0.398875 0.397749 0.397585 0.398380 0.400144 0.402899 0.406679 0.411531 0.417518 0.424720 0.433237 0.443192 0.454737 0.468057 0.483380 0.500989 0.521232 0.544547 0.571487 0.602759 0.639280 0.682263 0.733335 0.794743 0.869661 0.848903 0.797095 0.752957 0.715083 0.682402 0.654084 0.629479 0.608069 0.589442 0.573262 0.559257 0.547208 0.536933 0.528286 0.521148 0.515426 0.511046 0.507954 0.506110 0.505493 0.506096 0.507925 0.511002 0.515367 0.521073 0.528193 0.536821 0.547076 0.559104 0.573084 0.589237 0.607834 0.629208 0.653773 0.682043 0.714669 0.752476 0.796533 0.760453 0.710474 0.668170 1321.500000 1.318589 0.587767
