0.437351 0.443432 0.450785 0.459512 0.469737 0.481614 0.495332 0.511122 0.529268 0.550124 0.574132 0.601846 0.633977 0.671441 0.715442 0.767594 0.830103 0.906073 1.000000 0.980402 0.914437 0.858728 0.811258 0.770521 0.735367 0.704904 0.678434 0.655402 0.635363 0.617958 0.602894 0.589935 0.578886 0.569590 0.561921 0.555777 0.551183 0.550867 0.551881 0.554236 0.557961 0.563102 0.569724 0.577913 0.587777 0.599453 0.613109 0.628952 0.647237 0.668274 0.692449 0.720240 0.752242 0.789210 0.832107 0.863965 0.821553 0.784913 0.753138 0.725515 0.701477 0.680568 0.662419 0.646731 0.633258 0.621803 0.612204 0.604330 0.598078 0.593370 0.590146 0.588366 0.588009 0.589071 0.591565 0.595520 0.600987 0.598904 0.598132 0.598804 0.600926 0.604525 0.609644 0.616349 0.624724 0.634881 0.646958 0.661127 0.677599 0.680729 0.674975 0.670919 0.668513 0.667727 0.668552 0.670997 0.675092 0.680889 0.688458 0.697898 0.709332 0.722919 0.738850 0.757366 0.778757 0.803384 0.831688 0.864218 0.901656 0.944864 0.901845 0.814148 0.743627 0.685871 0.637865 0.597485 0.563189 0.533833 0.508550 0.486673 0.467681 0.451161 0.436785 0.424288 0.424401 0.426028 0.428705 0.432463 4271.000000 1.084474 0.650548
0.881698 0.853920 0.829777 0.808857 0.790824 0.775405 0.762377 0.751561 0.742811 0.736016 0.731089 0.727970 0.726620 0.727023 0.729185 0.733131 0.738909 0.734504 0.714403 0.697008 0.682044 0.669288 0.658557 0.649705 0.642616 0.637199 0.633385 0.631128 0.630400 0.631192 0.633515 0.637396 0.642884 0.650046 0.658975 0.669789 0.682636 0.697698 0.715203 0.735425 0.758706 0.785462 0.816213 0.851605 0.892453 0.890488 0.872747 0.857726 0.845214 0.835046 0.827087 0.821239 0.817429 0.815609 0.815758 0.817878 0.821995 0.828158 0.836445 0.846960 0.859841 0.875261 0.893436 0.914632 0.939175 0.967467 1.000000 0.968215 0.915346 0.869938 0.830730 0.796740 0.767198 0.741490 0.719126 0.699708 0.682913 0.668477 0.656188 0.645870 0.637383 0.630616 0.625483 0.621918 0.619878 0.619339 0.620294 0.622755 0.626751 0.632332 0.639567 0.648551 0.659402 0.672269 0.687338 0.687484 0.686655 0.687484 0.689978 0.694169 0.700108 0.707869 0.717553 0.729287 0.743231 0.759584 0.778590 0.800551 0.825833 0.854892 0.877509 0.867083 0.858948 0.853000 0.849165 0.847397 0.847674 0.849999 0.854402 0.860935 0.869680 0.880748 0.894284 0.910469 0.929532 0.951753 0.950312 0.913618 1117.500000 1.325233 0.854055
0.765977 0.793348 0.816074 0.790771 0.768786 0.749748 0.733354 0.719358 0.707558 0.697793 0.689934 0.683879 0.679552 0.676900 0.675890 0.676511 0.678770 0.682694 0.688331 0.695753 0.705053 0.716355 0.729811 0.745614 0.763997 0.785249 0.809724 0.837856 0.870186 0.907385 0.950298 1.000000 0.991677 0.940508 0.896414 0.858245 0.825100 0.796266 0.771175 0.749367 0.730470 0.714181 0.700252 0.688484 0.678712 0.670807 0.664667 0.660215 0.649967 0.634255 0.620745 0.609235 0.599563 0.591596 0.585229 0.580381 0.576991 0.575018 0.574438 0.575243 0.577443 0.581066 0.586155 0.592775 0.601010 0.610970 0.622792 0.636644 0.652735 0.671319 0.692710 0.717294 0.745549 0.778073 0.815619 0.859147 0.909898 0.957914 0.922701 0.892058 0.865403 0.842265 0.822261 0.805080 0.790468 0.778217 0.768163 0.760174 0.754147 0.750008 0.747705 0.747211 0.748519 0.751646 0.756630 0.763532 0.772439 0.783466 0.796760 0.812504 0.830925 0.849938 0.815184 0.784978 0.758692 0.735825 0.715971 0.698799 0.684041 0.671478 0.660931 0.652258 0.645343 0.640100 0.636462 0.634385 0.633844 0.634831 0.637359 0.641460 0.647182 0.654598 0.663805 0.674923 0.688105 0.703542 0.721465 0.742160 6547.500000 1.247941 0.799577
0.901480 0.939490 0.983321 0.950945 0.871847 0.806691 0.752283 0.706345 0.667209 0.633628 0.604653 0.579547 0.557732 0.538751 0.522237 0.507891 0.503522 0.520680 0.540397 0.563076 0.589224 0.619484 0.654682 0.695898 0.744567 0.802635 0.872806 0.958954 1.000000 0.979291 0.961692 0.946955 0.934882 0.925313 0.918128 0.913237 0.910579 0.910124 0.911864 0.915821 0.922044 0.930610 0.941626 0.955234 0.971617 0.932122 0.875268 0.826829 0.785262 0.749394 0.718314 0.691308 0.667811 0.647366 0.629607 0.614238 0.601014 0.589738 0.580250 0.572419 0.566142 0.561340 0.557951 0.555934 0.555264 0.558397 0.567514 0.578350 0.591059 0.605832 0.622901 0.642553 0.665140 0.691098 0.720972 0.755448 0.795398 0.841952 0.893291 0.883740 0.876481 0.871422 0.868502 0.867684 0.868960 0.872344 0.877877 0.885628 0.895695 0.908206 0.923327 0.941267 0.962281 0.986687 0.945044 0.908314 0.876365 0.848561 0.824393 0.803445 0.785380 0.769924 0.756853 0.745985 0.737176 0.730311 0.725304 0.722093 0.720638 0.720923 0.719571 0.713016 0.708269 0.705274 0.703992 0.704409 0.706530 0.710380 0.716007 0.723480 0.732895 0.744375 0.758076 0.774191 0.792958 0.814668 0.839681 0.868436 910.500000 1.199304 0.708959
0.654831 0.645708 0.638352 0.632669 0.628587 0.626056 0.625045 0.625542 0.627553 0.631102 0.636232 0.643009 0.651518 0.661871 0.674209 0.688707 0.705578 0.725088 0.747559 0.773391 0.803075 0.837227 0.866209 0.838406 0.814233 0.793272 0.775184 0.759692 0.746571 0.735636 0.726744 0.719777 0.714647 0.711292 0.709669 0.709760 0.711565 0.715107 0.720429 0.727596 0.736700 0.747859 0.761223 0.776980 0.795359 0.816644 0.841182 0.869399 0.901823 0.892310 0.862919 0.837355 0.815170 0.795998 0.779542 0.765560 0.753854 0.744267 0.736673 0.730976 0.727105 0.725011 0.724671 0.726079 0.729253 0.734231 0.741076 0.749873 0.760735 0.764412 0.740628 0.719962 0.702063 0.686646 0.673479 0.662374 0.653177 0.645766 0.640047 0.635946 0.633414 0.632419 0.632950 0.635013 0.638632 0.643854 0.650742 0.659385 0.669896 0.681497 0.681335 0.682818 0.685963 0.690810 0.697418 0.705870 0.716276 0.728776 0.743542 0.760790 0.780784 0.803845 0.830371 0.860852 0.895897 0.936267 0.982927 1.000000 0.953765 0.913721 0.878936 0.848672 0.822337 0.799456 0.779641 0.762578 0.748008 0.735724 0.725557 0.717371 0.711062 0.706551 0.703781 0.702719 0.703352 0.694175 0.678895 0.665843 5055.000000 1.197963 0.841250
0.891060 0.826046 0.771606 0.725538 0.686221 0.652437 0.623254 0.597950 0.575953 0.556811 0.540160 0.525705 0.513208 0.502474 0.493344 0.485689 0.479405 0.474410 0.470640 0.468048 0.466603 0.466286 0.467094 0.469037 0.472138 0.476436 0.481985 0.488856 0.497141 0.506954 0.518436 0.531761 0.547142 0.564841 0.585180 0.608559 0.635478 0.666570 0.702640 0.744734 0.794228 0.852970 0.923498 1.000000 0.920149 0.854012 0.798540 0.751535 0.711375 0.676837 0.646984 0.621086 0.598568 0.578971 0.561928 0.547140 0.534365 0.523405 0.514099 0.506317 0.499953 0.494925 0.491168 0.488637 0.487299 0.487139 0.488154 0.490358 0.493776 0.498452 0.504444 0.511830 0.520708 0.531202 0.543464 0.557681 0.574082 0.592948 0.614628 0.639552 0.668261 0.701438 0.739957 0.784953 0.837926 0.900892 0.895277 0.835661 0.785262 0.742283 0.705376 0.673511 0.645889 0.621883 0.600993 0.582819 0.567038 0.553388 0.541653 0.531660 0.523267 0.516359 0.510846 0.506657 0.503740 0.502058 0.501593 0.502337 0.504300 0.507506 0.511995 0.517822 0.525062 0.533813 0.544193 0.556352 0.570472 0.586778 0.605545 0.627113 0.651903 0.680440 0.713388 0.751591 0.796143 0.848484 0.910538 0.969719 1789.000000 1.089378 0.602937
0.847290 0.829299 0.813977 0.801105 0.790510 0.782050 0.775618 0.771133 0.768541 0.767810 0.768931 0.771917 0.776806 0.783656 0.792555 0.803617 0.816988 0.832851 0.851435 0.873018 0.897943 0.926632 0.917178 0.877466 0.842997 0.813018 0.786928 0.764245 0.744576 0.727604 0.713067 0.700755 0.690496 0.682153 0.675617 0.670806 0.667660 0.666141 0.666230 0.667928 0.671257 0.676256 0.682987 0.691537 0.702016 0.714566 0.729361 0.746619 0.766605 0.789645 0.816140 0.846585 0.881596 0.921944 0.968607 1.000000 0.966375 0.937122 0.911719 0.889745 0.870853 0.854763 0.841247 0.830120 0.821237 0.814483 0.809774 0.807052 0.806284 0.807462 0.810598 0.815732 0.822926 0.832271 0.843887 0.857928 0.874587 0.894102 0.903192 0.867722 0.836873 0.810027 0.786685 0.766446 0.748981 0.734024 0.721356 0.710801 0.702217 0.695495 0.690547 0.687313 0.685754 0.685851 0.687604 0.691035 0.696187 0.703122 0.711929 0.722723 0.735649 0.750887 0.768661 0.789244 0.812973 0.840259 0.861659 0.846714 0.834254 0.824113 0.816158 0.810288 0.806431 0.804539 0.804590 0.806585 0.810546 0.816524 0.824592 0.834852 0.847438 0.862519 0.880306 0.901058 0.925094 0.920265 0.892407 0.868216 7542.000000 1.195566 0.847429
0.649015 0.645473 0.643512 0.643108 0.644255 0.646967 0.651278 0.657241 0.664931 0.674446 0.685915 0.699495 0.715381 0.733815 0.755091 0.779572 0.807704 0.840042 0.874561 0.860732 0.849347 0.840258 0.833347 0.828529 0.825744 0.824958 0.826162 0.829371 0.834623 0.841984 0.851545 0.863430 0.877796 0.894840 0.914807 0.916619 0.846393 0.787925 0.738678 0.696804 0.660930 0.630013 0.603247 0.580003 0.559782 0.542186 0.526893 0.513643 0.502223 0.492460 0.484214 0.483124 0.484917 0.487904 0.492121 0.497620 0.504473 0.512770 0.522624 0.534176 0.547600 0.563108 0.580960 0.601477 0.625057 0.652197 0.683523 0.719830 0.762151 0.811837 0.832492 0.811180 0.792794 0.777054 0.763731 0.752639 0.743631 0.736589 0.731425 0.728075 0.726498 0.726674 0.728606 0.732317 0.737853 0.745282 0.754699 0.766227 0.780020 0.796273 0.815223 0.837163 0.862452 0.891531 0.924945 0.963373 1.000000 0.930852 0.872615 0.823102 0.780686 0.744132 0.712488 0.685008 0.661103 0.640301 0.622221 0.606555 0.593052 0.581508 0.571755 0.563660 0.557114 0.552199 0.548836 0.546824 0.546137 0.546768 0.548723 0.552027 0.556721 0.562862 0.570531 0.579827 0.590879 0.603842 0.618912 0.636326 1627.000000 1.253345 0.764622
0.888242 0.937952 0.996097 1.000000 0.912718 0.841313 0.782018 0.732178 0.689873 0.653678 0.622517 0.595561 0.572164 0.551814 0.534105 0.532331 0.535422 0.539856 0.545690 0.552999 0.561877 0.572448 0.584859 0.599296 0.615986 0.635206 0.657299 0.682687 0.711900 0.745601 0.784635 0.810299 0.790612 0.773680 0.759248 0.747111 0.737104 0.729095 0.722981 0.718686 0.716157 0.715362 0.716293 0.718961 0.723398 0.729659 0.723128 0.702885 0.685350 0.670244 0.657339 0.646450 0.637426 0.630147 0.624521 0.620476 0.617962 0.616948 0.617423 0.619392 0.622879 0.627927 0.634598 0.642978 0.653177 0.665334 0.679620 0.696247 0.702706 0.710497 0.720216 0.731993 0.745989 0.762403 0.781480 0.803522 0.828899 0.858065 0.869792 0.838851 0.811925 0.788514 0.768214 0.750696 0.735692 0.722984 0.712395 0.703782 0.697034 0.692066 0.688815 0.687243 0.687330 0.689078 0.692507 0.694962 0.674066 0.655924 0.640235 0.626753 0.615280 0.605651 0.597737 0.591434 0.586661 0.583358 0.581486 0.581020 0.581957 0.584306 0.588096 0.593375 0.600209 0.608686 0.615703 0.620280 0.626447 0.634281 0.643884 0.655385 0.668946 0.684764 0.703084 0.724203 0.748489 0.776396 0.808487 0.845470 1727.500000 1.203763 0.762484
0.789147 0.822421 0.860789 0.905201 0.956874 1.000000 0.948382 0.903902 0.865398 0.831964 0.802879 0.777568 0.755570 0.736507 0.720075 0.706024 0.694151 0.684291 0.676315 0.670118 0.665622 0.662773 0.661534 0.661892 0.663851 0.667433 0.672684 0.679669 0.688476 0.699221 0.712049 0.727142 0.744720 0.758270 0.739986 0.724268 0.710880 0.699633 0.690373 0.682980 0.677357 0.673436 0.671167 0.670524 0.671497 0.674100 0.678364 0.684341 0.692107 0.701761 0.713431 0.727278 0.743499 0.762339 0.784096 0.809138 0.837918 0.870997 0.909075 0.953035 0.981611 0.927104 0.880342 0.839997 0.805042 0.774671 0.748246 0.725254 0.705281 0.687992 0.673113 0.660421 0.649735 0.640909 0.633826 0.628395 0.624548 0.622238 0.621437 0.622134 0.624339 0.628078 0.633397 0.640363 0.649065 0.659617 0.672165 0.686886 0.704000 0.723777 0.746547 0.772719 0.802797 0.837411 0.877352 0.923631 0.977550 0.930483 0.882552 0.841244 0.805483 0.774429 0.747413 0.723905 0.703473 0.685769 0.670511 0.657466 0.646446 0.637300 0.629906 0.624167 0.620012 0.617390 0.616268 0.616633 0.618490 0.621860 0.626785 0.633327 0.641569 0.651619 0.663612 0.677719 0.694147 0.713153 0.735048 0.760221 1400.500000 1.081887 0.752781
0.920009 0.954617 0.994419 0.991986 0.955826 0.924358 0.896988 0.873235 0.852709 0.835092 0.820124 0.807594 0.797333 0.789207 0.783112 0.778973 0.776739 0.776383 0.777900 0.781309 0.786652 0.793994 0.803429 0.815077 0.829095 0.824313 0.796989 0.773221 0.752590 0.734756 0.719441 0.706418 0.695503 0.686550 0.679441 0.674084 0.670414 0.668385 0.667972 0.669171 0.671996 0.676482 0.682684 0.690680 0.700573 0.712495 0.726610 0.743123 0.762283 0.784396 0.809840 0.839080 0.872691 0.908143 0.889170 0.873035 0.859508 0.848407 0.839585 0.832931 0.828362 0.825821 0.825278 0.826726 0.830183 0.835690 0.843316 0.853156 0.865339 0.880025 0.897417 0.917767 0.941381 0.968637 1.000000 0.962177 0.916657 0.877268 0.843072 0.813327 0.787443 0.764941 0.745435 0.728611 0.714212 0.702030 0.691895 0.683672 0.677255 0.672563 0.669537 0.668140 0.668356 0.670187 0.673656 0.678804 0.685696 0.694420 0.705090 0.717848 0.732875 0.750391 0.770666 0.794034 0.820903 0.851778 0.835354 0.816504 0.800372 0.786723 0.775369 0.766157 0.758969 0.753713 0.750324 0.748762 0.749007 0.751061 0.754951 0.760724 0.768451 0.778231 0.790191 0.804493 0.821337 0.840971 0.863698 0.889892 14768.500000 1.264568 0.846247
0.918735 0.959342 0.917676 0.880583 0.848337 0.820275 0.795866 0.774680 0.756368 0.740645 0.727278 0.716080 0.706898 0.699614 0.694133 0.690387 0.688331 0.687940 0.689208 0.692152 0.696806 0.703230 0.711503 0.721732 0.734054 0.748639 0.765697 0.785487 0.808327 0.834135 0.812902 0.794590 0.778921 0.765666 0.754642 0.745702 0.738730 0.733639 0.730365 0.728867 0.729129 0.731154 0.734965 0.740609 0.748157 0.757705 0.769377 0.783331 0.799763 0.818914 0.841080 0.866626 0.895999 0.929750 0.968569 1.000000 0.951465 0.909513 0.873118 0.841474 0.813935 0.789985 0.769203 0.751251 0.735850 0.722773 0.711839 0.702898 0.695835 0.690559 0.687005 0.685130 0.684911 0.686344 0.689448 0.694261 0.700841 0.709272 0.704575 0.698406 0.694000 0.691305 0.690288 0.690935 0.693255 0.697277 0.703049 0.710643 0.720158 0.731717 0.745478 0.761638 0.780434 0.802164 0.827188 0.855953 0.889008 0.927042 0.970920 0.941563 0.903305 0.870048 0.841108 0.815933 0.794079 0.775183 0.758952 0.745145 0.733567 0.724061 0.716502 0.710794 0.706866 0.704669 0.704177 0.705384 0.708304 0.712974 0.719450 0.727814 0.738174 0.750668 0.765468 0.782787 0.802887 0.826089 0.852787 0.883468 19890.500000 1.059323 0.819560
0.927875 0.976991 1.000000 0.943430 0.894958 0.853178 0.817006 0.785592 0.758263 0.734481 0.713813 0.695908 0.680477 0.667289 0.656153 0.646916 0.639454 0.633671 0.629495 0.626874 0.625776 0.626188 0.628115 0.631579 0.636625 0.643313 0.651731 0.661987 0.674222 0.688608 0.705358 0.724732 0.747051 0.772709 0.802193 0.836111 0.875225 0.872931 0.845178 0.821053 0.800140 0.782104 0.766669 0.753612 0.742752 0.733943 0.727072 0.722051 0.718820 0.717337 0.717586 0.719569 0.723311 0.728856 0.736275 0.745661 0.757137 0.770858 0.787017 0.805850 0.827649 0.852773 0.881659 0.914853 0.891970 0.853387 0.819898 0.790770 0.765422 0.743384 0.724275 0.707787 0.693666 0.681708 0.671746 0.663647 0.657306 0.652641 0.649597 0.648135 0.648238 0.649906 0.653161 0.658042 0.664610 0.672947 0.683163 0.695395 0.709814 0.726632 0.746107 0.768557 0.794373 0.824038 0.858151 0.897467 0.927875 0.885493 0.848768 0.816859 0.789093 0.764935 0.743952 0.725791 0.710165 0.696841 0.685630 0.676377 0.668961 0.663286 0.659281 0.656898 0.656107 0.656898 0.659281 0.663286 0.668961 0.676377 0.685630 0.696841 0.710165 0.725791 0.743952 0.764935 0.789093 0.816859 0.848768 0.885493 2560.000000 1.100722 0.776635
0.807824 0.735473 0.676512 0.627703 0.586782 0.552118 0.522509 0.497052 0.475051 0.455967 0.439374 0.424935 0.412376 0.401478 0.392061 0.383980 0.377115 0.371370 0.366668 0.362947 0.360159 0.358271 0.357258 0.357109 0.357822 0.359405 0.361878 0.365271 0.369628 0.375004 0.381471 0.389119 0.398058 0.408425 0.420387 0.434147 0.449959 0.468138 0.489074 0.513266 0.541347 0.574142 0.612738 0.658598 0.713737 0.781005 0.823677 0.774698 0.732884 0.696945 0.665895 0.638967 0.615558 0.595187 0.577468 0.562088 0.548794 0.537378 0.527674 0.519543 0.512875 0.507584 0.503602 0.500879 0.499382 0.499093 0.500008 0.502138 0.505509 0.510164 0.516159 0.523574 0.532507 0.543080 0.555448 0.569796 0.586355 0.605408 0.627302 0.652470 0.681453 0.714933 0.713970 0.664953 0.623640 0.588495 0.558373 0.532405 0.509918 0.490388 0.473397 0.458612 0.445763 0.434634 0.425046 0.416854 0.409941 0.404211 0.399589 0.396014 0.393442 0.391842 0.391193 0.391487 0.392729 0.394934 0.398127 0.402350 0.407656 0.414115 0.421815 0.430864 0.441396 0.453576 0.467606 0.483734 0.502267 0.523589 0.548181 0.576654 0.609797 0.648640 0.694554 0.749407 0.815801 0.897476 1.000000 0.898364 1863.500000 1.468625 0.572922
0.765246 0.815112 0.874182 0.944936 1.000000 0.943020 0.894222 0.852177 0.815786 0.784187 0.756700 0.732780 0.711988 0.693970 0.678435 0.665148 0.653916 0.644585 0.637029 0.631151 0.626877 0.624154 0.622948 0.623246 0.625051 0.628385 0.633288 0.639821 0.648069 0.631204 0.615048 0.601110 0.589178 0.579078 0.570670 0.563842 0.558505 0.554591 0.552053 0.550859 0.550994 0.552461 0.555277 0.559477 0.565112 0.572254 0.580997 0.591459 0.603785 0.618157 0.634796 0.653975 0.669196 0.656292 0.645403 0.636377 0.629094 0.623462 0.619408 0.616883 0.615856 0.616315 0.618266 0.621731 0.626754 0.633396 0.641744 0.651906 0.664021 0.678259 0.694832 0.713998 0.736075 0.761454 0.790619 0.824170 0.862867 0.907670 0.959821 0.926580 0.870256 0.822255 0.781056 0.745498 0.714684 0.687907 0.664608 0.644336 0.626730 0.611494 0.598389 0.587219 0.577825 0.570078 0.563877 0.559141 0.555813 0.553850 0.553229 0.553943 0.549025 0.535672 0.524185 0.514394 0.506159 0.499368 0.493930 0.489777 0.486857 0.485132 0.484583 0.485204 0.487000 0.489994 0.494224 0.499742 0.506618 0.514944 0.524834 0.536429 0.549903 0.565468 0.583386 0.603980 0.627648 0.654889 0.686330 0.722771 7225.000000 1.448908 0.748096
0.773744 0.784605 0.797725 0.813284 0.831505 0.850330 0.844951 0.841654 0.840400 0.841173 0.843982 0.848862 0.855873 0.865102 0.876667 0.885951 0.869000 0.854706 0.842872 0.833341 0.825992 0.820730 0.817493 0.816239 0.816955 0.819648 0.824351 0.831122 0.840046 0.851237 0.864842 0.881045 0.900077 0.922220 0.912983 0.885226 0.861119 0.840261 0.822324 0.807041 0.794193 0.783607 0.775141 0.768689 0.764169 0.761526 0.760727 0.761763 0.764646 0.769413 0.776120 0.784853 0.795723 0.808875 0.824488 0.805252 0.787375 0.772094 0.759189 0.748481 0.739830 0.733121 0.728273 0.725223 0.723936 0.724395 0.726606 0.730597 0.736415 0.744134 0.753852 0.765696 0.779826 0.796443 0.815792 0.838173 0.863957 0.865462 0.860697 0.858041 0.857460 0.858948 0.862522 0.868227 0.876133 0.886338 0.898976 0.914213 0.932260 0.953377 0.977884 1.000000 0.957095 0.919845 0.887443 0.859247 0.834735 0.813489 0.795166 0.779486 0.766223 0.755193 0.746248 0.739273 0.734179 0.730904 0.729407 0.729670 0.731697 0.735512 0.741162 0.748717 0.758274 0.769956 0.783922 0.800368 0.793933 0.781442 0.771167 0.762973 0.756755 0.752436 0.749962 0.749304 0.750453 0.753424 0.758252 0.764997 19825.000000 1.205571 0.907176
0.795884 0.827829 0.864617 0.907112 0.956425 0.963213 0.895326 0.838264 0.789829 0.748390 0.712714 0.681853 0.655065 0.631768 0.611493 0.593865 0.578580 0.564207 0.549250 0.536325 0.525230 0.515803 0.507909 0.501444 0.496322 0.492478 0.489864 0.488448 0.488213 0.489156 0.491289 0.494637 0.497898 0.494085 0.491505 0.490127 0.489933 0.490922 0.493105 0.496509 0.501176 0.507165 0.514554 0.523441 0.533949 0.533459 0.533021 0.533868 0.536012 0.539478 0.544309 0.550565 0.558328 0.567700 0.578810 0.591818 0.606919 0.624355 0.644421 0.667481 0.693987 0.724502 0.759738 0.800605 0.848278 0.904304 0.970758 1.000000 0.935572 0.880937 0.834230 0.794044 0.759296 0.729144 0.702925 0.680107 0.660265 0.643053 0.628190 0.612626 0.592437 0.574877 0.559638 0.546468 0.535164 0.525558 0.517515 0.510928 0.505709 0.501792 0.499129 0.497686 0.497447 0.495638 0.486937 0.479672 0.473745 0.469079 0.465615 0.463309 0.462134 0.462076 0.463133 0.465318 0.468658 0.473195 0.478986 0.486106 0.494651 0.504739 0.516517 0.530166 0.545907 0.564011 0.584814 0.608734 0.634291 0.637000 0.641283 0.647194 0.654807 0.664221 0.675560 0.688982 0.704680 0.722893 0.743911 0.768094 1614.500000 1.596871 0.730126
0.772949 0.779351 0.787422 0.796213 0.807169 0.820435 0.836192 0.854666 0.876132 0.900931 0.929480 0.962291 1.000000 0.966011 0.927686 0.894358 0.865355 0.840134 0.818257 0.799367 0.783174 0.769440 0.757975 0.748623 0.741263 0.735802 0.732172 0.730328 0.730248 0.731932 0.735399 0.740691 0.747876 0.757042 0.759366 0.754210 0.750921 0.749457 0.749803 0.751960 0.755957 0.761842 0.769687 0.779594 0.791691 0.806143 0.823151 0.842967 0.865898 0.892322 0.922702 0.957611 0.955977 0.921569 0.891624 0.865584 0.842996 0.823489 0.806765 0.792578 0.780729 0.771060 0.763443 0.757784 0.754011 0.752078 0.751962 0.756119 0.762588 0.771042 0.781590 0.794370 0.809559 0.827371 0.848074 0.871995 0.899534 0.931185 0.967561 0.941449 0.909519 0.881737 0.857608 0.836726 0.818762 0.803449 0.790567 0.779941 0.771431 0.764927 0.760349 0.757639 0.756766 0.757717 0.760506 0.765165 0.768751 0.761660 0.756505 0.753221 0.751769 0.752130 0.754311 0.758336 0.764255 0.772142 0.782098 0.794252 0.808769 0.825853 0.845756 0.868786 0.895324 0.923599 0.894992 0.870137 0.848614 0.830082 0.814262 0.800927 0.789893 0.781016 0.774180 0.769301 0.766316 0.765192 0.765913 0.768488 851.000000 1.175297 0.855440
0.763902 0.834782 0.921108 0.860125 0.808542 0.764534 0.726730 0.694081 0.665775 0.641171 0.619761 0.601135 0.584965 0.570982 0.558966 0.548740 0.540160 0.533109 0.527493 0.523242 0.520303 0.518639 0.518230 0.519071 0.521172 0.524559 0.529274 0.535376 0.542944 0.552078 0.562903 0.575576 0.590288 0.607272 0.626818 0.649280 0.675099 0.704824 0.739150 0.778964 0.739331 0.693454 0.654423 0.620967 0.592123 0.567145 0.545450 0.526575 0.510151 0.495879 0.483517 0.472868 0.463771 0.456095 0.449735 0.444607 0.440643 0.437796 0.436028 0.435319 0.435660 0.437056 0.439522 0.443090 0.447805 0.453725 0.460929 0.469516 0.479605 0.491347 0.504926 0.520566 0.538545 0.559206 0.582976 0.610392 0.642137 0.679090 0.722404 0.773610 0.834793 0.908863 1.000000 0.986344 0.885356 0.804886 0.739457 0.685394 0.640134 0.601842 0.569166 0.541092 0.516843 0.495819 0.477543 0.461639 0.447805 0.435794 0.425410 0.416488 0.408898 0.402533 0.397304 0.393145 0.390002 0.387835 0.386619 0.386338 0.386990 0.388581 0.391131 0.394672 0.399249 0.404920 0.411760 0.419865 0.429350 0.440358 0.453067 0.467691 0.484496 0.503814 0.526055 0.551742 0.581539 0.616308 0.657182 0.705684 17689.000000 1.406499 0.579094
0.911334 0.940395 0.973794 0.949342 0.927012 0.907846 0.891560 0.877926 0.866759 0.857914 0.851278 0.846767 0.844328 0.843930 0.845568 0.849263 0.855058 0.863028 0.873270 0.824578 0.781759 0.744874 0.712953 0.685238 0.661130 0.640151 0.621915 0.606108 0.592477 0.580814 0.570951 0.562750 0.556101 0.550920 0.547141 0.544716 0.543616 0.547374 0.554862 0.563935 0.574718 0.587363 0.602061 0.619042 0.638592 0.661062 0.686886 0.716606 0.750905 0.790653 0.836973 0.891339 0.955721 1.000000 0.970229 0.944388 0.922052 0.902873 0.886568 0.872907 0.861704 0.852815 0.846124 0.841549 0.839034 0.838548 0.840085 0.843664 0.849328 0.857148 0.867222 0.879680 0.894688 0.912453 0.933232 0.919505 0.877035 0.840249 0.808294 0.780492 0.756300 0.735281 0.717080 0.701406 0.688025 0.676746 0.667411 0.659899 0.654113 0.649979 0.647447 0.646486 0.647085 0.649251 0.653009 0.658406 0.662660 0.659280 0.657510 0.657329 0.658735 0.661745 0.666394 0.672742 0.680868 0.690877 0.702904 0.717115 0.733716 0.752961 0.775161 0.800697 0.802872 0.794245 0.787680 0.783093 0.780428 0.779653 0.780759 0.783759 0.788690 0.795611 0.804611 0.815805 0.829340 0.845403 0.864224 0.886085 5714.500000 1.208217 0.823496
0.801151 0.842005 0.889507 0.945103 0.939192 0.896889 0.860216 0.828341 0.800603 0.776473 0.755522 0.737402 0.721829 0.708571 0.697442 0.688289 0.680993 0.675460 0.671621 0.669429 0.668858 0.669900 0.672568 0.676894 0.682933 0.690759 0.700474 0.712206 0.726117 0.742407 0.761320 0.783158 0.808290 0.837173 0.870371 0.908590 0.952720 0.952108 0.900873 0.856829 0.818772 0.785764 0.757068 0.732095 0.710374 0.691522 0.675230 0.661244 0.649359 0.639406 0.631252 0.624789 0.619936 0.616631 0.614835 0.614525 0.615699 0.618369 0.622569 0.628350 0.635786 0.644973 0.656032 0.669117 0.684417 0.702165 0.722645 0.746207 0.773282 0.761372 0.748708 0.738207 0.729731 0.723170 0.718440 0.715485 0.714268 0.714773 0.717009 0.721000 0.726797 0.734472 0.744122 0.755874 0.769888 0.786362 0.805539 0.827719 0.853269 0.882640 0.916392 0.955220 1.000000 0.992606 0.929814 0.876478 0.830823 0.791501 0.757475 0.727936 0.702242 0.679882 0.660444 0.643594 0.629061 0.616621 0.606096 0.597340 0.590234 0.584687 0.580630 0.578011 0.576799 0.576979 0.578554 0.581542 0.585980 0.591923 0.599447 0.608650 0.619656 0.632620 0.647731 0.665223 0.685384 0.708565 0.735202 0.765838 3869.000000 1.199559 0.752694
0.819946 0.781385 0.748009 0.719028 0.693819 0.671881 0.652812 0.636287 0.622039 0.609852 0.599550 0.590991 0.584059 0.578666 0.574744 0.572244 0.571136 0.571406 0.573057 0.576110 0.580602 0.586588 0.594146 0.603373 0.614395 0.627366 0.642479 0.659966 0.680117 0.703284 0.729906 0.760527 0.795830 0.819524 0.797470 0.778398 0.762009 0.748062 0.736358 0.726738 0.719076 0.713275 0.709262 0.706987 0.706423 0.707563 0.710421 0.715032 0.721453 0.729763 0.740072 0.752514 0.767262 0.784527 0.804571 0.827711 0.854341 0.884945 0.920121 0.960620 1.000000 0.934601 0.879219 0.831925 0.791269 0.756138 0.725668 0.699177 0.676124 0.656073 0.638671 0.623632 0.610722 0.599751 0.590566 0.583040 0.577077 0.572600 0.569554 0.567901 0.567621 0.568710 0.571182 0.575068 0.580414 0.587289 0.595781 0.606004 0.618099 0.632240 0.648643 0.667571 0.689347 0.714371 0.743137 0.776267 0.814542 0.837521 0.812708 0.791174 0.772564 0.756591 0.743019 0.731656 0.722350 0.714978 0.709448 0.705689 0.703656 0.703324 0.704689 0.707768 0.712599 0.719240 0.727776 0.738317 0.751004 0.766012 0.783558 0.803909 0.827392 0.854408 0.885454 0.921143 0.962245 0.978457 0.916963 0.864703 1836.000000 1.326774 0.763276
0.709784 0.734314 0.762503 0.794934 0.832340 0.875654 0.926078 0.919390 0.870000 0.827538 0.790845 0.759018 0.731348 0.707268 0.686324 0.668148 0.652441 0.638960 0.627506 0.617917 0.610065 0.603846 0.599181 0.596013 0.594303 0.594029 0.595189 0.597796 0.601882 0.607499 0.614716 0.623626 0.618123 0.607151 0.597977 0.590477 0.584554 0.580132 0.577156 0.575591 0.575416 0.576631 0.579248 0.583302 0.588841 0.595935 0.604677 0.615184 0.627601 0.642108 0.658927 0.678328 0.700646 0.726292 0.755776 0.789738 0.828988 0.874560 0.927799 0.990481 1.000000 0.930317 0.871677 0.821853 0.779192 0.742442 0.710637 0.683024 0.659004 0.638101 0.619931 0.604182 0.590602 0.578982 0.569156 0.560986 0.554365 0.549205 0.545442 0.543031 0.541940 0.542157 0.543684 0.546540 0.550761 0.556398 0.563523 0.572230 0.582635 0.594885 0.609161 0.625683 0.644723 0.666614 0.691770 0.720702 0.754057 0.792650 0.837534 0.890079 0.846260 0.806973 0.772952 0.743402 0.717693 0.695323 0.675883 0.659046 0.644542 0.632153 0.621701 0.613041 0.606060 0.600666 0.596793 0.594392 0.593434 0.593908 0.595819 0.599190 0.604064 0.610500 0.618581 0.628413 0.640129 0.653897 0.669918 0.688445 1069.000000 1.204032 0.714371
0.844640 0.793091 0.749173 0.711488 0.678970 0.650794 0.626312 0.605009 0.586475 0.570376 0.556441 0.544452 0.534228 0.525624 0.518522 0.512829 0.508470 0.505393 0.503558 0.502944 0.503543 0.505363 0.508424 0.512766 0.518443 0.525527 0.534111 0.544314 0.556280 0.570189 0.586260 0.604762 0.626028 0.650467 0.678594 0.711053 0.748668 0.792500 0.843944 0.904861 0.977796 1.000000 0.914149 0.843745 0.785167 0.735852 0.693938 0.658042 0.627114 0.600343 0.577098 0.556877 0.539281 0.523986 0.510732 0.499304 0.489531 0.481269 0.474406 0.468850 0.464528 0.461386 0.459387 0.458504 0.458727 0.460060 0.462518 0.466131 0.470944 0.477020 0.484436 0.493294 0.503717 0.515861 0.529912 0.546103 0.564718 0.586108 0.610712 0.639079 0.671907 0.710094 0.754811 0.807615 0.870617 0.946755 0.994494 0.920714 0.859053 0.806954 0.762545 0.724423 0.691518 0.663000 0.638217 0.616653 0.597892 0.581598 0.567499 0.555375 0.545043 0.536357 0.529198 0.523473 0.519107 0.516046 0.514253 0.513706 0.514397 0.516336 0.519546 0.524067 0.529955 0.537286 0.546157 0.556689 0.569033 0.583374 0.599940 0.619009 0.640924 0.666112 0.695103 0.728568 0.767360 0.812584 0.865687 0.905690 5056.000000 1.155612 0.599834
0.632632 0.607953 0.586487 0.567806 0.551567 0.537489 0.525346 0.514953 0.506159 0.498841 0.492903 0.488267 0.484875 0.482684 0.481668 0.481815 0.483126 0.485617 0.489319 0.487525 0.480972 0.475724 0.471713 0.468889 0.467218 0.466679 0.467265 0.468985 0.471858 0.475920 0.481222 0.487831 0.495836 0.505346 0.516497 0.529455 0.544425 0.561659 0.581466 0.604230 0.630429 0.660668 0.695714 0.736560 0.784509 0.841304 0.909325 0.991913 1.000000 0.934134 0.878395 0.830821 0.789941 0.754628 0.724007 0.697388 0.674224 0.654075 0.636584 0.621462 0.608474 0.597427 0.588166 0.580565 0.574524 0.569967 0.566836 0.565094 0.555367 0.547245 0.540642 0.535470 0.531665 0.529180 0.527984 0.528062 0.529416 0.532062 0.536033 0.541377 0.548163 0.556479 0.566437 0.578175 0.591867 0.588639 0.578911 0.570853 0.564357 0.559339 0.555737 0.553505 0.552618 0.553063 0.554848 0.557992 0.562535 0.568533 0.576064 0.585225 0.596142 0.608969 0.623896 0.641157 0.644962 0.645500 0.647601 0.651290 0.656612 0.663634 0.672445 0.683161 0.695928 0.710926 0.728378 0.748558 0.771800 0.798516 0.829218 0.864542 0.905286 0.952469 0.891457 0.829086 0.776620 0.732057 0.693913 0.661060 1809.500000 1.556919 0.722303
0.889088 0.866741 0.847482 0.831018 0.817113 0.805574 0.796248 0.789014 0.783782 0.780487 0.779089 0.779570 0.781937 0.786218 0.792465 0.800757 0.811200 0.823930 0.839119 0.856982 0.877783 0.884713 0.864567 0.847315 0.832704 0.820532 0.810635 0.802886 0.797185 0.793463 0.791674 0.791796 0.793831 0.797682 0.794587 0.793420 0.794167 0.796836 0.801461 0.808098 0.816830 0.827769 0.841058 0.856879 0.875457 0.897066 0.885477 0.861154 0.840101 0.821986 0.806538 0.793536 0.782803 0.774196 0.767606 0.762949 0.760169 0.759231 0.760125 0.762861 0.756798 0.742556 0.730567 0.720668 0.712728 0.706644 0.702341 0.699766 0.698888 0.699694 0.702197 0.706425 0.712431 0.720291 0.730104 0.742000 0.756143 0.772732 0.792017 0.814301 0.839958 0.852983 0.852270 0.853613 0.857028 0.862557 0.870268 0.880258 0.892655 0.907624 0.925371 0.946151 0.970276 0.998132 1.000000 0.952372 0.911170 0.875407 0.844302 0.817233 0.793698 0.773292 0.755684 0.740604 0.727833 0.717194 0.708544 0.701770 0.696788 0.693534 0.691068 0.687207 0.685031 0.684512 0.685644 0.688442 0.692938 0.699189 0.707273 0.717295 0.729387 0.743716 0.760489 0.779957 0.802433 0.828297 0.858019 0.892184 1300.500000 1.187495 0.883179
0.692322 0.740847 0.798757 0.868759 0.954729 1.000000 0.916846 0.848346 0.791144 0.742845 0.701697 0.666389 0.635924 0.609526 0.586589 0.566631 0.549267 0.534184 0.521129 0.509895 0.500316 0.492254 0.485599 0.480264 0.476178 0.473293 0.471571 0.470993 0.471550 0.473250 0.476114 0.480176 0.485488 0.492117 0.500152 0.509702 0.520903 0.527179 0.518164 0.510662 0.504573 0.499817 0.496334 0.494081 0.493031 0.493172 0.494503 0.497043 0.500822 0.505887 0.512302 0.520151 0.529539 0.540600 0.553494 0.568420 0.585625 0.605407 0.628138 0.654281 0.684415 0.719275 0.759806 0.807237 0.822303 0.786417 0.755275 0.728193 0.704625 0.684131 0.666356 0.651009 0.637855 0.626703 0.617395 0.609808 0.603841 0.599421 0.596491 0.595016 0.594978 0.596377 0.599230 0.603571 0.609454 0.616954 0.626168 0.637220 0.650264 0.665489 0.683130 0.673402 0.635113 0.602316 0.574056 0.549593 0.528351 0.509872 0.493792 0.479815 0.467704 0.457263 0.448335 0.440790 0.434525 0.429455 0.425516 0.422657 0.420843 0.420053 0.420276 0.421515 0.423786 0.427115 0.431545 0.437133 0.443950 0.452090 0.461667 0.472822 0.485728 0.500599 0.517696 0.537342 0.559940 0.585996 0.616152 0.651235 1114.000000 1.626498 0.681322
0.803437 0.835036 0.871408 0.848568 0.812627 0.781414 0.754259 0.730629 0.710093 0.692303 0.676973 0.663872 0.652811 0.643638 0.636231 0.630494 0.626355 0.623762 0.622685 0.623111 0.625044 0.628507 0.633544 0.640217 0.648612 0.658837 0.671033 0.685371 0.702064 0.721371 0.743612 0.769180 0.798561 0.832361 0.871341 0.853648 0.827536 0.804855 0.785225 0.768337 0.753938 0.741823 0.731826 0.723816 0.717690 0.713370 0.710805 0.709962 0.710831 0.713423 0.717770 0.723925 0.731965 0.741993 0.754141 0.768577 0.785505 0.805179 0.827910 0.854079 0.884155 0.844164 0.803362 0.768089 0.737484 0.710871 0.687712 0.667571 0.650098 0.635007 0.622066 0.611084 0.601908 0.594415 0.588506 0.584106 0.581162 0.579637 0.579512 0.580786 0.583474 0.587609 0.593243 0.600447 0.609313 0.619961 0.632539 0.647230 0.664257 0.683896 0.706487 0.732445 0.762290 0.796671 0.836410 0.882560 0.936487 1.000000 0.955235 0.907515 0.866324 0.830623 0.799599 0.772603 0.749116 0.728719 0.711071 0.695894 0.682962 0.672092 0.663135 0.655973 0.650514 0.646691 0.644456 0.643782 0.644660 0.647102 0.651138 0.656816 0.664208 0.673409 0.684542 0.697757 0.713245 0.731238 0.752021 0.775943 7591.000000 1.155086 0.771721
0.777070 0.726543 0.683732 0.647158 0.615707 0.588522 0.564940 0.544436 0.526593 0.511074 0.497608 0.485975 0.475993 0.467517 0.460427 0.454627 0.450043 0.446616 0.444302 0.443075 0.442918 0.443830 0.445822 0.448919 0.453158 0.458593 0.465295 0.473353 0.482878 0.494010 0.506917 0.521807 0.538936 0.558619 0.581247 0.607312 0.637431 0.672398 0.713242 0.761322 0.818466 0.887196 0.971082 1.000000 0.918081 0.850460 0.793899 0.746077 0.705292 0.670265 0.640022 0.613806 0.591020 0.571192 0.553943 0.538965 0.526010 0.514874 0.505392 0.497430 0.490879 0.485653 0.481686 0.478927 0.477343 0.476915 0.477636 0.479518 0.482581 0.486864 0.492420 0.499322 0.507660 0.517550 0.529132 0.542582 0.558113 0.575988 0.596530 0.620142 0.647322 0.678705 0.715097 0.757540 0.807407 0.866537 0.850107 0.799543 0.756376 0.719276 0.687223 0.659426 0.635261 0.614232 0.595940 0.580063 0.566339 0.554555 0.544536 0.536141 0.529257 0.523794 0.519681 0.516868 0.515319 0.515018 0.515958 0.518153 0.521628 0.526428 0.532611 0.540258 0.549471 0.560378 0.573134 0.587935 0.605016 0.624669 0.647254 0.673215 0.703111 0.737646 0.777718 0.824494 0.879512 0.944836 0.910070 0.837318 2105.500000 1.191584 0.597683
0.761093 0.757874 0.756497 0.756945 0.759224 0.763361 0.769407 0.777438 0.787555 0.799892 0.814615 0.831931 0.836928 0.810620 0.787755 0.767945 0.750871 0.736274 0.723946 0.713714 0.705443 0.699027 0.694384 0.691457 0.690210 0.690629 0.692718 0.696503 0.702030 0.709368 0.718610 0.729878 0.743324 0.759138 0.777554 0.798857 0.797977 0.790719 0.785467 0.782156 0.780746 0.781219 0.783582 0.787864 0.794115 0.802416 0.812871 0.825616 0.840826 0.858715 0.879546 0.903644 0.931407 0.963323 1.000000 0.981836 0.918444 0.864698 0.818758 0.779236 0.745066 0.715418 0.689637 0.667201 0.647690 0.630764 0.616146 0.603612 0.592978 0.584095 0.576843 0.571128 0.566878 0.564039 0.562577 0.562474 0.563729 0.570845 0.582698 0.596522 0.612529 0.630981 0.652199 0.676581 0.704619 0.736935 0.774311 0.817757 0.868585 0.928536 0.975633 0.945505 0.919331 0.896668 0.877159 0.860509 0.846480 0.834881 0.825558 0.818390 0.813288 0.810189 0.809055 0.809872 0.812651 0.817425 0.824253 0.833220 0.810961 0.789821 0.771566 0.755916 0.742642 0.731558 0.722515 0.715395 0.710108 0.706588 0.704793 0.704700 0.706309 0.709638 0.714729 0.721645 0.730472 0.741327 0.754353 0.766194 586.000000 1.048618 0.816175
0.815314 0.758404 0.710521 0.669842 0.635017 0.605019 0.579059 0.556521 0.536917 0.519857 0.505026 0.492171 0.481085 0.471598 0.463573 0.456899 0.451487 0.447266 0.444184 0.442202 0.441296 0.441455 0.442680 0.444988 0.448406 0.452976 0.458757 0.465825 0.474274 0.484223 0.495818 0.509240 0.524707 0.542491 0.562927 0.586431 0.613526 0.644874 0.681328 0.724000 0.774363 0.834418 0.906939 0.939910 0.875239 0.820745 0.774396 0.734676 0.700438 0.670792 0.645045 0.622646 0.603155 0.586216 0.571543 0.558899 0.548094 0.538973 0.531410 0.525304 0.520577 0.517169 0.515038 0.514158 0.514519 0.516124 0.518993 0.523162 0.528683 0.535625 0.544080 0.554163 0.566016 0.579814 0.595773 0.614157 0.635291 0.659577 0.687515 0.719736 0.757039 0.800453 0.851326 0.858918 0.800624 0.751435 0.709551 0.673627 0.642638 0.615794 0.592472 0.572181 0.554525 0.539186 0.525906 0.514474 0.504718 0.496499 0.489705 0.484245 0.480049 0.477064 0.475254 0.474597 0.475085 0.476723 0.479532 0.483546 0.488816 0.495408 0.503409 0.512929 0.524104 0.537098 0.552118 0.569413 0.589292 0.612137 0.638425 0.668755 0.703891 0.744819 0.792827 0.849638 0.917601 1.000000 0.967294 0.883760 5331.500000 1.194023 0.597526
0.630304 0.632544 0.636339 0.641734 0.648798 0.657621 0.668320 0.681041 0.695964 0.713313 0.733361 0.756443 0.782973 0.813463 0.848550 0.889040 0.837289 0.789190 0.748020 0.712565 0.681887 0.655255 0.632091 0.611932 0.594407 0.579215 0.566109 0.554891 0.545397 0.537496 0.532003 0.538134 0.545737 0.554914 0.565792 0.578526 0.593309 0.610376 0.630017 0.652588 0.678532 0.708401 0.742894 0.782900 0.829572 0.868329 0.836829 0.809415 0.785573 0.764886 0.747014 0.731680 0.718659 0.707769 0.698863 0.691824 0.686563 0.683014 0.681134 0.680901 0.682310 0.685381 0.690149 0.696674 0.705038 0.715350 0.727747 0.742401 0.759525 0.779380 0.779779 0.740429 0.706480 0.677067 0.651512 0.629276 0.609930 0.593123 0.578575 0.566054 0.555373 0.546380 0.538951 0.532988 0.528415 0.525174 0.523225 0.522545 0.523125 0.524972 0.531640 0.551220 0.573732 0.599668 0.629648 0.664468 0.705164 0.753102 0.810128 0.878787 0.962696 1.000000 0.932554 0.875607 0.827093 0.785465 0.749547 0.718424 0.691382 0.667853 0.647865 0.637458 0.628870 0.621990 0.616727 0.613018 0.610816 0.610094 0.610843 0.613073 0.616811 0.622103 0.629015 0.637635 0.636623 0.632732 0.630397 0.629592 1154.500000 1.214980 0.690499
0.845593 0.890353 0.942514 1.000000 0.943586 0.895238 0.853560 0.817471 0.786128 0.758859 0.735131 0.714511 0.696648 0.681258 0.668108 0.657009 0.647808 0.640382 0.634636 0.630498 0.627916 0.626860 0.627315 0.629289 0.632804 0.637904 0.644653 0.653136 0.663465 0.675780 0.690255 0.707105 0.726593 0.749040 0.773754 0.748402 0.726354 0.707222 0.690694 0.676513 0.664472 0.654400 0.646163 0.639652 0.634785 0.631502 0.629761 0.629543 0.630844 0.633680 0.638086 0.644116 0.651847 0.661378 0.672837 0.686383 0.702211 0.720565 0.741738 0.766094 0.794082 0.826259 0.863321 0.906150 0.955873 0.909927 0.867372 0.830532 0.798539 0.770707 0.746487 0.725438 0.707201 0.691482 0.678046 0.666697 0.657279 0.649667 0.643762 0.639490 0.636799 0.635655 0.636044 0.637973 0.641462 0.646557 0.653319 0.661836 0.672218 0.684607 0.699178 0.716144 0.735772 0.758383 0.784379 0.814251 0.845593 0.806969 0.773501 0.744421 0.719118 0.697102 0.677979 0.661429 0.647189 0.635047 0.624829 0.616397 0.609638 0.604467 0.600818 0.598645 0.597924 0.598645 0.600818 0.604467 0.609638 0.616397 0.624829 0.635047 0.647189 0.661429 0.677979 0.697102 0.719118 0.744421 0.773501 0.806969 1170.000000 1.206486 0.767549
0.779211 0.744241 0.713921 0.687567 0.664633 0.644683 0.627363 0.612386 0.599518 0.588568 0.579382 0.571834 0.565827 0.561282 0.558144 0.556373 0.555949 0.556866 0.559135 0.562784 0.567858 0.574421 0.582557 0.592375 0.604009 0.617627 0.633434 0.651683 0.624865 0.597545 0.573838 0.553223 0.535282 0.519681 0.506149 0.494464 0.484447 0.475952 0.468860 0.463076 0.458523 0.455145 0.452899 0.451759 0.451710 0.452751 0.454895 0.458169 0.462613 0.468283 0.475253 0.483617 0.493490 0.505017 0.518373 0.533776 0.551492 0.571850 0.595256 0.622224 0.653400 0.689613 0.731943 0.781816 0.841158 0.912626 1.000000 0.932968 0.854034 0.789167 0.735105 0.689529 0.650751 0.617510 0.588851 0.564032 0.542474 0.523719 0.507399 0.493218 0.480935 0.470354 0.461317 0.453692 0.447376 0.442284 0.438351 0.435527 0.433778 0.433081 0.433430 0.434827 0.437290 0.440850 0.445550 0.451451 0.458630 0.467184 0.477235 0.488932 0.502458 0.518037 0.535945 0.556524 0.580201 0.607510 0.611618 0.603363 0.596748 0.591686 0.588113 0.585987 0.585281 0.585987 0.588113 0.591686 0.596748 0.603363 0.611618 0.621619 0.633504 0.647443 0.663644 0.682362 0.703912 0.728680 0.757146 0.789906 7812.000000 1.560190 0.698418
0.542472 0.528697 0.516818 0.506655 0.498061 0.490916 0.485126 0.480615 0.477326 0.475219 0.474269 0.474462 0.475803 0.478307 0.482004 0.486942 0.493182 0.500806 0.509917 0.520644 0.533144 0.547610 0.564280 0.583447 0.592408 0.596065 0.601224 0.607951 0.616332 0.626477 0.638526 0.652651 0.669063 0.688022 0.709846 0.734930 0.763758 0.796938 0.835236 0.879626 0.903428 0.861723 0.825601 0.794221 0.766919 0.743163 0.722522 0.704649 0.689259 0.676121 0.665047 0.655884 0.648512 0.642834 0.638781 0.636302 0.635367 0.635964 0.638101 0.641804 0.647118 0.654110 0.662869 0.673511 0.644978 0.618356 0.595222 0.575092 0.557578 0.542368 0.529206 0.517886 0.508239 0.500128 0.493441 0.488091 0.484010 0.481146 0.479463 0.478943 0.479577 0.481374 0.484357 0.488560 0.494038 0.500860 0.509117 0.518923 0.530416 0.543769 0.551204 0.556891 0.564069 0.572833 0.583301 0.595620 0.609972 0.626580 0.645716 0.667718 0.692999 0.722079 0.755606 0.794405 0.839537 0.892384 0.954787 1.000000 0.934769 0.879516 0.832324 0.791748 0.756683 0.726267 0.699823 0.676810 0.656795 0.639425 0.624416 0.611535 0.600592 0.591434 0.583937 0.578002 0.573554 0.570539 0.568918 0.558366 10819.500000 1.564677 0.759876
0.666172 0.668191 0.671846 0.677181 0.684264 0.693184 0.704058 0.717033 0.732293 0.750064 0.770620 0.794303 0.821529 0.852815 0.888805 0.866511 0.830680 0.799544 0.772452 0.748881 0.728408 0.710691 0.695452 0.682462 0.671536 0.662526 0.655312 0.649802 0.645927 0.643640 0.642911 0.643734 0.646117 0.650090 0.655702 0.663022 0.672145 0.683192 0.688357 0.681772 0.676928 0.673763 0.672240 0.672340 0.674064 0.677434 0.682489 0.689293 0.697933 0.708521 0.721199 0.736145 0.753578 0.763896 0.738738 0.716856 0.697866 0.681455 0.667370 0.655401 0.645382 0.637177 0.630677 0.625802 0.622489 0.620699 0.620409 0.621616 0.624335 0.628599 0.634461 0.641994 0.651296 0.662491 0.665623 0.662323 0.660639 0.660552 0.662059 0.665179 0.669950 0.676432 0.684705 0.694879 0.707088 0.721504 0.738335 0.757840 0.780334 0.806205 0.835934 0.870116 0.909497 0.955021 1.000000 0.914527 0.844389 0.786002 0.736827 0.695019 0.659203 0.628337 0.601617 0.578414 0.558228 0.540663 0.525396 0.512168 0.500767 0.503343 0.507570 0.513116 0.520051 0.528467 0.538478 0.550227 0.563889 0.579679 0.597860 0.618757 0.642773 0.670409 0.688413 0.680440 0.674256 0.669781 0.666962 0.665764 1753.000000 1.110392 0.783872
0.836621 0.873959 0.917099 0.949718 0.917437 0.889350 0.864953 0.843838 0.825671 0.810181 0.797145 0.786388 0.777765 0.771167 0.766512 0.763741 0.762821 0.763741 0.766512 0.771167 0.777765 0.786388 0.797145 0.810181 0.825671 0.796691 0.761148 0.730324 0.703529 0.680212 0.659929 0.642323 0.627104 0.614035 0.602922 0.593608 0.585968 0.579902 0.575332 0.572201 0.570470 0.570120 0.571145 0.573558 0.577388 0.582683 0.589509 0.593656 0.595854 0.599518 0.604693 0.611444 0.619858 0.630045 0.642145 0.656332 0.672817 0.691861 0.713785 0.738982 0.767940 0.801270 0.839739 0.884326 0.936295 0.997306 1.000000 0.958650 0.922719 0.891453 0.864251 0.840625 0.820180 0.802593 0.787602 0.774994 0.764596 0.756271 0.749913 0.745441 0.742801 0.741961 0.742911 0.745662 0.750247 0.756724 0.737112 0.717236 0.700047 0.685274 0.672699 0.662144 0.653465 0.646547 0.641304 0.637668 0.635597 0.635063 0.636062 0.638604 0.642722 0.648465 0.655906 0.665141 0.676293 0.689514 0.687085 0.674763 0.664448 0.656000 0.649309 0.644289 0.640879 0.639035 0.638737 0.639980 0.642779 0.647169 0.653204 0.660960 0.670537 0.682062 0.695696 0.711636 0.730124 0.751456 0.775998 0.804200 1978.000000 1.294744 0.823349
0.811607 0.794225 0.779410 0.766951 0.756678 0.748457 0.742180 0.737771 0.735174 0.734359 0.735315 0.738054 0.742608 0.749036 0.757416 0.767856 0.771389 0.768886 0.768243 0.769454 0.772532 0.777516 0.784466 0.793471 0.804646 0.818139 0.834137 0.852868 0.874615 0.899724 0.928621 0.961830 1.000000 0.985114 0.930261 0.883210 0.842622 0.807460 0.776911 0.750332 0.727205 0.707114 0.689719 0.674747 0.661972 0.651211 0.642317 0.635172 0.629685 0.625786 0.622565 0.618821 0.616597 0.615869 0.616625 0.618876 0.622650 0.627991 0.634968 0.643670 0.654212 0.666738 0.681426 0.698497 0.718220 0.740926 0.767022 0.772044 0.772621 0.775067 0.779412 0.785710 0.794038 0.804505 0.817246 0.832434 0.850285 0.871063 0.895092 0.922771 0.954589 0.951497 0.923490 0.899190 0.878196 0.860186 0.844894 0.832106 0.821649 0.813387 0.807215 0.803056 0.800859 0.800597 0.796287 0.774311 0.755286 0.738911 0.724940 0.713175 0.703452 0.695644 0.689651 0.685398 0.682831 0.681920 0.682655 0.685042 0.689113 0.694916 0.702525 0.712036 0.723576 0.737301 0.753408 0.753639 0.748070 0.744362 0.742471 0.742373 0.744068 0.747575 0.752938 0.760223 0.769523 0.780958 0.794681 0.810883 1761.000000 1.161857 0.867589
0.488467 0.489981 0.492696 0.496645 0.501876 0.508456 0.516472 0.526032 0.537272 0.550357 0.565492 0.582927 0.602969 0.626002 0.652497 0.683053 0.718428 0.759596 0.807834 0.849406 0.820534 0.795414 0.773594 0.754710 0.738461 0.724607 0.712949 0.703327 0.695615 0.689715 0.685551 0.683072 0.682249 0.683072 0.685551 0.689715 0.695615 0.703327 0.712949 0.724607 0.738461 0.754710 0.755817 0.734355 0.715754 0.699717 0.685999 0.674402 0.664765 0.656960 0.650886 0.646467 0.643647 0.642393 0.642689 0.644538 0.647964 0.653008 0.659733 0.668225 0.678594 0.690980 0.705559 0.722544 0.707265 0.684385 0.664490 0.647233 0.632336 0.619567 0.608742 0.599708 0.592345 0.586556 0.582268 0.579429 0.578002 0.577972 0.579337 0.582115 0.586338 0.592060 0.599353 0.608311 0.619056 0.631736 0.638703 0.635326 0.633502 0.633211 0.634447 0.637226 0.641582 0.647569 0.655262 0.664760 0.676192 0.689713 0.705521 0.723856 0.745011 0.769349 0.797317 0.829469 0.866498 0.909280 0.958936 1.000000 0.916278 0.847376 0.789881 0.741365 0.700053 0.664619 0.634053 0.607574 0.584570 0.564555 0.547139 0.532010 0.520421 0.511750 0.504559 0.498752 0.494255 0.491010 0.488978 0.488133 1175.000000 1.245817 0.770407
0.859626 0.891394 0.927921 0.912334 0.872949 0.838760 0.809024 0.783146 0.760648 0.741143 0.724313 0.709904 0.697705 0.687546 0.679292 0.672835 0.668094 0.665011 0.663547 0.663684 0.665426 0.668791 0.673823 0.680583 0.689157 0.699657 0.699831 0.687653 0.677495 0.669222 0.662726 0.657925 0.654759 0.653189 0.653196 0.654781 0.657963 0.662780 0.669293 0.677583 0.687759 0.699957 0.714348 0.731141 0.750594 0.773024 0.798820 0.828462 0.862546 0.901821 0.947234 1.000000 0.963203 0.916763 0.876609 0.841768 0.811471 0.785105 0.762176 0.742287 0.725111 0.710385 0.697893 0.687460 0.678946 0.672240 0.667258 0.663936 0.662234 0.662132 0.663629 0.666743 0.671511 0.677993 0.686270 0.696451 0.708671 0.723101 0.739951 0.759478 0.781998 0.807901 0.793903 0.773429 0.755760 0.740624 0.727802 0.717114 0.708418 0.701600 0.696574 0.693278 0.691671 0.691734 0.693468 0.696894 0.702054 0.709011 0.717855 0.728699 0.741691 0.757011 0.774883 0.795582 0.819446 0.809492 0.788439 0.770262 0.754682 0.741470 0.730443 0.721451 0.714378 0.709134 0.705654 0.703895 0.703837 0.705478 0.708838 0.713959 0.720904 0.729760 0.740643 0.753699 0.769109 0.787099 0.807943 0.831981 7454.500000 1.107930 0.827144
0.846208 0.808527 0.775848 0.747438 0.722716 0.701211 0.682546 0.666413 0.652561 0.640785 0.630919 0.622831 0.616413 0.611585 0.608285 0.606475 0.606131 0.607249 0.609843 0.613946 0.619606 0.626896 0.635910 0.646768 0.659619 0.653073 0.647587 0.643729 0.641454 0.640732 0.641556 0.643936 0.647900 0.653497 0.660797 0.669894 0.680909 0.670681 0.659180 0.649606 0.641830 0.635751 0.631293 0.628400 0.627037 0.627188 0.628855 0.632057 0.636833 0.643244 0.651371 0.661319 0.673223 0.687249 0.703603 0.722537 0.744362 0.769457 0.798294 0.801392 0.789933 0.780652 0.773428 0.768170 0.764813 0.763316 0.763661 0.765852 0.769916 0.775902 0.783886 0.793968 0.806281 0.820990 0.822599 0.791398 0.764251 0.740630 0.720108 0.702339 0.687042 0.673985 0.662983 0.653884 0.646568 0.640941 0.630809 0.614208 0.599867 0.587563 0.577117 0.568380 0.561237 0.555592 0.551375 0.548533 0.547031 0.546851 0.547991 0.550465 0.554302 0.559551 0.566278 0.574569 0.584536 0.596316 0.610081 0.620509 0.621893 0.624792 0.629242 0.635296 0.643033 0.652551 0.663979 0.677476 0.693238 0.711505 0.732574 0.756807 0.784654 0.816670 0.853554 0.896189 0.945705 1.000000 0.940565 0.889822 3919.500000 1.209919 0.840603
0.634094 0.657633 0.684700 0.715889 0.751953 0.793858 0.789646 0.759322 0.732941 0.709984 0.690034 0.672751 0.657858 0.645131 0.634387 0.625477 0.618282 0.612710 0.608691 0.606175 0.605132 0.605549 0.607431 0.610800 0.615699 0.622187 0.630349 0.640291 0.652147 0.666086 0.682314 0.701083 0.722704 0.747559 0.776122 0.808980 0.846873 0.872996 0.831013 0.794710 0.763207 0.735812 0.711971 0.691239 0.673257 0.657730 0.644422 0.633136 0.623716 0.616034 0.609990 0.605509 0.602534 0.601029 0.600975 0.602373 0.605238 0.609607 0.615533 0.623091 0.632379 0.643522 0.650216 0.630849 0.614039 0.599508 0.587031 0.576422 0.567533 0.560244 0.554458 0.550102 0.547122 0.545480 0.545159 0.546152 0.548473 0.552149 0.557227 0.563769 0.571861 0.581611 0.593152 0.606651 0.622314 0.640390 0.661189 0.685089 0.712564 0.744201 0.780747 0.823153 0.872654 0.930874 1.000000 0.968081 0.899529 0.841938 0.793073 0.751280 0.715308 0.684196 0.657195 0.633713 0.613278 0.595509 0.580099 0.566798 0.555400 0.545741 0.537686 0.531125 0.525975 0.522170 0.519662 0.518421 0.518431 0.519694 0.522225 0.526053 0.531227 0.537813 0.545895 0.555583 0.567012 0.580348 0.595797 0.613609 3322.500000 1.300619 0.732401
0.783794 0.763819 0.746590 0.731846 0.719373 0.708996 0.700579 0.694011 0.689211 0.686118 0.684695 0.684924 0.686808 0.690371 0.695655 0.702727 0.711677 0.722620 0.735706 0.751117 0.769079 0.789872 0.813835 0.841388 0.873049 0.909462 0.951437 1.000000 0.979091 0.925809 0.880038 0.840509 0.806237 0.776447 0.750525 0.727974 0.708396 0.691465 0.676918 0.664538 0.654150 0.645613 0.638816 0.633671 0.630113 0.628101 0.627608 0.628629 0.631177 0.635282 0.640995 0.648388 0.657556 0.668621 0.681736 0.697088 0.714909 0.735483 0.759160 0.750084 0.742397 0.736622 0.732688 0.730547 0.730172 0.731558 0.734724 0.739707 0.746568 0.755395 0.766301 0.779432 0.794970 0.813138 0.834213 0.858533 0.886513 0.881211 0.859251 0.840334 0.824175 0.810541 0.799246 0.790138 0.783100 0.778045 0.774909 0.773655 0.774268 0.776754 0.781144 0.787491 0.795876 0.806405 0.819216 0.826593 0.796756 0.770789 0.748208 0.728617 0.711697 0.697186 0.684872 0.674582 0.666178 0.659550 0.654615 0.651310 0.649595 0.649450 0.650873 0.653880 0.658509 0.664818 0.672885 0.682815 0.694742 0.708830 0.725286 0.744359 0.766359 0.791664 0.820741 0.854173 0.892686 0.863808 0.833346 0.806838 16713.000000 1.179909 0.826425
0.713937 0.769263 0.836066 0.917997 1.000000 0.921767 0.856801 0.802195 0.755844 0.716188 0.682047 0.652513 0.626879 0.604584 0.585181 0.568312 0.553684 0.541062 0.530251 0.521094 0.513465 0.507259 0.502398 0.498820 0.496479 0.495349 0.495414 0.496676 0.499150 0.502866 0.507871 0.514228 0.522019 0.531349 0.542350 0.555182 0.570042 0.587173 0.606872 0.629509 0.655540 0.685540 0.720235 0.760560 0.807729 0.770718 0.728180 0.691671 0.660162 0.632858 0.609131 0.588486 0.570523 0.554922 0.541422 0.529808 0.519908 0.511582 0.504715 0.499216 0.495015 0.492061 0.490315 0.489758 0.490381 0.492194 0.495217 0.499489 0.505062 0.512009 0.520420 0.530412 0.542126 0.555739 0.571464 0.589568 0.610374 0.634287 0.661810 0.693575 0.730392 0.773305 0.823682 0.883358 0.954835 0.988784 0.892860 0.815693 0.752471 0.699910 0.655689 0.618124 0.585966 0.558266 0.534296 0.513486 0.495385 0.479633 0.465939 0.454070 0.443832 0.435071 0.427660 0.421495 0.416495 0.412594 0.409743 0.407908 0.407065 0.407205 0.408329 0.410450 0.413596 0.417804 0.423128 0.429639 0.437423 0.446590 0.457275 0.469643 0.483896 0.500285 0.519117 0.540776 0.565744 0.594630 0.628220 0.667537 4681.000000 1.316391 0.587451
0.556614 0.557285 0.559307 0.562704 0.567519 0.573810 0.581660 0.591171 0.602475 0.615731 0.631138 0.648939 0.669434 0.692989 0.720060 0.751216 0.787171 0.828839 0.877396 0.934387 0.917329 0.896604 0.878866 0.863857 0.851368 0.841233 0.833321 0.827531 0.823791 0.822057 0.822307 0.824544 0.828796 0.835113 0.843576 0.854291 0.867399 0.883075 0.901540 0.923065 0.893458 0.861899 0.834436 0.810560 0.789863 0.772011 0.756730 0.743799 0.733039 0.724306 0.717487 0.712496 0.709270 0.707771 0.707980 0.709900 0.713554 0.718987 0.726266 0.735484 0.746762 0.760251 0.733030 0.707501 0.685285 0.665978 0.649250 0.634833 0.622510 0.612103 0.603468 0.596491 0.591080 0.587169 0.584708 0.583669 0.587199 0.594594 0.603652 0.614493 0.627269 0.642167 0.659418 0.679303 0.702168 0.728443 0.758659 0.793484 0.833766 0.880591 0.935377 1.000000 0.993489 0.966114 0.942416 0.922022 0.904624 0.889975 0.877874 0.868162 0.860712 0.855433 0.852259 0.851151 0.852096 0.855106 0.860216 0.867491 0.877020 0.888926 0.902860 0.850231 0.805233 0.766512 0.733029 0.703974 0.678708 0.656719 0.637598 0.621013 0.606693 0.594419 0.584010 0.575322 0.568238 0.562704 0.559307 0.557285 6862.500000 1.230109 0.805093
0.796060 0.756478 0.722304 0.692680 0.666934 0.644531 0.625040 0.608116 0.593476 0.580891 0.570173 0.561172 0.553763 0.547850 0.543358 0.540229 0.538426 0.537926 0.538724 0.540829 0.544267 0.549080 0.555329 0.563094 0.572478 0.583610 0.596649 0.611791 0.629278 0.649404 0.672534 0.699119 0.729722 0.765055 0.806024 0.853802 0.871784 0.832983 0.799332 0.770078 0.744620 0.722476 0.703257 0.686644 0.672381 0.660257 0.650101 0.641775 0.635170 0.630203 0.626811 0.624953 0.624606 0.625766 0.628448 0.632683 0.638524 0.646045 0.655343 0.666542 0.679797 0.695298 0.713281 0.734034 0.757912 0.785351 0.816893 0.853217 0.861064 0.823780 0.791418 0.763273 0.738779 0.717483 0.699017 0.683082 0.669434 0.657875 0.648243 0.640410 0.634273 0.629756 0.626802 0.625376 0.625459 0.627052 0.630177 0.634869 0.641188 0.649214 0.659051 0.670832 0.684722 0.700923 0.691881 0.672987 0.656636 0.642573 0.630587 0.620507 0.612196 0.605544 0.600466 0.596898 0.594798 0.594138 0.594911 0.597127 0.600812 0.606012 0.612792 0.621239 0.631464 0.643609 0.657845 0.674387 0.693496 0.715493 0.740775 0.769831 0.803274 0.841874 0.886616 0.938769 1.000000 0.960142 0.896205 0.842154 1420.000000 1.192488 0.746036
0.900998 0.849894 0.806113 0.768383 0.735720 0.707355 0.682680 0.661207 0.642545 0.626374 0.612437 0.600522 0.590457 0.582103 0.575349 0.570108 0.566313 0.563917 0.562893 0.563226 0.561569 0.549305 0.538836 0.530011 0.522710 0.516836 0.512312 0.509083 0.507108 0.506364 0.506841 0.508545 0.511497 0.515734 0.521307 0.528289 0.536771 0.546869 0.558726 0.572518 0.588462 0.606823 0.627929 0.652183 0.680090 0.712285 0.749575 0.793002 0.843928 0.878974 0.842520 0.810845 0.783284 0.759304 0.738475 0.720447 0.704937 0.691711 0.680582 0.671398 0.664036 0.658403 0.654428 0.652062 0.651277 0.652062 0.654428 0.658403 0.664036 0.671398 0.680582 0.691711 0.704937 0.720447 0.738475 0.759304 0.783284 0.810845 0.842520 0.812559 0.764116 0.722767 0.687234 0.656538 0.629920 0.606781 0.586645 0.569130 0.553926 0.540782 0.529493 0.519893 0.511846 0.505243 0.499997 0.496042 0.493328 0.491822 0.491505 0.492375 0.494441 0.497728 0.502277 0.508146 0.515410 0.524166 0.534534 0.546664 0.560740 0.576987 0.595681 0.615515 0.621964 0.630085 0.639982 0.651790 0.665676 0.681845 0.700548 0.722096 0.746867 0.775333 0.808078 0.845838 0.889549 0.940412 1.000000 0.961105 632.500000 1.406072 0.738067
0.751504 0.732121 0.715393 0.701064 0.688924 0.678806 0.670572 0.664116 0.659357 0.656235 0.654713 0.654771 0.656411 0.659652 0.664534 0.671118 0.679487 0.689749 0.702044 0.716543 0.733457 0.753048 0.775633 0.801606 0.831451 0.865770 0.893761 0.861446 0.833325 0.808868 0.787649 0.769322 0.753601 0.740258 0.729106 0.719993 0.712801 0.707439 0.703840 0.701959 0.701775 0.703285 0.706507 0.711481 0.718268 0.726953 0.737650 0.750502 0.765687 0.783425 0.803987 0.827706 0.854989 0.886340 0.922384 0.963905 0.931766 0.901578 0.875328 0.852559 0.832900 0.816049 0.801760 0.789832 0.780106 0.772455 0.766781 0.763016 0.761111 0.761045 0.762817 0.766447 0.771981 0.779487 0.789060 0.794988 0.771794 0.751675 0.734302 0.719407 0.706774 0.696226 0.687619 0.680843 0.675812 0.672462 0.670754 0.670665 0.672196 0.675365 0.680210 0.686791 0.695193 0.705523 0.717920 0.732557 0.749647 0.769452 0.792292 0.811726 0.797956 0.786510 0.777233 0.770006 0.764737 0.761362 0.759838 0.760149 0.762297 0.766308 0.772232 0.780142 0.790140 0.802355 0.816952 0.834137 0.854163 0.877340 0.904048 0.934756 0.970042 1.000000 0.947445 0.902203 0.863069 0.829103 0.799563 0.773856 7839.000000 1.185403 0.835903
0.570611 0.592405 0.617475 0.646388 0.679860 0.718813 0.764455 0.768746 0.749609 0.733125 0.719046 0.707168 0.697329 0.689398 0.683274 0.678878 0.676156 0.675077 0.675626 0.677809 0.681655 0.687210 0.694542 0.703747 0.714944 0.728286 0.743962 0.762205 0.783299 0.807594 0.835523 0.867617 0.832438 0.785728 0.745682 0.711150 0.681244 0.655266 0.632665 0.612998 0.595910 0.581111 0.568364 0.557480 0.548300 0.540699 0.534577 0.529853 0.526470 0.524384 0.523572 0.524023 0.525742 0.528750 0.533085 0.538799 0.545968 0.554684 0.565066 0.577261 0.591451 0.607857 0.626753 0.648473 0.648749 0.634804 0.622916 0.612914 0.604662 0.598051 0.592996 0.589433 0.587320 0.586630 0.587355 0.589504 0.593103 0.598195 0.604846 0.613140 0.623187 0.635124 0.649121 0.665389 0.684184 0.705821 0.730689 0.759269 0.792162 0.830124 0.874120 0.925395 0.985582 1.000000 0.914908 0.845037 0.786843 0.737810 0.696108 0.660375 0.629573 0.602904 0.579743 0.559593 0.542060 0.526822 0.513621 0.502246 0.492524 0.484317 0.477510 0.472013 0.467755 0.464682 0.462758 0.461957 0.462271 0.463704 0.466272 0.470007 0.474956 0.481182 0.488766 0.497812 0.508447 0.520828 0.535149 0.551646 14139.500000 1.507495 0.725480
0.603691 0.601732 0.601229 0.598904 0.594478 0.591532 0.590029 0.589951 0.591298 0.594085 0.598347 0.604136 0.611527 0.620614 0.631519 0.644395 0.659428 0.676849 0.696940 0.720048 0.746601 0.777131 0.812305 0.852967 0.866354 0.846825 0.830113 0.815976 0.804217 0.794679 0.787239 0.781803 0.778304 0.776699 0.776969 0.779116 0.783167 0.789171 0.797204 0.807367 0.819793 0.834649 0.817016 0.783476 0.754327 0.728962 0.706895 0.687733 0.671157 0.656906 0.644769 0.634574 0.626180 0.619479 0.614384 0.610832 0.608779 0.600807 0.588265 0.577599 0.568659 0.561323 0.555495 0.551101 0.548086 0.546412 0.546061 0.547027 0.549322 0.552974 0.558028 0.564548 0.572619 0.582346 0.593865 0.607342 0.622980 0.641030 0.661799 0.685666 0.713101 0.744692 0.781181 0.823516 0.872926 0.931029 1.000000 0.966192 0.919453 0.879047 0.843990 0.813507 0.786979 0.763909 0.743893 0.726606 0.711780 0.699197 0.688682 0.680092 0.673316 0.668268 0.664885 0.663126 0.662968 0.664411 0.667472 0.672188 0.678618 0.686842 0.696968 0.709131 0.723500 0.740283 0.759737 0.782177 0.773009 0.744386 0.719479 0.697812 0.678999 0.662729 0.648746 0.636844 0.626854 0.618639 0.612093 0.607131 657.000000 1.192881 0.803291
0.845894 0.817981 0.793702 0.772631 0.754420 0.738786 0.725500 0.714374 0.705257 0.698030 0.692602 0.688904 0.686892 0.683150 0.674742 0.668129 0.663226 0.659973 0.658330 0.658278 0.659814 0.662959 0.667750 0.674247 0.682532 0.692713 0.704926 0.719341 0.716494 0.700300 0.686438 0.674708 0.664948 0.657026 0.650841 0.646313 0.643387 0.642027 0.642216 0.643958 0.647273 0.652201 0.658804 0.667166 0.677396 0.689632 0.704045 0.720847 0.740298 0.762716 0.788493 0.816905 0.815879 0.816821 0.819742 0.824678 0.831690 0.840865 0.852321 0.866209 0.882719 0.902085 0.924599 0.950613 0.980564 1.000000 0.946363 0.900245 0.860389 0.825818 0.795761 0.769604 0.746854 0.727111 0.710052 0.695412 0.682976 0.672568 0.664049 0.657306 0.652255 0.648831 0.646994 0.646721 0.648009 0.641279 0.625657 0.612219 0.600762 0.591125 0.583174 0.576806 0.571938 0.568510 0.566479 0.565821 0.566527 0.568607 0.572086 0.577006 0.587780 0.602931 0.620419 0.640540 0.663663 0.690243 0.720849 0.756202 0.797222 0.845099 0.846312 0.839451 0.834696 0.831986 0.831291 0.832601 0.835932 0.841325 0.848846 0.858590 0.870682 0.885282 0.902593 0.922861 0.946393 0.957401 0.914863 0.877969 3544.500000 1.279206 0.845695
0.755228 0.804858 0.863696 0.934244 0.920922 0.857958 0.804868 0.759689 0.720956 0.687558 0.658633 0.633509 0.611650 0.592629 0.576102 0.561788 0.549460 0.538932 0.530052 0.522700 0.516776 0.512205 0.508930 0.506910 0.506120 0.506551 0.508208 0.511111 0.515297 0.520816 0.527740 0.514782 0.500270 0.487696 0.476859 0.467595 0.459771 0.453278 0.448031 0.443961 0.441017 0.439163 0.438376 0.438647 0.439978 0.442387 0.445902 0.450568 0.456444 0.463607 0.472154 0.482205 0.493909 0.507448 0.523047 0.540979 0.561585 0.585290 0.612624 0.644265 0.681082 0.724213 0.775169 0.836005 0.909582 1.000000 0.923297 0.857490 0.802244 0.755395 0.715344 0.680884 0.651088 0.625234 0.602751 0.583185 0.566171 0.551412 0.538667 0.527741 0.518474 0.510735 0.504422 0.499451 0.495760 0.493303 0.492050 0.491985 0.493108 0.495432 0.498987 0.503815 0.509978 0.517556 0.526650 0.537387 0.549924 0.564453 0.570316 0.553063 0.538081 0.525121 0.513980 0.504492 0.496522 0.489962 0.484726 0.480747 0.477974 0.476374 0.475928 0.476630 0.478488 0.481525 0.485779 0.491303 0.498168 0.506464 0.516307 0.527837 0.541227 0.556690 0.574487 0.594940 0.618449 0.645511 0.676754 0.712981 6258.000000 1.793397 0.664265
0.812611 0.858534 0.912288 0.975730 1.000000 0.949179 0.905348 0.867385 0.834406 0.805714 0.780747 0.759055 0.740270 0.724096 0.710287 0.685685 0.661952 0.641300 0.623354 0.607810 0.594419 0.582979 0.573327 0.565328 0.558878 0.553893 0.550310 0.548084 0.547190 0.547615 0.549366 0.552463 0.556945 0.562867 0.570305 0.579357 0.590145 0.602822 0.617577 0.623012 0.612880 0.604506 0.597778 0.592611 0.588938 0.586716 0.585916 0.586530 0.588565 0.592044 0.597012 0.603531 0.611683 0.621576 0.633346 0.647159 0.663221 0.681785 0.703161 0.727731 0.755967 0.788459 0.825949 0.841487 0.818796 0.799172 0.782306 0.767950 0.755899 0.745990 0.738093 0.732106 0.727956 0.725590 0.724980 0.726119 0.729021 0.733721 0.740277 0.748771 0.759313 0.772042 0.787134 0.804806 0.825323 0.790276 0.746712 0.709319 0.677046 0.649077 0.624773 0.603625 0.585226 0.569246 0.555418 0.543524 0.533386 0.524862 0.517833 0.512208 0.507914 0.504898 0.503122 0.502566 0.503221 0.505097 0.508215 0.512615 0.518351 0.525498 0.534149 0.544423 0.556362 0.557903 0.560807 0.565110 0.570866 0.578148 0.587050 0.597693 0.610226 0.624833 0.641741 0.661227 0.683632 0.709377 0.738987 0.773120 15802.000000 1.514822 0.788408
0.881834 0.862497 0.845983 0.832057 0.820527 0.811239 0.804075 0.798944 0.795783 0.794553 0.795241 0.797853 0.802422 0.809003 0.817680 0.828563 0.841472 0.831826 0.824363 0.818987 0.815634 0.814261 0.814853 0.817417 0.821983 0.828607 0.837373 0.848393 0.861810 0.877807 0.896609 0.918497 0.943810 0.972968 1.000000 0.976643 0.956604 0.939589 0.925359 0.913722 0.904526 0.897654 0.893021 0.890570 0.890271 0.892121 0.896142 0.902383 0.910922 0.921866 0.935357 0.943558 0.911486 0.883581 0.859343 0.838365 0.820316 0.804926 0.791975 0.781287 0.772721 0.766166 0.761540 0.758787 0.751470 0.742990 0.736454 0.731780 0.728909 0.727807 0.728461 0.730879 0.735089 0.741144 0.749119 0.759117 0.771268 0.785738 0.802732 0.822503 0.845360 0.871684 0.901943 0.936716 0.970927 0.955282 0.942368 0.932013 0.924085 0.918485 0.915144 0.914021 0.915103 0.918402 0.923959 0.931843 0.942151 0.955017 0.970609 0.964461 0.936047 0.911393 0.890093 0.871818 0.856300 0.843321 0.832705 0.824315 0.818043 0.813812 0.811569 0.811288 0.812964 0.816619 0.822297 0.830068 0.835970 0.831827 0.829713 0.829604 0.831498 0.835417 0.841411 0.849552 0.859944 0.872722 0.888058 0.904288 4074.500000 1.096589 0.912456
0.939879 1.000000 0.929363 0.870005 0.819629 0.776537 0.739442 0.707355 0.679507 0.655287 0.634209 0.615883 0.599990 0.586275 0.574525 0.564571 0.556272 0.549519 0.544224 0.540318 0.537755 0.536502 0.536544 0.537883 0.540533 0.544529 0.549918 0.556770 0.554593 0.545249 0.537488 0.531206 0.526323 0.522777 0.520524 0.519537 0.519803 0.521326 0.524124 0.528232 0.533701 0.540600 0.549020 0.559074 0.570904 0.584685 0.600631 0.619004 0.640127 0.664399 0.692319 0.724510 0.747186 0.733391 0.721804 0.712266 0.704653 0.698866 0.694834 0.692508 0.691857 0.692876 0.695576 0.699990 0.706172 0.714200 0.724178 0.736237 0.750544 0.767302 0.786765 0.809241 0.835110 0.810290 0.767380 0.730457 0.698530 0.670826 0.646734 0.625768 0.607536 0.591721 0.578066 0.566361 0.556435 0.548148 0.541389 0.536071 0.532126 0.529504 0.528175 0.528121 0.529343 0.531854 0.535686 0.540886 0.547520 0.555674 0.565457 0.577006 0.583131 0.571655 0.561950 0.553881 0.547340 0.542243 0.538525 0.536141 0.535061 0.535273 0.536778 0.539595 0.543759 0.549322 0.556353 0.564946 0.575215 0.587306 0.601396 0.617704 0.636496 0.658103 0.682932 0.711489 0.744410 0.782502 0.826801 0.878662 4251.000000 1.479534 0.770677
