0.870845 0.838669 0.810669 0.786311 0.765164 0.746877 0.731163 0.717791 0.706571 0.697350 0.690008 0.684451 0.680609 0.678435 0.669570 0.654793 0.642167 0.631511 0.622679 0.615553 0.610042 0.606075 0.603604 0.602599 0.603048 0.604956 0.608347 0.613261 0.619760 0.627928 0.637871 0.649725 0.663656 0.679872 0.698625 0.720226 0.745059 0.773594 0.780221 0.780119 0.781899 0.785585 0.791221 0.798876 0.808649 0.820665 0.835085 0.852111 0.871991 0.880764 0.851793 0.826594 0.804727 0.785832 0.769614 0.755837 0.744306 0.734865 0.727391 0.721789 0.717989 0.715945 0.715631 0.717044 0.720201 0.725141 0.725003 0.719772 0.716329 0.714631 0.714660 0.716415 0.719916 0.725208 0.732356 0.741449 0.752608 0.765981 0.781755 0.800161 0.821481 0.815128 0.790856 0.769788 0.751578 0.735941 0.722647 0.711508 0.702374 0.695125 0.689668 0.685936 0.683883 0.683484 0.684734 0.687648 0.692262 0.685163 0.676070 0.668806 0.663278 0.659415 0.657171 0.656519 0.657450 0.659976 0.664128 0.666252 0.666774 0.668910 0.672685 0.678146 0.685361 0.694422 0.705449 0.718590 0.734031 0.752003 0.772785 0.796722 0.824239 0.855860 0.892240 0.934199 0.982785 1.000000 0.950561 0.907864 4801.000000 1.161383 0.859075
0.890646 0.865402 0.843525 0.824665 0.808535 0.794902 0.783578 0.774411 0.767283 0.762105 0.758812 0.757363 0.757743 0.759954 0.764024 0.759976 0.751150 0.744300 0.739338 0.736204 0.734860 0.735288 0.737495 0.741506 0.747372 0.755165 0.764985 0.776960 0.791252 0.808064 0.827642 0.847611 0.832727 0.820298 0.810158 0.802175 0.796246 0.792300 0.790287 0.790183 0.791986 0.795720 0.801428 0.809183 0.819081 0.831252 0.845859 0.863105 0.883240 0.906574 0.933484 0.964435 1.000000 0.979396 0.947941 0.920593 0.896878 0.876412 0.858883 0.844035 0.831661 0.821595 0.813706 0.807896 0.804091 0.802246 0.802337 0.804367 0.808359 0.814363 0.798970 0.783647 0.770723 0.760019 0.751394 0.744736 0.739962 0.737014 0.735854 0.736470 0.738868 0.743078 0.749151 0.757163 0.767217 0.779444 0.794011 0.811125 0.831038 0.854063 0.880583 0.863596 0.843253 0.825790 0.810949 0.798523 0.788342 0.780273 0.774214 0.770089 0.767848 0.767464 0.768932 0.772269 0.777516 0.784739 0.794028 0.805504 0.819318 0.835663 0.854775 0.876944 0.902525 0.909100 0.896956 0.887242 0.879833 0.874635 0.871587 0.870650 0.871812 0.875089 0.880520 0.888172 0.898140 0.910554 0.925576 0.919690 2904.000000 1.156339 0.904728
0.825130 0.790462 0.760348 0.734148 0.711350 0.691541 0.674386 0.659612 0.646997 0.636359 0.627553 0.620462 0.614994 0.611082 0.608675 0.607746 0.608283 0.610292 0.613799 0.618845 0.625494 0.633832 0.643967 0.656037 0.670214 0.686708 0.705778 0.727740 0.726379 0.726283 0.727940 0.731370 0.736616 0.743743 0.752840 0.764026 0.777450 0.793300 0.811806 0.833251 0.857984 0.886430 0.919117 0.956700 1.000000 0.971733 0.931241 0.896061 0.865451 0.838817 0.815681 0.795651 0.778412 0.763705 0.751320 0.741087 0.732871 0.726566 0.722093 0.719398 0.718447 0.719229 0.721753 0.726051 0.732174 0.740200 0.750231 0.762400 0.776872 0.785047 0.765451 0.748569 0.734147 0.721976 0.711889 0.703752 0.697460 0.692934 0.690118 0.688979 0.689501 0.691692 0.695578 0.701206 0.708648 0.717997 0.729377 0.732447 0.729011 0.727350 0.727446 0.729299 0.732932 0.738389 0.745737 0.755071 0.766512 0.780212 0.796365 0.815207 0.832014 0.813511 0.797693 0.784332 0.773243 0.764279 0.757324 0.752290 0.749116 0.747762 0.748212 0.750472 0.754568 0.760552 0.768498 0.778507 0.790711 0.805273 0.822401 0.842346 0.865420 0.892003 0.922563 0.957681 0.998078 0.965715 0.911576 0.865158 5503.500000 1.175830 0.840578
0.707368 0.671627 0.640793 0.614081 0.590873 0.570680 0.553110 0.537847 0.524633 0.513260 0.503557 0.495385 0.488633 0.483211 0.479049 0.476095 0.474313 0.473682 0.474192 0.475852 0.478681 0.482713 0.487999 0.494607 0.502624 0.512160 0.523349 0.536359 0.551395 0.568707 0.588606 0.611475 0.637791 0.668156 0.703336 0.744319 0.792401 0.849311 0.917410 1.000000 0.893136 0.803637 0.732044 0.673653 0.625284 0.584710 0.550326 0.520947 0.495679 0.473837 0.454889 0.438413 0.424075 0.411606 0.400787 0.391440 0.383423 0.376616 0.370925 0.366273 0.362598 0.359855 0.358009 0.357037 0.356929 0.357682 0.359305 0.361819 0.365255 0.369655 0.375077 0.381594 0.389296 0.398294 0.408726 0.420760 0.434603 0.450510 0.468798 0.489864 0.514209 0.542475 0.575497 0.614376 0.660595 0.716200 0.784089 0.868507 0.975931 0.946019 0.872083 0.810677 0.759059 0.715240 0.677748 0.645468 0.617544 0.593305 0.572224 0.553878 0.537927 0.524097 0.512163 0.501943 0.493287 0.486077 0.480214 0.475623 0.472246 0.470041 0.468981 0.469054 0.470259 0.472612 0.476142 0.480892 0.486923 0.494312 0.503160 0.513591 0.525757 0.539845 0.556085 0.574761 0.596221 0.620899 0.649340 0.682234 3379.500000 1.522938 0.565138
0.806284 0.796255 0.788348 0.782462 0.778526 0.776491 0.776331 0.778045 0.781655 0.787203 0.794759 0.804418 0.816305 0.799506 0.772213 0.748464 0.727834 0.709975 0.694605 0.681494 0.670453 0.661332 0.654011 0.648394 0.644413 0.642017 0.641178 0.641886 0.644149 0.647994 0.653469 0.660643 0.669607 0.680479 0.693409 0.708579 0.726217 0.746599 0.770068 0.797042 0.828042 0.847543 0.821711 0.799275 0.779861 0.763163 0.748931 0.736963 0.727096 0.719199 0.713171 0.708938 0.706446 0.705666 0.706587 0.709222 0.713603 0.719782 0.727838 0.737875 0.750024 0.764452 0.781366 0.801018 0.823721 0.849854 0.879890 0.914409 0.954141 1.000000 0.965677 0.918627 0.877966 0.842696 0.812031 0.785344 0.762134 0.741992 0.724589 0.709653 0.696966 0.686349 0.677658 0.670781 0.665629 0.662139 0.660268 0.659992 0.661310 0.664236 0.660049 0.651722 0.645138 0.640212 0.636884 0.635112 0.634875 0.636170 0.639014 0.643439 0.649503 0.657280 0.666871 0.678405 0.692042 0.707979 0.726458 0.747778 0.772304 0.776481 0.773326 0.772049 0.772634 0.775089 0.779443 0.785750 0.794089 0.804565 0.817317 0.832518 0.850383 0.871175 0.895221 0.894189 0.870796 0.850593 0.833267 0.818567 14416.500000 1.212535 0.851814
0.543774 0.583974 0.632237 0.691010 0.763860 0.797202 0.753031 0.715129 0.682426 0.654089 0.629468 0.608045 0.589405 0.573214 0.559200 0.547142 0.536858 0.528203 0.521058 0.515329 0.510942 0.507841 0.505990 0.505366 0.505960 0.507781 0.510849 0.515204 0.520900 0.528009 0.536625 0.546867 0.558879 0.572842 0.588977 0.607552 0.628902 0.653438 0.669997 0.622606 0.582788 0.549000 0.520099 0.495223 0.473706 0.455032 0.438792 0.424658 0.412369 0.401712 0.392514 0.384633 0.377955 0.372387 0.367854 0.364297 0.361671 0.359943 0.359093 0.359110 0.359995 0.361757 0.364419 0.368013 0.372586 0.378196 0.384920 0.392850 0.402103 0.412821 0.425178 0.439389 0.455719 0.474497 0.496135 0.521156 0.550231 0.584233 0.624317 0.672044 0.729576 0.799989 0.887811 1.000000 0.920856 0.813824 0.730659 0.664367 0.610453 0.565893 0.528582 0.497011 0.470067 0.446915 0.426917 0.409576 0.394503 0.381386 0.369975 0.360070 0.351506 0.344150 0.337893 0.332646 0.328339 0.324914 0.322329 0.320550 0.319557 0.319337 0.319887 0.321214 0.323335 0.326275 0.330071 0.334773 0.340443 0.347159 0.355017 0.364137 0.374665 0.386779 0.400700 0.416701 0.435126 0.456406 0.481093 0.509902 1099.500000 1.692199 0.547458
1.000000 0.971669 0.903335 0.845885 0.797110 0.755375 0.719439 0.688350 0.661364 0.637893 0.617467 0.599709 0.584312 0.571027 0.559651 0.550018 0.541996 0.535475 0.530372 0.526621 0.524178 0.523011 0.515388 0.503933 0.494141 0.485870 0.479006 0.473458 0.469155 0.466042 0.464080 0.463246 0.463530 0.464935 0.467478 0.471191 0.476119 0.488248 0.516054 0.548620 0.587082 0.632984 0.688472 0.756621 0.841995 0.951670 0.973464 0.925783 0.884586 0.848857 0.817796 0.790766 0.767254 0.746848 0.729210 0.714067 0.701194 0.690412 0.681573 0.674562 0.665740 0.649688 0.635888 0.624135 0.614261 0.606131 0.599640 0.594705 0.591262 0.589271 0.588706 0.589561 0.591847 0.595591 0.600839 0.607658 0.616134 0.626381 0.638539 0.652781 0.669323 0.683652 0.681126 0.680251 0.681017 0.683433 0.687529 0.693354 0.700982 0.710510 0.722064 0.735803 0.746250 0.714880 0.687631 0.663923 0.643294 0.625369 0.609845 0.596476 0.585059 0.575432 0.567461 0.561041 0.556089 0.552544 0.550361 0.549513 0.549992 0.551801 0.554964 0.559519 0.565523 0.573053 0.582208 0.593112 0.604399 0.617527 0.632797 0.650447 0.670773 0.694136 0.720985 0.751879 0.787521 0.828806 0.876889 0.933281 7236.000000 1.188983 0.688308
0.879565 0.850451 0.825127 0.803147 0.784147 0.767832 0.753962 0.742341 0.732811 0.725247 0.719554 0.715661 0.713518 0.713102 0.714406 0.717446 0.722260 0.728907 0.737470 0.748060 0.760819 0.775922 0.793588 0.814083 0.837737 0.864952 0.891273 0.865641 0.843416 0.824240 0.807819 0.793915 0.782335 0.772922 0.765556 0.760143 0.756616 0.754932 0.755070 0.757032 0.760843 0.766548 0.774218 0.783951 0.795873 0.810146 0.826969 0.846588 0.869305 0.895492 0.925605 0.960207 1.000000 0.962632 0.921988 0.886687 0.855975 0.829250 0.806027 0.785911 0.768581 0.753775 0.741281 0.730927 0.722574 0.716117 0.711472 0.708583 0.707415 0.707954 0.710205 0.714197 0.719979 0.727622 0.737224 0.748911 0.762842 0.779214 0.798270 0.820306 0.845689 0.873529 0.850177 0.829989 0.812649 0.797902 0.785540 0.775394 0.767332 0.761251 0.757075 0.754753 0.754257 0.755580 0.758739 0.763773 0.770742 0.779736 0.790870 0.804293 0.820189 0.838787 0.860369 0.885280 0.913944 0.901060 0.877090 0.856371 0.838582 0.823461 0.810794 0.800410 0.792173 0.785978 0.781748 0.779430 0.778998 0.780445 0.783789 0.789071 0.796357 0.805737 0.817333 0.831300 0.847831 0.867164 0.889592 0.913020 801.000000 1.104866 0.857317
0.762713 0.747031 0.733713 0.722571 0.713456 0.706248 0.700856 0.697212 0.695273 0.695014 0.696432 0.699545 0.704390 0.711028 0.719542 0.730043 0.742670 0.757599 0.775045 0.795276 0.818615 0.845465 0.876318 0.911788 0.952643 0.999852 0.977188 0.927232 0.884161 0.846864 0.814469 0.786285 0.761761 0.740450 0.721991 0.706089 0.692506 0.681044 0.671548 0.663890 0.657972 0.653719 0.651079 0.650021 0.650530 0.652614 0.656297 0.661625 0.668664 0.677505 0.688262 0.701083 0.716149 0.733683 0.732882 0.721790 0.712719 0.705552 0.700198 0.696591 0.694685 0.694458 0.695907 0.699050 0.703924 0.710591 0.719135 0.729666 0.742325 0.757287 0.774770 0.795039 0.818422 0.845321 0.876230 0.911766 0.952698 1.000000 0.959571 0.918192 0.882272 0.851029 0.823840 0.800203 0.779711 0.762032 0.746896 0.734084 0.723417 0.714753 0.707980 0.703011 0.699786 0.698264 0.698429 0.700281 0.703842 0.709158 0.716293 0.725338 0.736411 0.749662 0.765275 0.768718 0.753186 0.740017 0.729026 0.720067 0.713022 0.707802 0.704342 0.702601 0.702556 0.704208 0.707576 0.712702 0.719649 0.728505 0.739385 0.752435 0.767838 0.785816 0.806647 0.830668 0.854552 0.826522 0.802144 0.780990 2479.500000 1.129558 0.823488
0.718566 0.720613 0.724421 0.730038 0.737534 0.747003 0.758570 0.772390 0.788659 0.807616 0.829553 0.854833 0.883899 0.917297 0.955713 1.000000 0.992056 0.893870 0.815156 0.750846 0.697498 0.652697 0.614695 0.582200 0.554236 0.530054 0.509069 0.490819 0.474938 0.461128 0.449150 0.438808 0.429945 0.422430 0.416159 0.411047 0.407028 0.404050 0.407796 0.418042 0.429878 0.443504 0.459165 0.477163 0.497878 0.521788 0.549501 0.581802 0.619725 0.664648 0.718460 0.783808 0.789829 0.768336 0.749741 0.733750 0.720126 0.708674 0.699239 0.691697 0.685951 0.681928 0.679580 0.678878 0.679814 0.682398 0.686662 0.692660 0.700465 0.710179 0.721929 0.735878 0.752224 0.771213 0.793145 0.818391 0.847406 0.880753 0.901177 0.859083 0.822640 0.790990 0.763457 0.739498 0.718675 0.700635 0.685088 0.671800 0.660578 0.651268 0.643746 0.637915 0.633702 0.631055 0.618870 0.601030 0.585560 0.572211 0.560777 0.551094 0.543025 0.536462 0.531321 0.527537 0.525062 0.523866 0.523935 0.525270 0.527886 0.531816 0.537109 0.542148 0.543711 0.546605 0.550863 0.556540 0.563707 0.572459 0.582912 0.595215 0.609549 0.626136 0.645249 0.667223 0.692474 0.721518 0.719680 0.718256 1848.500000 1.269369 0.720627
0.799571 0.822287 0.848436 0.878488 0.913027 0.952783 0.919962 0.871837 0.830397 0.794545 0.763423 0.736355 0.712799 0.692320 0.674564 0.659245 0.646128 0.635023 0.625775 0.618260 0.612382 0.608066 0.605258 0.603924 0.604048 0.605631 0.608693 0.613270 0.619421 0.627223 0.623070 0.619859 0.618162 0.617958 0.619247 0.622042 0.626379 0.632310 0.639911 0.649280 0.660543 0.673856 0.689411 0.707445 0.728250 0.752183 0.779685 0.811302 0.847721 0.889808 0.938671 0.995751 1.000000 0.959357 0.924028 0.893284 0.866540 0.843324 0.823250 0.806007 0.791339 0.779038 0.768938 0.760906 0.754839 0.750663 0.748326 0.747799 0.749076 0.752172 0.757126 0.754900 0.727009 0.702738 0.681625 0.663294 0.647442 0.633822 0.622231 0.612506 0.604513 0.598150 0.593333 0.590003 0.588119 0.587658 0.588615 0.591002 0.594846 0.600197 0.607120 0.615705 0.626067 0.638348 0.652724 0.669412 0.688678 0.710850 0.736330 0.765617 0.799336 0.838274 0.883437 0.936128 0.908441 0.874499 0.844965 0.819269 0.796953 0.777645 0.761040 0.746891 0.734997 0.725195 0.717357 0.711382 0.707195 0.704745 0.704003 0.704958 0.707623 0.712030 0.718233 0.726311 0.736366 0.748532 0.762976 0.779905 2016.000000 1.248709 0.785786
0.687548 0.683178 0.680491 0.679456 0.680060 0.682311 0.686235 0.691881 0.699319 0.708644 0.719980 0.733480 0.749336 0.767782 0.789109 0.813671 0.841904 0.874349 0.897866 0.866135 0.838520 0.814514 0.793702 0.775750 0.760384 0.747380 0.736558 0.727773 0.720911 0.715886 0.712636 0.711120 0.711321 0.713240 0.716902 0.722351 0.729654 0.738905 0.750225 0.752679 0.744911 0.739065 0.735066 0.732867 0.732440 0.733780 0.736904 0.741849 0.748677 0.757473 0.768352 0.781457 0.796971 0.815117 0.836169 0.860466 0.888421 0.920546 0.957475 1.000000 0.965865 0.916423 0.873799 0.836891 0.804834 0.776945 0.752677 0.731588 0.713320 0.697582 0.684136 0.672789 0.663384 0.655062 0.646462 0.639605 0.634405 0.630796 0.628733 0.628193 0.629168 0.631670 0.635730 0.641397 0.648744 0.657864 0.668878 0.681938 0.697231 0.714989 0.735492 0.759089 0.786207 0.817376 0.853259 0.847217 0.834319 0.823763 0.815410 0.809155 0.804919 0.802651 0.802324 0.803932 0.807496 0.813060 0.820691 0.830487 0.842573 0.857112 0.874305 0.894401 0.882958 0.856579 0.833680 0.813884 0.796881 0.782420 0.770297 0.760348 0.752443 0.746480 0.742385 0.737407 0.723309 0.711421 0.701581 0.693657 11943.000000 1.150922 0.846981
0.751839 0.787905 0.829705 0.878423 0.935614 1.000000 0.929520 0.870280 0.819995 0.776973 0.739934 0.707894 0.680084 0.655896 0.634847 0.616546 0.600677 0.586983 0.575255 0.565321 0.557044 0.550312 0.545038 0.541156 0.538617 0.537390 0.537461 0.538830 0.541514 0.545546 0.550975 0.557871 0.566324 0.576447 0.588381 0.602302 0.618423 0.637008 0.658379 0.676822 0.664543 0.654250 0.645804 0.639092 0.634030 0.630555 0.628624 0.628214 0.629319 0.631953 0.636149 0.641957 0.649451 0.658728 0.669911 0.683155 0.698650 0.716630 0.737384 0.761265 0.788708 0.820253 0.856576 0.898530 0.869753 0.825196 0.786784 0.753524 0.724636 0.699505 0.677636 0.658632 0.642170 0.627986 0.615867 0.605638 0.597159 0.590316 0.585022 0.581209 0.578832 0.577860 0.578282 0.580103 0.583346 0.588050 0.594273 0.602096 0.611620 0.622976 0.636323 0.651859 0.669827 0.690525 0.714318 0.741660 0.773114 0.786190 0.750356 0.719303 0.692320 0.668841 0.648414 0.630671 0.615317 0.602108 0.590848 0.581376 0.573563 0.567306 0.562525 0.559159 0.557167 0.556526 0.557227 0.559279 0.562706 0.567552 0.573876 0.581761 0.591309 0.602651 0.615951 0.631406 0.649261 0.669816 0.693440 0.720591 18359.000000 1.285606 0.741939
0.886563 0.853202 0.824174 0.798918 0.776980 0.757991 0.741653 0.727720 0.715994 0.706315 0.698555 0.692613 0.688416 0.685912 0.685071 0.685882 0.688355 0.692521 0.698430 0.706157 0.715800 0.727487 0.741378 0.757670 0.776608 0.798489 0.823681 0.821635 0.796625 0.774904 0.756109 0.739945 0.726171 0.714590 0.705044 0.697408 0.691584 0.687499 0.685103 0.684366 0.685280 0.687856 0.692124 0.698139 0.705975 0.715732 0.727540 0.741561 0.757995 0.777088 0.799143 0.824530 0.853708 0.887243 0.925841 0.901918 0.876687 0.854833 0.836007 0.819925 0.806356 0.795113 0.786047 0.779041 0.774007 0.770883 0.769631 0.770235 0.772703 0.777065 0.783375 0.791710 0.802179 0.814917 0.830099 0.847938 0.868700 0.864963 0.832414 0.804093 0.779451 0.758047 0.739521 0.723580 0.709987 0.698546 0.689102 0.681530 0.675733 0.671638 0.669195 0.668374 0.669165 0.671578 0.675641 0.681406 0.688944 0.698352 0.709754 0.723306 0.739200 0.757676 0.777682 0.764081 0.752730 0.743477 0.736200 0.730808 0.727233 0.725432 0.725384 0.727086 0.730561 0.735851 0.743021 0.752161 0.763392 0.776863 0.792762 0.811320 0.832823 0.857619 0.886137 0.918907 0.956586 1.000000 0.969271 0.924959 1623.500000 1.185224 0.845277
0.898642 0.881492 0.867034 0.855070 0.845440 0.838021 0.832719 0.829470 0.828234 0.828996 0.831765 0.836574 0.843483 0.851103 0.825673 0.803597 0.784513 0.768121 0.754180 0.742493 0.732901 0.725279 0.719529 0.715580 0.713383 0.712912 0.714161 0.717145 0.721901 0.728487 0.736986 0.747507 0.760191 0.775213 0.792789 0.813185 0.836727 0.863816 0.894946 0.930729 0.906677 0.883859 0.864193 0.847380 0.833178 0.821390 0.811859 0.804463 0.799108 0.795728 0.794282 0.794753 0.797145 0.801489 0.807837 0.816269 0.824125 0.816797 0.811537 0.808279 0.806983 0.807633 0.810239 0.814830 0.821464 0.830224 0.841220 0.854599 0.870541 0.889272 0.911070 0.936275 0.965307 0.998680 0.993516 0.950495 0.913154 0.880677 0.852415 0.827842 0.806534 0.788147 0.772399 0.759061 0.747947 0.738908 0.731827 0.726615 0.723206 0.721559 0.721654 0.723492 0.727096 0.732509 0.739799 0.749059 0.760408 0.774000 0.790024 0.788898 0.778636 0.770471 0.764297 0.760037 0.757640 0.757076 0.758339 0.761443 0.766426 0.773351 0.782304 0.793400 0.806787 0.810904 0.815768 0.822685 0.831741 0.843052 0.856767 0.873075 0.892206 0.914447 0.940148 0.969738 1.000000 0.968996 0.942057 0.918730 1530.500000 1.235431 0.882348
0.718659 0.695605 0.675561 0.658180 0.643183 0.630338 0.619459 0.610395 0.603024 0.597251 0.593002 0.590226 0.588887 0.588970 0.590475 0.593422 0.597846 0.603801 0.611364 0.620633 0.631733 0.644819 0.660082 0.677758 0.698135 0.721566 0.748492 0.779455 0.815139 0.856409 0.878235 0.846684 0.819226 0.795350 0.774639 0.756756 0.741426 0.728425 0.717570 0.708717 0.701750 0.696580 0.693143 0.691397 0.691322 0.692916 0.696198 0.701208 0.708010 0.716688 0.727355 0.740155 0.755265 0.772906 0.793348 0.816922 0.844035 0.875191 0.911014 0.952287 1.000000 0.982792 0.913367 0.855028 0.805517 0.763165 0.726707 0.695172 0.667801 0.643997 0.623282 0.605270 0.589651 0.576171 0.564623 0.554839 0.546683 0.540046 0.534841 0.531002 0.528483 0.527251 0.527292 0.528607 0.531211 0.535136 0.540432 0.547165 0.555423 0.565316 0.576984 0.590596 0.606362 0.624539 0.645442 0.669462 0.697082 0.728912 0.765720 0.808494 0.858521 0.917503 0.987743 0.973332 0.937101 0.905573 0.878145 0.854326 0.833722 0.816007 0.800919 0.788243 0.777806 0.769472 0.763134 0.758712 0.756152 0.755423 0.756516 0.759445 0.764245 0.770975 0.779719 0.790591 0.803734 0.810702 0.775610 0.745151 2580.000000 1.324246 0.746972
0.880794 0.910315 0.944237 0.928906 0.906403 0.887051 0.870561 0.856699 0.845277 0.836143 0.829180 0.824301 0.821448 0.820583 0.821699 0.824807 0.829945 0.837177 0.846594 0.858317 0.872500 0.889338 0.908683 0.879703 0.854510 0.832669 0.813829 0.797702 0.784053 0.772694 0.763473 0.756269 0.750993 0.747578 0.745982 0.746188 0.748196 0.752033 0.748093 0.739341 0.732536 0.727592 0.724448 0.723066 0.723428 0.725539 0.729425 0.735133 0.742735 0.752327 0.764035 0.778017 0.794470 0.813636 0.835813 0.861366 0.890745 0.924504 0.963335 1.000000 0.964166 0.932981 0.905864 0.882345 0.862040 0.844638 0.829884 0.817572 0.807538 0.799649 0.793808 0.789940 0.787999 0.787961 0.789826 0.793616 0.789254 0.784269 0.781216 0.780059 0.780783 0.783398 0.787935 0.794450 0.803025 0.813768 0.826821 0.842363 0.860613 0.881843 0.893715 0.871296 0.851977 0.835465 0.821523 0.809957 0.800615 0.793375 0.788146 0.784865 0.783490 0.784005 0.786417 0.790755 0.797072 0.805447 0.815986 0.828827 0.812026 0.795780 0.782018 0.770549 0.761219 0.753906 0.748519 0.744990 0.743277 0.743358 0.745235 0.748930 0.754488 0.761980 0.771498 0.783168 0.797146 0.813628 0.832855 0.855123 1529.500000 1.102755 0.890836
0.840157 0.825347 0.812975 0.802874 0.794912 0.788989 0.785030 0.782988 0.782838 0.784577 0.788228 0.793833 0.801464 0.811216 0.823216 0.837625 0.854642 0.874516 0.897550 0.916510 0.892086 0.870973 0.852843 0.837430 0.824514 0.813922 0.805515 0.799185 0.794854 0.792468 0.791999 0.793440 0.796811 0.802150 0.809525 0.819028 0.830782 0.843299 0.820165 0.800144 0.782917 0.768229 0.755869 0.745668 0.737492 0.731236 0.726821 0.724194 0.723321 0.724194 0.726821 0.731236 0.737492 0.745668 0.755869 0.768229 0.782917 0.782755 0.780438 0.780009 0.781461 0.784814 0.790106 0.797405 0.806802 0.818418 0.832407 0.848965 0.868328 0.890792 0.916716 0.946542 0.980817 1.000000 0.962929 0.930671 0.902607 0.878241 0.857166 0.839053 0.823633 0.810687 0.800039 0.791549 0.785110 0.780639 0.778084 0.770450 0.758831 0.749336 0.741841 0.736251 0.732495 0.730529 0.730328 0.731889 0.735233 0.740399 0.747451 0.756479 0.767600 0.780961 0.796750 0.815195 0.836577 0.857256 0.838377 0.822249 0.808642 0.797367 0.788275 0.781250 0.776201 0.773068 0.771812 0.772418 0.774893 0.779268 0.785595 0.793955 0.804453 0.817227 0.832452 0.850342 0.871162 0.895239 0.877967 0.857612 4642.500000 1.104868 0.898699
0.907663 0.948946 0.947034 0.926176 0.908358 0.893324 0.880868 0.870823 0.863060 0.857482 0.854020 0.852631 0.853299 0.856032 0.860864 0.867853 0.877086 0.888682 0.902793 0.919610 0.939371 0.887843 0.841513 0.801613 0.767090 0.737121 0.711054 0.688369 0.668648 0.651551 0.636803 0.624178 0.613493 0.604600 0.597379 0.591738 0.587604 0.584927 0.583675 0.583831 0.585276 0.587552 0.591277 0.596496 0.603273 0.611697 0.621879 0.633959 0.648109 0.664544 0.683523 0.705367 0.730471 0.759325 0.792540 0.830887 0.829168 0.821583 0.816083 0.812601 0.811094 0.811545 0.813957 0.818362 0.824812 0.833389 0.844201 0.857390 0.873134 0.891655 0.913227 0.938186 0.966941 1.000000 0.996052 0.955346 0.919965 0.889177 0.862393 0.839138 0.819026 0.801741 0.787028 0.774678 0.764522 0.756428 0.750293 0.746039 0.743614 0.742989 0.744156 0.733858 0.713740 0.696329 0.681349 0.668577 0.657831 0.648963 0.641857 0.636422 0.632588 0.630311 0.629560 0.630329 0.632625 0.636476 0.641931 0.649057 0.657947 0.668716 0.681513 0.692709 0.689357 0.687685 0.687675 0.689325 0.692656 0.697708 0.704544 0.713251 0.723942 0.736760 0.751884 0.769534 0.789982 0.813560 0.840676 0.871835 18483.500000 1.278112 0.849330
0.816870 0.771774 0.733070 0.699668 0.670723 0.645571 0.623685 0.604643 0.588105 0.573793 0.561481 0.550986 0.542158 0.534877 0.529046 0.524592 0.521457 0.519605 0.519011 0.519669 0.521587 0.524788 0.529311 0.535214 0.542572 0.551482 0.562066 0.574475 0.588896 0.605555 0.624734 0.646776 0.672108 0.701265 0.734916 0.773918 0.819377 0.872742 0.932142 0.848765 0.780806 0.724539 0.677358 0.637388 0.603245 0.573886 0.548512 0.526501 0.507364 0.490710 0.476225 0.463656 0.452796 0.443478 0.435563 0.428941 0.423522 0.419236 0.416028 0.413858 0.412700 0.412539 0.413374 0.415214 0.418083 0.422015 0.427061 0.433285 0.440771 0.449623 0.459967 0.471963 0.485804 0.501725 0.520021 0.541054 0.565280 0.593273 0.625769 0.663723 0.708395 0.761481 0.825317 0.903211 1.000000 0.985121 0.900468 0.831055 0.773308 0.724697 0.683385 0.648006 0.617524 0.591142 0.568234 0.548307 0.530966 0.515893 0.502830 0.491567 0.481933 0.473789 0.467022 0.461542 0.457278 0.454176 0.452198 0.451320 0.451531 0.452833 0.455243 0.458790 0.463518 0.469487 0.476775 0.485482 0.495728 0.507666 0.521481 0.537399 0.555700 0.576731 0.600920 0.628808 0.661081 0.698621 0.742576 0.794477 5699.000000 1.303635 0.589024
0.598861 0.605783 0.614365 0.624720 0.636990 0.648786 0.662064 0.677563 0.695520 0.716228 0.740045 0.767412 0.798879 0.835136 0.877053 0.925748 0.973024 0.918094 0.871021 0.830442 0.795306 0.764791 0.738244 0.715143 0.695067 0.677676 0.662691 0.649886 0.639078 0.630116 0.621134 0.607577 0.596004 0.586250 0.578180 0.571689 0.566691 0.563125 0.560946 0.560128 0.560662 0.562553 0.565824 0.570516 0.576688 0.584418 0.593808 0.601655 0.610481 0.621089 0.633626 0.648272 0.665253 0.684841 0.707374 0.733267 0.763035 0.797324 0.836952 0.882962 0.936714 1.000000 0.944863 0.889539 0.842252 0.801573 0.766403 0.735889 0.709354 0.686262 0.666181 0.648759 0.633714 0.620812 0.609865 0.600720 0.592798 0.586046 0.580829 0.577083 0.574761 0.573834 0.574291 0.576138 0.579397 0.584109 0.590332 0.598145 0.607651 0.618980 0.632291 0.647782 0.665695 0.686328 0.710046 0.737301 0.768659 0.804826 0.846707 0.880231 0.851476 0.826468 0.804770 0.786028 0.769951 0.756305 0.744897 0.735574 0.728214 0.722723 0.719034 0.717102 0.700897 0.679860 0.661597 0.645804 0.632235 0.620689 0.611002 0.603044 0.596710 0.591918 0.588610 0.586744 0.586297 0.587265 0.589660 0.593509 8145.000000 1.069792 0.744116
0.870192 0.967872 1.000000 0.903112 0.825152 0.761270 0.708153 0.663458 0.625488 0.592980 0.564977 0.540744 0.519705 0.501405 0.485479 0.471635 0.459635 0.449287 0.440431 0.432941 0.426712 0.421662 0.417724 0.414849 0.413001 0.412158 0.412310 0.413459 0.415618 0.418814 0.423087 0.428491 0.435096 0.442992 0.452289 0.463125 0.475667 0.490121 0.506740 0.525836 0.547800 0.573119 0.602413 0.636480 0.676358 0.723425 0.779553 0.756433 0.719806 0.688144 0.660674 0.636788 0.616002 0.597924 0.582240 0.568693 0.557073 0.547211 0.538967 0.532231 0.526916 0.522953 0.520293 0.518903 0.518768 0.519885 0.522267 0.525945 0.530962 0.537384 0.545292 0.554793 0.566019 0.579133 0.594334 0.611869 0.632039 0.655216 0.681862 0.712558 0.748034 0.789229 0.837361 0.839446 0.767236 0.708035 0.658789 0.617339 0.582115 0.551952 0.525966 0.503474 0.483946 0.466958 0.452176 0.439326 0.428190 0.418587 0.410373 0.403428 0.397657 0.392981 0.389342 0.386692 0.384999 0.384242 0.384413 0.385513 0.387556 0.390566 0.394582 0.399654 0.405848 0.413249 0.421960 0.432109 0.443855 0.457389 0.472951 0.490832 0.511399 0.535110 0.562549 0.594462 0.631829 0.675945 0.728571 0.792154 1622.500000 1.413184 0.578819
0.922770 0.958831 0.998927 0.964572 0.934678 0.908705 0.886213 0.866846 0.850312 0.836374 0.824841 0.815559 0.808410 0.803304 0.800177 0.798992 0.799734 0.802412 0.807059 0.813733 0.822515 0.833519 0.846889 0.862808 0.881501 0.903246 0.928384 0.957334 0.945016 0.921005 0.900298 0.882581 0.867598 0.855141 0.845044 0.837176 0.831437 0.827757 0.826091 0.826418 0.828743 0.833094 0.839523 0.848112 0.858970 0.872237 0.888093 0.906762 0.928517 0.953696 0.982609 0.943548 0.909581 0.880021 0.854315 0.832016 0.812759 0.796249 0.782242 0.770545 0.760998 0.753478 0.747889 0.744162 0.742252 0.742134 0.743808 0.747294 0.752635 0.759896 0.769170 0.780576 0.794269 0.810437 0.829317 0.851197 0.876432 0.905456 0.938808 0.960092 0.937998 0.919062 0.903008 0.889612 0.878693 0.870110 0.863753 0.859545 0.857433 0.857391 0.859420 0.863544 0.869813 0.878306 0.889129 0.902423 0.918366 0.937182 0.959144 0.984588 1.000000 0.958542 0.922518 0.891173 0.863901 0.840213 0.819711 0.802072 0.787033 0.774378 0.763935 0.755565 0.749163 0.744647 0.741962 0.741075 0.741975 0.744674 0.749204 0.755621 0.764005 0.774464 0.787136 0.802194 0.819854 0.840378 0.864092 0.891392 1845.500000 1.118945 0.857651
0.561604 0.571503 0.583188 0.596828 0.604297 0.587993 0.573892 0.561774 0.551457 0.542797 0.535675 0.529997 0.525692 0.522706 0.521001 0.520557 0.521369 0.523447 0.526815 0.531516 0.537608 0.545170 0.554302 0.565130 0.577810 0.592531 0.609529 0.629092 0.651573 0.677413 0.707162 0.720868 0.719080 0.719030 0.720716 0.724158 0.729400 0.736504 0.745563 0.756692 0.770042 0.785799 0.804192 0.825503 0.850077 0.878341 0.897285 0.831395 0.776263 0.729635 0.689860 0.655695 0.626192 0.600614 0.578383 0.559037 0.542207 0.527595 0.514958 0.504098 0.494854 0.487096 0.480717 0.475634 0.471782 0.469113 0.467595 0.467208 0.467948 0.469824 0.472858 0.477090 0.482570 0.489371 0.497582 0.507316 0.512811 0.509507 0.507461 0.506646 0.507053 0.508688 0.511569 0.515733 0.521231 0.528134 0.536532 0.546539 0.558297 0.571980 0.587803 0.606027 0.626977 0.651051 0.678749 0.710696 0.747689 0.790754 0.841234 0.900916 0.972235 1.000000 0.928872 0.869145 0.818488 0.775175 0.737905 0.705675 0.677708 0.653387 0.632222 0.613817 0.597853 0.584069 0.572254 0.562236 0.553874 0.547055 0.541691 0.537715 0.535075 0.533742 0.533697 0.534941 0.537489 0.541371 0.546637 0.553352 18665.500000 1.665189 0.734771
0.774772 0.802288 0.833913 0.845904 0.817925 0.793587 0.772463 0.754205 0.738528 0.725200 0.714035 0.704881 0.697618 0.692154 0.688420 0.686370 0.685981 0.687247 0.690183 0.694826 0.701232 0.709482 0.719683 0.731972 0.739960 0.731869 0.725682 0.721322 0.718735 0.717890 0.718776 0.721405 0.725808 0.732040 0.740178 0.750327 0.762620 0.777227 0.794356 0.814262 0.837261 0.863738 0.855399 0.813032 0.776447 0.744729 0.717161 0.693171 0.672301 0.654182 0.638511 0.625044 0.613581 0.603959 0.596049 0.589745 0.584968 0.581658 0.579773 0.579292 0.580209 0.582534 0.586295 0.591540 0.598334 0.606765 0.616944 0.620827 0.624953 0.630663 0.638029 0.647148 0.658139 0.671155 0.686383 0.704053 0.724449 0.747917 0.774886 0.805887 0.841583 0.882814 0.930650 0.986480 1.000000 0.943096 0.894359 0.852363 0.816012 0.784448 0.756990 0.733096 0.712327 0.694330 0.678814 0.665545 0.654331 0.645017 0.637479 0.631618 0.627362 0.624658 0.623473 0.623792 0.625619 0.628977 0.633906 0.640468 0.648747 0.658851 0.670377 0.661480 0.654372 0.648962 0.645183 0.642987 0.642348 0.643259 0.645730 0.649791 0.655493 0.662907 0.672129 0.683280 0.696513 0.712019 0.730029 0.750830 7420.000000 1.174525 0.810387
0.832001 0.820906 0.812034 0.805270 0.800531 0.797757 0.796917 0.797998 0.801015 0.806003 0.813025 0.822169 0.833551 0.847323 0.863674 0.882836 0.905098 0.930812 0.960412 0.934383 0.905424 0.880264 0.858477 0.839716 0.823699 0.810197 0.799025 0.790034 0.783108 0.778162 0.775133 0.773985 0.774704 0.777298 0.781800 0.788264 0.796772 0.807431 0.820383 0.835804 0.853912 0.860520 0.833577 0.810161 0.789877 0.772399 0.757462 0.744853 0.734397 0.725956 0.719419 0.714706 0.711757 0.710537 0.711032 0.713247 0.717209 0.722966 0.730591 0.740181 0.751861 0.765790 0.782165 0.801228 0.823276 0.848675 0.863955 0.849518 0.837541 0.827863 0.820359 0.814936 0.811527 0.810090 0.810606 0.813084 0.817552 0.824066 0.832707 0.843585 0.856842 0.872659 0.891257 0.912914 0.937964 0.966823 1.000000 0.971730 0.932004 0.897476 0.867429 0.841290 0.818595 0.798967 0.782097 0.767737 0.755682 0.745769 0.737867 0.731875 0.727719 0.725347 0.724731 0.725864 0.728758 0.733449 0.739996 0.748480 0.759010 0.771726 0.762083 0.754182 0.748228 0.744145 0.741884 0.741418 0.742740 0.745867 0.750837 0.757711 0.766577 0.777547 0.790769 0.806424 0.824739 0.845991 0.861482 0.845465 4617.000000 1.128937 0.885468
0.854447 0.831777 0.812185 0.795367 0.781074 0.769107 0.759302 0.751532 0.745697 0.741726 0.739569 0.739200 0.740614 0.743830 0.748885 0.755843 0.731521 0.704544 0.681069 0.660648 0.642920 0.627591 0.614422 0.603217 0.593818 0.586098 0.579956 0.575312 0.572110 0.570309 0.569889 0.570843 0.568765 0.566840 0.566288 0.567102 0.569291 0.572883 0.577922 0.584471 0.592614 0.602458 0.614141 0.627827 0.643723 0.662082 0.683213 0.689533 0.693678 0.699568 0.707278 0.716907 0.728580 0.742458 0.758739 0.777664 0.799534 0.824714 0.853654 0.886914 0.925190 0.969359 1.000000 0.947182 0.901726 0.862417 0.828303 0.798637 0.772819 0.750369 0.730898 0.714089 0.699683 0.687471 0.677281 0.668976 0.662450 0.657619 0.654422 0.652822 0.652798 0.654351 0.657499 0.652804 0.646959 0.642752 0.640132 0.639067 0.639543 0.641566 0.645162 0.650373 0.657266 0.665928 0.676473 0.686867 0.668252 0.652149 0.638306 0.626515 0.616611 0.608459 0.601950 0.597002 0.593553 0.591561 0.591000 0.591866 0.594167 0.597933 0.603209 0.610062 0.618579 0.628874 0.642422 0.660632 0.681594 0.705685 0.733374 0.765242 0.802027 0.844664 0.894364 0.952717 0.984802 0.945108 0.910599 0.880568 7518.000000 1.276284 0.811116
0.942817 0.966659 0.950472 0.937039 0.926180 0.917756 0.911660 0.907817 0.906181 0.906731 0.909473 0.914442 0.921698 0.931332 0.943467 0.958261 0.975914 0.965870 0.944604 0.926437 0.911110 0.898411 0.888171 0.880259 0.874575 0.871048 0.869637 0.870324 0.873116 0.878049 0.885182 0.894605 0.906439 0.920837 0.937996 0.940509 0.913424 0.889940 0.869675 0.852321 0.837624 0.825380 0.815424 0.807629 0.801895 0.798151 0.796351 0.796474 0.798521 0.802516 0.808510 0.816576 0.826816 0.839364 0.854389 0.871832 0.858386 0.847358 0.838606 0.832016 0.827507 0.825023 0.824534 0.826035 0.829544 0.835103 0.842781 0.852674 0.864911 0.879655 0.897108 0.917523 0.941210 0.968547 1.000000 0.992245 0.978673 0.967767 0.959388 0.953430 0.949819 0.948512 0.949493 0.952774 0.958394 0.966423 0.976961 0.990143 0.975476 0.944882 0.918294 0.895259 0.875408 0.858442 0.844116 0.832233 0.822633 0.815194 0.809822 0.806450 0.805037 0.805567 0.808046 0.812503 0.818993 0.827598 0.838427 0.851622 0.867361 0.858899 0.843666 0.830930 0.820520 0.812300 0.806167 0.802043 0.799878 0.799646 0.801344 0.804993 0.810637 0.818347 0.828218 0.840380 0.854995 0.872266 0.892443 0.915834 1077.500000 1.194156 0.921168
0.762913 0.786194 0.812961 0.843719 0.879096 0.905371 0.885487 0.868504 0.854180 0.842318 0.832758 0.825380 0.820089 0.816821 0.815536 0.816219 0.818876 0.823542 0.830272 0.839152 0.850295 0.863846 0.879991 0.898957 0.921027 0.946546 0.975937 0.993841 0.952698 0.916947 0.885839 0.858774 0.835266 0.814921 0.797420 0.782500 0.769948 0.759595 0.751301 0.744962 0.740499 0.737855 0.737000 0.737922 0.740632 0.745165 0.751575 0.759943 0.770377 0.783013 0.798025 0.815628 0.836085 0.814092 0.794867 0.778360 0.764328 0.752575 0.742940 0.735298 0.729551 0.725628 0.723480 0.723082 0.724428 0.727536 0.732442 0.739208 0.747919 0.758687 0.771655 0.787004 0.804954 0.825778 0.849810 0.877460 0.909233 0.928691 0.905732 0.885963 0.869088 0.854864 0.843097 0.833631 0.826343 0.821143 0.817966 0.816774 0.817552 0.820309 0.825080 0.831922 0.840921 0.852193 0.865885 0.882184 0.901322 0.923583 0.949316 0.978951 1.000000 0.948216 0.903602 0.864987 0.831458 0.802292 0.776911 0.754850 0.735730 0.719245 0.705144 0.693223 0.683318 0.675295 0.669052 0.664509 0.661611 0.660321 0.660625 0.662527 0.666048 0.671233 0.678145 0.686874 0.697532 0.710265 0.725250 0.742709 513.000000 1.220046 0.848596
0.767176 0.737840 0.712317 0.690108 0.670809 0.654093 0.639693 0.627393 0.617015 0.608417 0.601484 0.596127 0.592279 0.589893 0.588939 0.589405 0.591298 0.594641 0.599473 0.605857 0.613872 0.623625 0.635248 0.648906 0.664800 0.683180 0.704350 0.728685 0.756650 0.788824 0.825934 0.861404 0.835006 0.812076 0.792229 0.775153 0.760590 0.748334 0.738217 0.730106 0.723896 0.719509 0.716891 0.716012 0.716859 0.719444 0.723797 0.729973 0.738048 0.748126 0.760341 0.774858 0.791886 0.811678 0.813569 0.791890 0.773150 0.757059 0.743377 0.731914 0.722513 0.715051 0.709433 0.705590 0.703473 0.703058 0.704339 0.707332 0.712073 0.718621 0.727058 0.737494 0.750067 0.764951 0.782360 0.802559 0.796881 0.772596 0.751504 0.733253 0.717555 0.704176 0.692925 0.683649 0.676226 0.670561 0.666582 0.664241 0.663509 0.664377 0.666857 0.670977 0.676789 0.684366 0.693805 0.705231 0.718800 0.734706 0.728705 0.715255 0.703957 0.694658 0.687236 0.681595 0.677665 0.675398 0.674767 0.675763 0.678398 0.682706 0.688738 0.696571 0.706306 0.718070 0.732027 0.748376 0.767362 0.789288 0.814523 0.843525 0.876859 0.915231 0.959533 1.000000 0.937970 0.885193 0.839955 0.800952 15938.000000 1.158726 0.826067
0.628511 0.618418 0.610091 0.611474 0.619594 0.629468 0.641233 0.655053 0.671135 0.689730 0.711147 0.735765 0.764056 0.796605 0.830952 0.791865 0.758034 0.728659 0.703106 0.680869 0.661541 0.644790 0.630347 0.617994 0.607551 0.598873 0.591846 0.587929 0.593553 0.600746 0.609603 0.620241 0.632809 0.647488 0.664504 0.684131 0.706707 0.732649 0.762474 0.796833 0.836544 0.882660 0.936544 1.000000 0.943622 0.892664 0.848868 0.811031 0.778217 0.749692 0.724868 0.703276 0.684534 0.668333 0.654422 0.642594 0.632684 0.624556 0.618104 0.613247 0.609924 0.612026 0.616757 0.623075 0.631059 0.640815 0.652474 0.666199 0.682193 0.700703 0.722034 0.746560 0.774742 0.807156 0.844524 0.887763 0.862526 0.825918 0.794126 0.766469 0.742402 0.721485 0.703363 0.687745 0.674395 0.663121 0.653766 0.646207 0.640346 0.636108 0.633443 0.632316 0.632715 0.634645 0.638128 0.643208 0.649947 0.658433 0.668775 0.681115 0.681807 0.681465 0.682768 0.685732 0.690391 0.696805 0.705053 0.715242 0.727509 0.742023 0.758993 0.778677 0.801391 0.827524 0.857555 0.892077 0.931834 0.932342 0.880803 0.836574 0.798406 0.765332 0.736593 0.711586 0.689829 0.670932 0.654577 0.640506 939.000000 1.120678 0.729985
0.653242 0.663813 0.676388 0.691146 0.700425 0.691960 0.685329 0.680447 0.677255 0.675713 0.675802 0.677523 0.680898 0.685967 0.692794 0.701465 0.712093 0.724822 0.739828 0.757332 0.777602 0.782865 0.766570 0.752715 0.741107 0.731586 0.724029 0.718339 0.714446 0.712302 0.711880 0.713176 0.716205 0.721005 0.727634 0.736175 0.746741 0.759470 0.774539 0.792164 0.812615 0.836216 0.863372 0.894579 0.930451 0.938291 0.896909 0.861010 0.829796 0.802632 0.779007 0.758508 0.740799 0.725607 0.712708 0.701920 0.693099 0.686130 0.680923 0.677415 0.675561 0.662888 0.650469 0.640019 0.631397 0.624489 0.619206 0.615481 0.613270 0.612545 0.613298 0.615537 0.619290 0.624603 0.631542 0.640197 0.650682 0.663140 0.677749 0.694728 0.714344 0.718006 0.709131 0.702143 0.696954 0.693499 0.691737 0.691646 0.693225 0.696493 0.701489 0.708277 0.716941 0.727594 0.740379 0.755474 0.773099 0.793523 0.817077 0.844169 0.875299 0.911092 0.952329 1.000000 0.989990 0.934870 0.887590 0.846803 0.811470 0.780772 0.754063 0.730823 0.710634 0.693155 0.678109 0.665272 0.654459 0.645522 0.638343 0.632830 0.628913 0.626544 0.625695 0.626356 0.628533 0.632254 0.637564 0.644531 569.000000 1.180426 0.833962
1.000000 0.975254 0.953946 0.935755 0.920421 0.907733 0.897523 0.889659 0.884043 0.880606 0.875824 0.840241 0.809310 0.782394 0.758980 0.738654 0.721081 0.705985 0.693144 0.682377 0.673537 0.666508 0.661200 0.657548 0.655507 0.655051 0.656176 0.658895 0.663241 0.669267 0.677050 0.686690 0.698315 0.703138 0.696518 0.691673 0.688541 0.687086 0.687289 0.689153 0.692700 0.697974 0.705041 0.713990 0.724938 0.738032 0.753457 0.771438 0.792254 0.816246 0.843832 0.835144 0.818537 0.804477 0.792771 0.783259 0.775821 0.770360 0.766811 0.765128 0.765293 0.767307 0.771194 0.777002 0.784803 0.794696 0.806811 0.821310 0.838396 0.858320 0.881388 0.902782 0.884396 0.868795 0.855761 0.845119 0.836728 0.830484 0.826308 0.824150 0.823982 0.825804 0.829637 0.835528 0.843549 0.853804 0.819930 0.787985 0.760198 0.736017 0.714997 0.696775 0.681060 0.667610 0.656232 0.646447 0.637210 0.629728 0.623906 0.619670 0.616967 0.615765 0.616049 0.617822 0.621105 0.625940 0.632387 0.640526 0.650465 0.662338 0.676313 0.692594 0.701031 0.702461 0.705601 0.710488 0.717183 0.725770 0.736361 0.749097 0.764155 0.781752 0.802157 0.825699 0.852780 0.883900 0.919676 0.960884 6101.500000 1.244688 0.881809
1.000000 0.949875 0.906615 0.869127 0.836551 0.808205 0.783543 0.762124 0.743588 0.727643 0.714052 0.702621 0.693194 0.685647 0.679882 0.675828 0.673435 0.672674 0.673535 0.676028 0.680186 0.686057 0.693717 0.703263 0.714821 0.728551 0.744647 0.763350 0.784958 0.809832 0.838419 0.871275 0.909091 0.941215 0.905371 0.874185 0.847049 0.823471 0.803052 0.785468 0.770454 0.757794 0.747315 0.738877 0.732373 0.727720 0.724861 0.723761 0.724407 0.726806 0.730988 0.737005 0.744931 0.754867 0.766945 0.781329 0.798222 0.817875 0.840597 0.866765 0.896845 0.931413 0.971185 0.998832 0.947865 0.903918 0.865859 0.832801 0.804040 0.779014 0.757267 0.738433 0.722210 0.708354 0.696667 0.686988 0.679187 0.673165 0.668846 0.666177 0.665125 0.665678 0.667841 0.671642 0.677128 0.684365 0.693448 0.704495 0.717657 0.733120 0.751113 0.771918 0.795880 0.823425 0.855078 0.891496 0.933503 0.964875 0.924859 0.890088 0.859834 0.833510 0.810646 0.790856 0.773830 0.759312 0.747095 0.737013 0.728932 0.722748 0.718385 0.715788 0.714926 0.715788 0.718385 0.722748 0.728932 0.737013 0.747095 0.759312 0.773830 0.790856 0.810646 0.833510 0.859834 0.890088 0.924859 0.964875 7673.500000 1.090922 0.783117
0.784676 0.763736 0.745634 0.730088 0.716869 0.705790 0.696701 0.689484 0.684045 0.680318 0.678256 0.677834 0.679048 0.681913 0.686462 0.692752 0.700863 0.710899 0.722993 0.737313 0.754065 0.773503 0.795938 0.821752 0.851416 0.885515 0.847873 0.809626 0.776471 0.747655 0.722580 0.700766 0.681824 0.665441 0.651358 0.639368 0.629300 0.621017 0.614410 0.609395 0.605909 0.603909 0.603371 0.604289 0.606673 0.610552 0.615975 0.623010 0.622701 0.609834 0.598902 0.589751 0.582256 0.576321 0.571869 0.568845 0.567213 0.566952 0.568058 0.570547 0.574447 0.579807 0.586695 0.595200 0.605435 0.617542 0.631696 0.648111 0.667053 0.686917 0.690474 0.695754 0.702821 0.711766 0.722704 0.735785 0.751190 0.769148 0.789934 0.813890 0.841435 0.873087 0.909490 0.951452 1.000000 0.967938 0.899718 0.842376 0.793704 0.752061 0.716210 0.685197 0.658279 0.634867 0.614492 0.596778 0.581418 0.568163 0.556811 0.547196 0.539184 0.532668 0.527563 0.523805 0.521348 0.519800 0.517444 0.516347 0.516497 0.517895 0.520558 0.524518 0.529826 0.536548 0.544771 0.554608 0.566196 0.579704 0.595342 0.613366 0.634091 0.657905 0.685293 0.716863 0.753384 0.795847 0.836534 0.808800 978.000000 1.284662 0.776326
0.954054 0.887286 0.831123 0.783422 0.742591 0.707426 0.676997 0.650581 0.627604 0.607608 0.590226 0.575157 0.562159 0.551034 0.541620 0.533786 0.527429 0.522465 0.518832 0.516484 0.515394 0.515548 0.516948 0.519610 0.523568 0.528870 0.535585 0.543799 0.553623 0.565196 0.578687 0.594304 0.612303 0.633000 0.656782 0.684133 0.715661 0.752133 0.794541 0.844171 0.902734 0.876375 0.818530 0.769588 0.727822 0.691938 0.660943 0.634068 0.610707 0.590378 0.572694 0.557342 0.544068 0.532665 0.522965 0.514829 0.508148 0.502834 0.498820 0.496054 0.494504 0.494150 0.494988 0.497029 0.500297 0.504832 0.510692 0.517951 0.526708 0.537081 0.549222 0.563312 0.579577 0.598293 0.619802 0.644526 0.672992 0.705869 0.744007 0.788509 0.840828 0.902914 0.977442 1.000000 0.914694 0.844673 0.786370 0.737258 0.695496 0.659716 0.628878 0.602181 0.578996 0.558826 0.541274 0.526020 0.512804 0.501414 0.491678 0.483455 0.476632 0.471118 0.466842 0.463750 0.461804 0.460980 0.461268 0.462672 0.465209 0.468909 0.473820 0.480003 0.487539 0.496531 0.507106 0.519420 0.533664 0.550074 0.568939 0.590618 0.615556 0.644313 0.677602 0.716336 0.761715 0.815328 0.879339 0.956759 3026.500000 1.141458 0.600629
0.766461 0.739143 0.715369 0.694698 0.676773 0.661303 0.648051 0.636823 0.627464 0.619847 0.613874 0.609470 0.606579 0.605166 0.605215 0.606725 0.609716 0.614223 0.620303 0.628032 0.637512 0.648869 0.662263 0.677889 0.695988 0.716853 0.740848 0.768421 0.800127 0.801188 0.752320 0.710685 0.674957 0.644127 0.617413 0.594201 0.574004 0.556431 0.541167 0.527956 0.516590 0.506898 0.498743 0.492012 0.486617 0.482489 0.479576 0.477842 0.477267 0.477842 0.479576 0.482489 0.486617 0.492012 0.498743 0.506898 0.516590 0.527956 0.541167 0.556431 0.574004 0.594201 0.617413 0.644127 0.674957 0.710685 0.752320 0.801188 0.859058 0.928349 1.000000 0.933512 0.877296 0.829351 0.788175 0.752621 0.721801 0.695014 0.671704 0.651425 0.633818 0.618588 0.605497 0.594351 0.584992 0.577292 0.571150 0.566488 0.563247 0.561388 0.560888 0.561741 0.563958 0.567564 0.572605 0.579145 0.587266 0.597078 0.585899 0.573683 0.563296 0.554591 0.547449 0.541778 0.537504 0.534575 0.532955 0.532624 0.533578 0.535828 0.539403 0.544346 0.550719 0.558605 0.568108 0.579361 0.592524 0.607798 0.625426 0.645710 0.669020 0.695814 0.726667 0.762306 0.803656 0.851920 0.834062 0.797872 1079.000000 1.340908 0.716036
0.907307 0.950255 1.000000 0.971012 0.926190 0.887366 0.853640 0.824297 0.798764 0.776580 0.757371 0.740830 0.726710 0.714808 0.704960 0.697037 0.690935 0.686579 0.683915 0.682911 0.683553 0.685851 0.689832 0.695544 0.703060 0.712475 0.723914 0.737531 0.753521 0.772121 0.793622 0.818384 0.846846 0.879554 0.917189 0.895169 0.862131 0.833380 0.808370 0.786658 0.767882 0.751751 0.738025 0.726510 0.717050 0.709520 0.703825 0.699893 0.697676 0.697148 0.698301 0.701150 0.705730 0.712096 0.720330 0.730536 0.742852 0.757445 0.774527 0.794355 0.817246 0.843587 0.873858 0.908653 0.948715 0.973700 0.928571 0.889488 0.855540 0.826005 0.800305 0.777973 0.758632 0.741973 0.727745 0.715745 0.705807 0.697799 0.691619 0.687188 0.684451 0.683376 0.683950 0.686179 0.690091 0.695733 0.703176 0.712515 0.723873 0.737404 0.753300 0.771796 0.793183 0.817815 0.846130 0.878669 0.916105 0.959287 0.916239 0.877831 0.844466 0.815437 0.790178 0.768232 0.749228 0.732865 0.718896 0.707121 0.697378 0.689539 0.683503 0.679193 0.676558 0.675563 0.676198 0.678471 0.682408 0.688059 0.695493 0.704806 0.716121 0.729591 0.745408 0.763807 0.785076 0.809570 0.837724 0.870079 1385.000000 1.058200 0.783200
0.699989 0.730024 0.762156 0.741986 0.724557 0.709598 0.696889 0.686252 0.677542 0.670646 0.665475 0.661967 0.660077 0.659783 0.661081 0.663987 0.668536 0.674785 0.682812 0.692721 0.704645 0.718749 0.735235 0.754356 0.776419 0.749243 0.702526 0.662795 0.628751 0.599407 0.574001 0.551937 0.532742 0.516039 0.501523 0.488947 0.478110 0.468847 0.461027 0.454540 0.449300 0.445241 0.442310 0.440471 0.439703 0.439995 0.441352 0.443790 0.447338 0.452041 0.457960 0.465171 0.473772 0.483885 0.495659 0.509278 0.524967 0.543003 0.563729 0.587571 0.615067 0.646897 0.683939 0.727339 0.778623 0.839866 0.913954 1.000000 0.928061 0.867728 0.816608 0.772934 0.735376 0.702914 0.674754 0.650269 0.628962 0.610430 0.594350 0.580457 0.568538 0.558417 0.549951 0.543027 0.537554 0.533463 0.530702 0.529238 0.529053 0.530145 0.532527 0.536228 0.541294 0.547789 0.555798 0.565426 0.576807 0.590107 0.605528 0.623319 0.643784 0.667301 0.654691 0.634471 0.616905 0.601696 0.588602 0.577427 0.568012 0.560227 0.553969 0.549158 0.545733 0.543651 0.542889 0.543436 0.545299 0.548501 0.553081 0.559097 0.566625 0.575764 0.586639 0.599405 0.614252 0.631412 0.651173 0.673886 4218.500000 1.427803 0.722991
0.806210 0.790538 0.777301 0.766315 0.757435 0.750545 0.745560 0.742418 0.741079 0.741529 0.743772 0.747835 0.753769 0.761648 0.771572 0.783670 0.798107 0.797329 0.793038 0.790687 0.790248 0.791716 0.795109 0.800467 0.807858 0.817374 0.829137 0.843306 0.860075 0.879687 0.902440 0.928696 0.942967 0.921470 0.903058 0.887463 0.874469 0.863902 0.855623 0.849528 0.845543 0.843617 0.843728 0.845877 0.850091 0.856420 0.864943 0.875769 0.889038 0.904929 0.923664 0.945517 0.970825 1.000000 0.970140 0.916671 0.870775 0.831164 0.796835 0.767004 0.741047 0.718463 0.698849 0.681877 0.667279 0.654837 0.644375 0.644476 0.652558 0.662462 0.674320 0.688299 0.704603 0.723483 0.745248 0.770277 0.799036 0.832109 0.841090 0.829693 0.820552 0.813548 0.808594 0.805629 0.804618 0.805547 0.808428 0.813295 0.820210 0.829259 0.840556 0.854253 0.870535 0.889634 0.911837 0.937492 0.967029 0.998936 0.968712 0.942467 0.919764 0.900246 0.883624 0.869662 0.858170 0.848996 0.842023 0.837164 0.834359 0.833575 0.834801 0.836926 0.826991 0.819239 0.813573 0.809922 0.808242 0.808514 0.810739 0.814945 0.821184 0.829532 0.840097 0.853016 0.868463 0.870363 0.845813 0.824543 1837.000000 1.084931 0.866304
0.953899 0.962742 0.925876 0.893803 0.865893 0.841640 0.820632 0.802533 0.787071 0.774022 0.763208 0.754485 0.747739 0.742887 0.739868 0.738647 0.739207 0.715597 0.692981 0.673323 0.656287 0.641600 0.629037 0.618419 0.609597 0.602454 0.596898 0.592858 0.590286 0.589149 0.589433 0.591143 0.594298 0.598938 0.603102 0.599007 0.596394 0.595232 0.595506 0.597220 0.600394 0.605068 0.611299 0.619167 0.628775 0.640252 0.653761 0.669499 0.687711 0.708697 0.732826 0.760552 0.769093 0.765281 0.763337 0.763237 0.764979 0.768585 0.774098 0.781588 0.791149 0.802905 0.817014 0.833671 0.853120 0.875659 0.901651 0.931546 0.965899 1.000000 0.932554 0.875607 0.827093 0.785466 0.749547 0.718424 0.691382 0.667853 0.647381 0.629598 0.614829 0.607714 0.602196 0.598205 0.595692 0.594627 0.594997 0.596806 0.600076 0.604847 0.611178 0.619151 0.628870 0.640466 0.654104 0.669984 0.688354 0.696029 0.680921 0.668031 0.657173 0.648199 0.640990 0.635454 0.631521 0.629143 0.628290 0.628953 0.631139 0.634876 0.640208 0.647204 0.655951 0.666566 0.677772 0.681889 0.687723 0.695347 0.704860 0.716386 0.730083 0.746147 0.764817 0.786389 0.811225 0.839769 0.872574 0.910328 1093.500000 1.327747 0.826171
0.893638 0.921412 0.953337 0.990024 1.000000 0.953576 0.913375 0.878456 0.848077 0.821642 0.798671 0.778775 0.761636 0.746996 0.734645 0.724412 0.716163 0.709789 0.705212 0.702375 0.701243 0.701803 0.704061 0.701422 0.690721 0.681960 0.675024 0.669826 0.666299 0.664402 0.664111 0.665422 0.668352 0.672936 0.679232 0.687317 0.697298 0.709306 0.723509 0.740112 0.759367 0.781583 0.807142 0.836513 0.826425 0.812713 0.801349 0.792180 0.785088 0.779985 0.776806 0.775515 0.776094 0.778551 0.782916 0.789242 0.797608 0.808121 0.820919 0.836176 0.854107 0.874979 0.899116 0.926919 0.944053 0.912955 0.885907 0.862433 0.842148 0.824736 0.809941 0.797555 0.787411 0.779375 0.773346 0.769249 0.767033 0.766671 0.768159 0.771516 0.776781 0.784021 0.793326 0.804816 0.813189 0.787072 0.764364 0.744674 0.727682 0.713127 0.700799 0.690525 0.682167 0.675618 0.670793 0.667634 0.666102 0.666178 0.667863 0.671178 0.676163 0.682880 0.691414 0.701876 0.714408 0.729183 0.746419 0.766381 0.789393 0.815856 0.819648 0.806147 0.794968 0.785963 0.779014 0.774036 0.770967 0.769769 0.770428 0.772952 0.777371 0.783740 0.792139 0.802674 0.815484 0.830743 0.848668 0.869524 4123.000000 1.208055 0.870223
0.893309 0.965537 1.000000 0.962404 0.929692 0.901230 0.876507 0.855110 0.836700 0.821003 0.807794 0.796892 0.788155 0.781469 0.776751 0.754846 0.729862 0.708130 0.689267 0.672962 0.658961 0.647059 0.637086 0.628908 0.622418 0.617532 0.614192 0.612354 0.611997 0.613117 0.615727 0.619859 0.625564 0.632914 0.642003 0.652954 0.652028 0.651257 0.652057 0.654438 0.658428 0.664077 0.671455 0.680657 0.691804 0.705050 0.720582 0.738634 0.759490 0.783500 0.811096 0.842812 0.879313 0.886394 0.829482 0.781205 0.739924 0.704398 0.673676 0.647015 0.623830 0.611278 0.612997 0.616214 0.620969 0.627322 0.635352 0.645164 0.656892 0.670700 0.686791 0.705414 0.726875 0.751550 0.774215 0.766107 0.759979 0.755755 0.753382 0.752832 0.754098 0.757196 0.762162 0.769060 0.777975 0.789021 0.802347 0.818136 0.836614 0.858062 0.882820 0.911311 0.944052 0.874381 0.813314 0.761936 0.718291 0.680926 0.648743 0.620892 0.596713 0.575681 0.557379 0.541468 0.527677 0.515782 0.505603 0.496992 0.495519 0.496142 0.497968 0.501019 0.505332 0.510962 0.517980 0.526480 0.536578 0.548418 0.562177 0.578073 0.596372 0.617404 0.641576 0.669395 0.701504 0.738716 0.782088 0.833002 3607.500000 1.200464 0.735039
1.000000 0.970554 0.945005 0.922932 0.903995 0.887916 0.874468 0.863471 0.854781 0.848287 0.843909 0.841593 0.841311 0.843059 0.846859 0.852757 0.860826 0.871168 0.883916 0.886080 0.859735 0.836869 0.817105 0.800136 0.785712 0.773630 0.763726 0.755870 0.749962 0.745929 0.743721 0.743312 0.744696 0.747891 0.752934 0.759889 0.768844 0.779913 0.793245 0.809023 0.802383 0.789409 0.778693 0.770095 0.763505 0.758838 0.756039 0.755072 0.755927 0.758613 0.763164 0.769635 0.778107 0.788689 0.801520 0.816775 0.834673 0.855480 0.879523 0.874076 0.858385 0.845248 0.834487 0.825962 0.819563 0.815212 0.812854 0.812462 0.814030 0.817578 0.823148 0.830810 0.840660 0.852826 0.867470 0.884794 0.905049 0.908153 0.890514 0.875618 0.863256 0.853266 0.845519 0.839915 0.836388 0.834892 0.835411 0.837951 0.842542 0.849241 0.858131 0.869325 0.882971 0.899253 0.869427 0.839847 0.814109 0.791753 0.772404 0.755754 0.741556 0.729607 0.719743 0.711835 0.705780 0.701503 0.698951 0.698093 0.698859 0.694444 0.691741 0.690717 0.691358 0.693674 0.697691 0.703460 0.711052 0.720565 0.732124 0.745885 0.762045 0.780843 0.802575 0.827601 0.856368 0.889427 0.927465 0.971346 778.000000 1.107435 0.895164
0.892410 0.919416 0.950469 0.915347 0.877164 0.843991 0.815127 0.790013 0.768195 0.749307 0.733049 0.719177 0.707493 0.697837 0.690081 0.684126 0.679896 0.677340 0.676427 0.677146 0.672527 0.655615 0.641039 0.628578 0.618053 0.609318 0.602258 0.596780 0.592817 0.590318 0.589254 0.589612 0.591396 0.594627 0.599346 0.605611 0.613502 0.623122 0.634602 0.648104 0.663826 0.682014 0.702969 0.727058 0.754740 0.786583 0.781116 0.773288 0.767447 0.763518 0.761455 0.761231 0.762845 0.766316 0.771686 0.779022 0.788416 0.799990 0.813900 0.830337 0.849540 0.871803 0.897485 0.927026 0.960972 1.000000 0.998338 0.942355 0.894357 0.852967 0.817120 0.785982 0.758891 0.735317 0.714835 0.697096 0.681819 0.668774 0.657774 0.648667 0.641332 0.635676 0.625564 0.611941 0.600313 0.590516 0.582413 0.575899 0.570889 0.567320 0.565148 0.564348 0.564909 0.566837 0.570158 0.574910 0.581154 0.588970 0.598461 0.609755 0.623013 0.638433 0.656257 0.676782 0.700374 0.727486 0.758683 0.794676 0.836369 0.844445 0.827717 0.813560 0.801778 0.792214 0.784744 0.779273 0.775733 0.774082 0.774300 0.776388 0.780373 0.786303 0.794252 0.804321 0.816641 0.831378 0.848739 0.868979 7695.000000 1.373944 0.826562
0.415853 0.411955 0.409105 0.407270 0.406425 0.406561 0.407680 0.409795 0.412932 0.417131 0.422443 0.428939 0.436707 0.445855 0.456518 0.468861 0.483086 0.499441 0.518236 0.539851 0.564768 0.593596 0.627116 0.666351 0.712654 0.767860 0.834517 0.916264 0.868745 0.827027 0.790950 0.759643 0.732417 0.708723 0.688120 0.670250 0.654823 0.641600 0.630390 0.621035 0.613410 0.607415 0.602975 0.600034 0.598557 0.598526 0.599939 0.602816 0.607189 0.607596 0.588393 0.571702 0.557238 0.544767 0.534100 0.525084 0.517594 0.511529 0.506811 0.503381 0.501197 0.500232 0.500473 0.501925 0.504604 0.508544 0.513793 0.520418 0.528507 0.538167 0.549537 0.551621 0.538964 0.528118 0.518926 0.511259 0.505014 0.500110 0.496485 0.494094 0.492907 0.492911 0.494105 0.496504 0.500137 0.505050 0.511304 0.518980 0.528183 0.539039 0.551709 0.566386 0.583308 0.602770 0.625133 0.650848 0.680479 0.714740 0.754549 0.801097 0.855964 0.921282 1.000000 0.929358 0.848047 0.781551 0.726347 0.679957 0.640588 0.606910 0.577919 0.552843 0.531078 0.512150 0.495677 0.481354 0.468934 0.458215 0.449032 0.441253 0.434768 0.429490 0.425352 0.422300 0.420297 0.419318 0.419352 0.420398 683.500000 1.600569 0.676655
0.422162 0.418559 0.416010 0.414485 0.413964 0.414442 0.415925 0.418429 0.421987 0.426642 0.432454 0.439501 0.447878 0.457704 0.469127 0.482326 0.497523 0.514990 0.535063 0.558164 0.579240 0.587117 0.596669 0.608026 0.621349 0.636838 0.654736 0.675344 0.699030 0.726251 0.757577 0.793725 0.835610 0.807201 0.775946 0.748758 0.725099 0.704534 0.686713 0.671348 0.658206 0.647098 0.637870 0.630399 0.624589 0.620365 0.617676 0.616489 0.616789 0.618581 0.621885 0.624992 0.620373 0.617299 0.615730 0.615649 0.617054 0.619963 0.624411 0.630452 0.638164 0.647647 0.659027 0.672464 0.688152 0.680769 0.642394 0.609505 0.581152 0.556600 0.535277 0.516725 0.500582 0.486554 0.474402 0.463933 0.454988 0.447440 0.441183 0.439223 0.440131 0.442109 0.445183 0.449390 0.454784 0.461434 0.469428 0.478879 0.489923 0.502727 0.517499 0.534492 0.554019 0.564005 0.572091 0.581834 0.593368 0.606861 0.622516 0.640584 0.661374 0.685264 0.712727 0.744350 0.780879 0.823263 0.872736 0.930921 1.000000 0.970359 0.879887 0.806625 0.746285 0.695903 0.653369 0.617135 0.586047 0.559223 0.535982 0.515789 0.498219 0.482931 0.469652 0.458157 0.448266 0.439830 0.432729 0.426866 1044.500000 1.333335 0.702684
0.785734 0.798644 0.789304 0.769863 0.753127 0.738845 0.726813 0.716866 0.708872 0.702729 0.698359 0.695709 0.694747 0.695460 0.697858 0.701969 0.707844 0.715557 0.725206 0.714332 0.699348 0.686599 0.675906 0.667123 0.660136 0.654855 0.651214 0.649168 0.648693 0.649784 0.652452 0.656731 0.662673 0.670354 0.679871 0.691353 0.704956 0.720877 0.739356 0.755832 0.754190 0.754369 0.756371 0.760219 0.765962 0.773670 0.783441 0.795404 0.809718 0.826584 0.846250 0.869019 0.895264 0.925442 0.960120 1.000000 0.972464 0.925550 0.884989 0.849794 0.819190 0.792557 0.769396 0.749304 0.731953 0.717076 0.704455 0.693913 0.685309 0.678530 0.673491 0.670128 0.668401 0.668289 0.669790 0.672923 0.677725 0.664950 0.653617 0.644190 0.636542 0.630576 0.626214 0.623405 0.622112 0.622321 0.624033 0.627271 0.632073 0.638499 0.646631 0.656575 0.668464 0.673431 0.676621 0.681491 0.688101 0.696535 0.706902 0.719342 0.734028 0.751173 0.771040 0.793951 0.820302 0.850581 0.885397 0.925509 0.971161 0.934753 0.903073 0.875510 0.851571 0.830854 0.813034 0.797843 0.785066 0.774529 0.766092 0.759647 0.755113 0.752436 0.751581 0.752539 0.755322 0.759963 0.766519 0.775073 15837.500000 1.197518 0.860815
0.795070 0.770479 0.749114 0.730615 0.714688 0.701093 0.689636 0.680160 0.672539 0.666675 0.662495 0.659947 0.659000 0.659642 0.661882 0.665746 0.671283 0.676175 0.653673 0.634098 0.617106 0.602413 0.589792 0.579055 0.570051 0.562657 0.556777 0.552336 0.549277 0.547564 0.547176 0.548107 0.550370 0.553992 0.559018 0.565511 0.573554 0.583254 0.594746 0.608194 0.623802 0.641819 0.662552 0.686378 0.713764 0.745297 0.781716 0.823963 0.873261 0.931220 1.000000 0.975984 0.917859 0.868242 0.825602 0.788765 0.756820 0.729049 0.704883 0.683862 0.665616 0.649843 0.636297 0.624779 0.615126 0.607208 0.600920 0.596182 0.592936 0.591141 0.590776 0.591837 0.594336 0.598303 0.603788 0.610860 0.619610 0.630154 0.642638 0.657242 0.674188 0.693746 0.716249 0.742110 0.761578 0.735926 0.713608 0.694228 0.677461 0.663045 0.650764 0.640445 0.631947 0.625158 0.619991 0.616381 0.614284 0.613675 0.614546 0.616908 0.620790 0.626238 0.633323 0.642134 0.652789 0.665434 0.680249 0.697457 0.717332 0.740208 0.764914 0.753367 0.743929 0.736476 0.730915 0.727176 0.725214 0.725003 0.726543 0.729851 0.734968 0.741958 0.750908 0.761935 0.775185 0.790844 0.809138 0.823331 7866.000000 1.281080 0.798321
0.803229 0.881814 0.980061 1.000000 0.920196 0.854094 0.798647 0.751661 0.711515 0.676988 0.647144 0.621254 0.598742 0.579151 0.562113 0.547330 0.534559 0.523603 0.514301 0.506523 0.500164 0.495140 0.491389 0.488863 0.487531 0.487377 0.488399 0.490610 0.494037 0.498723 0.504725 0.512122 0.521013 0.531522 0.543800 0.558035 0.574457 0.593347 0.615053 0.640009 0.668755 0.701974 0.740544 0.781026 0.738588 0.702128 0.670638 0.643335 0.619602 0.598950 0.580984 0.565388 0.551901 0.540314 0.530456 0.522186 0.515393 0.509987 0.505899 0.503078 0.501491 0.501117 0.501951 0.504005 0.507303 0.511885 0.517810 0.525153 0.534013 0.544511 0.556799 0.571061 0.587526 0.606473 0.628246 0.653274 0.682089 0.715367 0.753969 0.799008 0.851953 0.914773 0.990170 0.952392 0.859854 0.785430 0.724470 0.673798 0.631171 0.594965 0.563973 0.537280 0.514182 0.494129 0.476688 0.461509 0.448314 0.436876 0.427010 0.418565 0.411421 0.405476 0.400652 0.396887 0.394132 0.392355 0.391532 0.391654 0.392722 0.394750 0.397762 0.401796 0.406903 0.413150 0.420620 0.429419 0.439676 0.451549 0.465234 0.480968 0.499049 0.519843 0.543812 0.571543 0.603785 0.641522 0.686052 0.739139 745.000000 1.410632 0.577935
0.727595 0.701168 0.678170 0.658167 0.640810 0.625815 0.612947 0.602020 0.592878 0.585399 0.579485 0.575061 0.572072 0.570480 0.570268 0.571432 0.573986 0.577962 0.583409 0.590395 0.599011 0.609372 0.621621 0.635937 0.652536 0.671687 0.693718 0.719034 0.748138 0.781660 0.820396 0.865365 0.917890 0.979715 1.000000 0.959162 0.923667 0.892779 0.865908 0.842579 0.822402 0.805064 0.790306 0.777920 0.767737 0.759623 0.753476 0.749217 0.746796 0.746182 0.747368 0.750368 0.755219 0.761981 0.770738 0.781604 0.794723 0.810275 0.828484 0.849624 0.874031 0.902120 0.934400 0.971503 0.976401 0.916995 0.866371 0.822923 0.785426 0.752932 0.724697 0.700128 0.678753 0.660187 0.644120 0.630299 0.618517 0.608607 0.600434 0.593888 0.588887 0.585369 0.583288 0.582622 0.583360 0.585513 0.589106 0.594184 0.600810 0.609069 0.619071 0.630952 0.644882 0.661069 0.679770 0.701299 0.726042 0.754479 0.787208 0.824983 0.868764 0.919793 0.919443 0.900812 0.885011 0.871819 0.861058 0.852589 0.846303 0.842124 0.839999 0.839903 0.841835 0.845818 0.851902 0.860160 0.870699 0.883654 0.899199 0.917551 0.938977 0.963805 0.992437 0.935904 0.880716 0.833571 0.793030 0.757991 7251.500000 1.359705 0.756711
0.945846 0.904873 0.869309 0.838379 0.811462 0.788059 0.767765 0.750253 0.735254 0.722549 0.711961 0.703350 0.696602 0.691633 0.688381 0.686807 0.686890 0.688633 0.692056 0.681175 0.663442 0.648131 0.635007 0.623876 0.614584 0.607005 0.601042 0.596618 0.593678 0.592187 0.592126 0.593494 0.596309 0.600605 0.606435 0.600503 0.595785 0.592558 0.590780 0.590431 0.591507 0.594020 0.598002 0.603501 0.610587 0.619350 0.629909 0.642409 0.657029 0.673992 0.693509 0.707881 0.724644 0.744056 0.766434 0.792167 0.821737 0.855742 0.894931 0.940256 0.992937 1.000000 0.947124 0.901623 0.862275 0.828129 0.798435 0.772593 0.750122 0.730632 0.713805 0.699383 0.687154 0.676949 0.668629 0.662087 0.657240 0.648454 0.636032 0.625556 0.616881 0.609893 0.604501 0.600639 0.598257 0.597327 0.597839 0.599797 0.603226 0.608169 0.614686 0.622861 0.632801 0.644642 0.658551 0.674735 0.693448 0.714999 0.708857 0.695340 0.683945 0.674517 0.666930 0.661087 0.656914 0.654360 0.653393 0.654003 0.656196 0.659999 0.659783 0.659196 0.660199 0.662804 0.667043 0.672969 0.680655 0.690200 0.701732 0.715408 0.731426 0.750025 0.771501 0.796219 0.824625 0.857275 0.894862 0.938259 7054.500000 1.293011 0.820898
0.621922 0.591107 0.564498 0.541430 0.521379 0.503931 0.488753 0.475574 0.464176 0.454381 0.446043 0.439044 0.433289 0.428703 0.425226 0.422815 0.421442 0.421088 0.421750 0.423436 0.426166 0.429974 0.434908 0.441032 0.448426 0.457192 0.467457 0.479374 0.493134 0.508970 0.527169 0.548086 0.572168 0.599975 0.632224 0.669841 0.714048 0.766478 0.829375 0.905895 1.000000 0.884407 0.794484 0.722740 0.664348 0.616060 0.575608 0.541365 0.512132 0.487007 0.465301 0.446477 0.430112 0.415872 0.403484 0.392733 0.383439 0.375458 0.368673 0.362988 0.358326 0.354625 0.351839 0.349933 0.348883 0.348677 0.349312 0.350797 0.353148 0.356396 0.360580 0.365755 0.371991 0.379373 0.388007 0.398024 0.409585 0.422888 0.438174 0.455746 0.475981 0.499355 0.526477 0.558137 0.595374 0.639585 0.692692 0.757407 0.837687 0.890547 0.828606 0.776470 0.732166 0.694227 0.661541 0.633252 0.608689 0.587323 0.568730 0.552567 0.538560 0.526482 0.516151 0.507416 0.500156 0.494275 0.489697 0.486364 0.484235 0.483283 0.483498 0.484881 0.487450 0.491237 0.496287 0.502666 0.510457 0.519765 0.530721 0.543486 0.558259 0.575281 0.594853 0.617343 0.643210 0.673033 0.699855 0.657797 1981.000000 1.496189 0.568820
0.742981 0.759875 0.779478 0.797848 0.781478 0.767578 0.755953 0.746446 0.738934 0.733320 0.729535 0.727533 0.727289 0.728800 0.732085 0.737183 0.726968 0.706006 0.687831 0.672146 0.658712 0.647333 0.637852 0.630140 0.624099 0.619650 0.616740 0.615332 0.615410 0.616975 0.620045 0.624658 0.630872 0.638765 0.648439 0.645945 0.623989 0.604885 0.588292 0.573931 0.561575 0.551039 0.542173 0.534856 0.528992 0.524839 0.523913 0.524250 0.525855 0.528748 0.532964 0.538556 0.545594 0.554172 0.564405 0.576438 0.590449 0.606655 0.625326 0.646789 0.671454 0.699827 0.732546 0.770422 0.814497 0.866135 0.927148 1.000000 0.989326 0.934145 0.886818 0.845994 0.810631 0.779909 0.753179 0.729921 0.709714 0.692219 0.672423 0.648037 0.626815 0.608358 0.592343 0.578508 0.566638 0.556559 0.548130 0.541237 0.535790 0.531719 0.528975 0.527523 0.527346 0.528442 0.530824 0.534521 0.539579 0.546061 0.554052 0.563659 0.575014 0.576365 0.578426 0.581909 0.586857 0.593331 0.601414 0.611214 0.622864 0.636529 0.652415 0.670771 0.691905 0.716196 0.711059 0.701914 0.694653 0.689184 0.685439 0.683372 0.682958 0.684191 0.687087 0.691682 0.698031 0.706214 0.716339 0.728538 1731.500000 1.311274 0.808158
0.858120 0.836329 0.817539 0.801462 0.787867 0.776565 0.767406 0.760270 0.755068 0.751735 0.750231 0.750537 0.752658 0.756619 0.762468 0.770278 0.780149 0.792210 0.806623 0.823591 0.843363 0.850135 0.820081 0.793927 0.771190 0.751479 0.734476 0.719921 0.707604 0.697352 0.689030 0.682529 0.677767 0.674685 0.673245 0.673431 0.675243 0.678705 0.683859 0.690768 0.699521 0.710231 0.723044 0.729234 0.715769 0.704459 0.695148 0.687716 0.682067 0.678131 0.675858 0.675222 0.676214 0.678848 0.683154 0.689186 0.697019 0.706755 0.718522 0.732483 0.748836 0.767828 0.789761 0.796337 0.778632 0.763496 0.750711 0.740101 0.731525 0.724871 0.720057 0.717021 0.715729 0.716163 0.718329 0.722254 0.727985 0.735594 0.745178 0.756863 0.770806 0.787205 0.806301 0.828392 0.853843 0.883102 0.916725 0.955401 1.000000 0.987594 0.917115 0.857954 0.807792 0.764912 0.728021 0.696124 0.668448 0.644381 0.623437 0.605223 0.589424 0.575780 0.564081 0.554157 0.545868 0.539103 0.533774 0.529814 0.527172 0.527601 0.533709 0.541279 0.550412 0.561233 0.573900 0.588601 0.605573 0.625104 0.647548 0.673347 0.703050 0.737354 0.777145 0.823572 0.878150 0.942907 0.912185 0.883262 727.500000 1.074464 0.788475
