40
1000 1000
8 10 26 42 2 58 25 65 43 76 77 32 80 12 76 -17 50
5 29 26 84 20 136 56 84 106 25 75
6 31 6 80 5 100 48 65 68 23 76 -4 47
8 52 34 68 39 76 40 87 49 78 57 73 74 57 63 50 53
7 12 10 27 -5 45 5 51 20 48 40 24 45 8 39
7 19 104 67 56 124 68 151 135 116 178 70 177 26 147
5 -4 13 39 0 58 36 31 48 4 43
7 108 168 146 144 192 155 213 189 195 232 145 238 115 219
8 52 57 68 36 102 37 149 16 155 66 151 109 110 134 57 105
3 77 34 131 53 78 101
5 -2 6 29 -5 45 23 24 33 4 31
4 53 92 91 44 135 94 107 163
6 65 39 90 41 103 69 88 83 64 96 56 67
8 59 130 131 101 181 37 201 115 222 135 198 196 155 217 84 218
8 83 19 111 5 156 15 155 55 143 81 125 112 88 91 72 67
6 61 -15 113 8 137 50 115 80 62 87 52 48
5 85 58 111 46 140 70 114 86 92 83
5 43 72 83 68 105 94 86 137 36 126
3 36 25 92 56 35 90
7 15 71 38 41 80 42 110 85 70 115 39 143 -18 118
8 87 100 145 59 191 64 233 70 288 118 247 155 200 164 148 157
4 58 77 81 96 58 126 29 102
5 -13 10 21 4 37 26 18 39 -2 38
6 86 103 109 59 154 57 170 100 170 163 97 169
8 15 -7 28 -3 48 -5 57 12 49 36 32 41 17 34 9 16
8 -3 21 5 17 9 3 27 11 22 23 22 34 15 42 1 37
3 43 103 89 139 37 171
6 103 67 134 26 176 48 207 76 193 130 131 124
8 -8 22 18 21 43 18 33 35 27 53 20 61 1 57 -5 40
6 20 58 88 63 118 133 94 190 18 183 -15 132
3 194 157 292 210 178 260
8 33 43 53 22 84 45 116 71 87 95 57 112 32 103 40 77
7 6 13 29 -5 48 9 61 22 56 45 32 46 7 32
3 71 43 170 88 52 180
7 -13 59 36 61 69 46 105 91 71 128 24 137 -7 107
7 117 165 161 100 232 127 221 183 204 256 161 262 94 207
6 -5 6 11 0 25 -10 37 5 24 28 8 24
3 109 68 153 94 110 120
6 0 29 16 13 33 7 42 33 32 56 13 54
5 13 12 68 -1 104 38 65 101 17 77
