60
1000 1000
3 164 96 271 158 137 240
6 31 11 66 1 86 41 64 70 40 66 30 39
5 34 71 55 62 78 84 63 110 28 100
3 8 7 57 28 7 58
3 198 -19 314 113 209 196
3 110 114 172 152 114 163
3 260 279 377 335 262 392
8 72 44 101 33 128 44 145 62 127 99 108 94 77 89 63 73
7 10 20 28 14 44 12 60 28 46 48 20 56 3 44
4 25 46 47 37 72 53 50 70
3 42 43 116 63 23 109
6 17 6 32 16 40 20 38 36 18 33 14 23
6 38 15 81 26 105 64 90 96 24 93 7 65
7 28 40 52 28 68 34 81 51 66 62 49 68 29 57
7 10 4 26 -4 37 5 53 12 49 33 27 43 15 22
6 16 28 50 6 82 2 111 37 79 57 50 60
4 44 20 60 47 37 86 -6 57
6 23 35 58 35 78 66 50 78 21 85 23 61
7 -2 17 7 10 24 20 29 27 32 46 14 42 2 38
6 10 23 44 17 91 67 55 114 1 97 -19 69
7 -3 10 7 3 22 8 29 21 22 29 11 28 2 28
6 32 119 80 73 170 29 217 127 161 181 82 201
8 12 112 38 91 49 63 87 97 130 130 85 148 67 160 30 159
8 40 15 62 26 84 15 95 43 91 76 66 87 38 65 30 49
3 31 16 60 41 30 51
8 17 8 25 -3 40 5 53 21 51 40 25 40 7 38 14 22
4 30 83 86 69 142 88 79 130
4 -1 11 18 -1 44 11 19 32
6 9 -15 61 3 99 40 75 72 29 74 5 35
6 5 46 14 31 34 38 46 51 40 67 21 65
6 8 7 31 6 44 25 30 42 11 49 6 30
4 38 14 48 33 37 60 12 37
7 3 14 14 4 37 -1 45 19 27 33 14 40 6 27
8 169 169 218 158 297 185 326 249 286 293 227 307 194 264 123 234
7 7 24 9 13 27 16 45 32 31 48 16 42 -11 42
7 10 26 24 9 72 4 80 43 92 93 25 105 16 63
6 68 67 105 58 128 89 104 137 69 114 39 103
6 56 49 88 29 108 79 94 103 53 90 27 79
7 46 135 91 109 133 107 172 146 126 179 89 192 58 163
4 -12 118 101 74 167 130 99 176
8 -4 7 6 0 22 -7 37 -3 40 7 38 24 17 29 7 23
4 99 42 204 119 86 171 -27 117
3 120 -20 225 73 130 102
7 88 188 117 165 161 157 204 221 161 268 121 260 94 225
3 117 76 209 144 90 254
5 6 3 32 -4 37 17 31 33 4 29
5 38 56 77 51 108 77 83 104 43 86
6 43 55 78 39 107 76 80 118 34 102 0 84
7 28 20 45 4 58 13 76 27 61 45 46 39 31 41
3 35 14 78 37 36 76
8 -7 14 6 9 20 6 36 3 44 15 31 33 16 33 4 35
3 141 137 198 176 145 215
5 6 8 43 1 71 28 45 55 20 40
8 -16 39 25 8 78 53 140 103 73 147 33 177 -5 147 -44 104
3 23 54 77 84 37 104
4 58 -3 113 23 58 71 27 39
8 15 33 21 24 35 25 46 22 62 35 46 46 36 53 25 45
7 61 72 100 52 135 49 166 95 135 138 103 117 60 109
5 42 15 73 9 115 34 79 74 48 44
4 24 50 51 38 79 54 53 79
