40
1000 1000
4 76 103 96 83 124 107 96 119
4 13 85 62 63 105 93 59 122
8 8 23 19 16 28 11 44 10 40 23 35 31 23 42 14 38
6 31 21 94 26 135 81 101 144 56 109 -2 79
7 18 39 30 35 41 31 54 46 40 55 28 69 9 54
5 10 5 32 4 54 14 32 30 14 29
8 15 24 30 12 41 13 57 11 68 30 62 44 40 45 29 37
8 3 21 5 7 13 11 22 9 30 19 23 31 13 37 1 33
3 116 47 171 80 111 113
6 12 21 32 32 51 43 33 64 9 64 -7 47
7 4 55 43 43 63 48 79 67 70 95 34 104 14 84
5 20 29 46 6 74 45 47 71 22 64
3 150 34 212 61 145 109
4 14 211 136 150 188 228 125 303
8 38 18 61 14 72 32 75 38 84 61 64 61 45 61 44 41
7 4 9 17 1 36 7 41 19 38 36 16 35 7 31
8 80 71 88 63 111 54 114 85 121 107 88 120 60 107 58 89
8 -22 33 15 24 35 -2 55 5 54 37 55 60 34 69 -1 85
5 23 7 53 -5 77 30 53 57 4 50
7 14 18 25 12 37 8 35 23 35 40 17 42 7 31
3 60 79 110 111 64 141
3 94 77 219 186 123 238
5 -6 4 24 -1 35 14 35 43 5 33
6 69 199 87 168 126 170 173 193 157 251 78 260
4 119 145 178 74 284 144 192 240
6 28 4 47 3 57 22 54 46 35 36 19 25
6 24 26 48 29 80 53 44 70 20 73 -8 52
4 56 23 88 64 62 110 16 72
7 20 12 24 3 42 -5 43 13 39 27 23 37 14 19
5 96 143 154 136 238 184 187 299 86 233
4 39 29 85 65 31 93 -21 71
3 42 37 98 59 41 88
3 34 14 115 48 40 91
7 1 6 15 -5 31 -5 35 9 28 22 17 30 1 18
4 99 18 153 59 97 79 55 57
5 15 9 52 -7 71 27 41 48 10 46
6 21 10 61 1 82 38 52 56 21 63 22 37
5 1 17 49 32 67 54 51 104 11 73
3 45 26 93 73 58 111
7 41 74 120 55 182 48 203 128 193 178 125 224 62 164
