35
1000 1000
3 29 30 145 57 40 102
6 -35 71 26 16 105 25 176 79 88 148 13 147
7 15 60 30 14 92 20 77 75 70 105 30 111 -16 97
3 7 11 43 35 5 59
7 127 175 138 127 188 134 196 192 185 217 147 232 122 203
8 116 70 142 29 206 21 258 31 284 63 241 134 213 140 154 114
3 27 6 68 30 30 50
5 18 31 46 30 57 41 53 74 30 53
7 7 18 15 9 26 10 37 19 27 38 18 38 3 33
8 211 200 184 133 267 151 333 153 372 208 326 244 274 318 224 251
3 104 25 227 84 105 132
4 26 1 44 23 20 54 -6 29
3 79 70 155 95 61 148
3 27 63 72 87 28 103
3 0 -4 40 11 4 31
8 25 40 31 21 42 17 55 29 64 44 62 64 47 68 31 62
3 14 1 75 36 4 77
5 18 14 62 -3 74 36 66 78 23 62
7 -11 35 26 8 56 10 79 49 51 89 17 100 -13 79
8 5 33 10 17 20 6 37 28 55 37 50 58 28 68 12 53
5 60 53 92 48 118 74 94 109 60 96
8 8 20 19 9 35 12 40 27 26 39 16 42 2 44 3 28
5 -2 5 14 4 31 19 20 34 -1 28
3 140 29 225 99 137 169
7 40 31 82 -48 110 17 160 42 132 111 78 134 39 65
7 14 81 34 52 98 63 114 102 79 137 38 141 -10 122
5 3 17 36 2 51 26 28 49 3 40
3 223 135 458 190 256 306
3 21 45 70 61 13 91
4 107 -7 152 47 111 86 58 50
8 48 32 66 12 102 30 116 66 84 82 68 96 51 78 29 59
3 38 30 89 69 42 95
3 104 95 162 131 110 168
7 18 15 28 0 46 6 49 22 49 45 29 34 12 33
6 -16 14 22 -1 61 -10 105 32 54 56 16 60
