35
1000 1000
8 27 44 55 28 84 55 107 78 90 121 52 103 30 101 9 81
3 159 136 347 209 130 315
6 23 49 55 42 67 66 42 84 29 81 8 67
7 -5 59 64 23 122 35 181 75 135 135 73 148 10 120
6 70 175 89 147 133 145 159 175 142 216 96 215
3 105 99 198 158 99 243
3 35 36 80 57 36 79
8 -3 27 4 11 27 3 39 11 60 33 43 49 22 50 8 51
5 26 0 63 -7 95 15 69 50 24 48
8 14 26 24 10 34 9 57 7 70 35 53 46 35 43 26 37
8 0 -6 23 -12 34 5 44 24 38 42 18 35 3 41 4 19
7 20 22 30 0 47 12 43 31 44 42 30 46 18 33
5 -9 4 52 10 87 38 57 93 -18 76
8 13 4 27 1 38 7 52 22 40 38 28 45 17 29 4 24
5 59 124 125 133 190 169 131 206 90 178
8 7 14 15 -3 46 11 53 28 41 53 23 55 3 51 -16 35
8 122 102 132 79 167 67 216 49 241 91 237 155 156 180 129 131
6 33 35 47 26 56 28 74 35 57 50 48 47
3 85 14 156 69 75 164
4 -6 46 52 22 105 50 51 107
7 24 46 53 25 77 38 116 56 77 98 54 103 17 72
4 30 5 49 46 33 69 2 42
3 193 84 312 150 191 206
3 -36 -56 181 89 22 163
6 5 -2 45 -11 50 19 37 39 4 53 7 21
3 23 -2 87 43 37 64
6 26 7 44 10 54 20 41 30 31 31 17 23
5 31 15 102 1 124 56 104 103 40 75
5 22 8 57 0 55 24 47 56 22 49
4 4 13 31 -10 53 17 25 43
8 42 39 88 36 121 32 126 88 135 119 84 109 43 115 44 85
5 8 9 23 6 35 16 22 35 8 26
3 376 146 504 252 365 368
6 15 11 31 8 38 22 29 41 16 38 9 25
8 -7 19 -3 2 16 5 45 -2 49 20 33 31 22 50 -1 36
