50
1000 1000
5 48 40 70 26 84 49 67 77 40 56
4 53 15 92 39 47 68 12 42
7 59 184 106 147 139 179 176 190 158 236 94 255 65 216
6 2 -7 24 1 51 25 33 47 2 45 -10 29
4 40 30 96 -6 144 49 106 84
3 110 114 172 152 114 163
3 130 140 188 167 131 196
8 36 22 51 16 64 22 73 31 64 50 54 47 39 44 32 37
7 20 39 56 28 89 23 119 55 92 95 40 113 6 88
4 50 92 94 74 144 106 100 139
3 79 81 218 118 43 205
6 35 12 64 31 79 39 76 72 37 66 29 47
6 38 15 81 26 105 64 90 96 24 93 7 65
7 55 80 104 55 136 67 162 102 133 124 97 137 59 115
7 10 4 26 -4 37 5 53 12 49 33 27 43 15 22
6 16 28 50 6 82 2 111 37 79 57 50 60
4 44 20 60 47 37 86 -6 57
6 23 35 58 35 78 66 50 78 21 85 23 61
7 -2 17 7 10 24 20 29 27 32 46 14 42 2 38
6 10 23 44 17 91 67 55 114 1 97 -19 69
7 -3 10 7 3 22 8 29 21 22 29 11 28 2 28
6 10 37 25 23 53 9 68 40 51 57 26 63
8 6 56 19 46 25 31 43 49 65 65 42 74 34 80 15 80
8 40 15 62 26 84 15 95 43 91 76 66 87 38 65 30 49
3 31 16 60 41 30 51
8 17 8 25 -3 40 5 53 21 51 40 25 40 7 38 14 22
4 30 83 86 69 142 88 79 130
4 -2 21 37 -1 87 22 38 63
6 4 -8 31 1 49 20 38 36 15 37 3 17
6 10 91 28 61 69 75 92 101 80 135 41 129
6 26 24 104 22 150 85 101 144 36 167 20 102
4 137 50 172 117 134 215 42 132
7 3 14 14 4 37 -1 45 19 27 33 14 40 6 27
8 169 169 218 158 297 185 326 249 286 293 227 307 194 264 123 234
7 7 24 9 13 27 16 45 32 31 48 16 42 -11 42
7 16 43 40 14 117 7 131 70 150 151 40 171 25 102
6 118 116 182 101 223 154 181 239 119 198 68 179
6 28 24 44 15 54 40 47 52 26 45 13 39
7 46 135 91 109 133 107 172 146 126 179 89 192 58 163
4 -7 63 53 39 88 69 52 93
8 -4 7 6 0 22 -7 37 -3 40 7 38 24 17 29 7 23
4 30 13 62 36 26 52 -8 35
3 60 -10 113 36 65 51
7 88 188 117 165 161 157 204 221 161 268 121 260 94 225
3 31 20 55 38 24 67
5 12 6 64 -9 73 34 62 66 7 57
5 19 28 38 26 54 38 42 52 21 43
6 21 27 39 20 54 38 40 59 17 51 0 42
7 56 41 89 8 115 26 152 53 123 89 92 78 63 81
3 35 14 78 37 36 76
