60
1000 1000
5 87 133 148 113 203 163 142 202 84 186
7 -7 14 12 7 25 15 41 22 36 44 9 50 -5 36
8 -8 11 0 0 13 5 24 3 30 15 26 30 12 25 2 26
8 -4 61 36 39 53 22 84 33 91 56 94 111 63 99 28 89
5 -3 26 37 39 51 55 45 92 12 71
8 29 34 37 23 55 30 62 45 50 53 40 64 21 64 11 46
8 13 46 35 28 48 14 75 23 100 52 91 80 60 79 29 71
7 14 4 20 -4 36 -3 41 9 32 20 23 20 13 18
7 17 34 41 9 71 27 68 47 64 69 43 88 22 65
6 98 16 142 21 147 54 121 75 101 79 68 52
7 36 66 49 44 76 55 78 71 71 95 51 91 20 91
7 17 19 29 2 46 12 61 32 50 53 22 50 6 37
3 169 182 248 264 166 349
4 22 16 63 44 22 72 -4 55
7 23 22 44 10 58 23 70 36 61 50 49 55 41 39
3 23 72 92 122 19 151
5 25 10 45 6 60 29 50 51 18 39
5 4 10 74 -3 134 34 74 138 -4 95
4 164 -47 224 44 143 130 24 51
4 129 99 185 43 300 95 180 212
5 5 32 47 23 62 49 46 82 13 66
4 22 -4 42 16 23 39 11 18
8 13 10 35 6 53 7 66 29 46 49 35 48 17 44 10 31
7 2 23 19 9 32 13 49 29 30 45 14 49 -4 37
4 30 39 73 59 32 90 10 67
8 31 16 49 4 87 17 97 42 75 66 50 77 28 74 9 45
4 43 -8 104 39 41 121 -22 57
3 10 27 61 51 23 73
3 19 14 95 37 27 67
3 30 -5 88 33 20 49
6 23 89 57 63 93 55 121 91 92 144 52 147
3 46 29 85 41 48 59
5 2 14 66 0 120 51 72 89 1 65
4 2 18 30 -7 53 19 34 50
7 -3 39 24 21 50 31 62 54 38 64 24 87 -5 59
8 31 112 58 91 89 88 124 92 162 136 124 153 92 155 64 150
5 36 21 115 -19 129 51 114 123 56 72
3 68 78 170 147 74 211
8 129 98 200 83 261 96 308 145 250 206 220 221 159 207 95 166
8 -19 19 -8 2 22 5 38 13 56 26 53 53 24 65 10 47
4 59 7 98 53 42 101 -4 54
8 1 17 1 4 19 6 38 4 36 19 39 33 19 35 9 29
7 41 28 73 -13 129 -7 177 24 110 72 75 114 37 59
4 -24 26 28 -2 80 26 27 56
8 56 36 106 24 122 61 128 71 145 113 99 112 78 102 68 75
4 77 62 125 13 215 57 138 116
7 13 22 41 25 56 20 80 48 64 62 38 72 8 55
3 26 43 65 65 29 102
8 28 23 53 -9 81 21 121 40 77 72 53 95 26 71 18 54
8 44 42 70 44 87 46 89 57 92 81 74 86 51 85 49 64
4 24 42 46 16 62 43 50 75
7 60 156 111 125 145 138 168 176 153 230 120 229 81 201
7 16 22 29 18 40 20 57 34 38 46 29 47 12 41
8 17 10 29 7 46 15 58 29 45 46 33 60 20 43 20 33
4 141 200 235 234 144 355 51 266
5 2 22 101 6 164 92 90 150 19 149
4 -39 35 29 -22 123 25 52 109
3 9 -6 70 26 16 53
4 41 41 65 56 42 71 21 59
3 23 29 104 62 -1 150
