0.865528 0.879277 0.895662 0.914915 0.937322 0.963233 0.979183 0.926274 0.880804 0.841521 0.807454 0.777840 0.752068 0.729651 0.710193 0.693373 0.678929 0.666648 0.656356 0.647914 0.641212 0.636164 0.632707 0.630799 0.630417 0.631890 0.635248 0.640193 0.646787 0.655112 0.665277 0.677421 0.691714 0.708367 0.727637 0.749841 0.775371 0.804706 0.838449 0.877351 0.909195 0.899658 0.892447 0.887472 0.884671 0.884011 0.885483 0.889106 0.894924 0.903008 0.913459 0.926414 0.942043 0.960563 0.982239 1.000000 0.958199 0.921885 0.890289 0.862796 0.838911 0.818231 0.800428 0.785235 0.772434 0.761849 0.753341 0.746800 0.742145 0.739317 0.738282 0.733967 0.723856 0.715721 0.709457 0.704985 0.702250 0.701219 0.701880 0.704240 0.708328 0.714195 0.721913 0.731582 0.743328 0.757311 0.773731 0.792831 0.814910 0.840337 0.869564 0.872557 0.849903 0.830346 0.813584 0.799373 0.787515 0.777850 0.770252 0.764626 0.760901 0.759031 0.758995 0.760792 0.764443 0.769994 0.777512 0.787094 0.798863 0.812977 0.829634 0.849077 0.871602 0.897577 0.901971 0.884625 0.869989 0.857863 0.848086 0.840530 0.835103 0.831736 0.830388 0.831044 0.833710 0.838420 0.845232 0.854229 764.000000 1.155179 0.855765
0.857648 0.860291 0.789246 0.730666 0.681710 0.640349 0.605093 0.574830 0.548708 0.526070 0.506397 0.489279 0.474385 0.461451 0.450259 0.440633 0.432431 0.425534 0.419850 0.415303 0.421946 0.430994 0.441525 0.453704 0.467733 0.483860 0.502392 0.523712 0.548301 0.576772 0.609910 0.648747 0.694653 0.749494 0.815870 0.897517 1.000000 0.962739 0.892910 0.834400 0.784861 0.742563 0.706205 0.674792 0.647547 0.623862 0.603250 0.585322 0.569762 0.556313 0.544766 0.531842 0.518687 0.507360 0.497690 0.489540 0.482796 0.477370 0.473192 0.472000 0.476179 0.481603 0.488342 0.496485 0.506144 0.517458 0.530597 0.545770 0.563232 0.583301 0.606367 0.632921 0.663578 0.699127 0.740585 0.789291 0.829413 0.799915 0.774244 0.751925 0.732571 0.715870 0.701567 0.689452 0.679357 0.671147 0.664715 0.659981 0.656884 0.655388 0.655475 0.657144 0.644227 0.626836 0.611794 0.598866 0.587860 0.578620 0.571020 0.564961 0.560364 0.557174 0.555350 0.554870 0.555728 0.557936 0.561519 0.566522 0.573008 0.581060 0.590785 0.602317 0.615822 0.627055 0.628263 0.630998 0.635294 0.641204 0.648804 0.658190 0.669488 0.682855 0.698483 0.716610 0.737527 0.761592 0.789246 0.821036 1338.500000 1.037251 0.646155
0.849531 0.868116 0.867641 0.840641 0.817181 0.796862 0.779361 0.764414 0.751807 0.741366 0.732952 0.726458 0.721802 0.718926 0.717794 0.718395 0.720734 0.724840 0.730764 0.738580 0.748387 0.760314 0.774524 0.772977 0.752138 0.734115 0.718626 0.705442 0.694375 0.685276 0.678025 0.672528 0.668718 0.666548 0.665991 0.667040 0.669709 0.674029 0.680055 0.687861 0.697549 0.709246 0.723114 0.739352 0.758204 0.779972 0.805022 0.833811 0.866901 0.904996 0.948985 1.000000 0.969422 0.936230 0.907349 0.882259 0.860536 0.841836 0.825879 0.812436 0.801324 0.792395 0.785534 0.780655 0.777699 0.776629 0.777432 0.780118 0.784720 0.791294 0.799922 0.810715 0.823815 0.839401 0.857695 0.822929 0.790600 0.762482 0.738012 0.716737 0.698290 0.682370 0.668736 0.657188 0.647565 0.639740 0.633609 0.629096 0.626144 0.624718 0.624801 0.626392 0.629512 0.634199 0.640511 0.648528 0.658354 0.670121 0.683995 0.700178 0.718919 0.740524 0.765368 0.793917 0.826747 0.864581 0.908338 0.959194 0.946089 0.916993 0.891717 0.869836 0.851005 0.834940 0.821413 0.810238 0.801268 0.794386 0.789508 0.786573 0.785545 0.786411 0.789183 0.793894 0.800601 0.809389 0.820371 0.833691 673.000000 1.250977 0.838649
0.944240 0.928868 0.915877 0.905396 0.897289 0.891455 0.887820 0.886342 0.887003 0.889809 0.894796 0.902024 0.911584 0.923598 0.938223 0.955658 0.976149 1.000000 0.906718 0.811781 0.736446 0.675395 0.625083 0.583053 0.547556 0.517307 0.491348 0.468945 0.449531 0.442686 0.446405 0.451282 0.457382 0.464783 0.473588 0.483921 0.495937 0.509824 0.525814 0.544193 0.565315 0.589620 0.617664 0.650154 0.688000 0.732399 0.784945 0.847814 0.924051 0.972029 0.953560 0.937997 0.925127 0.914779 0.906821 0.901152 0.897703 0.896431 0.897322 0.900385 0.905659 0.913208 0.923127 0.935542 0.950310 0.928645 0.910090 0.894374 0.881279 0.870629 0.862285 0.856143 0.852127 0.850186 0.850298 0.852464 0.856710 0.863088 0.871678 0.882588 0.892433 0.846385 0.806704 0.772355 0.742526 0.716579 0.693999 0.674373 0.657367 0.642708 0.630174 0.619583 0.610789 0.603675 0.598150 0.594143 0.591795 0.592509 0.594659 0.598271 0.603389 0.610079 0.618425 0.628537 0.640555 0.654649 0.671030 0.689956 0.711746 0.736790 0.765572 0.798697 0.836925 0.881226 0.883243 0.873326 0.865691 0.860243 0.856915 0.855666 0.856481 0.859369 0.864367 0.871535 0.880963 0.892771 0.907115 0.924191 1242.000000 1.252901 0.756561
0.937461 1.000000 0.940253 0.883552 0.835198 0.793675 0.757824 0.726747 0.699738 0.676235 0.655789 0.638034 0.622676 0.609474 0.598231 0.588788 0.581017 0.574815 0.570102 0.566821 0.564931 0.559065 0.549789 0.542100 0.535896 0.531098 0.527645 0.525494 0.524620 0.525011 0.526672 0.529624 0.533902 0.539561 0.546672 0.555329 0.565649 0.577778 0.591895 0.608222 0.627029 0.648648 0.673491 0.702073 0.735036 0.773203 0.817627 0.869690 0.880219 0.840013 0.805175 0.774904 0.748565 0.725648 0.705742 0.688513 0.673690 0.661051 0.650415 0.641638 0.634602 0.629219 0.625420 0.623159 0.622409 0.623159 0.625420 0.629219 0.634602 0.641638 0.650415 0.661051 0.673690 0.688513 0.705742 0.725648 0.748565 0.774904 0.805175 0.840013 0.843682 0.800601 0.763456 0.731288 0.703348 0.679039 0.657887 0.639507 0.623587 0.609874 0.598162 0.588281 0.580096 0.573499 0.568404 0.564747 0.562483 0.561585 0.562042 0.563858 0.567057 0.571678 0.577778 0.585435 0.594750 0.601885 0.595668 0.590987 0.587784 0.586020 0.585673 0.586739 0.589231 0.593180 0.598633 0.605661 0.614353 0.624825 0.637223 0.651724 0.668548 0.687966 0.710307 0.735981 0.765494 0.799479 0.838736 0.884289 2231.500000 1.208553 0.745935
0.906826 0.860798 0.821100 0.786713 0.756841 0.730851 0.708236 0.688588 0.671575 0.656926 0.644422 0.633884 0.625167 0.618155 0.612759 0.608911 0.606562 0.605685 0.606269 0.608321 0.611867 0.616948 0.614282 0.607096 0.601508 0.597448 0.594867 0.593731 0.594029 0.595762 0.598953 0.603640 0.609883 0.617759 0.627373 0.638854 0.652363 0.668101 0.686312 0.707294 0.724961 0.714291 0.705605 0.698792 0.693764 0.690459 0.688837 0.688879 0.690584 0.693974 0.699090 0.705995 0.714777 0.725550 0.738459 0.753685 0.771449 0.792025 0.815747 0.843028 0.874377 0.910424 0.951964 1.000000 0.951212 0.894672 0.846401 0.804911 0.769066 0.737979 0.710953 0.687435 0.666978 0.649223 0.633876 0.620698 0.609495 0.600110 0.592415 0.586309 0.581716 0.578576 0.576853 0.576524 0.577587 0.580053 0.578721 0.575661 0.574009 0.573744 0.574864 0.577383 0.581329 0.586754 0.593725 0.602331 0.612689 0.624941 0.639264 0.655877 0.675045 0.697098 0.722439 0.751571 0.741110 0.729221 0.719413 0.711556 0.705551 0.701322 0.698817 0.698005 0.698877 0.701442 0.705734 0.711803 0.719727 0.729606 0.741572 0.755788 0.772457 0.791828 0.814208 0.839972 0.869584 0.903615 0.942783 0.960499 5304.000000 1.251535 0.805396
0.801388 0.828047 0.856523 0.841732 0.829408 0.819385 0.811532 0.805752 0.801972 0.800145 0.800251 0.802289 0.806285 0.812288 0.820372 0.830640 0.808304 0.772991 0.742349 0.715702 0.692512 0.672347 0.654856 0.639753 0.626808 0.615831 0.606667 0.599195 0.593317 0.588957 0.586063 0.584599 0.584547 0.585906 0.588693 0.592942 0.598705 0.606056 0.602010 0.592151 0.583994 0.577431 0.572377 0.568769 0.566563 0.565731 0.566264 0.568168 0.571466 0.576199 0.582426 0.590227 0.599703 0.609107 0.619250 0.631283 0.645378 0.661748 0.680652 0.702410 0.727415 0.756155 0.789240 0.827436 0.871724 0.923372 0.984045 1.000000 0.957491 0.920576 0.888463 0.860517 0.836230 0.815185 0.797047 0.781540 0.768441 0.757569 0.748779 0.741958 0.737019 0.733902 0.700615 0.668814 0.641253 0.617301 0.596460 0.578327 0.562580 0.548955 0.537238 0.527255 0.523803 0.522583 0.522625 0.523930 0.526512 0.530404 0.535654 0.542329 0.550515 0.560323 0.571889 0.585382 0.601011 0.619029 0.639750 0.663560 0.690939 0.722491 0.713861 0.703263 0.694624 0.687832 0.682800 0.679466 0.677789 0.677750 0.679347 0.682599 0.687548 0.694253 0.702801 0.713301 0.725895 0.740758 0.758108 0.778209 4972.000000 1.358569 0.820371
0.809321 0.788293 0.770139 0.754579 0.741386 0.730376 0.721400 0.714342 0.709113 0.705648 0.703904 0.703860 0.705515 0.708890 0.714026 0.720986 0.719560 0.711002 0.704323 0.699437 0.696284 0.694826 0.695045 0.696944 0.700545 0.705893 0.713054 0.722120 0.733208 0.746469 0.762088 0.780294 0.801369 0.825659 0.838388 0.830404 0.824537 0.820716 0.818894 0.819049 0.821183 0.825321 0.831515 0.839841 0.850404 0.863343 0.878832 0.897087 0.918377 0.943028 0.965920 0.919246 0.878895 0.843885 0.813441 0.786948 0.763908 0.743920 0.726658 0.711854 0.699292 0.688797 0.680227 0.673470 0.668440 0.665075 0.663334 0.662117 0.661749 0.662978 0.665819 0.670306 0.676495 0.684464 0.694314 0.706179 0.720222 0.736645 0.755697 0.777685 0.802982 0.832053 0.865471 0.903955 0.948411 1.000000 0.960137 0.895579 0.841054 0.794592 0.754718 0.720306 0.690487 0.664576 0.644376 0.647146 0.651515 0.657539 0.665294 0.674878 0.686421 0.700081 0.716056 0.734588 0.755974 0.780580 0.808855 0.841359 0.872136 0.857378 0.845113 0.835178 0.827444 0.821813 0.818217 0.816610 0.816974 0.819313 0.823656 0.830055 0.838590 0.849370 0.862536 0.878266 0.896780 0.893480 0.861444 0.833564 8664.000000 1.119958 0.808676
0.999451 0.920351 0.854761 0.799697 0.753001 0.713082 0.678735 0.649036 0.623266 0.600856 0.581354 0.564395 0.549684 0.536981 0.526091 0.516854 0.509141 0.502849 0.497895 0.494217 0.491769 0.490520 0.490457 0.491578 0.493896 0.497441 0.502255 0.508401 0.515957 0.525025 0.535731 0.548231 0.562716 0.579421 0.598635 0.620713 0.646098 0.675345 0.709154 0.748425 0.794326 0.848403 0.912740 0.990216 1.000000 0.922424 0.857935 0.803684 0.757602 0.718155 0.684178 0.654778 0.629254 0.607053 0.587732 0.570937 0.556377 0.543820 0.533072 0.523979 0.516415 0.510277 0.505487 0.501984 0.499725 0.498682 0.498843 0.500210 0.502798 0.506640 0.511784 0.518295 0.526258 0.535780 0.546995 0.560068 0.575201 0.592641 0.612695 0.635738 0.662239 0.692789 0.728131 0.769227 0.817326 0.874087 0.941758 0.945906 0.881246 0.826724 0.780326 0.740549 0.706249 0.676543 0.650740 0.628291 0.608756 0.591783 0.577082 0.564422 0.553610 0.544491 0.536940 0.530858 0.526165 0.522803 0.520730 0.519921 0.520366 0.522070 0.525055 0.529357 0.535030 0.542145 0.550798 0.561104 0.573211 0.587298 0.603585 0.622344 0.643907 0.668687 0.697197 0.730083 0.768168 0.812510 0.864496 0.925971 7671.500000 1.071353 0.603528
0.956737 0.919186 0.886525 0.858102 0.833391 0.811964 0.793475 0.777641 0.764232 0.753061 0.743978 0.736866 0.731634 0.728218 0.726576 0.726688 0.728555 0.732201 0.737669 0.745028 0.751423 0.728418 0.708436 0.691142 0.676262 0.663575 0.652899 0.644088 0.637025 0.631621 0.627808 0.625539 0.624785 0.625539 0.627808 0.631621 0.637025 0.644088 0.652899 0.663575 0.676262 0.691142 0.708436 0.728418 0.726057 0.718790 0.713368 0.709724 0.707814 0.707614 0.709122 0.712357 0.717357 0.724185 0.732926 0.743695 0.756635 0.771926 0.789789 0.810498 0.834386 0.861865 0.893440 0.913863 0.879994 0.850521 0.824882 0.802620 0.783365 0.766817 0.752729 0.740902 0.731176 0.723422 0.717540 0.713459 0.711128 0.710517 0.711621 0.714452 0.719044 0.725455 0.733765 0.744081 0.756540 0.771313 0.788612 0.808697 0.831889 0.858580 0.829586 0.790796 0.757214 0.728050 0.702680 0.680603 0.661415 0.644791 0.630463 0.618215 0.607871 0.599287 0.592349 0.586968 0.583076 0.580625 0.579584 0.579942 0.581703 0.584887 0.589535 0.595387 0.602460 0.611194 0.621704 0.634136 0.648671 0.665528 0.684979 0.707356 0.733071 0.762632 0.796678 0.836014 0.881670 0.934983 0.997717 1.000000 1498.500000 1.215252 0.815188
0.815081 0.804768 0.796608 0.790497 0.786359 0.784143 0.783823 0.785394 0.788876 0.794311 0.801767 0.811336 0.823144 0.837348 0.854145 0.855593 0.827847 0.803719 0.782790 0.764719 0.749228 0.736090 0.725121 0.716175 0.709134 0.703910 0.700437 0.698673 0.698597 0.700207 0.703524 0.708587 0.715460 0.724229 0.735009 0.747943 0.763213 0.781039 0.770898 0.752078 0.735887 0.722081 0.710463 0.700875 0.693190 0.687310 0.683160 0.680691 0.679871 0.680691 0.683160 0.687310 0.693190 0.700875 0.710463 0.722081 0.733038 0.731369 0.731465 0.733328 0.736981 0.742468 0.749857 0.759243 0.770746 0.784523 0.800765 0.819711 0.841651 0.866944 0.896030 0.929453 0.967887 1.000000 0.949426 0.905798 0.868003 0.835167 0.806597 0.781738 0.760142 0.741445 0.725352 0.711620 0.700054 0.690494 0.682815 0.676917 0.672728 0.670194 0.669286 0.669992 0.672321 0.676302 0.681982 0.689434 0.698752 0.710060 0.702918 0.697064 0.692961 0.690561 0.689833 0.690769 0.693380 0.697698 0.703777 0.711692 0.721545 0.733466 0.747619 0.761969 0.754454 0.748871 0.745153 0.743253 0.743148 0.744838 0.748342 0.753703 0.760989 0.770291 0.781729 0.795457 0.811667 0.830593 0.842740 0.827681 798.500000 1.167045 0.885006
0.806528 0.837023 0.872098 0.869318 0.838591 0.811850 0.788604 0.768451 0.751067 0.736186 0.723593 0.713113 0.704605 0.697959 0.693091 0.689942 0.688472 0.688664 0.690520 0.694063 0.699336 0.706404 0.715357 0.726313 0.739418 0.754857 0.772856 0.793693 0.817709 0.845325 0.855636 0.840594 0.828033 0.817782 0.809709 0.803712 0.799715 0.797669 0.797550 0.799357 0.803112 0.808859 0.816671 0.826646 0.838914 0.853639 0.871026 0.891328 0.878704 0.842834 0.811657 0.784526 0.760925 0.740433 0.722712 0.707484 0.694522 0.683645 0.674703 0.667580 0.662184 0.658449 0.656327 0.655794 0.656843 0.659486 0.663756 0.669706 0.677411 0.686968 0.698507 0.712184 0.728197 0.746787 0.763360 0.750583 0.739980 0.731410 0.724763 0.719953 0.716923 0.715635 0.716074 0.718245 0.722174 0.727909 0.735523 0.745111 0.756800 0.770748 0.787151 0.806253 0.828349 0.853806 0.883073 0.916703 0.955389 1.000000 0.992639 0.941207 0.896896 0.858545 0.825246 0.796280 0.771073 0.749163 0.730173 0.713800 0.699794 0.687952 0.678111 0.670139 0.663933 0.659415 0.656529 0.655240 0.655533 0.657409 0.660894 0.666028 0.672877 0.681527 0.692091 0.704712 0.719568 0.736878 0.756908 0.779990 2177.500000 1.199302 0.833162
0.713939 0.668929 0.630688 0.597945 0.569739 0.545328 0.524134 0.505699 0.489656 0.475710 0.463623 0.453199 0.444281 0.436739 0.430468 0.425385 0.421424 0.418535 0.416683 0.415844 0.416009 0.417179 0.419369 0.422606 0.426929 0.432394 0.439073 0.447055 0.456453 0.467404 0.480079 0.494685 0.511479 0.530776 0.552972 0.578559 0.608165 0.642597 0.682905 0.730485 0.787231 0.855772 0.939865 1.000000 0.913588 0.842791 0.783930 0.734408 0.692340 0.656325 0.625304 0.598460 0.575154 0.554883 0.537241 0.521906 0.508613 0.497148 0.487336 0.479037 0.472133 0.466534 0.462166 0.458975 0.456921 0.455979 0.456137 0.457397 0.459775 0.463301 0.468016 0.473983 0.481277 0.489999 0.500270 0.512242 0.526099 0.542069 0.560430 0.581530 0.605797 0.633771 0.666136 0.703771 0.747823 0.799813 0.816875 0.770033 0.729935 0.695399 0.665514 0.639569 0.617002 0.597363 0.580291 0.565491 0.552727 0.541802 0.532559 0.524869 0.518630 0.513761 0.510199 0.507902 0.506841 0.507004 0.508392 0.511021 0.514925 0.520152 0.526768 0.534860 0.544537 0.555934 0.569219 0.584597 0.602321 0.622700 0.646117 0.673049 0.704094 0.740011 0.781773 0.830652 0.888333 0.910212 0.831739 0.767424 2392.500000 1.258570 0.592770
0.784253 0.811785 0.798957 0.773883 0.752092 0.733213 0.716944 0.703037 0.691293 0.681551 0.673679 0.667577 0.663168 0.660398 0.659232 0.659656 0.661676 0.665316 0.670621 0.677657 0.686513 0.697307 0.710183 0.725324 0.742953 0.763345 0.786838 0.813846 0.844881 0.829744 0.787634 0.751314 0.719854 0.692524 0.668746 0.648056 0.630079 0.614514 0.601112 0.589673 0.580032 0.572058 0.565644 0.560708 0.557188 0.555040 0.554240 0.554776 0.556656 0.559901 0.564553 0.570669 0.578328 0.587630 0.598702 0.611701 0.626821 0.644298 0.664425 0.687560 0.714146 0.744737 0.780030 0.820910 0.868520 0.924356 0.990415 1.000000 0.935572 0.880937 0.834230 0.794044 0.759296 0.729144 0.702925 0.680107 0.660265 0.643053 0.628190 0.615449 0.604641 0.595617 0.588254 0.582457 0.578153 0.575287 0.573826 0.573750 0.575060 0.577770 0.581915 0.587546 0.594733 0.603570 0.614176 0.626698 0.641319 0.658261 0.677801 0.700274 0.726098 0.755790 0.789998 0.813046 0.785350 0.761252 0.740319 0.722200 0.706608 0.693310 0.682117 0.672874 0.665460 0.659780 0.655763 0.653359 0.652538 0.653291 0.655628 0.659576 0.665184 0.672522 0.681684 0.692792 0.705996 0.721486 0.739492 0.760298 13404.500000 1.176206 0.755252
0.506296 0.517955 0.531475 0.547072 0.565015 0.585634 0.609338 0.636640 0.668189 0.704814 0.747592 0.797945 0.857787 0.929754 1.000000 0.943007 0.894197 0.852144 0.815745 0.784141 0.756648 0.732724 0.711928 0.693906 0.678368 0.665078 0.653843 0.644865 0.639370 0.635487 0.633167 0.632381 0.633121 0.635395 0.639230 0.644675 0.651798 0.660688 0.671465 0.684275 0.699301 0.716767 0.736948 0.760183 0.745590 0.703493 0.667417 0.636320 0.609394 0.586008 0.565664 0.547960 0.532575 0.519248 0.507764 0.497951 0.489667 0.482799 0.477254 0.472962 0.469868 0.467934 0.467137 0.467640 0.472584 0.478799 0.486367 0.495391 0.505998 0.518345 0.532625 0.549075 0.567985 0.589715 0.614714 0.643545 0.676925 0.715776 0.761303 0.815113 0.879387 0.909373 0.883745 0.861542 0.842406 0.826048 0.812234 0.800771 0.791507 0.784323 0.779128 0.775859 0.774475 0.774960 0.777318 0.781580 0.787798 0.796048 0.776338 0.728554 0.687872 0.652983 0.622891 0.596824 0.574180 0.554477 0.537334 0.522439 0.509543 0.498440 0.488963 0.480977 0.474372 0.469060 0.464974 0.462063 0.460289 0.458204 0.457039 0.456979 0.458022 0.460181 0.463483 0.467967 0.473692 0.480730 0.487881 0.496320 15549.000000 1.366307 0.710034
0.808122 0.803458 0.800765 0.800012 0.801187 0.804307 0.809409 0.816556 0.825837 0.837373 0.851315 0.867855 0.887230 0.909732 0.935718 0.965627 1.000000 0.978799 0.936385 0.899572 0.867555 0.839692 0.815467 0.794460 0.776332 0.760804 0.747651 0.736690 0.727774 0.720787 0.715640 0.712269 0.710635 0.710716 0.712514 0.716050 0.721368 0.728534 0.737639 0.748801 0.762170 0.762700 0.760251 0.759643 0.760867 0.763938 0.768894 0.775796 0.784731 0.795813 0.809191 0.825047 0.824064 0.806988 0.792475 0.780322 0.770363 0.762469 0.756540 0.752501 0.750302 0.749918 0.751344 0.754596 0.759714 0.766763 0.775829 0.787032 0.800520 0.816479 0.835140 0.856787 0.881766 0.910506 0.943531 0.955270 0.930035 0.908230 0.889519 0.873624 0.860325 0.849439 0.840826 0.834376 0.830008 0.827670 0.827332 0.828990 0.832665 0.838402 0.846271 0.831023 0.808120 0.788294 0.771231 0.756676 0.744419 0.734295 0.726168 0.719934 0.715515 0.712857 0.711928 0.712716 0.715230 0.719502 0.725584 0.733551 0.743507 0.755582 0.769941 0.786788 0.806376 0.793633 0.783101 0.774687 0.768283 0.763809 0.761210 0.760455 0.761533 0.764459 0.769268 0.776020 0.784798 0.795716 0.808918 0.814815 4018.500000 1.100783 0.893895
0.605167 0.615518 0.627768 0.642094 0.658713 0.677891 0.699957 0.725314 0.754462 0.788030 0.826808 0.810164 0.781612 0.756765 0.735166 0.716443 0.700296 0.686478 0.674788 0.665066 0.657180 0.651029 0.646536 0.643644 0.642318 0.642542 0.644320 0.647672 0.652639 0.659284 0.667690 0.677968 0.690256 0.704727 0.721486 0.710153 0.700832 0.693401 0.687766 0.683857 0.681624 0.681041 0.682100 0.684816 0.689220 0.695367 0.703335 0.713225 0.725170 0.739332 0.755917 0.775172 0.797406 0.822994 0.852400 0.837618 0.824700 0.814105 0.805696 0.799364 0.795032 0.792646 0.792177 0.793619 0.796990 0.799042 0.758755 0.723996 0.693881 0.667715 0.644948 0.625139 0.607931 0.593036 0.580217 0.569284 0.560079 0.552477 0.546377 0.541701 0.538391 0.536405 0.535719 0.536326 0.538232 0.541461 0.547125 0.556072 0.566704 0.579173 0.593665 0.610410 0.629688 0.651844 0.674828 0.685132 0.697462 0.711990 0.728929 0.748542 0.771148 0.797143 0.827013 0.861364 0.900957 0.946757 1.000000 0.963751 0.904768 0.854528 0.811426 0.774239 0.742020 0.714028 0.689671 0.668479 0.650069 0.634134 0.620419 0.608721 0.598872 0.590737 0.584208 0.579202 0.580296 0.584215 0.589617 0.596571 2597.500000 1.182530 0.791163
0.650180 0.652357 0.656135 0.661560 0.668700 0.677647 0.688517 0.701458 0.716656 0.734334 0.748091 0.720654 0.696777 0.676008 0.657980 0.642397 0.629015 0.617636 0.608101 0.600280 0.594071 0.589394 0.586191 0.584423 0.584515 0.586260 0.589439 0.594092 0.600276 0.608071 0.617579 0.628927 0.642277 0.657825 0.675813 0.696538 0.720364 0.747743 0.779237 0.815552 0.857583 0.906486 0.963764 0.944614 0.911907 0.883447 0.858715 0.837292 0.818837 0.803071 0.789767 0.778742 0.769850 0.762976 0.758034 0.754962 0.753724 0.754303 0.756709 0.760968 0.767135 0.775285 0.785523 0.797983 0.812834 0.830287 0.850600 0.874090 0.901148 0.861931 0.789226 0.729453 0.679618 0.637595 0.601832 0.571171 0.544731 0.521832 0.501941 0.484635 0.469577 0.456492 0.445161 0.435402 0.427068 0.420040 0.414222 0.409536 0.405921 0.409247 0.423107 0.439034 0.457352 0.478468 0.502898 0.531305 0.564556 0.603799 0.650589 0.707086 0.776377 0.863029 0.940019 0.939207 0.940660 0.944397 0.950462 0.958930 0.969909 0.983538 1.000000 0.989490 0.936614 0.891140 0.851834 0.817736 0.788089 0.762288 0.739848 0.720378 0.703558 0.689128 0.676876 0.666629 0.658251 0.653082 0.650540 0.649576 3956.500000 1.263489 0.710567
0.809563 0.826508 0.797524 0.772301 0.750377 0.731377 0.714995 0.700982 0.689137 0.679294 0.671324 0.665121 0.660610 0.657733 0.656455 0.656762 0.658656 0.662161 0.667320 0.674197 0.682880 0.693481 0.706145 0.721049 0.702802 0.684739 0.669153 0.655806 0.644502 0.635086 0.627431 0.621438 0.617030 0.614154 0.612773 0.612872 0.614452 0.617531 0.622148 0.628359 0.636244 0.645905 0.657472 0.671107 0.687010 0.705426 0.726655 0.751067 0.779118 0.811377 0.848554 0.891554 0.941533 1.000000 0.978778 0.923294 0.875759 0.834792 0.799326 0.768527 0.741734 0.718418 0.698155 0.680597 0.665465 0.652529 0.641603 0.632535 0.625205 0.619518 0.615403 0.612809 0.611704 0.612075 0.613927 0.617281 0.622179 0.628683 0.636874 0.646860 0.658777 0.665763 0.655751 0.647572 0.641120 0.636314 0.633092 0.631417 0.631267 0.632641 0.635555 0.640046 0.646168 0.653999 0.663641 0.675222 0.688904 0.704885 0.723409 0.744776 0.769353 0.797594 0.830064 0.867468 0.854622 0.826091 0.801271 0.779723 0.761089 0.745078 0.731452 0.720020 0.710624 0.703143 0.697481 0.693567 0.691352 0.690811 0.691936 0.694741 0.699260 0.705550 0.713688 0.723781 0.735962 0.750398 0.767297 0.786915 694.500000 1.178085 0.812894
0.512213 0.513573 0.516187 0.520087 0.525322 0.531957 0.540080 0.549800 0.561253 0.574608 0.590069 0.607891 0.628383 0.651931 0.679011 0.710224 0.746330 0.788304 0.798672 0.773291 0.751228 0.732104 0.715610 0.701496 0.689557 0.679627 0.671574 0.665294 0.660707 0.657757 0.656407 0.656642 0.658463 0.661894 0.666976 0.673772 0.682369 0.692878 0.705443 0.720239 0.737484 0.751715 0.738631 0.727718 0.718829 0.711849 0.706689 0.703285 0.701596 0.701602 0.703302 0.706716 0.711888 0.718880 0.727782 0.738708 0.751807 0.767260 0.785294 0.793088 0.759996 0.731246 0.706231 0.684465 0.665556 0.649186 0.635095 0.623072 0.612945 0.604575 0.597851 0.592687 0.589019 0.586801 0.586006 0.586624 0.588663 0.592148 0.597122 0.595513 0.587281 0.580655 0.575547 0.571893 0.569650 0.568789 0.569300 0.571189 0.574480 0.579212 0.585445 0.593258 0.602754 0.614062 0.627343 0.642795 0.660658 0.681230 0.697966 0.711292 0.726923 0.745092 0.766085 0.790254 0.818033 0.849958 0.886699 0.929099 0.978233 1.000000 0.918792 0.851681 0.795492 0.747949 0.707376 0.672516 0.642404 0.616295 0.593599 0.573849 0.556669 0.541755 0.530528 0.524176 0.519211 0.515569 0.513205 0.512091 2713.500000 1.297175 0.778897
0.888858 0.882762 0.827703 0.780879 0.740759 0.706178 0.676238 0.650236 0.627616 0.607932 0.590826 0.576005 0.563233 0.552317 0.543100 0.535454 0.529278 0.524492 0.521035 0.518866 0.517957 0.518298 0.519892 0.522760 0.526936 0.532472 0.539439 0.547929 0.558056 0.569963 0.583827 0.599863 0.618336 0.639573 0.663978 0.692051 0.724427 0.761905 0.805519 0.856619 0.917000 0.944201 0.868389 0.805643 0.753045 0.708497 0.670450 0.637739 0.609471 0.584953 0.563636 0.545085 0.528950 0.514948 0.502848 0.492463 0.483640 0.476254 0.470206 0.465417 0.461827 0.459389 0.458074 0.457868 0.458765 0.460779 0.463933 0.468267 0.473834 0.480707 0.488978 0.498761 0.510198 0.523463 0.538768 0.556376 0.576609 0.599870 0.626659 0.657611 0.693537 0.735489 0.784856 0.843506 0.914008 1.000000 0.980425 0.902460 0.837851 0.783637 0.737682 0.698407 0.664623 0.635417 0.610078 0.588044 0.568869 0.552194 0.537726 0.525231 0.514514 0.505419 0.497819 0.491611 0.486713 0.483065 0.480620 0.479349 0.479236 0.480279 0.482492 0.485902 0.490550 0.496496 0.503816 0.512609 0.522997 0.535130 0.549194 0.565415 0.584075 0.605516 0.630168 0.658566 0.691388 0.729503 0.774040 0.826488 1486.000000 1.153140 0.600041
0.532225 0.565090 0.603830 0.649955 0.705549 0.773582 0.738622 0.705164 0.676164 0.650962 0.629032 0.609952 0.593384 0.579050 0.566725 0.556226 0.547403 0.540138 0.534332 0.529914 0.526826 0.525032 0.524509 0.525252 0.527268 0.530584 0.535239 0.541291 0.548820 0.557924 0.568728 0.581388 0.596092 0.613075 0.632622 0.655088 0.680908 0.710630 0.744941 0.708200 0.653310 0.607675 0.569282 0.536667 0.508747 0.484697 0.463886 0.445819 0.430103 0.416426 0.404537 0.394232 0.385343 0.377737 0.371302 0.365950 0.361609 0.358222 0.355747 0.354153 0.353422 0.353543 0.354519 0.356361 0.359092 0.362745 0.367368 0.373021 0.379779 0.387738 0.397015 0.407753 0.420128 0.434357 0.450707 0.469512 0.491189 0.516269 0.545433 0.579568 0.619854 0.667888 0.725888 0.797022 0.885979 1.000000 0.963718 0.856055 0.771702 0.704026 0.648699 0.602781 0.564203 0.531470 0.503473 0.479375 0.458532 0.440444 0.424712 0.411022 0.399118 0.388795 0.379884 0.372249 0.365779 0.360384 0.355990 0.352541 0.349994 0.348316 0.347488 0.347498 0.348348 0.350047 0.352616 0.356088 0.360506 0.365927 0.372425 0.380091 0.389035 0.399395 0.411341 0.425079 0.440865 0.459017 0.479934 0.504121 2277.500000 1.630803 0.555584
0.604807 0.605536 0.607733 0.611424 0.616656 0.623492 0.632021 0.642356 0.654638 0.669042 0.685783 0.705126 0.727395 0.752989 0.782404 0.816257 0.855326 0.900601 0.953362 1.000000 0.936211 0.882070 0.835751 0.795877 0.761384 0.731446 0.705408 0.682749 0.663048 0.645964 0.631221 0.618593 0.607896 0.598981 0.591729 0.586046 0.581859 0.579116 0.577785 0.577848 0.579308 0.582181 0.586502 0.592326 0.599726 0.608798 0.619665 0.632478 0.635429 0.622090 0.610741 0.601220 0.593400 0.587177 0.582472 0.579226 0.577399 0.576969 0.577931 0.580297 0.584095 0.589372 0.596195 0.604651 0.614854 0.626942 0.641091 0.657514 0.676474 0.698291 0.723363 0.752182 0.785363 0.823683 0.868132 0.919995 0.940300 0.894413 0.854760 0.820366 0.790463 0.764441 0.741807 0.722165 0.705191 0.690623 0.678245 0.667883 0.659398 0.652679 0.647639 0.644217 0.642370 0.642077 0.643332 0.646152 0.650572 0.656645 0.664448 0.674082 0.685676 0.699390 0.715423 0.729825 0.706125 0.685515 0.667637 0.652199 0.638963 0.627736 0.618361 0.610712 0.604688 0.600213 0.597233 0.595710 0.595626 0.596981 0.599789 0.604087 0.609926 0.617381 0.626549 0.623492 0.616656 0.611424 0.607733 0.605536 4885.500000 1.310311 0.780985
0.848609 0.838272 0.830160 0.824169 0.820226 0.818283 0.818316 0.820325 0.824334 0.830394 0.838578 0.848991 0.861768 0.877080 0.895142 0.916218 0.896712 0.863102 0.833856 0.808411 0.786311 0.767186 0.750735 0.736712 0.724918 0.715192 0.707404 0.701456 0.697273 0.694804 0.694018 0.694906 0.697479 0.701767 0.707825 0.715727 0.725576 0.737500 0.751665 0.768271 0.787567 0.809860 0.835522 0.865016 0.898914 0.937928 0.982958 0.993576 0.957556 0.926210 0.898948 0.875293 0.854858 0.837326 0.822440 0.809992 0.799813 0.791771 0.785763 0.781714 0.779575 0.779320 0.780946 0.784473 0.789944 0.797426 0.807013 0.818831 0.833036 0.849827 0.860386 0.850131 0.842122 0.836259 0.832468 0.830704 0.830945 0.833194 0.837478 0.843850 0.852389 0.863203 0.876433 0.892259 0.910901 0.900801 0.873013 0.848872 0.827971 0.809979 0.794626 0.781692 0.771000 0.762409 0.755807 0.751113 0.748269 0.747239 0.748012 0.750596 0.751925 0.742838 0.735720 0.730479 0.727052 0.725396 0.725492 0.727340 0.730963 0.736405 0.743734 0.753043 0.764452 0.778116 0.794226 0.813017 0.834778 0.859865 0.888713 0.921863 0.959983 1.000000 0.967780 0.939764 0.915468 0.894497 0.876530 0.861305 1877.500000 1.110730 0.862174
0.906139 0.866173 0.831501 0.801355 0.775120 0.752304 0.732506 0.715403 0.700730 0.688272 0.677853 0.669334 0.662602 0.657573 0.654184 0.652393 0.652179 0.653539 0.656489 0.661066 0.667326 0.675348 0.685237 0.697124 0.711174 0.727590 0.746624 0.768582 0.793841 0.822866 0.856235 0.894671 0.939090 0.990660 0.950014 0.903010 0.862418 0.827225 0.796636 0.770017 0.746860 0.726756 0.709369 0.694429 0.681714 0.671043 0.662272 0.655286 0.649995 0.646334 0.644257 0.643739 0.644774 0.647374 0.651572 0.657418 0.664987 0.674376 0.685709 0.699143 0.714870 0.733128 0.754208 0.778466 0.806344 0.838388 0.875279 0.862299 0.838234 0.817392 0.799440 0.784108 0.771176 0.760466 0.751836 0.745174 0.740398 0.737448 0.736287 0.736903 0.739303 0.743515 0.749592 0.757609 0.767668 0.779903 0.794479 0.811602 0.831527 0.854566 0.881101 0.911603 0.895088 0.854287 0.818930 0.788207 0.761474 0.738214 0.718013 0.700530 0.685490 0.672669 0.661884 0.652988 0.645863 0.640418 0.636585 0.634316 0.633585 0.634381 0.636716 0.640617 0.646132 0.653330 0.662304 0.673173 0.686084 0.701223 0.718816 0.739141 0.762539 0.789431 0.820337 0.855908 0.896962 0.944544 1.000000 0.952378 4851.000000 1.067203 0.772035
0.621319 0.618271 0.616732 0.616683 0.618122 0.621068 0.625556 0.631643 0.639404 0.648942 0.660383 0.673888 0.689652 0.707919 0.728983 0.753209 0.781047 0.813055 0.849935 0.892571 0.942100 1.000000 0.957889 0.894201 0.840352 0.794426 0.754984 0.720927 0.691405 0.665746 0.643418 0.623993 0.607127 0.592538 0.579999 0.569322 0.560357 0.552981 0.547098 0.542632 0.536913 0.532001 0.528439 0.526185 0.525209 0.525501 0.527063 0.529915 0.534092 0.539646 0.546647 0.555187 0.565382 0.577375 0.591344 0.607505 0.626125 0.647532 0.672130 0.700426 0.733053 0.770815 0.767188 0.747894 0.731266 0.717051 0.705044 0.695079 0.687025 0.680776 0.676254 0.673403 0.672189 0.672597 0.674632 0.678317 0.683700 0.690846 0.699847 0.710821 0.723916 0.739317 0.757252 0.777999 0.801902 0.782125 0.763196 0.746918 0.733050 0.721393 0.711789 0.704111 0.698261 0.694167 0.691776 0.691062 0.692014 0.694645 0.698986 0.705091 0.713036 0.722924 0.734886 0.749085 0.719854 0.692439 0.668587 0.647832 0.629798 0.614181 0.600732 0.589248 0.579566 0.571551 0.565097 0.560122 0.556563 0.554375 0.553534 0.554027 0.555862 0.559060 0.563661 0.569722 0.577321 0.586558 0.597557 0.610476 1047.000000 1.292722 0.797811
0.933372 1.000000 0.935280 0.867801 0.811227 0.763304 0.722371 0.687175 0.656759 0.630375 0.607436 0.587474 0.570111 0.555044 0.542026 0.530853 0.521363 0.513420 0.506920 0.501775 0.497921 0.495310 0.493911 0.493705 0.488167 0.481959 0.477042 0.473352 0.470845 0.469490 0.469269 0.470181 0.472236 0.475460 0.479892 0.485589 0.492623 0.501089 0.511104 0.522813 0.536393 0.552063 0.570091 0.590807 0.589663 0.589570 0.590901 0.593671 0.597914 0.603683 0.611051 0.620113 0.630991 0.643837 0.658836 0.676219 0.696267 0.719326 0.745823 0.776288 0.811386 0.851957 0.899080 0.932485 0.875541 0.827029 0.785404 0.749487 0.718366 0.691326 0.667798 0.647326 0.629545 0.614154 0.600910 0.589616 0.580111 0.572264 0.565972 0.561153 0.557749 0.555716 0.555030 0.555683 0.557683 0.561053 0.565836 0.572091 0.566484 0.552388 0.540247 0.529877 0.521130 0.513884 0.508045 0.503536 0.500301 0.498300 0.497509 0.497918 0.499532 0.502370 0.506469 0.511878 0.518666 0.526924 0.536763 0.548322 0.560854 0.560031 0.560559 0.562444 0.565709 0.570394 0.576558 0.584280 0.593661 0.604829 0.617943 0.633197 0.650831 0.671138 0.694480 0.721305 0.752170 0.787777 0.829020 0.877049 8959.000000 1.516794 0.741067
0.722408 0.703738 0.687624 0.673818 0.662119 0.652365 0.644423 0.638192 0.633592 0.630566 0.629076 0.629106 0.630655 0.633743 0.638406 0.644703 0.652714 0.662542 0.674321 0.688213 0.704423 0.723199 0.744847 0.769743 0.798350 0.831245 0.869152 0.912986 0.963921 0.953779 0.905528 0.863905 0.827846 0.796519 0.769263 0.745546 0.724943 0.707105 0.691751 0.678649 0.667613 0.658491 0.651163 0.645533 0.641533 0.639112 0.638241 0.638910 0.641126 0.644916 0.650328 0.657429 0.666309 0.677086 0.689906 0.704953 0.722449 0.742671 0.765957 0.792721 0.823478 0.858872 0.842352 0.804806 0.772244 0.743938 0.719305 0.697878 0.679280 0.663203 0.649399 0.637662 0.627827 0.619762 0.613360 0.608540 0.605242 0.603426 0.603068 0.604166 0.606732 0.610798 0.616414 0.623650 0.632600 0.643384 0.656149 0.671081 0.688405 0.708400 0.731405 0.757841 0.788231 0.823225 0.863648 0.910554 0.965305 1.000000 0.946046 0.899672 0.859606 0.824860 0.794653 0.768366 0.745501 0.725655 0.708501 0.693771 0.681250 0.670760 0.662159 0.655335 0.650200 0.646691 0.644764 0.644397 0.645585 0.648341 0.652701 0.658717 0.666466 0.676047 0.687589 0.701249 0.717227 0.735764 0.757156 0.743936 798.000000 1.212765 0.762643
0.511956 0.505478 0.500353 0.496514 0.493915 0.492523 0.492322 0.493309 0.495496 0.498910 0.503593 0.509604 0.517020 0.525942 0.536492 0.548823 0.563122 0.579621 0.598601 0.598052 0.596438 0.596265 0.597531 0.600252 0.604461 0.610209 0.617570 0.626639 0.637536 0.650415 0.665460 0.682902 0.703022 0.726166 0.752762 0.783338 0.818558 0.859263 0.906526 0.927972 0.887363 0.852126 0.821485 0.794818 0.771629 0.751514 0.734145 0.719254 0.706624 0.696077 0.687473 0.680698 0.675668 0.672319 0.670611 0.670522 0.672053 0.675221 0.680065 0.686645 0.695044 0.671025 0.635851 0.605567 0.579368 0.556628 0.536850 0.519638 0.504674 0.491698 0.480502 0.470914 0.464342 0.464320 0.465419 0.467652 0.471047 0.475646 0.481507 0.488706 0.497341 0.507530 0.519424 0.533203 0.549092 0.567367 0.588365 0.612511 0.614658 0.616172 0.619189 0.623746 0.629898 0.637726 0.647329 0.658837 0.672412 0.688250 0.706596 0.727747 0.752072 0.780024 0.812165 0.849203 0.892032 0.941799 1.000000 0.990556 0.924698 0.869015 0.821523 0.780737 0.745520 0.714991 0.688458 0.665369 0.645282 0.627841 0.612755 0.599788 0.588748 0.579478 0.571851 0.565767 0.553438 0.540463 0.529328 0.519870 735.000000 1.400455 0.758540
0.767310 0.751361 0.737803 0.726445 0.717133 0.709744 0.704185 0.700387 0.698303 0.697908 0.699196 0.702184 0.706909 0.713427 0.721822 0.732201 0.744704 0.759503 0.776811 0.796891 0.820064 0.846727 0.877366 0.912587 0.953147 1.000000 0.992144 0.938943 0.893198 0.853665 0.819374 0.789560 0.763614 0.741047 0.721465 0.704544 0.690023 0.677688 0.667366 0.658917 0.652231 0.647223 0.643830 0.642012 0.641745 0.643027 0.645873 0.650319 0.656418 0.664248 0.673910 0.685533 0.699279 0.715345 0.733977 0.755474 0.780205 0.808624 0.803934 0.788293 0.775081 0.764115 0.755249 0.748368 0.743387 0.740243 0.738898 0.739335 0.741561 0.745602 0.751507 0.759351 0.769233 0.781282 0.795663 0.812577 0.832274 0.855061 0.881314 0.911495 0.946177 0.936141 0.905144 0.878181 0.854778 0.834549 0.817177 0.802408 0.790033 0.779884 0.771828 0.765763 0.761613 0.759327 0.758877 0.760259 0.743668 0.725377 0.709632 0.696198 0.684882 0.675530 0.668017 0.662247 0.658148 0.655670 0.654781 0.655472 0.657751 0.661645 0.667202 0.674492 0.683609 0.694671 0.707831 0.723275 0.741233 0.761989 0.785888 0.813358 0.844927 0.881254 0.923169 0.893307 0.860598 0.832133 0.807374 0.785885 1466.500000 1.187840 0.817063
