30
1000 1000
4 90 42 177 125 69 191 8 128
3 188 28 307 92 198 138
8 -16 66 -8 43 35 32 50 49 66 74 57 101 31 104 7 93
7 4 13 20 5 38 4 55 27 35 46 13 47 -1 37
4 8 23 40 -2 63 34 34 60
7 21 20 57 -6 117 -13 109 57 113 98 48 125 1 93
4 39 9 55 35 41 56 4 34
7 3 21 27 14 41 17 62 31 47 48 27 47 4 39
8 12 2 36 -12 42 6 58 16 54 36 35 54 8 37 17 21
7 -5 27 35 12 74 16 99 33 68 64 38 70 6 57
8 -8 5 25 -10 56 16 84 39 54 80 31 102 -3 92 -11 46
4 35 88 111 45 180 106 114 144
7 73 62 150 76 200 86 220 113 185 163 152 217 105 155
6 -5 21 13 8 30 1 38 25 31 48 12 42
6 2 30 16 14 36 10 39 31 39 56 16 51
5 16 12 40 9 62 24 40 46 16 45
4 86 85 129 62 176 101 136 137
8 170 135 177 107 217 99 260 111 286 144 256 171 220 190 181 167
6 6 4 19 8 39 16 20 33 8 36 -8 23
7 -4 42 20 12 46 22 70 59 45 85 22 70 -2 64
5 6 7 29 -3 42 15 31 28 11 29
5 107 95 182 101 225 139 184 157 130 157
7 36 45 63 40 82 35 94 60 77 81 63 90 37 71
4 61 33 89 56 58 80 30 58
3 258 53 408 190 252 257
6 21 27 39 25 50 41 40 54 21 59 11 42
6 43 17 101 -1 99 51 110 105 50 81 -1 57
8 10 26 24 14 43 10 67 13 82 25 65 44 44 48 23 48
5 45 24 92 -3 131 41 87 72 50 75
4 49 101 111 53 173 119 112 167
