0.750598 0.765172 0.782246 0.802075 0.816693 0.801418 0.788569 0.777970 0.769481 0.762994 0.758427 0.755724 0.754852 0.755802 0.758583 0.763230 0.769801 0.778377 0.789069 0.802018 0.817401 0.835437 0.843562 0.820721 0.800962 0.783977 0.769513 0.757364 0.747366 0.739386 0.733322 0.729100 0.726666 0.725992 0.727069 0.729910 0.734550 0.741046 0.749479 0.759959 0.772623 0.787647 0.805244 0.825681 0.849281 0.876444 0.907660 0.943539 0.984842 0.978185 0.937617 0.902367 0.871695 0.845008 0.821828 0.801766 0.784504 0.769786 0.757401 0.747180 0.738987 0.732718 0.728295 0.725662 0.724788 0.725662 0.728295 0.727891 0.720361 0.714690 0.710807 0.708663 0.708234 0.709513 0.712516 0.717280 0.723864 0.732351 0.742850 0.755500 0.770478 0.787998 0.777654 0.765532 0.755574 0.747651 0.741659 0.737526 0.735200 0.734653 0.735878 0.738890 0.743726 0.750445 0.759133 0.769900 0.782891 0.798283 0.816299 0.837211 0.861351 0.889131 0.921055 0.957750 1.000000 0.992489 0.947611 0.908710 0.874901 0.845482 0.819888 0.797664 0.778438 0.761909 0.747832 0.736006 0.726271 0.718499 0.712590 0.708470 0.706088 0.705416 0.706446 0.709190 0.713681 0.719975 0.728151 0.738314 792.000000 1.036319 0.855296
0.936661 0.922681 0.911275 0.902295 0.895627 0.891188 0.888924 0.888807 0.890836 0.895035 0.901456 0.910178 0.921312 0.935002 0.951432 0.970830 0.993479 0.960190 0.914807 0.875534 0.841439 0.811781 0.785972 0.763537 0.744089 0.727316 0.712963 0.700821 0.690721 0.682529 0.676139 0.671471 0.668465 0.667087 0.667318 0.667659 0.669217 0.672407 0.677266 0.683855 0.692259 0.702585 0.714972 0.729593 0.746660 0.766436 0.775272 0.764767 0.756341 0.749885 0.745319 0.742586 0.741654 0.742510 0.745165 0.749652 0.756026 0.764366 0.774780 0.787405 0.802412 0.820017 0.840482 0.864130 0.891356 0.922649 0.958613 1.000000 0.990860 0.970539 0.953286 0.938857 0.927059 0.917737 0.910773 0.906080 0.903601 0.890246 0.869670 0.852030 0.837068 0.824575 0.814382 0.806357 0.800397 0.796430 0.794407 0.794302 0.796115 0.799868 0.805606 0.813401 0.823351 0.834427 0.804358 0.778189 0.755433 0.735691 0.718642 0.704023 0.691620 0.681259 0.672801 0.666135 0.661178 0.657867 0.656161 0.656041 0.657505 0.660570 0.665274 0.671675 0.679855 0.689918 0.702001 0.716271 0.728661 0.736739 0.746818 0.759030 0.773543 0.790563 0.810345 0.833201 0.859515 0.889758 0.924516 0.953403 768.000000 1.281019 0.875748
0.546501 0.543646 0.542120 0.541904 0.542996 0.545409 0.549172 0.554333 0.560955 0.569126 0.578953 0.590573 0.604155 0.619905 0.638076 0.658980 0.683001 0.710616 0.742423 0.779175 0.821838 0.871666 0.930311 1.000000 0.948245 0.879747 0.822326 0.773691 0.732153 0.696441 0.665579 0.638810 0.615536 0.595283 0.577667 0.562379 0.549169 0.537831 0.528199 0.520136 0.513535 0.508308 0.504389 0.501730 0.500298 0.500075 0.501058 0.503261 0.506709 0.511445 0.517529 0.525040 0.534077 0.544767 0.557263 0.571755 0.588477 0.607715 0.629821 0.655235 0.684504 0.679994 0.665984 0.654084 0.644126 0.635976 0.629528 0.624698 0.621428 0.619677 0.619424 0.620666 0.623418 0.627713 0.633605 0.641167 0.650499 0.661723 0.674997 0.690511 0.708503 0.729261 0.753141 0.780582 0.802005 0.777452 0.756125 0.737666 0.721785 0.708244 0.696849 0.687444 0.679907 0.674139 0.670069 0.667647 0.666843 0.667647 0.670069 0.674139 0.679907 0.687444 0.696849 0.696074 0.672363 0.651732 0.633810 0.618298 0.604950 0.593565 0.583982 0.576069 0.569722 0.564859 0.561419 0.559361 0.558658 0.559303 0.561304 0.564684 0.569485 0.575767 0.583611 0.582586 0.572183 0.563479 0.556355 0.550720 6412.000000 1.374833 0.776242
0.827070 0.855549 0.888275 0.877812 0.845054 0.816550 0.791750 0.770214 0.751581 0.735558 0.721907 0.710434 0.700982 0.693427 0.687672 0.683645 0.681296 0.680598 0.681542 0.684138 0.688420 0.694438 0.702270 0.712015 0.723802 0.737794 0.754190 0.773237 0.795236 0.820558 0.849660 0.883107 0.921607 0.903664 0.864707 0.830890 0.801476 0.775878 0.753624 0.734332 0.717688 0.703439 0.691377 0.681337 0.673182 0.666807 0.662133 0.659100 0.657672 0.657831 0.659580 0.662940 0.667951 0.674676 0.683201 0.693637 0.706124 0.720837 0.737991 0.757853 0.780746 0.807070 0.837319 0.872106 0.912202 0.958583 1.000000 0.945345 0.898407 0.857878 0.822745 0.792210 0.765638 0.742522 0.722450 0.705089 0.690166 0.677460 0.666791 0.658013 0.651012 0.645697 0.642002 0.639882 0.639311 0.640282 0.642807 0.646916 0.652661 0.660114 0.669370 0.680551 0.693813 0.709345 0.727380 0.748206 0.772175 0.799720 0.831380 0.867828 0.909910 0.942818 0.902938 0.868301 0.838168 0.811947 0.789161 0.769421 0.752413 0.737880 0.725612 0.715442 0.707232 0.700879 0.696300 0.693442 0.692267 0.692762 0.694934 0.698808 0.704431 0.711875 0.721235 0.732632 0.746221 0.762195 0.780790 0.802296 1143.000000 1.035712 0.779751
0.574181 0.587421 0.602771 0.620481 0.634838 0.635948 0.638602 0.642834 0.648695 0.656260 0.665626 0.676917 0.690290 0.705936 0.724094 0.745052 0.769168 0.796881 0.822507 0.801770 0.783895 0.768611 0.755698 0.744976 0.736303 0.729567 0.724683 0.721591 0.720253 0.720653 0.722796 0.726707 0.732435 0.740051 0.749652 0.761363 0.775344 0.791792 0.810948 0.833110 0.858645 0.839088 0.790132 0.748277 0.712263 0.681122 0.654100 0.630601 0.610151 0.592368 0.576943 0.563624 0.552206 0.542523 0.534439 0.527845 0.522656 0.518805 0.516245 0.514945 0.514889 0.516076 0.518521 0.522252 0.527318 0.533781 0.541726 0.550772 0.550281 0.551117 0.553290 0.556827 0.561772 0.568187 0.576154 0.585779 0.597193 0.610562 0.626086 0.644011 0.664642 0.688352 0.715603 0.746975 0.783197 0.825200 0.874189 0.931748 1.000000 0.953629 0.913114 0.877930 0.847323 0.820689 0.797540 0.777483 0.760197 0.745420 0.732938 0.722579 0.714206 0.707710 0.703009 0.700046 0.698784 0.699207 0.671682 0.647309 0.626098 0.607651 0.591644 0.577815 0.565950 0.555874 0.547447 0.540555 0.535107 0.531034 0.528286 0.526828 0.526644 0.527731 0.530103 0.533787 0.538830 0.545296 0.553267 0.562851 1356.000000 1.410197 0.801593
0.779770 0.812303 0.842584 0.824112 0.808339 0.795037 0.784024 0.775154 0.768313 0.763414 0.760398 0.759227 0.759888 0.762388 0.766758 0.773051 0.781347 0.791750 0.804399 0.819464 0.837159 0.857748 0.881552 0.908968 0.940482 0.897230 0.841468 0.794032 0.753377 0.718329 0.687980 0.661622 0.638690 0.618735 0.601395 0.586374 0.573432 0.562376 0.553044 0.545310 0.539070 0.534243 0.530769 0.528606 0.527726 0.528120 0.529791 0.532760 0.537064 0.542756 0.548622 0.554655 0.562192 0.571332 0.582200 0.594951 0.609775 0.626904 0.646627 0.669296 0.695349 0.725329 0.759925 0.800010 0.846713 0.901513 0.966386 1.000000 0.962519 0.929905 0.901529 0.876884 0.855557 0.837212 0.821574 0.808422 0.797576 0.788892 0.771074 0.749488 0.730791 0.714684 0.700923 0.689312 0.679689 0.671929 0.665929 0.661616 0.658935 0.657854 0.658361 0.660460 0.664178 0.669560 0.676674 0.685610 0.696485 0.709448 0.724681 0.742411 0.762914 0.771346 0.744153 0.720489 0.699918 0.682086 0.666707 0.653546 0.642412 0.633150 0.625638 0.619777 0.615495 0.612737 0.611470 0.611679 0.613366 0.616552 0.621276 0.627596 0.635594 0.645372 0.657064 0.670833 0.686882 0.705458 0.726867 0.751484 1328.000000 1.357455 0.789327
0.947990 0.908233 0.873697 0.843648 0.817502 0.794785 0.775113 0.758174 0.743713 0.731522 0.721435 0.713317 0.707064 0.702598 0.699863 0.698826 0.699475 0.701818 0.705882 0.711719 0.719400 0.729025 0.734889 0.716949 0.701514 0.688353 0.677278 0.668138 0.660812 0.655206 0.651251 0.648896 0.648115 0.648896 0.651251 0.655206 0.660812 0.668138 0.677278 0.688353 0.701514 0.716949 0.719252 0.714718 0.711945 0.710900 0.711570 0.713963 0.718108 0.724055 0.731880 0.741682 0.753590 0.767767 0.784413 0.803777 0.826161 0.851939 0.881569 0.915620 0.954800 1.000000 0.963079 0.921728 0.885828 0.854601 0.827426 0.803803 0.783326 0.765665 0.750551 0.737765 0.727130 0.718504 0.711774 0.706857 0.703690 0.702236 0.702477 0.704416 0.708076 0.713502 0.720761 0.729947 0.714101 0.698507 0.685194 0.673972 0.664688 0.657218 0.651466 0.647359 0.644848 0.643902 0.644508 0.646676 0.650430 0.655817 0.662904 0.671782 0.682568 0.695409 0.710486 0.728025 0.748299 0.771648 0.778587 0.766295 0.756178 0.748104 0.741969 0.737697 0.735235 0.734552 0.735642 0.738517 0.743211 0.749784 0.758317 0.768920 0.781734 0.796934 0.814740 0.835417 0.859296 0.886778 0.918363 0.954665 555.000000 1.222326 0.859100
0.799308 0.842938 0.893883 0.953828 0.934688 0.892523 0.855971 0.824202 0.796558 0.772508 0.751626 0.733564 0.718038 0.704819 0.693719 0.684587 0.677303 0.671773 0.667929 0.665723 0.665129 0.666139 0.668766 0.673042 0.679019 0.686772 0.696402 0.708035 0.721832 0.737991 0.715813 0.686358 0.660759 0.638485 0.619106 0.602277 0.587717 0.575198 0.564532 0.555569 0.548186 0.542285 0.537793 0.534651 0.532822 0.532284 0.533029 0.535068 0.538424 0.543139 0.549273 0.556903 0.566132 0.577086 0.589920 0.604829 0.622049 0.641869 0.664648 0.690828 0.720964 0.755753 0.796084 0.843108 0.898336 0.963791 1.000000 0.943399 0.894903 0.853104 0.816915 0.785487 0.758147 0.734355 0.713678 0.695764 0.680326 0.667130 0.655987 0.646742 0.639273 0.633484 0.629300 0.626672 0.625566 0.625969 0.627886 0.631341 0.636376 0.643053 0.651458 0.661700 0.673920 0.688288 0.705018 0.724370 0.746664 0.741384 0.711534 0.685582 0.662998 0.643355 0.626307 0.611575 0.598930 0.588186 0.579191 0.571823 0.565987 0.561609 0.558633 0.557023 0.556760 0.557841 0.560278 0.564101 0.569358 0.576115 0.584459 0.594502 0.606382 0.620271 0.636381 0.654969 0.676355 0.700930 0.729181 0.761717 17217.000000 1.397875 0.746457
0.708175 0.686544 0.667756 0.651497 0.637510 0.625587 0.615557 0.607283 0.600657 0.595593 0.592028 0.589918 0.589238 0.589979 0.592150 0.595778 0.600907 0.607601 0.615947 0.626055 0.638063 0.652142 0.668504 0.687406 0.709166 0.734176 0.762919 0.796000 0.834181 0.878432 0.930007 0.990550 1.000000 0.936060 0.881801 0.835391 0.795442 0.760888 0.730900 0.704819 0.682122 0.662387 0.645272 0.630501 0.617846 0.607122 0.598181 0.590903 0.585192 0.580977 0.578205 0.576842 0.576872 0.578296 0.581130 0.585409 0.591187 0.598536 0.607552 0.618356 0.631100 0.645968 0.663191 0.683047 0.705882 0.732122 0.739150 0.716318 0.696482 0.679307 0.664521 0.651903 0.641270 0.632479 0.625411 0.619976 0.616107 0.613755 0.612892 0.613507 0.615608 0.619220 0.624388 0.631176 0.639672 0.649987 0.662261 0.676669 0.693426 0.712795 0.735098 0.760734 0.790196 0.824096 0.863209 0.908517 0.961289 0.953540 0.900207 0.854473 0.815030 0.780866 0.751187 0.725366 0.702897 0.683376 0.666472 0.651917 0.639491 0.629017 0.620352 0.613379 0.608010 0.604177 0.601833 0.600949 0.601514 0.603536 0.607039 0.612066 0.618680 0.626965 0.637031 0.649014 0.663084 0.679452 0.698373 0.720162 1449.000000 1.371136 0.747036
0.990034 0.942055 0.900581 0.864600 0.833314 0.806087 0.782408 0.761864 0.744118 0.728895 0.715974 0.705171 0.696343 0.689373 0.684173 0.680678 0.678846 0.678654 0.680101 0.683203 0.687998 0.694547 0.702931 0.713259 0.725669 0.724805 0.703177 0.684403 0.668174 0.654236 0.642383 0.632449 0.624298 0.617825 0.612945 0.609599 0.607746 0.607363 0.608445 0.611005 0.615075 0.620706 0.627966 0.636952 0.647781 0.660605 0.675606 0.693013 0.713104 0.736222 0.762787 0.793325 0.819157 0.803419 0.790142 0.779143 0.770277 0.763428 0.758511 0.755466 0.754255 0.754863 0.757298 0.761589 0.767790 0.775977 0.786255 0.798760 0.813660 0.831167 0.851541 0.875099 0.902234 0.933426 0.969271 0.941303 0.885769 0.838329 0.797536 0.762280 0.731697 0.705106 0.681966 0.661840 0.644376 0.629287 0.616339 0.605342 0.596142 0.588614 0.582660 0.578204 0.575191 0.573583 0.573363 0.574526 0.577086 0.581076 0.586544 0.593560 0.602214 0.612621 0.624927 0.639309 0.655986 0.675226 0.680345 0.674740 0.670831 0.668568 0.667923 0.668890 0.671480 0.675723 0.681674 0.689406 0.699018 0.710639 0.724427 0.740581 0.759342 0.781009 0.805947 0.834607 0.867548 0.905467 0.949244 1.000000 824.500000 1.368228 0.810013
0.837511 0.784011 0.738608 0.699770 0.666337 0.637419 0.612320 0.590491 0.571495 0.554978 0.540655 0.528293 0.517703 0.508731 0.501252 0.495165 0.490391 0.486870 0.484559 0.483428 0.483464 0.484669 0.487055 0.490653 0.495508 0.501679 0.509249 0.518319 0.529015 0.541494 0.555948 0.572611 0.591774 0.613794 0.639115 0.668295 0.702038 0.741251 0.787113 0.841183 0.905573 0.983202 1.000000 0.912525 0.840985 0.781593 0.731683 0.689325 0.653091 0.621899 0.594919 0.571501 0.551135 0.533412 0.518001 0.504638 0.493105 0.483226 0.474856 0.467879 0.462201 0.457749 0.454467 0.452313 0.451262 0.451300 0.452428 0.454659 0.458022 0.462558 0.468324 0.475395 0.483866 0.493856 0.505511 0.519010 0.534573 0.552470 0.573035 0.596683 0.623935 0.655450 0.692074 0.734909 0.785412 0.845557 0.918072 0.957033 0.890187 0.833947 0.786173 0.745273 0.710045 0.679560 0.653094 0.630073 0.610039 0.592623 0.577527 0.564507 0.553366 0.543940 0.536100 0.529741 0.524780 0.521155 0.518821 0.517750 0.517928 0.519359 0.522058 0.526059 0.531412 0.538186 0.546467 0.556369 0.568030 0.581621 0.597353 0.615484 0.636330 0.660285 0.687836 0.719595 0.756339 0.799067 0.849078 0.901177 17991.500000 1.173295 0.598840
0.723506 0.700962 0.681372 0.664405 0.649789 0.637305 0.626773 0.618049 0.611015 0.605583 0.601683 0.599267 0.598306 0.598788 0.600720 0.604124 0.609043 0.615537 0.623690 0.633609 0.645429 0.659316 0.675477 0.694165 0.715689 0.740432 0.768866 0.801578 0.839310 0.883002 0.857547 0.815579 0.779317 0.747867 0.720526 0.696732 0.676037 0.658075 0.642550 0.629223 0.617895 0.608407 0.600632 0.594467 0.589834 0.586674 0.584950 0.584641 0.585742 0.588268 0.592248 0.597732 0.604789 0.613510 0.624013 0.636440 0.650973 0.667832 0.687287 0.709670 0.735392 0.764960 0.799012 0.838349 0.884001 0.937299 1.000000 0.969364 0.909414 0.858394 0.814653 0.776935 0.744269 0.715894 0.691207 0.669725 0.651060 0.634894 0.620972 0.609084 0.599057 0.590756 0.584070 0.578912 0.575218 0.572943 0.572058 0.572553 0.574434 0.577724 0.582463 0.588710 0.596546 0.606073 0.617420 0.630749 0.646258 0.664189 0.684840 0.708578 0.735857 0.729631 0.717749 0.707926 0.700032 0.693966 0.689651 0.687034 0.686083 0.686787 0.689155 0.693215 0.699017 0.706634 0.716162 0.727729 0.741490 0.757643 0.776427 0.798138 0.823138 0.851874 0.884897 0.898983 0.853066 0.813477 0.779192 0.749413 6850.000000 1.169254 0.748110
0.875394 0.915254 0.961343 0.957643 0.909080 0.867193 0.830910 0.799389 0.771965 0.748102 0.727369 0.709418 0.693964 0.680773 0.669657 0.660465 0.653073 0.647387 0.643336 0.640869 0.639958 0.640589 0.642773 0.646534 0.651918 0.658995 0.667853 0.678610 0.691411 0.706440 0.723920 0.744124 0.767390 0.772348 0.754596 0.739383 0.726487 0.715727 0.706960 0.700071 0.694973 0.691603 0.689920 0.689903 0.691552 0.694886 0.699948 0.706799 0.715526 0.726243 0.739093 0.754256 0.771953 0.792455 0.816096 0.843285 0.874527 0.910451 0.951844 0.999703 1.000000 0.939431 0.887796 0.843468 0.805204 0.772040 0.743219 0.718141 0.696322 0.677374 0.660980 0.646883 0.634871 0.624776 0.616458 0.609809 0.604742 0.601196 0.599126 0.598507 0.599332 0.601610 0.605370 0.610657 0.617538 0.626102 0.636462 0.648759 0.663170 0.679910 0.699247 0.721504 0.747083 0.776482 0.810322 0.849386 0.894671 0.947468 0.914847 0.875041 0.840495 0.810452 0.784307 0.761573 0.741857 0.724838 0.710255 0.697895 0.687587 0.679190 0.672598 0.667725 0.664511 0.662918 0.662926 0.664534 0.667763 0.672652 0.679262 0.687676 0.698003 0.710383 0.724988 0.742031 0.761775 0.784539 0.810719 0.840802 7947.500000 1.161391 0.759505
0.820559 0.851332 0.870941 0.850151 0.832289 0.817089 0.804338 0.793862 0.785523 0.779215 0.774860 0.772403 0.771816 0.773090 0.776242 0.781309 0.788355 0.797468 0.808765 0.822396 0.838549 0.857457 0.834760 0.801454 0.772494 0.747290 0.725372 0.706356 0.689931 0.675844 0.663888 0.653896 0.645732 0.639291 0.634491 0.631271 0.629593 0.629437 0.630800 0.633698 0.638168 0.644265 0.652065 0.661670 0.673208 0.686840 0.702763 0.721221 0.742511 0.767001 0.753160 0.738038 0.725224 0.714540 0.705842 0.699016 0.693978 0.690663 0.689032 0.689065 0.690762 0.694143 0.699251 0.706148 0.714922 0.725687 0.738588 0.753805 0.771560 0.792125 0.815837 0.843105 0.874439 0.910469 0.951989 1.000000 0.962990 0.913414 0.870687 0.833698 0.801576 0.773632 0.749316 0.728181 0.709870 0.694088 0.680597 0.669201 0.659744 0.652100 0.646169 0.641878 0.639173 0.638022 0.638410 0.640342 0.643841 0.648951 0.655735 0.664279 0.674696 0.687127 0.701746 0.718770 0.738465 0.761154 0.746348 0.729444 0.714973 0.702725 0.692530 0.684252 0.677782 0.673040 0.669967 0.668525 0.668696 0.670483 0.673908 0.679012 0.685859 0.694535 0.705154 0.717860 0.732829 0.750283 0.770489 0.793779 12731.000000 1.258816 0.837785
0.787703 0.762821 0.741194 0.722451 0.706293 0.692473 0.680792 0.671089 0.663234 0.657125 0.652686 0.649861 0.648617 0.648938 0.650827 0.654309 0.659425 0.666240 0.674840 0.685337 0.697874 0.712626 0.729812 0.749699 0.772612 0.798956 0.829229 0.864049 0.904195 0.950655 1.000000 0.938312 0.885803 0.840778 0.801947 0.768313 0.739097 0.713677 0.691558 0.672340 0.655698 0.641368 0.629134 0.618821 0.610287 0.603419 0.598129 0.594350 0.592037 0.591159 0.591708 0.593689 0.597127 0.602064 0.608561 0.616702 0.626594 0.638371 0.652201 0.668289 0.682488 0.676698 0.672613 0.670181 0.669374 0.670181 0.672613 0.676698 0.682488 0.690054 0.699494 0.710932 0.724525 0.740467 0.758995 0.780403 0.805049 0.833376 0.865931 0.903398 0.904655 0.882621 0.863665 0.847506 0.833912 0.822698 0.813716 0.806850 0.802016 0.799152 0.798226 0.799224 0.802160 0.768656 0.739456 0.714051 0.691945 0.672739 0.656108 0.641789 0.629565 0.619262 0.610739 0.603882 0.598604 0.594837 0.592536 0.591673 0.592237 0.594235 0.597692 0.602649 0.609169 0.617335 0.627254 0.639062 0.652927 0.669054 0.687696 0.709165 0.733842 0.762200 0.794831 0.832475 0.876078 0.887021 0.849166 0.816296 13086.000000 1.254057 0.792548
0.796569 0.852833 0.920035 1.000000 0.958863 0.923113 0.892005 0.864941 0.841438 0.821104 0.803621 0.788726 0.776210 0.765901 0.757664 0.751393 0.747009 0.744460 0.743714 0.744761 0.747615 0.752310 0.758905 0.767481 0.772921 0.733864 0.700171 0.670981 0.645620 0.623554 0.604355 0.587676 0.573236 0.560808 0.550205 0.541275 0.533896 0.527970 0.523422 0.520193 0.518248 0.517862 0.518726 0.520849 0.524258 0.528995 0.535119 0.542709 0.551866 0.562716 0.575416 0.590157 0.607174 0.626756 0.649259 0.675126 0.704908 0.739302 0.779198 0.825748 0.820004 0.798283 0.779512 0.763401 0.749711 0.738251 0.728866 0.721432 0.715856 0.712067 0.710020 0.709690 0.711072 0.714183 0.719061 0.725767 0.734386 0.745027 0.757834 0.772985 0.790696 0.811239 0.834943 0.862213 0.893550 0.929574 0.961048 0.888439 0.827884 0.776810 0.733335 0.696057 0.663907 0.636061 0.611871 0.590825 0.572512 0.556601 0.542822 0.530958 0.520829 0.512290 0.505224 0.499537 0.495157 0.491460 0.487039 0.483853 0.481861 0.481039 0.481378 0.482882 0.485568 0.489470 0.494637 0.501135 0.509047 0.518483 0.529575 0.542488 0.557422 0.574626 0.594403 0.617129 0.643274 0.673426 0.708333 0.748961 2605.500000 1.266330 0.741158
0.460726 0.457006 0.454430 0.452969 0.452604 0.453331 0.458530 0.466028 0.474939 0.485389 0.497534 0.511567 0.527723 0.546292 0.559228 0.565720 0.573762 0.583463 0.594955 0.608404 0.624013 0.642032 0.662767 0.686594 0.713983 0.745519 0.781940 0.824190 0.873490 0.931451 1.000000 0.896523 0.814230 0.747424 0.692290 0.646182 0.607203 0.573963 0.545420 0.520776 0.499414 0.480848 0.464692 0.450637 0.438433 0.427876 0.418800 0.416396 0.420609 0.425945 0.432474 0.440283 0.449482 0.460206 0.472620 0.486929 0.503381 0.522286 0.544029 0.569091 0.598084 0.631793 0.671243 0.717792 0.773280 0.840260 0.922376 0.895423 0.809980 0.741053 0.684456 0.637317 0.597600 0.563822 0.534877 0.509927 0.488326 0.469565 0.453244 0.439042 0.426699 0.416006 0.416393 0.424150 0.433265 0.443872 0.456139 0.470268 0.486510 0.505175 0.526648 0.551414 0.580092 0.613476 0.652604 0.698862 0.754134 0.821047 0.800794 0.781295 0.764522 0.750223 0.738194 0.728272 0.720326 0.714253 0.709978 0.707448 0.706632 0.707520 0.710124 0.714475 0.720626 0.728654 0.706448 0.667970 0.634918 0.606375 0.581629 0.560120 0.541402 0.525119 0.510983 0.498757 0.488252 0.479310 0.471807 0.465639 1453.000000 1.141096 0.572130
0.949059 0.928733 0.911408 0.896839 0.884827 0.875213 0.867874 0.862718 0.859682 0.858728 0.859846 0.863048 0.868374 0.875890 0.861140 0.829489 0.801945 0.777986 0.757189 0.739209 0.723766 0.710632 0.699621 0.690585 0.683405 0.677989 0.674270 0.672202 0.671760 0.672938 0.675752 0.680235 0.686442 0.692844 0.691119 0.691064 0.692677 0.695978 0.701008 0.707828 0.716526 0.727214 0.740035 0.755169 0.772835 0.793304 0.816909 0.844057 0.875252 0.874690 0.856277 0.840608 0.827459 0.816652 0.808045 0.801529 0.797021 0.794468 0.793837 0.795121 0.798335 0.803519 0.810737 0.820080 0.827874 0.818294 0.810864 0.805490 0.802107 0.800673 0.801171 0.803606 0.808009 0.814433 0.822959 0.833695 0.846781 0.862396 0.880759 0.902141 0.926876 0.955373 0.928240 0.893342 0.862977 0.836557 0.813609 0.793747 0.776659 0.762088 0.749826 0.739707 0.731597 0.725390 0.721011 0.705284 0.690591 0.678099 0.667631 0.659044 0.652227 0.647092 0.643576 0.641635 0.641246 0.642404 0.645123 0.649437 0.655398 0.663082 0.672588 0.684042 0.697603 0.706229 0.713414 0.722506 0.733622 0.746914 0.762567 0.780812 0.801930 0.826268 0.854252 0.886408 0.923392 0.966024 1.000000 0.972691 1336.500000 1.162338 0.878132
1.000000 0.981402 0.954953 0.932079 0.912422 0.895690 0.881646 0.870100 0.860899 0.853927 0.849096 0.846346 0.845645 0.846984 0.850379 0.855872 0.863530 0.873449 0.846060 0.822059 0.801260 0.783328 0.767990 0.755026 0.744255 0.735535 0.728751 0.723820 0.720679 0.719290 0.719638 0.721725 0.725577 0.731242 0.738790 0.748317 0.759947 0.773839 0.790186 0.784131 0.776121 0.770110 0.766023 0.763808 0.763441 0.764916 0.768251 0.773486 0.780687 0.789945 0.801378 0.815140 0.831421 0.850455 0.872533 0.898009 0.926824 0.914775 0.905188 0.897941 0.892942 0.890132 0.889476 0.890965 0.894618 0.900479 0.908621 0.919146 0.932190 0.947926 0.966571 0.973082 0.934415 0.900790 0.871528 0.846081 0.824007 0.804946 0.788603 0.774740 0.763163 0.753715 0.746275 0.740747 0.737063 0.735178 0.735068 0.736734 0.740194 0.745491 0.752691 0.761885 0.773192 0.786763 0.802788 0.810945 0.798992 0.789259 0.781621 0.775981 0.772268 0.770439 0.770470 0.772361 0.776136 0.781841 0.789547 0.799351 0.811381 0.816166 0.806278 0.798528 0.792817 0.789074 0.787254 0.787335 0.789318 0.793226 0.799109 0.807037 0.817113 0.829467 0.844266 0.861716 0.882072 0.905648 0.932828 0.964084 6372.000000 1.181971 0.906798
0.848159 0.916736 1.000000 0.958314 0.878603 0.812942 0.758112 0.711818 0.672379 0.638538 0.609338 0.584037 0.562054 0.542926 0.526283 0.511827 0.499314 0.488547 0.479366 0.471638 0.465259 0.460143 0.456226 0.453459 0.451806 0.451249 0.451780 0.453406 0.456147 0.460036 0.458837 0.458363 0.458995 0.460740 0.463619 0.467669 0.472939 0.479497 0.487431 0.496848 0.507885 0.520706 0.535514 0.552560 0.572150 0.594665 0.620581 0.650498 0.685179 0.725613 0.752934 0.728512 0.707274 0.688852 0.672946 0.659310 0.647745 0.638090 0.630214 0.624015 0.619415 0.616355 0.614800 0.614730 0.616144 0.619060 0.623512 0.629556 0.637270 0.646751 0.658129 0.671561 0.687243 0.705415 0.726371 0.750474 0.778170 0.781399 0.737842 0.700483 0.668257 0.640340 0.616087 0.594985 0.576625 0.560673 0.546862 0.534974 0.524828 0.516281 0.509215 0.503536 0.499172 0.496068 0.494185 0.493501 0.494007 0.495710 0.498630 0.502803 0.508281 0.499497 0.491488 0.484882 0.479592 0.475548 0.472702 0.471017 0.470474 0.471066 0.472799 0.475696 0.479791 0.485136 0.491800 0.499871 0.509458 0.520700 0.533764 0.548856 0.566230 0.586199 0.609149 0.635562 0.666048 0.701380 0.742559 0.790900 961.500000 1.419186 0.700831
0.548740 0.513461 0.483538 0.457954 0.435938 0.416900 0.400380 0.386013 0.373511 0.362639 0.353209 0.345067 0.338089 0.332171 0.327232 0.323204 0.320036 0.317688 0.316130 0.315343 0.315317 0.316053 0.317560 0.319855 0.322967 0.326935 0.331812 0.337662 0.344567 0.352628 0.361968 0.372738 0.385125 0.399359 0.415725 0.434582 0.456383 0.481708 0.511313 0.546197 0.587709 0.637713 0.698857 0.775034 0.872209 1.000000 0.936821 0.835907 0.756264 0.692000 0.639221 0.595255 0.558206 0.526693 0.499688 0.476408 0.456252 0.438745 0.423516 0.410263 0.398746 0.388769 0.380172 0.372826 0.366626 0.361484 0.357334 0.354121 0.351806 0.350359 0.349764 0.350012 0.351107 0.353062 0.355901 0.359660 0.364386 0.370141 0.377004 0.385072 0.394463 0.405325 0.417837 0.432221 0.448750 0.467765 0.489695 0.515084 0.544633 0.579259 0.620183 0.669064 0.654037 0.629987 0.609058 0.590853 0.575050 0.561387 0.549652 0.539671 0.531303 0.524434 0.518976 0.514857 0.512027 0.510451 0.510110 0.510999 0.513130 0.516528 0.521236 0.527312 0.534836 0.543906 0.554648 0.567218 0.581804 0.598641 0.618015 0.640278 0.665870 0.695337 0.729372 0.768857 0.780777 0.703414 0.641407 0.590753 19453.000000 1.732629 0.542970
0.954637 0.921823 0.893271 0.868464 0.846983 0.828486 0.812696 0.799387 0.788375 0.779514 0.772692 0.767821 0.764843 0.763720 0.764440 0.767010 0.771463 0.777853 0.786259 0.796789 0.809582 0.824812 0.841290 0.815955 0.793957 0.774932 0.758582 0.744665 0.732983 0.723378 0.715723 0.709921 0.705899 0.703608 0.703020 0.704128 0.706945 0.711506 0.717866 0.726106 0.736333 0.748680 0.763319 0.780460 0.800361 0.823338 0.849782 0.880171 0.915101 0.924028 0.891196 0.862623 0.837782 0.816242 0.797656 0.781738 0.768258 0.757028 0.747897 0.740748 0.735488 0.732054 0.730404 0.730516 0.732394 0.736058 0.741556 0.748953 0.758345 0.769854 0.783635 0.799880 0.818827 0.840768 0.866061 0.895147 0.928569 0.967004 1.000000 0.953647 0.913504 0.878635 0.848299 0.821901 0.798964 0.779098 0.761987 0.747373 0.735047 0.724839 0.716613 0.710264 0.705711 0.702899 0.701793 0.702380 0.704667 0.708682 0.714474 0.722115 0.731704 0.743365 0.757258 0.773579 0.789649 0.774834 0.762368 0.752079 0.743833 0.737523 0.733070 0.730420 0.729540 0.730420 0.733070 0.737523 0.743833 0.752079 0.762368 0.774834 0.789649 0.807023 0.827217 0.850549 0.877411 0.908284 0.943765 0.984600 812.000000 1.107057 0.842420
0.910979 0.865508 0.826257 0.792237 0.762673 0.736947 0.714565 0.695129 0.678312 0.663851 0.651531 0.641176 0.632646 0.625827 0.620633 0.616999 0.614879 0.614249 0.615101 0.617444 0.621308 0.626740 0.633808 0.637685 0.620599 0.605826 0.593136 0.582340 0.573287 0.565854 0.559942 0.555477 0.552403 0.550682 0.550294 0.551233 0.553511 0.557156 0.562212 0.568744 0.576835 0.586593 0.598153 0.611681 0.627381 0.645505 0.666360 0.690326 0.717874 0.749594 0.786227 0.828724 0.878315 0.932618 0.895419 0.863074 0.834925 0.810446 0.789207 0.770864 0.755131 0.741779 0.730621 0.721506 0.714315 0.708957 0.705365 0.703496 0.703327 0.704855 0.708100 0.713100 0.719919 0.728641 0.739380 0.752280 0.746464 0.721364 0.699527 0.680565 0.664162 0.650059 0.638049 0.627959 0.619654 0.613022 0.607980 0.604465 0.602433 0.601860 0.602739 0.605080 0.608912 0.614282 0.621257 0.629928 0.640409 0.652844 0.659517 0.645301 0.633178 0.622975 0.614553 0.607800 0.602630 0.598979 0.596800 0.596067 0.596773 0.598924 0.602549 0.607690 0.614412 0.622802 0.632971 0.645056 0.659232 0.675708 0.694746 0.716665 0.741857 0.770809 0.804128 0.842580 0.887139 0.939062 1.000000 0.963943 1462.500000 1.361205 0.794259
0.878999 0.852150 0.828830 0.808649 0.791288 0.776489 0.764039 0.753770 0.745545 0.739260 0.734835 0.732216 0.731372 0.732292 0.734986 0.739489 0.745856 0.754165 0.764524 0.777070 0.791974 0.809450 0.829758 0.853219 0.880229 0.911271 0.946947 0.967990 0.929961 0.896887 0.868104 0.843078 0.821379 0.802654 0.786616 0.773032 0.761714 0.752508 0.745297 0.739988 0.736517 0.734839 0.734936 0.736808 0.740478 0.745991 0.753416 0.762845 0.774404 0.788245 0.804565 0.799707 0.778715 0.760583 0.745030 0.731828 0.720792 0.711773 0.704653 0.699343 0.695776 0.693908 0.693717 0.695200 0.698376 0.703283 0.709982 0.718557 0.729120 0.741813 0.756810 0.774330 0.794640 0.818069 0.845018 0.875986 0.911589 0.952601 1.000000 0.990808 0.953152 0.920390 0.891882 0.867113 0.845665 0.827198 0.811432 0.798143 0.787149 0.778302 0.771490 0.766627 0.763653 0.762533 0.763251 0.765817 0.770263 0.776643 0.785036 0.795550 0.808323 0.805413 0.784486 0.766419 0.750934 0.737804 0.726846 0.717913 0.710889 0.705685 0.702236 0.700500 0.700455 0.702102 0.705460 0.710571 0.717497 0.726327 0.737174 0.750185 0.765542 0.783467 0.804235 0.828184 0.855727 0.887378 0.923770 0.909858 1674.000000 1.122927 0.842050
0.840369 0.833373 0.828471 0.825604 0.824736 0.825858 0.828983 0.834149 0.841419 0.850885 0.862669 0.876925 0.893850 0.913686 0.936730 0.914556 0.889291 0.867418 0.848590 0.832525 0.818994 0.807810 0.798826 0.791927 0.787025 0.784061 0.782999 0.783825 0.786550 0.791206 0.797852 0.806569 0.817471 0.830700 0.846436 0.864904 0.886380 0.869507 0.843657 0.821222 0.801830 0.785182 0.771030 0.759175 0.749458 0.741751 0.735956 0.732000 0.729836 0.729436 0.730797 0.733934 0.738885 0.745713 0.754502 0.759187 0.762872 0.768454 0.776000 0.785608 0.797402 0.811540 0.828220 0.847685 0.870234 0.896233 0.926134 0.960492 1.000000 0.980289 0.961027 0.944740 0.931201 0.920231 0.911687 0.905461 0.901477 0.899686 0.900066 0.902621 0.907384 0.914411 0.923791 0.920629 0.880000 0.844754 0.814109 0.787440 0.764246 0.744120 0.726733 0.711815 0.700661 0.694718 0.690524 0.688027 0.687198 0.688027 0.690524 0.694718 0.700661 0.708429 0.718120 0.729863 0.743818 0.760184 0.779206 0.801184 0.826487 0.855568 0.856558 0.848754 0.843104 0.839539 0.838013 0.838510 0.841034 0.845617 0.852314 0.861210 0.872418 0.886083 0.902393 0.910978 0.891529 0.874958 0.861028 0.849549 6510.000000 1.114394 0.889933
0.858495 0.889427 0.924982 0.965923 0.953674 0.910905 0.873822 0.841589 0.813539 0.789139 0.767955 0.749638 0.733902 0.720512 0.709280 0.700054 0.692712 0.687161 0.683331 0.672625 0.658874 0.647201 0.637444 0.629470 0.623176 0.618482 0.615330 0.613680 0.613513 0.614827 0.617638 0.621980 0.614495 0.606021 0.599202 0.593949 0.590197 0.587899 0.587028 0.587573 0.589541 0.592955 0.597857 0.604309 0.612394 0.622217 0.633912 0.647645 0.663621 0.676697 0.674835 0.674604 0.676001 0.679042 0.683766 0.690231 0.698518 0.708735 0.721017 0.735536 0.752502 0.772173 0.794867 0.820973 0.850971 0.885458 0.925182 0.971088 1.000000 0.959819 0.924885 0.894484 0.868042 0.845096 0.825269 0.808253 0.793799 0.781702 0.750755 0.718347 0.690214 0.665746 0.644452 0.625940 0.609889 0.596042 0.584185 0.574147 0.565788 0.558996 0.553684 0.549783 0.547246 0.546042 0.546156 0.546328 0.545670 0.546328 0.548310 0.551641 0.556360 0.562528 0.570224 0.579548 0.590629 0.603624 0.618729 0.636180 0.656272 0.679363 0.705902 0.728448 0.720869 0.715151 0.711223 0.709036 0.708565 0.709803 0.712766 0.717489 0.724031 0.732474 0.742928 0.755530 0.770456 0.787920 0.808186 0.831578 10161.500000 1.372350 0.831710
0.724231 0.667472 0.620349 0.580748 0.547138 0.518386 0.493635 0.472226 0.453644 0.437483 0.423419 0.411191 0.400587 0.391435 0.383596 0.376955 0.371420 0.366915 0.363384 0.360781 0.359074 0.358242 0.358275 0.359173 0.360948 0.363620 0.367224 0.371804 0.377421 0.384150 0.392085 0.401341 0.412063 0.424423 0.438637 0.454970 0.473752 0.495396 0.520427 0.549515 0.583537 0.623652 0.671426 0.729028 0.799548 0.887540 1.000000 0.937355 0.866646 0.807665 0.757910 0.715554 0.679231 0.647903 0.620767 0.597193 0.576683 0.558837 0.543331 0.529905 0.518345 0.508477 0.500161 0.493281 0.487748 0.483488 0.480450 0.478596 0.477903 0.478363 0.479980 0.482776 0.486785 0.492055 0.498656 0.506673 0.516216 0.527421 0.540453 0.555519 0.572867 0.592809 0.615726 0.642095 0.672516 0.707753 0.686971 0.653878 0.625264 0.600435 0.578844 0.560054 0.543714 0.529540 0.517301 0.506809 0.497909 0.490478 0.484415 0.479641 0.476096 0.473737 0.472533 0.472471 0.473549 0.475781 0.479195 0.483831 0.489750 0.497027 0.505761 0.516073 0.528112 0.542064 0.558154 0.576660 0.597926 0.622377 0.650546 0.683111 0.720935 0.765145 0.817229 0.879195 0.953814 0.990352 0.880083 0.793630 1256.000000 1.535352 0.563656
0.725269 0.703943 0.685439 0.669454 0.655742 0.644100 0.634367 0.626410 0.620125 0.615433 0.612276 0.610614 0.610428 0.611715 0.614491 0.618790 0.624665 0.632191 0.641464 0.652609 0.665780 0.681168 0.699008 0.719589 0.743263 0.770466 0.801742 0.837768 0.879402 0.927742 0.984215 0.975273 0.933223 0.896720 0.864970 0.837340 0.813319 0.792494 0.774529 0.759147 0.746128 0.735289 0.726485 0.719603 0.714555 0.711280 0.709736 0.709905 0.711790 0.715412 0.720818 0.728072 0.737269 0.748527 0.761999 0.777872 0.789419 0.771083 0.755357 0.742012 0.730861 0.721752 0.714569 0.709218 0.705634 0.703774 0.703613 0.705151 0.708407 0.713419 0.720250 0.728986 0.739741 0.752658 0.767917 0.785740 0.806399 0.830227 0.857636 0.845098 0.827116 0.811799 0.798928 0.788329 0.779861 0.773416 0.768915 0.766301 0.765542 0.766631 0.769579 0.774422 0.781221 0.771211 0.751915 0.735289 0.721082 0.709089 0.699146 0.691119 0.684906 0.680428 0.677630 0.676479 0.676959 0.679077 0.682858 0.688350 0.695620 0.704761 0.715893 0.729167 0.744771 0.762936 0.783944 0.808145 0.835965 0.867934 0.904712 0.947127 0.996233 1.000000 0.941193 0.890946 0.847730 0.810375 0.777969 0.749791 6274.500000 1.069167 0.802549
0.667717 0.648791 0.632390 0.618251 0.606158 0.595938 0.587448 0.580575 0.575232 0.571349 0.568880 0.567795 0.568079 0.569737 0.572788 0.577271 0.583240 0.590773 0.595573 0.598003 0.601909 0.607339 0.614361 0.623066 0.633570 0.646017 0.660586 0.677497 0.697020 0.719486 0.745304 0.774981 0.809149 0.848607 0.894376 0.947777 1.000000 0.946747 0.900939 0.861339 0.826982 0.797107 0.771109 0.748499 0.728883 0.711940 0.697409 0.685077 0.674770 0.666351 0.659709 0.654760 0.651442 0.649715 0.649557 0.650968 0.653964 0.658581 0.664877 0.672932 0.682849 0.694762 0.708836 0.725275 0.744330 0.766310 0.791592 0.820644 0.799641 0.766122 0.737004 0.711670 0.689626 0.670473 0.653889 0.639608 0.627417 0.617141 0.608639 0.601798 0.596530 0.592769 0.590469 0.589602 0.590157 0.592141 0.595578 0.600510 0.606999 0.615127 0.625003 0.636760 0.641684 0.644928 0.649779 0.656296 0.664563 0.674686 0.686803 0.701083 0.717735 0.737017 0.759242 0.784799 0.814166 0.847938 0.886863 0.931886 0.984223 0.965081 0.920194 0.881326 0.847567 0.818197 0.792641 0.770432 0.751194 0.734621 0.720461 0.708511 0.698606 0.690616 0.684436 0.679990 0.677222 0.676099 0.676606 0.678751 3132.500000 1.248767 0.783282
0.825177 0.810084 0.797419 0.787012 0.778724 0.772451 0.768114 0.765659 0.765057 0.766301 0.769405 0.774408 0.781371 0.790382 0.801557 0.815044 0.831028 0.849741 0.871463 0.896541 0.925401 0.943055 0.920934 0.901951 0.885825 0.872331 0.861285 0.852544 0.845996 0.841559 0.839181 0.838830 0.840504 0.844223 0.850031 0.858001 0.868234 0.880861 0.896051 0.907402 0.881791 0.859600 0.840474 0.824122 0.810309 0.798845 0.789576 0.782382 0.777175 0.773888 0.772481 0.772939 0.775266 0.779490 0.785664 0.793865 0.792353 0.792459 0.794480 0.798440 0.804386 0.812394 0.822564 0.835030 0.849958 0.867557 0.888086 0.911860 0.939266 0.970782 1.000000 0.962704 0.930251 0.902016 0.877497 0.856284 0.838043 0.822503 0.809444 0.798687 0.790091 0.783545 0.778968 0.776303 0.775519 0.776605 0.779575 0.784465 0.791335 0.800271 0.811388 0.824834 0.840793 0.829955 0.819740 0.811706 0.805749 0.801797 0.799801 0.799737 0.801604 0.805424 0.811245 0.819138 0.829203 0.841572 0.856410 0.873923 0.894367 0.918055 0.945372 0.976789 0.963434 0.935192 0.910691 0.889528 0.871379 0.855976 0.843104 0.832590 0.824295 0.818116 0.813976 0.811823 0.811631 0.813399 0.817147 0.822921 7291.000000 1.070337 0.896653
0.904042 0.894525 0.887322 0.882342 0.879525 0.878836 0.880267 0.883836 0.889585 0.897587 0.907941 0.920780 0.936276 0.954641 0.976140 1.000000 0.963358 0.931470 0.903734 0.879659 0.858850 0.840981 0.825789 0.813061 0.802623 0.794339 0.788104 0.783839 0.781493 0.781037 0.782465 0.785795 0.791067 0.797843 0.783026 0.770573 0.760312 0.752109 0.745859 0.741483 0.738929 0.738164 0.739179 0.741988 0.746623 0.753142 0.761627 0.772187 0.784962 0.800126 0.817897 0.838541 0.862386 0.889833 0.921377 0.935060 0.918658 0.904964 0.893794 0.885003 0.878479 0.874140 0.871934 0.871835 0.873840 0.877975 0.884290 0.892862 0.903801 0.917249 0.933385 0.917799 0.891895 0.869450 0.850104 0.833565 0.819594 0.807998 0.798623 0.791347 0.786080 0.782755 0.781333 0.781796 0.784149 0.788422 0.794667 0.802961 0.813410 0.826152 0.841358 0.859243 0.880072 0.904167 0.931928 0.963842 0.978869 0.941115 0.908273 0.879693 0.854854 0.833331 0.814780 0.798920 0.785521 0.774400 0.765407 0.758427 0.753371 0.750178 0.746674 0.741138 0.737448 0.735558 0.735445 0.737107 0.740564 0.745860 0.753059 0.762253 0.773561 0.787134 0.803161 0.821876 0.843564 0.868577 0.897347 0.915995 3481.000000 1.081047 0.887853
0.779250 0.802081 0.828345 0.858527 0.843916 0.815320 0.790442 0.768833 0.750134 0.734049 0.720339 0.708807 0.699297 0.691683 0.685868 0.681778 0.679364 0.678596 0.679464 0.681980 0.686174 0.692097 0.679485 0.658616 0.640486 0.624793 0.611289 0.599769 0.590072 0.582062 0.575636 0.570710 0.567222 0.565130 0.564408 0.565047 0.567055 0.572734 0.580569 0.590063 0.601345 0.614576 0.629954 0.647723 0.668179 0.691689 0.718710 0.749807 0.785695 0.827284 0.875751 0.932635 1.000000 0.999963 0.972532 0.948791 0.928364 0.910947 0.896291 0.884195 0.874500 0.867081 0.850876 0.793381 0.744845 0.703502 0.668032 0.637430 0.610915 0.587878 0.567833 0.550392 0.535242 0.522128 0.510842 0.501216 0.493112 0.486419 0.481048 0.476931 0.480065 0.486939 0.495224 0.505032 0.516507 0.529821 0.545188 0.562870 0.583189 0.606545 0.633440 0.664507 0.700552 0.742624 0.792102 0.850840 0.869857 0.852296 0.837409 0.824986 0.814860 0.806900 0.801006 0.797103 0.795144 0.795106 0.796987 0.786629 0.765849 0.747894 0.732485 0.719397 0.708445 0.699481 0.692389 0.687077 0.683481 0.681555 0.681277 0.682642 0.685669 0.690393 0.696873 0.705191 0.715454 0.727799 0.742398 0.759462 736.500000 1.197380 0.772436
0.576476 0.588741 0.603022 0.619544 0.638578 0.660461 0.685607 0.714532 0.747887 0.786496 0.831421 0.841415 0.817800 0.797343 0.779718 0.764657 0.751944 0.741403 0.732895 0.726311 0.721566 0.718603 0.717385 0.717898 0.720148 0.724162 0.729989 0.737703 0.747401 0.759211 0.773293 0.789846 0.809115 0.831401 0.857073 0.850656 0.839591 0.830786 0.824128 0.819535 0.816951 0.816343 0.817704 0.821051 0.826425 0.833891 0.843545 0.843280 0.812301 0.785342 0.761892 0.741537 0.723939 0.708825 0.695972 0.685198 0.676357 0.669333 0.664037 0.660402 0.658385 0.657960 0.659122 0.661886 0.666285 0.672374 0.680228 0.689951 0.701670 0.715547 0.731783 0.750624 0.752552 0.742884 0.735211 0.729433 0.725480 0.723302 0.722874 0.724190 0.727266 0.732140 0.738871 0.747545 0.758273 0.750612 0.742534 0.736383 0.732082 0.729578 0.728842 0.729863 0.732655 0.737252 0.743709 0.752108 0.762557 0.775195 0.781588 0.784050 0.788433 0.794790 0.803202 0.813775 0.826648 0.841995 0.860035 0.881033 0.905318 0.933293 0.965450 1.000000 0.919532 0.852952 0.797153 0.749902 0.709553 0.674867 0.644896 0.618901 0.596301 0.576634 0.559528 0.544681 0.544451 0.550142 0.557309 0.566048 1327.500000 1.171357 0.819960
0.693709 0.729926 0.772096 0.821538 0.880010 0.949907 1.000000 0.948698 0.904475 0.866186 0.832931 0.804001 0.778827 0.756949 0.737996 0.721665 0.707709 0.695928 0.686158 0.678270 0.672163 0.667759 0.665003 0.663863 0.664325 0.666394 0.670095 0.675474 0.682597 0.691557 0.702469 0.715482 0.694278 0.667607 0.644405 0.624215 0.606669 0.591468 0.578370 0.567175 0.557725 0.549886 0.543557 0.538654 0.535117 0.532901 0.531980 0.532342 0.533992 0.536950 0.541252 0.546952 0.554122 0.562857 0.573275 0.585523 0.599782 0.616275 0.635274 0.657115 0.682213 0.711086 0.744383 0.782931 0.827793 0.880357 0.881932 0.849421 0.821131 0.796521 0.775156 0.756683 0.740813 0.727311 0.715987 0.706686 0.699286 0.693694 0.689840 0.687675 0.687174 0.688331 0.691160 0.695695 0.701993 0.710131 0.720216 0.732382 0.746795 0.763664 0.783243 0.805845 0.831854 0.836542 0.784828 0.740817 0.703083 0.670544 0.642363 0.617883 0.596585 0.578053 0.561950 0.548005 0.535995 0.525739 0.517091 0.509932 0.504166 0.499719 0.496536 0.494577 0.493818 0.494251 0.495880 0.498725 0.502821 0.508220 0.514990 0.523220 0.533023 0.544537 0.557933 0.573421 0.591259 0.611763 0.635325 0.662436 6373.500000 1.424484 0.742326
0.966708 0.984853 0.940000 0.901131 0.867356 0.837966 0.812396 0.790188 0.770969 0.754438 0.740346 0.728494 0.715522 0.693716 0.674778 0.658390 0.644295 0.632281 0.622179 0.613851 0.607185 0.602098 0.598526 0.596424 0.595766 0.596546 0.596800 0.596067 0.596773 0.598924 0.602549 0.607690 0.614412 0.622802 0.632971 0.645056 0.659231 0.675708 0.694746 0.716665 0.741857 0.770809 0.804129 0.842580 0.887139 0.939062 1.000000 0.986854 0.959840 0.936461 0.916349 0.899204 0.884781 0.872882 0.863352 0.856068 0.850939 0.847901 0.846918 0.847977 0.851092 0.856301 0.863667 0.873283 0.885273 0.878000 0.849322 0.824381 0.802741 0.784050 0.768017 0.754407 0.743031 0.733734 0.726394 0.720920 0.717243 0.715317 0.715120 0.716650 0.719923 0.724982 0.731887 0.740727 0.751616 0.764700 0.775309 0.749758 0.727533 0.708246 0.691578 0.677270 0.665112 0.654933 0.646595 0.639989 0.635031 0.631660 0.629833 0.629529 0.630744 0.633866 0.642537 0.653044 0.665530 0.680173 0.697193 0.716858 0.739497 0.765518 0.795422 0.829838 0.869557 0.915585 0.929417 0.917156 0.907371 0.899939 0.894765 0.891787 0.890967 0.892297 0.895792 0.901495 0.909476 0.919835 0.932706 0.948259 1556.000000 1.232234 0.839651
0.815601 0.824944 0.803875 0.785700 0.770143 0.756979 0.746024 0.737132 0.730188 0.725104 0.721817 0.720287 0.720496 0.722446 0.726161 0.731686 0.739089 0.748466 0.759938 0.773660 0.789824 0.808668 0.830483 0.855626 0.884535 0.917756 0.955961 1.000000 0.981419 0.943467 0.910453 0.881723 0.856752 0.835112 0.816458 0.800505 0.787023 0.775826 0.766764 0.759720 0.754606 0.751359 0.749938 0.750327 0.752530 0.756574 0.762509 0.770408 0.780372 0.792531 0.807051 0.824135 0.812440 0.786513 0.763974 0.744434 0.727577 0.713147 0.700934 0.690768 0.682514 0.676064 0.671337 0.668275 0.666839 0.667013 0.668799 0.672218 0.677312 0.684145 0.692804 0.703400 0.716077 0.731014 0.748428 0.768589 0.791826 0.818546 0.849249 0.884560 0.925259 0.972341 0.985633 0.950292 0.919535 0.892791 0.869594 0.849566 0.832401 0.817847 0.805700 0.795799 0.788013 0.782244 0.778420 0.776496 0.776446 0.778272 0.781994 0.787659 0.795337 0.805124 0.817149 0.831572 0.848594 0.868463 0.845853 0.821002 0.799440 0.780815 0.764839 0.751277 0.739939 0.730672 0.723355 0.717896 0.714227 0.712302 0.712098 0.713613 0.716866 0.721895 0.728763 0.737557 0.748391 0.761409 0.776793 0.794766 3391.500000 1.180008 0.845183
0.778019 0.790913 0.806216 0.824148 0.844977 0.869035 0.857973 0.846441 0.837206 0.830147 0.825179 0.822238 0.821290 0.822322 0.825349 0.830405 0.837554 0.846885 0.858518 0.872606 0.857766 0.820505 0.788167 0.760042 0.735567 0.714285 0.695830 0.679901 0.666255 0.654691 0.645050 0.637201 0.631042 0.626497 0.623508 0.622038 0.622071 0.623606 0.626662 0.631277 0.637507 0.645432 0.655463 0.669396 0.685622 0.704394 0.726021 0.750884 0.779455 0.812320 0.850218 0.894084 0.945123 0.946347 0.925880 0.908422 0.893724 0.881583 0.871840 0.864370 0.859079 0.855901 0.854799 0.855758 0.858791 0.863934 0.871251 0.880832 0.892802 0.907317 0.924576 0.944825 0.928571 0.875512 0.830081 0.790944 0.757073 0.727664 0.702083 0.679822 0.660471 0.643700 0.629237 0.616863 0.606400 0.597701 0.594474 0.593164 0.593285 0.594840 0.597847 0.602344 0.608385 0.616048 0.625432 0.636664 0.649901 0.665337 0.683210 0.703812 0.727503 0.754725 0.786032 0.822114 0.863849 0.912364 0.969126 1.000000 0.958852 0.923092 0.891976 0.864904 0.841395 0.821055 0.803566 0.788667 0.776145 0.765832 0.757590 0.751314 0.746926 0.744372 0.743620 0.744663 0.747511 0.752200 0.758789 0.767358 2419.500000 1.107555 0.801708
0.984076 0.961642 0.942427 0.926153 0.912593 0.901564 0.892924 0.886564 0.882405 0.880395 0.880511 0.882754 0.887151 0.893756 0.890171 0.870856 0.854377 0.840496 0.829025 0.819811 0.812737 0.807712 0.804676 0.803591 0.804444 0.807246 0.812031 0.818857 0.827810 0.839005 0.848520 0.830734 0.815602 0.802912 0.792490 0.784200 0.777937 0.773622 0.771202 0.770648 0.771953 0.775134 0.780227 0.787298 0.796434 0.807753 0.821407 0.837582 0.856511 0.878482 0.903844 0.933029 0.966567 1.000000 0.983967 0.970742 0.960150 0.952055 0.946356 0.942984 0.941896 0.943081 0.946551 0.934449 0.916314 0.900999 0.888292 0.878025 0.870064 0.864309 0.860691 0.859163 0.859709 0.862333 0.867070 0.873975 0.883136 0.894670 0.908726 0.925497 0.945218 0.951490 0.917128 0.887224 0.861219 0.838657 0.819170 0.802458 0.788275 0.776422 0.766741 0.759104 0.753415 0.749603 0.747621 0.747446 0.749075 0.752528 0.757847 0.760826 0.765505 0.772113 0.780733 0.791477 0.804485 0.819936 0.838051 0.859101 0.883419 0.911413 0.943587 0.932466 0.918195 0.906505 0.897244 0.890293 0.885565 0.883004 0.882578 0.884281 0.888135 0.894186 0.902509 0.913209 0.926425 0.942332 0.961151 0.983154 14764.000000 1.169292 0.912329
1.000000 0.945468 0.898630 0.858183 0.823117 0.792640 0.766118 0.743046 0.723014 0.705689 0.690800 0.678126 0.667488 0.658741 0.651770 0.646487 0.642824 0.640738 0.640202 0.641211 0.643777 0.647930 0.653722 0.644196 0.630327 0.618502 0.608551 0.600338 0.593755 0.588719 0.585164 0.583049 0.582347 0.583049 0.585164 0.588719 0.593755 0.600338 0.608551 0.618502 0.630327 0.644196 0.660316 0.678940 0.700382 0.725026 0.753349 0.785945 0.823563 0.867156 0.917958 0.970203 0.925070 0.885989 0.852046 0.822516 0.796820 0.774490 0.755147 0.738482 0.724245 0.712229 0.702269 0.694234 0.688019 0.683547 0.680761 0.679629 0.680137 0.682290 0.686115 0.691659 0.698991 0.708204 0.719420 0.732790 0.748505 0.766795 0.787948 0.812314 0.798341 0.771845 0.748798 0.728792 0.711497 0.696643 0.684011 0.673422 0.664733 0.657830 0.652624 0.649052 0.647069 0.646652 0.647794 0.650511 0.654834 0.660818 0.668538 0.678093 0.689611 0.687452 0.674140 0.662900 0.653577 0.646048 0.640215 0.636005 0.633366 0.632266 0.632691 0.634646 0.638156 0.643263 0.650031 0.658547 0.668921 0.681295 0.695843 0.712781 0.732373 0.754941 0.780887 0.810701 0.844999 0.884553 0.930342 0.983630 1773.000000 1.214365 0.794787
0.826684 0.862343 0.903491 0.951169 1.000000 0.955297 0.916533 0.882836 0.853512 0.828004 0.805862 0.786719 0.770277 0.756293 0.744569 0.734947 0.727300 0.721531 0.717568 0.715362 0.714886 0.716136 0.719125 0.723890 0.730490 0.739009 0.749556 0.762271 0.777330 0.794949 0.815396 0.838997 0.866154 0.845814 0.814425 0.787112 0.763350 0.742717 0.724871 0.709532 0.696472 0.685505 0.676482 0.669286 0.663823 0.660026 0.657848 0.657263 0.658263 0.660860 0.665087 0.670995 0.678659 0.688176 0.699674 0.713311 0.729281 0.747825 0.769239 0.793884 0.822207 0.854761 0.892238 0.935508 0.985685 0.971043 0.926385 0.887698 0.854088 0.824844 0.799399 0.777294 0.758155 0.741680 0.727622 0.715779 0.705988 0.698121 0.692077 0.687779 0.685174 0.684231 0.684939 0.687305 0.691359 0.697151 0.704753 0.714262 0.725804 0.739536 0.755652 0.774395 0.796057 0.821000 0.849671 0.882619 0.920533 0.954310 0.906195 0.864681 0.828714 0.797464 0.770273 0.746614 0.726063 0.708273 0.692964 0.679906 0.668912 0.659833 0.652548 0.646963 0.643009 0.640638 0.639819 0.640544 0.642820 0.646677 0.652160 0.659339 0.668306 0.679179 0.692107 0.707273 0.724904 0.745278 0.768736 0.795698 667.000000 1.117594 0.777191
0.819293 0.821777 0.826272 0.832833 0.841544 0.852514 0.865888 0.881846 0.900613 0.922468 0.947749 0.963379 0.917556 0.877913 0.843502 0.813573 0.787526 0.764882 0.745248 0.728308 0.713802 0.701520 0.691290 0.682977 0.676471 0.671691 0.668577 0.667092 0.667217 0.668954 0.672324 0.670842 0.663451 0.657788 0.653783 0.651385 0.650567 0.651318 0.653648 0.657584 0.663175 0.670491 0.679625 0.690699 0.703864 0.719307 0.737258 0.758002 0.781884 0.809334 0.840880 0.877185 0.891134 0.863853 0.840156 0.819646 0.802000 0.786953 0.774292 0.763843 0.755467 0.749059 0.744536 0.741845 0.740951 0.741845 0.744536 0.749059 0.755467 0.763843 0.774292 0.786953 0.802000 0.819646 0.840156 0.863853 0.891134 0.922490 0.958527 1.000000 0.954305 0.903662 0.860092 0.822420 0.789732 0.761307 0.736570 0.715059 0.696398 0.680284 0.666468 0.654748 0.644959 0.636972 0.630680 0.626005 0.622888 0.621291 0.621195 0.622599 0.625520 0.632263 0.643386 0.656517 0.671848 0.689613 0.710099 0.733662 0.760738 0.775937 0.764229 0.754659 0.747104 0.741467 0.737678 0.735691 0.735482 0.737048 0.740408 0.745604 0.752699 0.761783 0.772974 0.786422 0.802313 0.820878 0.820265 0.818792 3589.500000 1.108229 0.832417
0.580125 0.606481 0.613595 0.589404 0.568366 0.550057 0.534138 0.520333 0.508417 0.498208 0.489557 0.482344 0.476471 0.471863 0.468460 0.466222 0.465120 0.465141 0.466286 0.468567 0.472014 0.476669 0.482591 0.489857 0.498564 0.508834 0.520818 0.534699 0.550703 0.569108 0.590257 0.614576 0.642600 0.675005 0.712660 0.756695 0.808607 0.870418 0.944925 0.987012 0.861075 0.765274 0.690152 0.629842 0.580512 0.539553 0.505129 0.475913 0.450918 0.429400 0.410788 0.394632 0.380582 0.368355 0.357724 0.348505 0.340549 0.333735 0.327962 0.323151 0.319237 0.316169 0.313909 0.312428 0.311709 0.311742 0.312528 0.314076 0.316406 0.319547 0.323537 0.328430 0.334291 0.341202 0.349263 0.358600 0.369363 0.381741 0.395965 0.412321 0.431170 0.452968 0.478301 0.507932 0.542871 0.584484 0.634662 0.696099 0.772766 0.870770 1.000000 0.979403 0.893221 0.822801 0.764380 0.715315 0.673693 0.638101 0.607472 0.580984 0.557997 0.538007 0.520610 0.505483 0.492363 0.481036 0.471328 0.463098 0.456231 0.450635 0.446236 0.442978 0.440823 0.439742 0.439724 0.440767 0.442885 0.446103 0.450461 0.456015 0.462836 0.471017 0.480670 0.491938 0.504992 0.520045 0.537357 0.557250 4262.000000 1.827693 0.526717
0.651142 0.703503 0.767031 0.758123 0.721302 0.689476 0.661867 0.637861 0.616970 0.598801 0.583035 0.569416 0.557731 0.547809 0.539511 0.532724 0.527361 0.523354 0.520651 0.519221 0.519045 0.520123 0.522466 0.526103 0.531080 0.537459 0.545323 0.554776 0.565951 0.579009 0.594148 0.611614 0.631705 0.654792 0.681335 0.711908 0.747238 0.753191 0.692989 0.643132 0.601320 0.565892 0.535625 0.509597 0.487101 0.467585 0.450617 0.435850 0.423007 0.411863 0.402236 0.393976 0.386961 0.381094 0.376295 0.372502 0.369666 0.367753 0.366738 0.366609 0.367365 0.369015 0.371579 0.375089 0.379590 0.385138 0.391809 0.399695 0.408911 0.419596 0.431923 0.446103 0.462398 0.481131 0.502709 0.527644 0.556592 0.590406 0.630211 0.677521 0.734424 0.803875 0.890202 1.000000 0.950242 0.850175 0.770855 0.706630 0.653738 0.609579 0.572300 0.540544 0.513299 0.489792 0.469425 0.451730 0.436332 0.422936 0.411298 0.401225 0.392556 0.385162 0.378938 0.373798 0.369674 0.366513 0.364276 0.362936 0.362475 0.362888 0.364181 0.366369 0.369479 0.373549 0.378633 0.384796 0.392124 0.400721 0.410714 0.422262 0.435558 0.450840 0.468402 0.488614 0.511936 0.538961 0.570449 0.607398 17731.000000 1.539880 0.565741
0.679346 0.728281 0.786855 0.773558 0.734035 0.699958 0.670449 0.644817 0.622518 0.603114 0.586252 0.571648 0.559067 0.548321 0.539255 0.531744 0.525688 0.521010 0.517650 0.515568 0.514737 0.515148 0.516805 0.519730 0.523957 0.529539 0.536549 0.545077 0.555240 0.567181 0.581078 0.597148 0.615657 0.636934 0.661385 0.689515 0.721961 0.759531 0.803268 0.840656 0.769532 0.711083 0.662369 0.621303 0.586361 0.556410 0.530586 0.508222 0.488798 0.471898 0.457193 0.444415 0.433347 0.423814 0.415670 0.408800 0.403109 0.398521 0.394977 0.392432 0.390856 0.390228 0.390542 0.391801 0.394021 0.397228 0.401463 0.406780 0.413248 0.420956 0.430013 0.440552 0.452739 0.466776 0.482913 0.501455 0.522789 0.547396 0.575889 0.609060 0.647941 0.693911 0.748844 0.815355 0.897205 1.000000 0.950619 0.861945 0.790144 0.731011 0.681640 0.639960 0.604456 0.573994 0.547712 0.524940 0.505155 0.487939 0.472961 0.459949 0.448687 0.438994 0.430728 0.423769 0.418023 0.413412 0.409880 0.407380 0.405882 0.405368 0.405832 0.407279 0.409728 0.413207 0.417761 0.423448 0.430343 0.438540 0.448156 0.459335 0.472253 0.487125 0.504219 0.523864 0.546472 0.572561 0.602791 0.638014 873.500000 1.385261 0.581743
0.916305 1.000000 0.947784 0.880232 0.823520 0.775429 0.734316 0.698943 0.668356 0.641816 0.618737 0.598652 0.581186 0.566036 0.552953 0.541738 0.532224 0.524281 0.517800 0.512698 0.508909 0.506386 0.505100 0.505033 0.506186 0.508572 0.512220 0.517177 0.523503 0.531282 0.540618 0.551640 0.564509 0.579423 0.596622 0.616404 0.639135 0.665270 0.695381 0.730190 0.770621 0.817878 0.873552 0.933986 0.868808 0.813966 0.767376 0.727488 0.693130 0.663396 0.637581 0.615127 0.595586 0.578600 0.563876 0.551178 0.540313 0.531122 0.523478 0.517281 0.512448 0.508919 0.506651 0.505615 0.505800 0.507208 0.509855 0.513774 0.519013 0.525640 0.533741 0.543425 0.554828 0.568119 0.583501 0.601229 0.621612 0.645034 0.671972 0.703026 0.738956 0.780739 0.829647 0.887374 0.956211 0.987530 0.906108 0.838957 0.782828 0.735400 0.694968 0.660259 0.630297 0.604330 0.581764 0.562127 0.545043 0.530207 0.517370 0.506331 0.496926 0.489020 0.482506 0.477298 0.473329 0.470550 0.468927 0.468439 0.469081 0.470861 0.473800 0.477935 0.483317 0.490016 0.498120 0.507740 0.519014 0.532111 0.547239 0.564652 0.584665 0.607666 0.634141 0.664702 0.700130 0.741435 0.789940 0.847421 7112.000000 1.109147 0.602153
0.828472 0.787119 0.751423 0.720484 0.693598 0.670202 0.649847 0.632171 0.616877 0.603726 0.592522 0.583105 0.575347 0.569146 0.564422 0.561117 0.559190 0.557344 0.555476 0.554954 0.555769 0.557934 0.561473 0.566430 0.572869 0.580870 0.590542 0.602015 0.615456 0.631065 0.649091 0.642352 0.626569 0.612985 0.601395 0.591634 0.583569 0.577091 0.572120 0.568591 0.566462 0.565706 0.566315 0.568296 0.571673 0.576487 0.582799 0.590690 0.600263 0.611649 0.625011 0.640546 0.649235 0.656432 0.665412 0.676293 0.689224 0.704389 0.722015 0.742379 0.765825 0.792771 0.823740 0.859382 0.864047 0.831066 0.802372 0.777404 0.755708 0.736918 0.720733 0.706911 0.695252 0.685596 0.677816 0.671810 0.667504 0.664844 0.663798 0.664353 0.666516 0.648735 0.629640 0.613071 0.598758 0.586479 0.576053 0.567334 0.560204 0.554571 0.550363 0.547527 0.546029 0.545850 0.546989 0.549460 0.553291 0.558412 0.547255 0.537804 0.529930 0.523526 0.518509 0.514815 0.512400 0.511233 0.511301 0.512603 0.515156 0.520033 0.528837 0.539265 0.551467 0.565629 0.581977 0.600787 0.622404 0.647253 0.675863 0.708907 0.747241 0.791974 0.844569 0.906986 0.981920 1.000000 0.933140 0.876639 1735.000000 1.324268 0.770998
0.859479 0.897838 0.917618 0.898081 0.881438 0.867452 0.855933 0.846729 0.839722 0.834825 0.831977 0.831145 0.832317 0.835508 0.840757 0.848128 0.857714 0.869639 0.884059 0.901174 0.921227 0.944520 0.963840 0.920731 0.883349 0.850854 0.822577 0.797979 0.776626 0.758165 0.742308 0.728821 0.717512 0.708230 0.700851 0.695282 0.684962 0.666588 0.650701 0.637052 0.625440 0.615700 0.607701 0.601337 0.596527 0.593211 0.591348 0.590917 0.591910 0.594342 0.598240 0.603654 0.610652 0.619323 0.629783 0.642175 0.656680 0.673514 0.692948 0.715311 0.741010 0.770550 0.804562 0.843841 0.889406 0.942572 1.000000 0.970212 0.944356 0.922006 0.902815 0.886498 0.872826 0.861613 0.852713 0.846012 0.841427 0.838901 0.838405 0.839931 0.843499 0.849151 0.856958 0.867018 0.879461 0.894452 0.912199 0.901713 0.862254 0.828014 0.798239 0.772328 0.749795 0.730249 0.713371 0.698902 0.686629 0.676381 0.668019 0.661437 0.656549 0.653294 0.651635 0.651549 0.653036 0.656114 0.660821 0.667215 0.675377 0.673923 0.667049 0.661892 0.658389 0.656495 0.656189 0.657466 0.660342 0.664851 0.671051 0.679019 0.688857 0.700698 0.714704 0.731080 0.750072 0.771987 0.797200 0.826173 3165.500000 1.308364 0.839763
0.742370 0.751658 0.752917 0.733365 0.716485 0.702017 0.689751 0.679515 0.671172 0.664613 0.659754 0.656537 0.654921 0.654886 0.656433 0.659580 0.664366 0.670849 0.679113 0.689263 0.699184 0.677779 0.659186 0.643094 0.629249 0.617444 0.607510 0.599311 0.592563 0.582858 0.574828 0.568367 0.563392 0.559840 0.557668 0.556849 0.557373 0.559247 0.562493 0.567151 0.573279 0.580956 0.590283 0.586408 0.583377 0.581773 0.581574 0.582779 0.585402 0.589475 0.595049 0.602194 0.611003 0.621592 0.634110 0.648738 0.665697 0.685263 0.707770 0.733633 0.763367 0.797615 0.837193 0.883142 0.936815 1.000000 0.958532 0.901715 0.853198 0.811490 0.775451 0.744193 0.717018 0.693370 0.672800 0.654948 0.639520 0.626276 0.615022 0.605597 0.597876 0.591757 0.587162 0.566311 0.547062 0.530314 0.515766 0.503175 0.492343 0.483106 0.475333 0.468918 0.463777 0.459842 0.457066 0.458550 0.463355 0.469404 0.476778 0.485575 0.495919 0.507965 0.521899 0.537952 0.556406 0.577612 0.602007 0.630138 0.662702 0.700594 0.744986 0.797436 0.855449 0.830784 0.809395 0.790939 0.775131 0.761741 0.750584 0.741509 0.734400 0.729165 0.725740 0.724084 0.724176 0.726017 0.729630 0.735058 1467.000000 1.166703 0.783223
0.596054 0.638792 0.689924 0.751922 0.828355 0.859979 0.806516 0.761037 0.722060 0.688458 0.659363 0.634093 0.612109 0.592978 0.576354 0.561953 0.549546 0.538945 0.529998 0.522582 0.516597 0.511968 0.508635 0.506558 0.505711 0.506084 0.507682 0.510524 0.514644 0.520094 0.526945 0.535285 0.545227 0.556913 0.570516 0.586247 0.604368 0.625199 0.649137 0.676676 0.708437 0.711166 0.665332 0.626466 0.593240 0.564654 0.539936 0.518489 0.499838 0.483607 0.469493 0.457249 0.446677 0.437612 0.429924 0.423504 0.418265 0.414140 0.411076 0.409035 0.407993 0.407936 0.408864 0.410788 0.413731 0.417731 0.422837 0.429117 0.436653 0.445552 0.455942 0.467982 0.481868 0.497840 0.516192 0.537293 0.561604 0.589707 0.622348 0.660500 0.705445 0.758915 0.823302 0.902001 1.000000 0.939582 0.840126 0.761369 0.697648 0.645204 0.601441 0.564511 0.533064 0.506091 0.482823 0.462666 0.445154 0.429917 0.416660 0.405142 0.395171 0.386587 0.379263 0.373093 0.367993 0.363895 0.360747 0.358510 0.357155 0.356666 0.357038 0.358274 0.360390 0.363412 0.367378 0.372338 0.378358 0.385520 0.393925 0.403699 0.414996 0.428005 0.442956 0.460139 0.479911 0.502725 0.529154 0.559940 11719.000000 1.500728 0.568990
0.792660 0.819794 0.822667 0.801303 0.782859 0.767051 0.753649 0.742464 0.733348 0.726181 0.720873 0.717358 0.715592 0.715554 0.717244 0.720683 0.725912 0.732996 0.742025 0.753116 0.766418 0.753289 0.740632 0.730124 0.721624 0.715023 0.710236 0.707206 0.705895 0.706287 0.708386 0.712220 0.717834 0.725298 0.734707 0.746185 0.759888 0.776007 0.794781 0.816502 0.841528 0.870299 0.903361 0.941391 0.901961 0.854542 0.813722 0.778414 0.747770 0.721118 0.697924 0.677757 0.660269 0.645176 0.632247 0.621293 0.612162 0.604731 0.598904 0.594607 0.591787 0.590409 0.590456 0.591929 0.594847 0.596418 0.598582 0.602217 0.607370 0.614103 0.622504 0.632683 0.644780 0.658967 0.675456 0.694508 0.716442 0.741651 0.770623 0.803966 0.842446 0.887039 0.939006 1.000000 0.976443 0.931168 0.891959 0.857903 0.828273 0.802490 0.780086 0.760682 0.743969 0.729695 0.717654 0.707682 0.699645 0.693440 0.688990 0.686240 0.685155 0.685723 0.687950 0.691865 0.697514 0.704968 0.714323 0.725702 0.723213 0.709135 0.697242 0.687370 0.679388 0.673192 0.668705 0.665870 0.664654 0.665042 0.667037 0.670666 0.675971 0.683020 0.691902 0.702732 0.715659 0.730864 0.748572 0.769058 1455.500000 1.097660 0.813746
0.596588 0.554424 0.518994 0.488927 0.463208 0.441069 0.421920 0.405300 0.390846 0.378267 0.367330 0.357846 0.349660 0.342647 0.336705 0.331751 0.327719 0.324557 0.322223 0.320691 0.319939 0.319960 0.320754 0.322331 0.324709 0.327918 0.331999 0.337005 0.343004 0.350078 0.358332 0.367892 0.378914 0.391590 0.406155 0.422903 0.442204 0.464523 0.490459 0.520792 0.556552 0.599136 0.650473 0.713312 0.791701 0.891861 0.936309 0.862399 0.801092 0.749609 0.705942 0.668604 0.636474 0.608689 0.584578 0.563611 0.545364 0.529496 0.515734 0.503852 0.493667 0.485032 0.477824 0.471948 0.467327 0.463903 0.461632 0.460487 0.460455 0.461534 0.463738 0.467094 0.471643 0.477444 0.484571 0.493119 0.503209 0.514987 0.528633 0.544370 0.562469 0.583266 0.607179 0.634731 0.615230 0.586819 0.562212 0.540835 0.522237 0.506053 0.491993 0.479817 0.469332 0.460382 0.452837 0.446593 0.441569 0.437700 0.434936 0.433244 0.432604 0.433006 0.434458 0.436975 0.440589 0.445346 0.451305 0.458546 0.467166 0.477289 0.489064 0.502677 0.518354 0.536373 0.557082 0.580909 0.608396 0.640233 0.677308 0.720784 0.772212 0.833705 0.908217 1.000000 0.885643 0.786896 0.709498 0.647382 7893.000000 1.689942 0.544542
0.974724 1.000000 0.885352 0.796008 0.724629 0.666472 0.618335 0.577982 0.543803 0.514611 0.489513 0.467823 0.449010 0.432654 0.418420 0.406040 0.395296 0.386012 0.378044 0.371274 0.365609 0.360970 0.357297 0.354543 0.352675 0.351670 0.351514 0.352207 0.353756 0.356181 0.359511 0.363789 0.369070 0.375424 0.382940 0.391725 0.401914 0.413671 0.427196 0.442738 0.460605 0.481183 0.504959 0.532556 0.564784 0.602709 0.647766 0.701932 0.716803 0.686634 0.660429 0.637630 0.617791 0.600552 0.585622 0.572763 0.561781 0.552517 0.544846 0.538665 0.533894 0.530474 0.528362 0.527532 0.527975 0.529696 0.532716 0.537072 0.542818 0.550027 0.558796 0.569241 0.581513 0.595792 0.612302 0.631317 0.653175 0.678294 0.707194 0.740530 0.779134 0.726155 0.664610 0.614046 0.571913 0.536400 0.506187 0.480292 0.457966 0.438634 0.421843 0.407235 0.394524 0.383478 0.373909 0.365667 0.358625 0.352682 0.347758 0.343786 0.340715 0.338507 0.337135 0.336581 0.336839 0.337912 0.339813 0.342565 0.346204 0.350774 0.356337 0.362968 0.370760 0.379829 0.390317 0.402398 0.416285 0.432243 0.450603 0.471778 0.496297 0.524837 0.558287 0.597829 0.645072 0.702259 0.772615 0.860942 3757.500000 1.683883 0.549389
0.969145 0.967005 0.925800 0.890019 0.858894 0.831808 0.808266 0.787865 0.770280 0.755241 0.742533 0.731980 0.723442 0.716807 0.711992 0.708938 0.707608 0.707984 0.710073 0.713899 0.719510 0.726974 0.736388 0.747874 0.761588 0.777722 0.796516 0.818260 0.843313 0.872117 0.905215 0.928469 0.897563 0.870678 0.847339 0.827159 0.809823 0.795076 0.782707 0.772550 0.764472 0.758369 0.754165 0.751808 0.751270 0.752545 0.755648 0.760616 0.767511 0.776421 0.782228 0.770145 0.760233 0.752362 0.746433 0.742370 0.740125 0.739671 0.741000 0.744131 0.749100 0.755970 0.764826 0.775784 0.788988 0.804621 0.822910 0.844129 0.868620 0.896800 0.929183 0.966407 1.000000 0.954234 0.914580 0.880126 0.850148 0.824064 0.801407 0.781795 0.764919 0.750526 0.738410 0.728406 0.720383 0.714235 0.709888 0.707287 0.706400 0.707217 0.709748 0.714024 0.720096 0.728042 0.737963 0.749989 0.764286 0.781056 0.800551 0.823078 0.849014 0.878823 0.872695 0.847208 0.825099 0.806007 0.789637 0.775751 0.764154 0.754690 0.747236 0.741696 0.738003 0.736112 0.735998 0.737662 0.741122 0.746422 0.753626 0.762827 0.774143 0.787726 0.803766 0.822494 0.844199 0.869231 0.898022 0.931106 3098.500000 1.068133 0.835391
0.811016 0.785161 0.762685 0.743200 0.726392 0.712004 0.699829 0.689697 0.681473 0.675049 0.670345 0.667303 0.665885 0.666074 0.667873 0.671303 0.676407 0.683247 0.691911 0.702512 0.715192 0.730130 0.747545 0.767705 0.790941 0.798137 0.785296 0.774698 0.766204 0.759704 0.755118 0.752388 0.751482 0.752388 0.755118 0.759704 0.766204 0.774698 0.785296 0.798137 0.813398 0.831295 0.852096 0.876130 0.903799 0.935601 0.970630 0.937606 0.908873 0.883915 0.862312 0.843725 0.827874 0.814534 0.803522 0.794693 0.787934 0.783159 0.780310 0.779352 0.780275 0.783088 0.787826 0.776111 0.756135 0.738897 0.724133 0.711628 0.701209 0.692735 0.686096 0.681209 0.678013 0.676469 0.676558 0.678282 0.681660 0.686735 0.693570 0.702251 0.712891 0.725633 0.740656 0.758180 0.778473 0.801868 0.828770 0.859684 0.895233 0.936202 0.904527 0.874058 0.847550 0.824531 0.804616 0.787493 0.772906 0.760649 0.750555 0.742491 0.736353 0.732065 0.729574 0.728850 0.729884 0.732688 0.737297 0.743768 0.752030 0.752327 0.754443 0.758403 0.764255 0.772073 0.781956 0.794033 0.808467 0.825461 0.845264 0.868185 0.894598 0.924967 0.959863 1.000000 0.959703 0.914230 0.874884 0.840727 1033.500000 1.250615 0.845384
0.853620 0.871599 0.862975 0.831594 0.804285 0.780533 0.759921 0.742113 0.726830 0.713850 0.702989 0.694100 0.687068 0.681803 0.678239 0.676334 0.676063 0.677424 0.680433 0.685127 0.691563 0.699824 0.710015 0.722274 0.723077 0.711817 0.702569 0.695211 0.689650 0.685817 0.683664 0.683164 0.684313 0.687124 0.691631 0.697891 0.705980 0.716005 0.728098 0.742425 0.759194 0.778656 0.801124 0.826977 0.856688 0.890840 0.930161 0.975573 0.989652 0.953376 0.921808 0.894349 0.870515 0.849913 0.832222 0.817181 0.804578 0.794242 0.786037 0.779861 0.775634 0.773306 0.772848 0.774255 0.777544 0.782754 0.789951 0.799224 0.810694 0.824513 0.840873 0.860008 0.865280 0.825595 0.791212 0.761340 0.735349 0.712734 0.693088 0.676081 0.661444 0.648958 0.638444 0.629759 0.622786 0.617438 0.613646 0.611365 0.610565 0.611239 0.613393 0.617055 0.622268 0.629099 0.637635 0.647987 0.660299 0.674745 0.691540 0.710948 0.733296 0.758981 0.788500 0.822470 0.861667 0.907083 0.959993 1.000000 0.964877 0.934312 0.907743 0.884716 0.864861 0.847875 0.833512 0.821575 0.811902 0.804371 0.798884 0.795375 0.793801 0.794142 0.796403 0.800611 0.806818 0.815101 0.825565 0.838347 4932.500000 1.277952 0.827286
0.864078 0.849936 0.838237 0.828825 0.821580 0.816410 0.813251 0.812065 0.812839 0.815580 0.820323 0.827126 0.836073 0.847280 0.860893 0.877099 0.896127 0.918259 0.943844 0.973308 0.995390 0.954545 0.919046 0.888156 0.861282 0.837947 0.817760 0.800406 0.785627 0.773212 0.762993 0.754836 0.748636 0.744315 0.741820 0.741122 0.742212 0.745102 0.749828 0.750744 0.750643 0.752354 0.755899 0.761319 0.768684 0.778085 0.789644 0.803517 0.819897 0.839022 0.861185 0.886744 0.916142 0.949923 0.988763 1.000000 0.964401 0.933421 0.906485 0.883128 0.862972 0.845706 0.831081 0.818893 0.808977 0.801206 0.795481 0.791731 0.789910 0.789996 0.791139 0.780008 0.771016 0.764050 0.759020 0.755865 0.754547 0.755049 0.757377 0.761560 0.767649 0.775720 0.785876 0.798250 0.813010 0.830364 0.850569 0.873940 0.900863 0.931813 0.967380 0.962435 0.934356 0.909999 0.888966 0.870935 0.855641 0.842870 0.832451 0.824248 0.818157 0.814102 0.812033 0.811926 0.813780 0.817616 0.823481 0.831449 0.841620 0.854126 0.847507 0.830316 0.815736 0.803561 0.793628 0.785807 0.780000 0.776134 0.774162 0.774060 0.775827 0.779484 0.785076 0.792672 0.802368 0.814291 0.828600 0.845494 1519.500000 1.016041 0.875793
0.782814 0.877120 1.000000 0.949243 0.857087 0.782961 0.722238 0.671757 0.629289 0.593215 0.562335 0.535737 0.512721 0.492739 0.475358 0.460233 0.447085 0.435687 0.425856 0.417443 0.410325 0.404404 0.399600 0.395851 0.393111 0.391344 0.390530 0.390658 0.391730 0.393760 0.396771 0.400802 0.405904 0.412142 0.419603 0.428389 0.438630 0.450485 0.464148 0.479857 0.497909 0.518671 0.542603 0.570291 0.602486 0.640168 0.671454 0.643902 0.619957 0.599121 0.580994 0.565253 0.551636 0.539931 0.529961 0.521588 0.514695 0.509193 0.505011 0.502097 0.500414 0.499944 0.500679 0.502630 0.505818 0.510285 0.516086 0.523295 0.532008 0.542346 0.554455 0.568518 0.584758 0.603450 0.624931 0.649621 0.678043 0.710857 0.748904 0.793274 0.845396 0.838279 0.752371 0.683929 0.628288 0.582317 0.543835 0.511280 0.483501 0.459635 0.439022 0.421150 0.405615 0.392096 0.380336 0.370127 0.361299 0.353715 0.347261 0.341848 0.337402 0.333863 0.331188 0.329342 0.328304 0.328059 0.328606 0.329951 0.332111 0.335111 0.338991 0.343799 0.349600 0.356474 0.364519 0.373857 0.384637 0.397042 0.411297 0.427684 0.446550 0.468338 0.493612 0.523101 0.557766 0.598897 0.648264 0.708359 2747.500000 1.647952 0.551572
0.499887 0.479749 0.462242 0.447006 0.433755 0.422254 0.412315 0.403784 0.396534 0.390464 0.385492 0.381553 0.378596 0.376585 0.375494 0.375312 0.376036 0.382471 0.391803 0.402595 0.415027 0.429319 0.445741 0.464635 0.486424 0.511651 0.541012 0.575419 0.616084 0.664658 0.723438 0.795726 0.886437 1.000000 0.928981 0.869337 0.818742 0.775479 0.738247 0.706050 0.678109 0.653810 0.632664 0.614276 0.598328 0.584560 0.572760 0.562755 0.554407 0.548206 0.544288 0.541722 0.540476 0.540535 0.541900 0.544587 0.548629 0.554076 0.560997 0.569483 0.579648 0.591633 0.582390 0.567525 0.554703 0.543729 0.534442 0.526716 0.520445 0.515549 0.511967 0.509653 0.508580 0.508734 0.510118 0.512748 0.516656 0.521891 0.528520 0.536628 0.546327 0.557750 0.571066 0.571715 0.569808 0.569281 0.570127 0.572357 0.575997 0.581092 0.587707 0.595926 0.605859 0.617642 0.631444 0.647472 0.665981 0.674317 0.666956 0.661329 0.657367 0.655021 0.654262 0.655081 0.657488 0.661513 0.667204 0.674633 0.683896 0.695114 0.708442 0.724070 0.742231 0.763212 0.776431 0.741291 0.710832 0.684361 0.661327 0.641287 0.623885 0.608830 0.595887 0.584862 0.575599 0.567972 0.549973 0.523104 6009.000000 1.361696 0.722549
0.821475 0.875168 0.832767 0.777303 0.730414 0.690430 0.656094 0.626450 0.600753 0.578420 0.558986 0.542079 0.527398 0.514698 0.503781 0.494484 0.486675 0.480248 0.475118 0.471220 0.468504 0.466938 0.466503 0.467193 0.469017 0.471996 0.476168 0.481585 0.488316 0.496452 0.506103 0.517407 0.530536 0.545697 0.563146 0.583200 0.606249 0.632783 0.663416 0.698936 0.740359 0.789022 0.846715 0.915891 1.000000 0.982368 0.895724 0.824951 0.766254 0.716968 0.675167 0.639427 0.608673 0.582080 0.559004 0.538936 0.521472 0.506286 0.493113 0.481740 0.471991 0.463723 0.456822 0.451194 0.446767 0.443483 0.441303 0.440200 0.440159 0.441182 0.443279 0.446478 0.450817 0.456351 0.463152 0.471312 0.480944 0.492188 0.505217 0.520241 0.537522 0.557378 0.580210 0.606515 0.636926 0.672253 0.713549 0.762206 0.820106 0.889845 0.930598 0.868284 0.815633 0.770753 0.732226 0.698971 0.670150 0.645105 0.623311 0.604350 0.587883 0.573635 0.561382 0.550941 0.542163 0.534929 0.529143 0.524732 0.521640 0.519830 0.519278 0.519979 0.521941 0.525188 0.529760 0.535714 0.543127 0.552096 0.562745 0.575226 0.589727 0.606476 0.625755 0.647913 0.673379 0.702692 0.736528 0.775750 1238.000000 1.210428 0.596460
0.600484 0.587381 0.576196 0.566770 0.558971 0.552698 0.547869 0.544424 0.542321 0.541533 0.542051 0.543882 0.547048 0.551587 0.557557 0.565034 0.574115 0.584926 0.597619 0.612383 0.629449 0.649103 0.671694 0.693194 0.697603 0.703774 0.711786 0.721740 0.733770 0.748041 0.764756 0.784168 0.806585 0.832385 0.857593 0.813126 0.774818 0.741663 0.712875 0.687835 0.666044 0.647102 0.630685 0.616529 0.604419 0.594179 0.585668 0.578771 0.573401 0.569489 0.566986 0.565863 0.566105 0.567715 0.570714 0.575137 0.580789 0.586508 0.593786 0.602717 0.613421 0.626047 0.640780 0.657847 0.677524 0.700153 0.726156 0.756057 0.790512 0.830353 0.876648 0.930784 0.890858 0.812202 0.747965 0.694694 0.649969 0.612040 0.579612 0.551711 0.527584 0.506649 0.488444 0.472601 0.458824 0.446873 0.436554 0.427708 0.420206 0.413942 0.411793 0.421773 0.433319 0.446620 0.461913 0.479485 0.499699 0.523008 0.549987 0.581378 0.618149 0.661586 0.713439 0.776138 0.853174 0.949728 1.000000 0.941729 0.891905 0.849031 0.811956 0.779784 0.751806 0.727458 0.706286 0.687921 0.672066 0.658475 0.646951 0.637333 0.629490 0.623322 0.618749 0.615716 0.614184 0.614136 0.615571 0.615702 7112.000000 1.140447 0.654205
