35
1000 1000
7 -11 2 11 -6 27 2 43 13 28 28 8 30 -4 27
3 62 33 109 59 72 88
5 142 69 200 59 205 91 196 127 138 128
7 1 1 15 -5 27 -3 36 13 26 22 15 22 4 21
3 23 49 107 91 31 123
5 68 53 159 41 175 97 148 164 97 131
7 17 54 46 28 80 52 129 87 91 122 48 108 9 96
3 81 56 177 100 79 170
6 8 9 35 -6 43 24 32 38 7 46 -1 27
7 -6 56 32 23 59 48 64 72 53 91 39 103 21 83
3 187 220 271 244 174 290
7 -15 36 22 14 60 19 55 58 60 100 24 82 3 65
3 210 103 290 174 194 248
8 14 -16 70 -8 104 -9 143 44 118 98 73 120 19 102 -32 56
3 24 9 74 50 35 61
3 26 24 84 48 28 66
3 22 5 78 37 19 54
7 13 1 28 -2 43 -6 50 15 41 30 24 29 13 20
4 46 64 74 48 105 69 77 83
8 19 41 43 27 53 13 68 31 82 41 72 64 54 73 39 64
7 8 6 11 -7 28 -6 25 11 21 20 13 22 0 16
7 -8 16 20 9 37 13 61 21 39 51 23 46 -10 39
3 53 48 153 75 43 137
3 115 15 256 136 124 223
4 82 47 123 73 75 109 32 82
6 1 69 66 31 125 25 172 88 117 119 58 118
4 22 10 46 21 24 36 0 25
7 10 10 20 2 32 6 41 17 31 23 24 30 8 21
4 84 30 122 66 80 92 42 73
4 31 21 57 43 34 65 12 49
6 117 127 230 134 246 220 210 288 133 280 90 238
4 85 4 137 63 82 120 20 66
3 176 163 255 223 157 280
6 42 6 79 12 99 35 80 62 40 69 36 42
7 11 50 32 2 93 32 118 69 73 100 36 116 22 87
