60
1000 1000
6 9 46 30 34 49 34 62 49 49 67 25 66
4 15 -5 37 19 14 41 -7 22
5 76 48 156 21 187 67 153 141 101 96
3 17 13 105 66 7 112
4 82 40 139 116 85 167 11 114
4 32 16 50 30 36 45 11 33
3 22 59 90 82 35 106
6 20 27 30 12 54 9 67 32 52 42 33 47
5 191 95 286 50 342 143 299 213 203 198
7 13 24 26 18 40 13 44 34 34 44 25 53 4 47
6 30 10 52 1 72 27 50 44 34 51 19 36
4 40 32 75 78 44 133 -22 88
4 1 155 130 90 247 192 124 225
6 17 37 40 34 47 50 42 74 15 72 -3 55
5 69 23 148 14 213 84 123 134 57 103
3 37 55 125 96 34 132
3 10 16 71 53 15 72
6 23 -7 52 -10 70 16 52 39 22 45 11 20
7 -5 17 14 5 39 8 44 25 41 47 20 54 -2 43
6 10 -2 27 -4 34 13 27 26 8 27 -6 12
6 -6 27 11 13 30 14 46 29 28 49 9 46
6 -21 7 -1 -10 33 -21 43 18 40 43 0 31
3 28 6 75 25 27 56
3 17 -14 60 19 17 45
7 -6 3 20 -12 39 -1 55 11 37 34 23 29 3 27
4 4 49 44 19 79 51 43 78
6 -55 60 22 15 90 8 175 61 97 151 45 131
6 -10 16 7 3 34 -3 31 20 32 40 6 42
6 -4 10 15 -3 28 -5 39 13 28 27 14 30
7 91 67 110 7 172 54 236 88 195 171 98 169 44 133
3 35 36 119 82 40 134
3 29 87 126 106 31 165
3 49 18 119 52 46 85
7 30 48 33 18 71 31 82 62 62 76 30 86 28 67
7 26 53 49 41 70 42 86 64 66 80 46 78 27 72
4 -24 19 30 -25 101 33 36 74
3 15 1 70 24 10 61
3 54 81 185 142 44 238
3 98 56 151 87 96 122
8 3 82 25 2 103 63 128 98 114 164 41 220 11 155 -41 128
5 9 53 71 10 115 96 96 173 3 147
3 25 -10 116 38 24 60
6 28 52 44 44 68 33 66 53 60 72 42 72
8 27 10 59 -10 118 16 121 65 102 83 62 88 41 82 17 51
6 48 -4 90 0 147 37 87 75 47 74 3 38
4 21 9 46 32 14 51 -7 34
7 15 21 30 12 55 1 54 27 60 57 32 55 15 42
8 15 77 28 63 40 54 62 59 71 80 62 100 43 110 19 103
6 7 8 49 0 42 30 38 57 10 52 -20 31
8 -7 23 32 14 67 20 75 53 53 64 33 68 9 68 -2 46
8 14 35 29 6 67 13 53 53 52 70 34 88 11 74 9 49
3 81 59 144 88 85 116
4 162 74 206 120 168 174 118 123
5 104 76 168 52 198 98 168 139 100 121
8 29 120 34 102 58 101 85 102 78 118 71 141 52 147 34 138
5 41 25 113 -8 127 74 98 117 37 93
5 5 21 28 14 42 32 27 46 2 38
7 1 9 19 4 39 4 52 22 39 45 24 46 7 33
4 145 60 205 104 141 153 96 107
6 124 100 164 87 186 137 155 166 128 161 104 131
