45
1000 1000
8 2 28 12 17 33 16 52 18 54 31 48 52 34 55 14 50
8 5 3 17 0 25 -2 36 13 28 23 17 32 4 26 -5 15
3 101 115 177 158 83 204
8 7 38 2 6 30 12 49 23 63 35 54 73 28 66 -11 74
3 200 128 408 232 230 332
8 3 13 14 4 26 13 32 23 26 30 13 34 2 33 1 22
3 16 23 66 47 23 65
3 17 6 53 25 11 55
7 0 8 38 8 57 14 72 36 68 70 30 57 22 42
3 78 91 205 155 96 210
8 158 143 201 130 250 144 262 196 277 256 214 271 168 224 157 203
7 14 15 47 -6 84 -8 106 25 90 62 52 57 22 40
4 11 24 38 6 59 24 40 55
5 22 -11 126 -6 209 47 130 158 31 89
6 33 56 62 32 102 37 138 63 95 94 65 93
6 6 10 13 -5 27 -3 41 12 32 27 12 28
5 86 20 151 6 213 60 163 127 24 134
4 35 14 59 34 31 46 9 36
3 137 73 247 144 150 205
8 10 2 15 -8 26 6 40 13 28 23 20 34 9 21 0 16
4 37 -9 67 66 31 108 -32 61
7 10 28 34 -4 50 20 90 37 72 90 27 69 4 67
5 119 161 179 129 267 217 170 250 74 256
8 30 37 28 17 50 14 58 30 73 37 68 56 44 68 41 50
5 47 32 70 23 85 39 65 58 48 49
3 -13 -2 81 46 -7 80
5 -11 -1 27 -11 44 15 33 40 10 26
8 16 15 23 0 32 12 38 20 30 30 20 33 5 34 7 22
3 18 5 59 33 24 47
7 3 15 14 8 23 12 44 21 30 33 16 38 6 29
7 -18 13 10 -2 43 -2 60 23 40 46 18 47 -7 35
7 30 88 81 66 112 80 123 108 113 147 83 140 44 134
4 6 38 41 18 81 39 36 69
5 74 106 119 97 139 130 140 187 56 176
5 5 1 23 -1 38 13 20 22 6 19
8 -2 10 18 4 35 9 53 25 33 46 17 52 -9 47 -26 31
3 8 10 93 64 5 97
5 8 21 33 11 59 39 35 49 9 53
8 127 224 182 183 224 216 247 254 237 332 162 319 127 300 81 263
6 -1 54 37 17 84 20 129 45 86 96 42 100
7 40 18 61 9 81 21 99 34 82 48 62 60 37 43
7 5 91 42 73 72 73 106 111 76 137 46 155 12 119
5 4 12 19 8 31 18 19 33 1 32
7 5 14 37 8 72 -6 65 24 58 55 31 54 8 51
7 40 85 61 62 83 67 114 85 81 128 43 140 34 114
