55
1000 1000
8 -21 51 -4 21 32 12 46 24 64 58 60 81 30 84 -10 81
8 13 60 43 42 68 30 102 39 90 61 95 107 61 96 30 108
4 112 -36 160 42 110 125 54 62
6 25 0 44 0 52 24 49 42 27 38 19 27
7 75 150 108 126 159 144 205 185 160 233 126 233 64 212
8 -5 12 15 3 33 4 49 2 63 25 49 37 26 42 15 39
7 33 32 52 7 87 12 103 43 81 65 55 68 26 60
3 19 7 64 24 22 43
6 60 32 130 11 144 97 100 126 43 178 -7 103
4 59 44 89 8 165 45 82 103
7 3 43 34 21 69 28 88 52 76 81 43 86 6 72
3 18 -1 60 28 19 54
7 5 17 21 4 42 8 44 22 43 40 22 42 8 34
4 175 14 246 93 165 125 119 85
8 36 50 53 59 78 52 79 74 68 89 51 95 32 92 37 77
5 43 40 87 38 120 64 103 123 10 109
8 39 68 87 67 122 63 145 93 105 131 79 136 49 136 23 107
3 0 48 97 91 -10 146
7 32 18 60 3 77 13 83 31 75 42 60 49 40 46
8 -12 22 0 5 22 7 34 5 44 30 40 41 18 45 1 38
5 22 22 44 15 65 34 39 44 23 41
5 16 19 44 7 65 37 40 60 13 49
5 15 -3 68 -18 89 16 54 39 10 42
6 278 349 335 306 398 269 428 363 422 438 313 456
8 160 94 159 40 206 42 234 56 260 98 264 136 210 163 154 162
7 20 13 32 1 53 3 59 18 62 45 25 53 24 28
5 -13 33 41 25 80 55 33 92 -21 84
3 22 16 61 33 20 54
4 -4 34 23 17 45 37 22 53
3 32 8 105 60 40 101
6 8 25 17 3 36 10 48 21 44 48 21 44
5 23 56 56 55 68 77 57 105 20 96
3 53 47 139 85 56 140
5 30 25 54 11 82 30 58 56 31 50
8 7 0 48 -19 102 2 103 37 108 88 58 83 33 62 13 38
6 19 64 29 50 51 54 82 73 57 90 34 84
6 -10 55 16 43 37 35 60 54 45 82 16 69
7 15 103 85 45 161 77 152 140 150 181 73 220 40 175
7 23 69 53 57 97 64 130 88 117 146 52 155 39 106
8 -2 5 14 3 24 3 39 17 21 28 14 34 -2 31 -20 18
3 167 160 216 178 160 233
5 21 24 36 11 46 34 33 53 14 49
5 29 18 62 13 73 29 66 55 33 44
8 -41 71 -25 27 52 22 73 61 122 82 79 135 43 136 3 113
8 100 104 155 58 204 12 244 51 286 113 264 158 210 176 136 168
3 16 26 88 42 17 74
6 3 24 42 2 81 -6 112 42 75 75 33 69
6 56 2 92 -9 126 29 96 83 47 77 44 40
7 115 85 157 76 212 77 215 114 200 152 164 154 115 142
3 59 62 178 117 74 154
8 19 20 37 -9 71 0 80 47 71 67 48 73 22 67 22 38
6 46 116 89 104 118 147 88 179 52 184 27 154
8 24 21 49 17 56 33 68 39 63 56 44 67 34 58 15 45
5 87 44 147 22 185 70 149 102 90 92
8 16 21 45 14 58 20 64 45 59 59 44 63 22 66 10 42
