0.875334 0.844212 0.817128 0.793580 0.773162 0.755542 0.740452 0.727672 0.717023 0.708363 0.701580 0.696588 0.693325 0.691751 0.691848 0.693615 0.697075 0.702270 0.709265 0.718148 0.701604 0.685711 0.672105 0.660589 0.651003 0.643218 0.637134 0.632674 0.629783 0.628425 0.628584 0.630262 0.633479 0.638274 0.644708 0.652861 0.662841 0.674782 0.688850 0.705253 0.724243 0.746131 0.771300 0.800221 0.833482 0.826625 0.806729 0.789626 0.775062 0.762830 0.752763 0.744729 0.738625 0.734376 0.731928 0.731252 0.732340 0.735206 0.739883 0.746430 0.754928 0.765488 0.778249 0.784818 0.770819 0.759107 0.749524 0.741946 0.736275 0.732441 0.730397 0.730119 0.731603 0.734867 0.739951 0.746917 0.755854 0.766878 0.780135 0.795809 0.814127 0.835369 0.859876 0.887134 0.843570 0.805935 0.773298 0.744927 0.720237 0.698761 0.680119 0.664005 0.650166 0.638399 0.628538 0.620448 0.614025 0.609186 0.605871 0.604038 0.603667 0.604753 0.607308 0.611363 0.615959 0.614156 0.613837 0.615000 0.617658 0.621844 0.627609 0.635026 0.644191 0.655226 0.668283 0.683552 0.701264 0.721703 0.745218 0.772241 0.803305 0.839079 0.880408 0.928371 0.984369 1.000000 0.952343 0.911117 10021.500000 1.191931 0.830960
0.872949 0.905993 0.944000 0.983300 0.958979 0.938036 0.920158 0.905089 0.892621 0.882589 0.874864 0.869350 0.865978 0.864707 0.865521 0.868432 0.861857 0.812670 0.770549 0.734262 0.702856 0.675587 0.651866 0.631224 0.613282 0.597731 0.584322 0.572852 0.563153 0.555093 0.548563 0.543479 0.539776 0.537410 0.536351 0.536586 0.538118 0.540966 0.545165 0.550766 0.554773 0.557388 0.561387 0.566819 0.573752 0.582278 0.592510 0.604590 0.618695 0.635040 0.653889 0.675570 0.700483 0.729127 0.762129 0.800278 0.844591 0.896384 0.957401 1.000000 0.978411 0.959998 0.944499 0.931701 0.921435 0.913570 0.908007 0.904678 0.903542 0.904585 0.907820 0.913287 0.893270 0.855332 0.822386 0.793725 0.768785 0.747108 0.728328 0.712141 0.698305 0.686618 0.676920 0.669082 0.663002 0.658603 0.655833 0.648751 0.635971 0.625162 0.616174 0.608887 0.603206 0.599060 0.596398 0.595187 0.595412 0.597076 0.600200 0.604821 0.610997 0.618807 0.628352 0.639762 0.653197 0.668854 0.686975 0.707859 0.731871 0.744199 0.733574 0.724970 0.718276 0.713407 0.710304 0.708927 0.709262 0.711311 0.715100 0.720675 0.728105 0.737485 0.748938 0.762619 0.778719 0.797477 0.819183 0.844194 3120.500000 1.511267 0.830200
0.853635 0.854665 0.857766 0.862976 0.870359 0.880008 0.892046 0.906633 0.923968 0.944298 0.967927 0.995228 0.990426 0.947124 0.909548 0.876872 0.848436 0.823708 0.802258 0.783738 0.767861 0.754396 0.743155 0.733986 0.726771 0.721416 0.717857 0.716049 0.715971 0.717621 0.721020 0.726210 0.722305 0.716960 0.713400 0.711581 0.711481 0.713098 0.716453 0.721586 0.728561 0.737467 0.748418 0.761561 0.777080 0.795200 0.796133 0.783933 0.773938 0.766017 0.760069 0.756019 0.753820 0.753442 0.754883 0.758159 0.763311 0.770402 0.779521 0.790787 0.804349 0.820395 0.839158 0.860921 0.886035 0.878280 0.865918 0.855932 0.848195 0.842607 0.839101 0.837633 0.838187 0.840768 0.845407 0.852163 0.861119 0.872389 0.886120 0.902500 0.921760 0.944183 0.970121 1.000000 0.991810 0.940991 0.897183 0.859250 0.826304 0.797642 0.772701 0.751027 0.732252 0.716075 0.702253 0.690587 0.680915 0.673110 0.667071 0.662721 0.657578 0.648599 0.641385 0.635846 0.631910 0.629531 0.628677 0.629341 0.631529 0.635267 0.640603 0.647603 0.656355 0.666977 0.682222 0.707726 0.737055 0.770858 0.809955 0.855401 0.908569 0.906633 0.892046 0.880008 0.870359 0.862976 0.857766 0.854665 2138.000000 1.089869 0.854209
0.955861 1.000000 0.954754 0.914393 0.879339 0.848842 0.822304 0.799243 0.779266 0.762054 0.747348 0.734935 0.724646 0.716342 0.709918 0.705291 0.702406 0.701227 0.701739 0.689534 0.671742 0.656387 0.643233 0.632089 0.622799 0.615239 0.609311 0.604939 0.602070 0.600668 0.600716 0.602215 0.605183 0.609657 0.615692 0.623364 0.632773 0.644046 0.657340 0.672850 0.690814 0.711524 0.735341 0.762709 0.794180 0.830446 0.872385 0.866043 0.849216 0.835004 0.823210 0.813678 0.806284 0.800935 0.797565 0.796134 0.796624 0.799040 0.803412 0.809794 0.818266 0.828934 0.841940 0.857459 0.875709 0.896962 0.901032 0.865267 0.834166 0.807100 0.783563 0.763147 0.745518 0.730405 0.717587 0.706885 0.698154 0.691282 0.686180 0.682786 0.681058 0.680975 0.682537 0.685761 0.690688 0.697378 0.705916 0.708159 0.696643 0.687124 0.679477 0.673603 0.669429 0.666903 0.665994 0.666692 0.669004 0.672960 0.678607 0.686016 0.695282 0.706528 0.719906 0.735607 0.753864 0.774965 0.768947 0.755851 0.744959 0.736124 0.729232 0.724197 0.720956 0.719469 0.719718 0.721707 0.725460 0.731022 0.738463 0.747877 0.759387 0.773149 0.789355 0.808244 0.830109 0.855307 0.884279 0.917571 1790.000000 1.241073 0.858258
0.841216 0.876376 0.916909 0.957840 0.920093 0.887266 0.858697 0.833857 0.812315 0.793723 0.777794 0.764297 0.753044 0.743884 0.736697 0.731393 0.727905 0.726192 0.726232 0.728027 0.731597 0.736986 0.744262 0.753516 0.764870 0.778474 0.794520 0.813242 0.834928 0.859930 0.888682 0.921722 0.959714 0.915986 0.877231 0.843572 0.814290 0.788809 0.766665 0.747482 0.730954 0.716830 0.704908 0.695022 0.687043 0.680866 0.676414 0.673633 0.672488 0.672965 0.675070 0.678829 0.684288 0.691514 0.700601 0.711667 0.724863 0.740374 0.758431 0.779315 0.803372 0.831027 0.862807 0.899367 0.941531 0.955784 0.914958 0.879510 0.848674 0.821840 0.798515 0.778301 0.760873 0.745966 0.733365 0.722895 0.714417 0.707820 0.703023 0.699965 0.698609 0.698939 0.700959 0.704693 0.710187 0.717510 0.726754 0.738041 0.751523 0.767390 0.785875 0.807266 0.831914 0.860252 0.892815 0.930270 0.973453 1.000000 0.948061 0.903319 0.864599 0.830982 0.801740 0.776293 0.754173 0.734999 0.718465 0.704317 0.692352 0.682403 0.674337 0.668050 0.663464 0.660520 0.659183 0.659436 0.661284 0.664748 0.669871 0.676716 0.685371 0.695949 0.708591 0.723477 0.740825 0.760903 0.784042 0.810645 19337.000000 1.072667 0.782897
0.735413 0.761968 0.792494 0.827645 0.816849 0.794150 0.774494 0.757568 0.743118 0.730937 0.720858 0.712746 0.706499 0.702036 0.699303 0.698268 0.698916 0.701257 0.705318 0.700688 0.682838 0.667442 0.654267 0.643122 0.633851 0.626331 0.620465 0.616178 0.613418 0.612151 0.612361 0.614051 0.621188 0.631416 0.643562 0.657800 0.674344 0.693455 0.715455 0.740740 0.769799 0.803246 0.841852 0.886599 0.938759 1.000000 0.969324 0.905535 0.851548 0.805468 0.765869 0.731662 0.701998 0.676211 0.653771 0.634252 0.617308 0.602660 0.590080 0.579381 0.570413 0.563054 0.557208 0.552801 0.549776 0.547988 0.547454 0.548241 0.550358 0.553830 0.558701 0.565032 0.572904 0.582422 0.593715 0.606946 0.622314 0.640063 0.660491 0.683968 0.710951 0.742013 0.763270 0.761822 0.762213 0.764446 0.768549 0.774573 0.782592 0.792708 0.805055 0.819798 0.837146 0.857353 0.880735 0.900203 0.858481 0.822349 0.790964 0.763659 0.739899 0.719253 0.701372 0.685971 0.672818 0.661724 0.652537 0.645134 0.639420 0.635324 0.631550 0.623422 0.616968 0.612105 0.608774 0.606933 0.606560 0.607651 0.610218 0.614293 0.619926 0.627189 0.636174 0.647003 0.659823 0.674820 0.692221 0.712305 4840.000000 1.186558 0.781778
0.839232 0.809821 0.784227 0.761981 0.742702 0.726080 0.711864 0.699847 0.689863 0.681780 0.675492 0.670921 0.668010 0.666723 0.667045 0.668980 0.672550 0.677801 0.684798 0.693628 0.704409 0.717285 0.732438 0.750091 0.770518 0.794055 0.821116 0.843016 0.799402 0.761823 0.729297 0.701054 0.676486 0.655106 0.636523 0.620419 0.606534 0.594659 0.584621 0.576281 0.569529 0.564277 0.560458 0.558027 0.556952 0.557221 0.558838 0.561821 0.566208 0.572052 0.579429 0.588435 0.599192 0.611850 0.626597 0.643662 0.656643 0.654476 0.653893 0.654887 0.657471 0.661675 0.667553 0.675176 0.684644 0.696083 0.709649 0.725536 0.743985 0.765288 0.789806 0.817982 0.850368 0.887650 0.930697 0.980614 1.000000 0.936782 0.883082 0.837113 0.797519 0.763256 0.733511 0.707638 0.685123 0.665550 0.648583 0.633949 0.621425 0.610830 0.602015 0.594864 0.589284 0.585204 0.582574 0.581362 0.581554 0.583150 0.578410 0.568422 0.560099 0.553331 0.548028 0.544125 0.541572 0.540338 0.540410 0.541786 0.544485 0.548539 0.553998 0.560932 0.569431 0.579609 0.591609 0.605606 0.621815 0.640502 0.661991 0.686683 0.715079 0.747803 0.785650 0.829637 0.881090 0.941766 0.911981 0.873043 1885.500000 1.311397 0.763290
0.891615 0.883552 0.877730 0.874075 0.872544 0.873118 0.875804 0.868863 0.850157 0.834207 0.820785 0.809708 0.800830 0.794037 0.789243 0.786390 0.785442 0.786390 0.789243 0.794037 0.800830 0.809708 0.820785 0.834207 0.850157 0.868863 0.890604 0.915724 0.927833 0.896909 0.870009 0.846655 0.826461 0.809112 0.794351 0.781969 0.771797 0.763703 0.757583 0.753362 0.750985 0.750426 0.751678 0.754755 0.759694 0.766558 0.775432 0.786431 0.799700 0.815424 0.833826 0.855187 0.879846 0.887900 0.879391 0.873127 0.869031 0.867052 0.867166 0.869375 0.873705 0.880210 0.888970 0.900097 0.913734 0.930067 0.949322 0.971782 0.975809 0.934715 0.899021 0.867967 0.840944 0.817464 0.797127 0.779610 0.764649 0.752029 0.741576 0.733152 0.726648 0.721982 0.719097 0.717958 0.718551 0.720883 0.724982 0.730899 0.737382 0.744520 0.753632 0.764834 0.778278 0.794150 0.812682 0.834157 0.858923 0.887408 0.920140 0.957774 1.000000 0.965319 0.935140 0.908914 0.886196 0.866622 0.849898 0.835782 0.824081 0.814638 0.803200 0.793780 0.786450 0.781119 0.777721 0.776214 0.776580 0.778824 0.782973 0.789077 0.797212 0.807483 0.820023 0.835002 0.852630 0.873168 0.896934 0.902020 6509.500000 1.081458 0.877420
0.838216 0.801223 0.769131 0.741228 0.716946 0.695827 0.677502 0.661671 0.648088 0.636555 0.626909 0.619019 0.612784 0.608123 0.604980 0.603314 0.603107 0.604355 0.607074 0.611297 0.617076 0.624484 0.633617 0.644597 0.657577 0.672743 0.690329 0.710616 0.733954 0.735388 0.710307 0.688485 0.669529 0.653119 0.638998 0.626952 0.616811 0.608435 0.601714 0.596561 0.592912 0.590721 0.589963 0.590628 0.592723 0.596276 0.601328 0.607944 0.616208 0.626230 0.638145 0.652124 0.668376 0.687156 0.708779 0.733632 0.762193 0.795062 0.832991 0.876938 0.928141 0.988222 1.000000 0.930880 0.872663 0.823166 0.780763 0.744219 0.712583 0.685110 0.661211 0.640413 0.622338 0.606676 0.593178 0.581637 0.571889 0.563797 0.557256 0.552179 0.548503 0.546183 0.545191 0.545514 0.547156 0.550138 0.554495 0.560282 0.567574 0.576464 0.587075 0.599555 0.614088 0.630901 0.650272 0.672541 0.698131 0.727567 0.761510 0.772177 0.749798 0.730390 0.713637 0.699283 0.687117 0.676970 0.668706 0.662218 0.657423 0.654261 0.652695 0.652705 0.654291 0.657473 0.662289 0.668799 0.677086 0.687257 0.699449 0.713832 0.730617 0.750060 0.772478 0.798260 0.827885 0.861951 0.901204 0.881016 1866.500000 1.311871 0.754165
0.551558 0.562858 0.576048 0.591329 0.608951 0.629217 0.652505 0.679282 0.663510 0.644384 0.627799 0.613488 0.601231 0.590849 0.582199 0.575163 0.569652 0.565595 0.562942 0.561661 0.561736 0.563167 0.565973 0.570187 0.575863 0.583071 0.591906 0.602486 0.614961 0.629511 0.646361 0.665787 0.688125 0.682169 0.677294 0.674101 0.672551 0.672624 0.674322 0.677666 0.682695 0.689474 0.698086 0.708646 0.721294 0.736208 0.753605 0.735142 0.715159 0.697871 0.683006 0.670342 0.659699 0.650933 0.643928 0.638594 0.634864 0.632693 0.632054 0.632940 0.635361 0.639347 0.644947 0.652231 0.661292 0.672251 0.685259 0.700500 0.688251 0.665846 0.646362 0.629459 0.614861 0.602343 0.591722 0.582848 0.575603 0.569892 0.565643 0.562802 0.561335 0.561224 0.562468 0.565082 0.569098 0.574565 0.581553 0.590152 0.600478 0.603525 0.591755 0.581809 0.573552 0.566872 0.561683 0.557921 0.555538 0.554505 0.554811 0.556458 0.559466 0.563873 0.569734 0.577122 0.597136 0.642088 0.696172 0.762211 0.844338 0.948863 1.000000 0.918100 0.850493 0.793941 0.746127 0.705347 0.670326 0.640086 0.613872 0.591089 0.571263 0.554016 0.539040 0.526086 0.522397 0.527498 0.533998 0.541982 1779.500000 1.359293 0.729218
0.491904 0.473394 0.457288 0.443275 0.431102 0.420567 0.411501 0.403771 0.397265 0.391894 0.387588 0.384292 0.381963 0.380574 0.380107 0.380557 0.381930 0.384241 0.387519 0.391807 0.397157 0.403642 0.411349 0.420388 0.430157 0.438681 0.448653 0.460224 0.473577 0.488943 0.506600 0.526897 0.550269 0.577266 0.608591 0.645154 0.688154 0.739205 0.800519 0.875224 0.934813 0.890739 0.852595 0.819478 0.790670 0.765601 0.743809 0.724922 0.708635 0.694701 0.682917 0.673121 0.665182 0.658997 0.654489 0.651601 0.650297 0.650564 0.652402 0.655836 0.660906 0.667677 0.657250 0.619498 0.587186 0.559357 0.535279 0.514376 0.496194 0.480372 0.466617 0.454692 0.444406 0.435601 0.428150 0.421949 0.416914 0.412982 0.410102 0.408239 0.407369 0.407482 0.408581 0.410677 0.413797 0.417979 0.423277 0.429759 0.437514 0.440978 0.445211 0.450622 0.457281 0.465278 0.474723 0.485754 0.498540 0.513287 0.530249 0.549740 0.572150 0.597966 0.627807 0.662461 0.702957 0.750653 0.807379 0.875661 0.959084 1.000000 0.939006 0.887039 0.842446 0.803966 0.770623 0.741651 0.716442 0.694508 0.675456 0.658967 0.644780 0.632683 0.622504 0.614103 0.599494 0.566287 0.537794 0.513207 3163.000000 1.807018 0.672142
0.988754 0.985284 0.918974 0.862973 0.815257 0.774309 0.738973 0.708353 0.681747 0.658596 0.638453 0.620958 0.605816 0.594629 0.593694 0.594190 0.596125 0.599521 0.604421 0.610886 0.618997 0.628862 0.640615 0.654422 0.670489 0.689066 0.710462 0.735057 0.763320 0.795838 0.833347 0.876783 0.927353 0.981996 0.936286 0.896705 0.862329 0.832422 0.806398 0.783783 0.764192 0.747313 0.732892 0.720719 0.710629 0.702486 0.696185 0.691648 0.690497 0.691329 0.693838 0.698052 0.704024 0.711829 0.721567 0.733366 0.747388 0.763833 0.782946 0.805029 0.830453 0.842775 0.828201 0.816055 0.806173 0.798429 0.792724 0.788987 0.787172 0.787258 0.789246 0.793159 0.799046 0.806979 0.817060 0.829419 0.844223 0.861678 0.882041 0.905623 0.932810 0.964074 1.000000 0.982489 0.896736 0.826581 0.768324 0.719357 0.677792 0.642231 0.611616 0.585132 0.562144 0.542152 0.524753 0.509625 0.496509 0.485189 0.475495 0.467284 0.460442 0.454878 0.475619 0.501650 0.532051 0.567831 0.610347 0.661467 0.723837 0.801324 0.899817 0.903005 0.889833 0.879128 0.870749 0.864592 0.860581 0.858665 0.858822 0.861054 0.865388 0.871877 0.880601 0.891671 0.905232 0.921466 0.940601 0.962915 659.000000 1.067621 0.687707
0.816345 0.859556 0.909913 0.969017 1.000000 0.939530 0.887974 0.843708 0.805495 0.772373 0.743588 0.718540 0.696749 0.677825 0.661454 0.647377 0.635386 0.625310 0.617012 0.610382 0.605337 0.601812 0.599764 0.599168 0.600018 0.602324 0.606113 0.611432 0.618349 0.626951 0.637353 0.649698 0.640335 0.631796 0.624967 0.619762 0.616114 0.613980 0.613333 0.614165 0.616487 0.620326 0.625730 0.632767 0.641528 0.652127 0.664711 0.679459 0.696593 0.716383 0.739164 0.765345 0.795436 0.830072 0.870052 0.896028 0.860568 0.829732 0.802896 0.779561 0.759321 0.741848 0.726873 0.714177 0.703582 0.694947 0.688159 0.683133 0.679805 0.678135 0.678103 0.679708 0.682970 0.687929 0.694646 0.703206 0.692429 0.682313 0.674089 0.667650 0.662914 0.659824 0.658341 0.658447 0.660144 0.663452 0.668412 0.675085 0.683556 0.693936 0.706363 0.721013 0.738098 0.757883 0.780691 0.806918 0.816345 0.779056 0.746746 0.718672 0.694244 0.672990 0.654529 0.638550 0.624803 0.613081 0.603217 0.595077 0.588552 0.583559 0.580036 0.577939 0.577243 0.577939 0.580036 0.583559 0.588552 0.595077 0.603217 0.613081 0.624803 0.638550 0.654529 0.672990 0.694244 0.718672 0.746746 0.779056 853.500000 1.197755 0.786152
0.906357 0.868771 0.836113 0.807696 0.782971 0.761496 0.742909 0.726917 0.713281 0.701807 0.692338 0.684749 0.678942 0.674845 0.672407 0.671598 0.672410 0.674852 0.678952 0.684763 0.692357 0.701830 0.713308 0.726949 0.742946 0.761539 0.783022 0.761593 0.738725 0.718872 0.701705 0.686954 0.674403 0.663872 0.655219 0.648331 0.643120 0.639519 0.637487 0.636996 0.638043 0.640638 0.644815 0.650624 0.658139 0.667456 0.670200 0.673226 0.677921 0.684342 0.692570 0.702712 0.714903 0.729312 0.746149 0.765670 0.788189 0.814094 0.843862 0.878085 0.917505 0.963059 0.958701 0.924597 0.894919 0.869115 0.846740 0.827431 0.810894 0.796887 0.785215 0.775721 0.768284 0.762808 0.759225 0.757492 0.757588 0.759514 0.763294 0.768973 0.776622 0.786338 0.788200 0.756765 0.729430 0.705643 0.684956 0.667008 0.651506 0.638211 0.626928 0.617499 0.609796 0.603720 0.599193 0.596159 0.594580 0.594438 0.595731 0.598475 0.602703 0.608467 0.615840 0.624918 0.635823 0.648705 0.663753 0.681195 0.701313 0.714788 0.714956 0.716851 0.720497 0.725939 0.733242 0.742502 0.753837 0.767401 0.783384 0.802020 0.823597 0.848468 0.877066 0.909928 0.947720 0.991279 1.000000 0.949733 2313.000000 1.310720 0.830590
0.787102 0.756358 0.729617 0.706346 0.686115 0.668577 0.653448 0.640498 0.629537 0.620416 0.613010 0.607225 0.602987 0.600244 0.598962 0.599125 0.600737 0.603816 0.608399 0.604956 0.601213 0.598950 0.598139 0.598771 0.600853 0.604411 0.609489 0.616149 0.624478 0.634585 0.646607 0.660717 0.677123 0.696085 0.717919 0.743014 0.771855 0.805042 0.843335 0.887697 0.939375 1.000000 0.972513 0.912035 0.860591 0.816502 0.778494 0.745584 0.717001 0.692134 0.670495 0.651691 0.635402 0.621367 0.609376 0.599254 0.590864 0.584093 0.578855 0.575082 0.572729 0.571768 0.572185 0.573987 0.577195 0.581849 0.588007 0.595747 0.605171 0.616406 0.629613 0.629300 0.626974 0.626167 0.626871 0.629094 0.632863 0.638224 0.645244 0.654014 0.664648 0.677293 0.692127 0.709374 0.729303 0.752250 0.778624 0.808934 0.843815 0.884065 0.897755 0.857950 0.823424 0.793407 0.767285 0.744565 0.724847 0.707808 0.693184 0.680758 0.670356 0.661838 0.655092 0.650033 0.646596 0.644741 0.639241 0.634217 0.630780 0.628887 0.628515 0.629659 0.632333 0.636571 0.642423 0.649965 0.659293 0.670531 0.683835 0.699397 0.717452 0.738290 0.762266 0.789818 0.821490 0.857961 0.863446 0.822516 5213.000000 1.171120 0.768275
0.810282 0.762559 0.721786 0.686723 0.656416 0.630126 0.607267 0.587373 0.570072 0.555060 0.542090 0.530963 0.521514 0.513611 0.507148 0.502040 0.498223 0.495647 0.494283 0.500180 0.510758 0.523079 0.537337 0.553765 0.572652 0.594355 0.619319 0.648102 0.681413 0.710822 0.715123 0.721224 0.729203 0.739160 0.751229 0.765572 0.782396 0.801951 0.824546 0.850559 0.880458 0.914819 0.954364 1.000000 0.969893 0.888304 0.821202 0.765239 0.718036 0.677857 0.643404 0.613690 0.587954 0.565597 0.546146 0.529221 0.514515 0.501781 0.493403 0.496099 0.500036 0.505262 0.511845 0.519871 0.529449 0.540712 0.553829 0.569003 0.586485 0.606582 0.629676 0.656242 0.686876 0.722336 0.763595 0.811929 0.824749 0.796353 0.771645 0.750177 0.731586 0.715576 0.701906 0.690381 0.680842 0.673163 0.667245 0.663013 0.660415 0.659420 0.660016 0.662209 0.666027 0.671517 0.678746 0.687808 0.698821 0.711936 0.727338 0.745257 0.758975 0.740670 0.724932 0.711528 0.700267 0.690996 0.683592 0.677961 0.674033 0.671759 0.671112 0.672083 0.674685 0.678949 0.684928 0.692697 0.702355 0.714031 0.723555 0.733318 0.745168 0.759266 0.775813 0.795055 0.817295 0.842904 0.872339 0.866605 6599.500000 1.208963 0.721036
0.909520 0.865842 0.828071 0.795293 0.766788 0.741981 0.720410 0.701701 0.685549 0.671705 0.659968 0.650173 0.642189 0.635913 0.631264 0.628184 0.626637 0.626604 0.628083 0.631094 0.635672 0.641875 0.645510 0.642365 0.640786 0.640755 0.642272 0.645354 0.650039 0.656385 0.664474 0.674409 0.686324 0.700385 0.716798 0.735814 0.757741 0.782959 0.811937 0.845257 0.883648 0.928035 0.979602 1.000000 0.960714 0.926546 0.896811 0.870958 0.848541 0.829197 0.812628 0.798596 0.786903 0.777393 0.769943 0.764459 0.760872 0.759140 0.759240 0.761174 0.764965 0.770660 0.778330 0.788072 0.773356 0.752446 0.734359 0.718812 0.705575 0.694459 0.685313 0.678017 0.672477 0.668626 0.666414 0.665816 0.666824 0.669450 0.673726 0.679706 0.687463 0.697098 0.708739 0.722546 0.738716 0.757493 0.759062 0.747856 0.738729 0.731564 0.726270 0.722780 0.721052 0.721066 0.722821 0.726339 0.731662 0.738857 0.748015 0.759255 0.772727 0.788621 0.807168 0.828652 0.853423 0.850896 0.831710 0.815291 0.801402 0.789848 0.780477 0.773166 0.767823 0.764383 0.762803 0.763063 0.765168 0.769143 0.775036 0.782920 0.792897 0.805095 0.819681 0.836857 0.856878 0.880052 0.906760 0.937468 1804.500000 1.175493 0.849167
0.778152 0.792635 0.809654 0.818438 0.790619 0.766414 0.745390 0.727194 0.711538 0.698189 0.686956 0.677685 0.670254 0.664568 0.660556 0.658168 0.657375 0.658168 0.660556 0.664568 0.670254 0.677685 0.686956 0.698189 0.711538 0.727194 0.745390 0.766414 0.780259 0.768955 0.759778 0.752610 0.747359 0.743960 0.742373 0.742577 0.744576 0.748393 0.754076 0.761695 0.771347 0.783157 0.797285 0.813929 0.833333 0.855797 0.881688 0.878945 0.860635 0.845067 0.832021 0.821320 0.812824 0.806425 0.802043 0.799624 0.799139 0.800582 0.803971 0.809347 0.816776 0.826352 0.838198 0.823396 0.797541 0.775071 0.755603 0.738825 0.724484 0.712372 0.702322 0.694202 0.687905 0.683353 0.680489 0.679279 0.679708 0.681780 0.685522 0.690980 0.698220 0.688187 0.676953 0.667662 0.660192 0.654446 0.650353 0.647862 0.646942 0.647583 0.649792 0.653597 0.659043 0.666198 0.675156 0.686033 0.698977 0.714173 0.731847 0.752276 0.775800 0.802840 0.833915 0.869672 0.910924 0.958711 1.000000 0.957793 0.921133 0.889239 0.861487 0.837370 0.816480 0.798484 0.783110 0.770137 0.759386 0.750716 0.744013 0.739193 0.736198 0.734991 0.735557 0.737902 0.742056 0.748070 0.756018 0.766001 945.500000 1.203076 0.868737
0.863084 0.811920 0.768229 0.730671 0.698218 0.670071 0.645600 0.624304 0.605782 0.589706 0.575813 0.563887 0.553751 0.545264 0.538311 0.532800 0.528661 0.525843 0.524312 0.524048 0.525049 0.527326 0.530908 0.535838 0.542180 0.550014 0.559445 0.570604 0.583652 0.598787 0.616252 0.626865 0.612332 0.599871 0.589298 0.580465 0.573254 0.567570 0.563342 0.560517 0.559060 0.558953 0.560196 0.562803 0.566807 0.572257 0.579221 0.587790 0.598079 0.610231 0.624423 0.640871 0.659841 0.681662 0.706735 0.735563 0.768774 0.807163 0.851746 0.903847 0.965214 1.000000 0.927390 0.866557 0.815056 0.771087 0.733295 0.700644 0.672327 0.647709 0.626286 0.607652 0.591479 0.577499 0.565496 0.555292 0.546744 0.539735 0.534175 0.529991 0.527133 0.525564 0.525267 0.526237 0.528486 0.532042 0.536948 0.543266 0.551078 0.560489 0.571627 0.584654 0.599767 0.617208 0.637276 0.653376 0.635891 0.620774 0.607790 0.596745 0.587485 0.579884 0.573841 0.569281 0.566145 0.564396 0.564013 0.564990 0.567340 0.571091 0.576289 0.583000 0.591311 0.601332 0.613201 0.627089 0.643206 0.661810 0.683217 0.707817 0.736095 0.768655 0.806261 0.849889 0.900802 0.960667 0.995601 0.923505 11002.500000 1.588317 0.708281
0.558437 0.549470 0.542072 0.536144 0.531612 0.528418 0.526523 0.525904 0.526553 0.528479 0.531705 0.536270 0.542231 0.549666 0.558672 0.557007 0.553959 0.552268 0.551913 0.552889 0.555209 0.558900 0.564008 0.570599 0.578755 0.588587 0.600230 0.613851 0.629657 0.647900 0.668891 0.693014 0.720743 0.752673 0.789553 0.832341 0.882281 0.941007 0.967863 0.911533 0.863364 0.821912 0.786064 0.754956 0.727903 0.704360 0.683888 0.666132 0.650802 0.637664 0.626526 0.617231 0.609655 0.603700 0.599290 0.596370 0.594904 0.594876 0.596284 0.599145 0.603495 0.609387 0.616896 0.626120 0.637182 0.650236 0.665474 0.683128 0.703485 0.694640 0.678823 0.665277 0.653805 0.644248 0.636477 0.630393 0.625917 0.622994 0.621590 0.621685 0.623283 0.626402 0.631080 0.637376 0.645369 0.634207 0.622635 0.612928 0.604954 0.598609 0.593811 0.590500 0.588637 0.588197 0.589177 0.591588 0.595458 0.600837 0.607791 0.616411 0.626810 0.639133 0.653556 0.670296 0.689622 0.711862 0.737419 0.766795 0.800618 0.839679 0.884988 0.937855 1.000000 0.937451 0.879227 0.829694 0.787240 0.750640 0.718947 0.691419 0.667471 0.646632 0.628523 0.612837 0.599323 0.587778 0.578035 0.569096 1750.000000 1.213539 0.754481
0.864663 0.841396 0.786528 0.740052 0.700354 0.666223 0.636725 0.611140 0.588894 0.569535 0.552698 0.538087 0.525461 0.514626 0.505422 0.497719 0.491413 0.486423 0.482683 0.480149 0.478789 0.478586 0.479538 0.481656 0.484967 0.489511 0.495346 0.502547 0.511209 0.521454 0.533430 0.547318 0.563341 0.581775 0.602959 0.627311 0.655358 0.687766 0.725383 0.769315 0.821015 0.882445 0.956301 1.000000 0.910225 0.837092 0.776569 0.725838 0.682873 0.646180 0.614634 0.587374 0.563730 0.543174 0.525285 0.509726 0.496223 0.484554 0.474538 0.466028 0.458904 0.453069 0.448448 0.444981 0.442625 0.441352 0.441146 0.442005 0.443938 0.446970 0.451138 0.456494 0.463109 0.471069 0.480486 0.491494 0.504263 0.518996 0.535946 0.555424 0.577816 0.603603 0.633398 0.667979 0.708360 0.755875 0.812320 0.880168 0.962913 0.905410 0.845449 0.794733 0.751464 0.714296 0.682197 0.654368 0.630179 0.609129 0.590818 0.574920 0.561171 0.549358 0.539304 0.530867 0.523933 0.518411 0.514229 0.511337 0.509698 0.509292 0.510115 0.512177 0.515502 0.520132 0.526125 0.533558 0.542529 0.553163 0.565612 0.580064 0.596749 0.615950 0.638016 0.663379 0.692580 0.726300 0.765410 0.811037 2628.500000 1.184327 0.598131
0.940359 0.874475 0.819062 0.772003 0.731725 0.697037 0.667023 0.640968 0.618305 0.598583 0.581437 0.566574 0.553752 0.542776 0.533487 0.525756 0.519480 0.514576 0.510984 0.508659 0.507571 0.507709 0.509074 0.511682 0.515566 0.520773 0.527369 0.535442 0.545099 0.556476 0.569740 0.585095 0.602794 0.623145 0.646530 0.673424 0.704423 0.740283 0.781976 0.830765 0.888330 0.956944 1.000000 0.920669 0.854908 0.799712 0.752916 0.712916 0.678504 0.648752 0.622937 0.600490 0.580954 0.563966 0.549228 0.536501 0.525588 0.516329 0.508594 0.502280 0.497304 0.493604 0.491132 0.489859 0.489770 0.490863 0.493152 0.496664 0.501443 0.507550 0.515063 0.524084 0.534738 0.547179 0.561598 0.578229 0.597357 0.619337 0.644609 0.673723 0.707377 0.746461 0.792138 0.845940 0.909934 0.986975 0.962113 0.893001 0.835029 0.785904 0.743930 0.707830 0.676627 0.649558 0.626021 0.605538 0.587724 0.572268 0.558915 0.547460 0.537735 0.529603 0.522954 0.517702 0.513780 0.511138 0.509746 0.509585 0.510655 0.512967 0.516550 0.521449 0.527725 0.535460 0.544757 0.555745 0.568583 0.583467 0.600637 0.620388 0.643085 0.669178 0.699234 0.733969 0.774297 0.821409 0.876875 0.942810 948.500000 1.052484 0.604005
0.964892 0.939284 0.908183 0.881130 0.857648 0.837350 0.819921 0.805102 0.792685 0.782502 0.774419 0.768334 0.764170 0.761876 0.761425 0.762811 0.766051 0.771184 0.778275 0.787411 0.798711 0.812326 0.805117 0.775418 0.749573 0.727091 0.707574 0.690697 0.676197 0.663861 0.653512 0.645011 0.638247 0.633132 0.629603 0.627617 0.627150 0.628195 0.630766 0.634894 0.640630 0.648046 0.657238 0.668327 0.681467 0.696846 0.714697 0.735305 0.759019 0.786271 0.817596 0.853662 0.895313 0.943627 1.000000 0.990766 0.950978 0.916385 0.886281 0.860098 0.837377 0.817744 0.800897 0.786586 0.774611 0.764810 0.757055 0.751248 0.747315 0.745210 0.744905 0.746399 0.749708 0.754873 0.761958 0.771053 0.782274 0.795773 0.811735 0.799544 0.779598 0.762414 0.747735 0.735348 0.725083 0.716804 0.710404 0.705802 0.702942 0.701790 0.702330 0.704569 0.708536 0.714278 0.721866 0.731399 0.743001 0.756829 0.773080 0.791994 0.813866 0.824105 0.800329 0.779713 0.761921 0.746682 0.733773 0.723015 0.714265 0.707407 0.702356 0.699048 0.697444 0.697523 0.699288 0.702758 0.707978 0.715011 0.723947 0.734901 0.748022 0.763493 0.781540 0.802441 0.826536 0.854244 0.886084 0.922698 1468.500000 1.194456 0.836046
0.835271 0.805895 0.780330 0.758108 0.738847 0.722238 0.708027 0.696009 0.686017 0.677918 0.671607 0.667004 0.664053 0.662718 0.662982 0.664848 0.668340 0.668154 0.663380 0.660252 0.658734 0.658806 0.660469 0.663744 0.668670 0.675309 0.683745 0.694088 0.706476 0.711694 0.689482 0.670181 0.653462 0.639059 0.626754 0.616371 0.607767 0.600828 0.595463 0.591606 0.589209 0.588243 0.588695 0.590573 0.593897 0.598710 0.604091 0.608012 0.613471 0.620538 0.629304 0.639884 0.652424 0.667106 0.684149 0.703826 0.726470 0.752493 0.782405 0.816842 0.856609 0.890120 0.867575 0.848136 0.831508 0.817451 0.805771 0.796311 0.788949 0.783592 0.780175 0.778655 0.779014 0.781256 0.785408 0.791523 0.799674 0.809967 0.787324 0.753905 0.724883 0.699635 0.677665 0.658570 0.642027 0.627769 0.615582 0.605289 0.596749 0.589848 0.584497 0.580628 0.578193 0.577164 0.577527 0.579287 0.582465 0.587101 0.589241 0.582069 0.576441 0.572286 0.569553 0.568208 0.568236 0.569636 0.572425 0.576637 0.582326 0.589562 0.598440 0.609079 0.621628 0.635592 0.650159 0.667055 0.686550 0.708978 0.734752 0.764380 0.798504 0.837929 0.883689 0.937123 1.000000 0.952887 0.907941 0.869043 6072.500000 1.242994 0.824484
0.964661 1.000000 0.993561 0.964535 0.939355 0.917610 0.898967 0.883151 0.869941 0.859160 0.850667 0.844355 0.840145 0.821239 0.798819 0.779419 0.762733 0.748511 0.736552 0.726692 0.718802 0.712780 0.708550 0.706062 0.705284 0.706207 0.708842 0.713222 0.719400 0.727454 0.737487 0.749632 0.764056 0.757438 0.746408 0.737445 0.730434 0.725285 0.721936 0.720344 0.720492 0.722381 0.726033 0.731493 0.738829 0.748135 0.759531 0.773172 0.789247 0.807993 0.816071 0.811897 0.809705 0.809470 0.811189 0.814883 0.820597 0.828400 0.838393 0.850705 0.865499 0.882982 0.903407 0.904887 0.888427 0.874625 0.863294 0.854284 0.847480 0.842798 0.840181 0.839597 0.841038 0.844521 0.850091 0.857814 0.867789 0.880144 0.895043 0.912692 0.933345 0.929361 0.886620 0.849593 0.817426 0.789438 0.765085 0.743929 0.725612 0.709844 0.696389 0.685054 0.675684 0.668155 0.661173 0.655813 0.652097 0.649981 0.649438 0.650461 0.653064 0.657277 0.663152 0.670765 0.680211 0.691618 0.705141 0.720976 0.739360 0.760586 0.785014 0.812686 0.804550 0.798480 0.794400 0.792260 0.792035 0.793721 0.797340 0.802935 0.810576 0.820359 0.832410 0.846892 0.864005 0.883997 0.907173 0.933908 2346.500000 1.214810 0.892227
0.808261 0.852048 0.827495 0.806206 0.787835 0.772102 0.758777 0.747674 0.738646 0.731574 0.726370 0.722968 0.721328 0.721430 0.723274 0.719422 0.683255 0.652046 0.625003 0.601506 0.581061 0.563272 0.547820 0.534447 0.522941 0.513130 0.504874 0.498060 0.492599 0.488421 0.485472 0.483717 0.483134 0.492839 0.504388 0.517769 0.533198 0.550943 0.571334 0.594780 0.621795 0.653029 0.689315 0.731737 0.781731 0.841231 0.912916 0.857730 0.797775 0.747337 0.704494 0.667818 0.636229 0.608894 0.585163 0.564521 0.546557 0.530942 0.517405 0.505730 0.495738 0.487284 0.480251 0.474546 0.470093 0.466838 0.464739 0.463772 0.463923 0.467722 0.477178 0.488225 0.501031 0.515803 0.532795 0.552320 0.574769 0.600627 0.630513 0.665215 0.705758 0.753497 0.810257 0.878554 0.961955 1.000000 0.924871 0.862173 0.809262 0.764205 0.725556 0.692215 0.663332 0.638238 0.616405 0.597408 0.580904 0.566616 0.550260 0.529572 0.511572 0.495910 0.482307 0.470533 0.460403 0.451765 0.444496 0.438498 0.433690 0.430011 0.427530 0.430933 0.435449 0.441134 0.448063 0.456330 0.466052 0.477372 0.490467 0.505553 0.522896 0.542825 0.565750 0.592187 0.622790 0.658400 0.700119 0.749409 595.500000 1.158326 0.611753
0.649680 0.658040 0.668249 0.680445 0.665237 0.650154 0.637240 0.626309 0.617208 0.609816 0.604037 0.599798 0.597047 0.595749 0.595889 0.597469 0.600508 0.605043 0.611130 0.618847 0.628295 0.639600 0.652921 0.668454 0.686437 0.707166 0.731002 0.758391 0.789889 0.799357 0.779595 0.762579 0.748054 0.735812 0.725683 0.717535 0.711263 0.706787 0.704052 0.703026 0.703695 0.706069 0.710175 0.716064 0.723810 0.733512 0.745297 0.759327 0.775800 0.794960 0.817110 0.842617 0.871937 0.842590 0.807067 0.776213 0.749369 0.726011 0.705714 0.688133 0.672990 0.660054 0.649140 0.640098 0.632809 0.627177 0.623133 0.620626 0.619626 0.620120 0.622116 0.625636 0.630724 0.637445 0.645882 0.656148 0.654998 0.639641 0.626463 0.615269 0.605902 0.598236 0.592170 0.587628 0.584551 0.582904 0.582666 0.583834 0.586423 0.590463 0.596005 0.603119 0.611897 0.622455 0.634941 0.649535 0.666459 0.685985 0.708448 0.734261 0.763936 0.798114 0.837606 0.883449 0.936988 1.000000 0.958093 0.908474 0.865725 0.828725 0.796598 0.768652 0.744333 0.723194 0.704874 0.689078 0.675566 0.664144 0.654652 0.646964 0.640981 0.636627 0.633849 0.632612 0.632902 0.634722 0.638094 0.643059 6055.000000 1.280185 0.812277
0.810590 0.791146 0.774435 0.760209 0.748266 0.738445 0.730615 0.724676 0.720556 0.718202 0.717587 0.718703 0.721564 0.726203 0.732680 0.741074 0.751494 0.764078 0.779000 0.796473 0.816761 0.840186 0.867146 0.898128 0.860655 0.826737 0.797240 0.771569 0.749249 0.729892 0.713186 0.698873 0.686745 0.676633 0.668402 0.661944 0.657177 0.654043 0.652504 0.652539 0.654151 0.657359 0.662201 0.668738 0.677053 0.687253 0.699477 0.713894 0.730716 0.750200 0.772664 0.798498 0.828184 0.862319 0.901655 0.947142 1.000000 0.980397 0.942559 0.909643 0.880999 0.856104 0.834532 0.815938 0.800039 0.786608 0.775457 0.766438 0.759435 0.754360 0.751150 0.749766 0.750191 0.752430 0.756510 0.762482 0.770419 0.780424 0.770385 0.751805 0.735832 0.722228 0.710798 0.701388 0.693874 0.688159 0.684172 0.681865 0.681208 0.682195 0.684837 0.689166 0.695236 0.703122 0.712927 0.724780 0.738843 0.755319 0.774455 0.796554 0.821990 0.851222 0.839230 0.819988 0.803501 0.789528 0.777875 0.768385 0.760935 0.755431 0.751803 0.750009 0.750025 0.751853 0.755515 0.761054 0.768541 0.778070 0.789764 0.803781 0.820316 0.839612 0.861963 0.887734 0.917372 0.888726 0.858963 0.833071 6630.500000 1.154957 0.839410
0.936579 0.900829 0.869727 0.842663 0.819146 0.798778 0.781235 0.766252 0.753614 0.743148 0.734715 0.728205 0.723537 0.720654 0.719520 0.713892 0.708463 0.704801 0.702861 0.702620 0.704075 0.707243 0.712164 0.718897 0.727528 0.738169 0.750961 0.766083 0.783754 0.760632 0.739178 0.720589 0.704568 0.690871 0.679303 0.669702 0.661942 0.655921 0.651564 0.648818 0.647648 0.648041 0.650001 0.653552 0.658738 0.665624 0.674296 0.684869 0.697486 0.694707 0.693145 0.693257 0.695044 0.698527 0.703749 0.710775 0.719694 0.730622 0.743707 0.759130 0.777119 0.797950 0.821964 0.822881 0.802509 0.784967 0.769990 0.757365 0.746917 0.738509 0.732031 0.727404 0.724569 0.723492 0.724161 0.726583 0.730787 0.736826 0.744775 0.754735 0.766837 0.781247 0.798168 0.817853 0.840609 0.826161 0.806166 0.788972 0.774323 0.762009 0.751865 0.743755 0.737576 0.733250 0.730726 0.729971 0.730977 0.733755 0.738341 0.744790 0.723107 0.692039 0.665067 0.641607 0.621191 0.603442 0.588058 0.574788 0.563432 0.553823 0.545831 0.539346 0.534285 0.530585 0.528200 0.527100 0.539115 0.559763 0.583518 0.610915 0.642636 0.679558 0.722828 0.773976 0.835078 0.909032 1.000000 0.977736 1745.500000 1.111372 0.808675
0.615472 0.623938 0.634188 0.646365 0.660641 0.677230 0.696395 0.718457 0.737168 0.735280 0.735168 0.736831 0.740290 0.745585 0.752783 0.761975 0.773280 0.786850 0.802874 0.821584 0.843267 0.868273 0.897036 0.930086 0.968087 0.987927 0.952402 0.921486 0.894602 0.871281 0.851143 0.833879 0.819236 0.807009 0.797033 0.789179 0.783347 0.779464 0.777484 0.777381 0.779156 0.782829 0.788445 0.796073 0.782646 0.754237 0.729515 0.708013 0.689356 0.673237 0.659407 0.647662 0.637838 0.629803 0.623450 0.618700 0.615494 0.613791 0.613572 0.614834 0.617592 0.621880 0.627750 0.635278 0.644560 0.655720 0.668913 0.684331 0.702207 0.722831 0.746556 0.773818 0.805161 0.841261 0.882978 0.931409 0.902147 0.873271 0.848167 0.826400 0.807620 0.791539 0.777923 0.766583 0.757368 0.750157 0.744859 0.741410 0.739766 0.739908 0.741838 0.745578 0.751176 0.758699 0.768245 0.779936 0.793931 0.810426 0.829661 0.851935 0.877609 0.907133 0.941058 0.980072 1.000000 0.939176 0.887342 0.842854 0.804460 0.771189 0.742277 0.717120 0.695232 0.676222 0.659771 0.645619 0.633556 0.623410 0.615042 0.608342 0.603224 0.599624 0.597497 0.596819 0.597579 0.599789 0.603474 0.608680 19682.500000 1.305652 0.809137
0.867371 0.852708 0.840524 0.830656 0.822977 0.817389 0.813824 0.812238 0.812613 0.814952 0.819283 0.825661 0.834165 0.844901 0.858012 0.873674 0.892108 0.913584 0.938437 0.967075 1.000000 0.991215 0.959381 0.931702 0.907701 0.886989 0.869248 0.854220 0.841697 0.831509 0.823526 0.817645 0.813795 0.811927 0.812020 0.814074 0.818114 0.824190 0.832378 0.842780 0.822055 0.799225 0.779455 0.762432 0.747900 0.735651 0.725516 0.717361 0.711082 0.706599 0.703857 0.702824 0.703485 0.705850 0.709946 0.715826 0.723561 0.733250 0.745022 0.759037 0.775493 0.794635 0.816763 0.842247 0.871539 0.905201 0.943933 0.938574 0.921580 0.907337 0.895653 0.886375 0.879383 0.874591 0.871940 0.871399 0.872959 0.876641 0.882490 0.890576 0.901003 0.913905 0.929453 0.947862 0.969398 0.955224 0.924546 0.897872 0.874742 0.854782 0.837686 0.823204 0.811135 0.801317 0.793624 0.787957 0.784246 0.782446 0.782535 0.784515 0.788408 0.794264 0.802154 0.812179 0.818918 0.801358 0.786390 0.773802 0.763420 0.755107 0.748759 0.744294 0.741658 0.740820 0.741768 0.744515 0.749093 0.755559 0.763995 0.774508 0.787238 0.802358 0.820084 0.840683 0.864479 0.891873 0.904993 0.884716 605.500000 1.193737 0.888920
0.852180 0.893804 0.881666 0.857181 0.835979 0.817722 0.802138 0.789001 0.778132 0.769387 0.762653 0.757846 0.754906 0.753798 0.754508 0.757045 0.761440 0.767747 0.776044 0.786437 0.799064 0.814096 0.831747 0.852279 0.858894 0.826053 0.797482 0.772621 0.751017 0.732305 0.716186 0.702417 0.690800 0.681176 0.673416 0.667421 0.663115 0.660445 0.659378 0.659902 0.662023 0.665767 0.671180 0.678329 0.687305 0.698227 0.711243 0.726536 0.744335 0.764916 0.749535 0.730740 0.714543 0.700701 0.689013 0.679318 0.671487 0.665420 0.661039 0.658292 0.657143 0.657580 0.659608 0.663251 0.668555 0.675584 0.684429 0.695206 0.708060 0.723174 0.740771 0.761125 0.784572 0.811527 0.842502 0.878135 0.919228 0.966798 1.000000 0.951958 0.910413 0.874361 0.843009 0.815725 0.792000 0.771421 0.753655 0.738427 0.725516 0.714741 0.705957 0.699050 0.693932 0.690540 0.688833 0.688789 0.690409 0.693711 0.698736 0.705547 0.714229 0.724896 0.725258 0.705813 0.689000 0.674557 0.662269 0.651964 0.643501 0.636769 0.631683 0.628178 0.626213 0.625763 0.626822 0.629404 0.633539 0.639280 0.646698 0.655888 0.666974 0.680107 0.695477 0.713316 0.733909 0.757606 0.784838 0.816139 8365.000000 1.238070 0.835007
0.725320 0.735785 0.748385 0.763296 0.763131 0.722643 0.687808 0.657689 0.631554 0.608828 0.589050 0.571851 0.556932 0.544048 0.533003 0.523633 0.515808 0.509423 0.504394 0.501768 0.505424 0.510373 0.516676 0.524417 0.533697 0.544648 0.557429 0.572236 0.589310 0.608945 0.631508 0.657452 0.687346 0.721911 0.762068 0.809020 0.864357 0.930225 1.000000 0.955752 0.917371 0.884000 0.854960 0.829702 0.807784 0.788845 0.772593 0.758788 0.747237 0.737782 0.730301 0.716138 0.690092 0.667426 0.647712 0.630605 0.615824 0.603139 0.592365 0.583350 0.575972 0.570134 0.565763 0.562804 0.561220 0.560994 0.562121 0.564615 0.568508 0.573846 0.580698 0.589152 0.599321 0.611346 0.625401 0.641699 0.660504 0.682137 0.697570 0.695049 0.694211 0.695049 0.697570 0.701807 0.707812 0.715659 0.725449 0.737312 0.751409 0.767942 0.765219 0.746024 0.729482 0.715344 0.703406 0.693504 0.685504 0.679305 0.674829 0.672019 0.670842 0.671283 0.673348 0.677063 0.682471 0.689642 0.698665 0.709661 0.722777 0.738199 0.756154 0.776923 0.800850 0.789146 0.770536 0.754559 0.740980 0.729608 0.720288 0.712900 0.707348 0.703564 0.701501 0.701134 0.702459 0.705492 0.710270 0.716852 7138.500000 1.188585 0.803357
0.956018 0.917861 0.884682 0.855807 0.830696 0.808910 0.790092 0.773952 0.760253 0.748803 0.739447 0.732065 0.726561 0.722868 0.720940 0.720755 0.722309 0.725622 0.730733 0.737708 0.746632 0.757623 0.770827 0.786427 0.804650 0.825775 0.850142 0.878170 0.910378 0.903603 0.878116 0.856033 0.837000 0.820730 0.806987 0.795582 0.786362 0.779210 0.774034 0.770772 0.769382 0.769849 0.772177 0.776396 0.782557 0.790737 0.801039 0.813600 0.828588 0.846216 0.866744 0.890491 0.917850 0.949302 0.985445 0.960596 0.924114 0.892374 0.864755 0.840760 0.819982 0.802092 0.786821 0.773950 0.763303 0.754739 0.748147 0.743444 0.740574 0.739500 0.740209 0.742712 0.747036 0.753237 0.761391 0.771603 0.784007 0.798772 0.816108 0.836272 0.859581 0.845716 0.831555 0.819803 0.810303 0.802932 0.797599 0.794237 0.792805 0.793286 0.795686 0.800033 0.806382 0.814810 0.825426 0.838369 0.853814 0.871979 0.893132 0.917602 0.893475 0.866978 0.843982 0.824108 0.807048 0.792551 0.780412 0.770468 0.762588 0.756672 0.752646 0.750462 0.750091 0.751531 0.754798 0.759932 0.766998 0.776082 0.787305 0.800813 0.816796 0.835484 0.857160 0.882172 0.910949 0.944017 0.982031 1.000000 3363.500000 1.038518 0.850514
0.859173 0.842110 0.827666 0.815641 0.805875 0.798239 0.792639 0.789004 0.787290 0.787477 0.789567 0.793584 0.799579 0.807625 0.817826 0.830313 0.845255 0.862862 0.844814 0.819649 0.797806 0.778924 0.762711 0.748926 0.737376 0.727903 0.720384 0.714723 0.710850 0.708716 0.708296 0.709586 0.712600 0.717375 0.723970 0.732469 0.742981 0.755646 0.770639 0.788176 0.808524 0.832007 0.859026 0.859035 0.854380 0.851815 0.851311 0.852861 0.856483 0.862223 0.870150 0.880365 0.892999 0.908221 0.926242 0.947320 0.971775 1.000000 0.999635 0.971249 0.946648 0.925437 0.907293 0.891955 0.879210 0.868887 0.860854 0.855009 0.851280 0.849621 0.850012 0.852458 0.856989 0.863660 0.872555 0.883785 0.897499 0.868916 0.836218 0.807768 0.783013 0.761511 0.742901 0.726887 0.713231 0.701739 0.692252 0.684645 0.678821 0.674708 0.672253 0.671429 0.672223 0.674647 0.677253 0.680312 0.685056 0.691544 0.699859 0.710107 0.722427 0.736988 0.754002 0.773728 0.796485 0.822662 0.852743 0.887326 0.927161 0.968999 0.954527 0.942719 0.933420 0.926513 0.921913 0.919562 0.919433 0.921523 0.925858 0.932492 0.941506 0.953014 0.967166 0.984150 0.959505 0.928854 0.902206 0.879104 713.000000 1.256381 0.884503
