0.870248 0.885803 0.904142 0.918883 0.877350 0.841348 0.810059 0.782832 0.759145 0.738577 0.720784 0.705488 0.692461 0.681519 0.671743 0.663433 0.656889 0.652029 0.648791 0.647137 0.647046 0.648517 0.651568 0.656236 0.662580 0.670678 0.680638 0.692591 0.706704 0.723183 0.742280 0.726841 0.708133 0.691990 0.678163 0.666452 0.656694 0.648758 0.642541 0.637964 0.634971 0.633525 0.633608 0.635222 0.638387 0.643139 0.649540 0.657670 0.667634 0.679568 0.693637 0.710048 0.725337 0.738259 0.753498 0.771276 0.791868 0.815608 0.842909 0.874280 0.910354 0.951926 1.000000 0.984489 0.943047 0.907051 0.875734 0.848482 0.824803 0.804295 0.786630 0.771544 0.758819 0.748281 0.739789 0.733234 0.728534 0.725631 0.724490 0.719053 0.698586 0.680846 0.665549 0.652461 0.641393 0.632193 0.624736 0.618927 0.614692 0.611979 0.610754 0.611004 0.612730 0.615954 0.620716 0.627074 0.635110 0.644929 0.656662 0.670475 0.674494 0.669632 0.666434 0.664861 0.664893 0.666531 0.669794 0.674723 0.681379 0.689846 0.700234 0.712683 0.727367 0.744500 0.764345 0.787225 0.813538 0.843774 0.837539 0.831573 0.827672 0.825787 0.825895 0.827999 0.832124 0.838319 0.846662 0.857259 767.000000 1.372342 0.857507
0.757846 0.777114 0.799364 0.824971 0.854400 0.861423 0.845518 0.832158 0.821161 0.812383 0.805711 0.801061 0.798378 0.797627 0.798800 0.801912 0.806999 0.814126 0.823380 0.834882 0.848784 0.819348 0.772917 0.733138 0.698853 0.669173 0.643397 0.620974 0.601462 0.584503 0.569810 0.557147 0.546322 0.537179 0.529591 0.523459 0.518702 0.515261 0.513094 0.516049 0.521142 0.527620 0.535568 0.545092 0.556325 0.569432 0.584614 0.602118 0.622248 0.645378 0.671976 0.702627 0.738070 0.775987 0.785596 0.797391 0.811530 0.828211 0.847677 0.870227 0.896228 0.926130 0.960490 1.000000 0.981581 0.935235 0.895128 0.860307 0.830018 0.803659 0.780746 0.760886 0.743758 0.729102 0.716706 0.706398 0.698039 0.691523 0.686766 0.683711 0.679113 0.663631 0.650371 0.639140 0.629782 0.622171 0.616208 0.611819 0.608949 0.607562 0.607642 0.607189 0.607695 0.609671 0.613142 0.618150 0.624759 0.633051 0.643137 0.655154 0.669271 0.685699 0.704693 0.726570 0.751718 0.780617 0.813866 0.817991 0.793294 0.771850 0.753301 0.737358 0.723783 0.712385 0.703007 0.695526 0.689847 0.685900 0.683635 0.683024 0.684062 0.686759 0.691150 0.697288 0.705249 0.715138 0.727084 0.741253 5280.000000 1.183983 0.815049
0.901929 0.860732 0.825034 0.794017 0.767028 0.743545 0.723149 0.705495 0.690307 0.677356 0.666458 0.657464 0.650255 0.644739 0.640846 0.638529 0.637760 0.638529 0.640846 0.644739 0.650255 0.657464 0.666458 0.677356 0.690307 0.705495 0.723149 0.743545 0.767028 0.794017 0.790414 0.770285 0.752924 0.738067 0.725499 0.715046 0.706568 0.699955 0.695123 0.692014 0.690589 0.690830 0.692741 0.696345 0.701685 0.708829 0.717868 0.728918 0.742130 0.757688 0.775822 0.796812 0.821002 0.801059 0.779085 0.760066 0.743702 0.729749 0.718008 0.708319 0.700552 0.694609 0.690416 0.687920 0.687091 0.687920 0.690416 0.694609 0.700552 0.708319 0.718008 0.729749 0.743702 0.760066 0.779085 0.801059 0.826358 0.855434 0.888851 0.927310 0.911803 0.867147 0.828564 0.795101 0.766011 0.740695 0.718675 0.699564 0.683045 0.668862 0.656807 0.646709 0.638431 0.631866 0.626929 0.623560 0.621716 0.621375 0.622534 0.625206 0.629424 0.635241 0.642728 0.651983 0.663130 0.668822 0.663746 0.660326 0.658520 0.658305 0.659678 0.662657 0.667278 0.673598 0.681697 0.691680 0.703679 0.717863 0.734435 0.753650 0.775816 0.801314 0.830614 0.864300 0.903101 0.947940 1.000000 0.949671 1412.500000 1.114799 0.813933
0.587047 0.591505 0.597481 0.605052 0.614315 0.625397 0.638453 0.653674 0.671294 0.691603 0.714956 0.741790 0.772651 0.808223 0.849374 0.897217 0.895721 0.862147 0.832934 0.807517 0.785441 0.766337 0.749905 0.735897 0.724116 0.714401 0.706622 0.700680 0.696502 0.694035 0.693250 0.694137 0.696707 0.700991 0.707042 0.714935 0.724773 0.736685 0.750833 0.767421 0.786696 0.808964 0.834598 0.864060 0.897920 0.936891 0.981871 1.000000 0.931555 0.873849 0.824746 0.782654 0.746359 0.714928 0.687627 0.663875 0.643207 0.625247 0.609692 0.596294 0.584851 0.575198 0.567203 0.560760 0.555785 0.552217 0.550010 0.549139 0.549592 0.551376 0.554511 0.559037 0.565010 0.572505 0.581623 0.592486 0.601257 0.610811 0.622198 0.635576 0.651147 0.669151 0.689889 0.713728 0.741122 0.772640 0.808992 0.851085 0.900087 0.900642 0.886152 0.874193 0.864607 0.857273 0.852097 0.849017 0.847994 0.849017 0.852097 0.857273 0.864607 0.874193 0.886152 0.895235 0.858332 0.826262 0.798356 0.774078 0.752993 0.734750 0.719061 0.705692 0.694454 0.685193 0.677788 0.667045 0.649996 0.635288 0.622699 0.612045 0.603178 0.595979 0.590356 0.586236 0.583570 0.582325 0.582485 0.584053 1480.500000 1.244934 0.780688
0.948283 0.895849 0.850852 0.812022 0.778375 0.749138 0.723698 0.701564 0.682339 0.665700 0.651385 0.639180 0.628912 0.620439 0.613650 0.608459 0.604799 0.602626 0.601913 0.602652 0.604852 0.608539 0.613760 0.620578 0.629083 0.639385 0.651627 0.665982 0.682665 0.701941 0.724131 0.749636 0.778947 0.812682 0.851615 0.866024 0.826656 0.792538 0.762889 0.737091 0.714645 0.695151 0.678284 0.663776 0.651413 0.641018 0.632449 0.625593 0.620363 0.616693 0.614538 0.613872 0.614686 0.616991 0.620814 0.626203 0.633225 0.641971 0.652556 0.665125 0.679857 0.696974 0.716747 0.739507 0.765666 0.795731 0.830335 0.870277 0.916577 0.951560 0.905050 0.864862 0.830005 0.799701 0.773329 0.750391 0.730484 0.713280 0.698511 0.685961 0.675452 0.666842 0.660020 0.654897 0.651410 0.649517 0.649194 0.650438 0.653263 0.657704 0.663816 0.671676 0.681386 0.693075 0.706904 0.723074 0.741830 0.724222 0.703353 0.685258 0.669643 0.656270 0.644944 0.635507 0.627833 0.621822 0.617398 0.614507 0.613113 0.613200 0.614767 0.617835 0.622441 0.628641 0.636516 0.646166 0.657723 0.671347 0.687238 0.705641 0.726856 0.751252 0.779284 0.811522 0.848673 0.891641 0.941582 1.000000 3955.500000 1.182334 0.759549
0.998903 0.935857 0.869903 0.814467 0.767410 0.727151 0.692490 0.662506 0.636481 0.613846 0.594148 0.577022 0.562171 0.549357 0.538381 0.529085 0.521340 0.515040 0.510106 0.506473 0.504098 0.502951 0.503018 0.504300 0.506813 0.510588 0.515670 0.522125 0.530038 0.539513 0.550684 0.563714 0.578804 0.596199 0.616204 0.639190 0.665624 0.696087 0.731320 0.772268 0.820167 0.833708 0.782484 0.738868 0.701458 0.669188 0.641233 0.616947 0.595817 0.577431 0.561458 0.547628 0.535723 0.525564 0.517005 0.509930 0.504243 0.499874 0.496765 0.494880 0.494196 0.494703 0.496408 0.499333 0.503512 0.508998 0.515862 0.524193 0.534106 0.545741 0.559272 0.574911 0.592918 0.613617 0.637404 0.664776 0.696357 0.732942 0.775557 0.825544 0.884697 0.955462 1.000000 0.906939 0.831557 0.769455 0.717594 0.673802 0.636493 0.604479 0.576855 0.552918 0.532120 0.514023 0.498278 0.484601 0.472763 0.462578 0.453893 0.446584 0.440551 0.435715 0.432013 0.429399 0.427841 0.427320 0.427830 0.429377 0.431980 0.435670 0.440494 0.446514 0.453809 0.462479 0.472647 0.484466 0.498123 0.513845 0.531915 0.552683 0.576583 0.604166 0.636129 0.673376 0.717092 0.768858 0.830837 0.906059 7312.500000 1.244579 0.593703
0.674332 0.679917 0.687265 0.690269 0.684378 0.680211 0.677717 0.676866 0.677648 0.680072 0.684168 0.689985 0.697597 0.707101 0.718623 0.732321 0.748388 0.767066 0.771618 0.770666 0.771573 0.774350 0.779031 0.785673 0.794359 0.805200 0.818341 0.833960 0.849328 0.843664 0.840085 0.838548 0.839034 0.841549 0.846124 0.852815 0.861704 0.872907 0.886568 0.902873 0.922052 0.944388 0.970229 1.000000 0.961195 0.916741 0.878240 0.844795 0.815697 0.790377 0.768377 0.749326 0.732919 0.718909 0.707097 0.697320 0.689447 0.683379 0.676815 0.661543 0.648472 0.637414 0.628214 0.620751 0.614927 0.610668 0.607923 0.606657 0.606855 0.608520 0.611672 0.616349 0.622610 0.630534 0.640224 0.651811 0.665459 0.681366 0.699780 0.721002 0.745404 0.773443 0.805692 0.807932 0.807613 0.809243 0.812841 0.818453 0.826146 0.836018 0.848198 0.862847 0.880168 0.900413 0.923889 0.950975 0.958384 0.932808 0.910699 0.891711 0.875566 0.862035 0.850934 0.842119 0.835476 0.830923 0.828405 0.827890 0.829373 0.832871 0.838428 0.846110 0.834443 0.805761 0.780804 0.759120 0.740344 0.724176 0.710374 0.698740 0.689115 0.681370 0.675406 0.671149 0.668546 0.667564 0.668193 0.670440 11843.500000 1.313395 0.887488
0.696193 0.661382 0.631335 0.605295 0.582665 0.562974 0.545842 0.530964 0.518090 0.507019 0.497584 0.489652 0.483114 0.477885 0.473897 0.471101 0.469462 0.468960 0.469589 0.471357 0.474286 0.478410 0.483783 0.490473 0.498568 0.508180 0.519446 0.532535 0.547653 0.565057 0.585058 0.608046 0.634505 0.665047 0.700451 0.741723 0.790187 0.847611 0.916416 1.000000 0.925788 0.839301 0.769287 0.711638 0.663513 0.622891 0.588291 0.558608 0.532998 0.510811 0.491533 0.474760 0.460166 0.447488 0.436514 0.427069 0.419012 0.412228 0.406625 0.402127 0.398678 0.396234 0.394765 0.394253 0.394692 0.396088 0.398456 0.401827 0.406242 0.411759 0.418449 0.426405 0.435739 0.446591 0.459131 0.473570 0.490166 0.509238 0.531186 0.556513 0.585857 0.620046 0.660161 0.707648 0.764480 0.833422 0.918463 0.940033 0.872025 0.815025 0.766753 0.725529 0.690090 0.659466 0.632905 0.609813 0.589717 0.572238 0.557068 0.543959 0.532706 0.523145 0.515139 0.508582 0.503387 0.499488 0.496837 0.495401 0.495162 0.496119 0.498282 0.501678 0.506348 0.512352 0.519768 0.528694 0.539253 0.551599 0.565919 0.582442 0.601452 0.623297 0.648410 0.677331 0.710745 0.749526 0.784321 0.736746 5232.500000 1.343039 0.584959
1.000000 0.963974 0.927060 0.894946 0.867001 0.842717 0.821682 0.803560 0.788078 0.775012 0.764184 0.755450 0.748695 0.743837 0.703530 0.668402 0.638080 0.611799 0.588961 0.569087 0.551797 0.536782 0.523791 0.512619 0.503101 0.495100 0.488509 0.483240 0.479225 0.476415 0.474774 0.474284 0.474938 0.476743 0.479722 0.479938 0.481230 0.483697 0.487370 0.492294 0.498532 0.506165 0.515296 0.526053 0.538595 0.553113 0.569847 0.589089 0.611199 0.636628 0.665937 0.699844 0.739265 0.749543 0.754758 0.761893 0.771041 0.782318 0.795876 0.811902 0.830630 0.852343 0.877393 0.906209 0.939322 0.942459 0.884855 0.835784 0.793681 0.757354 0.725879 0.698531 0.674736 0.654032 0.636048 0.620481 0.607085 0.595660 0.586043 0.578102 0.571733 0.566853 0.563401 0.564413 0.567568 0.572145 0.578200 0.585811 0.595078 0.606126 0.619113 0.634229 0.651711 0.671848 0.694998 0.699066 0.667734 0.640567 0.616952 0.596402 0.578526 0.563007 0.549588 0.538060 0.528253 0.520027 0.513270 0.508739 0.509509 0.511516 0.514783 0.519352 0.525279 0.532641 0.541536 0.552085 0.564441 0.578788 0.595355 0.614423 0.636336 0.661522 0.690516 0.723993 0.762812 0.808088 0.861282 0.924357 1185.500000 1.401445 0.743971
0.800695 0.737052 0.684309 0.640049 0.602530 0.570464 0.542881 0.519035 0.498345 0.480355 0.464699 0.451083 0.439271 0.429069 0.420319 0.412895 0.406690 0.401623 0.397626 0.394650 0.392657 0.391622 0.391534 0.392391 0.394203 0.396993 0.400795 0.405657 0.411643 0.418832 0.427325 0.423078 0.414963 0.408119 0.402450 0.397882 0.394356 0.391828 0.390266 0.389652 0.389977 0.391246 0.393475 0.396690 0.400932 0.406255 0.412729 0.420442 0.429504 0.440047 0.452239 0.466280 0.482421 0.500969 0.522310 0.546925 0.575431 0.608618 0.647523 0.693526 0.748507 0.815088 0.897043 1.000000 0.924390 0.828586 0.752418 0.690598 0.639590 0.596937 0.560884 0.530143 0.503746 0.480958 0.461205 0.444038 0.429099 0.416103 0.404818 0.395055 0.386662 0.379513 0.373507 0.368562 0.364613 0.361611 0.359516 0.358303 0.357958 0.358477 0.359865 0.362140 0.365329 0.369473 0.374625 0.380854 0.388244 0.396901 0.397122 0.393735 0.391340 0.389908 0.389421 0.389873 0.391270 0.393628 0.396978 0.401360 0.406831 0.413462 0.421346 0.430594 0.441343 0.453765 0.468066 0.484503 0.503393 0.525133 0.550220 0.579290 0.613163 0.652914 0.699979 0.756320 0.824686 0.909047 0.976110 0.878684 7591.000000 2.434696 0.549869
0.725710 0.713833 0.704008 0.696103 0.690018 0.685675 0.683023 0.682027 0.682676 0.684979 0.688962 0.694676 0.702190 0.711603 0.723036 0.736646 0.752627 0.771215 0.788150 0.768570 0.751707 0.737306 0.725160 0.715103 0.707001 0.700750 0.696270 0.693508 0.692430 0.693021 0.695290 0.699264 0.704992 0.712546 0.722021 0.733543 0.747267 0.763389 0.782148 0.803838 0.828818 0.857533 0.890531 0.928497 0.950146 0.915025 0.884463 0.857876 0.834793 0.814832 0.797680 0.783082 0.770833 0.760766 0.752748 0.746678 0.742479 0.740100 0.739512 0.740708 0.743703 0.748532 0.755256 0.763959 0.774753 0.787782 0.803224 0.821302 0.842288 0.866517 0.872662 0.834448 0.801289 0.772455 0.747362 0.725541 0.706612 0.690266 0.676252 0.664364 0.654436 0.646334 0.639954 0.635213 0.632054 0.630438 0.630344 0.631772 0.634739 0.639282 0.645456 0.653340 0.657733 0.662004 0.667951 0.675648 0.685194 0.696717 0.710374 0.726362 0.744922 0.766351 0.791011 0.819350 0.851923 0.889426 0.932732 0.982961 1.000000 0.961756 0.928484 0.899531 0.874372 0.852581 0.833809 0.817773 0.804244 0.793034 0.783995 0.777011 0.771994 0.768881 0.767635 0.768241 0.770706 0.775060 0.756309 0.739802 3808.500000 1.173786 0.838285
0.643555 0.627080 0.612866 0.600698 0.590398 0.581824 0.574860 0.569416 0.565424 0.562834 0.561614 0.561750 0.563243 0.566112 0.570391 0.576134 0.583413 0.592324 0.602987 0.615551 0.630199 0.647159 0.666708 0.689187 0.715017 0.744722 0.778961 0.818567 0.864610 0.918486 0.938463 0.879179 0.828818 0.785704 0.748568 0.716432 0.688532 0.664264 0.643145 0.624787 0.608873 0.595148 0.583403 0.573467 0.565203 0.558500 0.553271 0.549451 0.546992 0.545864 0.546053 0.547562 0.550409 0.554629 0.560274 0.567417 0.576150 0.586591 0.598887 0.613218 0.622424 0.603951 0.587919 0.574063 0.562169 0.552060 0.543595 0.536659 0.531161 0.527031 0.524218 0.522688 0.522421 0.523415 0.525682 0.529249 0.534160 0.540478 0.548283 0.557680 0.568800 0.581801 0.596883 0.614287 0.634310 0.657319 0.683770 0.714231 0.749423 0.790265 0.837950 0.894051 0.960684 1.000000 0.925122 0.862610 0.809839 0.764889 0.726324 0.693051 0.664222 0.639175 0.617381 0.598419 0.581947 0.567688 0.555418 0.544951 0.536140 0.528863 0.523024 0.518548 0.515379 0.513478 0.512821 0.513402 0.515227 0.518318 0.522713 0.528467 0.535654 0.544369 0.554731 0.566886 0.581018 0.597348 0.616150 0.637760 7563.500000 1.559446 0.712665
0.675741 0.684969 0.696152 0.709444 0.725034 0.743155 0.764094 0.788200 0.769964 0.749941 0.732655 0.717837 0.705273 0.694785 0.686234 0.679508 0.674522 0.671214 0.669543 0.669489 0.671052 0.674250 0.679122 0.685730 0.694156 0.704510 0.690850 0.679084 0.669298 0.661361 0.655169 0.650645 0.647733 0.646397 0.646621 0.648408 0.651779 0.656777 0.661700 0.662598 0.665102 0.669245 0.675075 0.682667 0.692118 0.703554 0.717130 0.725912 0.733635 0.743334 0.755137 0.769204 0.785733 0.804971 0.827217 0.852840 0.882295 0.916143 0.955085 1.000000 0.919545 0.849477 0.791101 0.741906 0.700058 0.664194 0.633276 0.606505 0.583254 0.563026 0.545424 0.530128 0.516877 0.509522 0.508697 0.509098 0.510732 0.513617 0.517790 0.523302 0.530224 0.538646 0.548684 0.560478 0.574204 0.590077 0.608360 0.629376 0.653528 0.681313 0.713361 0.750470 0.793669 0.833923 0.815925 0.800576 0.787656 0.776989 0.768433 0.761879 0.757245 0.754473 0.753530 0.754405 0.757108 0.761672 0.768153 0.776632 0.787218 0.800051 0.815306 0.788683 0.764514 0.743520 0.725348 0.709713 0.696380 0.685159 0.675896 0.668469 0.662783 0.658767 0.656371 0.655565 0.656341 0.658707 0.662693 0.668348 1967.000000 1.148773 0.802146
0.743568 0.763982 0.787498 0.814533 0.845600 0.842288 0.820767 0.802203 0.786312 0.772865 0.761674 0.752589 0.745493 0.740297 0.736936 0.735369 0.735576 0.737561 0.741348 0.746983 0.754535 0.764101 0.775807 0.789808 0.806303 0.825532 0.847793 0.873451 0.896704 0.863838 0.835237 0.810359 0.788765 0.770100 0.754072 0.740445 0.729027 0.719663 0.712230 0.706635 0.702807 0.700698 0.700285 0.701561 0.694861 0.680561 0.668416 0.658255 0.649940 0.643364 0.638441 0.635112 0.633336 0.633090 0.634372 0.637198 0.641601 0.647637 0.655381 0.664934 0.676423 0.690007 0.705884 0.724295 0.745536 0.769972 0.798051 0.830332 0.867512 0.910474 0.960348 1.000000 0.949359 0.905677 0.867836 0.834962 0.806359 0.781471 0.759849 0.741128 0.725013 0.711260 0.699674 0.690095 0.682396 0.676479 0.672270 0.669716 0.668786 0.669470 0.671775 0.675729 0.681381 0.688802 0.698087 0.709358 0.722769 0.738509 0.756815 0.777973 0.802336 0.830340 0.862522 0.899554 0.861508 0.828369 0.799539 0.774452 0.752649 0.733760 0.717481 0.703568 0.691819 0.682071 0.674197 0.668093 0.663683 0.660913 0.659749 0.660176 0.662200 0.665846 0.671158 0.678202 0.687069 0.697874 0.710764 0.725921 4140.500000 1.083259 0.816841
0.915811 0.894933 0.877051 0.861906 0.849286 0.839023 0.830982 0.825063 0.821193 0.819322 0.819430 0.821518 0.825610 0.831756 0.840034 0.850548 0.863435 0.878868 0.896396 0.871502 0.849945 0.831384 0.815539 0.802183 0.791133 0.782241 0.775395 0.770507 0.767519 0.766392 0.767114 0.769693 0.774162 0.780573 0.789009 0.787391 0.776844 0.768403 0.761960 0.757433 0.754767 0.753930 0.754912 0.757723 0.762400 0.768998 0.777601 0.788320 0.801295 0.816706 0.834771 0.855762 0.880010 0.907924 0.940005 0.976875 0.977174 0.955775 0.937504 0.922098 0.909345 0.899076 0.891160 0.885497 0.882016 0.880677 0.881461 0.884379 0.889467 0.896786 0.906429 0.918518 0.933213 0.950713 0.960185 0.923934 0.892391 0.864946 0.841105 0.820466 0.802704 0.787551 0.774792 0.764251 0.755790 0.749299 0.744698 0.741929 0.740959 0.741776 0.744391 0.748834 0.755161 0.763451 0.773809 0.780437 0.773115 0.767761 0.764309 0.762717 0.762967 0.765060 0.769022 0.774903 0.782774 0.792736 0.804919 0.819487 0.836645 0.856645 0.856771 0.851663 0.848647 0.847687 0.848772 0.851915 0.857154 0.864553 0.874206 0.886235 0.900801 0.918102 0.938386 0.961956 0.989185 1.000000 0.967908 0.940006 976.500000 1.120408 0.904142
0.714384 0.772145 0.842276 0.890153 0.859896 0.833571 0.810705 0.790914 0.773886 0.759367 0.747150 0.737067 0.728985 0.722801 0.718437 0.715840 0.714978 0.686059 0.650718 0.620261 0.593894 0.570997 0.551079 0.533745 0.518681 0.505628 0.494377 0.484759 0.482198 0.486998 0.493095 0.500567 0.509516 0.520066 0.532373 0.546624 0.563053 0.581946 0.603655 0.628620 0.657391 0.690665 0.729339 0.774576 0.827924 0.891469 0.968106 1.000000 0.900660 0.821073 0.756083 0.702194 0.656953 0.618589 0.585792 0.557572 0.533173 0.512001 0.493590 0.477567 0.463634 0.451548 0.441111 0.432164 0.424575 0.423229 0.430929 0.439994 0.450557 0.462783 0.476871 0.493069 0.511682 0.533090 0.557770 0.586327 0.619539 0.658422 0.704322 0.759066 0.825194 0.849722 0.825237 0.804006 0.785685 0.769995 0.756706 0.745633 0.736630 0.729577 0.724387 0.720995 0.719360 0.719461 0.721300 0.724900 0.730303 0.737579 0.746817 0.758140 0.768061 0.716542 0.673020 0.635926 0.604087 0.576607 0.552792 0.532097 0.514090 0.498423 0.484816 0.473042 0.462914 0.454283 0.447025 0.441041 0.436252 0.438573 0.449576 0.462288 0.476922 0.493742 0.513072 0.535319 0.560996 0.590755 0.625440 0.666156 680.500000 1.032673 0.600684
0.873337 0.909671 0.951552 1.000000 0.991424 0.942707 0.900622 0.864127 0.832402 0.804793 0.780778 0.759933 0.741912 0.726436 0.713275 0.702245 0.693195 0.686006 0.680589 0.676874 0.674816 0.674390 0.675591 0.678007 0.681610 0.686916 0.693990 0.702923 0.713830 0.726860 0.742196 0.760063 0.780739 0.804564 0.831956 0.863432 0.899637 0.913513 0.872483 0.836909 0.805988 0.779081 0.755673 0.735351 0.717778 0.702678 0.689828 0.679046 0.670185 0.663130 0.657790 0.654542 0.652927 0.652888 0.654427 0.657560 0.662327 0.668787 0.677021 0.687136 0.699268 0.713586 0.730299 0.749663 0.771992 0.797672 0.827182 0.830898 0.815288 0.802151 0.791306 0.782611 0.775955 0.771252 0.768447 0.767504 0.768412 0.771183 0.775849 0.782469 0.791125 0.801928 0.815021 0.830583 0.848835 0.870050 0.894564 0.922786 0.955224 0.953485 0.900670 0.855351 0.816246 0.782363 0.752922 0.727305 0.705017 0.685657 0.668900 0.654481 0.642186 0.631838 0.623296 0.616447 0.611203 0.607500 0.605290 0.604547 0.605262 0.607445 0.611120 0.616335 0.623153 0.631662 0.641975 0.654233 0.668610 0.685321 0.696398 0.703434 0.712348 0.723254 0.736302 0.751673 0.769593 0.790338 0.814249 0.841743 2433.500000 1.094400 0.795540
0.732970 0.771768 0.816982 0.870049 0.873853 0.835071 0.801434 0.772190 0.746741 0.724605 0.705395 0.688793 0.674543 0.662434 0.652295 0.643991 0.637411 0.632473 0.629114 0.627294 0.626991 0.628201 0.630939 0.635237 0.641150 0.648751 0.658139 0.669440 0.682809 0.698439 0.716569 0.737489 0.761557 0.789215 0.821009 0.857626 0.886749 0.839527 0.798907 0.763792 0.733326 0.706834 0.683780 0.663731 0.646336 0.631312 0.618427 0.607491 0.598352 0.590886 0.584996 0.580607 0.577665 0.576134 0.575995 0.577245 0.579902 0.583996 0.589580 0.596722 0.605516 0.616080 0.628559 0.643137 0.660034 0.676188 0.663852 0.653504 0.645003 0.638239 0.633125 0.629596 0.627610 0.627143 0.628189 0.630760 0.634889 0.640625 0.648041 0.657233 0.668322 0.681462 0.696842 0.714693 0.735301 0.759015 0.786268 0.817593 0.853660 0.895312 0.943627 1.000000 0.932893 0.870049 0.816982 0.771768 0.732970 0.699490 0.670480 0.645273 0.623339 0.604256 0.587680 0.573334 0.560991 0.550466 0.541609 0.534300 0.528442 0.523959 0.520796 0.518913 0.518288 0.518913 0.520796 0.523959 0.528442 0.534300 0.541609 0.550466 0.560991 0.573334 0.587680 0.604256 0.623339 0.645273 0.670480 0.699490 1091.500000 1.238966 0.737696
0.795290 0.835265 0.881707 0.936007 1.000000 0.990882 0.943925 0.903296 0.868024 0.837345 0.810647 0.787437 0.767316 0.749959 0.735102 0.722530 0.712066 0.703572 0.696938 0.692079 0.688935 0.687469 0.687662 0.689517 0.693056 0.698323 0.705382 0.714324 0.725266 0.738354 0.753772 0.771748 0.789136 0.759934 0.734522 0.712416 0.693223 0.676624 0.662359 0.650218 0.640028 0.631651 0.624976 0.619919 0.616416 0.614425 0.613920 0.614896 0.617365 0.621357 0.626921 0.634127 0.643068 0.653862 0.666659 0.681641 0.699034 0.719117 0.742228 0.768788 0.799316 0.834463 0.875048 0.922117 0.946779 0.905228 0.869177 0.837829 0.810548 0.786824 0.766242 0.748466 0.733223 0.720289 0.709483 0.700660 0.693704 0.688527 0.685065 0.683275 0.683136 0.684647 0.687824 0.692708 0.699359 0.707860 0.718323 0.730886 0.745725 0.763056 0.783143 0.806311 0.832960 0.863581 0.898788 0.883060 0.836425 0.796291 0.761583 0.731463 0.705269 0.682473 0.662652 0.645460 0.630618 0.617899 0.607117 0.598120 0.590789 0.585028 0.580763 0.577943 0.576532 0.576513 0.577886 0.580669 0.584894 0.590614 0.597902 0.606852 0.617584 0.630249 0.645030 0.662156 0.681902 0.704612 0.730709 0.760715 4854.000000 1.227443 0.763818
0.676398 0.709005 0.674185 0.644104 0.618017 0.595340 0.575606 0.558441 0.543541 0.530660 0.519599 0.510193 0.502311 0.495845 0.490710 0.486841 0.484190 0.482725 0.482427 0.483293 0.485333 0.488573 0.493052 0.498827 0.505972 0.514582 0.524777 0.536703 0.550541 0.566511 0.584888 0.606005 0.630280 0.658232 0.690520 0.727983 0.771710 0.823135 0.884185 0.952934 0.850138 0.769033 0.703603 0.649877 0.605128 0.567423 0.535355 0.507877 0.484190 0.463682 0.445872 0.430377 0.416894 0.405176 0.395024 0.386277 0.378802 0.372490 0.367256 0.363029 0.359756 0.357394 0.355915 0.355300 0.355543 0.356645 0.358621 0.361495 0.365303 0.370092 0.375927 0.382886 0.391067 0.400591 0.411607 0.424298 0.438886 0.455651 0.474936 0.497178 0.522926 0.552891 0.588002 0.629494 0.679047 0.739000 0.812712 0.905181 1.000000 0.911046 0.838480 0.778357 0.727917 0.685166 0.648634 0.617212 0.590049 0.566484 0.545994 0.528162 0.512654 0.499199 0.487577 0.477608 0.469146 0.462072 0.456292 0.451729 0.448326 0.446041 0.444844 0.444723 0.445675 0.447712 0.450859 0.455155 0.460654 0.467427 0.475565 0.485181 0.496415 0.509438 0.524459 0.541738 0.561594 0.584422 0.610718 0.641109 1771.500000 1.497625 0.568311
0.803058 0.820776 0.816667 0.796576 0.779283 0.764527 0.752098 0.741825 0.733572 0.727234 0.722730 0.720006 0.719028 0.719784 0.722284 0.726557 0.732657 0.740660 0.750668 0.762812 0.777260 0.794215 0.813932 0.836719 0.862958 0.893117 0.926216 0.891590 0.861460 0.835246 0.812481 0.792782 0.775841 0.761404 0.749267 0.739264 0.731263 0.725162 0.720884 0.718376 0.717609 0.718573 0.721279 0.725760 0.732073 0.740295 0.750533 0.762921 0.777630 0.794870 0.814900 0.838036 0.864668 0.895276 0.930454 0.911492 0.885088 0.862190 0.842425 0.825490 0.811139 0.799170 0.789423 0.781772 0.776119 0.772395 0.770554 0.770574 0.772455 0.776219 0.781914 0.789608 0.799401 0.811419 0.825824 0.832473 0.805167 0.781419 0.760811 0.743006 0.727729 0.714754 0.703900 0.695020 0.687999 0.682746 0.679196 0.677306 0.677054 0.678435 0.681467 0.686187 0.692653 0.700947 0.711176 0.723476 0.738019 0.755014 0.774722 0.797458 0.823613 0.853668 0.888221 0.928019 0.974007 1.000000 0.958609 0.922642 0.891346 0.864118 0.840468 0.820001 0.802394 0.787384 0.774758 0.764343 0.756001 0.749626 0.745137 0.742480 0.741622 0.742553 0.745284 0.749848 0.756302 0.764726 0.775228 0.787948 8525.500000 1.084834 0.845910
0.908475 0.934829 0.965153 1.000000 0.981255 0.942752 0.909264 0.880122 0.854785 0.832816 0.813859 0.797625 0.783878 0.772426 0.763115 0.755825 0.750465 0.746966 0.745287 0.745408 0.747329 0.737845 0.725318 0.714903 0.706461 0.699882 0.695083 0.692006 0.690612 0.690885 0.692828 0.696465 0.701839 0.709019 0.711502 0.703952 0.698225 0.694250 0.691977 0.691379 0.692448 0.695199 0.699664 0.705898 0.713979 0.724012 0.736130 0.750499 0.767326 0.786864 0.809423 0.835386 0.865224 0.899518 0.939000 0.984587 0.971706 0.947750 0.927125 0.909524 0.894694 0.882432 0.872574 0.864996 0.859601 0.856323 0.855122 0.855983 0.858918 0.863962 0.871176 0.880651 0.892508 0.906904 0.889294 0.852929 0.821322 0.793817 0.769890 0.749115 0.731147 0.715704 0.702558 0.691522 0.682446 0.675210 0.669723 0.665916 0.663741 0.663174 0.664205 0.666850 0.671138 0.677124 0.684883 0.694514 0.706145 0.719936 0.725175 0.726457 0.729505 0.734355 0.741068 0.749726 0.760444 0.773362 0.788660 0.806557 0.827324 0.851295 0.857416 0.841896 0.828889 0.818218 0.809745 0.803361 0.798987 0.796569 0.796077 0.797506 0.800873 0.806219 0.813610 0.823140 0.834930 0.849138 0.865961 0.885641 4423.500000 1.143038 0.875691
0.912123 0.886530 0.864359 0.845257 0.828934 0.815157 0.803734 0.794515 0.787380 0.782241 0.779032 0.777715 0.778275 0.780718 0.785073 0.791395 0.799761 0.810279 0.823087 0.838358 0.838002 0.813161 0.791604 0.772973 0.756981 0.743392 0.732015 0.722696 0.715312 0.709770 0.706002 0.703960 0.703620 0.704978 0.708050 0.712874 0.719509 0.728040 0.738575 0.751257 0.760742 0.745180 0.731969 0.720925 0.711900 0.704774 0.699458 0.695885 0.694012 0.693816 0.695295 0.698466 0.703369 0.710064 0.718635 0.729194 0.741881 0.756874 0.774389 0.794694 0.818116 0.845059 0.876018 0.911613 0.952614 1.000000 0.987764 0.954434 0.925436 0.900254 0.878466 0.859729 0.843766 0.830348 0.819294 0.810456 0.803723 0.799010 0.796259 0.795436 0.796533 0.799560 0.804557 0.787280 0.762362 0.740703 0.721931 0.705746 0.691900 0.680195 0.670467 0.662588 0.656454 0.651990 0.649139 0.647867 0.648158 0.650016 0.653463 0.658543 0.665317 0.673872 0.684320 0.696803 0.711495 0.728613 0.748423 0.771250 0.797494 0.827652 0.826494 0.813882 0.803555 0.795379 0.789250 0.785091 0.782852 0.782506 0.784048 0.787497 0.792895 0.800309 0.809832 0.821588 0.835733 0.852463 0.872021 0.894703 14706.500000 1.230851 0.878377
0.681183 0.696861 0.715041 0.736016 0.760145 0.787871 0.819747 0.803737 0.776358 0.752536 0.731843 0.713931 0.698518 0.685373 0.674307 0.665170 0.657842 0.652227 0.648255 0.645878 0.645067 0.645812 0.648121 0.646833 0.624493 0.605054 0.588162 0.573532 0.560931 0.550169 0.541090 0.533571 0.527512 0.522834 0.519479 0.517405 0.516587 0.517015 0.518694 0.521646 0.525905 0.531525 0.538579 0.545922 0.554492 0.564716 0.576741 0.590743 0.606940 0.625600 0.647052 0.671703 0.700060 0.732760 0.770612 0.814657 0.866256 0.927217 1.000000 0.955408 0.897474 0.848091 0.805699 0.769107 0.737394 0.709835 0.685855 0.664992 0.646872 0.631195 0.617712 0.606223 0.596564 0.588604 0.582238 0.577385 0.573983 0.571990 0.571384 0.572155 0.574314 0.575935 0.566951 0.559571 0.553696 0.549254 0.546187 0.544459 0.544048 0.544950 0.547175 0.550750 0.555720 0.562148 0.570115 0.579728 0.591119 0.604452 0.619929 0.637795 0.658356 0.681983 0.709142 0.740411 0.776522 0.818409 0.797529 0.768548 0.743328 0.721393 0.702359 0.685914 0.671802 0.659817 0.649790 0.641586 0.635097 0.630241 0.626958 0.625207 0.624968 0.626236 0.629029 0.633379 0.639340 0.646989 0.656423 0.667769 3860.500000 1.204418 0.766135
0.822096 0.849650 0.881312 0.917721 0.959679 0.938690 0.906897 0.879236 0.855211 0.834421 0.816538 0.801296 0.788477 0.777906 0.769444 0.762982 0.758440 0.755762 0.754914 0.755888 0.758694 0.763367 0.769965 0.778569 0.789291 0.802272 0.799649 0.781275 0.765529 0.752182 0.741047 0.731974 0.724846 0.719572 0.716088 0.714349 0.714335 0.716047 0.719504 0.724749 0.731848 0.740889 0.751991 0.765302 0.781008 0.799339 0.820575 0.845061 0.873223 0.905582 0.886368 0.853045 0.824049 0.798821 0.776908 0.757943 0.741625 0.727711 0.716003 0.706340 0.698595 0.692669 0.688487 0.685998 0.685172 0.685998 0.688487 0.692669 0.698595 0.706340 0.716003 0.727711 0.741625 0.757943 0.776908 0.798821 0.824049 0.853045 0.886368 0.924720 0.968980 1.000000 0.955265 0.916475 0.882756 0.853413 0.827888 0.805730 0.786574 0.770119 0.756122 0.744387 0.734753 0.727095 0.721315 0.717340 0.715122 0.714634 0.715870 0.718846 0.723596 0.730181 0.738682 0.749210 0.761904 0.776940 0.794534 0.775614 0.757911 0.742748 0.729903 0.719198 0.710490 0.703665 0.698637 0.695343 0.693744 0.693820 0.695571 0.699020 0.704208 0.711200 0.720084 0.730977 0.744023 0.759407 0.777353 0.798136 1134.000000 1.107116 0.837224
0.416465 0.413758 0.412072 0.411386 0.411694 0.412997 0.415312 0.418668 0.423106 0.428683 0.435472 0.443565 0.453077 0.464149 0.476953 0.491702 0.508656 0.521883 0.526682 0.532865 0.540512 0.549726 0.560633 0.573391 0.588193 0.605277 0.624933 0.647521 0.673487 0.703387 0.737926 0.778003 0.824785 0.858392 0.824206 0.794480 0.768610 0.746113 0.726596 0.709741 0.695286 0.683022 0.672775 0.664408 0.657811 0.652902 0.649619 0.647923 0.647791 0.649223 0.652236 0.656867 0.663174 0.671235 0.681157 0.693070 0.684028 0.648140 0.617243 0.590515 0.567316 0.547140 0.529581 0.514314 0.501077 0.489653 0.479870 0.471583 0.464678 0.459063 0.454663 0.451425 0.449307 0.448284 0.448343 0.449485 0.451724 0.452138 0.453081 0.455127 0.458301 0.462642 0.468204 0.475060 0.483302 0.493043 0.504426 0.517623 0.532847 0.550359 0.570484 0.593620 0.611431 0.618024 0.626286 0.636325 0.648279 0.662317 0.678648 0.697527 0.719268 0.744260 0.772979 0.806024 0.844145 0.888297 0.939711 1.000000 0.928221 0.846395 0.779554 0.724113 0.677559 0.638074 0.604312 0.575261 0.550138 0.528338 0.509380 0.492882 0.478536 0.466092 0.455348 0.446139 0.438330 0.431119 0.425090 0.420227 1915.000000 1.489676 0.720877
0.486489 0.485862 0.486407 0.488130 0.491053 0.495211 0.500657 0.507460 0.515710 0.525519 0.537028 0.550408 0.565869 0.583672 0.604133 0.627648 0.654709 0.685935 0.722116 0.764270 0.813733 0.826857 0.796549 0.770174 0.747233 0.727320 0.710107 0.695326 0.682760 0.672230 0.663594 0.656740 0.651579 0.648048 0.646104 0.645721 0.646897 0.649645 0.653999 0.660012 0.667760 0.666109 0.654593 0.644997 0.637190 0.631072 0.626566 0.623615 0.622184 0.622255 0.623829 0.626925 0.631582 0.637856 0.645827 0.655600 0.667305 0.681106 0.697206 0.715851 0.737346 0.762065 0.790469 0.801801 0.761493 0.726710 0.696571 0.670383 0.647596 0.627770 0.610550 0.595645 0.582821 0.571887 0.562686 0.555092 0.549006 0.544348 0.541062 0.539106 0.538457 0.539106 0.541062 0.544348 0.546857 0.543990 0.542453 0.542226 0.543309 0.545712 0.549467 0.554620 0.561234 0.569397 0.579217 0.590829 0.604403 0.620144 0.638305 0.659199 0.683208 0.710810 0.742599 0.779331 0.821969 0.871764 0.930367 1.000000 0.957416 0.884723 0.824136 0.773057 0.729596 0.692341 0.660219 0.632401 0.608239 0.587217 0.568925 0.553031 0.539264 0.527405 0.517276 0.508732 0.501654 0.495949 0.491542 0.488380 8718.000000 1.168674 0.730387
0.792257 0.770501 0.751671 0.735468 0.721651 0.710023 0.700424 0.692728 0.686835 0.682673 0.680190 0.679355 0.680159 0.682611 0.686742 0.692601 0.700263 0.709825 0.721415 0.715971 0.698563 0.683589 0.670825 0.660091 0.651239 0.644152 0.638740 0.634936 0.632691 0.631980 0.632792 0.635139 0.639049 0.644570 0.651770 0.660743 0.671607 0.684511 0.687919 0.664078 0.643331 0.625302 0.609685 0.596231 0.584736 0.575034 0.566993 0.560506 0.555488 0.551877 0.549628 0.548714 0.552905 0.563307 0.575520 0.589727 0.606150 0.625063 0.646803 0.671786 0.700532 0.733695 0.772106 0.816838 0.830082 0.824042 0.820052 0.818061 0.818045 0.820005 0.823964 0.829971 0.838100 0.848454 0.861167 0.876411 0.894397 0.915389 0.939709 0.967750 1.000000 0.769309 0.614178 0.512139 0.440084 0.386620 0.376566 0.373883 0.372129 0.371282 0.371331 0.372277 0.374131 0.376916 0.380667 0.385432 0.391272 0.398266 0.406511 0.416129 0.427267 0.440107 0.454873 0.471840 0.491351 0.513837 0.539842 0.570067 0.605422 0.647114 0.696776 0.756668 0.819828 0.807592 0.797609 0.789749 0.783913 0.780027 0.778045 0.777943 0.779719 0.783394 0.789014 0.796648 0.806394 0.818376 0.832756 0.817304 1390.000000 1.218205 0.693705
0.778850 0.742055 0.710214 0.682570 0.658524 0.637598 0.619408 0.603640 0.590042 0.578405 0.568562 0.560376 0.553737 0.548560 0.544778 0.542347 0.541235 0.541429 0.542931 0.545761 0.549952 0.555556 0.562646 0.571313 0.581674 0.593875 0.608095 0.615907 0.605585 0.597017 0.590089 0.584714 0.580821 0.578365 0.577314 0.577656 0.579395 0.582552 0.587166 0.593295 0.601016 0.610430 0.621666 0.634881 0.650271 0.668074 0.688586 0.712167 0.739265 0.770436 0.806379 0.847983 0.896391 0.863220 0.829740 0.800616 0.775272 0.753242 0.734150 0.717687 0.703605 0.691698 0.681804 0.673788 0.667549 0.663006 0.660105 0.658809 0.659102 0.660989 0.664493 0.669655 0.676541 0.685238 0.695860 0.708550 0.723487 0.740890 0.742592 0.711644 0.684757 0.661362 0.641007 0.623324 0.608015 0.594840 0.583599 0.574133 0.566311 0.560031 0.555211 0.551792 0.549731 0.549003 0.549598 0.551526 0.554808 0.559485 0.565617 0.573280 0.576577 0.572513 0.569869 0.568613 0.568730 0.570220 0.573103 0.577413 0.583204 0.590550 0.599546 0.610313 0.623002 0.637799 0.654933 0.674682 0.697392 0.723488 0.753498 0.788087 0.828095 0.874602 0.929014 0.993198 1.000000 0.930195 0.871461 0.821566 6610.500000 1.368860 0.766309
0.897300 0.878464 0.862438 0.848994 0.837951 0.829163 0.822519 0.817935 0.815355 0.814748 0.816107 0.819447 0.824811 0.832263 0.841897 0.853839 0.862145 0.837471 0.816081 0.797630 0.781837 0.768473 0.757352 0.748325 0.741275 0.736114 0.732778 0.731225 0.731437 0.733416 0.737187 0.742796 0.750312 0.759831 0.771477 0.785408 0.793380 0.794981 0.798516 0.804029 0.811586 0.821285 0.833250 0.847641 0.864657 0.884545 0.907607 0.934216 0.964826 1.000000 0.998991 0.961433 0.928753 0.900320 0.875623 0.854247 0.835856 0.820174 0.806978 0.796088 0.787359 0.780680 0.775967 0.773162 0.772230 0.773162 0.775967 0.780680 0.787359 0.796088 0.806978 0.820174 0.835856 0.854247 0.875623 0.900320 0.928753 0.961433 0.998991 0.994536 0.951509 0.914163 0.881681 0.853413 0.828837 0.807527 0.789139 0.773392 0.760056 0.748946 0.739913 0.732839 0.727636 0.724238 0.722605 0.722717 0.721234 0.718893 0.718292 0.719424 0.722302 0.726962 0.733461 0.741880 0.752329 0.764944 0.779902 0.797415 0.817748 0.841225 0.868243 0.899292 0.899552 0.891874 0.886443 0.883193 0.882084 0.883103 0.886261 0.891598 0.899178 0.909098 0.921483 0.936498 0.954347 0.973787 0.944580 0.919225 647.500000 1.147187 0.869431
