0.588680 0.592300 0.597413 0.604082 0.612395 0.622459 0.634414 0.648430 0.664717 0.683532 0.705191 0.724945 0.742518 0.762847 0.786269 0.813195 0.844137 0.879730 0.920772 0.968278 1.000000 0.958965 0.923302 0.892269 0.865271 0.841827 0.821547 0.804113 0.789265 0.776793 0.766527 0.758332 0.752102 0.747762 0.745256 0.744554 0.745649 0.745050 0.724612 0.706923 0.691703 0.678726 0.667806 0.658794 0.651570 0.646043 0.642143 0.639821 0.639051 0.639821 0.642143 0.646043 0.651570 0.658794 0.667806 0.678726 0.691703 0.706923 0.724612 0.730980 0.718473 0.708064 0.699614 0.693013 0.688177 0.685048 0.683586 0.683775 0.685615 0.689130 0.694363 0.701379 0.710266 0.721141 0.734150 0.749476 0.767344 0.788029 0.811870 0.839284 0.870785 0.907013 0.924720 0.889955 0.859705 0.833385 0.810524 0.790738 0.773714 0.759198 0.746983 0.736902 0.728822 0.722640 0.718277 0.715680 0.714818 0.715680 0.718277 0.722640 0.728822 0.736902 0.746983 0.759198 0.773714 0.790738 0.810524 0.833385 0.859705 0.870803 0.827153 0.789482 0.756836 0.728468 0.703785 0.682309 0.663656 0.647514 0.633630 0.621794 0.611840 0.603630 0.597058 0.592038 0.588507 0.586423 0.585760 0.586509 599.500000 1.287130 0.825044
0.873338 0.902223 0.935413 0.973574 1.000000 0.960544 0.926230 0.896368 0.870403 0.847885 0.828448 0.811794 0.797680 0.785910 0.776325 0.768800 0.763242 0.759579 0.757769 0.757789 0.759638 0.763340 0.766423 0.764838 0.765099 0.767209 0.771194 0.777102 0.785008 0.795010 0.807241 0.821865 0.839087 0.859161 0.882396 0.909174 0.939964 0.965299 0.928165 0.895860 0.867748 0.843316 0.822150 0.803908 0.788317 0.775151 0.764228 0.755403 0.748563 0.743621 0.740515 0.739209 0.739687 0.741953 0.736264 0.732258 0.730043 0.729595 0.730906 0.733994 0.738896 0.745672 0.754407 0.765216 0.778240 0.793661 0.811700 0.832630 0.856788 0.884583 0.916525 0.926791 0.905096 0.886481 0.870671 0.857444 0.846623 0.838064 0.831661 0.827333 0.825027 0.824715 0.826393 0.830082 0.835827 0.843699 0.853796 0.866251 0.881228 0.898936 0.917269 0.888488 0.863475 0.841804 0.823129 0.807166 0.793687 0.782505 0.773470 0.766468 0.761409 0.758231 0.756895 0.757385 0.759708 0.763890 0.769984 0.778066 0.788238 0.793916 0.779925 0.768238 0.758696 0.751176 0.745583 0.741845 0.739919 0.739780 0.741428 0.744881 0.750182 0.757397 0.766616 0.777960 0.791581 0.807667 0.826453 0.848226 5531.500000 1.074090 0.872532
0.842124 0.877631 0.871975 0.835350 0.803535 0.775855 0.751770 0.730842 0.712719 0.697111 0.683785 0.672548 0.663246 0.655757 0.649983 0.645852 0.643314 0.642336 0.633189 0.613318 0.596048 0.581086 0.568192 0.557171 0.547864 0.540142 0.533904 0.529068 0.525574 0.523378 0.522454 0.522790 0.524391 0.527276 0.531480 0.537056 0.544075 0.552629 0.559728 0.557076 0.555782 0.555829 0.557220 0.559969 0.564112 0.569699 0.576801 0.585511 0.595946 0.608252 0.622607 0.639235 0.658404 0.680448 0.705779 0.734908 0.768475 0.807294 0.852405 0.905167 0.967376 1.000000 0.934770 0.879518 0.832327 0.791752 0.756687 0.726272 0.699828 0.676816 0.656800 0.639431 0.624422 0.611541 0.600599 0.591441 0.583943 0.578009 0.573562 0.570546 0.568926 0.568681 0.569808 0.572321 0.576251 0.581646 0.588574 0.597126 0.607414 0.596485 0.586888 0.578968 0.572620 0.567762 0.564335 0.562294 0.561617 0.562294 0.564335 0.567762 0.572620 0.578968 0.586888 0.596485 0.607890 0.621265 0.636811 0.654773 0.675451 0.680083 0.672192 0.666068 0.661635 0.658836 0.657639 0.658029 0.660010 0.663606 0.668862 0.675844 0.684639 0.695363 0.708162 0.723216 0.740747 0.761028 0.784393 0.811256 2167.000000 1.368703 0.793859
0.804106 0.777304 0.753988 0.733747 0.716245 0.701208 0.688414 0.677681 0.668865 0.661849 0.656544 0.652884 0.650823 0.650338 0.651421 0.654086 0.658366 0.664313 0.672002 0.681532 0.693030 0.706654 0.722601 0.741110 0.762478 0.787066 0.773449 0.746438 0.722934 0.702505 0.684803 0.669545 0.656500 0.645478 0.636327 0.628927 0.623181 0.619016 0.616382 0.615246 0.615595 0.617432 0.620780 0.625680 0.632194 0.640403 0.650416 0.662368 0.676428 0.692803 0.711747 0.733573 0.758666 0.787501 0.820670 0.858915 0.903182 0.945378 0.911996 0.882945 0.857690 0.835798 0.816914 0.800751 0.787075 0.775695 0.766460 0.759250 0.753973 0.750565 0.748984 0.749211 0.751249 0.755121 0.760876 0.768586 0.778347 0.760735 0.736806 0.716008 0.697988 0.682456 0.669177 0.657960 0.648650 0.641123 0.635281 0.631051 0.628381 0.627238 0.627609 0.629497 0.632926 0.637938 0.644595 0.652983 0.663210 0.675416 0.689772 0.685146 0.675114 0.666955 0.660564 0.655859 0.652782 0.651295 0.651381 0.653040 0.656293 0.661179 0.667759 0.676117 0.686361 0.698629 0.713093 0.729964 0.749503 0.772027 0.797928 0.827691 0.861918 0.901362 0.946980 1.000000 0.958522 0.911206 0.870339 0.834906 3239.500000 1.280873 0.817699
0.868916 0.840044 0.814929 0.793128 0.774279 0.758090 0.744320 0.732775 0.723298 0.715766 0.710082 0.706176 0.703999 0.703525 0.704748 0.707684 0.695840 0.666771 0.641517 0.619544 0.600425 0.583816 0.569435 0.557056 0.546491 0.537591 0.530234 0.524321 0.519776 0.516544 0.514583 0.513871 0.514398 0.516171 0.518259 0.510695 0.504546 0.499733 0.496195 0.493888 0.492785 0.492871 0.494147 0.496630 0.500349 0.505352 0.511700 0.519477 0.528788 0.539763 0.552562 0.567383 0.584469 0.604115 0.626691 0.654221 0.688006 0.727318 0.773372 0.827780 0.892738 0.971297 1.000000 0.942061 0.892500 0.849839 0.812938 0.780912 0.753059 0.728820 0.707745 0.689468 0.673694 0.660180 0.648730 0.639184 0.631413 0.625318 0.620821 0.617866 0.606616 0.596996 0.589074 0.582745 0.577927 0.574562 0.572607 0.572038 0.572850 0.575051 0.578668 0.567968 0.556098 0.546002 0.537538 0.530591 0.525071 0.520906 0.518045 0.516452 0.516109 0.517011 0.519168 0.522609 0.527374 0.533524 0.541138 0.550318 0.561189 0.573910 0.588671 0.605710 0.625316 0.630404 0.633158 0.637479 0.643420 0.651055 0.660485 0.671834 0.685259 0.700955 0.719160 0.740167 0.764334 0.792106 0.824032 0.860800 7990.000000 1.485639 0.782949
0.770844 0.750699 0.733303 0.718386 0.705729 0.695157 0.686526 0.679725 0.674666 0.671287 0.669547 0.669425 0.670918 0.674046 0.678846 0.685378 0.682038 0.665730 0.651716 0.639790 0.629782 0.621557 0.615006 0.610047 0.606616 0.604673 0.604192 0.605169 0.607616 0.611562 0.617055 0.624166 0.632985 0.643629 0.656246 0.671016 0.688162 0.707957 0.730738 0.756918 0.787009 0.821654 0.861661 0.908063 0.962196 1.000000 0.937633 0.884595 0.839149 0.799977 0.766063 0.736610 0.710987 0.688690 0.669312 0.652524 0.638057 0.625692 0.615252 0.606591 0.599596 0.594175 0.590260 0.587803 0.586775 0.587162 0.588969 0.592219 0.596951 0.603224 0.611118 0.620737 0.632211 0.645702 0.661409 0.679577 0.700507 0.724569 0.752218 0.784025 0.820706 0.863168 0.912583 0.885572 0.844694 0.809286 0.778527 0.751766 0.728480 0.708248 0.690729 0.675644 0.662766 0.651911 0.642930 0.635704 0.630139 0.626167 0.623737 0.622821 0.623407 0.625502 0.629133 0.634343 0.641197 0.649784 0.660216 0.672635 0.687218 0.704181 0.723791 0.746373 0.762203 0.757067 0.753805 0.752374 0.752760 0.754965 0.759018 0.764967 0.772886 0.782877 0.795071 0.809631 0.826764 0.846721 0.820767 0.794065 5395.000000 1.132638 0.784666
0.591933 0.560039 0.532624 0.508936 0.488392 0.470532 0.454990 0.441471 0.429737 0.419596 0.410890 0.403489 0.397291 0.392211 0.388182 0.385154 0.383089 0.381961 0.381756 0.382473 0.384119 0.386715 0.390293 0.394899 0.400590 0.407445 0.415556 0.425042 0.436046 0.448744 0.463355 0.480144 0.499444 0.521670 0.547346 0.577143 0.611930 0.652853 0.701453 0.759849 0.831034 0.919380 1.000000 0.880139 0.787630 0.714275 0.654863 0.605923 0.565056 0.530551 0.501155 0.475932 0.454168 0.435310 0.418925 0.404668 0.392263 0.381488 0.372162 0.364137 0.357294 0.351534 0.346779 0.342966 0.340047 0.337984 0.336752 0.336337 0.336733 0.337945 0.339988 0.342886 0.346677 0.351409 0.357143 0.363960 0.371955 0.381249 0.391987 0.404350 0.418560 0.434891 0.453685 0.475373 0.500506 0.529792 0.564162 0.604859 0.653581 0.712707 0.785676 0.824199 0.775164 0.733303 0.697326 0.666243 0.639288 0.615855 0.595463 0.577725 0.562329 0.549020 0.537593 0.527876 0.519735 0.513058 0.507759 0.503769 0.501038 0.499535 0.499239 0.500148 0.502272 0.505638 0.510287 0.516277 0.523686 0.532613 0.543181 0.555542 0.569883 0.586435 0.605480 0.627365 0.652522 0.681491 0.673404 0.629287 657.500000 1.576897 0.560593
0.743989 0.765040 0.789273 0.817126 0.849136 0.840000 0.818712 0.800357 0.784656 0.771381 0.760349 0.751413 0.744458 0.739395 0.736161 0.734719 0.735049 0.737156 0.741066 0.746826 0.754508 0.764211 0.776059 0.790215 0.806877 0.826290 0.805545 0.784386 0.766108 0.750429 0.737119 0.725991 0.716896 0.709715 0.704356 0.700753 0.698861 0.698659 0.700143 0.703331 0.708262 0.714997 0.723622 0.734248 0.737572 0.715861 0.697022 0.680748 0.666786 0.654931 0.645017 0.636911 0.630505 0.625720 0.622495 0.620791 0.620587 0.621881 0.624689 0.629044 0.635001 0.642635 0.652045 0.663356 0.676725 0.692347 0.710459 0.731353 0.755388 0.783008 0.814761 0.851336 0.893603 0.942675 1.000000 0.974022 0.924178 0.881207 0.843997 0.811679 0.783562 0.759096 0.737835 0.719418 0.703552 0.689997 0.678559 0.669079 0.661431 0.655518 0.651265 0.648619 0.647548 0.648040 0.650099 0.653752 0.659042 0.666037 0.674824 0.685521 0.698271 0.713255 0.730695 0.750864 0.774095 0.800801 0.787864 0.763814 0.742926 0.724849 0.709300 0.696045 0.684896 0.675701 0.668338 0.662713 0.658756 0.656418 0.655670 0.656504 0.658930 0.662976 0.668694 0.676154 0.685452 0.696711 0.710086 0.725767 9731.000000 1.169440 0.829187
1.000000 0.963996 0.932663 0.905416 0.881779 0.861368 0.843867 0.829020 0.816620 0.806500 0.798528 0.792602 0.788650 0.786623 0.786496 0.788268 0.791960 0.797617 0.805309 0.815135 0.827220 0.841728 0.831941 0.801695 0.775374 0.752481 0.732615 0.715451 0.700722 0.688211 0.677744 0.669178 0.662402 0.657330 0.653898 0.652064 0.651806 0.653122 0.656026 0.660555 0.666764 0.674732 0.684562 0.696385 0.710364 0.726704 0.745651 0.767511 0.792659 0.821556 0.854778 0.893042 0.937256 0.908935 0.881330 0.857357 0.836615 0.818780 0.803584 0.790813 0.780292 0.771882 0.765476 0.760993 0.758379 0.757602 0.758652 0.761543 0.766308 0.773008 0.781725 0.792573 0.805694 0.821269 0.839520 0.860722 0.885210 0.913396 0.945791 0.983023 0.963656 0.919640 0.881499 0.848358 0.819522 0.794433 0.772640 0.753779 0.737551 0.723713 0.712069 0.702460 0.694758 0.688864 0.684705 0.682230 0.681408 0.682230 0.684705 0.688864 0.694758 0.702460 0.712069 0.723713 0.719401 0.708885 0.700335 0.693640 0.688715 0.685500 0.683954 0.684059 0.685817 0.689249 0.694397 0.701324 0.710119 0.720896 0.733800 0.749012 0.766754 0.787300 0.810985 0.838221 0.869517 0.905507 0.946986 0.994958 642.000000 1.211092 0.829380
0.746622 0.722671 0.701847 0.683790 0.668209 0.654864 0.643562 0.634146 0.626488 0.620490 0.616076 0.613191 0.611801 0.611887 0.613451 0.616512 0.621108 0.627295 0.635153 0.644782 0.656314 0.669909 0.685766 0.704130 0.725299 0.749643 0.777324 0.754628 0.734940 0.717939 0.703363 0.690998 0.680672 0.672246 0.665610 0.660679 0.657393 0.655712 0.655614 0.657100 0.660186 0.664911 0.671332 0.679532 0.689617 0.701721 0.716014 0.732703 0.752044 0.774349 0.800004 0.829484 0.863379 0.902429 0.947570 1.000000 0.942377 0.892935 0.850368 0.813546 0.781585 0.753788 0.729597 0.708564 0.690327 0.674589 0.661110 0.649694 0.640181 0.632445 0.626384 0.621922 0.619005 0.617595 0.617676 0.619250 0.622334 0.626968 0.633207 0.641133 0.650847 0.662480 0.676196 0.692194 0.688624 0.677013 0.667368 0.659561 0.653490 0.649080 0.646275 0.645042 0.645365 0.647248 0.650715 0.655807 0.662589 0.671146 0.681590 0.694063 0.708741 0.725839 0.745623 0.768419 0.794627 0.824743 0.816413 0.801772 0.789515 0.779477 0.771527 0.765562 0.761510 0.759319 0.758965 0.760442 0.763768 0.768984 0.776155 0.785371 0.796750 0.810445 0.826646 0.845586 0.867553 0.842247 0.805789 0.774145 789.000000 1.268380 0.827440
0.914989 0.880693 0.850851 0.824888 0.802337 0.782822 0.766036 0.751728 0.739693 0.729769 0.721822 0.715753 0.711485 0.708965 0.708163 0.709069 0.696494 0.681846 0.669381 0.658923 0.650328 0.643486 0.638307 0.634728 0.632705 0.632213 0.633246 0.635817 0.639956 0.645716 0.653168 0.662409 0.673560 0.686777 0.702248 0.720207 0.740941 0.764801 0.763856 0.754920 0.747972 0.742923 0.739713 0.738301 0.738671 0.740827 0.744795 0.750623 0.758385 0.768180 0.780134 0.794411 0.811210 0.830780 0.853424 0.879516 0.909514 0.911309 0.888767 0.869357 0.852787 0.838820 0.827263 0.817965 0.810805 0.805694 0.802567 0.801388 0.802143 0.804839 0.809510 0.816214 0.825034 0.830509 0.804420 0.781746 0.762101 0.745170 0.730698 0.718474 0.708332 0.700134 0.693777 0.689179 0.686285 0.685058 0.685484 0.687567 0.691335 0.686768 0.674642 0.664510 0.656236 0.649711 0.644853 0.641601 0.639916 0.639776 0.641181 0.644148 0.648712 0.654931 0.662882 0.672669 0.684422 0.698307 0.714523 0.733318 0.754998 0.779934 0.784341 0.781115 0.779787 0.780341 0.782782 0.787140 0.793470 0.801850 0.812387 0.825218 0.840519 0.858505 0.879443 0.903660 0.931555 0.963623 1.000000 0.954456 16122.000000 1.268986 0.886772
0.704149 0.742095 0.786365 0.838400 0.813902 0.778660 0.748071 0.721467 0.698315 0.678185 0.660730 0.645668 0.632768 0.621842 0.612738 0.605334 0.599533 0.595264 0.592471 0.591123 0.591201 0.592708 0.595661 0.600096 0.575752 0.547333 0.522788 0.501505 0.483006 0.466908 0.452904 0.440747 0.430235 0.421203 0.413519 0.407073 0.401778 0.397565 0.394379 0.392181 0.390944 0.390653 0.391304 0.392906 0.395478 0.399051 0.403670 0.409396 0.416304 0.424489 0.434069 0.445188 0.458025 0.472797 0.489773 0.509286 0.531752 0.557697 0.587793 0.622909 0.664188 0.713167 0.771953 0.843515 0.932175 1.000000 0.914511 0.844361 0.785966 0.736785 0.694972 0.659153 0.628285 0.601562 0.578357 0.558170 0.540604 0.525336 0.512106 0.500704 0.490955 0.482719 0.475882 0.470354 0.466062 0.462954 0.460989 0.460145 0.460412 0.461792 0.464302 0.467973 0.472850 0.478997 0.486493 0.495440 0.505963 0.518220 0.532399 0.548734 0.567515 0.572465 0.557074 0.543764 0.532329 0.522597 0.514432 0.507722 0.502380 0.498337 0.495543 0.493963 0.493579 0.494385 0.496392 0.499624 0.504121 0.509939 0.517153 0.525859 0.536177 0.548256 0.562277 0.578464 0.597091 0.618499 0.643105 0.671434 6846.000000 1.756478 0.671046
0.734256 0.763931 0.798110 0.837603 0.883446 0.936987 1.000000 0.951572 0.893175 0.843445 0.800789 0.763991 0.732113 0.704418 0.680320 0.659353 0.641138 0.625369 0.611795 0.600213 0.590457 0.582394 0.575917 0.570943 0.567409 0.565272 0.564506 0.565102 0.567066 0.570424 0.575215 0.581500 0.589359 0.598896 0.610242 0.623557 0.623890 0.614004 0.605863 0.599360 0.594412 0.590957 0.588953 0.588375 0.589216 0.591486 0.595214 0.600444 0.607243 0.615698 0.625921 0.638053 0.652266 0.668775 0.687841 0.709786 0.735007 0.763995 0.797363 0.835884 0.880545 0.932622 0.993790 0.961555 0.902020 0.851359 0.807928 0.770480 0.738049 0.709879 0.685370 0.664044 0.645513 0.629463 0.615640 0.603834 0.593876 0.585629 0.578983 0.573854 0.570176 0.567905 0.567012 0.567487 0.569336 0.572580 0.577260 0.583435 0.591183 0.600605 0.611831 0.625019 0.640364 0.658108 0.678543 0.702034 0.729030 0.760088 0.795914 0.810839 0.774962 0.743842 0.716784 0.693237 0.672757 0.654986 0.639630 0.626452 0.615259 0.605893 0.598227 0.592161 0.587619 0.584543 0.582896 0.582659 0.583827 0.586416 0.590456 0.595998 0.603112 0.611890 0.622449 0.634935 0.649529 0.666453 0.685980 0.708443 6161.000000 1.316819 0.721618
0.734952 0.768185 0.806602 0.813671 0.793172 0.775502 0.760395 0.747631 0.737036 0.728467 0.721813 0.716992 0.713943 0.712630 0.713036 0.715167 0.719047 0.724726 0.732273 0.741784 0.753385 0.767232 0.783521 0.802492 0.824439 0.849725 0.878796 0.912201 0.950627 0.974320 0.905599 0.847841 0.798818 0.756878 0.720772 0.689539 0.662430 0.638853 0.618335 0.600496 0.585027 0.571678 0.560243 0.550558 0.542486 0.535920 0.530775 0.526985 0.524503 0.523299 0.519295 0.516172 0.514318 0.513710 0.514341 0.516219 0.519366 0.523822 0.529641 0.536900 0.545693 0.556141 0.568393 0.582632 0.599083 0.618023 0.639790 0.664807 0.693599 0.726828 0.765338 0.810218 0.862897 0.925288 1.000000 0.974405 0.934067 0.899015 0.868516 0.841979 0.818931 0.798985 0.781825 0.767197 0.754891 0.744740 0.736609 0.730394 0.726017 0.723425 0.722587 0.723491 0.726148 0.730592 0.736877 0.745082 0.755311 0.767700 0.772793 0.738945 0.709575 0.684035 0.661809 0.642481 0.625714 0.611236 0.598822 0.588291 0.579497 0.572320 0.566667 0.562466 0.559665 0.558231 0.558145 0.559406 0.562030 0.566049 0.571513 0.578490 0.587072 0.597373 0.609536 0.623739 0.640199 0.659182 0.681016 0.706105 887.000000 1.335767 0.757873
0.844406 0.841665 0.829638 0.819898 0.812318 0.806803 0.803284 0.801719 0.802088 0.804397 0.808673 0.814968 0.800624 0.786972 0.775614 0.766399 0.759208 0.753951 0.750561 0.748998 0.749243 0.751299 0.755190 0.751980 0.738272 0.726776 0.717333 0.709821 0.704143 0.700229 0.698031 0.697521 0.698694 0.701564 0.706166 0.712556 0.720816 0.731052 0.743398 0.758027 0.775148 0.795019 0.817959 0.844356 0.874691 0.904434 0.892481 0.882939 0.875687 0.870632 0.867715 0.866898 0.868172 0.871553 0.877082 0.884826 0.894883 0.886691 0.846143 0.811010 0.780483 0.753922 0.730811 0.710737 0.693361 0.678410 0.665660 0.654929 0.646071 0.638968 0.633528 0.629685 0.627391 0.626617 0.627354 0.629612 0.633418 0.638818 0.645881 0.654696 0.665380 0.678080 0.692976 0.710290 0.730296 0.753330 0.764741 0.772182 0.781670 0.793330 0.807317 0.823826 0.843098 0.865429 0.891179 0.920796 0.954828 0.993958 1.000000 0.950251 0.907300 0.870070 0.837712 0.809556 0.785061 0.763790 0.745390 0.729572 0.716100 0.704784 0.695470 0.688035 0.682383 0.678444 0.676171 0.675534 0.676527 0.679162 0.683470 0.689505 0.697342 0.707082 0.718855 0.732822 0.749182 0.768183 0.790126 0.815381 705.000000 1.049748 0.858224
0.474900 0.475473 0.477198 0.480096 0.484204 0.489572 0.496269 0.504384 0.514028 0.525338 0.538483 0.553672 0.571157 0.591254 0.614351 0.640933 0.671610 0.707161 0.748589 0.797214 0.854797 0.820300 0.786906 0.757879 0.732619 0.710646 0.691569 0.675074 0.660903 0.648845 0.638731 0.630422 0.623811 0.618811 0.615363 0.613421 0.612965 0.613986 0.616499 0.620534 0.626140 0.633389 0.642372 0.653211 0.666053 0.681085 0.698532 0.718673 0.741851 0.768487 0.799103 0.834353 0.818190 0.766352 0.722328 0.684647 0.652195 0.624116 0.599741 0.578539 0.560088 0.544048 0.530143 0.518148 0.507880 0.499190 0.491958 0.486087 0.481501 0.478141 0.475967 0.474952 0.475082 0.476361 0.478804 0.482439 0.487314 0.493489 0.501044 0.510083 0.520732 0.533146 0.547518 0.552068 0.557600 0.564619 0.573215 0.583504 0.595630 0.609771 0.626146 0.645020 0.666725 0.691664 0.720345 0.753402 0.791636 0.836081 0.888080 0.949415 1.000000 0.927717 0.867128 0.815812 0.771986 0.734308 0.701749 0.673508 0.648955 0.627588 0.609003 0.592875 0.578938 0.566975 0.556811 0.548303 0.541335 0.535817 0.531678 0.525338 0.514028 0.504384 0.496269 0.489572 0.484204 0.480096 0.477198 0.475473 1250.000000 1.357260 0.706933
0.611834 0.617850 0.614999 0.607329 0.601278 0.596770 0.593749 0.592177 0.592037 0.593326 0.596059 0.600270 0.606012 0.613357 0.622399 0.633261 0.646092 0.661080 0.678453 0.698492 0.721541 0.748028 0.778480 0.813559 0.854105 0.901188 0.956203 1.000000 0.947147 0.901664 0.862332 0.828199 0.798516 0.772684 0.750222 0.730739 0.713919 0.699503 0.687281 0.677082 0.668769 0.662233 0.657392 0.654186 0.652576 0.652542 0.654083 0.655222 0.644455 0.635543 0.628367 0.622835 0.618877 0.616445 0.615509 0.616058 0.618098 0.621654 0.626770 0.633510 0.641959 0.652230 0.664462 0.678827 0.695540 0.714863 0.737116 0.762696 0.792091 0.825913 0.864929 0.872585 0.832458 0.797697 0.767497 0.741221 0.718358 0.698495 0.681299 0.666496 0.653864 0.643223 0.634427 0.627359 0.621928 0.618067 0.615728 0.614882 0.615519 0.617647 0.621292 0.626498 0.633331 0.641878 0.652252 0.664594 0.679079 0.695924 0.715393 0.737812 0.763580 0.793192 0.827268 0.866585 0.912132 0.965187 0.979287 0.922446 0.873831 0.831988 0.795798 0.764391 0.737076 0.713306 0.692637 0.674712 0.659239 0.645982 0.634746 0.625375 0.617743 0.611752 0.607324 0.604406 0.602962 0.602973 0.604441 0.607382 949.500000 1.162648 0.755583
0.905009 0.866919 0.833833 0.805047 0.780000 0.758235 0.739385 0.723149 0.709283 0.697588 0.687903 0.680098 0.674075 0.669756 0.667090 0.666043 0.666602 0.668775 0.672588 0.678087 0.685342 0.694444 0.705515 0.718703 0.705082 0.686168 0.669814 0.655765 0.643812 0.633786 0.625552 0.619001 0.614050 0.610637 0.608720 0.608276 0.609299 0.611802 0.615815 0.621389 0.628592 0.637518 0.648285 0.661042 0.675973 0.693302 0.713307 0.736328 0.762782 0.793191 0.828202 0.846994 0.822602 0.801453 0.783203 0.767574 0.754339 0.743312 0.734347 0.727326 0.722162 0.718790 0.717170 0.717280 0.719124 0.722722 0.728120 0.735383 0.744605 0.755906 0.769436 0.785387 0.803991 0.825535 0.850370 0.878928 0.850629 0.815319 0.784638 0.757942 0.734715 0.714539 0.697076 0.682050 0.669237 0.658453 0.649551 0.642414 0.636950 0.633090 0.630787 0.630013 0.630758 0.633033 0.636863 0.642297 0.649402 0.658270 0.669017 0.673932 0.660362 0.648860 0.639265 0.631450 0.625311 0.620771 0.617775 0.616284 0.616282 0.617769 0.620761 0.625297 0.631431 0.639243 0.648832 0.660329 0.673894 0.689723 0.708062 0.729206 0.753524 0.781467 0.813598 0.850621 0.893430 0.943168 1.000000 0.948992 7026.000000 1.243692 0.823192
0.727835 0.771505 0.822858 0.816576 0.767944 0.726431 0.690755 0.659935 0.633207 0.609973 0.589754 0.572166 0.556900 0.543703 0.532370 0.522733 0.514657 0.508032 0.502771 0.498807 0.496091 0.494590 0.494284 0.495172 0.497262 0.500582 0.505171 0.511087 0.518408 0.527230 0.537675 0.549894 0.564072 0.580436 0.599264 0.620900 0.645771 0.674411 0.707492 0.745876 0.790677 0.843366 0.905917 0.981042 0.892241 0.818800 0.758218 0.707569 0.664765 0.628272 0.596940 0.569892 0.546449 0.526075 0.508347 0.492923 0.479529 0.467941 0.457977 0.449489 0.442356 0.436481 0.431787 0.428213 0.425715 0.424262 0.423836 0.424433 0.426060 0.428736 0.432494 0.437381 0.443461 0.450814 0.459540 0.469765 0.481642 0.495360 0.511149 0.529295 0.550151 0.574157 0.601871 0.634001 0.671463 0.715462 0.767611 0.830117 0.906081 1.000000 0.921156 0.854049 0.797848 0.750282 0.709682 0.674793 0.644654 0.618518 0.595798 0.576027 0.558829 0.543900 0.530995 0.519911 0.510484 0.502583 0.496100 0.490949 0.487066 0.484401 0.482922 0.482612 0.483466 0.485494 0.488722 0.493190 0.498952 0.506085 0.514683 0.524863 0.536775 0.550596 0.566549 0.584905 0.606000 0.630247 0.658168 0.690418 1005.000000 1.222650 0.595401
0.718324 0.727702 0.739132 0.739364 0.732076 0.726664 0.723061 0.721222 0.721125 0.722769 0.726174 0.731382 0.738456 0.747488 0.758592 0.771920 0.787656 0.806029 0.827320 0.851874 0.880116 0.912568 0.949881 0.992870 0.978209 0.935221 0.897924 0.865493 0.837269 0.812725 0.791430 0.773038 0.757265 0.743878 0.732691 0.723552 0.716343 0.710973 0.707373 0.705502 0.705334 0.706869 0.710126 0.715143 0.721984 0.730734 0.741507 0.754447 0.769734 0.787590 0.808287 0.815263 0.806411 0.799655 0.794910 0.792118 0.791245 0.792281 0.795237 0.800151 0.807082 0.816118 0.827374 0.840999 0.857180 0.876148 0.859907 0.838969 0.820957 0.805602 0.792686 0.782032 0.773499 0.766978 0.762387 0.759670 0.758794 0.759748 0.762544 0.767216 0.773821 0.782442 0.786275 0.770280 0.756710 0.745374 0.736120 0.728827 0.723403 0.719780 0.717914 0.717783 0.719384 0.722738 0.727885 0.734888 0.743837 0.754848 0.768068 0.783680 0.801913 0.823044 0.847415 0.875448 0.907660 0.944695 0.987362 1.000000 0.953267 0.912807 0.877671 0.847104 0.820505 0.797388 0.777359 0.760098 0.745344 0.732883 0.722545 0.714190 0.707712 0.703029 0.700083 0.698838 0.699279 0.701411 0.705261 0.710875 909.000000 1.033922 0.851482
0.629859 0.590037 0.556212 0.527255 0.502315 0.480734 0.461997 0.445700 0.431518 0.419189 0.408502 0.399284 0.391395 0.384720 0.379168 0.374663 0.371148 0.368578 0.366921 0.366157 0.366276 0.367281 0.369184 0.372006 0.375785 0.380568 0.386416 0.393410 0.401647 0.411249 0.422363 0.435171 0.449899 0.466823 0.486287 0.508723 0.534681 0.564864 0.600190 0.641880 0.691584 0.751595 0.825186 0.917203 0.877280 0.818183 0.768279 0.725760 0.689275 0.657791 0.630510 0.606806 0.586180 0.568234 0.552647 0.539156 0.527548 0.517651 0.509322 0.502449 0.496939 0.492724 0.489749 0.487979 0.487391 0.487979 0.489749 0.492724 0.496939 0.502449 0.509322 0.517651 0.527548 0.539156 0.552647 0.568234 0.586180 0.606806 0.630510 0.657791 0.689275 0.725760 0.702359 0.662756 0.628815 0.599555 0.574219 0.552214 0.533070 0.516411 0.501934 0.489394 0.478590 0.469359 0.461568 0.455110 0.449899 0.445868 0.442967 0.441159 0.440422 0.440748 0.442140 0.444616 0.448205 0.452953 0.458919 0.466184 0.474844 0.485023 0.496870 0.510572 0.526355 0.544499 0.565349 0.589335 0.616999 0.649028 0.686309 0.730000 0.781643 0.843336 0.918002 1.000000 0.890060 0.803644 0.734135 0.677194 3822.000000 1.431844 0.575875
0.817242 0.801815 0.788824 0.778093 0.769478 0.762870 0.758185 0.755366 0.754379 0.755211 0.757873 0.762396 0.768838 0.777278 0.787824 0.800615 0.815827 0.833675 0.854426 0.878406 0.886191 0.878657 0.873337 0.870165 0.869101 0.870134 0.873275 0.878564 0.886064 0.895871 0.908109 0.922941 0.940568 0.961243 0.985274 0.996776 0.941160 0.893461 0.852318 0.816678 0.785716 0.758777 0.735337 0.714972 0.697340 0.682160 0.669205 0.658289 0.649263 0.642006 0.636426 0.632453 0.630037 0.629150 0.629781 0.632161 0.636700 0.642863 0.650731 0.660404 0.672012 0.685717 0.701718 0.720261 0.741646 0.766241 0.794504 0.827000 0.864439 0.907718 0.957990 1.000000 0.971505 0.946807 0.925507 0.907283 0.891869 0.879053 0.868663 0.860565 0.854656 0.850864 0.849141 0.849468 0.851849 0.856311 0.862910 0.871728 0.882877 0.896502 0.876087 0.852841 0.832751 0.815506 0.800850 0.788578 0.778524 0.770556 0.764573 0.760499 0.758286 0.757907 0.759356 0.762652 0.767834 0.774967 0.784140 0.795472 0.809115 0.808128 0.794693 0.783554 0.774563 0.767604 0.762590 0.759459 0.758173 0.758715 0.761093 0.765336 0.771495 0.779648 0.789898 0.802380 0.817264 0.834758 0.855124 0.835326 4032.000000 1.123018 0.861511
0.859826 0.825383 0.795436 0.769374 0.746708 0.727040 0.710049 0.695471 0.683091 0.672738 0.664269 0.657576 0.652573 0.649197 0.647408 0.647184 0.648521 0.647052 0.643839 0.642197 0.642107 0.643567 0.646595 0.651227 0.657522 0.665559 0.675442 0.687304 0.701310 0.717663 0.736614 0.748998 0.744012 0.740865 0.739519 0.739957 0.742185 0.746229 0.752140 0.759990 0.769880 0.781940 0.796332 0.813260 0.832974 0.855780 0.882055 0.912262 0.946973 0.907430 0.869796 0.837095 0.808642 0.783886 0.762382 0.743771 0.727758 0.714105 0.702615 0.693133 0.685533 0.679718 0.675614 0.673172 0.672361 0.673172 0.675614 0.679718 0.685533 0.693133 0.702615 0.714105 0.727758 0.743771 0.762382 0.783886 0.808642 0.837095 0.869796 0.907430 0.950862 0.955700 0.901828 0.855656 0.815852 0.781386 0.751450 0.725407 0.702744 0.683050 0.665991 0.651294 0.638737 0.628140 0.619356 0.612270 0.606789 0.602844 0.600388 0.599389 0.604367 0.611068 0.619427 0.629556 0.641593 0.655710 0.672117 0.691075 0.712900 0.737984 0.756398 0.758286 0.762023 0.767656 0.775255 0.784915 0.796763 0.810958 0.827697 0.847227 0.869846 0.895924 0.925913 0.960373 1.000000 0.998883 0.945467 0.899530 4406.500000 1.139028 0.795520
0.817453 0.921304 1.000000 0.903112 0.825152 0.761270 0.708153 0.663458 0.625488 0.592980 0.564977 0.540744 0.519705 0.501405 0.485479 0.471635 0.459635 0.449287 0.440431 0.432941 0.426712 0.421662 0.417724 0.414849 0.413001 0.412158 0.412310 0.413459 0.415618 0.418814 0.423087 0.428491 0.435096 0.442992 0.452289 0.463125 0.475667 0.490121 0.506740 0.525836 0.547800 0.573119 0.602413 0.636480 0.661015 0.633097 0.608850 0.587755 0.569399 0.553448 0.539630 0.527726 0.517556 0.508973 0.501860 0.496122 0.491684 0.488492 0.486505 0.485699 0.486065 0.487608 0.490345 0.494311 0.499554 0.506143 0.514163 0.523723 0.534959 0.548036 0.563159 0.580580 0.600605 0.623617 0.650092 0.680626 0.715980 0.757132 0.805361 0.862372 0.908327 0.807424 0.728276 0.664719 0.612722 0.569542 0.533248 0.502440 0.476082 0.453389 0.433759 0.416720 0.401901 0.389004 0.377792 0.368069 0.359679 0.352494 0.346408 0.341336 0.337212 0.333982 0.331604 0.330049 0.329298 0.329342 0.330182 0.331828 0.334299 0.337627 0.341854 0.347034 0.353238 0.360553 0.369084 0.378964 0.390354 0.403452 0.418503 0.435811 0.455757 0.478826 0.505637 0.537000 0.573984 0.618039 0.671171 0.736236 1810.500000 1.633405 0.552415
0.613592 0.582723 0.556086 0.533006 0.512952 0.495503 0.480321 0.467133 0.455719 0.445898 0.437523 0.430475 0.424657 0.419993 0.416422 0.413900 0.412396 0.411892 0.412381 0.413869 0.416375 0.419930 0.424577 0.430377 0.437405 0.445759 0.455557 0.466945 0.480104 0.495253 0.512665 0.532676 0.555706 0.582283 0.613082 0.648971 0.691091 0.740967 0.800682 0.873153 0.962598 1.000000 0.903802 0.826304 0.762739 0.709843 0.665307 0.627452 0.595029 0.567091 0.542908 0.521910 0.503643 0.487747 0.473931 0.461958 0.451636 0.442809 0.435349 0.429153 0.424138 0.420240 0.417409 0.415611 0.414823 0.415036 0.416253 0.418487 0.421768 0.426135 0.431645 0.438368 0.446397 0.455844 0.466848 0.479581 0.494252 0.511119 0.530501 0.552795 0.578500 0.608249 0.642856 0.683385 0.731247 0.788362 0.841071 0.792292 0.750571 0.714660 0.683599 0.656642 0.633198 0.612796 0.595056 0.579672 0.566393 0.555016 0.545375 0.537336 0.530790 0.525653 0.521860 0.519363 0.518132 0.518153 0.519424 0.521963 0.525800 0.530982 0.537575 0.545665 0.555360 0.566797 0.580141 0.595598 0.613420 0.633916 0.657467 0.684548 0.715755 0.751840 0.793771 0.842806 0.801690 0.741804 0.691794 0.649567 1857.500000 1.327132 0.587234
0.613671 0.628069 0.644748 0.654562 0.648628 0.644338 0.641640 0.640501 0.640908 0.642865 0.646396 0.651544 0.658373 0.666971 0.677450 0.689953 0.704655 0.721774 0.741576 0.764390 0.790616 0.820754 0.855422 0.895401 0.941680 0.995533 1.000000 0.941141 0.890852 0.847603 0.810221 0.777791 0.749594 0.725055 0.703714 0.685197 0.669199 0.655475 0.643823 0.634078 0.626110 0.619814 0.615111 0.611941 0.610267 0.610067 0.609557 0.593766 0.580136 0.568456 0.558555 0.550297 0.543570 0.538287 0.534380 0.531802 0.530520 0.530519 0.531800 0.534377 0.538282 0.543564 0.550290 0.558546 0.568445 0.580123 0.593752 0.609540 0.627744 0.648680 0.672737 0.700399 0.732274 0.769130 0.811952 0.862022 0.921038 0.913450 0.879077 0.849168 0.823145 0.800541 0.780976 0.764142 0.749786 0.737704 0.727731 0.719735 0.713613 0.709288 0.706708 0.705841 0.706676 0.709224 0.713516 0.719604 0.727564 0.737499 0.749540 0.763852 0.780638 0.800149 0.822693 0.814278 0.775216 0.741434 0.712118 0.686623 0.664436 0.645143 0.628411 0.613966 0.601587 0.591093 0.582337 0.575203 0.569597 0.565449 0.562706 0.561335 0.561321 0.562661 0.565373 0.569490 0.575064 0.582163 0.590882 0.601336 7245.000000 1.384443 0.777043
1.000000 0.962518 0.929903 0.901527 0.876882 0.855554 0.837208 0.821570 0.808418 0.797571 0.788886 0.782253 0.777589 0.774835 0.773958 0.774948 0.777817 0.782600 0.789356 0.794901 0.767882 0.744374 0.723954 0.706281 0.691076 0.678110 0.667200 0.658196 0.650979 0.645457 0.641560 0.639241 0.638471 0.639241 0.641560 0.645457 0.650979 0.658196 0.667200 0.678110 0.691076 0.706281 0.723954 0.744374 0.767882 0.794901 0.825953 0.861690 0.902934 0.950729 0.980684 0.962119 0.946481 0.933556 0.923174 0.915200 0.909536 0.906111 0.904883 0.905837 0.908986 0.914368 0.922048 0.925957 0.897581 0.872933 0.851599 0.833242 0.817588 0.804414 0.793539 0.784820 0.778144 0.773428 0.770615 0.769669 0.770580 0.773358 0.778038 0.784676 0.769028 0.750113 0.733831 0.719939 0.708237 0.698566 0.690797 0.684831 0.680592 0.678029 0.677110 0.677825 0.680181 0.684208 0.689955 0.697493 0.706920 0.714160 0.721878 0.731546 0.743292 0.757275 0.773693 0.792792 0.814870 0.840296 0.869522 0.860292 0.844983 0.832179 0.821707 0.813431 0.807245 0.803073 0.800863 0.800588 0.802246 0.805856 0.811462 0.819134 0.828968 0.841093 0.855669 0.872900 0.893034 0.916379 0.943311 0.974292 580.000000 1.160973 0.875763
0.849827 0.831164 0.815226 0.801782 0.790649 0.781678 0.774754 0.769789 0.766723 0.765519 0.766160 0.768657 0.773038 0.779357 0.787694 0.798155 0.810877 0.826034 0.843840 0.864559 0.888515 0.916106 0.947823 0.963978 0.931141 0.902569 0.877751 0.856268 0.837782 0.822015 0.808744 0.797785 0.788995 0.782261 0.777498 0.774647 0.773674 0.774567 0.777337 0.782018 0.788667 0.797368 0.808231 0.821400 0.837056 0.855421 0.876770 0.901438 0.929840 0.962484 1.000000 0.971203 0.934379 0.902340 0.874462 0.850242 0.829271 0.811218 0.795810 0.782827 0.772091 0.763460 0.756822 0.752096 0.749222 0.748165 0.748913 0.751475 0.755881 0.762186 0.770470 0.780837 0.793424 0.808403 0.825987 0.846437 0.870075 0.897295 0.928582 0.964538 0.950524 0.919407 0.892345 0.868864 0.848579 0.831176 0.816400 0.804043 0.793939 0.785956 0.779992 0.775973 0.773849 0.773597 0.775211 0.778712 0.784142 0.791569 0.801086 0.812817 0.826918 0.843586 0.863061 0.885640 0.911688 0.941652 0.941261 0.916056 0.894264 0.875545 0.859622 0.846270 0.835309 0.826593 0.820012 0.815485 0.812955 0.812391 0.813788 0.817161 0.822553 0.830028 0.839683 0.851640 0.866059 0.883140 0.896511 0.871494 7303.000000 1.042988 0.857226
0.570429 0.581701 0.594889 0.600952 0.607437 0.615564 0.625438 0.637194 0.650999 0.667058 0.685623 0.707003 0.731578 0.759819 0.792314 0.829801 0.873219 0.923781 0.983071 1.000000 0.956058 0.917933 0.884782 0.855932 0.830843 0.809076 0.790276 0.764522 0.728952 0.698152 0.671402 0.648129 0.627878 0.610279 0.595034 0.581901 0.570679 0.561209 0.553359 0.547026 0.542126 0.538600 0.536404 0.535510 0.535908 0.537603 0.534799 0.531852 0.530208 0.529846 0.530763 0.532968 0.536491 0.541373 0.547676 0.555481 0.564893 0.576041 0.589086 0.604224 0.609221 0.608327 0.608900 0.610948 0.614494 0.619584 0.626280 0.634667 0.644857 0.656989 0.671233 0.687803 0.706957 0.729015 0.754371 0.783509 0.817036 0.855714 0.868782 0.846505 0.827284 0.810826 0.796893 0.785291 0.775864 0.768490 0.763076 0.759554 0.757883 0.758041 0.760030 0.763875 0.769622 0.777344 0.787137 0.799130 0.812233 0.767941 0.729897 0.697044 0.668563 0.643808 0.622267 0.603527 0.587256 0.573184 0.561091 0.550797 0.542156 0.535052 0.529390 0.525098 0.522123 0.520429 0.519994 0.520813 0.522897 0.526270 0.530975 0.536953 0.535305 0.534952 0.535889 0.538128 0.541696 0.546638 0.553016 0.560911 12132.000000 1.434575 0.809141
0.508741 0.509354 0.511202 0.514307 0.518707 0.524458 0.531633 0.540326 0.550657 0.562773 0.576855 0.593125 0.611857 0.633386 0.658129 0.686605 0.719468 0.757552 0.801933 0.814404 0.797557 0.783241 0.771256 0.761438 0.753660 0.747823 0.743854 0.741704 0.741347 0.742779 0.746017 0.751101 0.758094 0.767084 0.778186 0.765269 0.748839 0.734833 0.723052 0.713333 0.705550 0.699602 0.695414 0.692936 0.692137 0.693007 0.695557 0.699819 0.705844 0.713707 0.723511 0.735384 0.711436 0.689655 0.670737 0.654363 0.640275 0.628263 0.618155 0.609812 0.603126 0.598010 0.594399 0.582899 0.572663 0.564116 0.557143 0.551653 0.547576 0.544862 0.543478 0.543406 0.544646 0.547214 0.551139 0.556472 0.563279 0.566893 0.568578 0.571655 0.576161 0.582152 0.589705 0.598917 0.609915 0.622853 0.637922 0.655356 0.675443 0.698536 0.725072 0.755597 0.790793 0.831530 0.878924 0.934434 1.000000 0.949217 0.903450 0.863879 0.829543 0.799685 0.773701 0.751105 0.731504 0.714577 0.700065 0.687754 0.677473 0.669082 0.662473 0.657562 0.654288 0.652611 0.652510 0.633386 0.611857 0.593125 0.576855 0.562773 0.550657 0.540326 0.531633 0.524458 0.518707 0.514307 0.511202 0.509354 789.500000 1.216034 0.818702
0.852425 0.847382 0.844421 0.843505 0.844624 0.847791 0.853044 0.860449 0.870099 0.882116 0.896660 0.913931 0.934174 0.900733 0.870319 0.843859 0.820879 0.800996 0.783898 0.769329 0.757082 0.746990 0.738920 0.732769 0.728461 0.725941 0.725180 0.726168 0.728917 0.733460 0.739854 0.748179 0.758542 0.771079 0.785963 0.803406 0.823671 0.847078 0.874021 0.904986 0.940576 0.981540 0.989572 0.946401 0.908937 0.876357 0.848004 0.823349 0.801965 0.783503 0.767680 0.754265 0.743070 0.733944 0.726770 0.721455 0.717935 0.716166 0.716127 0.717817 0.721256 0.726487 0.733575 0.742609 0.753707 0.767017 0.782726 0.801061 0.822305 0.846802 0.837658 0.827972 0.820462 0.815033 0.811617 0.810174 0.810685 0.813157 0.817620 0.824129 0.832764 0.843637 0.856888 0.872698 0.891291 0.912940 0.937983 0.966833 1.000000 0.976579 0.935251 0.899357 0.868132 0.840959 0.817345 0.796889 0.779263 0.764201 0.751486 0.740943 0.732432 0.725843 0.721093 0.718124 0.716899 0.717404 0.719644 0.723647 0.729462 0.737162 0.746844 0.746493 0.744331 0.743968 0.745401 0.748646 0.753743 0.760756 0.769772 0.780908 0.794313 0.810171 0.828714 0.850221 0.875038 0.880806 0.869031 0.859611 10506.000000 1.082419 0.858597
0.914719 0.939945 0.969001 0.993673 0.965815 0.941684 0.920893 0.903129 0.888136 0.875709 0.865681 0.857923 0.852339 0.848858 0.847439 0.848065 0.850742 0.855504 0.862409 0.865906 0.850296 0.837221 0.826502 0.818001 0.811608 0.807243 0.804854 0.804411 0.805909 0.796663 0.780792 0.767353 0.756160 0.747063 0.739943 0.734711 0.731302 0.729674 0.729808 0.731704 0.735387 0.740901 0.748315 0.757722 0.769246 0.783041 0.799301 0.818264 0.840221 0.865532 0.894637 0.910719 0.892687 0.877428 0.864730 0.854423 0.846374 0.840481 0.836672 0.834899 0.835141 0.837401 0.841707 0.848111 0.856692 0.861717 0.855787 0.851976 0.850238 0.850552 0.852922 0.857377 0.863970 0.872785 0.883933 0.897559 0.913849 0.933029 0.955383 0.981257 1.000000 0.958062 0.921630 0.889934 0.862353 0.838390 0.817638 0.799770 0.784515 0.771656 0.761015 0.752451 0.745855 0.741144 0.738259 0.737166 0.737851 0.740322 0.741663 0.737755 0.735651 0.735326 0.736775 0.740016 0.745089 0.752055 0.761005 0.772051 0.785344 0.801065 0.819444 0.840758 0.849723 0.837835 0.828243 0.820822 0.815481 0.812153 0.810797 0.811397 0.813960 0.818518 0.825126 0.833867 0.844852 0.858225 0.874169 0.892908 17056.500000 1.146626 0.905376
0.903702 0.948272 1.000000 0.947784 0.889869 0.840533 0.798202 0.761677 0.730030 0.702534 0.678608 0.657792 0.639709 0.624057 0.610589 0.599103 0.589434 0.579157 0.566586 0.555860 0.546825 0.539358 0.533360 0.528753 0.525480 0.523501 0.522792 0.523344 0.525163 0.528272 0.532709 0.538530 0.545808 0.554641 0.565148 0.577479 0.591817 0.608389 0.627470 0.649403 0.674608 0.703613 0.737078 0.775849 0.764599 0.751561 0.740714 0.731914 0.725047 0.720026 0.716789 0.715296 0.715530 0.717493 0.721209 0.726724 0.734106 0.743448 0.754874 0.768536 0.784628 0.803384 0.795847 0.775184 0.757345 0.742057 0.729094 0.718278 0.709462 0.702532 0.697400 0.694002 0.692296 0.692263 0.693901 0.697231 0.702293 0.709150 0.717888 0.728622 0.741495 0.756687 0.774419 0.764067 0.730347 0.701095 0.675662 0.653528 0.634278 0.617575 0.603145 0.590764 0.580251 0.571459 0.564268 0.558584 0.554336 0.551471 0.549953 0.549765 0.550903 0.553382 0.557232 0.562500 0.569254 0.577580 0.587589 0.599422 0.613248 0.629279 0.647773 0.662969 0.661049 0.660727 0.661999 0.664881 0.669408 0.675636 0.683643 0.693533 0.705438 0.719523 0.735990 0.755091 0.777131 0.802488 0.831627 0.865125 906.500000 1.373135 0.811278
0.913725 0.874548 0.840535 0.810948 0.785201 0.762820 0.743420 0.726690 0.712375 0.700268 0.690200 0.682037 0.675674 0.671030 0.668047 0.666691 0.666943 0.668807 0.672306 0.677482 0.684401 0.693149 0.703841 0.716622 0.731670 0.749208 0.769507 0.792899 0.819795 0.839425 0.812486 0.789064 0.768755 0.751229 0.736219 0.723505 0.712912 0.704297 0.697547 0.692579 0.689329 0.687760 0.687850 0.689602 0.693037 0.698197 0.705146 0.713971 0.724789 0.737744 0.753018 0.770834 0.791466 0.815251 0.842603 0.874032 0.910175 0.951828 1.000000 0.988553 0.933263 0.885852 0.844962 0.809545 0.778778 0.752009 0.728717 0.708480 0.690956 0.675866 0.662985 0.652127 0.643144 0.635916 0.630350 0.626377 0.623947 0.623031 0.623618 0.625715 0.629348 0.634560 0.641418 0.650008 0.660445 0.672869 0.687458 0.704428 0.724045 0.746637 0.772605 0.802447 0.836785 0.876397 0.922279 0.938466 0.897510 0.861969 0.831061 0.804164 0.780774 0.760488 0.742973 0.727961 0.715233 0.704611 0.695951 0.689142 0.684097 0.680753 0.679070 0.679027 0.680623 0.683879 0.688833 0.695547 0.704106 0.714622 0.727235 0.742122 0.759498 0.779631 0.802847 0.829548 0.860230 0.895509 0.936157 0.958995 2282.000000 1.119454 0.773838
0.764081 0.744739 0.728063 0.713800 0.701742 0.691724 0.683611 0.677300 0.672709 0.669783 0.668486 0.668802 0.670735 0.674309 0.679566 0.686573 0.695419 0.706220 0.719120 0.734303 0.751992 0.772461 0.796046 0.823163 0.854323 0.890164 0.931486 0.979305 0.990878 0.927796 0.874246 0.828427 0.788977 0.754850 0.725227 0.699463 0.677042 0.657548 0.640646 0.626061 0.613571 0.602994 0.594182 0.587018 0.581409 0.577283 0.574590 0.573297 0.573388 0.574864 0.577743 0.582060 0.587870 0.595244 0.604281 0.615100 0.627855 0.642730 0.659957 0.679814 0.702649 0.728889 0.759064 0.793840 0.834062 0.880811 0.935501 1.000000 0.991205 0.939154 0.894345 0.855584 0.821941 0.792681 0.767218 0.745079 0.725881 0.709314 0.695123 0.683102 0.673084 0.664934 0.658547 0.653841 0.650759 0.649263 0.649334 0.650973 0.654201 0.659057 0.665601 0.673916 0.684110 0.696320 0.710718 0.727513 0.746965 0.769389 0.795177 0.824809 0.858884 0.846371 0.817795 0.792934 0.771344 0.752663 0.736598 0.722910 0.711404 0.701922 0.694341 0.688563 0.684516 0.682150 0.681436 0.682366 0.684951 0.689222 0.695232 0.703057 0.712796 0.724579 0.738567 0.754961 0.774006 0.796004 0.812077 0.786400 6100.000000 1.099941 0.754763
