45
1000 1000
4 20 90 85 61 140 107 76 155
8 -5 31 29 7 47 0 79 -5 110 27 83 56 50 69 19 67
4 4 205 116 144 211 199 116 318
6 -20 34 3 13 26 20 49 43 24 63 0 62
4 110 -3 233 57 114 161 10 91
8 48 63 60 53 78 59 90 75 80 91 65 95 31 96 25 79
3 28 16 69 41 22 73
8 38 50 40 33 79 24 98 26 121 46 96 74 63 121 56 75
5 24 16 50 0 79 30 56 54 30 51
7 10 11 23 0 38 12 49 19 40 31 28 29 19 26
3 15 -4 42 15 12 44
5 14 34 56 -10 108 59 72 100 15 85
6 0 58 19 49 45 28 42 58 46 90 13 94
7 20 56 88 55 147 41 136 90 126 128 87 147 20 115
4 60 -14 95 38 51 87 5 48
6 -25 72 5 29 54 40 73 74 58 118 8 113
6 35 33 49 32 63 42 51 55 34 56 17 45
7 8 32 28 32 50 36 62 51 53 67 26 77 6 71
4 6 24 28 12 44 25 28 39
4 87 18 109 62 80 88 54 56
6 84 21 150 49 218 89 158 146 72 152 75 92
4 -8 44 27 25 63 46 26 68
7 4 9 15 -1 23 12 37 20 31 38 16 39 0 29
4 43 71 97 38 141 71 88 109
4 43 54 97 26 123 53 94 103
6 3 -2 27 2 58 17 27 42 6 38 -15 26
4 3 61 54 18 110 54 66 134
7 32 26 46 22 63 22 76 33 65 48 47 56 31 44
6 41 66 59 13 120 8 122 81 116 142 74 116
8 31 0 51 -13 77 2 99 18 73 45 53 55 22 50 1 34
5 -11 -1 40 -10 73 20 34 68 -16 47
5 111 41 157 17 209 64 154 93 113 88
6 48 17 72 15 76 39 74 56 46 57 46 37
7 30 61 71 43 140 14 163 91 115 121 76 128 10 115
8 71 35 83 2 143 17 142 50 127 81 86 83 49 87 42 55
3 54 71 116 94 41 130
7 17 26 32 16 47 15 60 30 51 50 29 50 15 42
8 2 44 13 30 28 26 45 29 54 48 46 57 27 66 14 60
7 46 79 86 37 168 48 158 118 165 173 108 155 14 138
7 -1 23 0 -1 22 20 40 32 36 51 1 57 -14 40
7 4 12 31 2 53 6 68 17 56 46 28 41 1 35
8 3 46 7 27 25 22 39 29 57 47 44 63 24 72 4 66
3 86 68 161 142 64 211
5 80 97 131 93 185 125 136 171 74 162
5 64 15 118 19 174 39 135 91 86 74
