0.674818 0.688938 0.673118 0.659562 0.648071 0.638486 0.630677 0.624544 0.620008 0.617013 0.615523 0.615519 0.617001 0.619988 0.624516 0.630640 0.638440 0.648015 0.659495 0.673040 0.688847 0.707159 0.728273 0.752556 0.780459 0.812544 0.849514 0.892261 0.941927 1.000000 0.940583 0.875116 0.820017 0.773198 0.733107 0.698568 0.668676 0.642722 0.620145 0.600499 0.583421 0.568620 0.555857 0.544938 0.535706 0.528033 0.521815 0.516973 0.513446 0.511190 0.510177 0.510395 0.511847 0.514550 0.518538 0.523861 0.530585 0.538799 0.548613 0.560166 0.573628 0.589208 0.607161 0.627802 0.651521 0.678801 0.710253 0.746646 0.788974 0.808419 0.781263 0.757639 0.737125 0.719380 0.704126 0.691136 0.680225 0.671246 0.664079 0.658634 0.654842 0.652657 0.652052 0.653020 0.655572 0.659740 0.665575 0.673150 0.682563 0.693939 0.707433 0.723239 0.741596 0.762793 0.787191 0.815230 0.847456 0.884555 0.866336 0.819416 0.779097 0.744269 0.714068 0.687815 0.664969 0.645096 0.627845 0.612931 0.600121 0.589226 0.580092 0.572595 0.566637 0.562143 0.559055 0.557336 0.556966 0.557939 0.560268 0.563981 0.569123 0.575760 0.583977 0.593883 0.605616 0.619343 0.635273 0.653660 5349.500000 1.348147 0.746189
0.990727 0.955883 0.925561 0.899203 0.876357 0.856657 0.839801 0.825546 0.813694 0.804088 0.796602 0.791143 0.787643 0.786059 0.786372 0.788586 0.792727 0.798847 0.807022 0.817355 0.829981 0.845071 0.862837 0.883541 0.907503 0.935116 0.966864 0.969086 0.951689 0.937124 0.925194 0.915742 0.908648 0.903823 0.901209 0.900774 0.902513 0.906446 0.912622 0.921117 0.932038 0.945526 0.923280 0.897980 0.876083 0.857245 0.841184 0.827670 0.816521 0.807587 0.800754 0.795938 0.793079 0.792141 0.793114 0.796010 0.800863 0.807734 0.816708 0.827901 0.841460 0.857570 0.876463 0.881034 0.867121 0.855669 0.846529 0.839583 0.834745 0.831955 0.831179 0.832409 0.835658 0.840966 0.848400 0.858051 0.870045 0.884539 0.901735 0.921877 0.945268 0.972281 1.000000 0.970724 0.945326 0.923392 0.904581 0.888620 0.875285 0.864395 0.855810 0.849419 0.845144 0.842933 0.842758 0.844617 0.848534 0.854555 0.862755 0.873239 0.886141 0.901635 0.919937 0.935571 0.909733 0.887365 0.868111 0.851683 0.837847 0.826412 0.817227 0.810174 0.805165 0.802139 0.801057 0.801908 0.804701 0.809471 0.816275 0.825200 0.836360 0.849900 0.866008 0.884910 0.906890 0.932292 0.961542 0.995161 4630.500000 1.090368 0.893299
0.466256 0.476325 0.488040 0.501584 0.517184 0.535115 0.555721 0.579429 0.606777 0.638449 0.675327 0.718562 0.769693 0.830814 0.875754 0.865098 0.856737 0.850566 0.846508 0.844513 0.844557 0.846641 0.850791 0.857056 0.865514 0.876273 0.889473 0.905291 0.923947 0.945715 0.970930 1.000000 0.921811 0.834136 0.763369 0.705237 0.656803 0.615982 0.581257 0.551496 0.525839 0.503623 0.484327 0.467540 0.452933 0.440238 0.429242 0.419769 0.411675 0.404844 0.408195 0.427028 0.448817 0.474153 0.503807 0.538802 0.580524 0.630897 0.692671 0.769910 0.868894 0.876708 0.857633 0.841354 0.827638 0.816297 0.807181 0.800172 0.795184 0.792154 0.791045 0.791844 0.794561 0.799229 0.805905 0.814673 0.825644 0.838964 0.854814 0.865575 0.832679 0.804058 0.779153 0.757515 0.738778 0.722644 0.708872 0.697263 0.687657 0.679929 0.673978 0.669730 0.667132 0.666153 0.666780 0.669022 0.672906 0.675560 0.675580 0.677231 0.680534 0.685529 0.692277 0.700865 0.711404 0.724036 0.738937 0.756325 0.776466 0.799688 0.826395 0.857083 0.892371 0.933033 0.980052 0.964165 0.851649 0.764298 0.694716 0.638156 0.591430 0.552319 0.519234 0.491004 0.466752 0.445807 0.450488 0.457684 4477.500000 1.011423 0.619121
0.532455 0.516191 0.502065 0.489840 0.479324 0.470359 0.462818 0.456597 0.451615 0.447807 0.445127 0.443541 0.443029 0.443586 0.445219 0.447946 0.451803 0.456836 0.463111 0.470711 0.479739 0.490325 0.502627 0.516810 0.532533 0.550611 0.571384 0.595277 0.622820 0.654690 0.691754 0.735144 0.786362 0.847446 0.921225 1.000000 0.940445 0.889607 0.845917 0.808174 0.775443 0.746989 0.722228 0.700690 0.681994 0.665833 0.651954 0.640153 0.630263 0.622149 0.615706 0.610852 0.607526 0.605687 0.605314 0.606400 0.608960 0.613025 0.616555 0.596541 0.579137 0.564040 0.551004 0.539827 0.530348 0.522432 0.515974 0.510890 0.507114 0.504601 0.503319 0.503252 0.502223 0.498899 0.496809 0.495925 0.496238 0.497752 0.500483 0.504468 0.509753 0.516409 0.524520 0.534198 0.545579 0.558831 0.574160 0.591820 0.612122 0.635452 0.662289 0.693237 0.726110 0.717789 0.711352 0.706716 0.703825 0.702643 0.703157 0.705371 0.709314 0.715034 0.722601 0.732113 0.743694 0.757502 0.773731 0.792623 0.814471 0.839638 0.861952 0.814250 0.773315 0.737993 0.707386 0.680791 0.657651 0.637517 0.620029 0.604893 0.591870 0.580766 0.571422 0.563710 0.557529 0.552800 0.549462 0.547476 742.500000 1.423965 0.759480
0.843410 0.779958 0.727014 0.682340 0.644301 0.611674 0.583531 0.559152 0.537972 0.519544 0.503509 0.489579 0.477518 0.467135 0.458275 0.450810 0.444639 0.439680 0.435868 0.433156 0.431511 0.430913 0.431354 0.432839 0.435388 0.439030 0.443813 0.449796 0.457059 0.465700 0.475843 0.487639 0.501272 0.516971 0.535016 0.555753 0.579616 0.607148 0.639041 0.676191 0.719768 0.771335 0.833022 0.907811 1.000000 0.948121 0.869882 0.805364 0.751440 0.705879 0.667041 0.633702 0.604924 0.579983 0.558309 0.539449 0.523041 0.508791 0.496461 0.485858 0.476822 0.469227 0.462967 0.457961 0.454144 0.451469 0.449903 0.449427 0.450034 0.451734 0.454545 0.458503 0.463657 0.470074 0.477838 0.487056 0.497859 0.510411 0.524908 0.541597 0.560776 0.582820 0.608193 0.637480 0.671431 0.711011 0.757489 0.812562 0.863134 0.809916 0.764615 0.725769 0.692266 0.663247 0.638038 0.616105 0.597021 0.580440 0.566081 0.553718 0.543164 0.534267 0.526906 0.520984 0.516423 0.513167 0.511175 0.510424 0.510904 0.512621 0.515596 0.519866 0.525483 0.532520 0.541068 0.551246 0.563197 0.577098 0.593168 0.611675 0.632947 0.657393 0.685522 0.717971 0.755557 0.799326 0.850654 0.911373 5665.500000 1.218391 0.595943
0.837411 0.821797 0.808667 0.797842 0.789179 0.782568 0.777924 0.775192 0.774338 0.775351 0.778245 0.783053 0.789836 0.798679 0.809694 0.823029 0.838864 0.802892 0.764944 0.732105 0.703595 0.678796 0.657215 0.638454 0.622193 0.608168 0.596166 0.586012 0.577567 0.570718 0.565375 0.561471 0.558958 0.557805 0.557998 0.559541 0.562450 0.566762 0.572531 0.579830 0.585592 0.585322 0.586465 0.589034 0.593060 0.598594 0.605705 0.614486 0.625052 0.637551 0.652164 0.669111 0.688667 0.711165 0.737017 0.766737 0.800966 0.840512 0.844817 0.833416 0.824278 0.817285 0.812351 0.809415 0.808439 0.809415 0.812351 0.817285 0.824278 0.833416 0.844817 0.858632 0.861127 0.844971 0.831376 0.820157 0.811164 0.804283 0.799427 0.796537 0.795577 0.796537 0.799427 0.804283 0.811164 0.796813 0.744773 0.700698 0.663056 0.630695 0.602730 0.578473 0.557385 0.539033 0.523071 0.509218 0.497248 0.486973 0.478243 0.470935 0.464951 0.460211 0.456656 0.454242 0.457192 0.463808 0.471772 0.481194 0.492209 0.504986 0.519729 0.536691 0.556183 0.578590 0.604395 0.634209 0.668811 0.709215 0.756754 0.813225 0.881096 0.963862 1.000000 0.962563 0.929988 0.901646 0.877031 0.855732 544.500000 1.350123 0.780735
0.812201 0.833658 0.858404 0.861606 0.851030 0.842717 0.836561 0.832485 0.830439 0.830399 0.832364 0.836359 0.842430 0.850655 0.861138 0.874013 0.860196 0.829537 0.802856 0.779658 0.759540 0.742178 0.727305 0.714704 0.704200 0.695652 0.688949 0.684006 0.680761 0.679176 0.679231 0.680926 0.684282 0.689340 0.696164 0.704838 0.715478 0.728224 0.743256 0.758063 0.741743 0.727827 0.716117 0.706453 0.698707 0.692779 0.688597 0.686108 0.685281 0.686108 0.688597 0.692779 0.698707 0.706453 0.716117 0.727827 0.741743 0.747211 0.743245 0.741097 0.740741 0.742171 0.745407 0.750487 0.757474 0.766456 0.777550 0.790902 0.806699 0.825167 0.846589 0.871307 0.899746 0.932425 0.969992 1.000000 0.951154 0.908945 0.872335 0.840507 0.812809 0.788717 0.767809 0.749741 0.734231 0.721052 0.710018 0.700980 0.693820 0.688446 0.684792 0.682813 0.682484 0.683803 0.679315 0.670729 0.663937 0.658853 0.655413 0.653575 0.653317 0.654635 0.657546 0.662086 0.668309 0.676295 0.686148 0.697998 0.712011 0.728387 0.747379 0.769289 0.765751 0.754322 0.744997 0.737656 0.732204 0.728575 0.726724 0.726628 0.728287 0.731720 0.736969 0.744100 0.753202 0.764395 0.777826 0.793685 576.000000 1.227883 0.883382
0.701451 0.755435 0.820563 0.900353 1.000000 0.935002 0.866988 0.810017 0.761794 0.720628 0.685250 0.654686 0.628181 0.605139 0.585088 0.567647 0.552507 0.539421 0.528182 0.518627 0.510619 0.504051 0.498836 0.494907 0.492217 0.490732 0.490433 0.491318 0.493397 0.496695 0.501253 0.507129 0.514398 0.523157 0.533527 0.545657 0.559732 0.575977 0.594668 0.616147 0.640837 0.669268 0.702110 0.740216 0.784694 0.772781 0.729887 0.693086 0.661335 0.633825 0.609924 0.589127 0.571032 0.555313 0.541707 0.529997 0.520010 0.511601 0.504657 0.499085 0.494813 0.491789 0.489975 0.489349 0.489903 0.491644 0.494593 0.498786 0.504277 0.511135 0.519450 0.529337 0.540936 0.554421 0.570003 0.587944 0.608564 0.632262 0.659534 0.691004 0.727468 0.769953 0.819806 0.878826 0.949467 0.982413 0.886394 0.809249 0.746111 0.693662 0.649564 0.612125 0.580088 0.552502 0.528637 0.507921 0.489903 0.474222 0.460590 0.448771 0.438573 0.429840 0.422447 0.416289 0.411285 0.407370 0.404493 0.402621 0.401728 0.401806 0.402854 0.404886 0.407926 0.412012 0.417196 0.423546 0.431146 0.440104 0.450551 0.462647 0.476590 0.492624 0.511048 0.532235 0.556655 0.584900 0.617732 0.656144 7674.000000 1.332789 0.585887
0.769343 0.783271 0.799674 0.818794 0.823907 0.808497 0.795534 0.784842 0.776278 0.769734 0.765126 0.762400 0.761521 0.762478 0.765284 0.769973 0.776601 0.785253 0.796040 0.809103 0.824621 0.842817 0.863962 0.888391 0.916514 0.913403 0.881362 0.853479 0.829243 0.808238 0.790128 0.774636 0.761540 0.750658 0.741844 0.734985 0.729994 0.726810 0.725393 0.725727 0.727815 0.731683 0.737378 0.744971 0.754559 0.766267 0.780254 0.796715 0.815894 0.838088 0.863663 0.893066 0.880343 0.858312 0.839330 0.823109 0.809416 0.798062 0.788897 0.781802 0.776688 0.773491 0.772174 0.772719 0.775134 0.779447 0.785712 0.794007 0.804438 0.817141 0.832289 0.850096 0.870826 0.894801 0.922419 0.887004 0.854182 0.825620 0.800773 0.779201 0.760544 0.744512 0.730866 0.719413 0.709997 0.702496 0.696812 0.692875 0.690637 0.690071 0.691169 0.693945 0.698433 0.704688 0.712789 0.722840 0.734974 0.749359 0.766201 0.785753 0.808328 0.834308 0.864165 0.898482 0.937991 0.983613 1.000000 0.957042 0.919747 0.887308 0.859078 0.834537 0.813264 0.794916 0.779214 0.765929 0.754878 0.745913 0.738917 0.733802 0.730506 0.728988 0.729229 0.731232 0.735022 0.740645 0.748171 0.757696 9850.000000 1.037455 0.847029
0.878254 0.912951 0.952892 0.959435 0.912596 0.872121 0.837015 0.806493 0.779932 0.756829 0.736780 0.719454 0.704583 0.691947 0.681369 0.672706 0.665844 0.660696 0.657199 0.655309 0.655002 0.656277 0.659148 0.663649 0.669837 0.677790 0.687611 0.682098 0.670837 0.661510 0.653993 0.648189 0.644024 0.641449 0.640430 0.640957 0.643034 0.646689 0.651964 0.658927 0.667666 0.678296 0.690962 0.705842 0.723158 0.743180 0.766241 0.792749 0.823212 0.858260 0.898687 0.945500 1.000000 0.967994 0.924216 0.886269 0.853290 0.824593 0.799627 0.777947 0.759193 0.743069 0.729337 0.717800 0.708303 0.700720 0.694954 0.690933 0.688608 0.687950 0.688952 0.691625 0.696002 0.702137 0.710107 0.720015 0.731991 0.746201 0.762847 0.782181 0.804059 0.780137 0.759374 0.741427 0.726017 0.712918 0.701944 0.692946 0.685808 0.680438 0.676769 0.674756 0.674375 0.675620 0.678509 0.683074 0.689374 0.697487 0.707517 0.719600 0.733901 0.750627 0.770031 0.792425 0.816530 0.794407 0.775269 0.758817 0.744806 0.733036 0.723348 0.715615 0.709736 0.705640 0.703275 0.702613 0.703646 0.706386 0.710867 0.717144 0.725295 0.735426 0.747671 0.762197 0.779214 0.798976 0.821799 0.848066 14295.500000 1.150900 0.821590
0.974375 0.996789 0.960042 0.928064 0.900247 0.876098 0.855217 0.837278 0.822016 0.809216 0.798702 0.790338 0.784016 0.779658 0.777210 0.776642 0.777948 0.781144 0.786268 0.793383 0.802580 0.813976 0.827724 0.844012 0.863075 0.885200 0.910742 0.940133 0.942867 0.918288 0.897064 0.878868 0.863435 0.850548 0.840034 0.831756 0.825610 0.821518 0.819430 0.819322 0.821193 0.825063 0.830982 0.839023 0.849286 0.861906 0.877051 0.894933 0.915811 0.940005 0.967908 1.000000 0.997197 0.960835 0.929190 0.901667 0.877781 0.857140 0.839423 0.824369 0.811767 0.801445 0.793271 0.787138 0.782971 0.780719 0.780355 0.781874 0.785294 0.790657 0.798030 0.807505 0.819205 0.833286 0.849943 0.869417 0.892004 0.918065 0.948049 0.923336 0.899571 0.879063 0.861498 0.846622 0.834226 0.824144 0.816246 0.810432 0.806630 0.804793 0.804899 0.806949 0.810969 0.817007 0.825138 0.835465 0.848124 0.863283 0.881156 0.902004 0.926147 0.953979 0.985985 0.978317 0.946547 0.918920 0.894955 0.874261 0.856519 0.841469 0.828902 0.818648 0.810573 0.804575 0.800580 0.798539 0.798427 0.800242 0.804007 0.809767 0.817595 0.827588 0.839877 0.854627 0.872042 0.892376 0.915941 0.943117 937.000000 1.049225 0.862346
0.643175 0.633822 0.626224 0.620282 0.615922 0.613089 0.611750 0.611887 0.613502 0.616616 0.621265 0.627508 0.635425 0.645118 0.656717 0.670386 0.686325 0.704779 0.726051 0.750511 0.778617 0.810940 0.848195 0.891289 0.941385 1.000000 0.952492 0.904006 0.862194 0.825981 0.794524 0.767155 0.743340 0.722648 0.704728 0.689296 0.676119 0.665009 0.655812 0.648407 0.642698 0.638614 0.636105 0.635139 0.635705 0.637810 0.641479 0.646759 0.653713 0.662432 0.673030 0.684533 0.688014 0.693209 0.700183 0.709024 0.719848 0.732800 0.748061 0.765856 0.786460 0.810208 0.837516 0.868895 0.840971 0.813765 0.790109 0.769590 0.751876 0.736694 0.723822 0.713080 0.704325 0.697442 0.692344 0.688967 0.687271 0.687235 0.688859 0.692161 0.697183 0.703987 0.712658 0.712064 0.699148 0.688320 0.679434 0.672374 0.667050 0.663395 0.661364 0.660933 0.662097 0.664869 0.669284 0.675396 0.683282 0.693043 0.704810 0.718745 0.735048 0.753967 0.775804 0.800930 0.829804 0.862995 0.901214 0.945357 0.937917 0.893905 0.855808 0.822726 0.793949 0.768906 0.747140 0.728278 0.712018 0.698114 0.686364 0.676606 0.668710 0.662573 0.658120 0.655294 0.654061 0.654407 0.656335 0.654409 11621.000000 1.072784 0.803818
0.664498 0.675160 0.687854 0.702760 0.720100 0.723187 0.697959 0.676006 0.656926 0.640394 0.626145 0.613963 0.603673 0.595132 0.588227 0.582868 0.578988 0.576539 0.575492 0.575832 0.586164 0.605535 0.627794 0.653386 0.682868 0.716946 0.756522 0.802769 0.857238 0.922020 1.000000 0.943731 0.849981 0.774872 0.713538 0.662682 0.619987 0.583781 0.552829 0.526198 0.503172 0.483191 0.465816 0.450695 0.443527 0.443468 0.444480 0.446574 0.449778 0.454129 0.459684 0.466514 0.474711 0.484389 0.495688 0.508783 0.523885 0.541254 0.561213 0.584161 0.610600 0.641163 0.676663 0.695410 0.695673 0.697618 0.701267 0.706667 0.713883 0.723008 0.734161 0.747492 0.763189 0.781482 0.802655 0.827056 0.855110 0.887348 0.850194 0.805288 0.766643 0.733222 0.704219 0.678996 0.657046 0.637960 0.621406 0.607114 0.594867 0.584484 0.575820 0.568760 0.563211 0.559103 0.556386 0.555025 0.555005 0.556325 0.559002 0.563067 0.566827 0.571783 0.578231 0.586255 0.595960 0.607481 0.620981 0.636663 0.654777 0.675626 0.699588 0.727128 0.724384 0.706459 0.691023 0.677846 0.666738 0.657547 0.650151 0.644455 0.640387 0.637897 0.636955 0.637549 0.639687 0.643395 0.648718 0.655722 3674.500000 1.181064 0.691184
0.820593 0.793242 0.769448 0.748792 0.730931 0.715585 0.702529 0.691576 0.682579 0.675420 0.670006 0.666271 0.664168 0.663672 0.664778 0.667498 0.671865 0.677934 0.685781 0.695506 0.707240 0.721144 0.712992 0.706172 0.701154 0.697877 0.696299 0.696403 0.698189 0.701678 0.706915 0.713963 0.722912 0.733878 0.747010 0.762491 0.780547 0.801457 0.825562 0.853280 0.885131 0.921759 0.890716 0.849351 0.813530 0.782418 0.755350 0.731796 0.711329 0.693600 0.678329 0.665283 0.654277 0.645157 0.637804 0.632122 0.628040 0.625508 0.624495 0.624987 0.626993 0.630535 0.635658 0.644552 0.657953 0.673581 0.691675 0.712533 0.736517 0.764076 0.795771 0.832300 0.874552 0.923668 0.910187 0.888766 0.870378 0.854753 0.841671 0.830956 0.822466 0.816094 0.811760 0.809412 0.809021 0.810582 0.807543 0.776267 0.749061 0.725386 0.704807 0.686973 0.671597 0.658446 0.647330 0.638094 0.630616 0.624800 0.620570 0.617877 0.616685 0.616982 0.618771 0.622073 0.626928 0.631305 0.632190 0.634609 0.638591 0.644185 0.651461 0.660512 0.671460 0.684452 0.699677 0.717361 0.737786 0.761296 0.788316 0.819370 0.855116 0.896381 0.944221 1.000000 0.978176 0.929889 0.888185 0.852025 7137.000000 1.101632 0.799420
0.838407 0.864183 0.893816 0.927868 0.907354 0.879576 0.855447 0.834564 0.816597 0.801277 0.788385 0.777745 0.769218 0.762692 0.758088 0.755347 0.754437 0.755347 0.758088 0.762692 0.769218 0.777745 0.788385 0.801277 0.816597 0.834564 0.855447 0.877361 0.853073 0.832044 0.813940 0.798490 0.785473 0.774710 0.766058 0.759407 0.754672 0.751797 0.750744 0.751503 0.754082 0.758512 0.764848 0.773169 0.783581 0.796222 0.811264 0.828921 0.849456 0.873190 0.900521 0.875358 0.843940 0.816598 0.792822 0.772200 0.754394 0.739131 0.726189 0.715385 0.706576 0.699646 0.694508 0.691097 0.689372 0.689312 0.690917 0.694205 0.699217 0.706016 0.714687 0.725342 0.738125 0.753214 0.770828 0.791238 0.814774 0.841843 0.872949 0.908714 0.949921 0.997561 1.000000 0.957251 0.920133 0.887845 0.859747 0.835324 0.814157 0.795906 0.780294 0.767096 0.756128 0.747243 0.740328 0.735295 0.732082 0.730649 0.730979 0.733077 0.736967 0.742697 0.750339 0.759990 0.771775 0.785855 0.802428 0.821736 0.805700 0.787801 0.772500 0.759578 0.748854 0.740188 0.733467 0.728607 0.725546 0.724249 0.724700 0.726903 0.730885 0.736696 0.744408 0.754119 0.765957 0.780081 0.796691 0.816033 1566.000000 1.074474 0.847849
0.848528 0.841286 0.836163 0.833097 0.832051 0.833011 0.835991 0.841025 0.848175 0.857532 0.869215 0.883378 0.900215 0.919966 0.942925 0.969455 1.000000 0.973158 0.932798 0.897729 0.867215 0.840665 0.817604 0.797645 0.780473 0.765830 0.753508 0.743340 0.735189 0.724547 0.703091 0.684471 0.668381 0.654570 0.642836 0.633013 0.624969 0.618598 0.613820 0.610574 0.608822 0.608541 0.609729 0.612400 0.616587 0.622340 0.629733 0.638862 0.649848 0.662843 0.678035 0.688898 0.699959 0.713127 0.728589 0.746574 0.767365 0.791308 0.818830 0.850458 0.886850 0.928833 0.977460 0.991858 0.968542 0.948529 0.931525 0.917291 0.905634 0.896402 0.889478 0.884775 0.882236 0.881829 0.883551 0.887421 0.893487 0.901825 0.906529 0.874501 0.846629 0.822399 0.801394 0.783276 0.767767 0.754643 0.743722 0.734857 0.727935 0.722867 0.719590 0.718065 0.718273 0.720217 0.723920 0.729428 0.736809 0.746157 0.744469 0.729324 0.716475 0.705742 0.696980 0.690075 0.684939 0.681509 0.679742 0.679618 0.681134 0.684309 0.689183 0.695814 0.697965 0.701458 0.706697 0.713746 0.722697 0.733665 0.746798 0.762279 0.780336 0.801245 0.825350 0.853068 0.884919 0.884040 0.869767 0.857982 561.000000 1.202061 0.868665
0.694719 0.743566 0.801880 0.788973 0.745501 0.708185 0.675978 0.648067 0.623812 0.602707 0.584345 0.568397 0.554597 0.542728 0.532613 0.524107 0.517095 0.511484 0.507202 0.504196 0.502429 0.501878 0.502539 0.504417 0.507538 0.511938 0.517673 0.524816 0.533463 0.543731 0.555767 0.569752 0.585907 0.604504 0.625877 0.650441 0.678714 0.711348 0.749175 0.793269 0.845042 0.818107 0.753901 0.700605 0.655822 0.617820 0.585313 0.557332 0.533129 0.512124 0.493855 0.477957 0.464134 0.452146 0.441800 0.432936 0.425426 0.419164 0.414067 0.410069 0.407118 0.405179 0.404227 0.404252 0.405253 0.407242 0.410244 0.414296 0.419450 0.425772 0.433347 0.442282 0.452706 0.464780 0.478701 0.494711 0.513107 0.534260 0.558637 0.586826 0.619582 0.657891 0.703054 0.756833 0.821663 0.901016 1.000000 0.913448 0.835442 0.771423 0.718124 0.673231 0.635060 0.602359 0.574176 0.549778 0.528590 0.510159 0.494119 0.480179 0.468101 0.457691 0.448791 0.441274 0.435035 0.429992 0.426079 0.423247 0.421461 0.420699 0.420952 0.422224 0.424529 0.427895 0.432366 0.437997 0.444863 0.453056 0.462692 0.473914 0.486895 0.501851 0.519044 0.538802 0.561530 0.587738 0.618073 0.653371 5205.000000 1.289613 0.590430
0.640534 0.628649 0.618661 0.610432 0.603856 0.598846 0.595342 0.593299 0.592694 0.593517 0.595781 0.599512 0.604755 0.611578 0.620067 0.630335 0.642523 0.656805 0.673395 0.692557 0.714613 0.739962 0.769096 0.802631 0.841344 0.886223 0.938548 1.000000 0.987639 0.944785 0.907590 0.875242 0.847091 0.822614 0.801388 0.783070 0.767377 0.754082 0.742999 0.733980 0.726908 0.721692 0.718269 0.716596 0.716654 0.718442 0.721984 0.727321 0.734520 0.721364 0.694121 0.670416 0.649791 0.631874 0.616363 0.603014 0.591626 0.582036 0.574113 0.567752 0.562872 0.559411 0.557327 0.556594 0.557204 0.559163 0.562497 0.567245 0.573467 0.581243 0.590675 0.601893 0.615055 0.630358 0.648044 0.668406 0.691811 0.718709 0.749662 0.785378 0.826759 0.874969 0.862703 0.843572 0.827222 0.813415 0.801962 0.792711 0.785541 0.780362 0.777112 0.775750 0.776259 0.778646 0.782939 0.789192 0.797482 0.807916 0.820629 0.835794 0.853626 0.874387 0.840225 0.807818 0.779627 0.755095 0.733774 0.715299 0.699376 0.685762 0.674261 0.664714 0.656995 0.651003 0.646664 0.643923 0.642747 0.643121 0.645051 0.648560 0.653691 0.660507 0.669096 0.679570 0.692071 0.689457 0.670707 0.654484 19298.000000 1.419480 0.815858
0.737435 0.745801 0.756203 0.768777 0.777078 0.737532 0.703430 0.673893 0.648236 0.625913 0.606489 0.589612 0.574996 0.562410 0.551663 0.542602 0.535102 0.529064 0.524410 0.521082 0.519038 0.518253 0.518719 0.520514 0.525104 0.531067 0.538480 0.547439 0.558069 0.570522 0.584984 0.601686 0.620909 0.643002 0.668394 0.697624 0.731370 0.770497 0.813479 0.815448 0.819407 0.825401 0.833508 0.843827 0.856495 0.871681 0.889597 0.910505 0.934725 0.962651 0.994767 1.000000 0.906932 0.831545 0.769441 0.717577 0.673784 0.636474 0.604459 0.576833 0.552896 0.534612 0.524596 0.516168 0.509215 0.503643 0.499382 0.496379 0.494596 0.494011 0.494618 0.496424 0.499450 0.503080 0.505450 0.509075 0.513999 0.520285 0.528015 0.537292 0.548245 0.561033 0.575853 0.592943 0.612601 0.635189 0.661161 0.691083 0.725672 0.765849 0.812808 0.868130 0.882755 0.851360 0.824037 0.800283 0.779685 0.761910 0.746686 0.733792 0.723048 0.714310 0.707465 0.702425 0.699130 0.697538 0.697630 0.699407 0.702890 0.708124 0.715171 0.724122 0.735094 0.748233 0.763724 0.781793 0.780477 0.766049 0.753927 0.743948 0.735979 0.729919 0.725691 0.723245 0.722550 0.723598 0.726402 0.730995 9719.500000 1.253377 0.755768
0.935514 0.967727 0.964930 0.946529 0.931019 0.918185 0.907857 0.899902 0.894222 0.890745 0.889430 0.890260 0.893245 0.898422 0.905855 0.915636 0.927890 0.942778 0.960504 0.975790 0.935201 0.899935 0.869250 0.842552 0.819360 0.799284 0.782007 0.767271 0.754865 0.744619 0.736398 0.730096 0.725634 0.718442 0.710258 0.703935 0.699393 0.696577 0.695452 0.696005 0.698242 0.702191 0.707899 0.715439 0.724907 0.736426 0.750154 0.756457 0.755545 0.756457 0.759201 0.763813 0.770347 0.778888 0.789543 0.802454 0.817797 0.835790 0.856704 0.880868 0.908687 0.940660 0.977406 1.000000 0.978036 0.959278 0.943455 0.930351 0.919792 0.911641 0.905796 0.902185 0.900765 0.901517 0.904451 0.909603 0.917036 0.926843 0.939148 0.954114 0.971945 0.966599 0.923228 0.885624 0.852938 0.824494 0.799751 0.778270 0.759695 0.743735 0.730156 0.718764 0.709404 0.701955 0.696320 0.692430 0.690237 0.689714 0.690855 0.696737 0.705474 0.716181 0.729001 0.744113 0.761739 0.782151 0.805681 0.832738 0.851068 0.834629 0.820754 0.809249 0.799963 0.792777 0.787598 0.784364 0.783036 0.783596 0.786052 0.790434 0.796795 0.805215 0.815802 0.828693 0.844064 0.862133 0.883166 0.907492 2405.500000 1.098683 0.877968
0.849952 0.900525 0.934412 0.889020 0.849786 0.815750 0.786157 0.760404 0.738006 0.718571 0.701781 0.687375 0.675143 0.664913 0.656546 0.649933 0.644991 0.641657 0.639891 0.639672 0.640996 0.643880 0.648360 0.654490 0.662348 0.672035 0.683682 0.697449 0.713536 0.702450 0.673018 0.647450 0.625205 0.605848 0.589031 0.574468 0.561930 0.551226 0.542205 0.534741 0.528737 0.524115 0.520816 0.518801 0.518045 0.518538 0.520287 0.523312 0.527652 0.533359 0.540508 0.549193 0.559530 0.571669 0.585788 0.602109 0.620904 0.642509 0.667336 0.695904 0.728861 0.767035 0.811491 0.863627 0.925303 0.999058 1.000000 0.936402 0.882409 0.836207 0.796426 0.762010 0.732136 0.706154 0.683542 0.663884 0.646839 0.632132 0.619539 0.608876 0.599994 0.592776 0.587126 0.582975 0.580270 0.578978 0.579084 0.580589 0.583511 0.587886 0.593769 0.601234 0.610377 0.621324 0.634225 0.649272 0.666694 0.686778 0.700919 0.677464 0.657059 0.639342 0.624020 0.610852 0.599643 0.590235 0.582498 0.576333 0.571659 0.568418 0.566572 0.566097 0.566987 0.569254 0.572925 0.578045 0.584678 0.592911 0.602851 0.614637 0.628437 0.644459 0.662958 0.684248 0.708714 0.736836 0.769212 0.806596 1412.500000 1.441638 0.735918
0.757758 0.758672 0.761424 0.766049 0.772603 0.781169 0.791855 0.804803 0.820191 0.838238 0.859213 0.883447 0.911348 0.943415 0.980269 1.000000 0.947725 0.902711 0.863765 0.829957 0.800553 0.774963 0.752716 0.733429 0.716788 0.702541 0.690481 0.680439 0.672281 0.665901 0.661220 0.658179 0.656740 0.656887 0.658620 0.655051 0.646531 0.639750 0.634624 0.631087 0.629097 0.628628 0.629677 0.632254 0.636392 0.642142 0.649576 0.658789 0.669905 0.683076 0.698492 0.716385 0.737042 0.760813 0.788130 0.819529 0.855681 0.897432 0.945861 0.978740 0.957332 0.939054 0.923645 0.910892 0.900626 0.892716 0.887062 0.883595 0.882272 0.883077 0.886019 0.891136 0.898489 0.908171 0.880572 0.842442 0.809346 0.780561 0.755511 0.733732 0.714847 0.698550 0.684593 0.672771 0.662920 0.654909 0.648633 0.644013 0.640991 0.639531 0.636758 0.635461 0.635699 0.637472 0.640804 0.645735 0.652325 0.660660 0.670847 0.683025 0.697364 0.714076 0.733418 0.755708 0.781337 0.810787 0.844659 0.883706 0.916770 0.887670 0.862374 0.840448 0.821539 0.805360 0.791677 0.780299 0.771075 0.763885 0.758638 0.755271 0.753740 0.754029 0.756141 0.760100 0.765957 0.766049 0.761424 0.758672 6663.000000 1.228685 0.827774
0.804616 0.780039 0.758693 0.740219 0.724327 0.710780 0.699384 0.689984 0.682455 0.676702 0.667296 0.658291 0.651073 0.645550 0.641652 0.639333 0.638563 0.639333 0.641652 0.645550 0.651073 0.658291 0.667296 0.678208 0.691175 0.706383 0.724059 0.744481 0.767993 0.795016 0.826073 0.861815 0.903064 0.950866 0.973303 0.944722 0.919923 0.898503 0.880130 0.864534 0.851496 0.840842 0.832431 0.826158 0.821944 0.819737 0.819512 0.821264 0.825016 0.830813 0.838726 0.848857 0.861335 0.848659 0.820006 0.795078 0.773429 0.754698 0.738589 0.724864 0.713327 0.703820 0.696219 0.690425 0.686367 0.683994 0.683279 0.684211 0.686803 0.691085 0.697112 0.704957 0.702652 0.692243 0.683760 0.677095 0.672161 0.668899 0.667268 0.667249 0.668841 0.672063 0.676956 0.683579 0.692016 0.702378 0.714803 0.729464 0.746576 0.766400 0.789259 0.815549 0.845758 0.880494 0.920519 0.966795 1.000000 0.959610 0.924496 0.893939 0.867360 0.844291 0.824352 0.807233 0.792681 0.780492 0.770499 0.762574 0.756614 0.752545 0.750317 0.749905 0.751301 0.754524 0.756644 0.757501 0.760193 0.764754 0.771238 0.779729 0.790333 0.803191 0.818479 0.836415 0.857265 0.881359 0.865327 0.832864 1589.500000 1.197724 0.842642
0.513635 0.503939 0.495775 0.489030 0.483616 0.479463 0.476518 0.474747 0.474126 0.474649 0.476322 0.479165 0.483214 0.478814 0.475343 0.473054 0.471918 0.471922 0.473065 0.475362 0.478840 0.483543 0.489531 0.496881 0.505691 0.516086 0.528216 0.542267 0.558469 0.577102 0.598513 0.623133 0.651502 0.684305 0.722418 0.766985 0.819515 0.882052 0.910843 0.883208 0.859208 0.838445 0.820592 0.805384 0.792603 0.782076 0.773665 0.767262 0.762786 0.760183 0.759420 0.760490 0.740101 0.704403 0.673538 0.646757 0.623469 0.603202 0.585577 0.570289 0.557086 0.545765 0.536162 0.528141 0.521594 0.516437 0.512604 0.510046 0.508734 0.508650 0.509795 0.512181 0.515839 0.520812 0.527165 0.534979 0.544360 0.555438 0.568373 0.583365 0.600654 0.606958 0.597897 0.590505 0.584684 0.580362 0.577484 0.576015 0.575938 0.577251 0.579970 0.584129 0.589780 0.596993 0.605862 0.615642 0.617317 0.620501 0.625231 0.631567 0.639589 0.649402 0.661139 0.674964 0.691080 0.709736 0.731237 0.755960 0.784369 0.817042 0.854704 0.898274 0.948933 1.000000 0.922235 0.857609 0.803256 0.757097 0.717589 0.683565 0.654127 0.628570 0.606342 0.586998 0.570181 0.553463 0.538208 0.525001 5287.000000 1.546712 0.755854
0.746052 0.770017 0.771734 0.763822 0.757877 0.753826 0.751619 0.751229 0.752653 0.755906 0.761028 0.768084 0.777161 0.788378 0.801883 0.817864 0.836550 0.858227 0.883241 0.912020 0.945092 0.923085 0.897763 0.875847 0.856991 0.840912 0.827383 0.816217 0.807267 0.800419 0.795587 0.792711 0.791756 0.792711 0.795587 0.800419 0.807267 0.816217 0.827383 0.840912 0.856991 0.875847 0.835617 0.800664 0.770298 0.743879 0.720890 0.700918 0.683625 0.668737 0.656031 0.645324 0.636470 0.629351 0.623875 0.619975 0.617602 0.616727 0.617340 0.619448 0.623076 0.628270 0.635094 0.643635 0.654006 0.666349 0.680838 0.697689 0.717167 0.739597 0.753294 0.753522 0.755571 0.759466 0.765254 0.773008 0.782825 0.794835 0.809199 0.826118 0.845841 0.868673 0.894988 0.925245 0.960013 1.000000 0.974296 0.941314 0.912619 0.887696 0.866130 0.847580 0.831770 0.818475 0.807512 0.798739 0.792041 0.787336 0.784565 0.783695 0.784716 0.787639 0.792500 0.799359 0.788617 0.762235 0.739284 0.719358 0.702124 0.687314 0.674707 0.664126 0.655426 0.648493 0.643239 0.639598 0.637525 0.636994 0.638001 0.640556 0.644691 0.650457 0.657927 0.667196 0.678387 0.691655 0.707191 0.725227 4866.500000 1.340240 0.867961
0.722483 0.697164 0.675130 0.655979 0.639381 0.625072 0.612833 0.602488 0.593893 0.586935 0.581522 0.577586 0.575080 0.573972 0.574249 0.575915 0.578989 0.583510 0.574488 0.563191 0.553638 0.545696 0.539259 0.534245 0.530589 0.528248 0.527191 0.527406 0.528896 0.531679 0.535790 0.541278 0.548214 0.556689 0.566817 0.578741 0.592635 0.608716 0.627246 0.648552 0.673034 0.701193 0.733656 0.771218 0.814904 0.866047 0.885339 0.850930 0.820999 0.794952 0.772310 0.752686 0.735762 0.721283 0.709037 0.698856 0.690603 0.684172 0.679481 0.676473 0.675111 0.675377 0.677277 0.680831 0.686085 0.693104 0.701976 0.712817 0.725775 0.741031 0.758809 0.779384 0.771710 0.741066 0.714418 0.691227 0.671061 0.653567 0.638462 0.625511 0.614527 0.605355 0.597872 0.591981 0.587606 0.584693 0.583208 0.583131 0.584462 0.587217 0.578064 0.570263 0.564010 0.559226 0.555849 0.553840 0.553173 0.553840 0.555849 0.559226 0.564010 0.570263 0.576758 0.578124 0.580898 0.585116 0.590829 0.598110 0.607053 0.617779 0.630437 0.645211 0.662328 0.682066 0.704766 0.730851 0.760844 0.795403 0.835359 0.881777 0.936046 1.000000 0.983027 0.921273 0.868788 0.823839 0.785111 0.751590 687.500000 1.287296 0.773274
0.890484 0.868958 0.850448 0.834679 0.821428 0.810512 0.801789 0.795148 0.790504 0.787800 0.787005 0.788108 0.791123 0.796086 0.803058 0.812128 0.823411 0.837057 0.853253 0.872231 0.869063 0.845573 0.825256 0.807792 0.792923 0.780437 0.770165 0.761972 0.755753 0.751431 0.748951 0.748284 0.749423 0.752380 0.757192 0.763918 0.772643 0.783479 0.796569 0.812094 0.817285 0.819299 0.823310 0.829369 0.837550 0.847958 0.860727 0.876029 0.894079 0.915138 0.939532 0.967656 1.000000 0.997554 0.960456 0.928174 0.900089 0.875702 0.854606 0.836470 0.821025 0.808051 0.797372 0.788846 0.782367 0.777851 0.775244 0.774515 0.775653 0.778674 0.783613 0.790532 0.799518 0.810685 0.821172 0.814719 0.810304 0.807872 0.807393 0.808863 0.812299 0.817742 0.825260 0.834948 0.846931 0.861368 0.878458 0.898449 0.885837 0.860527 0.838588 0.819665 0.803471 0.789769 0.778371 0.769124 0.761907 0.756631 0.753229 0.751661 0.751907 0.753969 0.757874 0.763670 0.771426 0.781244 0.793251 0.807608 0.824517 0.844227 0.867043 0.893337 0.923571 0.934585 0.917020 0.902238 0.890034 0.880248 0.872755 0.867461 0.864300 0.863234 0.864250 0.867360 0.872603 0.880042 0.889772 0.901916 1108.500000 1.104174 0.900012
0.542401 0.553941 0.567378 0.582923 0.600833 0.621422 0.645081 0.664730 0.661611 0.660104 0.660191 0.661873 0.665170 0.670122 0.676791 0.685262 0.695645 0.708079 0.722739 0.739838 0.759641 0.782469 0.808721 0.838887 0.873576 0.913554 0.959790 0.908151 0.852108 0.804405 0.763501 0.728226 0.697673 0.671132 0.648040 0.627947 0.610489 0.595371 0.582353 0.571238 0.561868 0.554114 0.547873 0.543065 0.539629 0.537523 0.536721 0.537214 0.539008 0.542124 0.546601 0.552494 0.559879 0.568854 0.579539 0.592088 0.606686 0.623562 0.642998 0.665338 0.691011 0.720550 0.754627 0.794095 0.814093 0.778258 0.747168 0.720135 0.696610 0.676150 0.658399 0.643066 0.629913 0.618749 0.609416 0.601788 0.595767 0.591275 0.588257 0.586676 0.586512 0.587764 0.590447 0.594594 0.600255 0.607503 0.616432 0.627160 0.639837 0.654646 0.671815 0.691618 0.714399 0.740576 0.770671 0.805339 0.845404 0.891927 0.946280 1.000000 0.923386 0.859600 0.805872 0.760190 0.721052 0.687322 0.658122 0.632763 0.610703 0.591507 0.574822 0.560367 0.547908 0.537257 0.528261 0.520795 0.514760 0.510078 0.506690 0.504554 0.503644 0.503950 0.505474 0.508236 0.512269 0.517623 0.524367 0.532589 3978.500000 1.335732 0.716502
0.865328 0.807883 0.759305 0.717870 0.682281 0.651550 0.624908 0.601752 0.581602 0.564073 0.548853 0.535689 0.524376 0.514745 0.506660 0.500011 0.494711 0.490691 0.487903 0.486310 0.485895 0.486652 0.488590 0.491733 0.496120 0.501806 0.508863 0.517386 0.527492 0.539325 0.553065 0.568929 0.587187 0.608169 0.632286 0.624496 0.615352 0.607916 0.602090 0.597801 0.594997 0.593642 0.593720 0.595232 0.598197 0.602651 0.608648 0.616266 0.625604 0.636786 0.649969 0.665347 0.683156 0.703686 0.727295 0.754423 0.785620 0.821573 0.863153 0.911479 0.968008 0.950105 0.881411 0.823831 0.775065 0.733418 0.697614 0.666674 0.639838 0.616506 0.596202 0.578542 0.563216 0.549972 0.538604 0.528945 0.520859 0.514236 0.508991 0.505056 0.502383 0.500938 0.500704 0.501678 0.503873 0.507314 0.512045 0.518124 0.525632 0.534667 0.545354 0.557849 0.572342 0.589064 0.608302 0.630410 0.655824 0.654425 0.639100 0.625949 0.614780 0.605436 0.597790 0.591742 0.587216 0.584156 0.582523 0.582298 0.583479 0.586079 0.590130 0.595683 0.602807 0.611595 0.622164 0.634661 0.649266 0.666202 0.685742 0.708219 0.734049 0.763744 0.797946 0.837467 0.883345 0.936930 1.000000 0.933990 877.000000 1.605551 0.708199
0.767474 0.746993 0.729287 0.714082 0.701153 0.690317 0.681428 0.674369 0.669049 0.665403 0.663387 0.662975 0.664162 0.666963 0.671413 0.677565 0.685498 0.695314 0.707143 0.721149 0.737534 0.697602 0.656075 0.620625 0.590158 0.563838 0.541013 0.521170 0.503903 0.488883 0.475845 0.464575 0.454898 0.446669 0.439773 0.434117 0.429626 0.426244 0.423928 0.422649 0.422393 0.423156 0.424947 0.427789 0.442241 0.461081 0.482812 0.507978 0.537276 0.571623 0.612236 0.660775 0.719557 0.791911 0.882809 1.000000 0.965080 0.920818 0.882470 0.849152 0.820163 0.794939 0.773028 0.754059 0.737735 0.723808 0.712082 0.702394 0.694618 0.688652 0.684423 0.681879 0.680987 0.681738 0.684141 0.666206 0.646769 0.629909 0.615350 0.602869 0.592282 0.583442 0.576230 0.570552 0.566335 0.563529 0.562097 0.562023 0.559762 0.550948 0.543697 0.537913 0.533522 0.530471 0.528720 0.528250 0.529053 0.531141 0.534538 0.539286 0.545446 0.553095 0.562336 0.573296 0.586131 0.601036 0.618246 0.638054 0.645233 0.643056 0.642437 0.643367 0.645857 0.649939 0.655663 0.663099 0.672345 0.683523 0.696785 0.712322 0.730367 0.751207 0.775194 0.802760 0.834444 0.849367 0.818195 0.791069 1319.000000 1.321650 0.741843
0.656183 0.652227 0.649876 0.649099 0.649887 0.652251 0.656219 0.661839 0.669183 0.678344 0.689443 0.702633 0.718100 0.736077 0.756848 0.746752 0.734099 0.723583 0.715062 0.708425 0.703591 0.700498 0.699109 0.699407 0.701395 0.705099 0.710563 0.717855 0.727068 0.738322 0.751770 0.767600 0.786046 0.807392 0.831992 0.860274 0.892774 0.930154 0.950515 0.905858 0.867204 0.833641 0.804444 0.779037 0.756953 0.737815 0.721316 0.707205 0.695278 0.685371 0.677351 0.671114 0.666583 0.663701 0.662432 0.662762 0.664694 0.668252 0.673480 0.677554 0.661765 0.648222 0.636725 0.627113 0.619256 0.613053 0.608424 0.605312 0.603678 0.603503 0.604784 0.607538 0.611798 0.617616 0.625066 0.634245 0.645275 0.658309 0.673537 0.691191 0.691343 0.692968 0.696283 0.701327 0.708163 0.716878 0.727584 0.740426 0.755583 0.773274 0.793772 0.817410 0.844595 0.875834 0.911753 0.953138 1.000000 0.947319 0.901975 0.862757 0.828721 0.799120 0.773360 0.750961 0.731536 0.714769 0.700403 0.688229 0.678076 0.669808 0.663319 0.658525 0.655263 0.651481 0.649298 0.648687 0.649640 0.652170 0.656307 0.662102 0.669628 0.678981 0.690286 0.702526 0.689353 0.678268 0.669121 0.661791 2754.000000 1.212316 0.842269
0.824285 0.859041 0.899118 0.945506 0.999481 1.000000 0.942025 0.892436 0.849752 0.812833 0.780791 0.752925 0.728674 0.707588 0.689302 0.673519 0.659997 0.648539 0.638985 0.631207 0.625103 0.620598 0.617634 0.616176 0.616206 0.617724 0.620748 0.625316 0.631485 0.639332 0.648959 0.660497 0.666199 0.658910 0.653335 0.649406 0.647073 0.646308 0.647102 0.649464 0.653424 0.659030 0.666352 0.675484 0.686547 0.699691 0.715106 0.733020 0.753718 0.777546 0.804932 0.836407 0.872630 0.914436 0.962886 0.952415 0.914167 0.880913 0.851974 0.826805 0.804963 0.786091 0.769895 0.756139 0.744627 0.735206 0.727751 0.722168 0.718388 0.716364 0.716071 0.717507 0.720688 0.725653 0.718155 0.701950 0.688081 0.676347 0.666586 0.658666 0.652487 0.647968 0.645055 0.643712 0.643922 0.645689 0.649033 0.653996 0.660639 0.669047 0.679329 0.691624 0.706105 0.722984 0.742523 0.765041 0.790933 0.820685 0.854903 0.878702 0.841349 0.808912 0.780693 0.756138 0.734796 0.716305 0.700366 0.686741 0.675231 0.665677 0.657953 0.651959 0.647619 0.644880 0.643709 0.644090 0.646029 0.649549 0.654694 0.661527 0.670136 0.680633 0.693161 0.707896 0.725056 0.744907 0.767778 0.794071 550.000000 1.179825 0.789446
0.843939 0.822906 0.804787 0.789310 0.776251 0.765432 0.756708 0.749966 0.745124 0.742119 0.740917 0.741502 0.743881 0.748084 0.754161 0.762189 0.772271 0.784538 0.799158 0.816336 0.836329 0.859448 0.886077 0.916687 0.951863 0.987147 0.951650 0.920758 0.893895 0.870592 0.850471 0.833221 0.818589 0.806371 0.796403 0.788555 0.782728 0.778848 0.776869 0.776767 0.778540 0.782210 0.787822 0.795444 0.805175 0.817139 0.831498 0.835754 0.834747 0.835754 0.838786 0.843881 0.851101 0.860537 0.872309 0.886573 0.903524 0.923404 0.946510 0.973207 1.000000 0.960207 0.925605 0.895492 0.869305 0.846588 0.826969 0.810146 0.795873 0.783951 0.774218 0.766547 0.760843 0.757032 0.755070 0.754932 0.756616 0.760143 0.765556 0.772922 0.782335 0.793915 0.807819 0.824240 0.843416 0.865640 0.891273 0.915000 0.889814 0.868012 0.849250 0.833246 0.819774 0.808647 0.799718 0.792874 0.788029 0.785122 0.784119 0.785007 0.787797 0.792523 0.799243 0.808042 0.819031 0.832356 0.848199 0.866786 0.888394 0.913363 0.927221 0.911710 0.898839 0.888438 0.880370 0.874536 0.870863 0.869306 0.869847 0.872491 0.877271 0.884246 0.893502 0.905158 0.919367 0.928281 0.896167 0.868222 921.500000 1.194360 0.876515
0.656940 0.661712 0.668177 0.672291 0.673923 0.677198 0.682157 0.688861 0.697394 0.707869 0.720425 0.735237 0.752522 0.772546 0.795633 0.822185 0.852695 0.887778 0.928204 0.969927 0.940210 0.914398 0.892057 0.872834 0.856442 0.842647 0.831260 0.822131 0.815142 0.804842 0.792865 0.783097 0.775412 0.769714 0.765930 0.764014 0.763944 0.765719 0.769360 0.774911 0.782441 0.792046 0.803851 0.818013 0.834730 0.808456 0.780283 0.755768 0.734461 0.716001 0.700091 0.686491 0.675004 0.665472 0.657768 0.651792 0.647470 0.644748 0.643593 0.643990 0.645945 0.649482 0.654643 0.661493 0.658221 0.655042 0.653460 0.653456 0.655030 0.658202 0.663009 0.669512 0.677792 0.687959 0.700147 0.714527 0.731309 0.750750 0.773167 0.798948 0.828572 0.862636 0.901886 0.947270 1.000000 0.974415 0.943577 0.916772 0.893542 0.873512 0.856378 0.841892 0.829854 0.820104 0.812515 0.806991 0.803464 0.801892 0.802254 0.799624 0.780859 0.764754 0.751073 0.739623 0.730249 0.722830 0.717271 0.713503 0.711479 0.711174 0.712586 0.715732 0.720649 0.727398 0.736065 0.746762 0.730340 0.713537 0.699137 0.686929 0.676742 0.668440 0.661914 0.657082 0.653883 0.652280 0.652252 0.653799 15791.000000 1.294508 0.865977
0.811914 0.840011 0.872300 0.909449 0.952299 0.981985 0.932913 0.890556 0.853845 0.821943 0.794183 0.770032 0.749057 0.730909 0.715302 0.702003 0.690824 0.681612 0.674245 0.668629 0.664694 0.662391 0.661693 0.662591 0.665095 0.662823 0.649247 0.637721 0.628084 0.620206 0.613984 0.609339 0.606213 0.604568 0.604384 0.605659 0.608408 0.612665 0.618482 0.625933 0.635114 0.646149 0.659190 0.674427 0.692091 0.712468 0.735681 0.730364 0.726862 0.725132 0.725154 0.726926 0.730471 0.735832 0.743076 0.752294 0.763607 0.777165 0.793160 0.811823 0.833442 0.858369 0.887035 0.919975 0.957852 1.000000 0.945238 0.898214 0.857615 0.822423 0.791838 0.765223 0.742069 0.721963 0.704571 0.689619 0.676885 0.666189 0.657385 0.650356 0.645014 0.641291 0.639142 0.638541 0.639479 0.641969 0.636611 0.631240 0.627457 0.625217 0.624492 0.625274 0.627571 0.631411 0.636843 0.643933 0.652774 0.663481 0.676202 0.691118 0.708451 0.728477 0.751531 0.778027 0.808478 0.794743 0.772556 0.753340 0.736788 0.722651 0.710727 0.700850 0.692891 0.686747 0.682339 0.679615 0.678541 0.679103 0.681309 0.685186 0.690781 0.698163 0.707428 0.718696 0.732122 0.747895 0.766249 0.787471 2109.000000 1.217719 0.821618
0.860654 0.848663 0.838995 0.831526 0.826161 0.822835 0.821506 0.822159 0.824802 0.829466 0.836209 0.845116 0.856300 0.869907 0.886123 0.905177 0.927352 0.952993 0.910965 0.865989 0.827144 0.793463 0.764187 0.738711 0.716549 0.697309 0.680673 0.666379 0.654218 0.644015 0.635634 0.628964 0.623920 0.620439 0.618479 0.618015 0.619042 0.621572 0.625636 0.633138 0.642883 0.654533 0.668253 0.684244 0.702754 0.724086 0.748614 0.776798 0.775363 0.767131 0.760886 0.756550 0.754069 0.753413 0.754575 0.757568 0.762429 0.769218 0.778020 0.788949 0.802149 0.817801 0.836132 0.853454 0.845882 0.840451 0.837093 0.835767 0.836457 0.839171 0.843943 0.850831 0.859921 0.871330 0.885206 0.901738 0.921162 0.943764 0.969899 1.000000 0.963071 0.909255 0.863105 0.823301 0.788823 0.758871 0.732811 0.710136 0.690435 0.673377 0.658689 0.646152 0.635586 0.626846 0.618885 0.611228 0.605200 0.600721 0.597739 0.596214 0.596131 0.597486 0.600297 0.604598 0.610442 0.617903 0.627079 0.638091 0.651094 0.666276 0.683870 0.704161 0.727499 0.754317 0.785151 0.820674 0.852873 0.843219 0.835773 0.830440 0.827154 0.825876 0.826590 0.829306 0.834055 0.840896 0.849914 0.861226 3537.000000 1.210705 0.846910
0.770376 0.743096 0.719355 0.698716 0.680823 0.665386 0.652169 0.640982 0.631668 0.624103 0.618189 0.613850 0.611034 0.609706 0.609849 0.611466 0.614576 0.619217 0.625448 0.633345 0.643014 0.654584 0.668218 0.684114 0.702519 0.723734 0.748128 0.776158 0.808395 0.828514 0.813504 0.800924 0.790602 0.782404 0.776225 0.771988 0.769641 0.769155 0.770525 0.773768 0.778922 0.786052 0.795247 0.806626 0.820341 0.836580 0.855578 0.877622 0.903065 0.932340 0.965982 1.000000 0.943753 0.895539 0.853970 0.817971 0.786703 0.759500 0.735829 0.715260 0.697444 0.682097 0.668989 0.657929 0.648767 0.641380 0.635674 0.631577 0.629038 0.628026 0.628529 0.630553 0.634123 0.639282 0.646095 0.654649 0.665057 0.677459 0.692031 0.708989 0.728599 0.751186 0.777149 0.768356 0.755016 0.743893 0.734837 0.727732 0.722486 0.719035 0.717337 0.717371 0.719138 0.722658 0.727976 0.735156 0.744291 0.755498 0.768929 0.784771 0.803255 0.824666 0.849351 0.877739 0.873782 0.853844 0.836766 0.822300 0.810245 0.800438 0.792753 0.787092 0.783385 0.781587 0.781676 0.783654 0.787543 0.793392 0.801274 0.811287 0.823563 0.838267 0.855605 0.875829 0.899251 0.879631 0.837871 0.801740 894.500000 1.298136 0.838053
0.737239 0.715751 0.697113 0.681020 0.667224 0.655524 0.645756 0.637789 0.631519 0.626866 0.623773 0.622203 0.622135 0.623569 0.626522 0.631032 0.632562 0.634966 0.638934 0.644515 0.651778 0.660816 0.671750 0.684729 0.699939 0.717608 0.738016 0.761507 0.788505 0.819534 0.855251 0.896480 0.944276 1.000000 0.985265 0.951670 0.922439 0.897047 0.875068 0.856153 0.840019 0.826436 0.815218 0.806217 0.799317 0.794432 0.791501 0.790489 0.791384 0.794196 0.798960 0.805735 0.814604 0.822720 0.804651 0.789219 0.776203 0.765423 0.756737 0.750032 0.745224 0.742254 0.741087 0.741707 0.744122 0.748361 0.754478 0.762547 0.772672 0.784986 0.787567 0.771851 0.758541 0.747453 0.738438 0.731379 0.726186 0.722795 0.721165 0.721277 0.723130 0.726749 0.732176 0.739480 0.748754 0.738144 0.726309 0.716547 0.708728 0.702753 0.698547 0.696058 0.695255 0.698414 0.705365 0.714194 0.725015 0.737974 0.753252 0.771074 0.791712 0.815505 0.842865 0.874304 0.910458 0.951896 0.928122 0.907640 0.890141 0.875373 0.863132 0.853256 0.845618 0.840121 0.836697 0.835306 0.835930 0.838576 0.843278 0.850091 0.859103 0.870426 0.884211 0.900644 0.860620 0.822992 0.790341 0.761948 552.000000 1.152280 0.859996
0.830103 0.767594 0.715442 0.671441 0.633977 0.601846 0.574132 0.550124 0.529268 0.511122 0.495332 0.481614 0.469737 0.459512 0.450785 0.443432 0.437351 0.432463 0.428705 0.426028 0.424401 0.423804 0.424228 0.425680 0.428177 0.431750 0.436443 0.442317 0.449448 0.457934 0.467896 0.479482 0.492874 0.508295 0.526020 0.546390 0.569829 0.596872 0.628198 0.664684 0.707480 0.758118 0.818687 0.892111 0.954190 0.887700 0.831745 0.784204 0.743497 0.708431 0.678083 0.651734 0.628815 0.608870 0.591532 0.576505 0.563546 0.552459 0.543083 0.535288 0.528969 0.524046 0.520456 0.518154 0.517114 0.517321 0.518778 0.521504 0.525531 0.530909 0.537708 0.546016 0.555945 0.567634 0.581256 0.597021 0.615188 0.636077 0.660080 0.687687 0.719514 0.756339 0.799167 0.849305 0.796474 0.747264 0.705382 0.669473 0.638506 0.611686 0.588389 0.568119 0.550482 0.535157 0.521885 0.510456 0.500697 0.492469 0.485657 0.480172 0.475944 0.472919 0.471059 0.470343 0.470762 0.472320 0.475036 0.478945 0.484094 0.490550 0.498397 0.507743 0.518719 0.531489 0.546253 0.563256 0.582801 0.605261 0.631103 0.660914 0.695439 0.735640 0.782775 0.838522 0.905167 0.985899 1.000000 0.906073 1933.000000 1.263427 0.592330
0.681358 0.722401 0.770681 0.788966 0.745342 0.707905 0.675599 0.647605 0.623281 0.602115 0.583700 0.567705 0.553862 0.541953 0.531799 0.523256 0.516207 0.510558 0.506239 0.503194 0.501387 0.500794 0.501409 0.503240 0.506308 0.510652 0.516325 0.523401 0.531973 0.542158 0.554102 0.567983 0.584021 0.602484 0.623704 0.648093 0.676161 0.708554 0.746096 0.789847 0.841202 0.902024 0.882614 0.805975 0.743229 0.691092 0.647247 0.610015 0.578151 0.550712 0.526971 0.506361 0.488436 0.472836 0.459274 0.447517 0.437374 0.428690 0.421340 0.415221 0.410251 0.406366 0.403517 0.401669 0.400799 0.400896 0.401962 0.404009 0.407063 0.411162 0.416357 0.422717 0.430326 0.439293 0.449747 0.461851 0.475803 0.491845 0.510279 0.531479 0.555915 0.584180 0.617040 0.655491 0.700852 0.754912 0.820150 0.900104 1.000000 0.933120 0.857866 0.795618 0.743462 0.699305 0.661603 0.629197 0.601198 0.576915 0.555805 0.537434 0.521455 0.507586 0.495599 0.485307 0.476558 0.469230 0.463223 0.458458 0.454875 0.452428 0.451089 0.450841 0.451681 0.453618 0.456677 0.460896 0.466327 0.473041 0.481127 0.490697 0.501889 0.514872 0.529856 0.547096 0.566906 0.589680 0.615905 0.646201 882.000000 1.301442 0.589064
