0.781630 0.739630 0.703523 0.672321 0.645257 0.621728 0.601252 0.583442 0.567986 0.554630 0.543166 0.533425 0.525270 0.518592 0.513302 0.509334 0.506638 0.505181 0.504945 0.505928 0.508141 0.511611 0.516382 0.522513 0.530084 0.539195 0.549973 0.562574 0.577189 0.594053 0.613455 0.635749 0.661379 0.656736 0.646780 0.638637 0.632200 0.627388 0.624142 0.622420 0.622202 0.623487 0.626288 0.630641 0.636599 0.644238 0.653656 0.664979 0.678365 0.694007 0.712143 0.733066 0.757134 0.754688 0.737338 0.722469 0.709865 0.699348 0.690779 0.684045 0.679061 0.675765 0.674118 0.674098 0.675707 0.678962 0.683905 0.690596 0.699120 0.709588 0.722140 0.736952 0.754239 0.774267 0.797361 0.760745 0.723586 0.691476 0.663625 0.639412 0.618340 0.600013 0.584107 0.570362 0.558563 0.548537 0.540143 0.533267 0.527820 0.523732 0.520952 0.519447 0.519197 0.520200 0.522468 0.526028 0.530926 0.537221 0.544997 0.554356 0.565428 0.560726 0.557369 0.555381 0.554739 0.555436 0.557478 0.560893 0.565720 0.572021 0.579877 0.589391 0.600694 0.613947 0.629349 0.647142 0.667625 0.691167 0.718224 0.749364 0.785305 0.826959 0.875507 0.932497 1.000000 0.958152 0.888876 0.830808 3459.000000 1.389737 0.771137
0.974781 0.988854 0.907258 0.839971 0.783733 0.736216 0.695711 0.660940 0.630927 0.604915 0.582310 0.562641 0.545528 0.530666 0.517807 0.506748 0.497325 0.489403 0.482875 0.477654 0.473674 0.470884 0.469251 0.468755 0.469389 0.471162 0.474095 0.478223 0.483600 0.490293 0.498392 0.508007 0.519276 0.532368 0.547490 0.564897 0.584903 0.607896 0.634362 0.664911 0.700325 0.741610 0.790090 0.847536 0.916372 1.000000 0.976163 0.904720 0.844917 0.794325 0.751158 0.714071 0.682041 0.654268 0.630128 0.609121 0.590847 0.574983 0.561265 0.549479 0.539450 0.531038 0.524127 0.518627 0.514468 0.511598 0.509981 0.509598 0.510445 0.512531 0.515883 0.520540 0.526563 0.534028 0.543035 0.553708 0.566200 0.580701 0.597440 0.616703 0.638840 0.664285 0.693581 0.727414 0.766659 0.812448 0.866274 0.930138 0.879377 0.824134 0.777182 0.736972 0.702327 0.672339 0.646301 0.623651 0.603941 0.586808 0.571961 0.559160 0.548211 0.538957 0.531268 0.525043 0.520200 0.516680 0.514438 0.513446 0.513694 0.515184 0.517933 0.521977 0.527364 0.534165 0.542466 0.552382 0.564051 0.577645 0.593376 0.611502 0.632341 0.656288 0.683832 0.715588 0.752339 0.795088 0.845146 0.904256 5395.500000 1.127851 0.601299
0.803675 0.795341 0.789060 0.784753 0.782367 0.781873 0.783266 0.786562 0.791802 0.799050 0.808397 0.819964 0.833905 0.850413 0.851383 0.827307 0.806446 0.788463 0.773087 0.760095 0.749307 0.740581 0.733803 0.728888 0.725776 0.724427 0.724827 0.726979 0.730910 0.736669 0.744326 0.753979 0.765755 0.779813 0.796352 0.815615 0.837901 0.863578 0.893098 0.880667 0.858984 0.840318 0.824389 0.810971 0.799879 0.790966 0.784117 0.779247 0.776296 0.775228 0.776030 0.778711 0.783304 0.789866 0.798479 0.809253 0.822330 0.837888 0.856148 0.877383 0.901925 0.930186 0.962670 1.000000 0.955569 0.913301 0.876637 0.844759 0.817017 0.792889 0.771952 0.753861 0.738337 0.725151 0.714118 0.705088 0.697945 0.692596 0.688977 0.687041 0.686766 0.688149 0.691205 0.695973 0.702512 0.710903 0.721255 0.733708 0.748433 0.765643 0.785600 0.808625 0.806281 0.797990 0.791755 0.787500 0.785171 0.784741 0.786205 0.789579 0.794906 0.802252 0.811708 0.823397 0.837474 0.854135 0.873619 0.896222 0.922308 0.952320 0.922938 0.896332 0.873262 0.853354 0.836303 0.821862 0.809828 0.800041 0.792375 0.786731 0.783040 0.781256 0.781359 0.783349 0.787251 0.793113 0.801006 0.811031 2750.000000 1.112560 0.876465
0.588509 0.581584 0.576191 0.572263 0.569752 0.568627 0.568874 0.570496 0.573513 0.577962 0.583898 0.591397 0.600556 0.611500 0.624382 0.639393 0.656764 0.676781 0.699795 0.726241 0.756659 0.791727 0.832306 0.879503 0.934762 1.000000 0.939714 0.864408 0.802064 0.749794 0.705515 0.667693 0.635172 0.607066 0.582687 0.561491 0.543045 0.527001 0.513079 0.501050 0.490727 0.481958 0.474620 0.468615 0.463863 0.460304 0.457895 0.456604 0.456418 0.457332 0.459360 0.462524 0.466865 0.472437 0.479313 0.487583 0.497364 0.503338 0.507256 0.512480 0.519076 0.527130 0.536751 0.548076 0.561269 0.576537 0.594130 0.614357 0.637600 0.664334 0.695157 0.730824 0.772312 0.820889 0.827415 0.797940 0.772290 0.749987 0.730648 0.713957 0.699660 0.687549 0.677453 0.669239 0.662799 0.658052 0.654940 0.653423 0.653484 0.655123 0.658361 0.663236 0.669810 0.678166 0.688412 0.700687 0.715161 0.732047 0.751603 0.757255 0.719505 0.686915 0.658668 0.634120 0.612759 0.594175 0.578037 0.564075 0.552070 0.541844 0.533251 0.526174 0.520520 0.516217 0.513210 0.511463 0.510955 0.511679 0.513645 0.516876 0.521411 0.527309 0.534644 0.543514 0.554041 0.566375 0.580701 0.597058 17060.500000 1.393938 0.736722
0.777540 0.811625 0.765096 0.725265 0.690959 0.661272 0.635500 0.613082 0.593573 0.576614 0.561913 0.549234 0.538382 0.529201 0.521564 0.515367 0.510532 0.506996 0.504717 0.503666 0.503831 0.505213 0.507830 0.511713 0.516910 0.523489 0.531534 0.541155 0.552485 0.565692 0.580980 0.598599 0.618858 0.642137 0.668911 0.699774 0.735479 0.776997 0.825591 0.882937 0.827768 0.762390 0.708164 0.662630 0.624010 0.590990 0.562575 0.538005 0.516683 0.498141 0.482005 0.467973 0.455803 0.445295 0.436287 0.428650 0.422274 0.417076 0.412987 0.409955 0.407944 0.406927 0.406893 0.407842 0.409784 0.412745 0.416759 0.421879 0.428171 0.435719 0.444627 0.455027 0.467078 0.480974 0.496956 0.515321 0.536437 0.560767 0.588894 0.621568 0.659764 0.704771 0.758328 0.822841 0.901724 1.000000 0.925446 0.848065 0.784370 0.731213 0.686353 0.648149 0.615379 0.587109 0.562619 0.541341 0.522828 0.506720 0.492726 0.480611 0.470183 0.461286 0.453792 0.447599 0.442624 0.438805 0.436092 0.434453 0.433867 0.434328 0.435841 0.438424 0.442110 0.446944 0.452988 0.460322 0.469047 0.479285 0.491189 0.504948 0.520791 0.539000 0.559927 0.584008 0.611793 0.643983 0.681482 0.725474 1970.500000 1.279203 0.591214
0.597409 0.601082 0.606271 0.613039 0.621475 0.631688 0.643821 0.641832 0.621780 0.604355 0.589261 0.576258 0.565147 0.555771 0.547999 0.541729 0.536880 0.533390 0.531216 0.530333 0.530729 0.532409 0.535394 0.539720 0.545441 0.552631 0.559368 0.567583 0.577453 0.589118 0.602745 0.618543 0.636767 0.657730 0.681819 0.709514 0.741415 0.778284 0.821092 0.871105 0.929991 1.000000 0.941746 0.863516 0.799064 0.745235 0.699780 0.661053 0.627820 0.599143 0.574295 0.552704 0.543634 0.537816 0.533393 0.530309 0.528526 0.528023 0.528794 0.530848 0.534210 0.538921 0.545041 0.552648 0.561843 0.572752 0.585532 0.600375 0.606929 0.597149 0.589076 0.582603 0.577648 0.574147 0.572059 0.571357 0.572033 0.574095 0.577569 0.582497 0.588941 0.596983 0.606730 0.618315 0.631902 0.647696 0.665945 0.686954 0.711102 0.738854 0.724002 0.708347 0.694994 0.683751 0.674466 0.667014 0.661302 0.657256 0.654827 0.653986 0.654723 0.657045 0.660982 0.666583 0.673916 0.683076 0.694185 0.707393 0.722888 0.740902 0.761720 0.785688 0.768058 0.739269 0.714220 0.692425 0.673496 0.657115 0.643024 0.631014 0.620912 0.612580 0.605910 0.600816 0.597233 0.595118 0.594445 0.595205 831.500000 1.301957 0.763433
0.626834 0.581019 0.542663 0.510211 0.482518 0.458724 0.438173 0.420354 0.404864 0.391385 0.379660 0.369481 0.360679 0.353119 0.346686 0.341292 0.336861 0.333338 0.330675 0.328840 0.327812 0.327576 0.328130 0.329482 0.331647 0.334652 0.338535 0.343346 0.349149 0.356024 0.364070 0.373409 0.384189 0.396594 0.410849 0.427235 0.446102 0.467891 0.493167 0.522661 0.557335 0.598481 0.647872 0.708008 0.782527 0.876940 1.000000 0.918363 0.842154 0.779357 0.726905 0.682609 0.644866 0.612476 0.584525 0.560305 0.539260 0.520947 0.505015 0.491176 0.479199 0.468895 0.460110 0.452718 0.446619 0.441733 0.437996 0.435361 0.433797 0.433285 0.433817 0.435401 0.438055 0.441813 0.446722 0.452844 0.460261 0.469073 0.479407 0.491417 0.505292 0.521266 0.539626 0.560727 0.585011 0.613038 0.645518 0.636239 0.609288 0.585882 0.565519 0.547800 0.532401 0.519060 0.507565 0.497740 0.489446 0.482567 0.477012 0.472709 0.469604 0.467659 0.466850 0.467168 0.468616 0.471211 0.474986 0.479987 0.486279 0.493944 0.503086 0.513833 0.526346 0.540819 0.557491 0.576657 0.598681 0.624018 0.653237 0.687064 0.726430 0.772556 0.827065 0.892162 0.946194 0.836031 0.750464 0.682278 3150.000000 1.640998 0.550807
1.000000 0.970360 0.944637 0.922407 0.903326 0.887112 0.873537 0.862417 0.853608 0.846996 0.842501 0.840066 0.839661 0.841283 0.844951 0.850710 0.822225 0.791018 0.763866 0.740241 0.719714 0.701941 0.686639 0.673578 0.662571 0.653467 0.646145 0.640512 0.636496 0.634048 0.633138 0.633755 0.635907 0.639620 0.644939 0.651931 0.660685 0.671318 0.683972 0.698829 0.716109 0.736083 0.759085 0.785525 0.815909 0.816892 0.796600 0.779123 0.764198 0.751611 0.741189 0.732792 0.726314 0.721673 0.718811 0.717694 0.718309 0.720662 0.724782 0.730721 0.738551 0.748373 0.760317 0.774544 0.791256 0.810701 0.833185 0.859079 0.888844 0.923050 0.962405 0.936694 0.909429 0.885781 0.865363 0.847861 0.833021 0.820634 0.810534 0.802590 0.796700 0.792793 0.790819 0.790756 0.792601 0.796379 0.802134 0.809939 0.819891 0.800867 0.771178 0.745343 0.722868 0.703354 0.686476 0.671969 0.659620 0.649252 0.640724 0.633925 0.628768 0.625188 0.623141 0.622603 0.623566 0.626043 0.630063 0.635677 0.642955 0.650917 0.649893 0.650437 0.652555 0.656273 0.661636 0.668713 0.677592 0.688391 0.701256 0.716371 0.733958 0.754293 0.777715 0.804638 0.835577 0.871173 0.912232 0.959780 1538.500000 1.318915 0.851485
0.804858 0.821687 0.841305 0.864015 0.867137 0.839084 0.814690 0.793532 0.775266 0.759611 0.746337 0.735261 0.726232 0.719134 0.713877 0.710395 0.708645 0.708607 0.696863 0.681991 0.669320 0.658668 0.649891 0.642874 0.637526 0.633780 0.631591 0.630932 0.631794 0.634189 0.638145 0.643712 0.650958 0.659977 0.670889 0.683843 0.699024 0.709727 0.714083 0.720238 0.728270 0.738281 0.750405 0.764806 0.781691 0.801313 0.823981 0.850077 0.880069 0.914539 0.954211 1.000000 0.990385 0.945055 0.905779 0.871653 0.841961 0.816126 0.793684 0.774259 0.757543 0.743287 0.731286 0.721378 0.713429 0.707340 0.703033 0.700455 0.699576 0.700383 0.702888 0.707120 0.713133 0.721000 0.730823 0.719865 0.705903 0.694114 0.684333 0.676431 0.670305 0.665880 0.663099 0.661930 0.662357 0.664387 0.668043 0.673371 0.680438 0.689332 0.700171 0.713102 0.728307 0.746011 0.766489 0.764900 0.758441 0.753891 0.751195 0.750319 0.751252 0.754007 0.758616 0.765137 0.773650 0.784266 0.797124 0.812401 0.830314 0.851131 0.857988 0.836088 0.817198 0.801031 0.787350 0.775967 0.766729 0.759516 0.754239 0.750830 0.749249 0.749476 0.751515 0.755389 0.761147 0.768859 0.778625 0.790570 18017.000000 1.142893 0.872843
0.899544 0.902053 0.865968 0.834593 0.807289 0.783543 0.762939 0.745140 0.729871 0.716907 0.706068 0.697205 0.690205 0.684977 0.681458 0.679603 0.679391 0.680818 0.683903 0.688682 0.695215 0.703585 0.707460 0.707366 0.708981 0.712323 0.717433 0.724375 0.733236 0.744131 0.757207 0.772645 0.790671 0.811559 0.835649 0.863356 0.895193 0.931800 0.961797 0.938317 0.918116 0.900891 0.886397 0.874435 0.864847 0.857510 0.852333 0.849252 0.848229 0.849252 0.852333 0.857510 0.864847 0.874435 0.886397 0.898389 0.879048 0.862556 0.848678 0.837225 0.828045 0.821021 0.816064 0.813114 0.812134 0.805672 0.799722 0.795763 0.793745 0.793644 0.795459 0.799213 0.804950 0.812743 0.822689 0.834918 0.841502 0.818647 0.798875 0.781874 0.767391 0.755222 0.745200 0.737193 0.731099 0.726842 0.724368 0.723649 0.724676 0.727460 0.724753 0.718408 0.713878 0.711107 0.710061 0.710728 0.713116 0.717254 0.723192 0.731006 0.740794 0.752686 0.766843 0.783467 0.802804 0.825159 0.850902 0.880493 0.914499 0.953627 0.998766 1.000000 0.972818 0.949302 0.929081 0.911854 0.897377 0.885453 0.875923 0.868667 0.863594 0.860641 0.859772 0.860977 0.864270 0.869692 0.877310 0.887218 4791.500000 1.159197 0.888968
0.822611 0.864125 0.912367 0.964458 0.921656 0.884532 0.852256 0.824169 0.799739 0.778537 0.760215 0.744487 0.731122 0.719933 0.710768 0.703506 0.698056 0.694350 0.692342 0.692008 0.693343 0.696365 0.701110 0.707636 0.716026 0.726388 0.738860 0.753616 0.751818 0.724197 0.700160 0.679252 0.661102 0.645412 0.631936 0.620476 0.610869 0.602986 0.596723 0.592000 0.588759 0.586959 0.586579 0.587614 0.590077 0.593998 0.599424 0.606426 0.615092 0.625538 0.637909 0.652382 0.669176 0.688561 0.710866 0.736498 0.765962 0.799889 0.839075 0.884540 0.937602 1.000000 0.963593 0.912642 0.868797 0.830882 0.797979 0.769366 0.744466 0.722813 0.704032 0.687818 0.673921 0.662138 0.652304 0.644287 0.637983 0.633313 0.630217 0.628659 0.628619 0.630097 0.633111 0.637697 0.643913 0.651837 0.661572 0.673249 0.687031 0.703117 0.721756 0.743248 0.767967 0.796372 0.829032 0.866662 0.861783 0.820590 0.784959 0.754036 0.727141 0.703736 0.683386 0.665739 0.650507 0.637459 0.626403 0.617185 0.609682 0.603797 0.599454 0.596601 0.595201 0.595239 0.596714 0.599645 0.604067 0.610036 0.617626 0.626938 0.638094 0.651253 0.666605 0.684387 0.704889 0.728466 0.755558 0.786711 735.000000 1.210639 0.757718
0.769399 0.784196 0.801542 0.821698 0.814963 0.793736 0.775408 0.759696 0.746370 0.735244 0.726169 0.719027 0.713726 0.710201 0.708409 0.708328 0.709958 0.713317 0.718447 0.725412 0.730727 0.705967 0.684425 0.665715 0.649523 0.635596 0.623724 0.613739 0.605505 0.598912 0.593877 0.590335 0.588245 0.587580 0.588332 0.590510 0.594142 0.599271 0.605961 0.614300 0.624396 0.632273 0.640011 0.649525 0.660942 0.674421 0.690159 0.708396 0.729428 0.753619 0.781416 0.813376 0.850198 0.892765 0.942209 1.000000 0.998410 0.948160 0.904801 0.867232 0.834589 0.806187 0.781474 0.760008 0.741428 0.725440 0.711807 0.700332 0.690859 0.683263 0.671047 0.657270 0.645571 0.635786 0.627783 0.621457 0.616729 0.613538 0.611848 0.611635 0.612899 0.615655 0.619936 0.625794 0.633305 0.642565 0.653698 0.666858 0.682237 0.700068 0.709904 0.698765 0.689606 0.682306 0.676772 0.672936 0.670750 0.670187 0.671240 0.673924 0.678269 0.684330 0.692183 0.701928 0.713697 0.727649 0.743985 0.762953 0.784853 0.810056 0.839021 0.819992 0.800070 0.782934 0.768330 0.756048 0.745922 0.737817 0.731630 0.727283 0.724723 0.723920 0.724862 0.727562 0.732052 0.738388 0.746648 0.756940 1636.000000 1.230931 0.841435
0.674502 0.662939 0.653314 0.645497 0.639387 0.634906 0.632000 0.630633 0.630788 0.632468 0.635691 0.640499 0.646950 0.655127 0.665136 0.677113 0.691224 0.707677 0.726726 0.748682 0.773929 0.793104 0.776488 0.762353 0.750498 0.740764 0.733023 0.727175 0.723148 0.720893 0.720381 0.721608 0.724588 0.729356 0.735973 0.744520 0.755109 0.767880 0.783010 0.800715 0.821264 0.844984 0.872280 0.844043 0.798090 0.758615 0.724525 0.694969 0.669279 0.646923 0.627476 0.610591 0.595990 0.583444 0.572766 0.563806 0.556441 0.550576 0.546135 0.543063 0.541323 0.540892 0.541766 0.543956 0.547487 0.552404 0.558769 0.566663 0.576191 0.587485 0.598656 0.607581 0.618289 0.630928 0.645683 0.662779 0.682494 0.705168 0.731224 0.761182 0.795700 0.835605 0.881961 0.936149 1.000000 0.980111 0.923997 0.875956 0.834575 0.798765 0.767675 0.740631 0.717097 0.696640 0.678907 0.663614 0.650527 0.639457 0.630250 0.622784 0.616961 0.612709 0.609975 0.608724 0.608943 0.610633 0.613816 0.618530 0.624834 0.632808 0.642556 0.647524 0.651558 0.657236 0.664629 0.673832 0.684966 0.698185 0.713678 0.731676 0.752466 0.776396 0.796688 0.768489 0.743948 0.722614 0.704118 0.688162 4546.000000 1.125693 0.785696
0.731266 0.719772 0.710318 0.702780 0.697063 0.693094 0.690825 0.690228 0.691296 0.694042 0.698499 0.704723 0.712791 0.722807 0.734905 0.749250 0.743613 0.735477 0.729255 0.724869 0.722265 0.721411 0.722297 0.724934 0.729354 0.735611 0.743784 0.753977 0.766325 0.780998 0.798203 0.818200 0.837884 0.827283 0.818895 0.812613 0.808359 0.806081 0.805752 0.807367 0.810947 0.816534 0.824198 0.834035 0.846174 0.855275 0.816917 0.783658 0.754749 0.729592 0.707708 0.688709 0.672281 0.658167 0.646158 0.636084 0.627809 0.621224 0.616245 0.612809 0.610875 0.610419 0.611436 0.613938 0.617955 0.615744 0.614211 0.614161 0.615595 0.618529 0.622999 0.629060 0.636790 0.646289 0.657683 0.671133 0.686833 0.705024 0.726002 0.750129 0.777853 0.800379 0.792980 0.787595 0.784160 0.782632 0.782992 0.785246 0.789420 0.795565 0.803758 0.814103 0.826735 0.841826 0.859588 0.880281 0.904227 0.931821 0.963545 1.000000 0.920821 0.848783 0.788961 0.738679 0.695998 0.659482 0.628044 0.600848 0.577243 0.556714 0.538847 0.523314 0.509845 0.498221 0.513296 0.533367 0.556466 0.583125 0.614021 0.650027 0.692292 0.742347 0.802287 0.826300 0.801384 0.779750 0.761038 0.744957 1250.500000 1.215472 0.780420
0.932661 1.000000 0.912383 0.836945 0.774754 0.722786 0.678885 0.641468 0.609351 0.581632 0.557609 0.536734 0.518570 0.502766 0.489041 0.477164 0.466948 0.458242 0.450920 0.444884 0.440054 0.436367 0.433778 0.432254 0.431778 0.432343 0.433956 0.436638 0.440420 0.445351 0.449075 0.450585 0.453201 0.456955 0.461893 0.468079 0.475594 0.484541 0.495047 0.507267 0.521394 0.537663 0.556363 0.577852 0.602579 0.631105 0.664145 0.702622 0.747744 0.801121 0.864948 0.846642 0.812401 0.782634 0.756730 0.734197 0.714640 0.697735 0.683219 0.670878 0.660538 0.652058 0.645329 0.640264 0.636800 0.634895 0.634525 0.635685 0.638391 0.642675 0.648590 0.656211 0.665635 0.676988 0.690428 0.706148 0.682702 0.653467 0.628084 0.606005 0.586791 0.570089 0.555613 0.543130 0.532450 0.523419 0.515911 0.509827 0.505086 0.501631 0.499417 0.498419 0.498623 0.500032 0.502664 0.506550 0.511740 0.518298 0.526311 0.535887 0.547161 0.560297 0.575501 0.580761 0.572918 0.566631 0.561819 0.558422 0.556398 0.555723 0.556388 0.558402 0.561788 0.566590 0.572866 0.580697 0.590186 0.601465 0.614692 0.630066 0.647829 0.668280 0.691786 0.718799 0.749888 0.785767 0.827344 0.875795 1683.000000 1.444650 0.716394
1.000000 0.920998 0.855474 0.800455 0.753791 0.713894 0.679562 0.649875 0.624113 0.601711 0.582215 0.565262 0.550556 0.537860 0.526977 0.517748 0.510044 0.503762 0.498820 0.495156 0.492723 0.491492 0.491448 0.492591 0.494934 0.498507 0.503353 0.509533 0.517129 0.526241 0.536997 0.549553 0.564103 0.580881 0.600177 0.622351 0.647847 0.677222 0.711182 0.750632 0.796747 0.851085 0.875774 0.820163 0.772944 0.732535 0.697738 0.667632 0.641499 0.618769 0.598988 0.581791 0.566881 0.554018 0.543005 0.533681 0.525918 0.519612 0.514680 0.511061 0.508709 0.507595 0.507707 0.509046 0.511628 0.515484 0.520663 0.527229 0.535270 0.544892 0.556232 0.569454 0.584763 0.602410 0.622701 0.646018 0.672833 0.703739 0.739489 0.781047 0.829672 0.887032 0.955386 0.946927 0.868418 0.803719 0.749672 0.704026 0.665129 0.631748 0.602940 0.577977 0.556285 0.537411 0.520989 0.506726 0.494382 0.483763 0.474710 0.467094 0.460812 0.455779 0.451933 0.449223 0.447619 0.447098 0.447656 0.449300 0.452048 0.455936 0.461011 0.467339 0.475003 0.484109 0.494785 0.507193 0.521528 0.538031 0.556997 0.578795 0.603883 0.632838 0.666396 0.705506 0.751417 0.805795 0.870920 0.949987 3596.000000 1.170144 0.598984
0.554510 0.549777 0.546429 0.544426 0.543742 0.544370 0.546317 0.549607 0.554279 0.560394 0.568029 0.577285 0.588287 0.601194 0.616198 0.633536 0.653496 0.676439 0.702805 0.733149 0.768164 0.808738 0.856015 0.911494 0.932880 0.892603 0.857641 0.827232 0.800769 0.777762 0.757815 0.740605 0.725869 0.713394 0.703004 0.694563 0.687959 0.683110 0.679955 0.678457 0.678596 0.680374 0.683814 0.688957 0.695867 0.704631 0.715365 0.728212 0.743352 0.761008 0.781451 0.798160 0.764231 0.734767 0.709135 0.686831 0.667445 0.650648 0.636171 0.623794 0.613339 0.604661 0.597645 0.592201 0.588259 0.585771 0.584706 0.585053 0.586814 0.590012 0.594685 0.600892 0.608712 0.618247 0.629626 0.643010 0.658597 0.669992 0.660126 0.652093 0.645791 0.641139 0.638080 0.636577 0.636610 0.638181 0.641309 0.646031 0.652407 0.660517 0.670467 0.682390 0.696453 0.712861 0.731867 0.753780 0.778980 0.807937 0.841234 0.879605 0.923975 0.975534 1.000000 0.936268 0.882170 0.835886 0.796039 0.761569 0.731650 0.705629 0.682984 0.663295 0.646223 0.631491 0.618873 0.608186 0.599281 0.592039 0.586365 0.582189 0.579457 0.578138 0.578214 0.579687 0.582574 0.577717 0.568389 0.560688 628.000000 1.301950 0.777287
0.679717 0.675656 0.673255 0.672485 0.673337 0.675822 0.677408 0.669965 0.664266 0.660241 0.657839 0.657032 0.657809 0.660181 0.664176 0.669843 0.677253 0.686501 0.697709 0.703601 0.693724 0.685750 0.679575 0.675123 0.672338 0.671186 0.671654 0.673746 0.677488 0.682927 0.690130 0.699189 0.710222 0.723380 0.738848 0.756856 0.777683 0.801675 0.798744 0.777932 0.759961 0.744556 0.731489 0.720580 0.711680 0.704674 0.699474 0.696014 0.694253 0.694168 0.695760 0.699047 0.704069 0.710889 0.719592 0.729373 0.731038 0.734484 0.739753 0.746911 0.756048 0.767282 0.780765 0.796683 0.815269 0.836807 0.861646 0.890215 0.922333 0.873700 0.831843 0.795641 0.764224 0.736901 0.713123 0.692448 0.674517 0.659039 0.645776 0.634535 0.625159 0.617522 0.611524 0.607091 0.604166 0.602715 0.602718 0.604178 0.607111 0.611552 0.617558 0.618987 0.613844 0.610245 0.608144 0.607515 0.608352 0.610665 0.614481 0.619848 0.626833 0.635526 0.646041 0.658523 0.673151 0.690144 0.709771 0.732363 0.758328 0.788170 0.822519 0.862170 0.908137 0.961729 1.000000 0.949850 0.906570 0.869065 0.836474 0.808116 0.783443 0.762014 0.743469 0.727516 0.713917 0.702479 0.693044 0.685489 2659.500000 1.213689 0.831844
0.970116 0.905555 0.847266 0.797834 0.755571 0.719206 0.687762 0.660477 0.636749 0.616100 0.598143 0.582568 0.569119 0.557590 0.547813 0.539650 0.532992 0.527752 0.523864 0.521280 0.519967 0.519910 0.521109 0.523577 0.527346 0.532461 0.538987 0.547010 0.556636 0.568000 0.581267 0.596641 0.614370 0.600905 0.588358 0.577688 0.568744 0.561405 0.555573 0.551176 0.548158 0.546483 0.546129 0.547093 0.549386 0.553036 0.558089 0.564607 0.572676 0.582402 0.593919 0.607394 0.623030 0.641078 0.661845 0.685710 0.713142 0.744729 0.781214 0.823543 0.872946 0.931041 1.000000 0.934047 0.869401 0.814960 0.768678 0.729033 0.694868 0.665293 0.639611 0.617270 0.597828 0.580931 0.566289 0.553668 0.542877 0.533759 0.526190 0.520067 0.515313 0.511866 0.509686 0.508744 0.509029 0.510546 0.513312 0.517361 0.522744 0.529529 0.537806 0.547685 0.559307 0.572843 0.588503 0.606546 0.627289 0.651125 0.659328 0.641699 0.626458 0.613367 0.602234 0.592901 0.585240 0.579153 0.574561 0.571407 0.569652 0.569275 0.570272 0.572654 0.576450 0.581708 0.588494 0.596894 0.607022 0.619016 0.633050 0.649335 0.668132 0.689761 0.714617 0.743188 0.776087 0.814085 0.858169 0.909618 7090.000000 1.553365 0.713195
0.790805 0.776012 0.763568 0.753304 0.745082 0.738799 0.734375 0.731757 0.730911 0.731828 0.734520 0.739018 0.745378 0.753681 0.764031 0.776567 0.791460 0.808922 0.829214 0.852658 0.879646 0.884243 0.868364 0.855068 0.844176 0.835546 0.829067 0.824660 0.822269 0.821867 0.823448 0.827031 0.832660 0.840405 0.850363 0.862663 0.877469 0.894986 0.915467 0.939223 0.966635 0.998173 1.000000 0.956277 0.918337 0.885344 0.856632 0.831664 0.810006 0.791306 0.775275 0.761679 0.750329 0.741071 0.733785 0.728378 0.724783 0.722958 0.722878 0.724544 0.727975 0.733213 0.740324 0.749398 0.760551 0.773934 0.789734 0.808179 0.829552 0.854201 0.882551 0.868162 0.847891 0.830500 0.815734 0.803386 0.793289 0.785310 0.779349 0.775332 0.773209 0.772955 0.774567 0.778063 0.783487 0.790906 0.800414 0.812133 0.826221 0.842872 0.862329 0.884887 0.875942 0.867174 0.860633 0.856237 0.853933 0.853692 0.855511 0.859413 0.865445 0.873683 0.884229 0.897221 0.912832 0.931280 0.925576 0.899979 0.877818 0.858742 0.842463 0.828749 0.817412 0.808302 0.801303 0.796325 0.793308 0.792215 0.793033 0.795772 0.800465 0.807169 0.815970 0.826978 0.840340 0.851637 0.828329 0.808157 5744.000000 1.183460 0.888958
0.573883 0.561298 0.550551 0.541488 0.533985 0.527940 0.523278 0.519939 0.517882 0.517082 0.517529 0.519229 0.522202 0.526485 0.532132 0.539214 0.547825 0.558082 0.570129 0.584147 0.600354 0.619020 0.640476 0.665133 0.693502 0.705732 0.687928 0.672580 0.659457 0.648368 0.639160 0.631710 0.625923 0.621725 0.619064 0.617908 0.618243 0.620073 0.623421 0.628326 0.634851 0.643078 0.653116 0.665099 0.679197 0.695618 0.714617 0.736507 0.761674 0.790593 0.823857 0.862213 0.906605 0.958249 0.944187 0.882190 0.829709 0.784906 0.746399 0.713132 0.684282 0.659202 0.637376 0.618391 0.601913 0.587669 0.575438 0.565039 0.556326 0.549180 0.543509 0.539239 0.536317 0.534709 0.534393 0.535367 0.537642 0.540089 0.528724 0.519051 0.510935 0.504265 0.498954 0.494933 0.492153 0.490578 0.490191 0.490987 0.492975 0.496179 0.500639 0.506410 0.513569 0.522208 0.532448 0.544435 0.558351 0.574417 0.592905 0.614152 0.638573 0.666690 0.699159 0.736819 0.780754 0.832394 0.893654 0.967161 1.000000 0.947427 0.902170 0.863024 0.829048 0.799500 0.773784 0.751426 0.732037 0.715304 0.700969 0.688825 0.678701 0.670462 0.664002 0.659238 0.647100 0.624785 0.605367 0.588495 1489.500000 1.557142 0.734454
0.794121 0.867531 0.958440 1.000000 0.904982 0.828276 0.765257 0.712745 0.668484 0.630829 0.598556 0.570732 0.546638 0.525712 0.507506 0.491663 0.477897 0.465972 0.455699 0.446922 0.439516 0.433379 0.428428 0.424601 0.421849 0.420137 0.419446 0.419767 0.421104 0.423473 0.426902 0.431436 0.437131 0.444063 0.452325 0.462035 0.473336 0.486405 0.501458 0.518763 0.538649 0.561527 0.587913 0.618465 0.654029 0.695710 0.744983 0.803851 0.792746 0.750746 0.714607 0.683358 0.656242 0.632662 0.612142 0.594297 0.578819 0.565453 0.553996 0.544279 0.536166 0.529549 0.524340 0.520475 0.517905 0.516599 0.516540 0.517729 0.520179 0.523920 0.529000 0.535481 0.543449 0.553010 0.564297 0.577474 0.592744 0.610354 0.630608 0.653881 0.680641 0.711471 0.747112 0.788512 0.836904 0.841198 0.772590 0.715923 0.668502 0.628392 0.594174 0.564780 0.539395 0.517387 0.498257 0.481611 0.467130 0.454558 0.443685 0.434342 0.426391 0.419718 0.414234 0.409866 0.406558 0.404269 0.402972 0.402649 0.403298 0.404926 0.407553 0.411211 0.415947 0.421821 0.428912 0.437316 0.447156 0.458578 0.471766 0.486942 0.504383 0.524430 0.547510 0.574161 0.605073 0.641135 0.683518 0.733795 4902.000000 1.339337 0.586064
0.679886 0.660221 0.643167 0.628448 0.615839 0.605154 0.596246 0.588994 0.583305 0.579107 0.576348 0.574993 0.575026 0.576449 0.579277 0.583546 0.589309 0.596638 0.605629 0.616404 0.629111 0.643937 0.661111 0.680910 0.703680 0.729844 0.759931 0.794601 0.834693 0.881282 0.935767 1.000000 0.949124 0.891850 0.843011 0.801072 0.764864 0.733478 0.706201 0.682464 0.661814 0.643883 0.628372 0.615037 0.603680 0.594141 0.586289 0.580020 0.575256 0.571936 0.570019 0.569483 0.570320 0.572541 0.576172 0.581260 0.587867 0.596078 0.606002 0.617776 0.631569 0.647587 0.666085 0.687375 0.711843 0.739966 0.772339 0.809714 0.853051 0.852626 0.820917 0.793325 0.769321 0.748477 0.730446 0.714944 0.701743 0.690654 0.681527 0.674240 0.668702 0.664842 0.662614 0.661990 0.662964 0.665545 0.669767 0.675681 0.683361 0.692906 0.704443 0.718129 0.734162 0.752782 0.774285 0.775870 0.752376 0.731974 0.714324 0.699151 0.686227 0.675370 0.666432 0.659295 0.653867 0.650082 0.647892 0.647271 0.648210 0.650723 0.654839 0.660609 0.668105 0.677425 0.688690 0.702056 0.717715 0.735901 0.756904 0.781078 0.808860 0.840792 0.877549 0.832612 0.792805 0.758374 0.728491 0.702503 1380.000000 1.096027 0.757258
0.726268 0.720295 0.716131 0.713724 0.713045 0.714086 0.716860 0.721400 0.727762 0.736027 0.746300 0.758717 0.773449 0.790708 0.810752 0.833900 0.860542 0.891161 0.926353 0.966864 0.919166 0.852726 0.797034 0.749867 0.709584 0.674951 0.645024 0.619065 0.596497 0.576857 0.559775 0.544951 0.532140 0.521144 0.511802 0.503981 0.497577 0.492505 0.488700 0.486116 0.484721 0.484498 0.485444 0.487570 0.490903 0.495484 0.501370 0.508638 0.517385 0.527731 0.539323 0.552729 0.568222 0.586061 0.606565 0.630130 0.657246 0.688535 0.724784 0.767014 0.816557 0.875197 0.945364 1.000000 0.952064 0.910608 0.874629 0.843341 0.816112 0.792435 0.771901 0.754175 0.738985 0.726110 0.715370 0.706620 0.699747 0.694664 0.691307 0.689636 0.689631 0.691291 0.694636 0.694402 0.681829 0.671292 0.662648 0.655783 0.650610 0.647065 0.645104 0.644703 0.645857 0.648582 0.652908 0.658891 0.666606 0.676151 0.687654 0.701274 0.710404 0.689794 0.671919 0.656489 0.643267 0.632059 0.622710 0.615094 0.609111 0.604686 0.601764 0.600310 0.600305 0.601750 0.604662 0.609077 0.615050 0.622656 0.631993 0.643188 0.656397 0.671812 0.689670 0.710261 0.733942 0.755918 0.743965 0.734125 1732.000000 1.272248 0.764486
0.713180 0.742590 0.776482 0.815674 0.861218 0.914482 0.922296 0.890111 0.862104 0.837762 0.816670 0.798491 0.782949 0.769819 0.758921 0.750108 0.743268 0.738315 0.735186 0.733844 0.734272 0.736477 0.740484 0.746342 0.754126 0.763933 0.775892 0.756521 0.729153 0.705337 0.684624 0.666653 0.651130 0.637815 0.626513 0.617065 0.609344 0.603249 0.598703 0.595649 0.594050 0.593886 0.595156 0.597874 0.602075 0.607810 0.615151 0.624194 0.635060 0.647899 0.662898 0.680285 0.671448 0.659674 0.649844 0.641827 0.635517 0.630835 0.627723 0.626142 0.626073 0.627517 0.630489 0.635027 0.641186 0.649045 0.658705 0.670297 0.683981 0.699957 0.718470 0.739819 0.764373 0.792589 0.825031 0.862408 0.905618 0.955810 1.000000 0.944658 0.897168 0.856188 0.820679 0.789825 0.762978 0.739620 0.719331 0.701771 0.686662 0.673780 0.662939 0.653993 0.646822 0.641335 0.637463 0.635158 0.634393 0.635158 0.637463 0.641335 0.646822 0.653993 0.662939 0.664195 0.644992 0.628338 0.613966 0.601652 0.591220 0.582522 0.575443 0.569890 0.565794 0.563102 0.561784 0.561821 0.563216 0.565984 0.570161 0.575796 0.582963 0.591754 0.602287 0.614710 0.629203 0.645991 0.665346 0.687604 1035.000000 1.385997 0.806384
0.934763 0.881064 0.835102 0.795520 0.761270 0.731538 0.705677 0.683171 0.663606 0.646645 0.632014 0.619489 0.608890 0.600069 0.592908 0.587313 0.583215 0.580290 0.576884 0.574894 0.574297 0.575085 0.577268 0.580872 0.585942 0.592541 0.600754 0.610691 0.622486 0.636309 0.652367 0.670914 0.692264 0.716801 0.745001 0.777462 0.814932 0.858370 0.909012 0.968484 1.000000 0.951901 0.910309 0.874218 0.842832 0.815518 0.791767 0.771165 0.753377 0.738129 0.725199 0.714405 0.705603 0.698678 0.693542 0.690131 0.688404 0.688340 0.689938 0.693217 0.698217 0.705001 0.713654 0.724289 0.737048 0.752109 0.769691 0.790064 0.787443 0.770050 0.755189 0.742646 0.732248 0.723857 0.717365 0.712690 0.709774 0.708582 0.709100 0.711333 0.715309 0.721076 0.728707 0.738300 0.749978 0.763902 0.769369 0.748939 0.731282 0.716124 0.703241 0.692453 0.683612 0.676604 0.671339 0.667751 0.665797 0.665453 0.666715 0.669597 0.674136 0.680387 0.688429 0.698366 0.710330 0.724487 0.741041 0.760244 0.782404 0.796028 0.785965 0.778004 0.772044 0.768010 0.765854 0.765550 0.767092 0.770501 0.775818 0.783108 0.792463 0.804006 0.817889 0.834305 0.853492 0.875741 0.901411 0.930943 7797.500000 1.085800 0.814149
0.476434 0.501653 0.531043 0.565537 0.606386 0.655297 0.697674 0.668546 0.643241 0.621223 0.602066 0.585422 0.571013 0.558609 0.548025 0.539110 0.531740 0.525818 0.521269 0.518036 0.516077 0.515371 0.515907 0.517693 0.520751 0.525117 0.530847 0.538014 0.546712 0.557060 0.569204 0.583327 0.599650 0.618445 0.640049 0.664876 0.693445 0.726408 0.763387 0.690912 0.632397 0.584317 0.544249 0.510475 0.481741 0.457112 0.435877 0.417489 0.401518 0.387623 0.375532 0.365025 0.355924 0.348085 0.341387 0.335737 0.331055 0.327279 0.324361 0.322264 0.320962 0.320440 0.320690 0.321717 0.323532 0.326158 0.329628 0.333985 0.339287 0.345607 0.353033 0.361676 0.371670 0.383182 0.396415 0.411622 0.429117 0.449296 0.472661 0.499860 0.531740 0.569428 0.614459 0.668975 0.736051 0.820274 0.928788 1.000000 0.880336 0.787945 0.714663 0.655297 0.606386 0.565537 0.531043 0.501653 0.476434 0.454672 0.435815 0.419431 0.405174 0.392770 0.381995 0.372670 0.364647 0.357806 0.352049 0.347298 0.343490 0.340576 0.338520 0.337296 0.336890 0.337296 0.338520 0.340576 0.343490 0.347298 0.352049 0.357806 0.364647 0.372670 0.381995 0.392770 0.405174 0.419431 0.435815 0.454672 13505.000000 1.729933 0.544019
0.837878 0.889034 0.949279 1.000000 0.967635 0.939491 0.915081 0.894006 0.875943 0.860627 0.847845 0.837426 0.829232 0.823162 0.819138 0.817113 0.817061 0.818982 0.783920 0.752600 0.725367 0.701667 0.681055 0.663172 0.647725 0.634474 0.623227 0.613824 0.606139 0.600071 0.595545 0.592503 0.590908 0.590742 0.592001 0.594701 0.598875 0.604575 0.603919 0.602253 0.602043 0.603285 0.605996 0.610208 0.615973 0.623364 0.632477 0.643433 0.656385 0.671520 0.689069 0.709314 0.732603 0.759364 0.790131 0.825569 0.866520 0.910266 0.882426 0.858245 0.837318 0.819313 0.803962 0.791047 0.780391 0.771852 0.765322 0.760719 0.757986 0.757090 0.758020 0.760788 0.762706 0.749940 0.739346 0.730783 0.724141 0.719336 0.716308 0.715021 0.715459 0.717628 0.721553 0.727283 0.734890 0.744470 0.756148 0.770084 0.786473 0.805558 0.827635 0.853070 0.882310 0.869858 0.821370 0.779781 0.743907 0.712830 0.685832 0.662341 0.641902 0.624145 0.608771 0.595536 0.584242 0.574727 0.566861 0.560540 0.555682 0.552226 0.550539 0.550410 0.551609 0.554152 0.558069 0.563409 0.570238 0.578647 0.588747 0.600678 0.614615 0.630769 0.649402 0.670834 0.695463 0.723778 0.756397 0.794097 3626.000000 1.254244 0.802914
0.773921 0.822526 0.879909 0.906671 0.847457 0.797307 0.754477 0.717654 0.685834 0.658234 0.634239 0.613357 0.595194 0.579432 0.565811 0.554120 0.544187 0.535872 0.529063 0.523670 0.519625 0.516878 0.515395 0.515158 0.516164 0.518425 0.521970 0.526841 0.533100 0.540828 0.550128 0.561130 0.573991 0.588908 0.606120 0.625921 0.648676 0.674834 0.704961 0.739768 0.780169 0.827345 0.882858 0.948806 0.987478 0.904928 0.836975 0.780264 0.732402 0.691643 0.656680 0.626518 0.600388 0.577687 0.557935 0.540748 0.525818 0.512892 0.501766 0.492274 0.484279 0.477672 0.472365 0.468291 0.465398 0.463651 0.463028 0.463522 0.465139 0.467898 0.471833 0.476995 0.483448 0.491277 0.500591 0.511520 0.524228 0.538916 0.555827 0.575266 0.597604 0.623311 0.652971 0.687335 0.727366 0.774328 0.829911 0.896418 0.977071 1.000000 0.922773 0.858539 0.804478 0.758541 0.719205 0.685318 0.655990 0.630525 0.608375 0.589099 0.572343 0.557821 0.545299 0.534586 0.525528 0.517999 0.511898 0.507146 0.503685 0.501470 0.500475 0.500688 0.502111 0.504762 0.508672 0.513892 0.520486 0.528542 0.538169 0.549500 0.562704 0.577985 0.595593 0.615839 0.639103 0.665861 0.696709 0.732405 8437.500000 1.139519 0.600720
0.624428 0.623649 0.624375 0.626613 0.630392 0.635757 0.642777 0.651540 0.662162 0.674790 0.689602 0.706820 0.726715 0.726264 0.701782 0.680483 0.661987 0.645984 0.632224 0.620502 0.610650 0.602536 0.596051 0.591114 0.587661 0.585652 0.585060 0.585880 0.588121 0.591811 0.596994 0.603737 0.612125 0.622269 0.634309 0.629215 0.625617 0.623555 0.623002 0.623951 0.626415 0.630423 0.636025 0.643291 0.652315 0.663216 0.676144 0.691284 0.708865 0.729166 0.752530 0.779381 0.810244 0.845772 0.829326 0.765856 0.713006 0.668486 0.630629 0.598193 0.570238 0.546035 0.525017 0.506732 0.490821 0.476992 0.465011 0.454686 0.445860 0.438406 0.432221 0.427224 0.423349 0.420547 0.418785 0.418040 0.418304 0.425558 0.437852 0.451999 0.468257 0.486944 0.508461 0.533312 0.562140 0.595780 0.635331 0.682267 0.738613 0.807223 0.892253 1.000000 0.944480 0.883673 0.832106 0.788019 0.750084 0.717283 0.688820 0.664069 0.642529 0.623798 0.607551 0.593521 0.581495 0.571295 0.562779 0.555833 0.550365 0.546308 0.543610 0.539746 0.536889 0.535345 0.535095 0.536137 0.538482 0.542159 0.547215 0.553712 0.561735 0.571390 0.582812 0.596166 0.611653 0.629524 0.630555 0.626721 1875.500000 1.098763 0.695765
