0.977377 0.962676 0.927967 0.897762 0.871494 0.848706 0.829025 0.812149 0.797830 0.785868 0.776101 0.768402 0.762674 0.758845 0.756869 0.756721 0.758400 0.761926 0.767343 0.774716 0.784140 0.795737 0.808771 0.783333 0.761223 0.742067 0.725555 0.711439 0.699515 0.689618 0.681617 0.675407 0.670911 0.668074 0.666860 0.667255 0.669264 0.672910 0.665252 0.658360 0.653167 0.649608 0.647639 0.647237 0.648396 0.651131 0.655475 0.661481 0.669226 0.678809 0.689026 0.684460 0.681585 0.680367 0.680790 0.682859 0.686601 0.692060 0.699304 0.708427 0.719547 0.732816 0.748419 0.766589 0.787608 0.811822 0.839660 0.871649 0.908447 0.950881 1.000000 0.961946 0.927127 0.896824 0.870471 0.847606 0.827855 0.810912 0.796530 0.784505 0.774677 0.766917 0.761126 0.757233 0.755189 0.754970 0.756573 0.760018 0.765347 0.772625 0.781945 0.750334 0.722656 0.698570 0.677619 0.659429 0.643701 0.630189 0.618692 0.609047 0.601125 0.594821 0.590055 0.586766 0.584916 0.584480 0.585455 0.587851 0.591699 0.597045 0.603956 0.612523 0.622858 0.635104 0.649437 0.666074 0.683588 0.692499 0.703362 0.716325 0.731570 0.749322 0.769858 0.793518 0.820717 0.851972 0.887926 0.929386 1869.000000 1.217526 0.849144
0.573534 0.574861 0.577588 0.581749 0.587396 0.594600 0.603455 0.614080 0.626622 0.641264 0.658230 0.677796 0.700299 0.726157 0.755889 0.790145 0.829746 0.875748 0.929520 0.992876 1.000000 0.912100 0.840265 0.780662 0.730598 0.688127 0.651806 0.620547 0.593513 0.570053 0.549650 0.531895 0.516456 0.503065 0.491506 0.481600 0.473203 0.466198 0.460490 0.456006 0.452688 0.450495 0.449401 0.449393 0.450469 0.452644 0.455944 0.460409 0.466097 0.473081 0.481455 0.491335 0.496398 0.493937 0.492682 0.492618 0.493742 0.496069 0.499628 0.504462 0.510633 0.518221 0.527327 0.538079 0.550632 0.565178 0.581955 0.601250 0.623422 0.648916 0.663216 0.673398 0.685575 0.699917 0.716636 0.735989 0.758295 0.783942 0.813413 0.847307 0.886377 0.931577 0.942316 0.879840 0.827002 0.781928 0.743211 0.709777 0.680790 0.655596 0.633672 0.614600 0.598041 0.583720 0.571413 0.560938 0.552146 0.544918 0.539159 0.534796 0.531773 0.530054 0.529618 0.530459 0.518256 0.507073 0.497535 0.489507 0.482879 0.477562 0.473490 0.470611 0.468890 0.468305 0.468850 0.470531 0.473368 0.477397 0.482668 0.489248 0.497225 0.506707 0.517829 0.530758 0.545698 0.562898 0.575037 0.573593 11149.000000 1.724034 0.714894
0.576730 0.549397 0.525747 0.505216 0.487359 0.471818 0.458308 0.446596 0.436493 0.427845 0.420526 0.414435 0.409491 0.405628 0.402800 0.400969 0.400115 0.400227 0.401305 0.403364 0.406428 0.410536 0.415740 0.422107 0.429723 0.438696 0.449156 0.461266 0.475223 0.491272 0.509714 0.530923 0.555370 0.583650 0.616531 0.655009 0.700410 0.754527 0.819846 0.899921 1.000000 0.931339 0.828649 0.747979 0.683121 0.630011 0.585872 0.548749 0.517222 0.490237 0.466998 0.446890 0.429435 0.414252 0.401039 0.389552 0.379594 0.371004 0.363651 0.357428 0.352249 0.348044 0.344759 0.342353 0.340795 0.340067 0.340160 0.341074 0.342822 0.345424 0.348913 0.353333 0.358742 0.365213 0.372836 0.381723 0.392012 0.403870 0.417506 0.433174 0.451194 0.471964 0.495991 0.523926 0.556617 0.595187 0.641161 0.696651 0.764671 0.849680 0.845195 0.793087 0.748730 0.710693 0.677888 0.649474 0.624791 0.603315 0.584628 0.568392 0.554333 0.542228 0.531893 0.523183 0.515976 0.510177 0.505711 0.502524 0.500575 0.499840 0.500311 0.501993 0.504907 0.509089 0.514591 0.521482 0.529855 0.539823 0.551527 0.565142 0.580880 0.599005 0.619838 0.643780 0.671328 0.689207 0.645547 0.608467 555.000000 1.576096 0.560128
0.846338 0.862492 0.881438 0.884304 0.872171 0.862415 0.854912 0.849568 0.846316 0.845117 0.845957 0.848845 0.853818 0.860935 0.870286 0.881990 0.896202 0.913115 0.932970 0.956061 0.982753 1.000000 0.980261 0.963562 0.949672 0.938405 0.929616 0.923194 0.919058 0.917159 0.917474 0.920006 0.924785 0.931872 0.941353 0.953350 0.968018 0.965741 0.934362 0.907074 0.883402 0.862961 0.845435 0.830567 0.818151 0.808018 0.800037 0.794106 0.790152 0.788127 0.788006 0.785357 0.784371 0.785276 0.788085 0.792830 0.799571 0.808392 0.819405 0.832757 0.848629 0.867248 0.888892 0.913901 0.942696 0.975791 0.997656 0.971989 0.949841 0.930872 0.914806 0.901421 0.890536 0.882010 0.875736 0.871635 0.869658 0.869780 0.872004 0.876355 0.882888 0.891683 0.902852 0.916541 0.902282 0.889961 0.880063 0.872462 0.867062 0.863797 0.862627 0.863537 0.866539 0.871669 0.878990 0.888594 0.900604 0.915178 0.932515 0.932958 0.928074 0.925460 0.925082 0.926936 0.931046 0.937460 0.946259 0.957554 0.971489 0.958959 0.929564 0.904030 0.881929 0.862912 0.846694 0.833045 0.821777 0.812742 0.805824 0.800935 0.798017 0.797032 0.797971 0.800843 0.805683 0.812552 0.821535 0.832748 2318.000000 1.131894 0.915767
0.775677 0.776612 0.779430 0.784164 0.790873 0.799641 0.810580 0.820554 0.789092 0.761721 0.737904 0.717206 0.699276 0.683828 0.670628 0.659487 0.650251 0.642797 0.637030 0.632876 0.630285 0.629224 0.631583 0.636686 0.643435 0.651917 0.662241 0.674549 0.689014 0.705851 0.725323 0.747751 0.773535 0.803163 0.837250 0.876563 0.922081 0.940260 0.913547 0.890396 0.870434 0.853358 0.838922 0.826924 0.817206 0.809642 0.804136 0.800620 0.799051 0.799411 0.801703 0.805955 0.812220 0.820575 0.821942 0.808067 0.796540 0.787207 0.779947 0.774669 0.771307 0.769821 0.770193 0.772427 0.776550 0.782613 0.790691 0.800887 0.813334 0.828202 0.845698 0.866081 0.860040 0.829817 0.803516 0.780653 0.760839 0.743752 0.729134 0.716773 0.706498 0.698171 0.691686 0.686959 0.683933 0.682571 0.682856 0.684792 0.688401 0.693730 0.700842 0.709830 0.720811 0.733932 0.730043 0.723466 0.718722 0.715753 0.714522 0.715015 0.717239 0.721218 0.727004 0.734667 0.744306 0.756046 0.770048 0.786509 0.805672 0.827836 0.853369 0.882720 0.916450 0.955252 1.000000 0.965724 0.932899 0.904338 0.879531 0.858060 0.839586 0.823835 0.810580 0.799641 0.790873 0.784164 0.779430 0.776612 7450.500000 1.118245 0.859308
0.836086 0.843550 0.792360 0.748729 0.711275 0.678948 0.650932 0.626586 0.605401 0.586970 0.570963 0.557112 0.545199 0.535048 0.526512 0.519477 0.513848 0.509555 0.506543 0.504776 0.504231 0.504902 0.506798 0.509941 0.514370 0.520141 0.527328 0.536025 0.546353 0.558458 0.572522 0.588768 0.607469 0.628961 0.653663 0.682095 0.714914 0.752955 0.797302 0.849373 0.911070 0.984990 0.902629 0.829487 0.769024 0.718389 0.675537 0.638963 0.607534 0.580384 0.556841 0.536376 0.518566 0.503074 0.489627 0.478001 0.468015 0.459523 0.452404 0.446561 0.441919 0.438417 0.436013 0.434676 0.434391 0.435154 0.436974 0.439873 0.443888 0.449068 0.455481 0.463212 0.472368 0.483079 0.495510 0.509858 0.526367 0.545339 0.567148 0.592259 0.621263 0.654913 0.694185 0.740366 0.795180 0.861000 0.941171 1.000000 0.920028 0.853805 0.798269 0.751215 0.711018 0.676451 0.646574 0.620657 0.598123 0.578513 0.561457 0.546658 0.533872 0.522901 0.513584 0.505791 0.499416 0.494375 0.490606 0.488061 0.486708 0.486531 0.487529 0.489713 0.493110 0.497762 0.503728 0.511084 0.519930 0.530388 0.542609 0.556779 0.573127 0.591934 0.613544 0.638389 0.667005 0.700073 0.738463 0.783303 11542.000000 1.206143 0.596613
0.935482 1.000000 0.965915 0.908001 0.858590 0.816145 0.779487 0.747705 0.720080 0.696041 0.675128 0.656972 0.641272 0.627782 0.616301 0.606668 0.598752 0.592449 0.587678 0.584380 0.582514 0.574780 0.568505 0.563708 0.560331 0.558330 0.557683 0.558381 0.560432 0.563862 0.568712 0.575044 0.582939 0.592501 0.603861 0.617181 0.628933 0.619829 0.612438 0.606666 0.602440 0.599707 0.598434 0.598605 0.600223 0.603306 0.607894 0.614043 0.621830 0.631359 0.642756 0.656182 0.671834 0.689954 0.710838 0.734852 0.762446 0.794181 0.803898 0.787017 0.772653 0.760604 0.750706 0.742828 0.736871 0.732760 0.730445 0.729897 0.731109 0.734098 0.738898 0.745569 0.754195 0.764888 0.777789 0.793075 0.795582 0.764348 0.737183 0.713543 0.692989 0.675167 0.659789 0.646618 0.635464 0.626172 0.618616 0.612698 0.608345 0.605501 0.596167 0.585358 0.576298 0.568863 0.562957 0.558504 0.555448 0.553752 0.553396 0.554375 0.556701 0.560402 0.565524 0.572132 0.580310 0.586880 0.581276 0.577156 0.574467 0.573178 0.573273 0.574753 0.577636 0.581956 0.587769 0.595147 0.604186 0.615009 0.627767 0.642646 0.659876 0.679737 0.702577 0.728822 0.759003 0.793787 0.834017 0.880778 3779.000000 1.282539 0.816399
0.891649 0.935825 0.936997 0.885035 0.840451 0.801983 0.768654 0.739694 0.714497 0.692573 0.673529 0.657044 0.642859 0.630761 0.620577 0.612169 0.605424 0.600256 0.596601 0.594414 0.593667 0.573705 0.556108 0.540822 0.527592 0.516207 0.506497 0.498324 0.491577 0.486165 0.482019 0.479089 0.477336 0.476741 0.477295 0.479006 0.481895 0.485996 0.491362 0.498061 0.506182 0.515834 0.527157 0.540319 0.555528 0.573038 0.593163 0.616292 0.642910 0.673627 0.689546 0.700861 0.714304 0.730065 0.748382 0.769542 0.793903 0.821901 0.854078 0.891112 0.933855 0.983394 1.000000 0.932870 0.876164 0.827837 0.786358 0.750558 0.719535 0.692577 0.669119 0.648710 0.630984 0.615645 0.602451 0.591205 0.581747 0.573948 0.567704 0.562937 0.559586 0.557610 0.556985 0.557703 0.559773 0.555608 0.546699 0.539351 0.533466 0.528969 0.525803 0.523929 0.523325 0.523983 0.525911 0.529133 0.533688 0.539634 0.547046 0.556024 0.566688 0.579192 0.593724 0.610511 0.629838 0.652049 0.677577 0.676402 0.667865 0.661114 0.656063 0.652649 0.650829 0.650583 0.651907 0.654817 0.659349 0.665559 0.673524 0.683349 0.695164 0.709133 0.725459 0.744390 0.766230 0.791355 0.820227 0.853419 764.500000 1.568697 0.769619
0.905766 0.882766 0.862931 0.845962 0.831612 0.819683 0.810015 0.802483 0.796992 0.793474 0.791886 0.792210 0.794448 0.798629 0.804803 0.813047 0.823466 0.805169 0.780230 0.758562 0.739799 0.723643 0.709852 0.698226 0.688608 0.680869 0.674910 0.670656 0.668054 0.667074 0.667702 0.669947 0.673836 0.679417 0.686760 0.695957 0.707132 0.720434 0.736054 0.754224 0.775228 0.787333 0.790108 0.794824 0.801540 0.810338 0.821333 0.834668 0.850527 0.869134 0.890768 0.915768 0.944553 0.967027 0.934937 0.907022 0.882792 0.861844 0.843853 0.828554 0.815729 0.805205 0.796845 0.790542 0.786216 0.783816 0.783312 0.784698 0.787990 0.793229 0.800479 0.809832 0.821409 0.835363 0.851887 0.871219 0.872366 0.849625 0.829988 0.813153 0.798874 0.786951 0.777223 0.769564 0.763877 0.760091 0.758159 0.758060 0.759790 0.763371 0.768848 0.776287 0.785783 0.770920 0.753951 0.739456 0.727226 0.717095 0.708925 0.702614 0.698081 0.695270 0.694147 0.694699 0.696932 0.700873 0.706571 0.714097 0.723547 0.735045 0.748747 0.764847 0.775913 0.780684 0.787422 0.796213 0.807169 0.820435 0.836192 0.854666 0.876132 0.900931 0.929480 0.962291 1.000000 0.997914 0.962833 0.932304 1093.000000 1.198269 0.885841
0.963265 0.974195 0.914225 0.863169 0.819384 0.781619 0.748906 0.720487 0.695761 0.674246 0.655554 0.639369 0.625435 0.613541 0.603518 0.595228 0.588562 0.583433 0.579778 0.577550 0.576724 0.577289 0.579252 0.582637 0.587485 0.593857 0.601834 0.611523 0.623053 0.632149 0.637284 0.644068 0.652588 0.662954 0.675308 0.689824 0.706718 0.726254 0.748756 0.774623 0.804347 0.838545 0.877989 0.923662 0.976830 1.000000 0.970634 0.945156 0.923148 0.904270 0.888246 0.874851 0.863905 0.855264 0.848818 0.844488 0.842221 0.841989 0.843790 0.847644 0.853600 0.861730 0.872139 0.884959 0.850231 0.812301 0.779408 0.750813 0.725930 0.704285 0.685497 0.669256 0.655309 0.643449 0.633511 0.625358 0.618885 0.614008 0.610667 0.608821 0.608448 0.609542 0.612118 0.616207 0.621858 0.626692 0.625843 0.626505 0.628683 0.632406 0.637719 0.644688 0.653402 0.663977 0.676557 0.691320 0.708486 0.728326 0.751171 0.777429 0.807605 0.842330 0.882396 0.928813 0.930840 0.903910 0.880555 0.860398 0.843128 0.828494 0.816293 0.806361 0.798568 0.792816 0.789033 0.787174 0.787215 0.789158 0.793025 0.798865 0.806749 0.816777 0.829081 0.843825 0.861215 0.881505 0.905007 0.932104 9799.000000 1.280056 0.807398
0.663920 0.662620 0.662920 0.664822 0.668350 0.673546 0.680477 0.689229 0.699917 0.712686 0.727716 0.745227 0.765490 0.737263 0.708212 0.682947 0.660960 0.641842 0.625263 0.610954 0.598695 0.588308 0.579648 0.572598 0.567068 0.562987 0.560304 0.558987 0.559019 0.558015 0.554646 0.552641 0.551976 0.552641 0.554646 0.558015 0.562790 0.569029 0.576813 0.586245 0.597454 0.610600 0.625879 0.643532 0.663856 0.687214 0.714060 0.744956 0.780612 0.821932 0.870084 0.891979 0.868963 0.849100 0.832084 0.817668 0.805651 0.795871 0.788202 0.782547 0.778835 0.777021 0.777084 0.779023 0.782863 0.788650 0.796456 0.806381 0.804853 0.766088 0.732570 0.703486 0.678194 0.656184 0.637044 0.620441 0.606105 0.593814 0.583390 0.574686 0.567585 0.561995 0.557844 0.555082 0.545925 0.537425 0.530445 0.524892 0.520696 0.517803 0.516179 0.515804 0.516674 0.518798 0.522203 0.526931 0.533041 0.540613 0.549745 0.560000 0.570253 0.582318 0.596372 0.612633 0.631370 0.652912 0.677666 0.706139 0.738968 0.776962 0.821159 0.872918 0.934042 1.000000 0.947089 0.901558 0.862187 0.828021 0.798310 0.772453 0.749969 0.730467 0.713629 0.699197 0.686958 0.677670 0.671398 0.666834 4747.000000 1.320815 0.784677
0.546138 0.552451 0.560277 0.569720 0.574641 0.567697 0.562256 0.558252 0.555632 0.554367 0.554440 0.555852 0.558621 0.562780 0.568381 0.575495 0.584215 0.594657 0.606968 0.621329 0.637959 0.657131 0.679178 0.697682 0.682661 0.669854 0.659077 0.650182 0.643053 0.637598 0.633749 0.631458 0.630697 0.631458 0.633749 0.637598 0.643053 0.650182 0.659077 0.669854 0.682661 0.697682 0.715140 0.735311 0.758533 0.785223 0.815897 0.851199 0.891940 0.939153 0.882165 0.819290 0.766505 0.721743 0.683477 0.650552 0.622083 0.597381 0.575899 0.557205 0.540949 0.526847 0.514670 0.504231 0.495376 0.487983 0.481951 0.477201 0.473675 0.471327 0.470130 0.470068 0.471141 0.473362 0.476757 0.481370 0.487259 0.494499 0.503189 0.513448 0.525426 0.539307 0.551628 0.551109 0.551919 0.554069 0.557583 0.562506 0.568900 0.576846 0.586451 0.597845 0.611192 0.626693 0.644595 0.665198 0.688877 0.716092 0.747421 0.783590 0.825528 0.874435 0.931888 1.000000 0.949544 0.886752 0.833633 0.788310 0.749374 0.715745 0.686589 0.661245 0.639191 0.620006 0.603351 0.588948 0.576574 0.566044 0.557211 0.549953 0.544176 0.539807 0.536789 0.535088 0.534681 0.535563 0.537747 0.541257 660.000000 1.432496 0.734954
0.788553 0.763479 0.741682 0.722787 0.706492 0.692546 0.680749 0.670936 0.662976 0.656767 0.652229 0.649308 0.647966 0.648188 0.649977 0.653354 0.658361 0.665060 0.673535 0.683899 0.696289 0.710882 0.727890 0.747577 0.770265 0.796353 0.826330 0.860807 0.900550 0.946532 1.000000 0.964720 0.917656 0.876985 0.841708 0.811037 0.784346 0.761131 0.740984 0.723575 0.708633 0.695938 0.685313 0.676612 0.669722 0.664556 0.661050 0.659160 0.658864 0.660157 0.663056 0.667597 0.673834 0.681847 0.675923 0.667246 0.660360 0.655177 0.651633 0.649683 0.649305 0.650493 0.653262 0.657646 0.663698 0.671496 0.681140 0.692758 0.706511 0.722597 0.741260 0.762799 0.787582 0.802564 0.782555 0.765319 0.750595 0.738172 0.727878 0.719577 0.713162 0.708552 0.705690 0.704542 0.705094 0.707352 0.711343 0.717117 0.724747 0.734328 0.745987 0.759882 0.776211 0.795214 0.817189 0.842501 0.871598 0.905034 0.943502 0.910834 0.868946 0.832658 0.801133 0.773703 0.749836 0.729102 0.711150 0.695697 0.682511 0.671402 0.662220 0.654841 0.649171 0.645140 0.642697 0.641813 0.642477 0.644697 0.648501 0.653934 0.661065 0.669985 0.680811 0.693692 0.708810 0.726391 0.746711 0.770109 15732.000000 1.190040 0.817039
0.608322 0.642996 0.683609 0.731579 0.720655 0.689107 0.661733 0.637929 0.617213 0.599198 0.583571 0.570077 0.558508 0.548695 0.540500 0.533814 0.528549 0.524638 0.522033 0.520702 0.520628 0.521812 0.524267 0.528023 0.533127 0.539644 0.547657 0.557275 0.568631 0.581890 0.597256 0.614976 0.635359 0.658779 0.685708 0.716733 0.752596 0.794253 0.842940 0.900297 0.814052 0.741952 0.683096 0.634307 0.593357 0.558638 0.528962 0.503431 0.481357 0.462204 0.445550 0.431056 0.418452 0.407518 0.398075 0.389978 0.383109 0.377370 0.372686 0.368995 0.366249 0.364416 0.363472 0.363407 0.364218 0.365917 0.368524 0.372070 0.376602 0.382178 0.388872 0.396778 0.406010 0.416710 0.429051 0.443245 0.459556 0.478309 0.499914 0.524886 0.553890 0.587785 0.627710 0.675199 0.732370 0.802230 0.889192 1.000000 0.997256 0.901526 0.824377 0.761080 0.708395 0.664029 0.626311 0.594003 0.566161 0.542060 0.521131 0.502925 0.487081 0.473311 0.461379 0.451094 0.442299 0.434869 0.428700 0.423710 0.419834 0.417024 0.415246 0.414477 0.414707 0.415941 0.418193 0.421489 0.425873 0.431399 0.438139 0.446185 0.455651 0.466676 0.479431 0.494127 0.511022 0.530436 0.552768 0.578518 7411.500000 1.517271 0.567202
0.623402 0.632768 0.643995 0.657239 0.672695 0.678050 0.675465 0.674519 0.675200 0.677516 0.681496 0.687188 0.694663 0.704017 0.715374 0.728888 0.744751 0.763199 0.784523 0.809078 0.837301 0.869736 0.907058 0.950118 1.000000 0.988793 0.940902 0.899504 0.863587 0.832357 0.805179 0.781543 0.761036 0.743322 0.728129 0.715233 0.704453 0.695645 0.687925 0.668633 0.651920 0.637521 0.625218 0.614834 0.606226 0.599279 0.593904 0.590034 0.587620 0.586634 0.587062 0.588911 0.592203 0.596978 0.603296 0.611238 0.620907 0.632435 0.645985 0.661757 0.679998 0.701010 0.725164 0.752921 0.784853 0.821681 0.849075 0.827902 0.809662 0.794080 0.780933 0.770038 0.761252 0.754462 0.749581 0.746550 0.745332 0.745911 0.748296 0.752515 0.758619 0.766686 0.776817 0.778635 0.763047 0.749843 0.738837 0.729883 0.722863 0.717690 0.714299 0.712648 0.712719 0.714510 0.718045 0.723367 0.730541 0.739658 0.750838 0.764230 0.780022 0.798444 0.819780 0.844378 0.872665 0.905169 0.870936 0.829228 0.793155 0.761850 0.734624 0.710930 0.690328 0.672461 0.657039 0.643824 0.632624 0.623283 0.615676 0.609703 0.605289 0.602380 0.600939 0.600949 0.602410 0.605341 0.609776 0.615771 12233.000000 1.278651 0.821507
0.808063 0.834944 0.865832 0.901349 0.942271 0.989582 0.980496 0.946793 0.917466 0.891985 0.869921 0.850922 0.834704 0.821033 0.809722 0.800621 0.793613 0.788609 0.785549 0.784396 0.785134 0.787773 0.792345 0.786517 0.769584 0.755145 0.742996 0.732969 0.724932 0.718782 0.714443 0.711860 0.711003 0.711860 0.714443 0.718782 0.724932 0.732969 0.742996 0.755145 0.769584 0.758865 0.746656 0.736579 0.728503 0.722323 0.717962 0.715366 0.714505 0.715366 0.717962 0.722323 0.728503 0.736579 0.746656 0.758865 0.773374 0.790391 0.810168 0.833020 0.844977 0.824148 0.806216 0.790913 0.778019 0.767358 0.758789 0.752200 0.747511 0.744663 0.743620 0.744372 0.746926 0.751314 0.757590 0.765832 0.776145 0.788667 0.803566 0.821055 0.841395 0.864904 0.891976 0.923092 0.958852 1.000000 0.992054 0.940683 0.896423 0.858115 0.824853 0.795919 0.770740 0.748855 0.729887 0.713533 0.699544 0.687718 0.677892 0.669933 0.663740 0.659233 0.656358 0.655079 0.655381 0.657267 0.660761 0.665905 0.672763 0.681422 0.691996 0.704628 0.700410 0.693561 0.688487 0.685125 0.683435 0.683395 0.685005 0.688285 0.693275 0.700036 0.708655 0.719242 0.731941 0.746928 0.764422 0.784691 1115.000000 1.168914 0.851292
0.663273 0.658447 0.655258 0.653667 0.653655 0.655221 0.658385 0.663184 0.669680 0.677953 0.688111 0.700292 0.714664 0.731437 0.750870 0.773276 0.799045 0.828656 0.862704 0.901937 0.947298 1.000000 0.967405 0.910155 0.861261 0.819226 0.782901 0.751394 0.724002 0.700164 0.679430 0.661437 0.645888 0.632542 0.621202 0.611710 0.603937 0.597780 0.593163 0.590026 0.588333 0.588062 0.589210 0.591791 0.595837 0.601396 0.608541 0.617362 0.627978 0.640536 0.655217 0.672244 0.691891 0.714494 0.712579 0.702347 0.694053 0.687590 0.682876 0.679853 0.678483 0.678752 0.680660 0.684233 0.689513 0.696566 0.705483 0.716379 0.729401 0.744733 0.762600 0.783278 0.807108 0.834507 0.865991 0.902202 0.943948 0.923892 0.879046 0.840283 0.806655 0.777417 0.751971 0.729842 0.710640 0.694053 0.679822 0.667740 0.657636 0.649374 0.642847 0.637971 0.634687 0.632953 0.632748 0.634071 0.636937 0.641381 0.647459 0.655246 0.664844 0.676381 0.690018 0.705951 0.724424 0.745734 0.770248 0.798417 0.815227 0.787968 0.764254 0.743665 0.725860 0.710558 0.697535 0.686604 0.677618 0.670458 0.665034 0.661277 0.659141 0.658600 0.659648 0.662298 0.666581 0.672551 0.678097 0.669795 3773.500000 1.197862 0.795259
0.710726 0.666700 0.629237 0.597123 0.569432 0.545452 0.524623 0.506501 0.490732 0.477030 0.465163 0.454941 0.446210 0.438845 0.432746 0.427830 0.424034 0.421312 0.419628 0.418964 0.419310 0.420670 0.423063 0.426515 0.431072 0.436791 0.443747 0.452035 0.461772 0.473102 0.486203 0.501293 0.518638 0.538571 0.561504 0.587956 0.618588 0.654250 0.696055 0.745485 0.804559 0.876093 0.964138 1.000000 0.908633 0.834406 0.773112 0.721827 0.678455 0.641458 0.609680 0.582238 0.558448 0.537770 0.519777 0.504123 0.490532 0.478778 0.468677 0.460078 0.452861 0.446926 0.442197 0.438612 0.436127 0.434712 0.434349 0.435033 0.436774 0.439591 0.443521 0.448612 0.454930 0.462559 0.471604 0.482194 0.494489 0.508685 0.525023 0.543798 0.565379 0.590224 0.618913 0.652184 0.690995 0.736605 0.790700 0.850482 0.800153 0.757171 0.720217 0.688284 0.660586 0.636505 0.615549 0.597321 0.581503 0.567834 0.556101 0.546133 0.537788 0.530955 0.525543 0.521484 0.518727 0.517239 0.517001 0.518011 0.520281 0.523838 0.528726 0.535008 0.542764 0.552098 0.563139 0.576046 0.591017 0.608291 0.628163 0.651000 0.677252 0.707487 0.742420 0.782966 0.830312 0.886024 0.825595 0.762946 760.000000 1.281277 0.591134
0.867921 0.849701 0.834199 0.821196 0.810514 0.802014 0.795587 0.791154 0.788658 0.788071 0.789385 0.792617 0.797804 0.805012 0.814332 0.825882 0.838135 0.820339 0.805182 0.792450 0.781969 0.773600 0.767238 0.762802 0.760238 0.759514 0.760623 0.763577 0.768413 0.775190 0.783992 0.789078 0.770528 0.754607 0.741079 0.729755 0.720482 0.713137 0.707629 0.703887 0.701867 0.701544 0.702913 0.705992 0.710819 0.717451 0.725975 0.736498 0.733202 0.726944 0.722517 0.719868 0.718964 0.719794 0.722369 0.726718 0.732897 0.740982 0.751077 0.763316 0.777864 0.794931 0.802741 0.790968 0.781391 0.773885 0.768355 0.764733 0.762974 0.763057 0.764984 0.768777 0.774482 0.782172 0.791943 0.803922 0.818271 0.835190 0.854926 0.877784 0.904135 0.934438 0.969259 1.000000 0.944708 0.897257 0.856310 0.820828 0.789997 0.763171 0.739830 0.719556 0.702011 0.686915 0.674045 0.663217 0.654194 0.646324 0.640164 0.635638 0.632688 0.631280 0.631395 0.633036 0.636222 0.640993 0.647407 0.655546 0.665516 0.677451 0.691518 0.707923 0.726920 0.742591 0.740743 0.740683 0.742412 0.745950 0.751341 0.758651 0.767973 0.779429 0.793171 0.809391 0.828325 0.850264 0.875564 0.889127 741.500000 1.081468 0.886307
0.923963 0.945726 0.970935 1.000000 0.918844 0.839671 0.774779 0.720809 0.675389 0.636798 0.603754 0.575288 0.550652 0.529262 0.510656 0.494464 0.487061 0.489498 0.493154 0.498073 0.504319 0.511973 0.521138 0.531941 0.544541 0.559133 0.575953 0.595296 0.617523 0.643083 0.672540 0.706609 0.746209 0.792532 0.847164 0.912246 0.990744 0.981290 0.967089 0.955562 0.946561 0.939970 0.935709 0.933726 0.933997 0.936525 0.910990 0.883606 0.859831 0.839271 0.821604 0.806569 0.793952 0.783583 0.775325 0.769072 0.764748 0.762297 0.761692 0.762924 0.766008 0.770982 0.777908 0.786872 0.786154 0.770872 0.757964 0.747251 0.738592 0.731874 0.727013 0.723948 0.722643 0.723082 0.725269 0.729231 0.735018 0.742701 0.752377 0.764175 0.778253 0.794810 0.809366 0.788069 0.769670 0.753885 0.740483 0.729276 0.720111 0.712870 0.707460 0.703815 0.701889 0.701660 0.703124 0.706300 0.711225 0.716907 0.716796 0.718416 0.721786 0.726947 0.733964 0.742925 0.753946 0.767174 0.782795 0.801035 0.822174 0.846552 0.874593 0.906813 0.904625 0.888920 0.875825 0.865164 0.856799 0.850623 0.846561 0.844562 0.844603 0.846684 0.850829 0.857091 0.865546 0.876301 0.889497 0.905311 897.500000 1.187462 0.792042
0.695461 0.677714 0.649607 0.625184 0.603934 0.585445 0.569385 0.555485 0.543526 0.533329 0.524748 0.517667 0.511990 0.507647 0.511140 0.518463 0.527287 0.537735 0.549957 0.564139 0.580506 0.599339 0.620981 0.645858 0.674505 0.707594 0.745988 0.790801 0.843504 0.902015 0.873918 0.849503 0.828357 0.810142 0.794585 0.781460 0.770589 0.761825 0.755058 0.750201 0.747194 0.746002 0.746609 0.749023 0.753274 0.759413 0.767517 0.777689 0.790064 0.781024 0.758942 0.739808 0.723315 0.709212 0.697296 0.687403 0.679400 0.673185 0.668678 0.665825 0.664591 0.664960 0.666937 0.670546 0.675831 0.682859 0.691718 0.702524 0.698190 0.693028 0.689591 0.687837 0.687745 0.689313 0.692560 0.697527 0.704274 0.712887 0.723478 0.736189 0.751197 0.742625 0.718036 0.696647 0.678081 0.662033 0.648253 0.636537 0.626720 0.618669 0.612278 0.607467 0.604175 0.602361 0.602005 0.603100 0.605662 0.609721 0.615326 0.622550 0.631484 0.645005 0.662265 0.682163 0.705045 0.731337 0.761573 0.796418 0.836717 0.883554 0.938339 1.000000 0.952794 0.911943 0.876475 0.845623 0.818775 0.795437 0.775208 0.757763 0.742836 0.730210 0.719712 0.711200 0.704565 0.699722 0.696612 0.695198 2621.500000 1.136588 0.798703
0.667330 0.680674 0.696275 0.714369 0.735247 0.759266 0.786868 0.818598 0.855142 0.897363 0.931288 0.901057 0.874769 0.851965 0.832274 0.815393 0.801074 0.789118 0.779363 0.771683 0.765981 0.762184 0.760247 0.760147 0.761882 0.765474 0.770965 0.778425 0.787947 0.799656 0.813707 0.830297 0.849667 0.854657 0.800641 0.754758 0.715479 0.681647 0.652371 0.626954 0.604846 0.585607 0.568882 0.554384 0.541880 0.531179 0.522126 0.514595 0.509470 0.511760 0.515318 0.520188 0.526432 0.534129 0.543383 0.554323 0.567106 0.581928 0.599027 0.618697 0.641301 0.667287 0.697218 0.731807 0.771963 0.818869 0.874087 0.939717 0.907739 0.873729 0.844136 0.818389 0.796027 0.776676 0.760031 0.745843 0.733911 0.724072 0.716195 0.710181 0.705953 0.703460 0.702671 0.703578 0.706190 0.710539 0.716680 0.730842 0.756532 0.786057 0.820036 0.859248 0.904688 0.957639 1.000000 0.926207 0.864495 0.812328 0.767843 0.729644 0.696665 0.668077 0.643232 0.621612 0.602804 0.586471 0.572343 0.560197 0.549853 0.541164 0.536963 0.535022 0.534378 0.535022 0.536963 0.540225 0.544847 0.550887 0.558423 0.567555 0.578406 0.591133 0.605924 0.623015 0.633174 0.639082 0.646674 0.656048 1238.000000 1.207802 0.721678
0.825703 0.773984 0.730018 0.692356 0.659902 0.631807 0.607411 0.586188 0.567720 0.551669 0.537760 0.525771 0.515519 0.506857 0.499666 0.493848 0.489330 0.486054 0.483980 0.483083 0.483351 0.484787 0.487411 0.491252 0.496360 0.502799 0.510654 0.520031 0.531062 0.543909 0.558774 0.575900 0.595589 0.618214 0.644239 0.674248 0.708980 0.749388 0.796716 0.852618 0.919338 1.000000 0.988087 0.906008 0.838384 0.781906 0.734215 0.693582 0.658714 0.628626 0.602555 0.579901 0.560190 0.543040 0.528144 0.515251 0.504158 0.494699 0.486740 0.480171 0.474906 0.470878 0.468035 0.466343 0.465781 0.466343 0.468035 0.470878 0.474906 0.480171 0.486740 0.494699 0.504158 0.515251 0.528144 0.543040 0.560190 0.579901 0.602555 0.628626 0.658714 0.693582 0.734215 0.781906 0.838384 0.906008 0.961906 0.894708 0.838172 0.790147 0.749034 0.713622 0.682978 0.656374 0.633233 0.613095 0.595589 0.580414 0.567326 0.556126 0.546650 0.538769 0.532375 0.527388 0.523743 0.521395 0.520316 0.520493 0.521928 0.524639 0.528657 0.534035 0.540839 0.549159 0.559106 0.570822 0.584477 0.600282 0.618498 0.639443 0.663511 0.691191 0.723099 0.760016 0.802943 0.853188 0.912486 0.887118 2379.000000 1.136874 0.600905
0.862822 0.837045 0.814668 0.795323 0.778708 0.764577 0.752731 0.743009 0.735283 0.729456 0.725455 0.723230 0.722754 0.724022 0.727049 0.731873 0.738551 0.747170 0.757839 0.770700 0.785932 0.803754 0.824434 0.848305 0.875772 0.892678 0.866918 0.844581 0.825304 0.808792 0.794806 0.783149 0.773666 0.766234 0.760759 0.757173 0.755431 0.755514 0.757421 0.761177 0.766826 0.774440 0.784114 0.795975 0.810181 0.826933 0.846474 0.869106 0.895197 0.889833 0.878833 0.870173 0.863742 0.859461 0.857278 0.857165 0.859121 0.863171 0.869363 0.877775 0.888513 0.901716 0.917560 0.936268 0.958111 0.983422 1.000000 0.953552 0.913330 0.878394 0.848000 0.821552 0.798570 0.778663 0.761515 0.746866 0.734506 0.724265 0.716007 0.709625 0.705040 0.702194 0.701053 0.701604 0.703852 0.707825 0.709419 0.704221 0.700774 0.699036 0.698987 0.700626 0.703972 0.709067 0.715973 0.724779 0.735598 0.748575 0.763892 0.781772 0.802488 0.826377 0.853853 0.885424 0.921726 0.963552 0.958457 0.936295 0.917294 0.901176 0.887717 0.876736 0.868088 0.861665 0.857386 0.855200 0.855080 0.857024 0.861056 0.867225 0.875608 0.886310 0.899471 0.915268 0.933918 0.955696 0.926510 0.892457 18683.000000 1.181229 0.868270
0.871298 0.835619 0.804609 0.777624 0.754149 0.733765 0.716134 0.700980 0.688077 0.677242 0.668328 0.661219 0.653971 0.643004 0.633901 0.626541 0.620827 0.616690 0.614076 0.612955 0.613313 0.615155 0.618502 0.623395 0.629896 0.638088 0.648077 0.659999 0.674023 0.690354 0.709248 0.731016 0.756041 0.784797 0.817877 0.856020 0.900170 0.951538 1.000000 0.975588 0.954585 0.936675 0.921605 0.909168 0.899199 0.891571 0.886189 0.882985 0.881921 0.882985 0.886189 0.891571 0.899199 0.909168 0.921605 0.936675 0.954585 0.975588 1.000000 0.944330 0.893578 0.849947 0.812244 0.779541 0.751110 0.726368 0.704848 0.686171 0.670032 0.656179 0.644407 0.634553 0.626482 0.620089 0.615292 0.612032 0.610269 0.609981 0.611165 0.613835 0.618025 0.623210 0.628698 0.635829 0.644694 0.655412 0.668128 0.683026 0.700330 0.720313 0.743313 0.769746 0.800127 0.834942 0.831549 0.830176 0.830805 0.833445 0.838127 0.844909 0.853876 0.865141 0.878853 0.895198 0.914408 0.936766 0.962622 0.941738 0.920243 0.901832 0.886236 0.873239 0.862665 0.854378 0.848273 0.844274 0.842332 0.842424 0.844551 0.848739 0.855038 0.863527 0.874314 0.887540 0.903381 0.922059 0.943849 0.912456 3669.000000 1.217634 0.834355
0.915297 0.900935 0.868246 0.839799 0.815058 0.793590 0.775043 0.759130 0.745618 0.734317 0.725073 0.717768 0.712306 0.708622 0.706669 0.706424 0.692589 0.680060 0.669561 0.660950 0.654113 0.648963 0.645437 0.643490 0.643100 0.644262 0.646989 0.651315 0.657293 0.665000 0.674533 0.686020 0.699620 0.705845 0.707488 0.710856 0.715988 0.722950 0.731828 0.742739 0.755829 0.771280 0.789316 0.810216 0.834316 0.862035 0.893886 0.930509 0.972705 1.000000 0.956857 0.919406 0.886832 0.858485 0.833840 0.812474 0.794040 0.778257 0.764897 0.753773 0.744736 0.737669 0.732483 0.729114 0.727520 0.727682 0.729603 0.733305 0.738834 0.746258 0.755672 0.767198 0.757529 0.740102 0.725166 0.712504 0.701938 0.693327 0.686559 0.681548 0.678231 0.676569 0.676540 0.678145 0.681404 0.686355 0.693060 0.701605 0.712100 0.724686 0.739539 0.756875 0.776959 0.800119 0.826755 0.857362 0.844572 0.821591 0.801708 0.784610 0.770043 0.757799 0.747712 0.739647 0.733504 0.729203 0.726694 0.725944 0.726946 0.729710 0.734271 0.740686 0.749033 0.759422 0.771988 0.786906 0.804386 0.805576 0.804825 0.806016 0.809162 0.814302 0.821500 0.830845 0.842458 0.856494 0.873144 0.892647 4980.000000 1.188204 0.869838
0.755399 0.775355 0.798370 0.824841 0.855259 0.856706 0.815950 0.780691 0.750085 0.723465 0.700299 0.680158 0.662696 0.647629 0.634727 0.623802 0.614703 0.607307 0.601519 0.597266 0.594495 0.596003 0.606329 0.618536 0.632800 0.649339 0.668419 0.690368 0.715590 0.744586 0.777985 0.813322 0.776425 0.744447 0.716656 0.692474 0.671435 0.653164 0.637356 0.623763 0.612181 0.602446 0.594425 0.588013 0.583128 0.579892 0.586379 0.594462 0.604247 0.615867 0.629490 0.645319 0.663604 0.684654 0.708845 0.736649 0.768651 0.805588 0.848401 0.898306 0.956898 1.000000 0.923338 0.859517 0.805763 0.760061 0.720908 0.687166 0.657955 0.632588 0.610521 0.591318 0.574628 0.560167 0.547704 0.537048 0.528047 0.522638 0.527134 0.533003 0.540321 0.549184 0.559713 0.572059 0.586407 0.602983 0.622065 0.643996 0.669202 0.698212 0.731694 0.770498 0.815723 0.868812 0.869131 0.831419 0.798687 0.770221 0.745447 0.723908 0.705229 0.689108 0.675299 0.663599 0.653846 0.645909 0.639685 0.635096 0.632083 0.630611 0.630662 0.632236 0.635352 0.640049 0.646384 0.654439 0.664317 0.676152 0.675900 0.675811 0.677353 0.680546 0.685428 0.692061 0.700526 0.710936 0.723428 0.738178 1002.000000 1.081089 0.704794
0.901756 0.956549 0.919909 0.880637 0.846536 0.816873 0.791059 0.768622 0.749177 0.732413 0.718075 0.705955 0.695886 0.687734 0.681394 0.676784 0.673849 0.672553 0.672880 0.674833 0.678437 0.683736 0.690795 0.699705 0.710582 0.723573 0.738862 0.756672 0.735433 0.708140 0.684390 0.663728 0.645788 0.630270 0.616932 0.605576 0.596040 0.588194 0.581937 0.577187 0.573885 0.571991 0.571481 0.572350 0.574608 0.578283 0.583419 0.590082 0.598357 0.608354 0.620210 0.634095 0.650219 0.668837 0.690264 0.714890 0.743194 0.775778 0.813399 0.857025 0.907907 0.967690 1.000000 0.942841 0.893900 0.851740 0.815254 0.783575 0.756019 0.732039 0.711194 0.693127 0.677547 0.664217 0.652944 0.643572 0.635975 0.630056 0.625740 0.622972 0.621721 0.621970 0.623722 0.626999 0.631841 0.638308 0.646482 0.656470 0.668407 0.682461 0.698838 0.717793 0.739636 0.764750 0.793608 0.825472 0.789037 0.757429 0.729948 0.706032 0.685231 0.667183 0.651591 0.638213 0.626853 0.617351 0.609580 0.603438 0.598847 0.595749 0.594107 0.593901 0.595129 0.597804 0.601961 0.607650 0.614943 0.623934 0.634744 0.647523 0.662456 0.679770 0.699744 0.722722 0.749125 0.779480 0.814444 0.854848 1582.000000 1.272220 0.758411
0.951019 0.908699 0.871996 0.840089 0.812322 0.788170 0.767207 0.749088 0.733532 0.720309 0.709233 0.700153 0.692951 0.687535 0.683837 0.681813 0.681438 0.682707 0.685636 0.690260 0.696636 0.704845 0.714993 0.727215 0.741680 0.758596 0.778221 0.800869 0.826926 0.856870 0.891291 0.930930 0.899792 0.864161 0.833174 0.806208 0.782760 0.762422 0.744863 0.729813 0.717052 0.706403 0.697721 0.690894 0.685836 0.682484 0.680797 0.680754 0.682354 0.685618 0.690584 0.697316 0.705897 0.716439 0.729085 0.744009 0.761429 0.781613 0.804889 0.831658 0.862417 0.897786 0.924777 0.888459 0.856873 0.829385 0.805486 0.784763 0.766881 0.751566 0.738595 0.727788 0.718999 0.712116 0.707050 0.703739 0.702143 0.702241 0.704037 0.707550 0.712824 0.719925 0.728943 0.739995 0.753229 0.768832 0.787031 0.808106 0.832401 0.860340 0.892443 0.929361 0.959264 0.911192 0.869704 0.833751 0.802509 0.775324 0.751671 0.731129 0.713352 0.698061 0.685027 0.674066 0.665026 0.657790 0.652263 0.648378 0.646086 0.645359 0.646189 0.648586 0.652578 0.658216 0.665569 0.674732 0.685826 0.699003 0.714451 0.732402 0.753140 0.777012 0.804449 0.835982 0.872274 0.914164 0.962716 1.000000 2691.000000 1.053939 0.781745
0.820196 0.878480 0.948140 1.000000 0.916946 0.848517 0.791366 0.743105 0.701986 0.666701 0.636253 0.609870 0.586945 0.566998 0.549642 0.534568 0.521520 0.510295 0.500723 0.492669 0.486023 0.480695 0.476620 0.473744 0.472033 0.471466 0.472037 0.473751 0.476631 0.480710 0.486042 0.492693 0.500752 0.510328 0.521559 0.534613 0.549694 0.567058 0.587014 0.609949 0.636344 0.666807 0.702109 0.743248 0.791534 0.848717 0.917187 0.981941 0.909137 0.848286 0.796869 0.753040 0.715414 0.682936 0.654788 0.630327 0.609042 0.590523 0.574441 0.560526 0.548559 0.538363 0.529791 0.522728 0.517080 0.512775 0.509759 0.507995 0.507461 0.508152 0.510074 0.513253 0.517726 0.523551 0.530801 0.539573 0.549987 0.562192 0.576371 0.592749 0.611601 0.633267 0.658169 0.686832 0.719918 0.758272 0.802987 0.855495 0.917716 0.898264 0.836819 0.785012 0.740927 0.703134 0.670546 0.642324 0.617810 0.596483 0.577924 0.561799 0.547832 0.535803 0.525529 0.516864 0.509688 0.503906 0.499443 0.496243 0.494268 0.493492 0.493906 0.495517 0.498342 0.502416 0.507792 0.514536 0.522739 0.532511 0.543990 0.557348 0.572793 0.590582 0.611030 0.634528 0.661564 0.692749 0.728862 0.770907 4064.000000 1.090521 0.602895
0.810432 0.863060 0.925381 1.000000 0.980652 0.919581 0.867638 0.823126 0.784757 0.751536 0.722683 0.697582 0.675740 0.656758 0.640313 0.626144 0.614036 0.603814 0.595337 0.588493 0.583194 0.579373 0.576982 0.575993 0.576394 0.578189 0.581400 0.586067 0.592247 0.600021 0.609489 0.620780 0.634053 0.649506 0.667378 0.687967 0.711634 0.738832 0.727855 0.710798 0.696160 0.683728 0.673325 0.664811 0.658076 0.653033 0.649620 0.647795 0.647536 0.648839 0.651721 0.656217 0.662382 0.670294 0.680055 0.691796 0.705679 0.721906 0.740724 0.762434 0.787410 0.768538 0.743874 0.722430 0.703836 0.687790 0.674048 0.662408 0.652709 0.644821 0.638642 0.634093 0.631118 0.629681 0.629763 0.631368 0.634512 0.639237 0.645598 0.653679 0.663583 0.675444 0.689428 0.705739 0.724629 0.746406 0.771448 0.800223 0.833314 0.871449 0.915553 0.863361 0.810688 0.765811 0.727302 0.694073 0.665280 0.640262 0.618493 0.599553 0.583101 0.568862 0.556611 0.546164 0.537373 0.530117 0.524301 0.519850 0.516708 0.514837 0.514214 0.514831 0.516695 0.519830 0.524274 0.530083 0.537331 0.546114 0.556551 0.568792 0.583021 0.599460 0.618386 0.640139 0.665139 0.693910 0.727114 0.765592 3946.000000 1.179750 0.736076
0.867025 0.863827 0.862723 0.863700 0.866770 0.871969 0.879363 0.889044 0.901135 0.915796 0.933227 0.953677 0.977450 0.975137 0.938442 0.906514 0.878733 0.854603 0.833717 0.815746 0.800421 0.787523 0.776876 0.768340 0.761804 0.757188 0.754433 0.753508 0.754400 0.757119 0.761701 0.754749 0.739026 0.725658 0.714455 0.705266 0.697971 0.692476 0.688713 0.686636 0.686220 0.687459 0.690369 0.694985 0.701365 0.709587 0.719760 0.732017 0.746529 0.763505 0.761304 0.759363 0.759256 0.760983 0.764563 0.770041 0.777484 0.786987 0.798673 0.812699 0.829260 0.848597 0.871005 0.896849 0.926573 0.960728 1.000000 0.990751 0.961563 0.936236 0.914356 0.895583 0.879642 0.866309 0.855404 0.846785 0.840342 0.835995 0.833691 0.833402 0.835125 0.835371 0.822475 0.811897 0.803498 0.797172 0.792841 0.790450 0.789971 0.791397 0.794747 0.800061 0.807405 0.807679 0.785416 0.766144 0.749557 0.735408 0.723493 0.713650 0.705749 0.699688 0.695391 0.692806 0.691900 0.692664 0.695105 0.699254 0.705162 0.712903 0.722575 0.734307 0.748259 0.764629 0.783661 0.788718 0.785058 0.783310 0.783454 0.785490 0.789443 0.795363 0.803321 0.813420 0.825791 0.840600 0.858055 0.872356 517.500000 1.262690 0.906379
0.914443 0.886997 0.863169 0.842564 0.824861 0.809797 0.797160 0.786777 0.778513 0.772261 0.767945 0.765510 0.764928 0.766191 0.769314 0.774337 0.781319 0.790351 0.801547 0.815057 0.831066 0.849805 0.871557 0.896668 0.925565 0.958774 0.994905 0.951824 0.914431 0.881909 0.853606 0.828999 0.807662 0.789249 0.773479 0.760122 0.748993 0.739941 0.732851 0.727631 0.724217 0.722567 0.722663 0.724503 0.728112 0.733533 0.740833 0.750106 0.761471 0.775082 0.791128 0.809846 0.831522 0.856511 0.885247 0.918267 0.956239 1.000000 0.973999 0.942382 0.914888 0.891038 0.870444 0.852789 0.837813 0.825309 0.815107 0.807075 0.801110 0.797140 0.795114 0.795009 0.796824 0.800580 0.806324 0.814125 0.824084 0.836330 0.851026 0.868377 0.888635 0.887140 0.866000 0.847839 0.832388 0.819429 0.808786 0.800319 0.793921 0.789511 0.787035 0.786463 0.787789 0.791028 0.796220 0.803428 0.812745 0.824289 0.838214 0.854712 0.874020 0.895923 0.871347 0.850076 0.831774 0.816169 0.803038 0.792201 0.783514 0.776868 0.772177 0.769386 0.768459 0.769386 0.772177 0.776868 0.783514 0.792201 0.803038 0.816169 0.831774 0.850076 0.871347 0.895923 0.924218 0.956738 0.982252 0.945995 1620.500000 1.053501 0.851871
0.671409 0.657494 0.645667 0.635763 0.627648 0.621214 0.616381 0.613089 0.611296 0.610981 0.612140 0.614788 0.618956 0.624697 0.632082 0.641207 0.652193 0.665193 0.680394 0.698027 0.718375 0.741786 0.768688 0.799613 0.823641 0.802589 0.784430 0.768885 0.755730 0.744781 0.735893 0.728949 0.723863 0.720572 0.719034 0.719232 0.721168 0.724866 0.730370 0.737749 0.747097 0.758536 0.772220 0.742023 0.706548 0.675863 0.649231 0.626070 0.605914 0.588389 0.573191 0.560073 0.548835 0.539313 0.531374 0.524912 0.519842 0.516100 0.513641 0.512433 0.512463 0.513731 0.516252 0.520056 0.525192 0.531724 0.539737 0.549339 0.560664 0.573877 0.587232 0.592878 0.600093 0.608971 0.619631 0.632221 0.646924 0.663965 0.683620 0.706226 0.732204 0.762071 0.796479 0.836251 0.882442 0.936421 1.000000 0.981802 0.915985 0.860380 0.812986 0.772305 0.737192 0.706761 0.680318 0.657308 0.637289 0.619902 0.604857 0.591918 0.580890 0.571618 0.563975 0.557859 0.553193 0.549919 0.547282 0.545670 0.545378 0.546401 0.548753 0.552462 0.557573 0.564152 0.572283 0.582075 0.593663 0.607214 0.622934 0.641075 0.661946 0.685931 0.713502 0.745254 0.752830 0.727985 0.706375 0.687619 7493.500000 1.310517 0.769887
0.916507 0.911106 0.903091 0.897359 0.893839 0.892488 0.893290 0.896254 0.901417 0.908842 0.918622 0.930882 0.945782 0.963526 0.984366 0.988686 0.938982 0.896092 0.858929 0.826637 0.798539 0.774092 0.752857 0.734479 0.718666 0.705183 0.693837 0.684474 0.676969 0.671226 0.667173 0.664761 0.663961 0.664761 0.667173 0.669903 0.660094 0.652117 0.645868 0.641267 0.638258 0.636805 0.636889 0.638511 0.641692 0.646469 0.652903 0.661075 0.671091 0.683086 0.697228 0.713724 0.732828 0.754851 0.780176 0.809277 0.842742 0.881309 0.925912 0.948833 0.931001 0.915993 0.903603 0.893668 0.886061 0.880686 0.877477 0.876394 0.877426 0.880584 0.885907 0.893460 0.903337 0.915667 0.930610 0.948372 0.969205 0.993421 1.000000 0.947305 0.901949 0.862721 0.828677 0.799069 0.773303 0.750899 0.731469 0.714698 0.700328 0.688149 0.677992 0.669721 0.663228 0.658430 0.655268 0.652393 0.646605 0.642453 0.639886 0.638873 0.639400 0.641475 0.645123 0.650388 0.657337 0.666057 0.676664 0.689302 0.704150 0.721427 0.741405 0.764415 0.790865 0.785844 0.780144 0.776383 0.774515 0.774517 0.776390 0.780156 0.785861 0.793576 0.803399 0.815457 0.829912 0.846966 0.866868 0.889924 5567.000000 1.318467 0.856688
0.809089 0.828859 0.851721 0.878057 0.872201 0.827324 0.788646 0.755161 0.726081 0.700784 0.678770 0.659638 0.643061 0.628775 0.616563 0.606249 0.597691 0.590774 0.586345 0.584701 0.584470 0.585649 0.588254 0.592314 0.597882 0.605027 0.613841 0.624443 0.636978 0.651629 0.668619 0.688221 0.710771 0.736683 0.766473 0.800784 0.833990 0.817150 0.802872 0.790957 0.781246 0.773611 0.767956 0.764211 0.762330 0.762290 0.764090 0.767753 0.773324 0.780870 0.790489 0.802304 0.816475 0.833199 0.852719 0.875336 0.901415 0.916300 0.889375 0.866013 0.845833 0.828522 0.813827 0.801542 0.791500 0.783572 0.777655 0.773677 0.771589 0.771365 0.767084 0.732622 0.702744 0.676774 0.654175 0.634515 0.617447 0.602687 0.590004 0.579211 0.570154 0.562711 0.556784 0.552297 0.549194 0.547687 0.550033 0.553740 0.558853 0.565435 0.573573 0.583375 0.594975 0.608542 0.624282 0.642446 0.663344 0.687359 0.714966 0.746757 0.783483 0.826100 0.875852 0.934376 1.000000 0.957750 0.921055 0.889131 0.861351 0.837211 0.816299 0.798283 0.782891 0.769900 0.759133 0.750445 0.743726 0.738890 0.735878 0.734653 0.735200 0.737526 0.741659 0.747650 0.755574 0.765532 0.777654 0.792105 985.000000 1.102848 0.799378
0.706239 0.736017 0.770355 0.801601 0.778147 0.757800 0.740227 0.725159 0.712374 0.701693 0.692972 0.686098 0.680983 0.677564 0.675800 0.675668 0.677167 0.680315 0.685152 0.691735 0.700150 0.710504 0.722938 0.737622 0.754772 0.720953 0.679416 0.643872 0.613266 0.586787 0.563802 0.543810 0.526413 0.511287 0.498173 0.486859 0.477171 0.468969 0.462138 0.456588 0.452246 0.449058 0.446984 0.445998 0.446089 0.447257 0.449518 0.452898 0.457439 0.463200 0.470255 0.478699 0.488651 0.500256 0.513694 0.529183 0.546995 0.567461 0.590998 0.618125 0.649503 0.685978 0.728652 0.778990 0.838970 0.911336 1.000000 0.979953 0.910925 0.852901 0.803647 0.761505 0.725223 0.693837 0.666593 0.642899 0.622279 0.604351 0.588806 0.575392 0.563904 0.554175 0.546069 0.539477 0.534315 0.530516 0.528034 0.526838 0.526915 0.528264 0.530903 0.534863 0.540193 0.546962 0.555257 0.565191 0.576901 0.590560 0.606377 0.624611 0.645580 0.669674 0.668890 0.647851 0.629566 0.613723 0.600067 0.588392 0.578531 0.570346 0.563728 0.558592 0.554874 0.552527 0.551523 0.551850 0.553511 0.556527 0.560935 0.566790 0.574166 0.583160 0.593893 0.606518 0.621220 0.638229 0.657824 0.680352 1863.500000 1.475327 0.718090
0.691963 0.676188 0.662677 0.651234 0.641698 0.633944 0.627868 0.623396 0.620471 0.619058 0.619140 0.620717 0.623809 0.628453 0.634708 0.642652 0.652389 0.664050 0.664491 0.650168 0.637953 0.627674 0.619188 0.612384 0.607175 0.603496 0.601301 0.600563 0.601273 0.603441 0.607093 0.612273 0.619046 0.627499 0.637744 0.649921 0.664203 0.680804 0.682164 0.668158 0.656265 0.646318 0.638182 0.631752 0.626945 0.623702 0.621983 0.621768 0.614507 0.594024 0.576207 0.560738 0.547362 0.535871 0.526093 0.517892 0.511154 0.505793 0.501738 0.498941 0.497367 0.496996 0.497823 0.499860 0.503131 0.507675 0.513552 0.520835 0.529622 0.540033 0.550046 0.560385 0.572526 0.586649 0.602976 0.621779 0.643392 0.668229 0.696807 0.729775 0.767960 0.812426 0.864569 0.926249 1.000000 0.934513 0.839528 0.763740 0.702053 0.651038 0.608301 0.572123 0.541237 0.514691 0.491757 0.471868 0.454577 0.446906 0.441382 0.437032 0.433803 0.431653 0.430556 0.430499 0.431482 0.433516 0.436626 0.440850 0.446243 0.452874 0.460397 0.468801 0.478693 0.490217 0.503552 0.518919 0.536586 0.556888 0.580239 0.607160 0.638314 0.674551 0.716981 0.767080 0.783437 0.755574 0.731326 0.710243 1214.500000 1.157470 0.707447
0.822462 0.840982 0.862480 0.887300 0.915862 0.948686 0.933717 0.916452 0.901948 0.890006 0.880470 0.873218 0.868158 0.865229 0.864395 0.865646 0.868998 0.874490 0.882191 0.892197 0.888253 0.868855 0.852296 0.838337 0.826789 0.817497 0.810342 0.805234 0.802111 0.800933 0.801688 0.804384 0.809053 0.815754 0.824570 0.835613 0.849030 0.865002 0.883756 0.905572 0.930791 0.909722 0.889785 0.872761 0.858405 0.846520 0.836949 0.829567 0.824283 0.821031 0.819772 0.820491 0.823196 0.827919 0.834720 0.843683 0.854922 0.868585 0.884859 0.903973 0.896149 0.871809 0.850753 0.832648 0.817225 0.804265 0.793592 0.785066 0.778576 0.774042 0.771408 0.770642 0.771735 0.774701 0.779574 0.786416 0.795311 0.806376 0.819755 0.835632 0.854235 0.875844 0.900801 0.929526 0.962539 1.000000 0.968489 0.941101 0.917369 0.896912 0.879420 0.864640 0.852368 0.842441 0.834730 0.829139 0.825597 0.824063 0.824516 0.826964 0.831435 0.837985 0.846694 0.857674 0.871069 0.887060 0.905872 0.927783 0.905482 0.878273 0.854651 0.834223 0.816671 0.801734 0.789200 0.778900 0.770698 0.764489 0.760197 0.757767 0.757172 0.758402 0.761475 0.766426 0.773318 0.782235 0.793295 0.806643 2304.500000 1.070741 0.894964
0.826864 0.855041 0.887420 0.924663 0.967601 1.000000 0.962811 0.930450 0.902296 0.877849 0.856701 0.838521 0.823038 0.810032 0.799327 0.790781 0.784285 0.779759 0.777146 0.776414 0.777555 0.780583 0.785535 0.792471 0.801478 0.812673 0.826204 0.802976 0.781376 0.762698 0.746648 0.732989 0.721528 0.712108 0.704608 0.698929 0.695003 0.692780 0.692234 0.693357 0.696164 0.700689 0.706987 0.715138 0.725246 0.737447 0.751907 0.768835 0.788486 0.811174 0.837282 0.867287 0.901774 0.941480 0.913386 0.884656 0.859687 0.838053 0.819406 0.803464 0.789998 0.778820 0.769784 0.762771 0.757693 0.754489 0.753118 0.753564 0.755833 0.759951 0.765970 0.773965 0.784037 0.796318 0.810976 0.828215 0.848291 0.871517 0.898275 0.929037 0.902277 0.873988 0.849402 0.828103 0.809749 0.794062 0.780816 0.769830 0.760956 0.754080 0.749116 0.746002 0.744701 0.745196 0.747494 0.751623 0.757632 0.765598 0.775622 0.787834 0.802402 0.819529 0.839471 0.862536 0.843319 0.816665 0.793496 0.773418 0.756108 0.741302 0.728787 0.718389 0.709970 0.703421 0.698660 0.695627 0.694286 0.694620 0.696634 0.700351 0.705818 0.713102 0.722296 0.733521 0.746928 0.762706 0.781087 0.802356 516.000000 1.128572 0.849676
