60
1000 1000
7 41 64 47 49 65 54 72 67 63 88 51 83 43 77
5 19 147 129 112 155 187 118 260 31 221
4 90 0 131 65 104 102 43 66
7 12 40 58 15 83 18 116 58 97 97 49 89 20 86
6 25 -10 70 0 74 33 61 62 21 74 -26 40
8 -4 6 21 -4 37 9 49 34 33 48 12 61 4 47 -10 31
5 75 51 126 23 176 81 124 176 76 120
3 16 -20 65 22 16 49
5 -18 15 30 12 48 39 26 53 1 48
5 55 79 79 76 121 99 85 129 45 119
7 34 33 54 16 72 29 82 46 85 61 63 67 35 59
8 22 103 55 81 103 88 104 139 85 164 48 168 11 172 15 139
7 -1 45 50 31 74 29 87 51 74 98 38 113 17 72
8 16 7 35 -4 41 14 53 17 46 37 31 46 17 42 14 23
5 41 34 71 27 102 50 66 65 38 69
3 34 21 79 42 40 64
5 114 45 180 -2 200 69 184 143 107 113
7 11 34 26 25 45 25 42 42 38 49 25 54 16 44
4 233 32 343 112 226 186 106 124
6 -22 91 33 40 87 42 124 103 92 179 12 192
5 10 34 43 16 46 40 33 67 -4 61
3 116 18 218 78 109 110
4 94 130 142 95 197 125 148 202
6 48 94 67 89 88 109 82 140 49 125 28 115
5 122 80 214 78 274 159 212 204 146 173
6 -14 36 0 17 28 18 45 40 26 55 0 73
3 42 8 86 51 51 72
7 10 20 36 -8 59 13 90 40 69 62 36 61 3 48
3 159 121 213 167 152 197
7 124 70 132 12 177 57 200 81 198 122 146 138 93 122
7 12 6 33 -6 74 -7 65 27 65 53 42 57 23 34
8 79 36 97 17 117 18 131 49 124 76 96 90 66 72 66 54
7 12 18 17 11 32 12 44 22 30 38 17 37 15 28
4 52 105 100 78 168 100 101 155
8 75 106 102 81 134 74 166 72 194 101 171 141 140 151 106 157
7 -3 49 38 0 74 22 111 70 68 110 38 139 -24 90
3 39 10 74 28 36 52
6 7 31 13 19 31 20 43 29 29 47 10 49
3 138 55 215 103 113 173
7 48 16 67 7 85 13 91 22 81 48 66 49 51 33
7 24 62 44 55 60 58 71 71 63 89 41 95 25 87
8 75 80 84 64 94 56 118 64 112 82 114 97 97 101 80 100
3 37 19 93 40 38 65
5 10 38 56 23 67 60 52 91 8 87
8 8 43 25 37 48 40 46 56 42 73 23 87 18 68 8 60
8 -19 25 10 7 26 -1 50 4 75 39 49 54 32 58 12 52
7 4 85 44 67 84 84 89 120 75 159 45 155 -2 148
6 37 37 32 10 66 11 96 41 76 67 30 76
3 12 1 62 16 17 37
5 30 49 50 31 55 58 42 71 20 76
7 43 49 56 42 74 41 87 60 71 73 60 77 40 67
3 89 133 151 204 88 265
5 4 16 37 -2 42 28 38 55 2 39
3 7 19 57 37 2 60
8 7 -3 25 -4 45 -1 50 9 45 28 24 34 11 28 -2 14
8 32 28 55 21 89 9 85 54 80 70 64 93 19 76 3 51
8 64 64 109 60 150 65 189 112 144 170 108 188 63 169 10 123
8 6 -13 39 -1 61 -7 61 27 68 69 32 51 10 46 -9 30
7 15 168 85 152 125 152 174 206 131 262 74 261 64 213
8 0 8 25 3 37 -3 49 1 57 15 56 31 33 40 19 40
