40
1000 1000
4 137 40 194 121 129 161 78 111
7 17 13 29 4 40 10 49 22 39 34 29 40 16 32
7 20 15 41 -3 62 3 66 25 65 45 39 55 33 34
8 20 56 75 58 129 62 135 108 128 151 80 198 26 172 -2 118
4 34 88 135 26 256 82 152 185
7 -22 34 5 -12 62 2 68 49 55 71 24 81 -17 67
3 32 4 70 42 20 74
8 10 34 10 24 18 15 36 16 34 35 29 46 24 58 6 54
7 4 10 9 3 24 6 28 18 20 27 10 30 -3 22
5 62 42 120 7 154 72 117 125 50 98
6 19 -8 40 -4 41 17 43 34 18 37 10 18
4 11 41 43 26 73 38 45 61
6 63 136 83 86 166 72 226 128 155 196 97 209
8 66 113 113 99 160 128 201 165 151 193 111 192 70 219 47 172
5 37 47 74 29 98 60 72 86 52 72
4 36 38 60 12 111 49 65 92
8 16 33 29 19 43 20 48 37 38 49 30 59 12 61 5 43
8 -9 -1 42 -6 69 3 102 36 79 72 30 85 1 69 -19 42
4 59 -8 96 34 54 82 10 40
4 28 6 62 30 29 47 1 28
8 38 23 75 -16 117 -5 124 36 93 80 76 84 23 88 27 42
8 -3 12 19 3 24 14 30 23 22 33 14 50 1 39 -13 26
7 -4 40 10 29 35 33 42 51 33 73 16 64 -1 67
6 121 65 153 46 181 95 160 133 111 123 103 98
3 43 5 106 24 34 70
3 224 53 338 115 227 157
7 1 12 11 4 21 7 30 21 33 39 3 43 3 26
4 182 216 226 158 266 206 240 305
3 19 54 82 98 14 149
7 1 189 76 170 125 168 169 245 137 311 73 290 11 269
4 43 8 59 23 39 43 7 31
3 50 60 236 161 70 221
5 17 39 80 31 107 72 82 93 21 98
8 13 17 17 1 35 -6 48 -2 56 19 55 47 37 47 21 28
5 66 66 95 59 98 81 95 104 69 88
6 186 147 201 116 246 122 254 152 248 189 181 199
5 113 64 142 66 156 81 155 123 119 101
5 15 30 57 1 56 48 49 87 1 68
8 9 54 8 28 34 29 59 37 70 51 59 84 32 79 14 83
8 3 11 18 6 38 7 37 27 36 40 18 45 11 37 8 25
