30
1000 1000
7 33 61 70 34 96 56 125 76 107 128 67 121 39 99
7 38 46 62 14 99 16 121 64 88 98 60 89 40 72
6 24 30 50 -1 85 0 90 37 80 51 43 75
6 45 86 85 84 123 131 87 177 30 165 2 139
3 21 10 96 32 7 81
8 29 12 70 21 91 26 121 44 95 90 72 97 21 83 12 61
7 -9 10 11 5 24 8 44 14 30 41 11 34 -13 31
4 34 27 47 64 30 76 4 66
4 63 6 95 27 61 61 25 34
8 66 38 87 29 106 42 119 58 120 81 90 77 76 75 69 58
3 75 52 187 124 98 174
8 33 94 110 81 168 112 209 152 159 210 108 233 60 219 60 160
3 12 14 63 32 17 69
3 153 266 260 310 144 365
3 14 19 119 91 11 162
7 46 62 99 38 152 35 214 79 150 151 98 161 46 129
7 0 3 12 0 30 2 29 15 29 25 11 28 4 22
3 64 97 122 113 64 144
4 66 37 151 72 78 132 -5 97
4 0 97 56 36 135 84 40 187
3 35 0 95 26 38 61
3 20 -3 44 17 14 43
4 15 16 33 -7 70 17 33 49
4 29 -28 100 25 28 91 2 41
7 74 194 114 196 159 198 186 237 164 278 107 288 95 252
6 -31 81 24 28 111 49 166 82 103 191 35 171
5 33 44 60 38 76 59 57 76 28 77
6 9 1 23 -4 45 11 20 26 11 25 -11 15
3 142 166 205 203 137 240
3 14 13 65 34 20 54
