0.653302 0.617801 0.587301 0.560959 0.538120 0.518267 0.500991 0.485962 0.472915 0.461633 0.451941 0.443693 0.436775 0.431092 0.426570 0.423150 0.420790 0.419461 0.419147 0.419845 0.421561 0.424319 0.428151 0.433106 0.439247 0.446656 0.455436 0.465713 0.477641 0.491411 0.507256 0.525466 0.546398 0.570497 0.598329 0.630612 0.668279 0.712558 0.765095 0.828149 0.904906 1.000000 0.984693 0.908578 0.845276 0.792005 0.746742 0.707986 0.674600 0.645706 0.620619 0.598797 0.579807 0.563300 0.548993 0.536655 0.526100 0.517173 0.509752 0.503737 0.499051 0.495634 0.493444 0.492455 0.492654 0.494044 0.496641 0.500478 0.505603 0.512080 0.519993 0.529451 0.540586 0.553561 0.568578 0.585884 0.605781 0.628644 0.654941 0.685257 0.720335 0.761131 0.808891 0.815578 0.769373 0.729787 0.695668 0.666131 0.640480 0.618165 0.598746 0.581870 0.567248 0.554646 0.543873 0.534775 0.527226 0.521125 0.516393 0.512971 0.510816 0.509903 0.510220 0.511771 0.514575 0.518666 0.524095 0.530932 0.539266 0.549210 0.560905 0.574522 0.590275 0.608422 0.629285 0.653259 0.680838 0.712640 0.749453 0.792288 0.842470 0.901758 0.972542 0.961428 0.873953 0.802840 0.744088 0.694907 1723.500000 1.294181 0.589514
0.816172 0.870620 0.935266 1.000000 0.915906 0.846741 0.789055 0.740398 0.698979 0.663463 0.632832 0.606301 0.583253 0.563201 0.545753 0.530593 0.517466 0.506162 0.496512 0.488378 0.481648 0.476232 0.472061 0.469084 0.467262 0.466573 0.467011 0.468578 0.471296 0.475197 0.480330 0.486760 0.494573 0.503874 0.514795 0.527500 0.542186 0.559100 0.578541 0.600883 0.602295 0.594050 0.587424 0.582331 0.578708 0.576510 0.575710 0.576299 0.578284 0.581689 0.586555 0.592944 0.600937 0.610640 0.622186 0.635737 0.651496 0.669710 0.690684 0.714792 0.742497 0.774377 0.811160 0.853770 0.903402 0.852000 0.803556 0.762062 0.726307 0.695357 0.668481 0.645101 0.624757 0.607073 0.591750 0.578541 0.567245 0.557699 0.549772 0.543358 0.538374 0.534757 0.532463 0.531463 0.531745 0.533313 0.536186 0.540399 0.546005 0.553074 0.561700 0.571999 0.584116 0.598230 0.614560 0.633376 0.652938 0.629004 0.608177 0.590060 0.574336 0.560743 0.549071 0.539147 0.530832 0.524013 0.518600 0.514525 0.511736 0.510200 0.509898 0.510827 0.512996 0.516434 0.521182 0.527300 0.534868 0.543985 0.554779 0.567404 0.582051 0.598957 0.618408 0.640760 0.666454 0.696042 0.730221 0.769879 6666.000000 1.550788 0.708700
0.968600 1.000000 0.991091 0.968212 0.948598 0.931964 0.918077 0.906750 0.897835 0.891221 0.886824 0.884591 0.884494 0.886533 0.890732 0.897143 0.905844 0.916947 0.930595 0.911121 0.885257 0.862841 0.843515 0.826983 0.813009 0.801397 0.791994 0.784677 0.779354 0.775960 0.774453 0.774814 0.777049 0.781184 0.787271 0.795384 0.798570 0.793544 0.790474 0.789322 0.790073 0.792738 0.797348 0.803960 0.812657 0.823550 0.836782 0.852534 0.871028 0.892541 0.917410 0.946048 0.971507 0.959766 0.950569 0.943798 0.939370 0.937231 0.937354 0.939742 0.944423 0.951454 0.960923 0.972950 0.984793 0.957750 0.934343 0.914203 0.897028 0.882574 0.870642 0.861075 0.853751 0.848577 0.845490 0.844453 0.845452 0.848500 0.853635 0.860918 0.859773 0.843742 0.830261 0.819147 0.810253 0.803464 0.798697 0.795891 0.795015 0.796055 0.799026 0.803963 0.810927 0.820006 0.831316 0.845006 0.861264 0.880322 0.902467 0.899930 0.889502 0.881411 0.875557 0.871866 0.870294 0.870822 0.873456 0.878228 0.885197 0.888639 0.872540 0.859047 0.847976 0.839183 0.832555 0.828011 0.825493 0.824973 0.826442 0.829920 0.835449 0.843096 0.852958 0.865163 0.879873 0.897290 0.917667 0.941310 648.500000 1.092617 0.925953
0.778520 0.746576 0.718813 0.694655 0.673638 0.655388 0.639601 0.626029 0.614471 0.604763 0.596771 0.590392 0.585544 0.582165 0.580215 0.579670 0.580524 0.582785 0.586483 0.591663 0.597233 0.582485 0.569787 0.558949 0.549815 0.542260 0.536184 0.531509 0.528177 0.526145 0.525390 0.525902 0.527688 0.530769 0.535183 0.540985 0.548250 0.557073 0.567574 0.579902 0.594241 0.610817 0.620653 0.626918 0.634856 0.644571 0.656193 0.669886 0.685849 0.704330 0.725631 0.750124 0.778269 0.810637 0.847946 0.891105 0.941282 1.000000 0.955675 0.848266 0.764217 0.696849 0.641817 0.596173 0.557844 0.525335 0.497539 0.473620 0.467053 0.464986 0.464050 0.464234 0.465540 0.467984 0.471596 0.476420 0.482519 0.489972 0.498879 0.509367 0.521587 0.535731 0.552031 0.570772 0.592307 0.617075 0.645629 0.669356 0.657441 0.647476 0.639326 0.632884 0.628069 0.624820 0.623098 0.622882 0.624169 0.626976 0.631335 0.637301 0.644950 0.654380 0.665718 0.679121 0.694782 0.689306 0.676972 0.666649 0.658198 0.651509 0.646496 0.643097 0.641271 0.640995 0.642265 0.645098 0.649528 0.655609 0.663418 0.673057 0.684654 0.698369 0.714401 0.732994 0.754447 0.779126 0.807486 0.815371 3543.000000 1.309938 0.735006
0.894527 0.873183 0.854844 0.839241 0.826151 0.815398 0.806840 0.800367 0.795900 0.793383 0.792786 0.794102 0.797345 0.802557 0.809801 0.819169 0.830781 0.844790 0.861392 0.880823 0.903378 0.929416 0.941459 0.909250 0.881225 0.856878 0.835800 0.817656 0.802175 0.789135 0.778357 0.769699 0.763050 0.758326 0.755468 0.754443 0.755238 0.757861 0.762347 0.768748 0.776238 0.757876 0.742109 0.728704 0.717473 0.708263 0.700953 0.695452 0.691689 0.689619 0.689217 0.690478 0.693417 0.698071 0.704495 0.712773 0.721539 0.727276 0.734889 0.744476 0.756162 0.770105 0.786503 0.805598 0.827686 0.853132 0.882387 0.916003 0.954674 0.999267 1.000000 0.973140 0.949914 0.929959 0.912979 0.898734 0.887032 0.877717 0.870672 0.865808 0.863065 0.862412 0.863838 0.867362 0.873028 0.880903 0.891089 0.901532 0.864164 0.831694 0.803442 0.778860 0.757509 0.739030 0.723132 0.709576 0.698171 0.688759 0.681218 0.675449 0.671381 0.668963 0.668167 0.668982 0.671419 0.675507 0.681296 0.688859 0.692170 0.693040 0.695591 0.699852 0.705877 0.713741 0.723545 0.735419 0.749524 0.766063 0.785282 0.807486 0.833048 0.862426 0.896190 0.935050 0.979901 0.980329 0.947644 0.919211 3877.500000 1.125256 0.860468
0.778057 0.812942 0.853254 0.900054 0.912763 0.887197 0.865051 0.845973 0.829673 0.815919 0.804519 0.795323 0.788213 0.783098 0.779916 0.778628 0.756725 0.711637 0.673151 0.640076 0.611504 0.586726 0.565187 0.546443 0.530139 0.515986 0.503751 0.493244 0.484309 0.476821 0.470677 0.465797 0.462119 0.459598 0.458201 0.457913 0.458580 0.460122 0.462792 0.466625 0.471667 0.477983 0.485657 0.494793 0.505520 0.517998 0.532423 0.549035 0.568129 0.590073 0.605824 0.607917 0.611503 0.616626 0.623350 0.631760 0.641969 0.654115 0.668370 0.684947 0.704107 0.726169 0.751528 0.780671 0.814206 0.852898 0.897721 0.949933 1.000000 0.941603 0.891679 0.848725 0.811584 0.779357 0.751332 0.726943 0.705734 0.687337 0.671451 0.657831 0.646280 0.636634 0.628764 0.622568 0.617615 0.598707 0.582283 0.568069 0.555839 0.545410 0.536635 0.529393 0.523588 0.519147 0.516013 0.514147 0.513528 0.514147 0.512729 0.510106 0.508729 0.508581 0.509661 0.511982 0.515572 0.520475 0.526753 0.534488 0.543784 0.554768 0.567601 0.582478 0.594778 0.593132 0.592920 0.594140 0.596805 0.600948 0.606621 0.613895 0.622864 0.633648 0.646397 0.661296 0.678570 0.698500 0.721425 0.747770 1545.500000 1.457660 0.786484
0.828166 0.883275 0.806547 0.743733 0.691541 0.647652 0.610384 0.578490 0.551025 0.527262 0.506634 0.488692 0.473079 0.459505 0.447736 0.437584 0.428891 0.421533 0.415408 0.410432 0.406542 0.403688 0.401836 0.400961 0.401055 0.402118 0.404163 0.407214 0.411311 0.416504 0.422862 0.430470 0.439435 0.449888 0.461991 0.475941 0.491982 0.510414 0.531612 0.556044 0.584306 0.617161 0.655605 0.700957 0.755004 0.820223 0.900148 1.000000 0.922766 0.844660 0.780478 0.726989 0.681899 0.643535 0.610650 0.582298 0.557746 0.536420 0.517867 0.501722 0.487693 0.475542 0.465075 0.456133 0.448590 0.442340 0.437301 0.433408 0.430611 0.428877 0.428185 0.428525 0.429903 0.432334 0.435849 0.440491 0.446320 0.453412 0.461865 0.471796 0.483354 0.496719 0.512113 0.529809 0.550144 0.573539 0.600524 0.631771 0.668145 0.710781 0.761188 0.807555 0.761549 0.722148 0.688201 0.658817 0.633303 0.611109 0.591795 0.575008 0.560459 0.547916 0.537188 0.528120 0.520586 0.514486 0.509741 0.506292 0.504095 0.503124 0.503367 0.504827 0.507521 0.511484 0.516763 0.523427 0.531562 0.541279 0.552714 0.566035 0.581450 0.599212 0.619632 0.643098 0.670089 0.701209 0.737221 0.779112 1011.000000 1.299388 0.589508
0.910980 0.883155 0.858986 0.838071 0.820078 0.804740 0.791838 0.781195 0.772671 0.766157 0.761571 0.758857 0.757982 0.758935 0.761728 0.766394 0.772992 0.758688 0.745088 0.733702 0.724379 0.716995 0.711456 0.707694 0.705663 0.705338 0.706715 0.704326 0.694330 0.686243 0.679962 0.675407 0.672522 0.671272 0.671642 0.673636 0.677278 0.682613 0.689708 0.698652 0.709563 0.722589 0.737914 0.755762 0.776412 0.800204 0.827557 0.832472 0.831470 0.832472 0.835493 0.840567 0.847759 0.857158 0.868883 0.883092 0.899976 0.919778 0.942793 0.969385 1.000000 0.971926 0.936494 0.905661 0.878842 0.855568 0.835455 0.818193 0.803526 0.791248 0.781193 0.773230 0.767257 0.763201 0.761011 0.760660 0.762146 0.765484 0.770717 0.777909 0.787151 0.798562 0.812294 0.828538 0.803977 0.779364 0.757984 0.739481 0.723560 0.709985 0.698562 0.689135 0.681579 0.675797 0.671717 0.669289 0.668483 0.663943 0.660296 0.658266 0.657829 0.658978 0.661729 0.666114 0.672187 0.680026 0.689731 0.701431 0.715288 0.731502 0.750317 0.772034 0.797023 0.825740 0.858750 0.896759 0.899397 0.900435 0.903655 0.909097 0.916826 0.926940 0.939569 0.954878 0.973078 0.994428 0.979717 0.942962 961.500000 1.213465 0.885748
0.763647 0.764568 0.767342 0.772002 0.778607 0.787239 0.783939 0.780635 0.779227 0.779700 0.782059 0.786331 0.792571 0.800855 0.811290 0.824011 0.839191 0.857045 0.877835 0.878605 0.843238 0.812490 0.785731 0.762457 0.742259 0.724804 0.709823 0.697093 0.686436 0.677709 0.670796 0.665610 0.662087 0.660183 0.652272 0.643883 0.637222 0.632206 0.628770 0.626874 0.626494 0.627626 0.630282 0.634497 0.640321 0.647828 0.657115 0.668306 0.681554 0.697052 0.701759 0.702865 0.705677 0.710229 0.716579 0.724804 0.735012 0.747337 0.761950 0.779060 0.798925 0.821862 0.848258 0.878593 0.913460 0.953601 0.999952 1.000000 0.968402 0.940937 0.917135 0.896614 0.879063 0.864229 0.851904 0.841926 0.834166 0.820103 0.786604 0.757487 0.732150 0.710108 0.690971 0.674420 0.660197 0.648090 0.637929 0.629574 0.622917 0.617872 0.614376 0.612387 0.611880 0.612849 0.615305 0.619279 0.624820 0.631997 0.630909 0.630604 0.631821 0.634575 0.638898 0.644845 0.652491 0.661933 0.673299 0.686746 0.702467 0.720702 0.741743 0.765950 0.793768 0.825747 0.862575 0.905125 0.918430 0.890313 0.865890 0.844752 0.826565 0.811058 0.798009 0.787239 0.778607 0.772002 0.767342 0.764568 3000.500000 1.269014 0.854102
0.871016 0.848447 0.828964 0.812270 0.798119 0.786314 0.776698 0.769144 0.763558 0.759869 0.758034 0.758029 0.759855 0.763533 0.769109 0.776652 0.780441 0.767028 0.755857 0.746781 0.739681 0.734467 0.731076 0.729464 0.729614 0.731526 0.735224 0.740754 0.748183 0.757607 0.769147 0.782960 0.799239 0.818222 0.840202 0.865539 0.862619 0.853387 0.846368 0.841475 0.838646 0.837848 0.839071 0.842330 0.847665 0.855140 0.864851 0.876922 0.891512 0.908823 0.929102 0.952653 0.979852 1.000000 0.967221 0.938713 0.913976 0.892604 0.874268 0.858696 0.845671 0.835017 0.826594 0.820296 0.816045 0.813787 0.813497 0.815170 0.818826 0.824510 0.832294 0.842273 0.854579 0.863812 0.837934 0.815468 0.796043 0.779356 0.765159 0.753253 0.743475 0.735698 0.729821 0.725772 0.723501 0.722981 0.724205 0.727188 0.731966 0.738598 0.747169 0.757787 0.770595 0.785769 0.803527 0.823866 0.816405 0.811015 0.807628 0.806204 0.806725 0.809197 0.813650 0.820140 0.828746 0.839579 0.852781 0.868530 0.887049 0.908612 0.910337 0.900279 0.892569 0.887108 0.883830 0.882695 0.883689 0.886824 0.892138 0.899697 0.909595 0.921958 0.936952 0.954778 0.975693 0.961355 0.926966 0.897039 3725.000000 1.207952 0.910277
0.776432 0.796202 0.819029 0.845300 0.875491 0.910194 0.894503 0.868379 0.845718 0.826148 0.809370 0.795137 0.783250 0.773549 0.765908 0.760231 0.756446 0.754507 0.754390 0.756095 0.759642 0.765074 0.769423 0.770316 0.773076 0.777736 0.784354 0.793012 0.803822 0.816925 0.832502 0.850773 0.872013 0.896555 0.924811 0.957287 0.968174 0.933031 0.902448 0.875849 0.852768 0.832828 0.815719 0.801190 0.789037 0.779097 0.771238 0.765362 0.761395 0.759289 0.759018 0.760579 0.763990 0.769294 0.776556 0.785867 0.797349 0.811155 0.827475 0.811856 0.788680 0.768590 0.751263 0.736436 0.723892 0.713459 0.704996 0.698395 0.693571 0.690465 0.689040 0.689278 0.691181 0.694774 0.700099 0.707224 0.716239 0.727260 0.740438 0.755958 0.774046 0.794983 0.819113 0.846857 0.878738 0.915404 0.957672 1.000000 0.967697 0.939609 0.915248 0.894218 0.876196 0.860919 0.848174 0.837790 0.829632 0.823596 0.819607 0.817617 0.817602 0.819561 0.823518 0.829521 0.837645 0.847994 0.860700 0.837500 0.812246 0.790319 0.771354 0.755054 0.741178 0.729528 0.719946 0.712306 0.706511 0.702488 0.700189 0.699583 0.700666 0.703449 0.707967 0.714275 0.722452 0.732604 0.744866 0.759406 1491.500000 1.226966 0.860638
0.425297 0.434462 0.445128 0.457460 0.471664 0.487991 0.506754 0.528340 0.553240 0.582075 0.615645 0.654999 0.701534 0.757149 0.824500 0.907401 0.955173 0.928943 0.906240 0.886706 0.870048 0.856028 0.844455 0.835176 0.828072 0.823054 0.820060 0.819054 0.820023 0.822980 0.827960 0.835024 0.844261 0.855790 0.869762 0.864404 0.840280 0.819387 0.801391 0.786022 0.773058 0.762322 0.753671 0.746993 0.742205 0.739247 0.738084 0.738702 0.741107 0.745329 0.751421 0.759457 0.769542 0.781806 0.796417 0.777975 0.750825 0.727199 0.706666 0.688874 0.673538 0.660427 0.649351 0.640158 0.632724 0.626953 0.622774 0.620134 0.619002 0.619362 0.621221 0.624600 0.629541 0.636106 0.641169 0.638884 0.638147 0.638949 0.641301 0.645230 0.650784 0.658035 0.667074 0.678020 0.691025 0.706273 0.723992 0.744463 0.768030 0.795115 0.826244 0.862071 0.903421 0.904036 0.892910 0.884158 0.877670 0.873365 0.871191 0.871121 0.873154 0.877316 0.883656 0.892254 0.903217 0.916690 0.932852 0.951928 0.974197 1.000000 0.983651 0.872788 0.786085 0.716623 0.659900 0.612866 0.573381 0.539897 0.511272 0.486643 0.465347 0.446868 0.430799 0.416815 0.404654 0.405561 0.410946 0.417495 4243.000000 1.232205 0.740944
0.824996 0.797616 0.773799 0.753125 0.735252 0.719902 0.706848 0.695906 0.686927 0.679793 0.674414 0.670723 0.668674 0.668242 0.669423 0.672230 0.676698 0.677239 0.676009 0.676409 0.678445 0.682142 0.687545 0.694721 0.703762 0.714786 0.727942 0.737613 0.736940 0.738046 0.740942 0.745665 0.752272 0.760846 0.771498 0.784370 0.799637 0.817519 0.838284 0.862263 0.889862 0.921579 0.958034 1.000000 0.989756 0.951310 0.917866 0.888763 0.863465 0.841539 0.822631 0.806454 0.792774 0.781402 0.772186 0.765005 0.759771 0.756417 0.754904 0.755212 0.757346 0.761331 0.765613 0.748715 0.734279 0.722095 0.711996 0.703848 0.697545 0.693010 0.690185 0.689036 0.689549 0.691731 0.695607 0.701226 0.708658 0.717997 0.729367 0.742921 0.758850 0.777392 0.798835 0.796657 0.782296 0.770266 0.760405 0.752583 0.746701 0.742686 0.740488 0.740080 0.741458 0.744639 0.749661 0.756586 0.765501 0.776523 0.789796 0.805506 0.808595 0.804128 0.801631 0.801073 0.802448 0.805772 0.811086 0.818455 0.827972 0.839760 0.853976 0.870815 0.882748 0.866400 0.852663 0.841351 0.832314 0.825436 0.820631 0.817841 0.817032 0.818194 0.821340 0.826509 0.833765 0.843199 0.854932 0.856459 5420.000000 1.180073 0.898636
0.663912 0.622255 0.586847 0.556521 0.530390 0.507771 0.488130 0.471045 0.456176 0.443253 0.432055 0.422400 0.414144 0.407166 0.401371 0.396680 0.393034 0.390385 0.388703 0.387966 0.388164 0.389302 0.391391 0.394459 0.398543 0.403695 0.409982 0.417490 0.426325 0.436616 0.448523 0.462243 0.478017 0.496142 0.516991 0.541030 0.568851 0.601214 0.639115 0.683874 0.737285 0.801840 0.881111 0.980397 1.000000 0.913741 0.843051 0.784268 0.734802 0.692776 0.656793 0.625798 0.598973 0.575684 0.555426 0.537797 0.522472 0.509190 0.497735 0.487934 0.479645 0.472752 0.467164 0.462809 0.459631 0.457592 0.456666 0.456842 0.458122 0.460521 0.464070 0.468813 0.474809 0.482136 0.490895 0.501208 0.513226 0.527135 0.543165 0.561595 0.582774 0.607132 0.635213 0.667703 0.705487 0.749719 0.764529 0.725705 0.692221 0.663218 0.638022 0.616101 0.597027 0.580454 0.566104 0.553748 0.543201 0.534311 0.526956 0.521039 0.516484 0.513234 0.511249 0.510503 0.510989 0.512713 0.515695 0.519971 0.525596 0.532641 0.541199 0.551386 0.563348 0.577262 0.593346 0.611868 0.633158 0.657625 0.685777 0.718255 0.755874 0.799684 0.851061 0.911841 0.935316 0.845334 0.772845 0.713389 19072.000000 1.398848 0.579491
0.728660 0.754769 0.751811 0.722452 0.696916 0.674693 0.655374 0.638626 0.624179 0.611812 0.601346 0.592637 0.585566 0.580043 0.575998 0.573381 0.572159 0.572319 0.573861 0.576805 0.581187 0.587061 0.594502 0.603607 0.614498 0.627329 0.642287 0.659604 0.679563 0.702512 0.728884 0.759212 0.794171 0.834612 0.881630 0.902396 0.864686 0.831924 0.803420 0.778618 0.757070 0.738414 0.722354 0.708648 0.697101 0.687554 0.679881 0.673983 0.669786 0.667238 0.666309 0.666987 0.669280 0.673217 0.678845 0.686235 0.695482 0.706708 0.720065 0.735743 0.753975 0.724998 0.694207 0.667467 0.644205 0.623962 0.606370 0.591127 0.577990 0.566759 0.557274 0.549403 0.543041 0.538106 0.534537 0.532288 0.531333 0.531659 0.533272 0.536190 0.540449 0.546103 0.553223 0.561903 0.572260 0.584440 0.598624 0.615032 0.633935 0.655666 0.680638 0.709364 0.742489 0.780833 0.825449 0.877716 0.939465 1.000000 0.940021 0.888851 0.844894 0.806932 0.774019 0.745411 0.720517 0.698861 0.680059 0.663799 0.649828 0.637938 0.627961 0.619761 0.613231 0.608288 0.604868 0.602932 0.602454 0.603430 0.605871 0.609807 0.615287 0.622378 0.631173 0.641789 0.654372 0.669101 0.686201 0.705942 12015.000000 1.324235 0.754428
0.858679 0.825620 0.796862 0.771836 0.750086 0.731241 0.715001 0.701119 0.689394 0.679666 0.671804 0.665708 0.661300 0.658526 0.657352 0.657765 0.659768 0.663386 0.668664 0.675668 0.684486 0.695235 0.708059 0.723140 0.740701 0.761016 0.784418 0.811323 0.842240 0.860393 0.840090 0.822660 0.807845 0.795437 0.785267 0.777203 0.771141 0.767007 0.764750 0.764341 0.765777 0.769075 0.774274 0.781440 0.790662 0.802059 0.815784 0.832027 0.851021 0.873054 0.898482 0.927736 0.961354 1.000000 0.947978 0.901057 0.860537 0.825408 0.794873 0.768303 0.745188 0.725120 0.707764 0.692850 0.680156 0.669503 0.660745 0.653769 0.648484 0.644825 0.642747 0.642224 0.643250 0.645838 0.650020 0.655846 0.663390 0.672749 0.684048 0.697441 0.713122 0.731327 0.752345 0.776533 0.799580 0.791528 0.785510 0.781451 0.779301 0.779035 0.780650 0.784164 0.789620 0.797087 0.806658 0.818458 0.832644 0.849412 0.869006 0.891725 0.903159 0.873913 0.848482 0.826423 0.807378 0.791054 0.777212 0.765659 0.756240 0.748831 0.743340 0.739698 0.737860 0.737804 0.739530 0.743058 0.748432 0.755718 0.765008 0.776423 0.790116 0.806278 0.825145 0.847005 0.872213 0.901206 0.934521 0.896746 10020.000000 1.171151 0.837124
0.760550 0.714656 0.675520 0.641914 0.612899 0.587749 0.565891 0.546871 0.530324 0.515955 0.503526 0.492840 0.483740 0.476096 0.469804 0.464781 0.460963 0.458303 0.456767 0.456337 0.457573 0.460698 0.464994 0.470515 0.477333 0.485537 0.495243 0.506590 0.519751 0.534936 0.552407 0.572483 0.595562 0.622142 0.652852 0.688496 0.730116 0.779091 0.837270 0.885526 0.878936 0.874534 0.872267 0.872108 0.874053 0.878128 0.884381 0.892891 0.903764 0.917142 0.933204 0.952173 0.974326 1.000000 0.964058 0.886550 0.822412 0.768654 0.723129 0.684251 0.650828 0.621946 0.596896 0.575117 0.556165 0.539680 0.525374 0.513011 0.502398 0.493380 0.485830 0.479646 0.474747 0.471070 0.469172 0.471735 0.475478 0.480448 0.486708 0.494339 0.503446 0.514157 0.526630 0.541058 0.557681 0.576792 0.598752 0.624013 0.653143 0.686861 0.726094 0.772054 0.825804 0.804276 0.785688 0.769751 0.756234 0.744947 0.735739 0.728488 0.723105 0.719521 0.717693 0.717598 0.719236 0.722626 0.727811 0.734853 0.743842 0.754895 0.768160 0.783821 0.802107 0.817502 0.816017 0.816500 0.818958 0.823421 0.829943 0.838605 0.849519 0.862826 0.878707 0.897386 0.919139 0.944304 0.879762 0.814842 846.000000 1.475040 0.733209
0.834391 0.873090 0.871741 0.838967 0.810450 0.785639 0.764087 0.745434 0.729386 0.715702 0.704187 0.694683 0.687066 0.681238 0.677125 0.674677 0.673865 0.674677 0.677125 0.681238 0.687066 0.694683 0.704187 0.715702 0.729386 0.745434 0.764087 0.764339 0.736632 0.712519 0.691548 0.673352 0.657633 0.644147 0.632697 0.623122 0.615292 0.609106 0.604485 0.601371 0.599727 0.599532 0.600784 0.603498 0.607707 0.613464 0.620841 0.629934 0.640863 0.653782 0.668876 0.686377 0.706566 0.729789 0.756476 0.787157 0.822498 0.863338 0.910754 0.966145 1.000000 0.937132 0.883705 0.837950 0.798530 0.764410 0.734785 0.709014 0.686588 0.667095 0.650201 0.635635 0.623176 0.612644 0.603892 0.596805 0.591289 0.587277 0.584718 0.583580 0.583852 0.585534 0.588648 0.593233 0.599345 0.607062 0.616484 0.627740 0.640987 0.656421 0.674281 0.694861 0.718522 0.745711 0.776985 0.813040 0.854764 0.900295 0.857921 0.821245 0.789401 0.761700 0.737595 0.716641 0.698482 0.682824 0.669431 0.658107 0.648697 0.641075 0.635143 0.630825 0.628068 0.626839 0.627122 0.628922 0.632259 0.637175 0.643731 0.652011 0.662122 0.674201 0.688419 0.704984 0.724154 0.746243 0.771640 0.800824 7343.500000 1.135799 0.760698
0.890085 0.951400 1.000000 0.940296 0.889341 0.845557 0.807737 0.774942 0.746434 0.721626 0.700046 0.681313 0.665117 0.651205 0.639373 0.629452 0.621308 0.614834 0.609948 0.606589 0.604716 0.604305 0.605353 0.607871 0.611890 0.617460 0.601168 0.586455 0.573794 0.562995 0.553906 0.546400 0.540380 0.535768 0.532505 0.530553 0.529887 0.530498 0.532396 0.535601 0.540155 0.546114 0.553554 0.562574 0.573297 0.585875 0.600496 0.617392 0.636844 0.659202 0.684896 0.714466 0.748590 0.744810 0.730436 0.718304 0.708247 0.700131 0.693851 0.689329 0.686509 0.685356 0.685857 0.688017 0.691863 0.697441 0.704822 0.714100 0.725396 0.738863 0.754693 0.773119 0.794429 0.818976 0.847195 0.879622 0.898503 0.843149 0.796026 0.755615 0.720762 0.690573 0.664347 0.641529 0.621674 0.604424 0.589487 0.576626 0.565648 0.556396 0.548742 0.542585 0.537846 0.534466 0.532402 0.531630 0.532141 0.533940 0.537049 0.541507 0.547369 0.554711 0.563628 0.574087 0.565686 0.558854 0.553502 0.549564 0.546990 0.545748 0.545824 0.547218 0.549948 0.554047 0.559565 0.566573 0.575162 0.585447 0.597573 0.611717 0.628096 0.646978 0.668691 0.693641 0.722333 0.755400 0.793643 0.838091 6915.000000 1.449287 0.773510
0.937878 0.863451 0.801758 0.749979 0.706080 0.668557 0.636277 0.608368 0.584153 0.563097 0.544772 0.528837 0.515012 0.503074 0.492836 0.484150 0.476894 0.470969 0.466300 0.462827 0.460506 0.459309 0.459222 0.460244 0.462386 0.465676 0.470153 0.475875 0.482916 0.491370 0.501354 0.513014 0.526528 0.542115 0.560043 0.580643 0.604329 0.631616 0.663156 0.699786 0.742593 0.793014 0.852985 0.925179 1.000000 0.917526 0.849510 0.792660 0.744623 0.703674 0.668521 0.638177 0.611878 0.589024 0.569137 0.551835 0.536809 0.523809 0.512628 0.503102 0.495095 0.488496 0.483220 0.479199 0.476383 0.474736 0.474239 0.474886 0.476685 0.479658 0.483840 0.489286 0.496064 0.504264 0.513999 0.525408 0.538662 0.553971 0.571594 0.591847 0.615124 0.641916 0.672844 0.708697 0.750495 0.799580 0.857746 0.913632 0.851294 0.798722 0.753976 0.715610 0.682524 0.653868 0.628975 0.607318 0.588473 0.572099 0.557919 0.545708 0.535282 0.526491 0.519216 0.513358 0.508843 0.505615 0.503632 0.502873 0.503326 0.504997 0.507907 0.512092 0.517604 0.524513 0.532910 0.542910 0.554654 0.568316 0.584111 0.602302 0.623212 0.647242 0.674889 0.706783 0.743722 0.786734 0.837167 0.896818 1699.500000 1.111205 0.602096
0.830699 0.781204 0.738955 0.702647 0.671281 0.644082 0.620437 0.599861 0.581963 0.566427 0.552996 0.541462 0.531653 0.523433 0.516688 0.511331 0.507294 0.504526 0.502993 0.502677 0.503573 0.505694 0.509063 0.513724 0.519735 0.527173 0.536137 0.546751 0.559169 0.573577 0.590207 0.609342 0.631332 0.656608 0.685714 0.719334 0.758341 0.803869 0.857410 0.920969 0.997301 0.996170 0.906500 0.833482 0.773074 0.722454 0.679592 0.642993 0.611533 0.584349 0.560773 0.540277 0.522441 0.506926 0.493461 0.481824 0.471833 0.463342 0.456230 0.450403 0.445782 0.442311 0.439944 0.438654 0.438425 0.439253 0.441150 0.444137 0.448252 0.453548 0.460091 0.467970 0.477293 0.488196 0.500843 0.515437 0.532228 0.551523 0.573705 0.599249 0.628759 0.663006 0.702990 0.750029 0.805895 0.873026 0.954866 1.000000 0.925526 0.863312 0.810766 0.765988 0.727559 0.694394 0.665655 0.640682 0.618953 0.600047 0.583626 0.569415 0.557190 0.546769 0.538003 0.530772 0.524980 0.520554 0.517438 0.515594 0.515000 0.515648 0.517545 0.520716 0.525199 0.531050 0.538344 0.547179 0.557674 0.569979 0.584279 0.600800 0.619818 0.641677 0.666799 0.695712 0.729083 0.767758 0.812835 0.865751 1819.000000 1.235842 0.594396
0.711573 0.710105 0.710352 0.712767 0.716971 0.722977 0.730861 0.740722 0.752691 0.766932 0.783646 0.803082 0.825547 0.851414 0.881147 0.915316 0.954634 1.000000 0.982724 0.948379 0.918491 0.892514 0.870004 0.850600 0.834008 0.819989 0.808349 0.798932 0.788327 0.771743 0.757630 0.745788 0.736057 0.728308 0.722443 0.718389 0.716095 0.715534 0.716700 0.719605 0.724286 0.730801 0.739231 0.731028 0.718776 0.708607 0.700385 0.694004 0.689384 0.686469 0.685221 0.685627 0.687691 0.691439 0.696915 0.704189 0.713353 0.724527 0.737863 0.753548 0.771814 0.792946 0.817292 0.845280 0.860977 0.857801 0.856705 0.857675 0.860723 0.865887 0.873229 0.882842 0.894849 0.909407 0.926717 0.947024 0.950375 0.912682 0.879904 0.851379 0.826574 0.805057 0.786480 0.770554 0.757049 0.745774 0.736579 0.729343 0.723976 0.720409 0.718600 0.718527 0.720189 0.723606 0.728819 0.735894 0.744920 0.756014 0.769325 0.782320 0.771338 0.762472 0.755607 0.750656 0.747560 0.746279 0.746799 0.749125 0.753286 0.759333 0.767342 0.777414 0.789682 0.804312 0.821511 0.841533 0.864691 0.864131 0.836657 0.812775 0.792073 0.774219 0.758940 0.746014 0.735263 0.726544 0.719742 0.714772 5963.000000 1.171117 0.874411
0.840769 0.886564 0.872122 0.833489 0.799980 0.770846 0.745492 0.723441 0.704304 0.687768 0.673576 0.661519 0.651428 0.643167 0.636627 0.631725 0.628400 0.626612 0.626339 0.627577 0.630341 0.634666 0.640605 0.648232 0.657646 0.668973 0.682370 0.698030 0.716192 0.737059 0.705030 0.677231 0.653056 0.632017 0.613724 0.597859 0.584166 0.572435 0.562493 0.554204 0.547455 0.542159 0.538248 0.535675 0.534407 0.534430 0.535744 0.538364 0.542323 0.547670 0.554473 0.562819 0.572822 0.584620 0.598387 0.614333 0.632718 0.653862 0.678158 0.706095 0.738289 0.775516 0.818774 0.869360 0.928995 1.000000 0.941581 0.885035 0.836798 0.795364 0.759583 0.728563 0.701601 0.678138 0.657727 0.640006 0.624680 0.611510 0.600300 0.590891 0.583156 0.576993 0.572323 0.569088 0.567249 0.566782 0.567682 0.569961 0.573646 0.578781 0.585433 0.593687 0.603651 0.615464 0.629294 0.645351 0.663890 0.685225 0.709743 0.722452 0.698602 0.677856 0.659851 0.644289 0.630930 0.619575 0.610066 0.602273 0.596095 0.591453 0.588288 0.586563 0.586257 0.587364 0.589900 0.593895 0.599398 0.606479 0.615229 0.625764 0.638231 0.652810 0.669721 0.689237 0.711689 0.737491 0.767151 0.801309 11413.000000 1.331277 0.751718
0.761059 0.774662 0.790700 0.809408 0.831072 0.826580 0.806719 0.789647 0.775112 0.762907 0.752866 0.744857 0.738778 0.734552 0.732128 0.731476 0.732589 0.735480 0.740184 0.746759 0.755288 0.765880 0.778676 0.793852 0.811626 0.799625 0.786760 0.776142 0.767632 0.761120 0.756525 0.753790 0.752882 0.753790 0.756525 0.761120 0.767632 0.776142 0.786760 0.783717 0.779373 0.776938 0.776383 0.777701 0.780907 0.786042 0.793169 0.802376 0.813783 0.827542 0.843841 0.862917 0.885056 0.910612 0.940020 0.973816 1.000000 0.931091 0.873035 0.823661 0.781354 0.744889 0.713316 0.685897 0.662044 0.641286 0.623247 0.607618 0.594151 0.582641 0.572922 0.569504 0.577393 0.586938 0.598269 0.611548 0.626975 0.644794 0.665306 0.688879 0.715972 0.747158 0.783156 0.824887 0.873538 0.930670 0.921271 0.893527 0.869438 0.848604 0.830700 0.815460 0.802667 0.792149 0.783766 0.777413 0.773009 0.770500 0.769856 0.771069 0.774154 0.779148 0.786113 0.795137 0.806335 0.819857 0.835888 0.854658 0.876451 0.881431 0.853144 0.828550 0.807225 0.788822 0.773061 0.759711 0.748588 0.739541 0.732454 0.727237 0.723825 0.722176 0.722272 0.724111 0.727718 0.733136 0.740433 0.749700 2069.500000 1.021652 0.817918
0.763293 0.820656 0.889660 0.875142 0.818758 0.770945 0.730070 0.694901 0.664491 0.638105 0.615159 0.595190 0.577826 0.562763 0.549756 0.538605 0.529147 0.521249 0.514806 0.509733 0.505966 0.503458 0.502179 0.502113 0.503259 0.505631 0.509258 0.514186 0.520476 0.528210 0.537491 0.548450 0.561245 0.576072 0.593172 0.612839 0.635439 0.661423 0.691360 0.725968 0.766165 0.813149 0.868500 0.849991 0.789654 0.738978 0.695990 0.659229 0.627593 0.600233 0.576491 0.555843 0.537874 0.522250 0.508698 0.496999 0.486973 0.478473 0.471381 0.465601 0.461059 0.457696 0.455471 0.454358 0.454341 0.455422 0.457613 0.460940 0.465447 0.471188 0.478239 0.486695 0.496674 0.508320 0.521813 0.537371 0.555265 0.575827 0.599469 0.626711 0.658207 0.694799 0.737581 0.788000 0.848010 0.920314 1.000000 0.910818 0.838095 0.777861 0.727339 0.684529 0.647952 0.616495 0.589306 0.565718 0.545209 0.527361 0.511839 0.498370 0.486735 0.476753 0.468278 0.461190 0.455394 0.450815 0.447394 0.445089 0.443871 0.443726 0.444652 0.446660 0.449775 0.454035 0.459494 0.466222 0.474311 0.483871 0.495042 0.507993 0.522934 0.540121 0.559870 0.582576 0.608729 0.638953 0.674044 0.715035 722.500000 1.158656 0.599761
0.862711 0.834155 0.809316 0.787757 0.769121 0.753119 0.739515 0.728116 0.718769 0.711351 0.705767 0.701947 0.699846 0.699438 0.700717 0.703699 0.708421 0.714940 0.723339 0.733727 0.746241 0.723564 0.698323 0.676358 0.657268 0.640728 0.626471 0.614283 0.603987 0.595442 0.588533 0.583171 0.579289 0.576839 0.575791 0.576132 0.577867 0.581016 0.585618 0.591730 0.599430 0.608820 0.620026 0.633206 0.638469 0.633053 0.629231 0.626956 0.626201 0.626956 0.629231 0.633053 0.638469 0.645547 0.654378 0.665079 0.677795 0.692708 0.710042 0.730069 0.753126 0.779625 0.810081 0.845131 0.885582 0.932459 0.987086 1.000000 0.942979 0.894149 0.852078 0.815665 0.784048 0.756545 0.732611 0.711808 0.693778 0.678233 0.664936 0.653695 0.644354 0.636789 0.630902 0.626618 0.623885 0.622669 0.622956 0.624749 0.628070 0.629664 0.619534 0.611173 0.604472 0.599344 0.595725 0.593572 0.592857 0.593572 0.595725 0.599344 0.604472 0.611173 0.608993 0.602785 0.598129 0.594967 0.593260 0.592987 0.594144 0.596747 0.600827 0.606433 0.613638 0.622533 0.633239 0.645902 0.660706 0.677876 0.697688 0.720480 0.746672 0.776782 0.811459 0.851524 0.898027 0.952330 0.933271 0.895525 859.000000 1.291175 0.804276
0.760380 0.768488 0.773521 0.741874 0.714368 0.690432 0.669609 0.651530 0.635892 0.622452 0.611010 0.601403 0.593502 0.587202 0.582422 0.579104 0.577205 0.576704 0.577595 0.579887 0.583608 0.588806 0.595545 0.603911 0.600302 0.593714 0.588672 0.585113 0.582992 0.582285 0.582982 0.585091 0.588640 0.593670 0.600246 0.608452 0.618395 0.620992 0.622271 0.625064 0.629406 0.635349 0.642970 0.652366 0.663663 0.677019 0.692626 0.710722 0.731598 0.755614 0.783211 0.814937 0.851480 0.893709 0.942735 1.000000 0.958598 0.903553 0.856438 0.815861 0.780751 0.750271 0.723759 0.700687 0.680630 0.663243 0.645982 0.625596 0.607876 0.592521 0.579284 0.567963 0.558396 0.550451 0.544020 0.539021 0.535391 0.533086 0.532077 0.532351 0.533913 0.536781 0.540990 0.546593 0.553661 0.562287 0.572586 0.584705 0.598822 0.615156 0.633977 0.655614 0.680478 0.694278 0.682417 0.672547 0.664537 0.658282 0.653705 0.650747 0.649374 0.649567 0.651331 0.654686 0.659672 0.666353 0.674813 0.685163 0.697541 0.712122 0.729120 0.748797 0.771475 0.797552 0.827516 0.829499 0.811252 0.795665 0.782517 0.771624 0.762843 0.756060 0.751191 0.748175 0.746975 0.747578 0.749989 0.754239 7218.000000 1.395092 0.823258
0.607542 0.650035 0.700734 0.762001 0.837219 0.931402 0.908393 0.843992 0.789896 0.744001 0.704750 0.670970 0.641754 0.616400 0.594351 0.575162 0.558477 0.544006 0.531514 0.520810 0.511736 0.504168 0.498002 0.493158 0.489577 0.487212 0.486035 0.486032 0.487202 0.489561 0.493136 0.497972 0.504131 0.511692 0.520757 0.531452 0.543934 0.558393 0.575066 0.594240 0.616274 0.641609 0.670802 0.704556 0.735488 0.693030 0.656703 0.625425 0.598368 0.574882 0.554455 0.536679 0.521224 0.507823 0.496259 0.486356 0.477970 0.470983 0.465303 0.460854 0.457582 0.455446 0.454419 0.454489 0.455657 0.457937 0.461357 0.465959 0.471803 0.478963 0.487536 0.497643 0.509431 0.523082 0.538818 0.556914 0.577707 0.601619 0.629177 0.661050 0.698096 0.741432 0.792542 0.853427 0.926864 1.000000 0.890975 0.805135 0.735999 0.679304 0.632133 0.592422 0.558672 0.529768 0.504864 0.483308 0.464591 0.448310 0.434141 0.421826 0.411153 0.401951 0.394081 0.387429 0.381902 0.377427 0.373946 0.371416 0.369804 0.369092 0.369270 0.370341 0.372318 0.375225 0.379098 0.383986 0.389954 0.397082 0.405471 0.415243 0.426552 0.439582 0.454562 0.471777 0.491578 0.514407 0.540826 0.571557 1248.000000 1.436585 0.575200
0.937237 0.981863 0.919808 0.867096 0.821970 0.783103 0.749469 0.720269 0.694871 0.672768 0.653554 0.636898 0.622533 0.610239 0.599839 0.591187 0.584169 0.578960 0.581061 0.584590 0.589592 0.596128 0.604283 0.614164 0.625907 0.639679 0.655685 0.674179 0.695471 0.719942 0.748066 0.780433 0.817787 0.861075 0.911521 0.970729 0.928670 0.880580 0.839148 0.803287 0.772150 0.745064 0.721494 0.701006 0.683250 0.667941 0.654846 0.643775 0.634576 0.627080 0.621103 0.616712 0.613850 0.612484 0.612596 0.614188 0.617279 0.621908 0.628131 0.636027 0.643305 0.639349 0.636967 0.636130 0.636827 0.639067 0.642876 0.648303 0.655414 0.664301 0.675082 0.687902 0.702945 0.720435 0.740647 0.763920 0.790670 0.821411 0.856787 0.897607 0.944901 1.000000 0.989111 0.927592 0.875263 0.830416 0.791756 0.758280 0.729206 0.703912 0.681902 0.662775 0.646206 0.631930 0.619732 0.609437 0.602655 0.598135 0.595105 0.593528 0.593385 0.594674 0.597412 0.601631 0.607383 0.614742 0.623803 0.634686 0.647544 0.651725 0.648557 0.646971 0.646948 0.648486 0.651606 0.656344 0.662761 0.670936 0.680977 0.693017 0.707226 0.723809 0.743022 0.765176 0.790656 0.819934 0.853599 0.892389 7938.500000 1.071821 0.723864
0.834753 0.785387 0.743224 0.706974 0.675647 0.648475 0.624851 0.604293 0.586411 0.570894 0.557485 0.545976 0.536199 0.528015 0.521315 0.516010 0.512032 0.509334 0.507881 0.507655 0.508655 0.510891 0.514393 0.519202 0.525379 0.533004 0.542180 0.553033 0.565720 0.580433 0.597410 0.616942 0.639385 0.665187 0.694903 0.729237 0.769089 0.815627 0.870392 0.935457 1.000000 0.941482 0.891462 0.848431 0.811226 0.778946 0.750875 0.726447 0.705203 0.686774 0.670859 0.657212 0.645634 0.635962 0.628066 0.621844 0.617216 0.614125 0.612533 0.612421 0.613787 0.616648 0.621039 0.627015 0.634651 0.632515 0.621356 0.612033 0.604420 0.598418 0.593951 0.590964 0.589419 0.589298 0.590600 0.593340 0.597551 0.603287 0.610620 0.619644 0.630480 0.643279 0.658227 0.675553 0.695537 0.718522 0.744935 0.775302 0.810286 0.850722 0.877899 0.833431 0.795073 0.761845 0.732978 0.707862 0.686007 0.667021 0.650583 0.636431 0.624354 0.614180 0.605767 0.599005 0.593807 0.590108 0.587863 0.587043 0.587639 0.589659 0.593126 0.598083 0.604593 0.612739 0.622627 0.634393 0.648205 0.664267 0.682831 0.704209 0.728781 0.757019 0.789513 0.827003 0.870432 0.921017 0.962564 0.893037 1730.000000 1.153668 0.706330
1.000000 0.945712 0.899070 0.858783 0.823852 0.793489 0.767066 0.744081 0.724127 0.706874 0.692052 0.679442 0.668866 0.660181 0.653271 0.648050 0.644452 0.642432 0.641967 0.643051 0.645697 0.649936 0.655823 0.663429 0.672854 0.684223 0.697692 0.713456 0.705946 0.693756 0.683599 0.675339 0.668868 0.664104 0.660989 0.659485 0.659572 0.661253 0.664547 0.669496 0.676160 0.684623 0.694997 0.707420 0.722067 0.739152 0.758937 0.781746 0.807975 0.838114 0.843486 0.819912 0.799492 0.781904 0.766880 0.754205 0.743705 0.735240 0.728701 0.724007 0.721099 0.719941 0.720520 0.722843 0.726938 0.732855 0.740668 0.750477 0.762411 0.776632 0.793340 0.812785 0.835269 0.861167 0.890937 0.872609 0.836058 0.804305 0.776679 0.752640 0.731755 0.713670 0.698099 0.684808 0.673606 0.664338 0.656884 0.651146 0.647053 0.644554 0.643619 0.644236 0.646413 0.650177 0.655573 0.662670 0.671557 0.682352 0.695202 0.710289 0.727838 0.715547 0.700766 0.688208 0.677695 0.669087 0.662270 0.657157 0.653686 0.651813 0.651516 0.652791 0.655654 0.660139 0.666303 0.674222 0.683999 0.695765 0.709682 0.725952 0.744822 0.766595 0.791645 0.820429 0.853520 0.891630 0.935663 0.986771 4220.500000 1.194032 0.825801
0.541356 0.538895 0.537745 0.537893 0.539341 0.542106 0.546223 0.551741 0.558732 0.567287 0.577521 0.589577 0.603633 0.619905 0.638659 0.660225 0.685005 0.713504 0.746353 0.777006 0.738774 0.705748 0.677110 0.652216 0.630552 0.611708 0.595350 0.581207 0.569060 0.558729 0.550068 0.542960 0.537310 0.533048 0.530120 0.528490 0.528139 0.529986 0.537236 0.546021 0.556461 0.568704 0.582935 0.599377 0.618306 0.640062 0.665066 0.693842 0.727051 0.765536 0.810385 0.863024 0.925361 1.000000 0.922793 0.851103 0.791519 0.741400 0.698834 0.662400 0.631021 0.603869 0.580298 0.559796 0.541955 0.526444 0.512998 0.501400 0.499135 0.499711 0.501499 0.504518 0.508808 0.514421 0.521429 0.529926 0.540026 0.551874 0.565647 0.581562 0.599886 0.606853 0.590246 0.575874 0.563511 0.552971 0.544106 0.536792 0.530935 0.526459 0.523308 0.521443 0.520842 0.521497 0.523416 0.535952 0.551086 0.568508 0.588531 0.611544 0.638029 0.668596 0.704020 0.745304 0.793763 0.851155 0.919882 0.982830 0.915850 0.859355 0.811266 0.770030 0.734468 0.703666 0.676908 0.653628 0.633371 0.615770 0.600529 0.587405 0.576201 0.566756 0.558941 0.552651 0.547807 0.544347 0.542228 0.541425 918.000000 1.235199 0.650443
0.875867 0.884044 0.843869 0.809052 0.778795 0.752467 0.729562 0.709668 0.692455 0.677651 0.665035 0.654428 0.645686 0.638692 0.633357 0.629615 0.627420 0.626745 0.627581 0.629939 0.633848 0.639355 0.646530 0.655465 0.666278 0.679117 0.694166 0.711651 0.731847 0.753873 0.728538 0.706497 0.687357 0.670801 0.656568 0.644446 0.634265 0.625884 0.619195 0.614110 0.610567 0.608523 0.607952 0.608847 0.611220 0.615099 0.620532 0.627587 0.636355 0.646952 0.659524 0.674251 0.691353 0.711104 0.733837 0.759962 0.789989 0.824555 0.864462 0.910734 0.964695 1.000000 0.933655 0.877547 0.829687 0.788578 0.753080 0.722305 0.695556 0.672279 0.652030 0.634449 0.619243 0.606176 0.595052 0.585715 0.578038 0.571919 0.567281 0.564065 0.562232 0.561760 0.562644 0.564893 0.568535 0.573615 0.580198 0.588367 0.598231 0.609926 0.623620 0.639518 0.657875 0.679001 0.703280 0.731185 0.763312 0.800408 0.843430 0.828813 0.798120 0.771411 0.748176 0.728002 0.710554 0.695560 0.682796 0.672082 0.663273 0.656252 0.650930 0.647240 0.645137 0.644595 0.645609 0.648190 0.652369 0.658198 0.665751 0.675125 0.686444 0.699863 0.715576 0.733819 0.754883 0.779124 0.806982 0.839003 19762.000000 1.211345 0.761463
0.759459 0.766653 0.775870 0.787232 0.800889 0.803894 0.791005 0.780373 0.771858 0.765351 0.760770 0.758059 0.757185 0.758137 0.760927 0.765589 0.772180 0.779031 0.783031 0.788982 0.796960 0.807064 0.819427 0.834216 0.851638 0.871948 0.895461 0.922561 0.953722 0.989529 1.000000 0.949367 0.905691 0.867855 0.834985 0.806386 0.781501 0.759883 0.741165 0.725052 0.711302 0.699718 0.690141 0.682445 0.676530 0.672323 0.669771 0.668844 0.669530 0.676131 0.686751 0.699422 0.714323 0.731674 0.751744 0.774866 0.801448 0.831994 0.853808 0.834759 0.818472 0.804709 0.793280 0.784034 0.776851 0.771641 0.768339 0.766904 0.767320 0.769592 0.773746 0.779834 0.787933 0.798144 0.810602 0.825475 0.842972 0.863353 0.886933 0.914101 0.945336 0.948919 0.914650 0.884828 0.858892 0.836391 0.816957 0.800290 0.786145 0.774325 0.764669 0.757053 0.751379 0.747578 0.745601 0.745427 0.747051 0.750495 0.755800 0.755463 0.751958 0.750284 0.750421 0.752372 0.756159 0.761828 0.769451 0.779124 0.790974 0.805159 0.821878 0.841376 0.863953 0.889979 0.864257 0.841515 0.821868 0.805013 0.790702 0.778734 0.768948 0.761216 0.755440 0.751547 0.749491 0.749246 0.750809 0.754200 2945.500000 1.077366 0.859244
0.910298 0.994215 1.000000 0.916998 0.848606 0.791482 0.743241 0.702137 0.666864 0.636425 0.610049 0.587131 0.567189 0.549838 0.534767 0.521724 0.510503 0.500935 0.492885 0.486243 0.480920 0.476849 0.473979 0.472274 0.471713 0.472290 0.474012 0.476900 0.480989 0.486330 0.492993 0.501064 0.510655 0.521901 0.534973 0.550075 0.567461 0.587443 0.610409 0.636839 0.667343 0.702694 0.743891 0.792248 0.849518 0.918097 0.878602 0.824920 0.779189 0.739950 0.706094 0.676759 0.651271 0.629094 0.609798 0.593037 0.578529 0.566044 0.555397 0.546436 0.539037 0.533102 0.528557 0.525343 0.523421 0.522768 0.523376 0.525253 0.528420 0.532917 0.538801 0.546147 0.555051 0.565636 0.578052 0.592485 0.609162 0.628362 0.650431 0.675793 0.704980 0.738662 0.777692 0.823171 0.876541 0.939733 0.888932 0.823578 0.768901 0.722664 0.683225 0.649352 0.620102 0.594745 0.572705 0.553526 0.536842 0.522356 0.509827 0.499058 0.489892 0.482196 0.475867 0.470822 0.466996 0.464341 0.462825 0.462429 0.463149 0.464993 0.467983 0.472157 0.477567 0.484283 0.492393 0.502010 0.513271 0.526345 0.541442 0.558816 0.578783 0.601733 0.628154 0.658662 0.694041 0.735308 0.783802 0.841312 803.000000 1.158967 0.599747
