35
1000 1000
7 0 23 33 11 62 17 73 49 64 75 26 85 0 74
5 42 125 133 126 236 171 126 262 31 258
6 69 26 111 36 140 80 113 107 68 109 22 86
4 48 114 133 38 245 136 140 190
6 64 28 131 15 169 63 119 104 43 121 24 71
6 -6 46 6 33 34 31 43 54 29 76 8 76
6 54 65 82 76 95 102 78 117 56 117 49 96
7 51 86 56 74 67 81 86 87 73 104 59 104 36 101
8 17 12 25 -4 46 5 48 19 38 31 26 34 11 30 4 23
5 24 27 43 24 68 41 51 66 18 62
7 -3 9 19 1 44 6 62 23 37 38 24 41 -2 30
3 33 9 142 49 24 114
7 112 95 140 60 202 77 255 138 189 165 139 206 99 166
7 8 23 24 14 60 10 53 41 43 57 30 74 6 54
7 19 30 43 -9 70 17 88 43 79 63 34 84 15 55
8 53 55 79 36 130 48 137 81 132 115 91 123 54 111 33 88
5 45 20 97 -26 128 45 86 78 35 75
4 93 75 148 35 200 69 142 124
6 -10 24 16 6 34 11 53 26 43 49 11 54
6 64 4 121 8 145 71 138 117 71 86 57 64
5 -2 5 21 -2 30 17 18 31 7 22
4 23 49 47 36 75 56 48 93
4 26 -8 47 19 28 44 -11 22
7 2 12 17 6 29 4 35 16 26 30 16 30 5 25
5 14 8 57 -15 96 24 46 95 -6 71
6 14 19 24 9 40 7 42 23 39 30 26 42
3 44 -38 143 70 58 105
6 9 -39 93 -35 133 45 84 116 26 123 -37 43
5 -5 3 26 -1 45 17 35 47 -1 41
6 125 104 153 67 202 80 257 112 204 146 159 162
6 43 103 62 69 94 90 109 109 91 131 64 131
7 6 11 19 -4 31 1 40 17 27 30 17 28 7 25
3 32 51 99 93 42 111
6 90 36 123 33 144 69 124 128 83 119 51 82
3 21 4 100 38 14 95
