55
1000 1000
7 45 68 68 46 96 60 146 92 94 101 57 145 24 98
5 53 32 128 10 187 84 122 164 52 136
3 72 20 211 85 67 164
7 8 54 32 21 72 24 110 74 87 102 39 106 -4 91
5 4 2 30 -13 48 19 33 45 -2 44
8 24 48 27 23 54 12 79 29 98 55 77 85 47 94 25 80
3 13 12 61 40 11 47
6 70 64 61 32 110 31 115 70 108 92 71 103
8 78 70 104 47 131 68 157 93 135 123 106 126 92 122 79 97
6 38 14 73 3 129 45 77 72 41 81 -4 51
8 18 31 25 16 52 9 59 18 81 41 69 60 48 57 31 57
6 23 16 78 14 78 58 75 125 20 87 -18 69
7 -2 14 24 5 45 5 60 16 36 36 26 50 -1 36
3 -8 9 51 33 5 71
3 231 147 328 234 254 292
3 22 -18 57 15 24 54
5 1 -1 25 -2 35 10 22 24 4 17
3 49 1 112 25 54 54
8 18 37 37 17 70 -27 118 13 163 32 107 75 78 106 25 81
5 11 -1 60 -2 105 40 58 76 1 70
7 1 9 14 -27 44 8 85 28 34 47 1 83 -17 43
8 8 25 20 18 39 8 61 15 70 30 50 44 40 56 21 49
3 28 78 149 137 55 217
7 16 21 38 2 58 21 58 36 54 49 36 49 11 49
4 57 12 78 24 62 43 39 26
6 0 56 33 34 57 31 78 64 55 85 30 78
3 34 14 88 33 40 63
7 52 56 64 41 85 43 95 63 79 80 61 86 49 74
8 -1 32 14 20 35 19 44 50 30 63 14 71 -6 64 -12 47
3 12 42 68 72 19 100
7 6 12 18 -13 38 8 50 22 37 40 17 55 6 35
8 20 19 34 18 50 27 47 38 48 52 36 58 29 47 19 39
3 47 17 166 54 9 149
7 26 36 36 14 50 21 68 42 53 65 35 61 16 54
4 51 49 80 88 53 110 21 85
6 66 107 89 93 113 87 112 111 117 138 92 129
8 28 62 23 52 41 52 59 48 54 65 52 77 41 82 29 73
5 55 131 124 90 164 167 116 275 17 223
7 81 106 126 92 168 72 204 111 151 147 110 186 80 141
3 59 23 118 57 38 104
3 23 14 68 33 13 61
5 17 22 76 1 140 62 65 112 -9 87
7 162 166 175 115 207 161 237 190 228 222 183 220 153 203
3 90 47 178 102 91 127
3 73 41 138 84 94 105
7 38 65 62 0 128 48 134 97 140 153 59 172 21 133
3 77 90 192 169 97 227
3 29 21 72 41 27 67
7 32 58 80 14 121 30 156 76 126 118 87 107 57 92
4 130 -39 203 86 136 191 53 97
7 13 44 60 44 83 42 117 68 100 102 57 108 15 86
4 -28 30 39 -9 109 30 45 79
5 19 34 77 40 110 85 79 162 38 105
5 3 14 38 5 53 32 38 50 19 40
5 26 17 69 13 96 33 69 72 30 58
