50
1000 1000
4 45 21 73 39 45 65 15 45
7 7 60 24 40 51 57 78 72 49 95 28 124 3 98
3 102 77 185 126 105 155
8 5 16 19 7 30 4 46 -1 54 21 45 33 25 41 20 28
3 44 14 104 43 36 88
4 57 -3 155 31 64 91 -21 45
5 -16 9 30 4 59 32 33 56 2 46
3 17 50 139 116 36 187
7 -1 24 26 16 48 21 69 32 51 55 29 55 9 49
7 3 10 18 2 33 5 50 28 37 42 14 45 -1 32
8 8 6 16 7 29 7 39 19 29 29 18 34 2 30 -4 23
3 22 20 90 44 27 72
4 25 52 53 29 70 55 48 87
5 23 53 90 67 117 108 84 168 30 130
3 89 200 138 246 80 282
6 15 27 30 20 36 39 25 45 13 54 9 40
5 -11 21 87 -7 143 80 75 156 -2 131
3 441 379 577 470 439 586
4 41 -5 68 20 34 52 19 26
6 68 50 79 37 100 36 115 52 102 67 79 73
8 22 28 32 23 40 15 56 15 56 31 48 41 38 45 30 43
8 73 117 98 105 126 92 168 96 177 133 151 161 129 172 82 157
8 70 14 107 6 164 32 189 71 165 107 121 130 75 113 60 85
8 38 45 46 22 76 24 87 35 91 51 104 71 79 81 63 64
7 12 35 36 21 51 31 64 40 50 55 41 71 15 59
7 23 34 48 10 87 10 115 39 85 79 54 83 28 66
4 13 4 35 15 15 36 -10 20
7 15 71 37 55 56 80 76 89 69 118 45 120 25 102
6 34 20 84 6 96 60 76 122 28 100 -19 64
5 76 82 109 59 143 98 113 121 70 116
3 51 -22 162 49 54 121
3 24 18 156 99 46 146
7 25 29 67 8 131 -19 137 29 121 93 63 85 29 61
3 46 4 96 30 41 71
6 -29 38 1 0 52 5 83 46 54 78 3 83
6 18 -5 52 -8 59 21 44 29 24 34 -2 15
7 2 7 20 -2 30 2 45 11 32 30 21 30 -2 21
5 17 46 36 24 49 57 35 73 17 62
5 23 29 84 16 135 67 90 116 16 84
4 128 2 204 90 129 126 91 84
3 62 0 141 72 66 110
3 195 87 314 182 195 276
8 5 8 27 -2 35 16 52 28 44 48 25 45 12 45 10 30
6 61 134 80 56 144 89 180 118 158 188 80 217
7 10 38 25 34 44 35 59 42 42 65 25 67 4 58
4 45 -4 83 41 39 56 -4 34
5 76 32 126 20 187 70 120 93 74 89
7 10 26 29 11 51 16 65 32 40 53 29 55 14 49
5 5 16 36 13 67 33 34 60 11 51
7 36 46 41 36 55 44 67 55 61 69 45 64 36 57
