0.871381 0.835305 0.803956 0.776679 0.752946 0.732333 0.714494 0.699147 0.686064 0.675058 0.665978 0.658706 0.653147 0.649231 0.646912 0.646161 0.646968 0.649343 0.653315 0.658934 0.666269 0.675415 0.686492 0.699652 0.715083 0.733015 0.753733 0.777583 0.804995 0.836500 0.872758 0.914606 0.963106 1.000000 0.938879 0.886812 0.842139 0.803594 0.770197 0.741180 0.715931 0.693963 0.674881 0.658364 0.644150 0.632028 0.621823 0.613398 0.606639 0.601461 0.597799 0.595607 0.594859 0.595546 0.597676 0.601275 0.606387 0.613076 0.621429 0.631555 0.643592 0.657712 0.674127 0.693094 0.714931 0.740030 0.768876 0.802071 0.840379 0.884767 0.936488 0.919026 0.889782 0.864360 0.842323 0.823316 0.807049 0.793287 0.781838 0.772549 0.765301 0.760001 0.756584 0.755009 0.755255 0.757327 0.761250 0.767071 0.774862 0.784724 0.796784 0.811205 0.828189 0.810602 0.779233 0.751945 0.728199 0.707559 0.689672 0.674252 0.661064 0.649918 0.640659 0.633164 0.627336 0.623102 0.620410 0.619226 0.619536 0.621344 0.624672 0.629560 0.636071 0.644285 0.654312 0.666286 0.680376 0.696789 0.715781 0.737665 0.762824 0.791735 0.824990 0.863331 0.907703 0.959320 0.961256 0.913014 592.000000 1.126020 0.758010
0.866480 0.840966 0.818828 0.799702 0.783294 0.769362 0.757710 0.748181 0.740651 0.735024 0.731230 0.729223 0.728979 0.730494 0.733786 0.738897 0.745888 0.754850 0.765896 0.779176 0.794873 0.813215 0.834481 0.859015 0.887236 0.919666 0.908751 0.884313 0.863179 0.845021 0.829567 0.816601 0.805946 0.797461 0.791039 0.786600 0.784089 0.783474 0.784750 0.787932 0.793058 0.800191 0.809421 0.820867 0.834682 0.851054 0.870220 0.892469 0.904328 0.864862 0.830614 0.800831 0.774912 0.752374 0.732825 0.715947 0.701482 0.689217 0.678981 0.670636 0.664075 0.659213 0.655991 0.654369 0.654328 0.655866 0.659003 0.663777 0.670247 0.678495 0.688628 0.700783 0.715128 0.731872 0.751273 0.773645 0.799375 0.828941 0.862936 0.902106 0.947391 1.000000 0.966694 0.935174 0.907763 0.883982 0.863442 0.845826 0.830877 0.818384 0.808179 0.800129 0.794133 0.790115 0.788026 0.787841 0.789558 0.793198 0.798804 0.806448 0.816224 0.828260 0.842716 0.839800 0.815822 0.795038 0.777111 0.761771 0.748793 0.737998 0.729242 0.722411 0.717419 0.714204 0.712727 0.712971 0.714938 0.718651 0.724157 0.731524 0.740846 0.752244 0.765872 0.781921 0.800627 0.822280 0.847234 0.875927 1857.000000 1.164573 0.848785
0.763443 0.838171 0.931604 1.000000 0.910603 0.837730 0.777391 0.726793 0.683926 0.647307 0.615818 0.588602 0.564994 0.544468 0.526605 0.511069 0.497588 0.485940 0.475946 0.467458 0.460357 0.454547 0.449952 0.446514 0.444191 0.442953 0.442785 0.443686 0.445667 0.448752 0.452978 0.458399 0.465086 0.473128 0.482635 0.493747 0.506631 0.521496 0.538596 0.558246 0.580837 0.606857 0.636923 0.671827 0.712595 0.740024 0.702841 0.670754 0.642951 0.618792 0.597771 0.579481 0.563595 0.549846 0.538016 0.527931 0.519444 0.512442 0.506830 0.502537 0.499510 0.497711 0.497118 0.497724 0.499537 0.502578 0.506885 0.512511 0.519530 0.528033 0.538137 0.549987 0.563758 0.579670 0.597987 0.619041 0.643237 0.671084 0.703222 0.740467 0.783871 0.834818 0.895153 0.904540 0.816692 0.746034 0.688155 0.640041 0.599566 0.565185 0.535755 0.510407 0.488472 0.469429 0.452866 0.438452 0.425921 0.415059 0.405690 0.397672 0.390888 0.385244 0.380664 0.377090 0.374477 0.372791 0.372012 0.372132 0.373150 0.375081 0.377946 0.381783 0.386639 0.392579 0.399681 0.408047 0.417798 0.429085 0.442095 0.457053 0.474241 0.494009 0.516796 0.543159 0.573812 0.609689 0.652028 0.702503 14542.000000 1.429400 0.576225
0.704837 0.685163 0.668123 0.653446 0.640911 0.630338 0.621581 0.614524 0.609076 0.605170 0.602755 0.601805 0.602305 0.604264 0.607704 0.612668 0.619218 0.627437 0.637434 0.649344 0.663336 0.679618 0.698444 0.720127 0.745052 0.773694 0.806648 0.844660 0.888678 0.939925 1.000000 0.936526 0.881090 0.833746 0.793044 0.757871 0.727364 0.700841 0.677759 0.657684 0.640261 0.625205 0.612282 0.601302 0.592109 0.584581 0.578618 0.574145 0.571106 0.569463 0.569198 0.570305 0.572800 0.576712 0.578417 0.575359 0.573708 0.573443 0.574563 0.577080 0.581025 0.586446 0.593413 0.602015 0.612368 0.624613 0.638929 0.655533 0.674691 0.696732 0.722060 0.751177 0.784711 0.823455 0.827410 0.804451 0.784570 0.767453 0.752841 0.740527 0.730339 0.722145 0.715837 0.711338 0.708591 0.707564 0.708243 0.710637 0.714775 0.720708 0.728510 0.738281 0.750149 0.764277 0.780864 0.800157 0.804454 0.772699 0.745084 0.721051 0.700154 0.682031 0.666388 0.652983 0.641623 0.632148 0.624431 0.618373 0.613895 0.610943 0.609480 0.609489 0.610970 0.613941 0.618439 0.624518 0.632256 0.641754 0.653139 0.666570 0.682243 0.700398 0.721332 0.745407 0.773071 0.783408 0.753500 0.727479 1977.000000 1.184940 0.789558
0.867287 0.821816 0.782667 0.748800 0.719404 0.693837 0.671587 0.652243 0.635469 0.620996 0.608600 0.598102 0.589356 0.582245 0.576676 0.572579 0.569902 0.568614 0.568699 0.570158 0.573008 0.574569 0.575789 0.578411 0.582466 0.588006 0.595099 0.603837 0.614339 0.626748 0.641246 0.658054 0.677442 0.699744 0.725371 0.754835 0.788774 0.827997 0.873541 0.887658 0.809995 0.746483 0.693756 0.649448 0.611845 0.579678 0.551988 0.528037 0.507249 0.489170 0.473436 0.459756 0.447893 0.437655 0.428884 0.421454 0.415260 0.421215 0.430576 0.441450 0.454009 0.468466 0.485080 0.504176 0.526156 0.551530 0.580945 0.615240 0.655516 0.703248 0.760454 0.829966 0.915894 1.000000 0.946722 0.900895 0.861279 0.826908 0.797022 0.771013 0.748394 0.728770 0.711820 0.697282 0.684943 0.674630 0.666204 0.659556 0.654600 0.651275 0.649541 0.638690 0.613599 0.591776 0.572785 0.556273 0.541955 0.529600 0.519018 0.510055 0.502587 0.496513 0.491755 0.488253 0.485962 0.484855 0.484919 0.486154 0.488576 0.492213 0.497112 0.503334 0.510960 0.520093 0.530861 0.545548 0.562514 0.582017 0.604429 0.630215 0.659961 0.694409 0.734518 0.781543 0.837156 0.903633 0.983038 0.920432 8193.500000 1.178245 0.621831
0.738578 0.685309 0.640646 0.602812 0.570495 0.542708 0.518694 0.497863 0.479752 0.463991 0.450282 0.438387 0.428108 0.419288 0.411795 0.405526 0.400394 0.396334 0.393293 0.391234 0.390131 0.389972 0.390753 0.392485 0.395189 0.398898 0.403658 0.409533 0.416599 0.424955 0.434722 0.446048 0.459116 0.474150 0.491425 0.511285 0.534158 0.560588 0.591269 0.627100 0.669270 0.719379 0.779628 0.853136 0.944460 1.000000 0.898114 0.816855 0.750740 0.696076 0.650293 0.611544 0.578468 0.550043 0.525488 0.504194 0.485683 0.469574 0.455562 0.443399 0.432885 0.423855 0.416176 0.409740 0.404459 0.400265 0.397104 0.394937 0.393736 0.393488 0.394189 0.395847 0.398484 0.402132 0.406836 0.412657 0.419673 0.427981 0.437700 0.448977 0.461994 0.476970 0.494181 0.513965 0.536746 0.563060 0.593590 0.629224 0.671130 0.720875 0.780617 0.787389 0.745892 0.710175 0.679284 0.652474 0.629159 0.608869 0.591226 0.575926 0.562718 0.551402 0.541811 0.533812 0.527298 0.522184 0.518405 0.515914 0.514681 0.514690 0.515943 0.518454 0.522254 0.527389 0.533926 0.541949 0.551566 0.562910 0.576149 0.591484 0.609166 0.629500 0.652867 0.679735 0.710695 0.746495 0.788092 0.802924 662.000000 1.403061 0.580068
0.851660 0.918780 1.000000 0.933546 0.863719 0.805415 0.756191 0.714260 0.678282 0.647240 0.620343 0.596974 0.576640 0.558948 0.543580 0.530278 0.518831 0.509068 0.500850 0.494065 0.488623 0.484453 0.481504 0.479740 0.479139 0.479693 0.481410 0.484310 0.488429 0.493818 0.500547 0.508704 0.518402 0.529777 0.543000 0.558279 0.575871 0.596090 0.619327 0.646069 0.676928 0.712687 0.754353 0.803248 0.861139 0.930439 0.918888 0.855985 0.802952 0.757827 0.719144 0.685790 0.656905 0.631816 0.609988 0.590995 0.574490 0.560196 0.547883 0.537366 0.528495 0.521147 0.515225 0.510652 0.507372 0.505343 0.504540 0.504955 0.506592 0.509471 0.513627 0.519112 0.525997 0.534371 0.544349 0.556072 0.569714 0.585488 0.603655 0.624539 0.648538 0.676150 0.707998 0.744879 0.787814 0.838145 0.897656 0.950361 0.877873 0.817489 0.766605 0.723325 0.686236 0.654264 0.626581 0.602538 0.581621 0.563420 0.547602 0.533900 0.522093 0.512004 0.503488 0.496427 0.490727 0.486314 0.483134 0.481147 0.480328 0.480668 0.482171 0.484855 0.488754 0.493915 0.500404 0.508307 0.517731 0.528810 0.541706 0.556621 0.573803 0.593554 0.616252 0.642363 0.672476 0.707340 0.747916 0.795464 1033.500000 1.068455 0.603612
0.786875 0.737234 0.695059 0.658951 0.627846 0.600928 0.577558 0.557229 0.539539 0.524161 0.510832 0.499337 0.489501 0.481182 0.474265 0.468656 0.464285 0.461094 0.459046 0.458114 0.458288 0.459569 0.461974 0.465532 0.470286 0.476298 0.483646 0.492429 0.502771 0.514823 0.528772 0.544848 0.563331 0.584570 0.608997 0.637158 0.669740 0.707631 0.751987 0.804343 0.866779 0.942184 1.000000 0.901313 0.822158 0.757461 0.703775 0.658677 0.620416 0.587693 0.559530 0.535173 0.514035 0.495652 0.479654 0.465743 0.453679 0.443265 0.434341 0.426777 0.420467 0.415328 0.411291 0.408307 0.406337 0.405358 0.405358 0.406337 0.408306 0.411291 0.415327 0.420466 0.426775 0.434339 0.443262 0.453676 0.465740 0.479650 0.495648 0.514030 0.535168 0.559524 0.587686 0.620407 0.658667 0.703763 0.757446 0.822140 0.901292 0.909507 0.847817 0.795759 0.751430 0.713407 0.680607 0.652193 0.627508 0.606030 0.587341 0.571105 0.557049 0.544949 0.534625 0.525927 0.518738 0.512962 0.508525 0.505370 0.503461 0.502772 0.503296 0.505038 0.508022 0.512282 0.517872 0.524864 0.533350 0.543445 0.555294 0.569072 0.584996 0.603333 0.624410 0.648631 0.676503 0.708662 0.745917 0.789314 5084.500000 1.293581 0.589723
0.905317 0.915503 0.899619 0.886375 0.875595 0.867138 0.860896 0.856793 0.854779 0.854828 0.856942 0.861146 0.867492 0.876058 0.886954 0.900319 0.916336 0.935226 0.927328 0.890464 0.858408 0.830511 0.806251 0.785206 0.767033 0.751451 0.738233 0.727194 0.718184 0.711087 0.705813 0.699858 0.688358 0.678838 0.671173 0.665264 0.661037 0.658439 0.657440 0.658026 0.660205 0.664003 0.669468 0.676667 0.685692 0.696662 0.694717 0.692206 0.691372 0.692206 0.694717 0.698937 0.704917 0.712732 0.722482 0.734296 0.748336 0.764801 0.783939 0.806050 0.831506 0.860764 0.894389 0.933087 0.977748 1.000000 0.973606 0.950801 0.931231 0.914610 0.900704 0.889325 0.880324 0.873586 0.869029 0.866596 0.866258 0.868010 0.871874 0.877897 0.886153 0.896747 0.909816 0.925534 0.888553 0.847489 0.811924 0.781028 0.754148 0.730759 0.710437 0.692838 0.677684 0.664745 0.653837 0.644809 0.637542 0.631943 0.627941 0.624962 0.623098 0.622741 0.623887 0.626549 0.630760 0.636572 0.644059 0.653315 0.664467 0.677666 0.693104 0.711014 0.731684 0.755466 0.782796 0.814212 0.829126 0.823978 0.820860 0.819732 0.820581 0.823419 0.828278 0.835218 0.844328 0.855722 0.869552 0.886005 7713.000000 1.184430 0.871686
0.940477 0.916482 0.895785 0.878071 0.863082 0.850612 0.840493 0.832594 0.826815 0.823085 0.821359 0.821615 0.823856 0.828110 0.834430 0.842892 0.853605 0.866709 0.851012 0.834277 0.820125 0.808360 0.798826 0.791398 0.785983 0.782513 0.780948 0.781267 0.783474 0.787597 0.793686 0.801816 0.812091 0.824645 0.839649 0.857311 0.877894 0.901714 0.929164 0.906118 0.879842 0.857054 0.837383 0.820527 0.806241 0.794324 0.784617 0.776993 0.771357 0.767638 0.765791 0.765792 0.767644 0.771367 0.777007 0.784634 0.794346 0.806267 0.820559 0.837420 0.848587 0.831294 0.816619 0.804357 0.794343 0.786447 0.780569 0.776634 0.774596 0.774429 0.776132 0.779725 0.785252 0.792781 0.802408 0.814257 0.828487 0.845296 0.864928 0.887683 0.913929 0.919277 0.915531 0.914008 0.914691 0.917587 0.922731 0.930187 0.940047 0.952438 0.967521 0.956879 0.916683 0.881767 0.851388 0.824955 0.801987 0.782097 0.764967 0.750341 0.738008 0.727799 0.719578 0.713241 0.708706 0.705918 0.704844 0.703561 0.700094 0.698335 0.698264 0.699878 0.703197 0.708263 0.715137 0.723908 0.734687 0.747622 0.762890 0.780715 0.801370 0.825190 0.852585 0.884065 0.920261 0.961964 1.000000 0.968158 6986.000000 1.129416 0.881957
0.815910 0.800460 0.787446 0.776690 0.768049 0.761412 0.756696 0.753844 0.752819 0.753610 0.756227 0.760701 0.767087 0.775465 0.785942 0.798657 0.813783 0.831535 0.852177 0.876034 0.903505 0.935080 0.898650 0.866487 0.838497 0.814159 0.793051 0.774828 0.759213 0.745976 0.734932 0.725935 0.718866 0.713635 0.710179 0.708455 0.704463 0.688626 0.675077 0.663618 0.654091 0.646369 0.640352 0.635963 0.633150 0.631876 0.632128 0.633907 0.637237 0.642156 0.648727 0.657033 0.667183 0.679313 0.693595 0.710237 0.729499 0.746880 0.742654 0.740249 0.739636 0.740807 0.743777 0.748581 0.755278 0.763954 0.774720 0.787718 0.803127 0.821170 0.842116 0.866301 0.894134 0.926120 0.962885 1.000000 0.959209 0.923753 0.892899 0.866059 0.842756 0.822604 0.805288 0.790552 0.778186 0.768022 0.759928 0.753800 0.749561 0.747159 0.742082 0.721367 0.703425 0.687971 0.674772 0.663639 0.654418 0.646987 0.641250 0.637136 0.634593 0.633591 0.634117 0.636178 0.639799 0.645024 0.651918 0.660570 0.671093 0.683631 0.698360 0.715500 0.735318 0.748329 0.745074 0.743630 0.743981 0.746130 0.750105 0.755952 0.763746 0.773586 0.785599 0.799950 0.816838 0.836514 0.855053 0.834017 10182.500000 1.180339 0.875302
0.708309 0.716513 0.690858 0.668532 0.649118 0.632280 0.617745 0.605287 0.594727 0.585917 0.578737 0.573095 0.568920 0.566159 0.564779 0.564762 0.566109 0.568837 0.572978 0.578584 0.585725 0.594495 0.605012 0.617421 0.631904 0.648684 0.668032 0.690284 0.715853 0.745254 0.779130 0.818299 0.863805 0.917010 0.979714 0.940328 0.893276 0.852664 0.817469 0.786884 0.760270 0.737116 0.717007 0.699606 0.684640 0.671886 0.661162 0.652322 0.645249 0.639852 0.636065 0.633841 0.633151 0.633989 0.636365 0.640306 0.645863 0.653103 0.662121 0.673036 0.685997 0.701190 0.718841 0.739231 0.743528 0.712905 0.686292 0.663134 0.642987 0.625490 0.610352 0.597334 0.586243 0.576920 0.569240 0.563099 0.558421 0.555147 0.553235 0.552664 0.553425 0.555529 0.559001 0.563883 0.570237 0.578145 0.587711 0.599066 0.612373 0.627832 0.645687 0.666239 0.689859 0.717007 0.748255 0.784326 0.826143 0.874895 0.932150 1.000000 0.965220 0.912988 0.868102 0.829328 0.795704 0.766475 0.741039 0.718913 0.699707 0.683104 0.668844 0.656717 0.646552 0.638211 0.631584 0.626588 0.623159 0.621256 0.620857 0.621954 0.624564 0.628716 0.634462 0.641875 0.651051 0.662110 0.675207 0.690529 6996.000000 1.387224 0.746835
0.795496 0.805449 0.815550 0.807513 0.801546 0.797573 0.795546 0.795442 0.797257 0.801015 0.806762 0.814568 0.824532 0.836784 0.835680 0.817596 0.802168 0.789179 0.778448 0.769836 0.763230 0.758549 0.755734 0.754752 0.755590 0.758258 0.762790 0.769241 0.777691 0.788248 0.801053 0.816280 0.813173 0.808198 0.805211 0.804177 0.805083 0.807939 0.812780 0.819667 0.828684 0.839948 0.853608 0.869849 0.888903 0.911054 0.936652 0.966125 1.000000 0.966398 0.936050 0.909676 0.886824 0.867131 0.850297 0.836079 0.824283 0.814751 0.807359 0.802015 0.798652 0.797230 0.797732 0.800163 0.804553 0.810956 0.819452 0.822591 0.810546 0.800751 0.793077 0.787428 0.783734 0.781949 0.782052 0.784044 0.787950 0.793816 0.782255 0.768095 0.756228 0.746493 0.738762 0.732938 0.728947 0.726741 0.726293 0.727596 0.730668 0.735546 0.742289 0.750983 0.761740 0.774703 0.790051 0.808005 0.828837 0.852882 0.880547 0.891364 0.886698 0.884200 0.883839 0.885611 0.889537 0.895665 0.904072 0.914863 0.928178 0.944194 0.963134 0.947068 0.916668 0.890237 0.867318 0.847540 0.830601 0.816253 0.804298 0.794574 0.786955 0.781346 0.777676 0.775902 0.776000 0.777973 0.781844 0.787661 1535.000000 1.078904 0.917554
0.724839 0.781143 0.849150 0.932589 0.900419 0.840023 0.789000 0.745514 0.708188 0.675973 0.648054 0.623793 0.602682 0.584315 0.568364 0.554560 0.542688 0.532569 0.524060 0.517045 0.511431 0.507146 0.504137 0.502366 0.501812 0.502469 0.504344 0.507461 0.511856 0.517587 0.524726 0.533367 0.543629 0.555659 0.569636 0.585783 0.604370 0.625731 0.650283 0.678541 0.711158 0.748964 0.793033 0.809859 0.757719 0.713502 0.675699 0.643172 0.615046 0.590640 0.569417 0.550947 0.534886 0.520954 0.508925 0.498612 0.489866 0.482564 0.476608 0.471920 0.468441 0.466127 0.464951 0.464898 0.465968 0.468172 0.471540 0.476111 0.481944 0.489115 0.497719 0.507877 0.519737 0.533480 0.549328 0.567556 0.588502 0.612585 0.640332 0.672409 0.709668 0.753220 0.804532 0.865584 0.939111 1.000000 0.903237 0.825362 0.761538 0.708460 0.663794 0.625845 0.593352 0.565361 0.541138 0.520106 0.501811 0.485891 0.472052 0.460057 0.449713 0.440863 0.433378 0.427155 0.422111 0.418180 0.415313 0.413474 0.412641 0.412805 0.413965 0.416138 0.419350 0.423639 0.429062 0.435689 0.443609 0.452933 0.463799 0.476376 0.490869 0.507532 0.526680 0.548703 0.574092 0.603469 0.637633 0.677628 5536.000000 1.265676 0.592085
0.513007 0.523379 0.535495 0.549541 0.565743 0.584380 0.602948 0.588229 0.575565 0.564767 0.555680 0.548181 0.542171 0.537571 0.534326 0.532394 0.531753 0.532394 0.534326 0.537571 0.542171 0.548181 0.555680 0.564767 0.575565 0.588229 0.602948 0.619955 0.639534 0.662037 0.687899 0.717663 0.752012 0.791819 0.838207 0.811010 0.779125 0.751395 0.727263 0.706281 0.688087 0.672386 0.658937 0.647545 0.638052 0.630329 0.624277 0.619820 0.616901 0.615485 0.615555 0.617112 0.620175 0.624781 0.630987 0.638873 0.648540 0.660119 0.637600 0.605518 0.577835 0.553848 0.533007 0.514872 0.499094 0.485388 0.473526 0.463319 0.454614 0.447289 0.441242 0.436394 0.432682 0.430060 0.428495 0.427969 0.428476 0.430021 0.432623 0.436314 0.441141 0.447165 0.454465 0.463143 0.473320 0.485151 0.498820 0.514557 0.532644 0.553432 0.577355 0.604963 0.636955 0.674236 0.717988 0.769797 0.831823 0.907097 1.000000 0.982894 0.904595 0.839725 0.785301 0.739174 0.699758 0.665856 0.636550 0.611124 0.589017 0.569777 0.553045 0.538528 0.525989 0.515233 0.506103 0.498471 0.492233 0.487310 0.483637 0.481170 0.479879 0.479746 0.480772 0.482968 0.486362 0.490994 0.496925 0.504230 650.000000 1.636846 0.694120
0.986026 0.952727 0.923757 0.898598 0.876829 0.858108 0.842156 0.828747 0.817697 0.808861 0.802125 0.797406 0.794645 0.793809 0.794888 0.797895 0.802866 0.809862 0.818972 0.830312 0.844032 0.860321 0.879411 0.867678 0.855725 0.846108 0.838703 0.833416 0.830183 0.828965 0.829746 0.832536 0.837369 0.844304 0.853428 0.864858 0.878744 0.895275 0.914686 0.937265 0.963367 0.993426 1.000000 0.972046 0.947834 0.926978 0.909163 0.894133 0.881681 0.871643 0.863888 0.858320 0.854869 0.853494 0.854177 0.856928 0.861780 0.868791 0.878050 0.889676 0.882902 0.860539 0.841256 0.824763 0.810819 0.799232 0.789848 0.782545 0.777232 0.773841 0.772333 0.772688 0.774911 0.779029 0.785093 0.793178 0.803386 0.815852 0.830743 0.848270 0.868690 0.892321 0.919550 0.950856 0.986829 0.979304 0.952440 0.929189 0.909184 0.892127 0.877774 0.865928 0.856433 0.849168 0.844041 0.840990 0.839977 0.840990 0.844041 0.849168 0.856433 0.865928 0.877774 0.892127 0.909184 0.929189 0.918872 0.897625 0.879409 0.863957 0.851054 0.840526 0.832235 0.826077 0.821975 0.819879 0.819764 0.821628 0.825493 0.831408 0.839444 0.849705 0.862322 0.877466 0.895347 0.916225 0.940419 0.968322 1358.500000 1.081568 0.893839
0.885752 0.877582 0.871642 0.867858 0.866185 0.866601 0.869114 0.873751 0.857579 0.786578 0.728055 0.679160 0.637859 0.602661 0.572453 0.546381 0.523788 0.504155 0.496247 0.491538 0.488083 0.485839 0.484777 0.484886 0.486166 0.488633 0.492318 0.497265 0.503538 0.511219 0.520411 0.531243 0.543874 0.558498 0.575354 0.594737 0.617010 0.642624 0.672147 0.706296 0.745994 0.792444 0.847238 0.912535 0.991322 0.961403 0.935424 0.912954 0.893640 0.877196 0.863389 0.852030 0.842971 0.836096 0.831318 0.828579 0.827846 0.829110 0.832387 0.837715 0.845161 0.854819 0.866812 0.881300 0.898482 0.918604 0.941969 0.968949 1.000000 0.941276 0.874935 0.819174 0.771842 0.731346 0.696483 0.666324 0.640147 0.617380 0.597567 0.580340 0.565403 0.552513 0.541474 0.532123 0.524332 0.517996 0.513032 0.509377 0.506987 0.505833 0.505899 0.507188 0.512103 0.519328 0.528050 0.538389 0.550494 0.564547 0.580772 0.599444 0.620902 0.645566 0.673962 0.706752 0.744781 0.789145 0.805812 0.815430 0.827298 0.841573 0.858454 0.878186 0.901067 0.927467 0.914176 0.903329 0.894867 0.888683 0.884700 0.882871 0.883172 0.885608 0.890208 0.897028 0.906153 0.917700 0.909227 0.896255 6730.000000 1.336437 0.753846
0.906919 0.957075 1.000000 0.931236 0.873288 0.823999 0.781759 0.745346 0.713818 0.686436 0.662613 0.641884 0.623869 0.608263 0.594818 0.583328 0.573630 0.565589 0.555935 0.547269 0.540151 0.534486 0.530203 0.527248 0.525585 0.525194 0.526070 0.528223 0.531680 0.536484 0.542694 0.550392 0.559679 0.570683 0.583562 0.598511 0.615769 0.626667 0.618597 0.612189 0.607360 0.604050 0.602220 0.601846 0.602924 0.605467 0.609506 0.615091 0.622292 0.631203 0.641942 0.654656 0.669531 0.686789 0.706709 0.729629 0.755967 0.786244 0.821107 0.821857 0.808776 0.797997 0.789379 0.782810 0.778209 0.775519 0.774707 0.775764 0.778703 0.783559 0.790391 0.799287 0.810359 0.812615 0.771836 0.736645 0.706149 0.679650 0.656592 0.636531 0.619107 0.604027 0.591055 0.579996 0.570693 0.563019 0.556872 0.552173 0.548865 0.546905 0.546271 0.546954 0.546003 0.541371 0.538103 0.536158 0.535512 0.536158 0.538103 0.541371 0.546003 0.552056 0.559608 0.568759 0.579634 0.592387 0.607211 0.624337 0.637243 0.632515 0.629362 0.627745 0.627644 0.629058 0.632005 0.636520 0.642660 0.650501 0.660147 0.671725 0.685397 0.701362 0.719865 0.741203 0.765747 0.793950 0.826377 0.863735 1847.000000 1.391909 0.809258
0.946302 0.989177 0.943132 0.903262 0.868634 0.838509 0.812295 0.789514 0.769780 0.752778 0.738251 0.725989 0.715825 0.707622 0.701276 0.696706 0.693856 0.692691 0.693197 0.695380 0.699267 0.704906 0.712366 0.721743 0.733160 0.746772 0.762772 0.781395 0.802934 0.827744 0.840429 0.804187 0.772727 0.745364 0.721551 0.700849 0.682901 0.667416 0.654160 0.642938 0.633596 0.626008 0.620076 0.615724 0.612899 0.611567 0.611711 0.613333 0.616452 0.621107 0.627356 0.635279 0.644977 0.656582 0.670257 0.686202 0.704664 0.725943 0.750411 0.778527 0.810862 0.848131 0.891241 0.941358 1.000000 0.967704 0.922944 0.884178 0.850504 0.821206 0.795713 0.773562 0.754379 0.737859 0.723754 0.711860 0.702015 0.694088 0.687976 0.683604 0.680917 0.679883 0.680488 0.682741 0.686669 0.692320 0.699764 0.709097 0.720441 0.733951 0.749818 0.768278 0.789621 0.814200 0.842454 0.847793 0.811116 0.779279 0.751590 0.727494 0.706543 0.688378 0.672703 0.659279 0.647911 0.638440 0.630740 0.624710 0.620274 0.617378 0.615986 0.616081 0.617664 0.620755 0.625391 0.631630 0.639551 0.649257 0.660879 0.674579 0.690558 0.709062 0.730393 0.754923 0.783109 0.815523 0.852879 0.896084 678.500000 1.215519 0.772773
0.489704 0.503387 0.519143 0.537253 0.558066 0.582015 0.609646 0.641654 0.678935 0.722665 0.774409 0.836305 0.911342 1.000000 0.954468 0.915011 0.880724 0.850889 0.824932 0.802387 0.782878 0.766096 0.751792 0.739762 0.729842 0.721900 0.715835 0.711571 0.709055 0.708258 0.709169 0.711799 0.716180 0.722367 0.730437 0.720060 0.701480 0.685445 0.671709 0.660071 0.650370 0.642476 0.636285 0.631720 0.628723 0.627259 0.627309 0.628875 0.631975 0.636646 0.631245 0.615875 0.602653 0.591381 0.581900 0.574078 0.567814 0.563027 0.559657 0.557663 0.557020 0.557720 0.559773 0.563202 0.568051 0.574379 0.582269 0.591824 0.603175 0.616485 0.631952 0.649820 0.666758 0.669901 0.674707 0.681235 0.689569 0.699815 0.712112 0.726631 0.743583 0.763227 0.785882 0.809980 0.803994 0.800009 0.797977 0.797872 0.799693 0.803462 0.809226 0.817056 0.827051 0.839341 0.854089 0.871503 0.843398 0.815788 0.791776 0.770941 0.752942 0.737501 0.724390 0.713426 0.704460 0.665360 0.630010 0.599599 0.573306 0.550493 0.530655 0.513391 0.498378 0.485354 0.474106 0.464462 0.456279 0.449444 0.443864 0.439466 0.436196 0.437276 0.440928 0.445725 0.451728 0.459016 0.467687 0.477866 724.000000 1.354352 0.797202
0.736172 0.730162 0.725984 0.723586 0.722941 0.724039 0.726894 0.731541 0.738038 0.746465 0.756932 0.769576 0.784573 0.775881 0.746684 0.721280 0.699176 0.679976 0.663358 0.649059 0.636865 0.626603 0.618132 0.611340 0.606140 0.602466 0.600275 0.599538 0.600248 0.602412 0.606057 0.611228 0.617990 0.626429 0.636656 0.637549 0.623478 0.611456 0.601311 0.592901 0.586116 0.580869 0.577092 0.574739 0.573783 0.574211 0.576028 0.579256 0.583936 0.590125 0.597902 0.607370 0.618657 0.629120 0.638448 0.649646 0.662868 0.678309 0.696203 0.716840 0.740577 0.767853 0.799214 0.835344 0.877108 0.925616 0.982308 1.000000 0.939120 0.887242 0.842720 0.804298 0.771003 0.742071 0.716897 0.694994 0.675970 0.659506 0.645343 0.633269 0.619936 0.598935 0.580664 0.564795 0.551063 0.539250 0.529182 0.520714 0.513731 0.508141 0.503871 0.500870 0.499099 0.498538 0.499179 0.502105 0.506779 0.512789 0.520211 0.529144 0.539713 0.552069 0.566401 0.582938 0.601964 0.623828 0.648962 0.677908 0.711350 0.750165 0.795486 0.800471 0.782969 0.768027 0.755430 0.745006 0.736615 0.730151 0.725532 0.722702 0.721625 0.722288 0.724701 0.728891 0.734911 0.742835 0.752766 0.744090 3476.500000 1.334622 0.803112
0.822912 0.758420 0.704876 0.659878 0.621689 0.589020 0.560896 0.536570 0.515456 0.497093 0.481112 0.467218 0.455169 0.444771 0.435863 0.428317 0.422028 0.416910 0.412898 0.409940 0.408000 0.407055 0.407092 0.408113 0.410129 0.413166 0.417260 0.422465 0.428847 0.436493 0.445509 0.456027 0.468209 0.482253 0.498404 0.516962 0.538303 0.562897 0.591338 0.624390 0.663048 0.708628 0.762912 0.828363 0.901036 0.841488 0.791111 0.748125 0.711195 0.679299 0.651643 0.627604 0.606686 0.588488 0.572690 0.559030 0.547294 0.537308 0.528931 0.522050 0.516575 0.512434 0.509578 0.507970 0.507591 0.508436 0.510517 0.513857 0.518499 0.524500 0.531939 0.540913 0.551547 0.563994 0.578441 0.595118 0.614310 0.636365 0.661717 0.690905 0.724614 0.763714 0.809336 0.780891 0.728988 0.685102 0.647672 0.615526 0.587770 0.563708 0.542794 0.524596 0.508764 0.495018 0.483128 0.472908 0.464207 0.456901 0.450891 0.446098 0.442460 0.439932 0.438484 0.438097 0.438766 0.440501 0.443321 0.447263 0.452374 0.458722 0.466390 0.475484 0.486133 0.498499 0.512779 0.529213 0.548099 0.569807 0.594797 0.623651 0.657111 0.696137 0.741992 0.796367 0.861582 0.940899 1.000000 0.901767 6239.000000 1.289761 0.590293
0.764744 0.815761 0.876334 0.949093 1.000000 0.946392 0.900298 0.860462 0.825907 0.795863 0.769718 0.746979 0.727246 0.710196 0.695564 0.683135 0.672735 0.664223 0.657488 0.652445 0.646847 0.642641 0.640021 0.638956 0.639432 0.641455 0.645050 0.650260 0.657152 0.665813 0.676356 0.688924 0.703696 0.720890 0.723083 0.706067 0.691461 0.679049 0.668658 0.660147 0.653403 0.648342 0.644901 0.643037 0.642728 0.643969 0.646777 0.651185 0.657247 0.665041 0.674666 0.686252 0.699959 0.715984 0.719760 0.706316 0.695008 0.685683 0.678217 0.672514 0.668504 0.666136 0.665383 0.666234 0.668701 0.672813 0.678620 0.686196 0.695638 0.707071 0.720651 0.736572 0.755073 0.768766 0.752973 0.739562 0.728344 0.719168 0.711914 0.706490 0.702828 0.700884 0.700633 0.702074 0.705223 0.710119 0.716822 0.725418 0.736016 0.748760 0.763825 0.781430 0.801843 0.825392 0.852483 0.883613 0.866117 0.803968 0.751830 0.707644 0.669887 0.637414 0.609343 0.584990 0.563815 0.545387 0.529361 0.515456 0.503445 0.493141 0.484395 0.478639 0.480672 0.483893 0.488342 0.494075 0.501165 0.509708 0.519822 0.531651 0.545376 0.561216 0.579441 0.600385 0.624461 0.652184 0.684209 0.721368 1297.500000 1.131180 0.765053
0.841145 0.798787 0.762239 0.730572 0.703057 0.679116 0.658286 0.640192 0.624530 0.611053 0.599560 0.589885 0.581898 0.575492 0.570584 0.567115 0.565041 0.564336 0.564992 0.567018 0.570437 0.575292 0.581644 0.589574 0.599186 0.610612 0.608393 0.581454 0.558087 0.537771 0.520091 0.504713 0.491369 0.479838 0.469943 0.461536 0.454501 0.448742 0.444184 0.440768 0.438453 0.437210 0.437023 0.437892 0.439825 0.442847 0.446996 0.452323 0.458897 0.466806 0.476160 0.487094 0.499774 0.511323 0.514033 0.518027 0.523354 0.530081 0.538298 0.548115 0.559670 0.573132 0.588712 0.606665 0.627306 0.651024 0.678305 0.709757 0.746153 0.788485 0.838049 0.896568 0.966375 1.000000 0.894351 0.810659 0.742927 0.687168 0.640630 0.601353 0.567903 0.539208 0.514454 0.493008 0.474376 0.458164 0.444058 0.431804 0.421196 0.412065 0.404275 0.397714 0.392293 0.387940 0.384599 0.382228 0.380797 0.380290 0.380700 0.382033 0.384303 0.387541 0.388225 0.388052 0.388816 0.390526 0.393202 0.396878 0.401599 0.407428 0.414442 0.422738 0.432435 0.443682 0.456659 0.471588 0.488744 0.508466 0.531181 0.557425 0.587887 0.623460 0.665322 0.715056 0.774843 0.847770 0.938345 0.890513 3218.000000 1.718321 0.638138
0.936805 0.904095 0.875630 0.850890 0.829453 0.810975 0.795177 0.781829 0.770749 0.761788 0.754830 0.749788 0.746600 0.745227 0.745652 0.747880 0.751938 0.757876 0.765768 0.775715 0.787846 0.802327 0.807121 0.812904 0.820762 0.830794 0.843131 0.857937 0.875420 0.895833 0.919489 0.946771 0.930345 0.909135 0.890970 0.875584 0.862764 0.852338 0.844170 0.838157 0.834225 0.832325 0.832434 0.834555 0.838712 0.844956 0.853365 0.864046 0.877138 0.892816 0.907871 0.880373 0.856495 0.835838 0.818078 0.802952 0.790244 0.779781 0.771426 0.765072 0.760639 0.758073 0.757342 0.758438 0.761374 0.766186 0.772934 0.781701 0.792600 0.805776 0.821411 0.839726 0.860999 0.885567 0.913844 0.946341 0.934246 0.916664 0.901865 0.889645 0.879842 0.872333 0.867021 0.863842 0.862757 0.863753 0.866842 0.872062 0.879476 0.889179 0.901293 0.879029 0.854865 0.833949 0.815951 0.800601 0.787681 0.777013 0.768457 0.761903 0.757269 0.754497 0.753554 0.754429 0.757132 0.761696 0.768177 0.776657 0.787243 0.800076 0.815332 0.833226 0.849138 0.845179 0.843280 0.843416 0.845589 0.849827 0.856180 0.864728 0.875579 0.888874 0.904792 0.923557 0.945442 0.970785 1.000000 0.974407 1603.000000 1.067943 0.895324
0.928627 0.944016 0.927879 0.911856 0.898505 0.887646 0.879140 0.872878 0.868783 0.866804 0.866918 0.869127 0.873456 0.879959 0.870192 0.839719 0.813201 0.790152 0.770177 0.752957 0.738230 0.725782 0.715443 0.707073 0.700565 0.695837 0.692830 0.691508 0.691854 0.693873 0.697589 0.703049 0.710319 0.711640 0.712274 0.714632 0.718743 0.724658 0.732450 0.742218 0.754093 0.768234 0.784842 0.804165 0.826504 0.852232 0.881805 0.915790 0.954893 1.000000 0.987508 0.964711 0.945168 0.928594 0.914757 0.903471 0.894589 0.887999 0.883617 0.881392 0.881296 0.883327 0.887511 0.893899 0.902569 0.913632 0.913381 0.891141 0.872009 0.855700 0.841980 0.830663 0.821600 0.814673 0.809797 0.806911 0.805980 0.806994 0.809964 0.814926 0.813928 0.796203 0.781074 0.768327 0.757784 0.749309 0.742790 0.738146 0.735321 0.734279 0.735009 0.737518 0.741839 0.748022 0.756147 0.766316 0.778664 0.793359 0.810610 0.825899 0.813806 0.803972 0.796267 0.790595 0.786886 0.785094 0.785197 0.787198 0.791119 0.797009 0.804941 0.815015 0.827364 0.842153 0.859588 0.879925 0.903477 0.914080 0.904243 0.896752 0.891515 0.888466 0.887569 0.888813 0.892213 0.897810 0.905673 0.915902 1253.000000 1.231439 0.913512
0.903413 0.866602 0.834605 0.806761 0.782540 0.761511 0.743327 0.727703 0.714409 0.703255 0.694090 0.686795 0.681275 0.677462 0.675310 0.674792 0.675902 0.678653 0.683079 0.689234 0.697196 0.707067 0.718979 0.733096 0.749620 0.768801 0.758487 0.744021 0.731826 0.721735 0.713614 0.707359 0.702892 0.700157 0.699120 0.699770 0.702115 0.706182 0.712021 0.719707 0.729336 0.741036 0.754966 0.771323 0.790351 0.812348 0.837681 0.866799 0.900262 0.938765 0.966065 0.927050 0.893131 0.863615 0.837940 0.815657 0.796397 0.779861 0.765805 0.754031 0.744380 0.736725 0.730969 0.727040 0.724890 0.724493 0.725845 0.728960 0.733878 0.740660 0.749390 0.760181 0.773178 0.788559 0.806548 0.827416 0.851498 0.879206 0.868310 0.837267 0.810252 0.786762 0.766390 0.748805 0.733736 0.720965 0.710312 0.701636 0.694822 0.689786 0.686463 0.684815 0.684820 0.686479 0.689812 0.694859 0.701684 0.710373 0.721038 0.733823 0.748907 0.766509 0.782101 0.768242 0.756656 0.747189 0.739715 0.734140 0.730396 0.728435 0.728234 0.729791 0.733125 0.738276 0.745309 0.754311 0.765400 0.778723 0.794467 0.812859 0.834180 0.858774 0.887064 0.919572 0.956947 1.000000 0.995030 0.945870 17051.000000 1.151057 0.835463
0.678501 0.664682 0.652956 0.643158 0.635158 0.628851 0.624157 0.621018 0.619394 0.619267 0.620635 0.623515 0.627941 0.633968 0.641673 0.651156 0.662544 0.675994 0.691702 0.709909 0.730909 0.755064 0.782819 0.814731 0.851494 0.893987 0.943335 1.000000 0.939108 0.887221 0.842692 0.804263 0.770963 0.742027 0.716850 0.694944 0.675917 0.659450 0.645285 0.633209 0.623049 0.614668 0.607955 0.602823 0.599209 0.597067 0.596373 0.597116 0.599308 0.602973 0.607097 0.592810 0.580547 0.570127 0.561402 0.554256 0.548594 0.544345 0.541456 0.539891 0.539631 0.540674 0.543031 0.546732 0.551822 0.558365 0.566447 0.576174 0.587682 0.601137 0.616742 0.634750 0.655467 0.679274 0.706642 0.738160 0.774575 0.816839 0.866189 0.924254 0.982062 0.932607 0.889936 0.852964 0.820839 0.792888 0.768568 0.747442 0.729157 0.713422 0.700003 0.688708 0.679383 0.671903 0.666174 0.662123 0.659701 0.658878 0.659645 0.662010 0.666002 0.671670 0.679086 0.688344 0.699567 0.712908 0.714643 0.694500 0.677048 0.662007 0.649149 0.638290 0.629279 0.621997 0.616349 0.612264 0.609693 0.608603 0.608981 0.610832 0.614179 0.619062 0.625543 0.633703 0.643650 0.655519 0.669477 0.685730 19929.000000 1.314518 0.779575
0.832220 0.819023 0.808154 0.799471 0.792862 0.788244 0.785562 0.784783 0.785896 0.788915 0.793878 0.800845 0.809904 0.821172 0.824082 0.798260 0.775819 0.756377 0.739624 0.725307 0.713219 0.703194 0.695098 0.688827 0.684301 0.681466 0.680287 0.680748 0.682856 0.686637 0.692137 0.699424 0.708591 0.719759 0.733078 0.748738 0.766970 0.788057 0.812349 0.840275 0.872366 0.874274 0.852648 0.834027 0.818130 0.804731 0.793644 0.784724 0.777855 0.772951 0.769952 0.768821 0.769544 0.772131 0.776613 0.783044 0.791505 0.802105 0.814982 0.830313 0.824478 0.798562 0.776038 0.756522 0.739701 0.725322 0.713177 0.703097 0.694950 0.688629 0.684055 0.681171 0.679944 0.680356 0.682414 0.686142 0.691587 0.697166 0.702130 0.708886 0.717519 0.728140 0.740892 0.755952 0.773539 0.793923 0.817432 0.844473 0.875545 0.911270 0.952427 1.000000 0.975885 0.923184 0.877891 0.838760 0.804825 0.775324 0.749651 0.727321 0.707938 0.691184 0.676796 0.664564 0.654315 0.645909 0.639238 0.634214 0.630777 0.628884 0.628768 0.634530 0.641959 0.651151 0.662229 0.675346 0.690690 0.708494 0.729044 0.752688 0.779859 0.811092 0.847058 0.888601 0.912592 0.887806 0.866363 0.847926 1045.500000 1.047626 0.826409
0.833275 0.880226 0.935170 1.000000 0.987877 0.969400 0.953858 0.941037 0.930769 0.922922 0.917398 0.914129 0.913075 0.914223 0.917587 0.857369 0.805411 0.761119 0.723096 0.690274 0.661829 0.637109 0.615598 0.596884 0.580632 0.566570 0.554477 0.544173 0.535630 0.529857 0.525460 0.522383 0.520589 0.520055 0.520776 0.522760 0.526031 0.530630 0.536614 0.544061 0.553068 0.563759 0.576288 0.590841 0.607651 0.627000 0.649237 0.674795 0.704214 0.720520 0.718537 0.718291 0.719778 0.723017 0.728047 0.734930 0.743754 0.754632 0.767710 0.783170 0.801234 0.819044 0.809171 0.801442 0.795757 0.792048 0.790268 0.790395 0.792432 0.796403 0.802357 0.810368 0.820536 0.832996 0.847913 0.865498 0.886008 0.909758 0.934521 0.890012 0.851508 0.818086 0.789018 0.763722 0.741728 0.722658 0.706203 0.692110 0.680176 0.670233 0.662149 0.655819 0.651163 0.648123 0.646661 0.646761 0.648423 0.643187 0.624490 0.608272 0.594271 0.582272 0.572098 0.563608 0.556688 0.551247 0.547218 0.544549 0.543209 0.543180 0.544463 0.547073 0.551043 0.556420 0.563274 0.571693 0.581791 0.593517 0.602609 0.613484 0.626296 0.641233 0.658524 0.678454 0.701370 0.727702 0.757986 0.792893 1951.500000 1.454077 0.819791
0.658348 0.622551 0.591797 0.565237 0.542209 0.522192 0.504773 0.489621 0.476466 0.465090 0.455316 0.447000 0.440022 0.434290 0.429727 0.426274 0.423890 0.422545 0.422222 0.422918 0.424641 0.427412 0.431265 0.436248 0.442427 0.449882 0.458717 0.469058 0.481062 0.494921 0.510868 0.529195 0.550261 0.574515 0.602524 0.635012 0.672917 0.717473 0.770335 0.833774 0.910991 1.000000 0.912147 0.840345 0.780765 0.730719 0.688260 0.651948 0.620697 0.593669 0.570213 0.549815 0.532063 0.516627 0.503240 0.491683 0.481780 0.473386 0.466384 0.460679 0.456199 0.452885 0.450696 0.449607 0.449604 0.450686 0.452867 0.456174 0.460647 0.466343 0.473337 0.481721 0.491614 0.503159 0.516534 0.531956 0.549692 0.570072 0.593507 0.620510 0.651731 0.688007 0.730422 0.780414 0.839925 0.804675 0.758649 0.719242 0.685296 0.655919 0.630413 0.608227 0.588920 0.572137 0.557591 0.545046 0.534312 0.525233 0.517684 0.511564 0.506794 0.503313 0.501079 0.500063 0.500255 0.501655 0.504282 0.508167 0.513359 0.519923 0.527946 0.537535 0.548826 0.561985 0.577214 0.594765 0.614945 0.638133 0.664802 0.695547 0.731120 0.772490 0.820918 0.878081 0.880882 0.809155 0.749900 0.700304 2803.000000 1.215265 0.596113
0.780635 0.756683 0.735878 0.717869 0.702372 0.689155 0.678030 0.668844 0.661476 0.655831 0.651839 0.649450 0.648635 0.649385 0.651709 0.655634 0.661210 0.668505 0.677614 0.688657 0.701784 0.717182 0.735082 0.755766 0.779580 0.806951 0.838407 0.874607 0.839177 0.793230 0.753775 0.719710 0.690182 0.664519 0.642188 0.622761 0.605891 0.591298 0.578753 0.568069 0.559095 0.551708 0.545812 0.541331 0.538209 0.536408 0.535905 0.536695 0.538380 0.532251 0.527515 0.524115 0.522008 0.521168 0.521586 0.523265 0.526228 0.530509 0.536163 0.543262 0.551898 0.562190 0.574283 0.588356 0.604629 0.623373 0.644919 0.669679 0.698165 0.731021 0.769068 0.813358 0.865274 0.926654 1.000000 0.963610 0.911499 0.866716 0.828028 0.794479 0.765315 0.739935 0.717859 0.698696 0.682130 0.667904 0.655806 0.645667 0.637348 0.630741 0.625762 0.622348 0.620458 0.620069 0.621176 0.623792 0.627949 0.617916 0.601650 0.587597 0.575540 0.565303 0.556742 0.549740 0.544208 0.540073 0.537286 0.535811 0.535631 0.536744 0.539164 0.542919 0.548056 0.554640 0.562757 0.572515 0.584048 0.597525 0.613151 0.631178 0.651914 0.675743 0.703137 0.734692 0.771157 0.813492 0.839800 0.808163 19160.000000 1.279478 0.751964
0.780249 0.757040 0.736895 0.719484 0.704534 0.691826 0.681180 0.672452 0.665528 0.660320 0.656762 0.654812 0.654445 0.655657 0.658463 0.662897 0.669014 0.676890 0.686628 0.698357 0.712240 0.728476 0.747312 0.769050 0.794061 0.822802 0.855841 0.893888 0.937839 0.956744 0.909946 0.869509 0.834438 0.803948 0.777414 0.754335 0.734305 0.716994 0.702132 0.689502 0.678925 0.670257 0.663387 0.658225 0.654708 0.652792 0.652455 0.653693 0.656519 0.660970 0.667099 0.674985 0.684728 0.696459 0.710340 0.726572 0.745401 0.767129 0.792127 0.820853 0.853876 0.891905 0.935840 0.986828 1.000000 0.945612 0.898889 0.858537 0.823551 0.793140 0.766677 0.743656 0.723670 0.706388 0.691538 0.678902 0.668301 0.659590 0.652655 0.647408 0.643784 0.641737 0.641243 0.642296 0.644909 0.649113 0.654960 0.662524 0.671903 0.683221 0.696633 0.712333 0.730558 0.751598 0.775810 0.803634 0.835616 0.872439 0.880436 0.852830 0.828839 0.808055 0.790144 0.774836 0.761911 0.751189 0.742530 0.735820 0.730975 0.727937 0.726666 0.727149 0.729391 0.733419 0.739282 0.747055 0.756835 0.768751 0.782965 0.799677 0.819134 0.841640 0.867567 0.897373 0.913529 0.872862 0.837592 0.806931 8040.000000 1.068205 0.774859
0.903876 0.862590 0.826815 0.795731 0.768683 0.745150 0.724710 0.707018 0.691797 0.678818 0.667896 0.658883 0.651658 0.646130 0.642229 0.639908 0.639137 0.639908 0.642229 0.646130 0.651658 0.658883 0.667896 0.678818 0.691797 0.707018 0.724710 0.745150 0.768683 0.795731 0.826815 0.862590 0.903876 0.866553 0.823791 0.786858 0.754835 0.726999 0.702776 0.681704 0.663411 0.647594 0.634005 0.622443 0.612745 0.604779 0.598441 0.593650 0.590345 0.588487 0.588053 0.589038 0.591453 0.595329 0.600712 0.607670 0.616294 0.626697 0.639024 0.653451 0.670197 0.689528 0.711773 0.737337 0.766721 0.800554 0.839626 0.884949 0.937832 1.000000 0.962452 0.915235 0.874442 0.839066 0.808312 0.781549 0.758270 0.738064 0.720598 0.705600 0.692848 0.682164 0.673402 0.666447 0.661211 0.657629 0.655656 0.655269 0.656463 0.659252 0.663671 0.669774 0.677638 0.687364 0.699082 0.712954 0.729180 0.748006 0.730844 0.710738 0.693334 0.678357 0.665584 0.654830 0.645951 0.638827 0.633367 0.629504 0.627190 0.626396 0.627113 0.629349 0.633133 0.638509 0.645546 0.654334 0.664989 0.677655 0.692515 0.709789 0.729750 0.752731 0.779146 0.809503 0.844438 0.884752 0.931465 0.951721 2878.000000 1.174605 0.758723
0.937432 0.881711 0.834139 0.793251 0.757924 0.727288 0.700654 0.677476 0.657316 0.639817 0.624692 0.611706 0.600666 0.591416 0.583833 0.577816 0.573288 0.570194 0.568496 0.557002 0.533593 0.513259 0.495568 0.480174 0.466798 0.455214 0.445238 0.436719 0.429536 0.423588 0.418799 0.415105 0.412461 0.410834 0.410204 0.410564 0.411917 0.414281 0.417684 0.422169 0.427792 0.434629 0.440171 0.442576 0.446088 0.450751 0.456624 0.463784 0.472328 0.482376 0.494078 0.507615 0.523210 0.541139 0.561742 0.585442 0.612771 0.644405 0.681213 0.724332 0.775271 0.836085 0.909629 1.000000 0.937102 0.871623 0.816535 0.769741 0.729683 0.695179 0.665322 0.639400 0.616853 0.597232 0.580175 0.565390 0.552637 0.541724 0.532491 0.524811 0.518581 0.513720 0.510167 0.507878 0.506824 0.506994 0.508390 0.511027 0.512545 0.500492 0.490147 0.481357 0.473998 0.467972 0.463198 0.459617 0.457184 0.455870 0.455657 0.456543 0.458540 0.461672 0.465977 0.466372 0.463535 0.461838 0.461260 0.461795 0.463449 0.466243 0.470209 0.475399 0.481879 0.489734 0.499071 0.510024 0.522756 0.537468 0.554407 0.573875 0.596249 0.621997 0.651711 0.686142 0.726261 0.773342 0.829086 0.895816 1269.000000 1.662492 0.680672
0.925194 1.000000 0.948721 0.875132 0.813957 0.762492 0.718778 0.681356 0.649124 0.621234 0.597020 0.575958 0.557630 0.541696 0.527885 0.515972 0.505777 0.497151 0.489975 0.484153 0.479610 0.476287 0.474145 0.473157 0.473311 0.474609 0.477066 0.480713 0.485596 0.491775 0.499332 0.508368 0.519011 0.531417 0.545778 0.562328 0.581358 0.603225 0.628375 0.657365 0.690905 0.729904 0.775549 0.829416 0.893637 0.971174 0.998907 0.923046 0.859820 0.806519 0.761167 0.722291 0.688772 0.659745 0.634532 0.612598 0.593510 0.576925 0.562559 0.550185 0.539615 0.530699 0.523312 0.517357 0.512758 0.509456 0.507412 0.506599 0.507008 0.508644 0.511527 0.515692 0.521192 0.528096 0.536496 0.546504 0.558264 0.571949 0.587774 0.606000 0.626952 0.651029 0.678730 0.710681 0.747678 0.790749 0.841237 0.900929 0.922302 0.860304 0.807941 0.763319 0.725024 0.691975 0.663336 0.638450 0.616796 0.597956 0.581593 0.567431 0.555249 0.544864 0.536128 0.528922 0.523151 0.518741 0.515636 0.513798 0.513206 0.513851 0.515742 0.518902 0.523369 0.529199 0.536469 0.545272 0.555730 0.567993 0.582243 0.598706 0.617659 0.639441 0.664475 0.693288 0.726542 0.765083 0.810003 0.862735 3162.500000 1.109093 0.602157
0.792886 0.777919 0.765315 0.754904 0.746546 0.740134 0.735589 0.732854 0.731896 0.732704 0.735286 0.739675 0.745925 0.754113 0.764345 0.776755 0.791513 0.808829 0.828962 0.852227 0.879016 0.909805 0.945190 0.985910 0.992145 0.952747 0.918487 0.888672 0.862745 0.840255 0.820834 0.804185 0.790063 0.778271 0.768651 0.761076 0.755452 0.751707 0.749798 0.749699 0.751410 0.754952 0.760368 0.767725 0.777117 0.788664 0.802522 0.818884 0.837988 0.815459 0.794572 0.776552 0.761124 0.748064 0.737191 0.728359 0.721454 0.716388 0.713098 0.711545 0.711710 0.713594 0.717220 0.722634 0.729901 0.739115 0.750395 0.763894 0.779800 0.798347 0.819821 0.844573 0.873035 0.894252 0.867724 0.844700 0.824802 0.807721 0.793205 0.781051 0.771092 0.763200 0.757274 0.753240 0.751048 0.750672 0.752107 0.755371 0.760504 0.767569 0.776655 0.787879 0.801391 0.817379 0.836072 0.857756 0.882777 0.911564 0.944644 0.982672 1.000000 0.952484 0.911374 0.875689 0.844651 0.817640 0.794157 0.773798 0.756232 0.741193 0.728460 0.717858 0.709244 0.702507 0.697561 0.694345 0.692821 0.692968 0.694790 0.698309 0.703566 0.710629 0.719586 0.730554 0.743680 0.759150 0.777188 0.798075 7791.500000 1.137586 0.844544
0.796681 0.774804 0.755868 0.739575 0.725681 0.713988 0.704335 0.696596 0.690671 0.686485 0.683988 0.683149 0.683957 0.686423 0.690577 0.696469 0.704173 0.713789 0.725443 0.739294 0.755541 0.774424 0.796244 0.821364 0.850237 0.883419 0.913114 0.873575 0.839255 0.809407 0.783431 0.760847 0.741264 0.724365 0.709892 0.697633 0.687418 0.679111 0.672603 0.667812 0.664679 0.662061 0.653156 0.646023 0.640571 0.636732 0.634457 0.633720 0.634511 0.636841 0.640737 0.646247 0.653441 0.662411 0.673274 0.686181 0.701315 0.718902 0.739221 0.762612 0.789497 0.820394 0.855955 0.896997 0.944563 1.000000 0.963203 0.924720 0.891258 0.862138 0.836812 0.814840 0.795859 0.779579 0.765758 0.754205 0.744762 0.737308 0.731746 0.728009 0.726049 0.725844 0.727391 0.730709 0.727952 0.711786 0.697968 0.686298 0.676615 0.668790 0.662722 0.658336 0.655576 0.654408 0.654820 0.656816 0.660419 0.665675 0.672649 0.681429 0.692131 0.704900 0.719916 0.737400 0.757626 0.780927 0.773116 0.762683 0.754320 0.747921 0.743406 0.740718 0.739826 0.740718 0.743406 0.747921 0.754320 0.762683 0.773116 0.785758 0.800782 0.818402 0.838880 0.862541 0.889781 0.884083 0.850815 0.821868 1480.500000 1.051405 0.833856
0.843822 0.825527 0.809919 0.796774 0.785912 0.777189 0.770493 0.765741 0.762874 0.761856 0.762676 0.765344 0.769892 0.776375 0.784876 0.786448 0.783957 0.783363 0.784659 0.787860 0.793006 0.800160 0.809411 0.820880 0.834718 0.851117 0.870311 0.892592 0.865598 0.826141 0.791949 0.762239 0.736386 0.713893 0.694357 0.677450 0.662906 0.650508 0.640078 0.631475 0.624584 0.619319 0.615612 0.613418 0.612711 0.613481 0.615739 0.619511 0.618387 0.614265 0.611662 0.610546 0.610902 0.612736 0.616070 0.620944 0.627420 0.635579 0.645529 0.657405 0.671373 0.687640 0.706460 0.728142 0.753068 0.781712 0.814661 0.821454 0.819371 0.819267 0.821141 0.825016 0.830939 0.838983 0.849250 0.861874 0.877024 0.894910 0.915793 0.939993 0.967901 1.000000 0.964379 0.912708 0.868278 0.829879 0.796571 0.767610 0.742408 0.720488 0.701467 0.685033 0.670930 0.658952 0.648929 0.640728 0.633258 0.620948 0.610550 0.601921 0.594946 0.589535 0.585619 0.583150 0.582099 0.582452 0.584214 0.587406 0.592067 0.598255 0.606050 0.615553 0.621561 0.628024 0.636171 0.646110 0.657975 0.671932 0.688188 0.706996 0.728666 0.753578 0.782206 0.815135 0.853105 0.897052 0.889629 0.865077 1884.000000 1.269123 0.839192
0.515367 0.513745 0.513366 0.509849 0.502985 0.497485 0.493280 0.490317 0.488559 0.487985 0.488588 0.490376 0.493369 0.497606 0.503138 0.510037 0.518395 0.528324 0.539968 0.553500 0.569134 0.587133 0.607819 0.631594 0.651239 0.658634 0.667827 0.678939 0.692122 0.707566 0.725502 0.746216 0.770057 0.797456 0.828948 0.865199 0.907051 0.955577 1.000000 0.925288 0.862897 0.810218 0.765338 0.726828 0.693599 0.664807 0.639790 0.618023 0.599083 0.582632 0.568393 0.556141 0.545693 0.536900 0.528943 0.520099 0.512760 0.506830 0.502232 0.498908 0.496816 0.495932 0.496244 0.497756 0.500487 0.504470 0.509755 0.513829 0.510855 0.509134 0.508646 0.509385 0.511360 0.514595 0.519130 0.525021 0.532345 0.541198 0.551702 0.564008 0.578300 0.594805 0.613803 0.635636 0.660729 0.689616 0.722964 0.761630 0.806719 0.805385 0.783899 0.765325 0.749375 0.735813 0.724446 0.715123 0.707719 0.702142 0.698321 0.696209 0.695781 0.697032 0.699977 0.704651 0.711113 0.719444 0.729751 0.742172 0.756878 0.774081 0.794042 0.817080 0.799945 0.756494 0.719163 0.686920 0.658964 0.634664 0.613517 0.595122 0.579153 0.565344 0.553481 0.543387 0.534921 0.527967 0.522434 0.518251 5895.000000 1.384555 0.768954
0.940523 0.908195 0.880065 0.855625 0.834461 0.816238 0.800681 0.787569 0.776719 0.767990 0.761268 0.756470 0.753536 0.752430 0.753138 0.755671 0.760058 0.766353 0.774635 0.785009 0.797613 0.812618 0.830237 0.850731 0.874423 0.901707 0.932668 0.899697 0.871004 0.846060 0.824435 0.805781 0.789814 0.776300 0.765054 0.755924 0.748791 0.743567 0.740186 0.738606 0.738810 0.740799 0.744597 0.750251 0.757831 0.767434 0.779184 0.793240 0.809800 0.829106 0.851456 0.876548 0.858235 0.842661 0.829605 0.818890 0.810376 0.803954 0.799544 0.797091 0.796567 0.797965 0.801301 0.806617 0.813978 0.823476 0.835235 0.849410 0.866198 0.885839 0.908632 0.934940 0.965212 1.000000 0.964567 0.924161 0.889060 0.858520 0.831946 0.808858 0.788867 0.771653 0.756960 0.744576 0.734331 0.726089 0.719746 0.715220 0.712457 0.711422 0.712103 0.714508 0.718667 0.724630 0.732473 0.742295 0.754226 0.768428 0.785103 0.804498 0.826919 0.852739 0.882417 0.892694 0.869303 0.849100 0.831773 0.817068 0.804779 0.794740 0.786821 0.780921 0.776967 0.774909 0.774724 0.776410 0.779985 0.785495 0.793008 0.802617 0.814449 0.828661 0.845450 0.865061 0.887793 0.914013 0.944173 0.977680 7356.500000 1.103927 0.855718
0.726500 0.722082 0.719439 0.718541 0.719376 0.721954 0.726307 0.732487 0.740574 0.750669 0.762907 0.777454 0.794518 0.814354 0.837275 0.863664 0.893994 0.928852 0.968966 1.000000 0.928126 0.867841 0.816758 0.773113 0.735578 0.703135 0.674990 0.650518 0.629221 0.610700 0.594629 0.580745 0.568834 0.558721 0.550263 0.543347 0.537883 0.533801 0.531049 0.529596 0.529422 0.530526 0.532921 0.536185 0.540653 0.546524 0.553872 0.562795 0.573414 0.585880 0.600379 0.617138 0.636437 0.658619 0.684112 0.713445 0.747287 0.745830 0.741227 0.738448 0.737459 0.738250 0.740829 0.745227 0.751499 0.759724 0.770006 0.782481 0.797319 0.814732 0.834979 0.858378 0.885321 0.916289 0.937567 0.899836 0.867032 0.838485 0.813655 0.792107 0.773486 0.757504 0.743924 0.732557 0.723248 0.715875 0.710345 0.706589 0.703551 0.684769 0.668532 0.654588 0.642731 0.632792 0.624639 0.618163 0.613282 0.609936 0.608082 0.607700 0.608784 0.611347 0.615421 0.621055 0.628322 0.637314 0.648151 0.660983 0.660090 0.653343 0.648279 0.644834 0.642966 0.642653 0.643890 0.646693 0.651097 0.657154 0.664942 0.674562 0.686141 0.699840 0.715857 0.734435 0.755873 0.751078 0.740907 0.732749 7878.500000 1.245929 0.822023
0.661595 0.684822 0.711515 0.737290 0.731841 0.728214 0.726363 0.726268 0.727926 0.731357 0.736603 0.743731 0.752829 0.764015 0.777440 0.793291 0.811798 0.833244 0.857978 0.886425 0.919114 0.956698 1.000000 0.983772 0.955137 0.930300 0.908855 0.890474 0.874888 0.861879 0.831505 0.798850 0.770450 0.745734 0.724245 0.705613 0.689534 0.675764 0.664101 0.654384 0.646482 0.640292 0.635738 0.632366 0.620690 0.610882 0.602808 0.596363 0.591465 0.588051 0.586080 0.585529 0.586389 0.588673 0.592407 0.597638 0.604431 0.612873 0.615936 0.610757 0.607115 0.604965 0.604281 0.605054 0.607294 0.611028 0.616302 0.623183 0.631758 0.642141 0.654474 0.668933 0.685734 0.705144 0.727488 0.753169 0.782683 0.816653 0.855860 0.901303 0.954270 0.947205 0.929403 0.914421 0.902052 0.892134 0.884540 0.879174 0.875971 0.874890 0.875920 0.879072 0.884386 0.891926 0.901787 0.889866 0.840764 0.798621 0.762250 0.730730 0.703342 0.679510 0.658775 0.640766 0.625182 0.611776 0.600349 0.590739 0.582813 0.576467 0.571620 0.567636 0.561382 0.556590 0.553201 0.551173 0.550481 0.551116 0.553087 0.556418 0.561148 0.567339 0.575068 0.584439 0.595578 0.608645 0.623835 0.641387 859.000000 1.504610 0.837987
0.711695 0.764346 0.827563 0.904556 1.000000 0.999963 0.951760 0.910082 0.873918 0.842471 0.815103 0.791304 0.770659 0.752832 0.737547 0.724581 0.713754 0.704918 0.697959 0.692789 0.689344 0.659932 0.630870 0.605657 0.583733 0.564655 0.548062 0.533666 0.521231 0.510563 0.501508 0.493937 0.487749 0.482863 0.479217 0.476766 0.475479 0.475341 0.475767 0.472378 0.470162 0.469091 0.469153 0.470348 0.472691 0.476210 0.480950 0.486969 0.494347 0.503184 0.513601 0.525753 0.539825 0.556048 0.574703 0.596140 0.620791 0.649201 0.682057 0.720244 0.764913 0.817588 0.843925 0.817609 0.794742 0.774935 0.757872 0.743297 0.731000 0.720811 0.712595 0.706247 0.701687 0.698858 0.697725 0.698276 0.700517 0.704474 0.710197 0.717758 0.727252 0.738804 0.752571 0.768748 0.787575 0.809347 0.834423 0.844154 0.778139 0.723317 0.677236 0.638119 0.604652 0.575838 0.550912 0.529277 0.510460 0.494085 0.479848 0.467503 0.456850 0.447726 0.439999 0.433561 0.428326 0.424225 0.421207 0.419235 0.418048 0.417766 0.418493 0.420236 0.423017 0.426870 0.431845 0.438004 0.445429 0.454224 0.464516 0.476458 0.490243 0.506105 0.524333 0.545287 0.569413 0.597278 0.629607 0.667334 3223.000000 1.473583 0.704360
0.496598 0.494766 0.494134 0.494693 0.496452 0.499430 0.503665 0.509209 0.516135 0.524532 0.534516 0.546229 0.559845 0.575580 0.593697 0.614520 0.638450 0.665989 0.697768 0.734590 0.777492 0.827835 0.887433 0.958768 1.000000 0.940435 0.889590 0.845894 0.808145 0.775410 0.746953 0.722189 0.700648 0.681950 0.665786 0.651905 0.640102 0.630209 0.622094 0.615649 0.610793 0.607465 0.605624 0.605247 0.606331 0.604752 0.594988 0.586926 0.580460 0.575505 0.572001 0.569903 0.569188 0.569845 0.571883 0.575327 0.580218 0.586619 0.594611 0.604300 0.615818 0.629329 0.645035 0.663183 0.684078 0.682662 0.669984 0.659329 0.650549 0.643531 0.638183 0.634439 0.632253 0.631598 0.632467 0.634870 0.638836 0.644414 0.651675 0.660710 0.671640 0.684616 0.699821 0.717485 0.737887 0.761372 0.777253 0.757155 0.739807 0.724944 0.712349 0.701846 0.693294 0.686582 0.681625 0.678361 0.676752 0.676776 0.678436 0.681749 0.686758 0.693524 0.702133 0.712697 0.725357 0.740292 0.757718 0.777903 0.801177 0.827942 0.801257 0.756914 0.718862 0.686027 0.657575 0.632853 0.611342 0.592626 0.576369 0.562299 0.550193 0.539871 0.531185 0.524016 0.516603 0.509591 0.503964 0.499651 3097.000000 1.203279 0.774771
