35
1000 1000
6 88 25 125 39 168 71 153 129 84 109 40 78
8 39 12 54 5 76 9 86 22 62 35 54 37 33 48 33 27
4 -9 44 28 18 64 45 30 73
6 94 77 123 82 127 98 131 125 100 117 86 101
6 14 38 18 22 37 24 38 41 36 59 17 61
3 46 44 100 68 49 88
8 19 18 33 18 47 22 51 34 41 44 35 52 20 43 15 35
7 -11 82 41 58 84 57 109 109 95 141 49 132 -8 118
3 187 317 340 408 139 523
8 34 58 48 29 76 38 106 23 120 61 88 76 78 110 56 80
6 226 268 277 232 336 327 272 357 207 399 150 330
5 42 10 80 -20 114 29 77 59 17 67
6 81 53 136 52 169 100 129 114 94 117 75 90
5 33 76 59 52 79 83 53 122 23 100
7 11 20 47 -30 84 13 106 28 83 68 46 109 -10 73
5 107 48 172 24 193 86 158 112 116 108
5 30 44 50 34 57 49 49 63 31 58
5 4 65 85 48 170 114 109 208 10 160
3 9 11 41 36 8 45
3 8 21 54 41 12 67
4 45 -1 65 47 39 75 3 44
5 38 15 80 3 114 34 72 67 33 64
3 16 44 65 73 16 110
7 2 11 10 1 24 2 27 17 21 32 5 31 -2 24
5 1 18 24 15 50 37 25 75 -6 56
8 53 49 77 29 104 43 131 87 110 105 75 122 41 116 33 87
3 13 8 54 40 4 59
6 21 4 35 3 49 19 37 28 19 30 11 20
4 19 69 57 21 142 66 65 129
4 -8 56 35 36 63 62 36 91
7 7 77 54 73 105 58 104 106 94 150 48 159 16 136
8 32 53 41 34 67 36 86 43 95 55 83 81 69 80 48 84
8 132 237 173 179 230 173 285 209 274 249 287 344 225 308 176 293
5 45 25 67 22 82 32 69 50 37 47
7 -11 40 25 7 69 24 87 69 66 108 23 98 -16 97
