30
1000 1000
4 103 94 203 42 268 105 180 235
4 -17 11 9 -17 27 10 16 43
6 21 8 63 4 70 43 63 64 28 70 4 43
6 19 -9 58 9 96 40 81 76 32 52 8 41
4 46 6 115 53 52 123 -13 68
7 108 205 150 174 182 200 205 232 196 275 150 286 129 247
4 54 39 109 -23 174 46 107 97
8 9 18 22 12 40 25 51 38 43 51 27 51 13 52 0 43
6 15 52 34 36 59 28 70 52 60 76 32 74
4 53 9 73 25 56 44 40 28
4 25 1 57 22 31 39 5 21
3 36 -4 127 47 35 91
5 15 38 31 34 43 47 33 60 15 57
8 63 87 68 68 91 51 111 58 110 90 104 110 85 124 62 118
5 2 13 24 16 46 26 26 40 8 37
7 0 23 11 12 30 13 36 29 27 42 15 49 -1 37
5 48 58 105 15 125 87 100 119 37 124
6 68 55 89 51 106 77 92 107 70 97 63 79
6 207 70 307 80 344 146 305 194 240 180 181 144
4 60 18 89 43 59 57 28 44
5 43 27 89 14 128 56 101 110 37 86
8 15 20 18 7 38 3 48 9 44 23 49 39 35 47 24 32
7 -10 60 22 20 100 27 132 88 99 147 45 141 -18 111
4 -23 97 28 46 88 106 44 159
6 21 -13 83 -11 105 32 85 60 34 78 5 41
3 152 92 220 136 145 178
3 -10 58 190 151 33 253
8 2 3 37 -29 50 -1 80 34 47 60 30 66 3 63 -23 33
8 7 51 20 44 26 40 38 44 46 55 34 62 24 69 17 62
5 9 4 37 1 51 21 41 39 14 36
