35
1000 1000
4 18 -8 79 47 30 85 -31 49
4 0 25 29 9 56 27 28 49
6 85 71 90 52 118 53 149 68 115 95 92 100
4 313 141 399 262 349 336 259 248
3 24 2 86 36 33 44
8 -36 29 -2 4 23 -1 61 -4 74 28 46 47 22 92 -4 57
7 49 95 118 67 171 90 196 123 171 159 117 177 68 171
3 49 16 176 111 85 160
7 10 42 28 32 47 21 62 49 40 69 25 69 -8 63
6 9 26 14 9 40 5 56 25 47 55 14 45
4 -5 28 37 12 72 28 37 62
8 64 72 79 44 112 36 131 61 145 79 140 114 114 114 83 118
7 -2 40 61 19 92 40 114 64 109 109 57 99 3 92
5 50 14 156 5 208 89 144 168 59 129
8 124 69 159 48 207 69 208 103 215 170 172 157 135 140 123 112
4 -2 21 16 2 36 22 17 40
3 51 13 138 55 53 97
3 -2 16 54 58 4 96
3 69 26 115 52 64 68
3 8 -3 41 24 9 49
4 177 37 266 96 186 163 156 104
4 95 2 160 80 99 108 27 79
3 64 104 143 116 65 142
7 13 37 33 2 68 14 87 36 46 65 32 71 -1 61
6 14 -22 61 -13 83 32 56 62 15 76 -15 37
4 278 96 416 253 300 294 233 221
8 25 21 36 9 55 13 52 29 44 47 32 51 15 52 16 32
8 -16 32 4 -8 43 2 66 13 80 33 83 63 39 80 13 64
4 143 -9 273 123 138 169 68 117
6 30 89 44 76 54 78 77 94 58 102 39 101
5 9 40 44 30 57 60 42 79 7 79
7 -1 93 55 68 99 81 109 126 92 149 63 181 17 143
8 60 106 74 94 84 89 104 91 101 108 97 119 85 136 71 126
7 40 45 54 28 79 29 87 56 80 74 59 82 50 64
6 34 6 71 -25 76 34 79 85 24 71 20 37
