40
1000 1000
6 9 95 18 53 61 67 105 96 67 145 22 132
5 8 14 44 9 62 29 47 52 19 41
5 26 6 55 0 95 31 59 50 16 42
6 28 84 61 39 101 45 153 93 111 131 53 129
5 35 33 61 29 86 47 63 69 38 65
7 23 85 43 58 89 50 115 102 84 153 41 155 25 114
7 0 24 33 -6 95 2 127 40 82 78 48 80 9 61
6 39 135 83 75 164 50 175 134 166 215 35 217
4 46 -7 112 115 36 219 -64 133
8 0 33 19 18 48 10 92 13 103 50 87 75 56 79 20 67
4 51 26 61 50 46 66 21 54
3 30 15 80 41 26 78
3 39 87 209 139 49 219
5 142 214 210 223 280 261 203 294 151 275
4 69 -4 119 85 72 140 -3 84
4 12 35 48 21 62 43 49 70
3 13 30 56 56 4 80
3 0 60 203 152 59 213
8 -6 4 18 -5 33 13 34 25 26 33 14 51 -2 43 -5 28
6 132 99 140 31 187 71 212 99 211 169 148 139
4 85 108 115 153 85 197 49 162
8 48 21 59 8 78 22 84 30 95 60 59 52 48 50 42 35
5 26 47 95 48 118 68 96 135 33 108
8 6 45 24 21 47 19 73 34 83 52 74 79 59 81 33 85
6 187 70 303 94 341 163 286 251 215 233 187 163
7 25 72 55 18 107 56 114 104 96 127 69 135 35 120
8 95 52 130 54 155 61 187 80 162 110 127 118 102 115 79 91
6 8 33 23 25 37 21 49 35 41 53 23 44
6 45 39 67 35 85 62 66 80 48 80 26 64
8 20 73 32 68 57 69 60 90 48 106 39 118 22 110 16 92
3 73 32 134 56 73 71
3 18 11 61 25 21 55
5 55 56 87 40 116 84 85 119 45 111
7 61 51 69 28 86 43 87 56 89 74 69 85 59 65
8 71 19 88 25 112 14 109 38 106 53 87 62 63 64 55 43
7 0 18 12 7 29 16 34 27 34 45 15 47 -4 37
3 35 13 79 46 41 57
4 1 99 58 55 136 114 71 153
6 19 41 24 21 58 13 60 44 51 62 24 71
6 -9 43 10 20 42 29 63 57 47 91 16 79
