40
1000 1000
4 41 76 62 60 98 80 62 101
4 -24 53 35 0 92 50 44 118
6 17 -17 82 -4 105 53 75 116 24 84 -11 57
7 1 14 22 13 34 12 39 24 38 49 23 43 9 33
6 -25 93 41 71 97 34 95 102 96 162 37 142
6 27 27 54 32 76 53 57 69 34 73 12 54
6 9 34 30 12 56 18 79 39 60 64 33 61
6 153 9 226 -39 281 63 213 133 154 122 94 83
3 26 23 74 52 39 80
8 63 42 76 16 96 23 118 28 127 46 108 63 99 71 69 74
4 90 60 137 113 86 160 46 113
6 8 42 39 22 77 14 99 52 75 90 27 75
8 40 65 60 53 81 58 72 77 77 95 54 107 39 99 38 82
3 20 59 102 72 23 106
3 43 17 74 38 43 50
5 8 44 30 21 43 57 26 75 4 67
3 87 10 177 86 82 147
5 2 6 43 -2 78 20 43 81 -3 56
4 102 -29 139 27 89 81 15 31
4 78 60 111 26 181 57 108 128
5 3 16 23 11 31 24 23 41 6 33
4 22 -4 42 16 23 39 11 18
8 41 32 113 19 171 23 211 93 147 157 113 154 53 139 31 98
7 5 45 38 19 65 25 99 58 60 90 28 98 -7 74
4 30 39 73 59 32 90 10 67
8 31 16 49 4 87 17 97 42 75 66 50 77 28 74 9 45
4 11 -2 26 10 10 30 -6 14
3 20 55 122 102 47 146
3 60 43 302 117 87 212
3 30 -5 88 33 20 49
6 23 89 57 63 93 55 121 91 92 144 52 147
3 46 29 85 41 48 59
5 2 14 66 0 120 51 72 89 1 65
4 2 18 30 -7 53 19 34 50
7 -2 19 12 11 25 16 31 27 19 32 12 44 -3 30
8 50 183 94 149 145 143 203 150 265 221 203 250 150 253 104 244
5 58 33 183 -30 205 81 181 195 89 115
3 68 78 170 147 74 211
8 41 31 63 26 82 30 97 46 79 65 70 70 50 65 30 52
8 -10 10 -4 1 11 2 19 7 28 13 27 26 12 33 5 24
