40
1000 1000
6 8 25 27 -2 64 -1 96 24 67 60 29 61
3 41 7 97 30 41 74
6 106 55 218 60 244 134 209 199 143 184 107 132
4 83 50 116 86 80 113 36 95
7 6 11 16 6 27 7 33 19 26 29 12 36 6 28
3 18 0 52 18 13 39
4 -18 23 28 -12 87 25 39 63
8 -8 18 7 12 12 10 27 6 27 17 25 32 14 33 3 28
4 77 9 107 33 77 72 51 41
6 27 -6 45 4 59 21 45 33 29 32 9 21
7 0 13 17 -1 30 8 27 19 30 36 12 39 3 31
4 -3 17 10 -2 26 20 11 35
6 -18 56 23 27 56 34 101 58 56 110 10 111
3 37 11 70 36 15 75
3 142 196 261 257 159 310
8 12 42 25 32 38 23 56 36 74 44 55 55 43 64 24 61
6 17 38 58 15 75 53 45 107 11 87 -31 70
3 18 2 110 54 17 85
4 76 82 167 14 259 84 168 179
5 3 0 54 -15 96 19 52 76 -13 59
7 36 61 59 42 97 26 103 72 100 107 67 127 40 85
5 23 70 103 6 175 111 116 175 12 149
7 -12 35 15 22 49 29 62 52 43 75 22 88 0 69
5 12 -11 102 -48 155 29 100 98 27 94
3 133 99 224 191 136 220
3 259 172 457 262 297 373
3 44 42 136 101 36 160
6 7 2 30 8 38 21 36 34 15 31 5 20
3 14 0 65 32 20 55
6 15 -16 48 4 63 26 49 54 26 50 10 26
6 115 91 162 90 186 116 162 160 123 157 100 126
4 32 70 121 26 212 84 126 201
4 27 -15 59 18 34 29 9 17
7 6 9 27 -8 46 -3 55 15 48 38 29 29 14 25
7 79 66 107 58 126 73 146 85 125 108 108 106 71 105
6 13 21 47 27 52 51 43 65 19 74 14 53
5 4 12 21 4 32 19 20 34 2 29
4 -2 27 23 10 40 25 26 50
6 14 29 50 -13 91 8 128 35 98 75 39 75
4 37 -4 58 22 35 35 22 19
