0.802101 0.818317 0.808110 0.795627 0.785387 0.777256 0.771130 0.766934 0.764614 0.764145 0.765518 0.768752 0.773886 0.780983 0.790132 0.801452 0.815094 0.831244 0.850138 0.855881 0.831127 0.809661 0.791134 0.775262 0.761813 0.750600 0.741473 0.734313 0.729030 0.725557 0.723853 0.723896 0.725688 0.729251 0.734626 0.741882 0.751111 0.762432 0.775997 0.791996 0.810664 0.832285 0.857214 0.885882 0.918823 0.918001 0.879447 0.845956 0.816818 0.791463 0.769433 0.750355 0.733926 0.719897 0.708069 0.698278 0.690395 0.684318 0.679971 0.677300 0.676272 0.676876 0.679119 0.683028 0.688650 0.696056 0.705342 0.716628 0.730068 0.745854 0.764219 0.785451 0.809903 0.838011 0.870312 0.907476 0.950348 1.000000 0.985060 0.938423 0.898068 0.863034 0.832562 0.806043 0.782990 0.763005 0.745768 0.731014 0.718530 0.708142 0.699713 0.693132 0.688316 0.685206 0.683764 0.683972 0.685833 0.689369 0.694624 0.701663 0.710576 0.721479 0.734518 0.749878 0.767782 0.788508 0.812396 0.839863 0.871425 0.890863 0.864702 0.842004 0.822398 0.805581 0.791306 0.779373 0.769621 0.761922 0.756180 0.752323 0.750304 0.750097 0.751701 0.755135 0.760440 0.767684 0.776956 0.788377 2671.500000 1.057135 0.833916
0.741487 0.733159 0.715781 0.700858 0.688168 0.677533 0.668808 0.661879 0.656659 0.653080 0.651101 0.650697 0.651862 0.654612 0.658978 0.665017 0.672803 0.682437 0.694047 0.707794 0.723876 0.742535 0.742856 0.730316 0.719898 0.711463 0.704901 0.700131 0.697093 0.695750 0.696086 0.698105 0.701831 0.707311 0.714612 0.723827 0.735076 0.714916 0.678170 0.646497 0.619077 0.595263 0.574546 0.556519 0.540851 0.527277 0.515580 0.505581 0.497138 0.490134 0.484475 0.480089 0.485385 0.495327 0.506931 0.520377 0.535881 0.553712 0.574201 0.597760 0.624906 0.656290 0.692751 0.735376 0.785609 0.845392 0.917416 1.000000 0.974699 0.952885 0.934228 0.918457 0.905355 0.894747 0.886495 0.867144 0.802421 0.748366 0.702720 0.663830 0.630458 0.601661 0.576708 0.555026 0.536160 0.519746 0.505489 0.493149 0.482532 0.473479 0.471118 0.470159 0.470335 0.471647 0.474112 0.477760 0.482636 0.488803 0.496340 0.505350 0.515959 0.528324 0.542634 0.559126 0.578088 0.599878 0.624939 0.653828 0.687255 0.726126 0.771629 0.825337 0.857962 0.832957 0.811266 0.792538 0.776483 0.762867 0.751500 0.742228 0.734931 0.729516 0.725917 0.724089 0.724010 0.725679 0.729116 0.734364 4566.000000 1.250604 0.741552
0.869852 0.847233 0.827705 0.810966 0.796772 0.784925 0.775266 0.767668 0.762036 0.758299 0.756412 0.756352 0.758118 0.761732 0.767238 0.774704 0.784224 0.795923 0.809957 0.826521 0.845857 0.868262 0.848261 0.810039 0.776903 0.748104 0.723042 0.701240 0.682310 0.665938 0.651866 0.639886 0.629829 0.621557 0.614962 0.609959 0.606486 0.604501 0.603979 0.604914 0.607317 0.611218 0.616664 0.623724 0.632490 0.643076 0.655629 0.670329 0.687398 0.707106 0.729788 0.755854 0.785815 0.820306 0.860132 0.906317 0.960187 0.938254 0.911308 0.887945 0.867788 0.850530 0.835919 0.823753 0.813868 0.806137 0.800462 0.796772 0.795022 0.795192 0.797283 0.801320 0.807353 0.815457 0.825736 0.838321 0.853384 0.871136 0.891835 0.863116 0.830097 0.801371 0.776374 0.754652 0.735838 0.719630 0.705784 0.694102 0.684422 0.676616 0.670583 0.666248 0.663557 0.662476 0.662995 0.665117 0.668870 0.674299 0.681472 0.690480 0.689944 0.679780 0.671504 0.665011 0.660218 0.657064 0.655512 0.655544 0.657158 0.660375 0.665234 0.671796 0.680143 0.690385 0.702658 0.717135 0.734026 0.753591 0.776148 0.802090 0.831900 0.866177 0.905677 0.951353 1.000000 0.960375 0.925916 0.895928 5147.000000 1.276321 0.824042
0.969940 1.000000 0.939926 0.888680 0.844663 0.806652 0.773699 0.745056 0.720132 0.698449 0.679624 0.663342 0.649351 0.637441 0.627444 0.619225 0.612676 0.607712 0.604272 0.602314 0.601813 0.602764 0.605179 0.609086 0.614534 0.621591 0.630349 0.640923 0.653458 0.668136 0.685177 0.704852 0.727495 0.753516 0.783426 0.804745 0.776009 0.751002 0.729258 0.710401 0.694125 0.680179 0.668362 0.658507 0.650483 0.644186 0.639535 0.636473 0.634963 0.634986 0.636543 0.639652 0.644351 0.650699 0.658777 0.668688 0.680567 0.694579 0.710929 0.729869 0.751705 0.776817 0.805673 0.838855 0.877090 0.921304 0.972679 0.948020 0.897978 0.854911 0.817666 0.785343 0.757233 0.732770 0.711499 0.693051 0.677125 0.663477 0.651908 0.642256 0.634391 0.628213 0.623641 0.620619 0.619111 0.619099 0.620581 0.623576 0.628121 0.634272 0.642106 0.651726 0.663261 0.676872 0.692757 0.711160 0.732380 0.756784 0.759829 0.735849 0.715007 0.696946 0.681376 0.668060 0.656807 0.647461 0.639896 0.634017 0.629748 0.627036 0.625849 0.626172 0.628009 0.631382 0.636333 0.642923 0.651237 0.661383 0.673498 0.687752 0.704357 0.723570 0.745707 0.771158 0.800404 0.834044 0.872831 0.917720 3506.000000 1.268506 0.762569
0.773527 0.753884 0.736946 0.722454 0.710199 0.700011 0.691755 0.685322 0.680633 0.677629 0.676273 0.676549 0.678461 0.682031 0.687304 0.694344 0.703242 0.714114 0.727106 0.742401 0.752121 0.740629 0.731217 0.723764 0.718173 0.714376 0.712326 0.711998 0.713388 0.716514 0.721412 0.728144 0.736794 0.747475 0.760329 0.775533 0.793309 0.813925 0.837713 0.865080 0.896528 0.932681 0.907549 0.882056 0.859972 0.840943 0.824681 0.810953 0.799569 0.790378 0.783261 0.778130 0.774920 0.773592 0.774130 0.776542 0.780855 0.787123 0.795425 0.805866 0.818582 0.833748 0.844998 0.809866 0.779342 0.752782 0.729673 0.709600 0.692224 0.677271 0.664518 0.653782 0.644916 0.637804 0.632353 0.628496 0.626185 0.625393 0.626109 0.628341 0.632119 0.637487 0.644512 0.653286 0.663924 0.676570 0.691406 0.703193 0.704399 0.707317 0.711982 0.718451 0.726805 0.737153 0.749631 0.764413 0.781710 0.801785 0.824957 0.851622 0.882265 0.917487 0.958043 1.000000 0.956933 0.919547 0.887028 0.858729 0.834128 0.812800 0.794402 0.778652 0.765323 0.754229 0.745221 0.738184 0.733027 0.729688 0.728125 0.728320 0.730275 0.734013 0.739580 0.747047 0.756506 0.768082 0.781931 0.796190 5302.500000 1.201947 0.863536
0.822406 0.802526 0.785431 0.770868 0.758630 0.748549 0.740493 0.734359 0.730070 0.727573 0.726839 0.727857 0.724500 0.721613 0.720477 0.721080 0.723428 0.727550 0.733496 0.741341 0.751184 0.763156 0.777419 0.794175 0.813672 0.836216 0.850507 0.832767 0.817682 0.805038 0.794665 0.786427 0.780217 0.775960 0.773603 0.773116 0.774495 0.777756 0.782938 0.790107 0.799351 0.810790 0.824577 0.840902 0.860000 0.882160 0.877227 0.861904 0.849118 0.838697 0.830505 0.824439 0.820422 0.818407 0.818368 0.820305 0.824242 0.830227 0.838333 0.848664 0.861354 0.876573 0.894533 0.915496 0.939784 0.967790 1.000000 0.998676 0.952576 0.912647 0.877960 0.847780 0.821520 0.798705 0.778948 0.761936 0.747414 0.735172 0.725044 0.716895 0.710619 0.706139 0.697317 0.688619 0.681759 0.676647 0.673222 0.671440 0.671281 0.672742 0.675841 0.680616 0.687126 0.695454 0.705707 0.718022 0.732571 0.749565 0.769263 0.790351 0.793808 0.799229 0.806682 0.816260 0.828087 0.842321 0.859158 0.878843 0.901675 0.924913 0.913764 0.905036 0.898616 0.894427 0.892417 0.892561 0.894862 0.899346 0.906069 0.915115 0.926598 0.940668 0.957514 0.977372 0.937213 0.902260 0.871846 0.845385 1572.500000 1.111569 0.885430
0.914399 0.949469 0.903416 0.863608 0.829073 0.799045 0.772913 0.750186 0.730467 0.713432 0.698820 0.686414 0.676041 0.667562 0.660865 0.655865 0.652500 0.650730 0.650532 0.651904 0.654863 0.659444 0.665706 0.673726 0.683608 0.695486 0.709522 0.725922 0.714741 0.692581 0.673327 0.656653 0.642296 0.630038 0.619704 0.611153 0.604270 0.598967 0.595178 0.592856 0.591973 0.592517 0.594496 0.597933 0.602872 0.609373 0.615892 0.615874 0.617343 0.620317 0.624833 0.630946 0.638734 0.648298 0.659766 0.673298 0.689093 0.707390 0.728490 0.752755 0.780638 0.812700 0.849643 0.892356 0.941980 1.000000 0.999643 0.948131 0.903739 0.865309 0.831937 0.802906 0.777642 0.755685 0.736660 0.720262 0.706242 0.694399 0.684568 0.675470 0.654770 0.636789 0.621227 0.607836 0.596417 0.586806 0.578873 0.572512 0.567643 0.564203 0.562150 0.561460 0.562125 0.564152 0.567565 0.572408 0.578740 0.586643 0.596221 0.607605 0.620957 0.636477 0.654410 0.675056 0.698785 0.726057 0.714472 0.703192 0.693909 0.686499 0.680870 0.676949 0.674690 0.674064 0.675063 0.677701 0.682009 0.688041 0.695871 0.705601 0.717360 0.731309 0.747647 0.766622 0.788534 0.813754 0.842738 0.876050 1819.500000 1.337319 0.802679
0.556593 0.552738 0.550254 0.549108 0.549287 0.550794 0.553647 0.557880 0.563547 0.570719 0.579490 0.589978 0.602331 0.616730 0.633397 0.652606 0.674693 0.700072 0.729261 0.762908 0.801836 0.847099 0.867751 0.829752 0.796780 0.768108 0.743157 0.721458 0.702636 0.686382 0.672446 0.660625 0.650753 0.642697 0.636353 0.631639 0.628498 0.626890 0.626797 0.628217 0.631167 0.635684 0.641824 0.649663 0.659305 0.670877 0.684542 0.700497 0.718987 0.740312 0.764839 0.793023 0.825429 0.862762 0.895281 0.845937 0.803584 0.767028 0.735349 0.707820 0.683865 0.663024 0.644924 0.629261 0.615789 0.604308 0.594653 0.586692 0.580322 0.575460 0.572045 0.570036 0.569408 0.570153 0.572281 0.575817 0.580805 0.587308 0.595408 0.601802 0.594750 0.589264 0.585275 0.582734 0.581611 0.581891 0.583578 0.586692 0.591271 0.597373 0.605075 0.614478 0.625710 0.638927 0.654325 0.672142 0.692673 0.716277 0.743401 0.774600 0.810570 0.852197 0.900617 0.957317 1.000000 0.937226 0.883871 0.838174 0.798800 0.764719 0.735125 0.709382 0.686980 0.667509 0.650635 0.636087 0.623646 0.613130 0.604395 0.597325 0.591827 0.587833 0.585293 0.584175 0.584468 0.576947 0.568620 0.561865 601.500000 1.196053 0.751243
0.861586 0.900039 0.944465 0.996030 1.000000 0.955154 0.916269 0.882470 0.853058 0.827472 0.805260 0.786053 0.769552 0.755512 0.743735 0.734060 0.726362 0.720541 0.716525 0.714265 0.713733 0.714923 0.717849 0.722547 0.729075 0.737514 0.724575 0.705905 0.689793 0.675993 0.664303 0.654560 0.646634 0.640423 0.635846 0.632849 0.631393 0.631462 0.633057 0.636195 0.640917 0.647281 0.655366 0.665280 0.677154 0.691155 0.707488 0.726403 0.748210 0.773288 0.802103 0.835240 0.849456 0.829154 0.811710 0.796865 0.784409 0.774172 0.766021 0.759851 0.755586 0.753172 0.752582 0.753806 0.756861 0.761784 0.768634 0.777500 0.788493 0.801762 0.817487 0.835896 0.857266 0.881938 0.910330 0.942957 0.904884 0.866135 0.832492 0.803227 0.777760 0.755622 0.736435 0.719890 0.705734 0.693764 0.683813 0.675748 0.669465 0.664885 0.661951 0.660627 0.660897 0.662765 0.666254 0.671405 0.678283 0.686976 0.697597 0.710289 0.725232 0.742644 0.762795 0.760057 0.739922 0.722523 0.707588 0.694898 0.684276 0.675575 0.668684 0.663515 0.660003 0.658104 0.657797 0.659077 0.661960 0.666481 0.672696 0.680683 0.690546 0.702415 0.716456 0.732872 0.751911 0.773880 0.799154 0.828198 1435.000000 1.260822 0.830987
0.983451 0.947325 0.877317 0.818781 0.769304 0.727119 0.690897 0.659627 0.632522 0.608966 0.588469 0.570636 0.555151 0.541754 0.530236 0.520425 0.512182 0.505395 0.499974 0.495850 0.492971 0.491302 0.490823 0.491528 0.493426 0.496539 0.500905 0.506581 0.513638 0.522170 0.532295 0.526050 0.512195 0.500226 0.489957 0.481237 0.473943 0.467978 0.463264 0.459740 0.457363 0.456103 0.455946 0.456889 0.458944 0.462136 0.466504 0.472104 0.479008 0.487308 0.497120 0.508585 0.521879 0.537215 0.554857 0.575129 0.598436 0.625281 0.656303 0.692319 0.734389 0.783914 0.842778 0.913580 1.000000 0.959749 0.885448 0.823667 0.771683 0.727519 0.689709 0.657139 0.628954 0.604483 0.583198 0.564674 0.548572 0.534615 0.522579 0.512279 0.503567 0.496322 0.490448 0.485868 0.482524 0.480375 0.479395 0.479572 0.480908 0.483420 0.487137 0.492107 0.498393 0.506076 0.515260 0.526075 0.529550 0.516525 0.505314 0.495748 0.487690 0.481030 0.475681 0.471572 0.468654 0.466889 0.466256 0.466748 0.468370 0.471143 0.475101 0.480292 0.486783 0.494661 0.504031 0.515029 0.527817 0.542596 0.559614 0.579175 0.601654 0.627522 0.657369 0.691947 0.732227 0.779480 0.835403 0.902314 1598.000000 1.907008 0.646452
0.922127 1.000000 0.936443 0.863931 0.803638 0.752907 0.709810 0.672912 0.641129 0.613625 0.589745 0.568974 0.550899 0.535186 0.521566 0.509820 0.499769 0.491267 0.484197 0.478463 0.473992 0.470728 0.468629 0.467671 0.467841 0.469142 0.471590 0.475214 0.480060 0.486189 0.493681 0.502637 0.513184 0.525476 0.539703 0.556099 0.574951 0.596613 0.621528 0.650249 0.683480 0.722123 0.767357 0.820746 0.884411 0.961292 0.951958 0.883653 0.826351 0.777788 0.736291 0.700600 0.669748 0.642983 0.619710 0.599456 0.581842 0.566560 0.553359 0.542035 0.532422 0.524385 0.517816 0.512630 0.508760 0.506158 0.504793 0.504647 0.505719 0.508023 0.511585 0.516451 0.522682 0.530358 0.539582 0.550482 0.563217 0.577980 0.595010 0.614600 0.637110 0.662990 0.692802 0.727255 0.767259 0.813995 0.869024 0.934447 0.869211 0.812968 0.765292 0.724548 0.689499 0.659200 0.632912 0.610054 0.590161 0.572862 0.557853 0.544890 0.533772 0.524337 0.516452 0.510011 0.504931 0.501146 0.498609 0.497290 0.497173 0.498256 0.500552 0.504089 0.508911 0.515079 0.522674 0.531796 0.542572 0.555159 0.569749 0.586578 0.605936 0.628180 0.653754 0.683215 0.717266 0.756808 0.803011 0.857423 6280.000000 1.099765 0.602541
0.709316 0.644300 0.591507 0.547931 0.511483 0.480666 0.454385 0.431815 0.412327 0.395434 0.380752 0.367975 0.356860 0.347209 0.338861 0.331685 0.325575 0.320444 0.316223 0.312854 0.310297 0.308518 0.307496 0.307219 0.307682 0.308893 0.310864 0.313622 0.317199 0.321643 0.327013 0.333381 0.340840 0.349502 0.359504 0.371015 0.384244 0.399450 0.416954 0.437164 0.460599 0.487932 0.520044 0.558121 0.603783 0.659313 0.728023 0.814912 0.789693 0.744719 0.706201 0.673013 0.644287 0.619344 0.597646 0.578764 0.562352 0.548129 0.535867 0.525379 0.516515 0.509151 0.503189 0.498553 0.495183 0.493038 0.492092 0.492333 0.493765 0.496405 0.500284 0.505452 0.511974 0.519936 0.529445 0.540635 0.553670 0.568754 0.586134 0.606116 0.629078 0.626925 0.586690 0.552560 0.523374 0.498256 0.476534 0.457684 0.441291 0.427025 0.414620 0.403861 0.394572 0.386612 0.379863 0.374232 0.369643 0.366037 0.363367 0.361601 0.360716 0.360703 0.361560 0.363299 0.365941 0.369518 0.374076 0.379673 0.386386 0.394308 0.403553 0.414265 0.426616 0.440821 0.457144 0.475913 0.497539 0.522543 0.551592 0.585554 0.625580 0.673219 0.730617 0.800824 0.888326 1.000000 0.896503 0.791045 1929.500000 1.732948 0.541800
0.957921 0.918467 0.884180 0.854345 0.828389 0.805847 0.786344 0.769572 0.755283 0.743272 0.733377 0.725466 0.719439 0.715220 0.712758 0.712021 0.713003 0.715713 0.718315 0.705911 0.695575 0.687169 0.680584 0.675736 0.672566 0.671034 0.671122 0.672832 0.676183 0.681218 0.687997 0.696608 0.707163 0.719803 0.734705 0.735001 0.731346 0.729475 0.729367 0.731019 0.734452 0.739709 0.746853 0.755975 0.767194 0.780660 0.796561 0.815127 0.836643 0.861458 0.889999 0.922795 0.960503 0.970075 0.941387 0.916492 0.894980 0.876518 0.860834 0.847708 0.836962 0.828456 0.822082 0.817760 0.815437 0.815086 0.816701 0.820303 0.825936 0.833669 0.843599 0.855856 0.870602 0.885567 0.853723 0.826010 0.801911 0.781007 0.762956 0.747480 0.734354 0.723394 0.714452 0.707411 0.702183 0.698703 0.696928 0.696836 0.698427 0.701719 0.706753 0.696518 0.686307 0.678000 0.671490 0.666695 0.663556 0.662033 0.662108 0.663783 0.667078 0.672032 0.678708 0.687190 0.697588 0.710043 0.724728 0.741859 0.761698 0.784570 0.810871 0.841094 0.875849 0.883865 0.877399 0.873115 0.870961 0.870910 0.872962 0.877142 0.883501 0.892117 0.903100 0.916593 0.932777 0.951876 0.974170 1.000000 2146.500000 1.224957 0.883162
0.852650 0.844052 0.837624 0.833285 0.830983 0.830689 0.832399 0.836136 0.841943 0.849894 0.860087 0.872656 0.887769 0.905634 0.926511 0.950718 0.978644 1.000000 0.965826 0.936092 0.910261 0.887899 0.868651 0.852230 0.838401 0.826974 0.817797 0.810754 0.805756 0.802741 0.801673 0.802538 0.805347 0.810135 0.816960 0.825907 0.837091 0.850660 0.866799 0.885737 0.907757 0.906493 0.893512 0.882994 0.874803 0.868837 0.865022 0.863311 0.863683 0.866143 0.870721 0.877472 0.886481 0.897863 0.911766 0.899141 0.883947 0.871322 0.861098 0.853143 0.847355 0.843665 0.842027 0.842420 0.844850 0.849346 0.855963 0.864784 0.875921 0.889519 0.905762 0.924880 0.947152 0.972926 0.964877 0.940934 0.920313 0.902705 0.887857 0.875565 0.865665 0.858030 0.852565 0.849202 0.847900 0.848644 0.851442 0.856328 0.863362 0.872632 0.855340 0.840404 0.827942 0.817786 0.809803 0.803892 0.799980 0.798019 0.797985 0.799878 0.803722 0.809561 0.817471 0.827549 0.839928 0.854774 0.872293 0.892740 0.916430 0.943748 0.975165 0.997376 0.969337 0.945046 0.924114 0.906226 0.891123 0.878597 0.868481 0.860646 0.854992 0.851449 0.849976 0.850552 0.853186 0.857910 0.864782 0.863526 11570.000000 1.079180 0.909797
0.512797 0.498828 0.486742 0.476348 0.467492 0.470517 0.486629 0.505144 0.526441 0.551000 0.579426 0.612500 0.651243 0.697011 0.751645 0.817711 0.861031 0.849866 0.840986 0.834279 0.829660 0.827075 0.826490 0.827899 0.831319 0.836792 0.844385 0.854194 0.866345 0.880999 0.898360 0.918676 0.942254 0.951476 0.929243 0.910169 0.893972 0.880426 0.869347 0.860590 0.854046 0.849631 0.847293 0.847003 0.848756 0.852575 0.858507 0.791652 0.734589 0.686743 0.646210 0.611587 0.581815 0.556085 0.533765 0.514360 0.497472 0.482784 0.478323 0.484526 0.492093 0.501127 0.511754 0.524132 0.538453 0.554953 0.573923 0.595721 0.620795 0.649707 0.683169 0.722099 0.767696 0.821551 0.885828 0.963534 0.965710 0.934380 0.907136 0.883504 0.863098 0.845605 0.830768 0.818381 0.808276 0.800323 0.794419 0.790492 0.788495 0.788401 0.790212 0.793947 0.799654 0.807403 0.798020 0.784705 0.773661 0.764740 0.757827 0.752835 0.749703 0.748392 0.748887 0.751194 0.755340 0.761376 0.769378 0.779448 0.791717 0.806353 0.823561 0.843597 0.866771 0.893469 0.924160 0.959428 1.000000 0.929459 0.852773 0.789535 0.736680 0.692020 0.653951 0.621270 0.593061 0.568613 0.547368 0.528881 7401.000000 1.078010 0.696750
0.922114 0.868502 0.822654 0.783196 0.749071 0.719458 0.693704 0.671292 0.651803 0.634901 0.620310 0.607805 0.597205 0.588362 0.581156 0.575495 0.571305 0.568536 0.567154 0.567141 0.568497 0.571240 0.575402 0.581035 0.588211 0.597022 0.607588 0.620054 0.634604 0.651461 0.670897 0.693251 0.718937 0.712456 0.697280 0.684351 0.673486 0.664537 0.657385 0.651939 0.648132 0.645915 0.645263 0.646168 0.648639 0.652708 0.658425 0.665861 0.675112 0.686301 0.699580 0.715140 0.728397 0.712708 0.699329 0.688071 0.678778 0.671329 0.665628 0.661604 0.659206 0.658406 0.659194 0.661580 0.665592 0.671280 0.678716 0.687994 0.699237 0.712599 0.728270 0.746485 0.767531 0.791761 0.819609 0.851614 0.888448 0.902537 0.849595 0.804351 0.765432 0.731788 0.702598 0.677216 0.655127 0.635917 0.619252 0.604857 0.592511 0.582034 0.573277 0.566124 0.560480 0.556275 0.553456 0.551989 0.551855 0.553053 0.555598 0.559521 0.564870 0.571712 0.570549 0.565587 0.562053 0.559903 0.559112 0.559669 0.561582 0.564873 0.569583 0.575771 0.583516 0.592921 0.604112 0.617250 0.632530 0.650192 0.670530 0.693907 0.720772 0.751685 0.787350 0.828664 0.876782 0.933221 1.000000 0.985311 4649.500000 1.239126 0.768634
0.939213 0.887408 0.842944 0.804569 0.771313 0.742415 0.717269 0.695392 0.676391 0.659948 0.645804 0.633749 0.623610 0.615250 0.608557 0.603446 0.599854 0.597736 0.597066 0.597836 0.600055 0.603751 0.608969 0.615774 0.624254 0.634521 0.646715 0.661010 0.677622 0.696811 0.718902 0.744291 0.773470 0.807054 0.830593 0.798202 0.770028 0.745510 0.724196 0.705720 0.689783 0.676143 0.664602 0.655000 0.647209 0.641127 0.636677 0.633806 0.632477 0.632675 0.634401 0.637678 0.642544 0.649061 0.657311 0.667403 0.679471 0.693686 0.710256 0.729437 0.751543 0.776962 0.806171 0.839763 0.878485 0.923283 0.892951 0.853604 0.819469 0.789789 0.763959 0.741496 0.722005 0.705168 0.690725 0.678463 0.668210 0.659829 0.653209 0.648267 0.644942 0.643192 0.642996 0.644352 0.647277 0.651806 0.657994 0.665922 0.675690 0.687429 0.701303 0.717513 0.736306 0.757985 0.782923 0.757594 0.731535 0.708859 0.689158 0.672098 0.657407 0.644865 0.634292 0.625543 0.618501 0.613077 0.609202 0.606829 0.605928 0.606489 0.608517 0.612039 0.617098 0.623756 0.632098 0.642235 0.654304 0.668477 0.684964 0.704023 0.725973 0.751204 0.780198 0.813559 0.852046 0.896621 0.948529 1.000000 1555.500000 1.197242 0.768737
0.696273 0.716673 0.740141 0.767108 0.745540 0.721386 0.700382 0.682164 0.666434 0.652951 0.641518 0.631974 0.624192 0.618070 0.613531 0.610517 0.608994 0.608941 0.610358 0.613263 0.617691 0.623697 0.631357 0.640770 0.652062 0.665392 0.680952 0.698982 0.719774 0.743688 0.771166 0.769763 0.749951 0.732854 0.718211 0.705808 0.695474 0.687069 0.680485 0.675638 0.672468 0.670937 0.671025 0.672734 0.676085 0.681119 0.687897 0.696507 0.707060 0.719698 0.734599 0.751979 0.772106 0.795309 0.821992 0.852653 0.887911 0.922607 0.859205 0.805773 0.760323 0.721370 0.687791 0.658715 0.633462 0.611493 0.592375 0.575762 0.561370 0.548971 0.538377 0.529435 0.522022 0.516040 0.511412 0.508079 0.506000 0.505150 0.505519 0.507111 0.509946 0.514058 0.519498 0.526336 0.534662 0.544588 0.556256 0.569837 0.585544 0.603637 0.624436 0.648337 0.675833 0.707545 0.744260 0.786995 0.837075 0.896268 0.966977 1.000000 0.940946 0.890504 0.847132 0.809648 0.777134 0.748865 0.724264 0.702867 0.684299 0.668256 0.654488 0.642794 0.633008 0.624999 0.618661 0.613915 0.610702 0.608981 0.608732 0.609953 0.612657 0.616878 0.622668 0.630100 0.639270 0.650301 0.663345 0.678592 4528.000000 1.246025 0.742828
0.838880 0.871437 0.908901 0.904922 0.857084 0.815916 0.780316 0.749422 0.722556 0.699175 0.678844 0.661211 0.645986 0.632938 0.621875 0.612643 0.605117 0.599199 0.594816 0.591912 0.590451 0.590417 0.591808 0.594641 0.598952 0.604794 0.612240 0.621387 0.632358 0.645306 0.660420 0.677931 0.698123 0.721347 0.748033 0.778717 0.814071 0.835272 0.819057 0.805362 0.793999 0.784817 0.777696 0.772548 0.769309 0.767940 0.768423 0.770765 0.774993 0.781161 0.789345 0.799648 0.812207 0.827191 0.844812 0.865330 0.889064 0.916408 0.947842 0.921995 0.866210 0.818650 0.777818 0.742569 0.712017 0.685466 0.662362 0.642262 0.624807 0.609705 0.596720 0.585657 0.576361 0.568704 0.562585 0.557926 0.554669 0.552774 0.552218 0.552993 0.555110 0.558594 0.563488 0.569854 0.577773 0.587350 0.598716 0.612035 0.627506 0.645374 0.665941 0.689578 0.716745 0.748016 0.784115 0.825967 0.874764 0.932075 1.000000 0.958066 0.914038 0.875896 0.842758 0.813926 0.788839 0.767045 0.748176 0.731935 0.718077 0.706404 0.696756 0.689006 0.683053 0.678824 0.676267 0.675349 0.676060 0.678409 0.682424 0.688154 0.695672 0.705073 0.716481 0.730052 0.745979 0.764499 0.785904 0.810551 1928.000000 1.254874 0.756236
0.607961 0.603305 0.600155 0.598472 0.599602 0.604844 0.611665 0.620153 0.630419 0.642606 0.656887 0.673476 0.692637 0.714692 0.740039 0.769171 0.802704 0.834996 0.830290 0.827621 0.826954 0.828282 0.831621 0.837012 0.844520 0.854242 0.866300 0.880857 0.898112 0.918313 0.941765 0.968841 1.000000 0.973440 0.931646 0.895360 0.863798 0.836332 0.812456 0.791759 0.773909 0.758633 0.745711 0.734962 0.726243 0.719442 0.714472 0.711272 0.709803 0.710047 0.712007 0.715707 0.721192 0.728530 0.737815 0.733823 0.723354 0.714879 0.708286 0.703493 0.700440 0.699091 0.699428 0.701457 0.705201 0.710707 0.718043 0.727302 0.738606 0.752107 0.767996 0.786506 0.807925 0.832322 0.815896 0.802001 0.790443 0.781069 0.773756 0.768414 0.764974 0.763397 0.763661 0.765772 0.769753 0.775655 0.783550 0.793539 0.805752 0.820354 0.837550 0.857593 0.851314 0.835293 0.821807 0.810671 0.801739 0.794896 0.790056 0.787159 0.786170 0.787078 0.789893 0.794649 0.801406 0.810247 0.821285 0.834668 0.850576 0.869238 0.890931 0.915998 0.944859 0.978030 0.924421 0.874891 0.832302 0.795494 0.763565 0.735805 0.711647 0.690636 0.672403 0.656649 0.643131 0.631649 0.622042 0.614180 3552.500000 1.129321 0.850868
0.808868 0.826221 0.846420 0.850669 0.826172 0.804931 0.786602 0.770905 0.757612 0.746538 0.737533 0.730483 0.725296 0.721910 0.720282 0.720393 0.722244 0.725858 0.731279 0.738574 0.747836 0.759186 0.772775 0.788795 0.807480 0.829117 0.842593 0.832997 0.825584 0.820260 0.816960 0.815643 0.816294 0.818921 0.823555 0.830253 0.839099 0.850206 0.863719 0.879823 0.898745 0.920766 0.946230 0.975559 1.000000 0.964435 0.933484 0.906574 0.883240 0.863105 0.845859 0.831252 0.819081 0.809183 0.801428 0.795720 0.791986 0.790183 0.781174 0.759583 0.740891 0.724801 0.711071 0.699506 0.689946 0.682266 0.676366 0.672173 0.669635 0.668721 0.669420 0.671740 0.675710 0.681378 0.688816 0.698118 0.709408 0.722838 0.738601 0.756930 0.778115 0.802508 0.830547 0.862769 0.899847 0.932373 0.908788 0.888454 0.871063 0.856363 0.844151 0.834264 0.826574 0.820984 0.817425 0.815854 0.816252 0.818623 0.822996 0.829426 0.837991 0.848801 0.861998 0.877759 0.896307 0.917915 0.942918 0.940321 0.907743 0.879394 0.854760 0.833421 0.815037 0.799331 0.786076 0.775091 0.766229 0.759376 0.754446 0.751378 0.750135 0.750702 0.753084 0.757313 0.763438 0.771538 0.781714 0.794101 7454.500000 1.209231 0.877102
0.709234 0.694663 0.682288 0.671937 0.663470 0.656777 0.651771 0.648391 0.646596 0.646364 0.647692 0.650595 0.655111 0.661293 0.669221 0.678997 0.690751 0.704648 0.720887 0.739716 0.761439 0.786428 0.815143 0.848156 0.886180 0.874530 0.852719 0.833930 0.817878 0.804335 0.793111 0.784060 0.777064 0.772035 0.768911 0.767654 0.768249 0.770703 0.775046 0.781331 0.789637 0.800070 0.812766 0.827898 0.845680 0.866376 0.890309 0.917875 0.949565 0.929668 0.877458 0.832699 0.794106 0.760682 0.731650 0.706392 0.684413 0.665316 0.648775 0.634529 0.622362 0.612099 0.603600 0.596752 0.591467 0.587677 0.585337 0.584418 0.584909 0.586815 0.590160 0.594985 0.601350 0.609337 0.619050 0.630622 0.644216 0.660034 0.678324 0.699390 0.723604 0.751431 0.773309 0.765921 0.760488 0.756942 0.755240 0.755361 0.757307 0.761102 0.766791 0.774445 0.784162 0.796069 0.810324 0.827129 0.846728 0.869424 0.895587 0.925673 0.960244 1.000000 0.999498 0.947559 0.902819 0.864102 0.830487 0.801247 0.775802 0.753683 0.734511 0.717976 0.703828 0.691862 0.681910 0.673841 0.667551 0.662959 0.660009 0.658665 0.658910 0.660748 0.664201 0.669311 0.676142 0.684781 0.695340 0.707961 13087.000000 1.331785 0.819933
0.952914 1.000000 0.958981 0.912797 0.872863 0.838211 0.808078 0.781855 0.759051 0.739270 0.722189 0.707546 0.695127 0.684757 0.676297 0.669637 0.664693 0.661403 0.659727 0.659644 0.661154 0.664275 0.669045 0.675523 0.683792 0.693957 0.695586 0.686199 0.678675 0.672917 0.668855 0.666437 0.665634 0.666437 0.668855 0.672917 0.678675 0.686199 0.695586 0.706960 0.720477 0.736330 0.754755 0.776043 0.792042 0.782485 0.775000 0.769494 0.765897 0.764167 0.764281 0.766241 0.770072 0.775819 0.783554 0.793376 0.805413 0.819825 0.836816 0.856633 0.879581 0.906036 0.895723 0.863909 0.836223 0.812153 0.791282 0.773273 0.757851 0.744792 0.733912 0.725068 0.718144 0.713052 0.709730 0.708136 0.708253 0.710080 0.713640 0.718977 0.726157 0.735271 0.746438 0.756785 0.740050 0.725749 0.713678 0.703668 0.695589 0.689334 0.684826 0.682009 0.680849 0.681331 0.683462 0.687266 0.692792 0.700108 0.709306 0.720509 0.733867 0.749570 0.767850 0.782813 0.764428 0.748650 0.735245 0.724025 0.714838 0.707565 0.702113 0.698414 0.696423 0.696115 0.697487 0.700556 0.705359 0.711954 0.720427 0.730885 0.743469 0.758353 0.775751 0.795930 0.819212 0.845998 0.876777 0.912161 16366.500000 1.143342 0.864676
0.994094 0.917797 0.854288 0.800804 0.755335 0.716385 0.682819 0.653762 0.628530 0.606580 0.587479 0.570878 0.556492 0.544093 0.533491 0.524534 0.517098 0.511084 0.506414 0.503030 0.500889 0.499966 0.500249 0.501741 0.504462 0.508444 0.513737 0.520407 0.528544 0.538256 0.549681 0.562987 0.578382 0.596118 0.616509 0.639940 0.666893 0.697971 0.733943 0.775794 0.824813 0.882716 0.951827 0.937452 0.874308 0.820986 0.775556 0.736571 0.702930 0.673781 0.648452 0.626413 0.607238 0.590583 0.576167 0.563765 0.553189 0.544291 0.536947 0.531061 0.526557 0.523380 0.521489 0.520862 0.521492 0.523385 0.526566 0.531072 0.536961 0.544308 0.553211 0.563790 0.576196 0.590616 0.607277 0.626458 0.648503 0.673840 0.702998 0.736650 0.775647 0.821093 0.874434 0.937602 0.990574 0.913078 0.848725 0.794634 0.748720 0.709437 0.675618 0.646363 0.620970 0.598885 0.579665 0.562955 0.548465 0.535962 0.525253 0.516182 0.508625 0.502478 0.497663 0.494118 0.491800 0.490680 0.490744 0.491994 0.494445 0.498126 0.503084 0.509380 0.517098 0.526341 0.537238 0.549949 0.564669 0.581638 0.601152 0.623575 0.649361 0.679078 0.713446 0.753391 0.800115 0.855215 0.920847 1.000000 1725.500000 1.072616 0.603491
0.901138 0.876392 0.854974 0.836545 0.820829 0.807602 0.796684 0.787930 0.781228 0.776494 0.773669 0.772720 0.773634 0.775376 0.746198 0.720810 0.698721 0.679534 0.662926 0.648637 0.636451 0.626196 0.617730 0.610942 0.605745 0.602075 0.599885 0.599148 0.595920 0.590865 0.587298 0.585175 0.584470 0.585175 0.587298 0.590865 0.595920 0.602527 0.610769 0.620757 0.632625 0.646545 0.662723 0.681416 0.702936 0.706367 0.705255 0.705845 0.708144 0.712178 0.717999 0.725678 0.735314 0.747032 0.760994 0.777396 0.796481 0.818549 0.843965 0.873182 0.906757 0.882518 0.857984 0.836738 0.818443 0.802824 0.789656 0.778759 0.769989 0.763232 0.758404 0.755445 0.754319 0.755013 0.757534 0.761914 0.768207 0.776491 0.786871 0.799485 0.814504 0.815050 0.781248 0.751876 0.726319 0.704084 0.684769 0.668053 0.653670 0.641407 0.631087 0.622570 0.615744 0.610521 0.606835 0.604641 0.603913 0.597440 0.589217 0.582601 0.577508 0.573874 0.571653 0.570820 0.571364 0.573291 0.576625 0.581406 0.587696 0.595573 0.605142 0.616534 0.629909 0.642534 0.654706 0.668991 0.685601 0.704799 0.726905 0.752313 0.781512 0.815113 0.853882 0.898797 0.951118 1.000000 0.962370 0.929627 966.000000 1.237335 0.849100
0.874728 0.845329 0.819752 0.797543 0.778331 0.761814 0.747748 0.735933 0.726208 0.718445 0.712544 0.708432 0.706059 0.705395 0.706433 0.709185 0.713684 0.719986 0.728171 0.738343 0.750637 0.765222 0.782307 0.802149 0.825063 0.851437 0.881746 0.916582 0.956684 0.980332 0.920538 0.869593 0.825877 0.788153 0.755466 0.727064 0.702350 0.680848 0.662171 0.646007 0.632099 0.620240 0.610261 0.602025 0.595424 0.590373 0.586809 0.584687 0.583983 0.584687 0.586809 0.590373 0.595424 0.602025 0.610261 0.620240 0.632099 0.646007 0.662171 0.680848 0.702350 0.727064 0.755466 0.788153 0.825877 0.869593 0.920538 0.980332 1.000000 0.954230 0.914572 0.880116 0.850135 0.824049 0.801389 0.781776 0.764898 0.750503 0.738386 0.728381 0.720356 0.714207 0.709858 0.707255 0.706367 0.707183 0.709712 0.713985 0.720056 0.727999 0.737918 0.749941 0.764235 0.781002 0.800494 0.823016 0.848947 0.841655 0.809425 0.781386 0.756987 0.735784 0.717418 0.701596 0.688078 0.676671 0.667217 0.659590 0.653693 0.649452 0.646813 0.645745 0.646234 0.648287 0.651929 0.657205 0.664179 0.672942 0.683608 0.696322 0.711263 0.728654 0.748766 0.771932 0.798562 0.829165 0.864371 0.904977 1504.000000 1.174057 0.769456
0.571450 0.560741 0.551730 0.544294 0.538336 0.533779 0.530566 0.528657 0.528030 0.528676 0.530603 0.533836 0.538413 0.544392 0.551850 0.560885 0.571620 0.584210 0.598842 0.615746 0.635208 0.627185 0.618498 0.611500 0.606103 0.602239 0.599860 0.598936 0.599457 0.601430 0.604877 0.609842 0.616386 0.624593 0.634571 0.646455 0.660415 0.676657 0.695436 0.717063 0.741923 0.770492 0.803363 0.832377 0.804987 0.781165 0.760491 0.742627 0.727294 0.714268 0.703364 0.694437 0.687368 0.682069 0.678472 0.676535 0.676233 0.677562 0.680540 0.685202 0.691606 0.699833 0.709989 0.722209 0.736664 0.753561 0.742221 0.701603 0.666723 0.636608 0.610503 0.587814 0.568072 0.550896 0.535982 0.523081 0.511991 0.502547 0.494615 0.488087 0.482877 0.478919 0.476163 0.474575 0.474137 0.474842 0.476699 0.479731 0.483975 0.489485 0.496331 0.504605 0.514419 0.525914 0.539264 0.550878 0.563263 0.577642 0.594244 0.613349 0.635304 0.660541 0.689595 0.723145 0.762057 0.807449 0.860798 0.924078 1.000000 0.949856 0.897947 0.853366 0.814873 0.781505 0.752503 0.727266 0.705310 0.686247 0.669758 0.655585 0.643517 0.633384 0.625048 0.618399 0.613351 0.609843 0.598612 0.584011 2959.500000 1.423350 0.774848
0.877009 0.929984 0.992314 0.973972 0.932083 0.895717 0.864086 0.836559 0.812630 0.791885 0.773992 0.758677 0.745718 0.734935 0.726184 0.719351 0.714351 0.711121 0.709622 0.709835 0.711764 0.715432 0.720884 0.728187 0.737434 0.748746 0.762275 0.778212 0.796789 0.818295 0.796971 0.762208 0.732042 0.705808 0.682977 0.663125 0.645906 0.631041 0.618300 0.607499 0.598485 0.591138 0.585363 0.581085 0.578253 0.576831 0.576802 0.578166 0.580939 0.585155 0.590867 0.598147 0.607089 0.617814 0.630470 0.645243 0.662358 0.682095 0.704794 0.730876 0.760867 0.795423 0.835375 0.881790 0.936053 1.000000 0.978560 0.934384 0.896090 0.862808 0.833847 0.808652 0.786774 0.767850 0.751583 0.737732 0.726099 0.716527 0.708889 0.703089 0.699053 0.696732 0.696098 0.697143 0.699880 0.704342 0.710583 0.718684 0.728747 0.740906 0.755328 0.772220 0.791837 0.814489 0.840560 0.807613 0.771768 0.740678 0.713648 0.690126 0.669667 0.651911 0.636567 0.623395 0.612203 0.602832 0.595155 0.589073 0.584508 0.581403 0.579720 0.579439 0.580556 0.583084 0.587055 0.592518 0.599542 0.608216 0.618658 0.631011 0.645454 0.662207 0.681538 0.703778 0.729334 0.758714 0.792549 0.831640 7972.000000 1.321031 0.762552
0.870118 0.907163 0.949893 0.999373 1.000000 0.949110 0.905224 0.867215 0.834197 0.805470 0.780474 0.758755 0.739947 0.723750 0.709920 0.698260 0.688609 0.680838 0.674849 0.670566 0.667935 0.666926 0.667525 0.669740 0.673598 0.679147 0.686455 0.695616 0.706751 0.720010 0.735583 0.752100 0.747094 0.743934 0.742582 0.743022 0.745259 0.749320 0.755255 0.763138 0.773069 0.785179 0.799631 0.816629 0.836424 0.859325 0.885708 0.916040 0.950895 0.990989 0.974576 0.931352 0.893861 0.861267 0.832902 0.808231 0.786820 0.768318 0.752437 0.738943 0.727646 0.718395 0.711067 0.705570 0.701835 0.699817 0.699490 0.700851 0.703917 0.708724 0.715333 0.723826 0.734314 0.746936 0.761867 0.777839 0.763876 0.752186 0.742610 0.735023 0.729329 0.725456 0.723358 0.723009 0.724405 0.727562 0.732519 0.739337 0.748103 0.758929 0.771961 0.787378 0.805402 0.826309 0.850434 0.878188 0.910082 0.946747 0.964846 0.920097 0.881344 0.847682 0.818397 0.792914 0.770770 0.751592 0.735072 0.720963 0.709061 0.699202 0.691257 0.685122 0.680720 0.677998 0.676921 0.677478 0.679674 0.683536 0.689112 0.696472 0.705709 0.716945 0.730332 0.746060 0.764362 0.785525 0.809900 0.837919 965.500000 1.052858 0.807591
0.757276 0.703612 0.658531 0.620283 0.587572 0.559419 0.535070 0.513939 0.495562 0.479569 0.465663 0.453603 0.443192 0.434272 0.426711 0.420404 0.415267 0.411232 0.408249 0.406281 0.405304 0.405305 0.406285 0.408256 0.411241 0.415279 0.420419 0.426729 0.434293 0.443218 0.453632 0.465697 0.479608 0.495607 0.513991 0.535130 0.559488 0.587652 0.620376 0.658640 0.703740 0.757431 0.822134 0.901299 1.000000 0.955695 0.879333 0.816092 0.763052 0.718111 0.679715 0.646695 0.618155 0.593397 0.571870 0.553137 0.536844 0.522706 0.510493 0.500014 0.491116 0.483674 0.477588 0.472778 0.469182 0.466757 0.465473 0.465313 0.466276 0.468375 0.471633 0.476092 0.481808 0.488855 0.497327 0.507342 0.519044 0.532612 0.548265 0.566272 0.586963 0.610752 0.638151 0.669815 0.706575 0.749516 0.800065 0.777089 0.735738 0.700166 0.669414 0.642733 0.619533 0.599342 0.581784 0.566551 0.553394 0.542111 0.532537 0.524536 0.518001 0.512848 0.509011 0.506441 0.505108 0.504995 0.506101 0.508440 0.512040 0.516945 0.523218 0.530940 0.540214 0.551169 0.563965 0.578796 0.595903 0.615580 0.638190 0.664186 0.694134 0.728747 0.768944 0.815914 0.871232 0.937017 0.901068 0.821947 15192.000000 1.307723 0.588401
0.899265 0.928417 0.961918 1.000000 0.940445 0.889607 0.845917 0.808174 0.775443 0.746989 0.722228 0.700690 0.681994 0.665833 0.651954 0.640153 0.630263 0.622149 0.615707 0.608302 0.598415 0.590243 0.583679 0.578638 0.575056 0.572891 0.572114 0.572718 0.574709 0.578111 0.582967 0.589337 0.597302 0.606968 0.618466 0.631960 0.647652 0.665787 0.686669 0.710670 0.738253 0.769994 0.806617 0.849046 0.898471 0.929093 0.894340 0.864101 0.837792 0.814943 0.795171 0.778167 0.763676 0.751492 0.741449 0.733415 0.727286 0.722985 0.720461 0.719682 0.720640 0.723344 0.727829 0.734150 0.742385 0.752641 0.765053 0.779792 0.797068 0.817139 0.840324 0.867013 0.897687 0.932940 0.964356 0.905466 0.855297 0.812249 0.775105 0.742921 0.714957 0.690625 0.669454 0.651065 0.635148 0.621452 0.609772 0.599942 0.591827 0.585320 0.580337 0.576816 0.574714 0.574005 0.574680 0.576748 0.580234 0.585181 0.591650 0.599725 0.609512 0.621145 0.634790 0.650650 0.668976 0.690075 0.714325 0.742195 0.774269 0.811282 0.810081 0.797554 0.787275 0.779112 0.772959 0.768739 0.766402 0.765919 0.767283 0.770512 0.775645 0.782745 0.791901 0.803232 0.816889 0.833060 0.851978 0.873929 7146.000000 1.276572 0.777737
0.774395 0.755533 0.739307 0.725474 0.713838 0.704238 0.696550 0.690673 0.686534 0.684083 0.683290 0.684145 0.686658 0.686518 0.676408 0.668177 0.661720 0.656953 0.653819 0.652278 0.652312 0.653922 0.657127 0.661966 0.668499 0.676809 0.687004 0.699221 0.713631 0.730444 0.749919 0.772372 0.798193 0.827865 0.861983 0.893341 0.881721 0.872474 0.865483 0.860659 0.857945 0.857306 0.858736 0.862251 0.867894 0.875736 0.885874 0.898439 0.913598 0.878201 0.844806 0.815752 0.790470 0.768504 0.749483 0.733104 0.719121 0.707333 0.697579 0.689730 0.683684 0.679365 0.676721 0.675718 0.676346 0.678611 0.682541 0.688185 0.695612 0.704919 0.716226 0.729689 0.741075 0.719902 0.701548 0.685717 0.672169 0.660707 0.651171 0.643435 0.637398 0.632984 0.633183 0.642962 0.654649 0.668410 0.684446 0.703005 0.724393 0.748984 0.777241 0.809742 0.847209 0.890561 0.940978 1.000000 0.964505 0.924056 0.888917 0.858346 0.831744 0.808631 0.788616 0.771382 0.756669 0.744266 0.734003 0.725743 0.719382 0.714837 0.713065 0.713978 0.716621 0.721027 0.727251 0.735370 0.745489 0.757741 0.772294 0.789356 0.809182 0.832086 0.858453 0.888757 0.883269 0.850124 0.821283 0.796190 1115.000000 1.178043 0.828402
0.905638 0.949338 1.000000 0.966327 0.929580 0.897609 0.869790 0.845619 0.824688 0.806664 0.791277 0.778307 0.767573 0.758935 0.752282 0.747530 0.744619 0.743516 0.744206 0.746698 0.751022 0.757231 0.765403 0.775642 0.788083 0.802896 0.820290 0.836564 0.812157 0.790986 0.772704 0.757031 0.743737 0.732637 0.723581 0.716450 0.711156 0.707631 0.705833 0.705740 0.707351 0.710685 0.715784 0.722709 0.731550 0.742420 0.755466 0.770869 0.788853 0.809693 0.833727 0.861370 0.864326 0.836878 0.813018 0.792337 0.774501 0.759239 0.746331 0.735596 0.726893 0.720107 0.715154 0.711972 0.710522 0.710787 0.712770 0.716495 0.722008 0.729377 0.738696 0.750086 0.763702 0.779734 0.798419 0.820045 0.844968 0.873624 0.906552 0.944424 0.988083 0.960156 0.922037 0.888889 0.860042 0.834956 0.813196 0.794407 0.778299 0.764636 0.753228 0.743922 0.736595 0.731156 0.727536 0.725692 0.725600 0.727260 0.730693 0.735939 0.743064 0.752158 0.763339 0.756548 0.738259 0.722533 0.709135 0.697876 0.688602 0.681190 0.675547 0.671601 0.669303 0.668627 0.669564 0.672124 0.676340 0.682263 0.689968 0.699553 0.711146 0.724905 0.741027 0.759755 0.781385 0.806283 0.834896 0.867783 17833.500000 1.126543 0.838385
0.810345 0.838794 0.871489 0.857026 0.838627 0.822942 0.809747 0.798864 0.790147 0.783486 0.778796 0.776021 0.775126 0.772467 0.765235 0.759951 0.756549 0.754989 0.755251 0.757338 0.761276 0.767113 0.774921 0.784800 0.796878 0.811319 0.828326 0.848148 0.871091 0.873564 0.854557 0.838336 0.824669 0.813369 0.804285 0.797302 0.792332 0.789312 0.788208 0.789004 0.791711 0.796363 0.803015 0.811751 0.822683 0.835955 0.851748 0.870285 0.890235 0.857603 0.829206 0.804506 0.783066 0.764534 0.748620 0.735090 0.723753 0.714455 0.707075 0.701519 0.697717 0.695622 0.688381 0.679681 0.672798 0.667646 0.664160 0.662298 0.662036 0.663372 0.666322 0.670922 0.677229 0.685322 0.695306 0.707314 0.721513 0.738109 0.757353 0.779557 0.805050 0.809078 0.815121 0.823252 0.833576 0.846227 0.861375 0.879231 0.900058 0.924176 0.951978 0.983949 1.000000 0.958489 0.922421 0.891037 0.863731 0.840012 0.819483 0.801819 0.786755 0.774078 0.763613 0.755222 0.748798 0.744261 0.741553 0.740643 0.730117 0.716377 0.704811 0.695261 0.687601 0.681732 0.677580 0.675096 0.674248 0.675027 0.677441 0.681520 0.687314 0.694897 0.704364 0.715841 0.729485 0.745490 0.764095 0.785593 531.500000 1.156431 0.882782
0.885051 0.940132 1.000000 0.940412 0.889549 0.845838 0.808078 0.775333 0.746867 0.722096 0.700549 0.681845 0.665676 0.651790 0.639982 0.630085 0.621964 0.615515 0.610654 0.607320 0.605474 0.605092 0.606170 0.608721 0.612776 0.618385 0.625619 0.634571 0.645360 0.658135 0.673081 0.690422 0.710438 0.733469 0.717929 0.699728 0.684034 0.670609 0.659258 0.649824 0.642182 0.636232 0.631900 0.629132 0.627894 0.628171 0.629967 0.633304 0.638221 0.644781 0.653067 0.663187 0.675278 0.689510 0.706092 0.725282 0.747396 0.772820 0.802035 0.835638 0.874379 0.919208 0.888484 0.847170 0.811395 0.780324 0.753291 0.729769 0.709328 0.691621 0.676367 0.663335 0.652337 0.643223 0.635870 0.630184 0.626095 0.623550 0.622520 0.622991 0.624970 0.628481 0.633566 0.640289 0.648736 0.659017 0.671273 0.685677 0.702442 0.721829 0.744161 0.769832 0.799332 0.833271 0.830376 0.790919 0.756782 0.727150 0.701376 0.678947 0.659447 0.642541 0.627955 0.615466 0.604893 0.596089 0.588936 0.583341 0.579234 0.576564 0.575297 0.575420 0.576933 0.579854 0.584220 0.590084 0.597521 0.606628 0.617528 0.630373 0.645351 0.662694 0.682685 0.705672 0.732087 0.762464 0.797476 0.837973 5944.000000 1.205276 0.760152
0.948428 0.966327 0.948280 0.924372 0.903764 0.886143 0.871255 0.858893 0.848894 0.841128 0.835498 0.831933 0.830390 0.830851 0.833322 0.837831 0.844435 0.853215 0.864285 0.877787 0.893906 0.912701 0.898735 0.887295 0.878231 0.871429 0.866803 0.864298 0.863882 0.865551 0.869325 0.875249 0.883398 0.893873 0.906811 0.922383 0.927601 0.912654 0.900315 0.890423 0.882849 0.877499 0.874307 0.873234 0.874267 0.877419 0.882729 0.890260 0.900109 0.912400 0.927297 0.945002 0.965769 0.986500 0.956895 0.931193 0.908968 0.889873 0.873625 0.859994 0.848796 0.839883 0.833141 0.828487 0.825863 0.825237 0.826602 0.829975 0.835396 0.842932 0.852678 0.864760 0.879338 0.896613 0.916834 0.940305 0.967401 0.998582 1.000000 0.974037 0.951622 0.932411 0.916124 0.902533 0.891455 0.882747 0.876299 0.872029 0.869886 0.869844 0.871903 0.876087 0.860561 0.846641 0.835143 0.825917 0.818843 0.813833 0.810826 0.809785 0.810696 0.813572 0.818448 0.825382 0.834462 0.845805 0.859560 0.875914 0.895101 0.917407 0.943183 0.972862 0.991381 0.969791 0.951364 0.935837 0.922997 0.912673 0.904733 0.899077 0.895636 0.894367 0.895256 0.898312 0.903574 0.911106 0.921002 0.933388 1201.500000 1.043708 0.915420
0.642570 0.632053 0.623353 0.616354 0.610966 0.607121 0.604772 0.603891 0.604466 0.606505 0.610032 0.615090 0.621744 0.630078 0.640202 0.652253 0.666403 0.682862 0.701888 0.723798 0.748983 0.777926 0.811228 0.849647 0.894147 0.926416 0.888564 0.855665 0.827036 0.802131 0.780507 0.761806 0.745734 0.732054 0.720571 0.711129 0.703605 0.697902 0.693949 0.691698 0.691121 0.692211 0.694981 0.699465 0.705719 0.713821 0.723875 0.736015 0.750408 0.767260 0.786825 0.809416 0.835414 0.865291 0.899632 0.939168 0.984819 0.971945 0.911690 0.860421 0.816474 0.778582 0.745769 0.717267 0.692471 0.670894 0.652145 0.635905 0.621917 0.609968 0.599888 0.591537 0.584806 0.579606 0.575873 0.573561 0.572641 0.573103 0.574952 0.578210 0.582918 0.589134 0.596937 0.606430 0.610454 0.615263 0.621658 0.629720 0.639554 0.651295 0.665107 0.681195 0.699807 0.721252 0.745906 0.774236 0.806824 0.844400 0.887890 0.938486 0.997746 1.000000 0.959290 0.923904 0.893111 0.866324 0.843068 0.822960 0.805684 0.790985 0.778655 0.768526 0.760466 0.754372 0.750167 0.747801 0.747244 0.748490 0.751553 0.756472 0.763306 0.772142 0.754737 0.728806 0.706242 0.686638 0.669663 0.655047 1459.500000 1.212845 0.767650
0.927609 0.887127 0.851997 0.821448 0.794861 0.771743 0.751691 0.734379 0.719541 0.706960 0.696460 0.687901 0.681171 0.676184 0.672879 0.671215 0.671173 0.672751 0.675969 0.680865 0.687502 0.695963 0.706357 0.718824 0.732061 0.719924 0.709866 0.701752 0.695478 0.690965 0.688158 0.687021 0.687542 0.689727 0.693601 0.699214 0.706634 0.715957 0.727305 0.740831 0.756728 0.775231 0.796628 0.821275 0.849607 0.882166 0.881217 0.873817 0.868615 0.865547 0.864577 0.865692 0.868906 0.874258 0.881814 0.891668 0.903947 0.918814 0.936471 0.957172 0.981226 1.000000 0.945953 0.899504 0.859376 0.824578 0.794327 0.768002 0.745104 0.725227 0.708045 0.693290 0.680744 0.670230 0.661605 0.654757 0.649598 0.646064 0.644111 0.643717 0.644875 0.647601 0.651927 0.657906 0.665615 0.675153 0.686645 0.700252 0.716170 0.734639 0.732551 0.726061 0.721407 0.718532 0.717402 0.718002 0.720340 0.724444 0.730364 0.738176 0.747977 0.759898 0.774100 0.790784 0.810198 0.832646 0.858501 0.888220 0.890228 0.873986 0.860362 0.849171 0.840265 0.833531 0.828886 0.826271 0.825656 0.827032 0.830417 0.835852 0.843403 0.853166 0.865267 0.879867 0.897165 0.917413 0.940914 0.968044 1784.500000 1.325600 0.866328
0.836604 0.877724 0.925441 0.981143 1.000000 0.939530 0.887974 0.843708 0.805495 0.772373 0.743588 0.718540 0.696749 0.677825 0.661454 0.647377 0.635386 0.625310 0.617012 0.610382 0.605337 0.601812 0.599764 0.599168 0.600018 0.602324 0.606113 0.611432 0.618349 0.626951 0.637353 0.649698 0.664162 0.680962 0.700366 0.709763 0.694032 0.680587 0.669234 0.659817 0.652212 0.646318 0.642064 0.639395 0.638280 0.638704 0.640674 0.644212 0.649363 0.656191 0.664782 0.675249 0.687735 0.702415 0.719507 0.739276 0.762050 0.788232 0.818318 0.852928 0.892841 0.939046 0.992816 0.959080 0.904832 0.858349 0.818283 0.783595 0.753469 0.727262 0.704456 0.684636 0.667465 0.652668 0.640021 0.629342 0.620484 0.613329 0.607785 0.603782 0.601270 0.600218 0.600615 0.602465 0.605790 0.610632 0.617049 0.625125 0.634966 0.646703 0.660505 0.676573 0.695159 0.716571 0.741186 0.769471 0.802010 0.839534 0.817179 0.784149 0.755434 0.730445 0.708709 0.689843 0.673537 0.659535 0.647632 0.637660 0.629485 0.622997 0.618117 0.614781 0.612950 0.612602 0.613731 0.616353 0.620498 0.626218 0.633585 0.642694 0.653666 0.666654 0.681844 0.699467 0.719805 0.743205 0.770096 0.801007 2742.000000 1.271969 0.748493
0.897126 0.920827 0.928936 0.912895 0.899529 0.888658 0.880142 0.873873 0.869773 0.867792 0.867906 0.870117 0.874451 0.880962 0.889729 0.900865 0.914514 0.930861 0.950133 0.972612 0.965403 0.942924 0.923642 0.907275 0.893593 0.882412 0.873586 0.867002 0.862580 0.860264 0.860027 0.861866 0.865803 0.871887 0.857486 0.843663 0.832251 0.823101 0.816094 0.811144 0.808188 0.807191 0.808141 0.811050 0.815952 0.822908 0.832006 0.843362 0.857125 0.873484 0.892673 0.914977 0.893822 0.874855 0.858702 0.845134 0.833966 0.825050 0.818274 0.813552 0.810827 0.810064 0.811256 0.807685 0.804730 0.803726 0.804661 0.807546 0.812416 0.819330 0.828376 0.839670 0.853360 0.869633 0.888722 0.910912 0.936552 0.966071 1.000000 0.992246 0.968330 0.947770 0.930258 0.915548 0.903438 0.893770 0.886419 0.881294 0.878332 0.877496 0.878777 0.882190 0.887777 0.895606 0.905777 0.918418 0.933699 0.930715 0.903658 0.880191 0.859931 0.842567 0.827845 0.815560 0.805546 0.797674 0.791843 0.787982 0.786042 0.786000 0.787857 0.791634 0.797378 0.805159 0.815077 0.814786 0.808765 0.804756 0.802712 0.802606 0.804438 0.808230 0.814028 0.821904 0.831959 0.844321 0.859157 0.876674 1778.500000 1.059918 0.920885
0.897168 0.856188 0.820679 0.789825 0.762978 0.739620 0.719331 0.701771 0.686662 0.673780 0.662939 0.653993 0.646822 0.641335 0.637463 0.635158 0.634393 0.635158 0.637463 0.641335 0.646822 0.653993 0.662939 0.673780 0.686662 0.688953 0.673854 0.660961 0.650089 0.641088 0.633839 0.628249 0.624248 0.621785 0.620831 0.621376 0.623424 0.627001 0.632152 0.638939 0.647451 0.657798 0.670123 0.684599 0.701441 0.720913 0.743339 0.769117 0.758691 0.740856 0.725549 0.712543 0.701656 0.692740 0.685679 0.680383 0.676787 0.674845 0.674535 0.675852 0.678813 0.683454 0.689833 0.698028 0.708148 0.720326 0.734731 0.751571 0.771103 0.793641 0.819569 0.849363 0.883615 0.923063 0.954571 0.899165 0.851777 0.810990 0.775713 0.745098 0.718473 0.695303 0.675155 0.657683 0.642601 0.629678 0.618726 0.609591 0.602152 0.596312 0.591996 0.589152 0.587744 0.587755 0.589185 0.592053 0.596392 0.602256 0.609721 0.614558 0.604998 0.597148 0.590904 0.586187 0.582937 0.581116 0.580701 0.581687 0.584085 0.587926 0.593256 0.600143 0.608675 0.618966 0.631157 0.645425 0.661984 0.681099 0.703095 0.728372 0.757428 0.790882 0.829519 0.874340 0.926641 0.988128 1.000000 0.944658 926.500000 1.261380 0.788537
0.909569 0.929623 0.922691 0.894807 0.870594 0.849650 0.831647 0.816316 0.803441 0.792846 0.784392 0.777971 0.773502 0.770931 0.770227 0.771380 0.774406 0.779340 0.786243 0.795203 0.806334 0.799432 0.780857 0.764926 0.751406 0.740108 0.730879 0.723600 0.718177 0.714543 0.712654 0.712487 0.714040 0.717331 0.722402 0.729314 0.738155 0.749040 0.762114 0.777558 0.795599 0.816510 0.840629 0.868373 0.900253 0.911684 0.898304 0.887418 0.878884 0.872596 0.868474 0.866468 0.866554 0.868733 0.873032 0.879503 0.888226 0.899313 0.912907 0.929190 0.948392 0.970792 0.996735 1.000000 0.957716 0.920991 0.889041 0.861239 0.837079 0.816149 0.798117 0.782709 0.769703 0.758922 0.750220 0.743487 0.738637 0.735611 0.734371 0.734903 0.737213 0.741329 0.747302 0.755206 0.765141 0.762254 0.748818 0.737593 0.728428 0.721205 0.715831 0.712240 0.710387 0.710251 0.711829 0.715141 0.720227 0.727150 0.735998 0.746886 0.759958 0.775398 0.793429 0.814327 0.838431 0.866155 0.898012 0.934640 0.976837 0.978972 0.952164 0.928963 0.909003 0.891987 0.877672 0.865862 0.856401 0.849168 0.844073 0.841053 0.840071 0.841115 0.844198 0.849358 0.856657 0.866188 0.878072 0.892467 7600.500000 1.214185 0.880794
0.806397 0.808503 0.780588 0.756298 0.735191 0.716911 0.701166 0.687719 0.676376 0.666983 0.659413 0.653571 0.649382 0.646794 0.645776 0.646316 0.648421 0.652115 0.657445 0.664476 0.673299 0.684030 0.696814 0.685423 0.664192 0.645745 0.629772 0.616018 0.604277 0.594380 0.586191 0.579603 0.574529 0.570907 0.568692 0.567857 0.568391 0.570302 0.573612 0.578362 0.584612 0.592441 0.601952 0.613275 0.612469 0.597453 0.584530 0.573507 0.564226 0.556560 0.550407 0.545690 0.542348 0.540340 0.539643 0.540247 0.542160 0.545406 0.550023 0.556071 0.563626 0.572787 0.583681 0.596462 0.611322 0.628493 0.648263 0.670987 0.697102 0.727155 0.761834 0.802015 0.848830 0.903761 0.968789 1.000000 0.916651 0.848014 0.790711 0.742337 0.701133 0.665782 0.635282 0.608856 0.585896 0.565919 0.548536 0.533437 0.520367 0.509119 0.499525 0.491448 0.484777 0.479424 0.475321 0.472416 0.470673 0.470072 0.470604 0.472276 0.475109 0.479138 0.484412 0.491000 0.498988 0.508486 0.519628 0.532581 0.547550 0.564784 0.584592 0.607357 0.626111 0.623862 0.623124 0.623889 0.626167 0.629984 0.635388 0.642447 0.651251 0.661917 0.674590 0.689451 0.706722 0.726677 0.749649 0.776052 4486.000000 1.379502 0.762563
0.816577 0.844798 0.877228 0.863405 0.839164 0.818163 0.800069 0.784607 0.771554 0.760732 0.751995 0.745232 0.740357 0.737310 0.736054 0.736574 0.738876 0.742987 0.748960 0.756867 0.766809 0.778918 0.781400 0.759050 0.739675 0.722963 0.708659 0.696555 0.686485 0.678311 0.671930 0.667261 0.664245 0.662846 0.663046 0.664849 0.668276 0.673370 0.680193 0.688831 0.699399 0.712038 0.726926 0.744281 0.764371 0.787526 0.814150 0.844744 0.879929 0.920487 0.967407 1.000000 0.951063 0.908779 0.872106 0.840224 0.812480 0.788347 0.767402 0.749300 0.733759 0.720550 0.709487 0.700421 0.693232 0.687830 0.684147 0.682137 0.681777 0.683062 0.686008 0.690650 0.697046 0.705277 0.715448 0.727696 0.742190 0.743881 0.730180 0.718674 0.709208 0.701656 0.695921 0.691934 0.689644 0.689023 0.690064 0.692780 0.697204 0.703390 0.711416 0.721385 0.733429 0.747715 0.764446 0.783875 0.806310 0.832131 0.861805 0.895913 0.935176 0.928389 0.889249 0.855253 0.825676 0.799940 0.777576 0.758205 0.741519 0.727266 0.715241 0.705278 0.697246 0.691041 0.686585 0.683823 0.682721 0.683266 0.685465 0.689343 0.694950 0.702354 0.711651 0.722963 0.736442 0.752281 0.770713 0.792027 6950.000000 1.041057 0.828022
0.729815 0.696479 0.667594 0.642495 0.620657 0.601656 0.585151 0.570866 0.558576 0.548097 0.539278 0.532001 0.526167 0.521704 0.518554 0.516680 0.516057 0.516680 0.518554 0.521704 0.526167 0.532001 0.539278 0.548097 0.558576 0.570866 0.585151 0.601656 0.620657 0.642495 0.667594 0.696479 0.693381 0.675868 0.660770 0.647859 0.636948 0.627886 0.620552 0.614852 0.610713 0.608085 0.606935 0.607250 0.609033 0.612305 0.617108 0.623501 0.631565 0.641406 0.653157 0.666983 0.683089 0.701724 0.723195 0.747880 0.776246 0.808874 0.846494 0.890034 0.940683 1.000000 0.927184 0.858220 0.800599 0.751927 0.710447 0.674845 0.644119 0.617491 0.594353 0.574219 0.556702 0.541488 0.528323 0.516998 0.507345 0.499227 0.492532 0.487173 0.483080 0.480203 0.478505 0.477967 0.478582 0.480357 0.483314 0.487489 0.492936 0.499722 0.507939 0.517698 0.529140 0.542435 0.557794 0.575474 0.595795 0.619149 0.646029 0.677054 0.713013 0.721672 0.708843 0.698114 0.689341 0.682409 0.677231 0.673742 0.671898 0.671679 0.673080 0.676120 0.680835 0.687283 0.695547 0.705732 0.717975 0.732447 0.749356 0.768961 0.791577 0.817594 0.847489 0.881859 0.921448 0.866305 0.813466 0.768447 1851.500000 1.499646 0.733548
0.878044 0.905803 0.883262 0.862871 0.845392 0.830567 0.818191 0.808096 0.800152 0.794257 0.790338 0.788348 0.788262 0.790079 0.793821 0.799534 0.807289 0.817184 0.829348 0.843942 0.861171 0.851265 0.832197 0.815888 0.802101 0.790645 0.781368 0.774149 0.768898 0.765549 0.764062 0.764419 0.766624 0.770704 0.776708 0.784712 0.794818 0.807157 0.821896 0.832618 0.822564 0.814689 0.808894 0.805106 0.803280 0.803393 0.805446 0.809466 0.815500 0.823624 0.833940 0.846584 0.861725 0.879575 0.900395 0.924506 0.952300 0.935401 0.903809 0.876324 0.852454 0.831801 0.814040 0.798905 0.786183 0.775699 0.767315 0.760923 0.756445 0.753825 0.753030 0.754052 0.746179 0.735816 0.727465 0.721020 0.716398 0.713543 0.712421 0.713017 0.715338 0.719414 0.725294 0.733051 0.742784 0.754622 0.768726 0.785294 0.804573 0.826865 0.852540 0.882054 0.915969 0.954990 1.000000 0.982884 0.947941 0.917531 0.891092 0.868167 0.848384 0.831441 0.817092 0.805136 0.795414 0.787799 0.782194 0.778532 0.776766 0.776875 0.778861 0.782748 0.776089 0.767597 0.761103 0.756526 0.753808 0.752917 0.753842 0.756594 0.761207 0.767737 0.776267 0.786905 0.799793 0.815106 0.833063 0.853933 536.500000 1.069086 0.886317
0.637797 0.644540 0.653018 0.663341 0.675650 0.676292 0.672899 0.671148 0.671020 0.672511 0.675639 0.680444 0.686985 0.695344 0.705630 0.717981 0.732568 0.749603 0.769346 0.792118 0.818311 0.848408 0.883013 0.922879 0.968959 0.987906 0.953306 0.923197 0.897027 0.874348 0.854795 0.838073 0.823939 0.812199 0.802694 0.795304 0.789934 0.786518 0.785015 0.785406 0.787695 0.791912 0.798107 0.806358 0.816769 0.829477 0.844653 0.836226 0.806952 0.781478 0.759336 0.740148 0.723607 0.709460 0.697504 0.687573 0.679535 0.673286 0.668748 0.665863 0.664598 0.664936 0.666882 0.670460 0.675712 0.682705 0.691528 0.696214 0.691722 0.688936 0.687824 0.688371 0.690583 0.694489 0.700135 0.707592 0.716956 0.728349 0.741926 0.757879 0.776446 0.797915 0.822643 0.851069 0.859334 0.842338 0.827957 0.815991 0.806282 0.798702 0.793156 0.789575 0.787917 0.788160 0.790308 0.794387 0.800446 0.808561 0.818836 0.831403 0.846434 0.864138 0.884775 0.908665 0.936198 0.967857 1.000000 0.943573 0.895215 0.853528 0.817432 0.786083 0.758810 0.735077 0.714453 0.696586 0.681193 0.668040 0.656937 0.647733 0.640304 0.634556 0.630414 0.627829 0.626769 0.627221 0.629191 0.632701 4921.500000 1.202842 0.846784
0.775460 0.836232 0.909716 1.000000 0.944171 0.869641 0.807820 0.755905 0.711872 0.674221 0.641821 0.613803 0.589490 0.568347 0.549947 0.533947 0.520069 0.508087 0.497817 0.489109 0.481841 0.475916 0.471256 0.467803 0.465513 0.464359 0.464327 0.465415 0.467638 0.471022 0.475610 0.481459 0.488646 0.497267 0.507442 0.519319 0.533081 0.548950 0.567201 0.588174 0.612288 0.640073 0.672195 0.709511 0.753135 0.804540 0.865714 0.838071 0.788229 0.745678 0.709107 0.677511 0.650110 0.626289 0.605560 0.587529 0.571878 0.558350 0.546734 0.536858 0.528584 0.521799 0.516414 0.512360 0.509588 0.508063 0.507767 0.508696 0.510862 0.514290 0.519023 0.525121 0.532663 0.541748 0.552503 0.565082 0.579677 0.596521 0.615901 0.638171 0.663772 0.693252 0.727306 0.766822 0.812949 0.867204 0.931623 0.872161 0.805282 0.749607 0.702715 0.662848 0.628695 0.599262 0.573781 0.551654 0.532406 0.515655 0.501097 0.488483 0.477610 0.468315 0.460463 0.453945 0.448675 0.444585 0.441623 0.439752 0.438951 0.439208 0.440527 0.442925 0.446431 0.451087 0.456955 0.464110 0.472649 0.482693 0.494390 0.507922 0.523512 0.541435 0.562031 0.585723 0.613042 0.644663 0.681455 0.724551 2483.000000 1.182910 0.598276
0.535876 0.534897 0.543741 0.554239 0.566543 0.580837 0.597347 0.616351 0.638192 0.663294 0.692188 0.725542 0.764206 0.809283 0.862218 0.924948 1.000000 0.964358 0.933341 0.906372 0.882985 0.862801 0.845511 0.830862 0.818651 0.808713 0.800921 0.795174 0.791402 0.789559 0.789623 0.791593 0.795495 0.801376 0.809308 0.819393 0.831761 0.818976 0.804594 0.792584 0.782786 0.775071 0.769342 0.765528 0.763582 0.763481 0.765223 0.768829 0.774344 0.781835 0.791398 0.803157 0.817269 0.810622 0.792600 0.777193 0.764180 0.753380 0.744650 0.737877 0.732977 0.729888 0.728572 0.729015 0.731220 0.735216 0.741050 0.748796 0.758553 0.770448 0.754423 0.738843 0.725605 0.714524 0.705451 0.698266 0.692879 0.689221 0.687249 0.686939 0.688286 0.691307 0.696039 0.702541 0.710893 0.721205 0.733615 0.748292 0.765451 0.785352 0.808314 0.834731 0.865087 0.899985 0.908731 0.891580 0.877139 0.865209 0.855633 0.848288 0.843081 0.839950 0.838855 0.839783 0.842746 0.847779 0.854945 0.864333 0.876064 0.890291 0.907210 0.927061 0.950141 0.889604 0.834562 0.787722 0.747565 0.712938 0.682949 0.656901 0.634237 0.614517 0.597382 0.582542 0.569760 0.558845 0.549639 0.542016 15608.500000 1.098975 0.816464
0.655160 0.664657 0.676087 0.689607 0.705412 0.723744 0.744897 0.769232 0.797196 0.829343 0.866366 0.909143 0.958792 1.000000 0.946524 0.900536 0.860787 0.826306 0.796325 0.770234 0.747543 0.727853 0.710843 0.696248 0.683855 0.673490 0.665012 0.658311 0.653303 0.649923 0.648132 0.642067 0.634611 0.628823 0.624631 0.621984 0.620848 0.621210 0.623074 0.626463 0.631419 0.638003 0.646299 0.656416 0.668491 0.682694 0.699235 0.718370 0.740417 0.765763 0.794888 0.828391 0.867023 0.911738 0.890058 0.868330 0.849636 0.833695 0.820282 0.809212 0.800339 0.793550 0.788759 0.785908 0.784961 0.785908 0.788759 0.780601 0.768309 0.758196 0.750130 0.744007 0.739751 0.737309 0.736653 0.737773 0.740683 0.745420 0.752041 0.760630 0.771296 0.775685 0.755873 0.738784 0.724156 0.711778 0.701477 0.693116 0.686586 0.681806 0.678716 0.677277 0.677474 0.679307 0.682800 0.687995 0.694957 0.703773 0.714560 0.727463 0.734746 0.733111 0.733245 0.735151 0.738851 0.744391 0.751839 0.761291 0.772869 0.786729 0.803066 0.822117 0.844178 0.869608 0.886180 0.838184 0.796942 0.761316 0.730423 0.703569 0.680200 0.659871 0.642225 0.633111 0.634347 0.637126 0.641482 0.647468 2703.500000 1.180478 0.815663
0.903798 0.925087 0.949745 0.978176 1.000000 0.963359 0.931473 0.903738 0.879664 0.858855 0.840987 0.825796 0.813068 0.802631 0.794348 0.788113 0.783849 0.781504 0.781048 0.782477 0.765868 0.749719 0.735973 0.724436 0.714951 0.707394 0.701667 0.697700 0.695443 0.694869 0.695971 0.698763 0.697229 0.693809 0.692082 0.692026 0.693642 0.696948 0.701984 0.708814 0.717524 0.728227 0.741066 0.756221 0.773911 0.794409 0.818047 0.845233 0.876472 0.879541 0.864813 0.852591 0.842711 0.835046 0.829499 0.826003 0.824514 0.825014 0.827509 0.832031 0.838633 0.843105 0.836304 0.831598 0.828931 0.828270 0.829607 0.832958 0.838364 0.845892 0.855636 0.867723 0.882311 0.899603 0.919847 0.943347 0.970479 0.935128 0.900659 0.870664 0.844572 0.821920 0.802335 0.785509 0.771194 0.759188 0.749327 0.741483 0.735555 0.731469 0.729175 0.728645 0.716069 0.703227 0.692477 0.683672 0.676699 0.671467 0.667913 0.665992 0.665681 0.666976 0.669893 0.674468 0.680757 0.688840 0.698821 0.710832 0.725042 0.741654 0.760921 0.783153 0.808730 0.838121 0.856711 0.846283 0.838100 0.832059 0.828086 0.826131 0.826170 0.828206 0.832261 0.838385 0.846656 0.857176 0.870084 0.885553 10522.000000 1.205859 0.892924
1.000000 0.957773 0.921097 0.889189 0.861424 0.837296 0.816396 0.798391 0.783008 0.770027 0.759269 0.750590 0.743880 0.739053 0.736050 0.734834 0.735391 0.737728 0.741872 0.747875 0.755812 0.765783 0.740732 0.714221 0.691150 0.671089 0.653690 0.638670 0.625798 0.614887 0.605784 0.598368 0.592541 0.588230 0.585381 0.583960 0.583949 0.585348 0.588174 0.592462 0.598264 0.605655 0.614731 0.625612 0.638452 0.653436 0.670796 0.690813 0.713834 0.740287 0.770705 0.805753 0.846277 0.893359 0.927460 0.901813 0.879608 0.860494 0.844184 0.830443 0.819085 0.809957 0.802944 0.797958 0.794936 0.793842 0.794663 0.797408 0.802112 0.808832 0.817651 0.828684 0.842074 0.858006 0.876705 0.898449 0.923581 0.922780 0.871342 0.827223 0.789166 0.756199 0.727558 0.702638 0.680955 0.662117 0.645808 0.631768 0.619787 0.609693 0.601349 0.594643 0.589489 0.585823 0.583600 0.582792 0.583389 0.585400 0.588848 0.593776 0.600246 0.608339 0.618164 0.629853 0.643573 0.659529 0.677970 0.699206 0.715256 0.710738 0.707971 0.706923 0.707579 0.709949 0.714061 0.719965 0.727735 0.737471 0.749301 0.763385 0.779924 0.799163 0.821405 0.847018 0.876460 0.910295 0.949225 0.994136 628.500000 1.414256 0.816272
0.885895 0.952472 0.929610 0.863353 0.807729 0.760560 0.720235 0.685540 0.655540 0.629509 0.606872 0.587173 0.570042 0.555182 0.542350 0.531349 0.522019 0.514228 0.507871 0.502866 0.499150 0.496676 0.495414 0.495349 0.496480 0.498820 0.502398 0.507259 0.513465 0.521094 0.530251 0.541062 0.553685 0.568312 0.585181 0.604584 0.626879 0.652513 0.682047 0.716188 0.755844 0.802195 0.856801 0.921767 1.000000 0.971784 0.897286 0.835265 0.783028 0.738615 0.700567 0.667777 0.639390 0.614739 0.593295 0.574634 0.558415 0.544362 0.532250 0.521895 0.513147 0.505887 0.500017 0.495462 0.492164 0.490082 0.489192 0.489482 0.490955 0.493631 0.497540 0.502733 0.509276 0.517253 0.526774 0.537972 0.551012 0.566099 0.583479 0.603461 0.626423 0.652835 0.683292 0.718546 0.759564 0.807613 0.864374 0.932132 0.972712 0.902803 0.844167 0.794480 0.752028 0.715518 0.683961 0.656585 0.632782 0.612068 0.594052 0.578420 0.564916 0.553330 0.543494 0.535267 0.528541 0.523226 0.519256 0.516580 0.515167 0.514998 0.516073 0.518404 0.522019 0.526963 0.533299 0.541108 0.550496 0.561592 0.574556 0.589588 0.606929 0.626876 0.649798 0.676151 0.706505 0.741584 0.782310 0.829886 1666.000000 1.063098 0.603755
0.800304 0.888005 1.000000 0.947938 0.864446 0.796233 0.739650 0.692132 0.651826 0.617362 0.587704 0.562057 0.539801 0.520446 0.503603 0.488956 0.476253 0.465285 0.455884 0.447914 0.441262 0.435840 0.431576 0.428417 0.426323 0.425270 0.425243 0.426244 0.428283 0.431386 0.435591 0.440952 0.447538 0.455438 0.464761 0.475644 0.488253 0.502793 0.519516 0.538732 0.560827 0.586285 0.615717 0.649910 0.689883 0.723110 0.688630 0.658803 0.632915 0.610399 0.590804 0.573767 0.558995 0.546247 0.535328 0.526080 0.518373 0.512105 0.507194 0.503578 0.501212 0.500068 0.500130 0.501401 0.503895 0.507643 0.512692 0.519105 0.526966 0.536381 0.547482 0.560431 0.575426 0.592714 0.612593 0.635437 0.661706 0.691979 0.726991 0.767682 0.815280 0.871407 0.886730 0.799291 0.729148 0.671811 0.624228 0.584253 0.550337 0.521329 0.496362 0.474769 0.456029 0.439731 0.425548 0.413215 0.402520 0.393287 0.385377 0.378672 0.373081 0.368527 0.364951 0.362309 0.360566 0.359703 0.359709 0.360583 0.362337 0.364991 0.368579 0.373146 0.378752 0.385471 0.393398 0.402649 0.413364 0.425719 0.439928 0.456255 0.475030 0.496663 0.521678 0.550744 0.584731 0.624792 0.672487 0.729969 10685.000000 1.485648 0.570233
0.965789 1.000000 0.943262 0.894656 0.852767 0.816505 0.785015 0.757621 0.733782 0.713064 0.695112 0.679638 0.666409 0.655234 0.645958 0.638457 0.632635 0.628419 0.625756 0.624613 0.624978 0.626855 0.630265 0.635252 0.641876 0.650224 0.660403 0.672552 0.686842 0.703484 0.722737 0.744919 0.770420 0.740756 0.714435 0.691530 0.671615 0.654348 0.639448 0.626688 0.615881 0.606879 0.599559 0.593827 0.589611 0.586858 0.585535 0.585625 0.587130 0.590068 0.594475 0.600405 0.607934 0.617161 0.628208 0.641231 0.656420 0.674010 0.694286 0.717603 0.744396 0.775207 0.810717 0.851786 0.899521 0.955362 0.967209 0.917690 0.875000 0.838035 0.805929 0.777997 0.753692 0.732571 0.714274 0.698512 0.685045 0.673679 0.664259 0.656658 0.650780 0.646549 0.643915 0.642844 0.643324 0.645361 0.648979 0.654223 0.661158 0.669872 0.680481 0.693128 0.707992 0.725292 0.745300 0.739252 0.711634 0.687602 0.666693 0.648535 0.632824 0.619313 0.607801 0.598123 0.590148 0.583771 0.578909 0.575504 0.573511 0.572908 0.573686 0.575856 0.579444 0.584493 0.591068 0.599252 0.609154 0.620910 0.634688 0.650695 0.669183 0.690465 0.714923 0.743034 0.775391 0.812741 0.856038 0.906514 1913.000000 1.336719 0.754388
