0.841213 0.895201 0.959064 1.000000 0.924605 0.861712 0.808654 0.763484 0.724747 0.691336 0.662395 0.637253 0.615378 0.596345 0.579808 0.565489 0.553161 0.542638 0.533770 0.526435 0.520536 0.515997 0.512761 0.510789 0.510055 0.510552 0.512285 0.515275 0.519560 0.525192 0.532244 0.540809 0.551003 0.562970 0.576890 0.592981 0.592702 0.583673 0.576283 0.570434 0.566053 0.563085 0.561493 0.561259 0.562379 0.564867 0.568753 0.574086 0.580933 0.589382 0.599546 0.611566 0.625616 0.641909 0.660708 0.682334 0.707186 0.735756 0.768661 0.806681 0.850815 0.902357 0.963016 0.910932 0.856521 0.810085 0.770186 0.735721 0.705837 0.679859 0.657253 0.637588 0.620517 0.605758 0.593081 0.582297 0.573254 0.565831 0.559929 0.555473 0.552408 0.550695 0.550316 0.551263 0.553550 0.557204 0.562270 0.568812 0.576914 0.586684 0.598256 0.611798 0.627514 0.645655 0.666530 0.690519 0.698365 0.671808 0.648702 0.628597 0.611128 0.596002 0.582976 0.571856 0.562482 0.554724 0.548482 0.543673 0.540239 0.538135 0.537338 0.537836 0.539637 0.542762 0.547249 0.553155 0.560555 0.569546 0.580251 0.592821 0.607444 0.624349 0.643817 0.666195 0.691912 0.721501 0.755636 0.795172 13860.000000 1.494962 0.710441
0.714166 0.716284 0.720155 0.725826 0.711955 0.697142 0.684549 0.673998 0.665345 0.658478 0.653309 0.649774 0.647829 0.647451 0.648635 0.651395 0.655766 0.661801 0.669576 0.679191 0.690775 0.704488 0.720527 0.730318 0.704723 0.682449 0.663088 0.646310 0.631844 0.619471 0.609013 0.600324 0.593289 0.587816 0.583838 0.581303 0.580899 0.584866 0.590320 0.597329 0.605984 0.616400 0.628722 0.643127 0.659835 0.679114 0.701293 0.726780 0.756079 0.789823 0.828810 0.874060 0.926899 0.980745 0.945167 0.914205 0.887276 0.863910 0.843724 0.826405 0.811699 0.799400 0.789340 0.781390 0.775448 0.771440 0.769317 0.769053 0.770645 0.774113 0.746641 0.716801 0.690854 0.668275 0.648637 0.631599 0.616882 0.604257 0.593539 0.584579 0.577256 0.571473 0.567158 0.564257 0.562734 0.562571 0.563765 0.559628 0.555080 0.551925 0.550123 0.549652 0.550508 0.552699 0.556254 0.561215 0.567646 0.575628 0.585268 0.596698 0.610083 0.625624 0.643569 0.664220 0.687953 0.715232 0.746636 0.782898 0.824950 0.874002 0.931642 1.000000 0.975157 0.933630 0.897569 0.866200 0.838902 0.815175 0.794616 0.776893 0.761740 0.748935 0.738303 0.729702 0.723021 0.718176 0.715107 0.713775 1677.500000 1.274738 0.796329
0.852918 0.823963 0.798769 0.776887 0.757950 0.741657 0.727767 0.716081 0.706439 0.698714 0.692807 0.688645 0.686175 0.685369 0.686215 0.688725 0.692928 0.698877 0.706647 0.716336 0.728073 0.742018 0.758371 0.777375 0.799332 0.784574 0.760951 0.740440 0.722701 0.707457 0.694481 0.683589 0.674635 0.667499 0.662090 0.658342 0.656208 0.655663 0.656699 0.659329 0.663585 0.669520 0.677209 0.686749 0.698269 0.711926 0.727916 0.746481 0.767916 0.792584 0.820933 0.853518 0.891032 0.934349 0.952571 0.923670 0.898571 0.876857 0.858186 0.842280 0.828914 0.817905 0.809109 0.802412 0.797731 0.795008 0.794211 0.795330 0.798377 0.803392 0.810434 0.819592 0.830985 0.844763 0.861115 0.871853 0.832581 0.798535 0.768943 0.743193 0.720792 0.701342 0.684519 0.670062 0.657754 0.647421 0.638924 0.632150 0.627013 0.623448 0.621413 0.620881 0.621847 0.624323 0.628338 0.633943 0.641206 0.650223 0.661112 0.674024 0.689144 0.706698 0.726968 0.750296 0.777104 0.783612 0.775643 0.769669 0.765617 0.763437 0.763102 0.764609 0.767976 0.773243 0.780477 0.789768 0.801236 0.815034 0.831354 0.850432 0.872557 0.898085 0.927454 0.961203 1.000000 0.968689 0.924493 0.886196 6089.000000 1.308496 0.837856
0.816254 0.843483 0.874770 0.910747 0.952202 0.981640 0.946417 0.915763 0.889108 0.865988 0.846026 0.828916 0.814407 0.802297 0.792422 0.784656 0.778898 0.775078 0.773148 0.773086 0.774890 0.778584 0.784210 0.791840 0.801570 0.813527 0.827870 0.826068 0.807752 0.792097 0.778878 0.767913 0.759056 0.752191 0.747234 0.744123 0.742820 0.743309 0.745595 0.749708 0.755697 0.763637 0.773629 0.785804 0.800327 0.817404 0.837286 0.843390 0.828580 0.816213 0.806124 0.798180 0.792281 0.788354 0.786351 0.786248 0.788042 0.791757 0.797437 0.805153 0.815002 0.827113 0.841646 0.858806 0.878842 0.902059 0.928835 0.907623 0.881485 0.858822 0.839266 0.822519 0.808335 0.796519 0.786912 0.774240 0.758942 0.746000 0.735234 0.726499 0.719683 0.714699 0.711486 0.710004 0.710236 0.712185 0.715873 0.721347 0.728674 0.737948 0.749289 0.762850 0.778823 0.797440 0.818991 0.843829 0.872387 0.905203 0.942945 0.986451 1.000000 0.952085 0.910646 0.874682 0.843406 0.816188 0.792521 0.771995 0.754277 0.739095 0.726227 0.715493 0.706750 0.699883 0.694807 0.691458 0.689794 0.689796 0.691464 0.694818 0.699899 0.706770 0.715518 0.726257 0.739132 0.754320 0.772045 0.792579 1189.500000 1.121992 0.846533
0.971118 0.883329 0.811890 0.752820 0.703342 0.661461 0.625711 0.594987 0.568444 0.545426 0.525416 0.508003 0.492856 0.479709 0.468344 0.458584 0.450285 0.443330 0.437625 0.433095 0.429683 0.427345 0.426053 0.425792 0.426558 0.428361 0.431222 0.435178 0.440277 0.446585 0.454187 0.463188 0.473716 0.485933 0.500032 0.516255 0.534898 0.556329 0.581006 0.609511 0.642584 0.681189 0.726590 0.780491 0.845228 0.814496 0.769811 0.731444 0.698323 0.669614 0.644665 0.622955 0.604067 0.587665 0.573475 0.561274 0.550882 0.542149 0.534958 0.529213 0.524841 0.521788 0.520015 0.519502 0.520242 0.522244 0.525532 0.530147 0.536147 0.543609 0.552632 0.563339 0.575885 0.590456 0.607285 0.626656 0.648918 0.674504 0.703957 0.737958 0.777378 0.823343 0.873178 0.802164 0.743488 0.694370 0.652814 0.617355 0.586891 0.560579 0.537765 0.517934 0.500677 0.485665 0.472633 0.461364 0.451683 0.443446 0.436537 0.430862 0.426347 0.422933 0.420579 0.419256 0.418947 0.419648 0.421369 0.424130 0.427965 0.432922 0.439066 0.446478 0.455260 0.465539 0.477469 0.491241 0.507089 0.525302 0.546237 0.570340 0.598176 0.630466 0.668142 0.712433 0.764986 0.828064 0.904855 1.000000 7068.000000 1.299038 0.589681
0.677038 0.628668 0.588071 0.553652 0.524232 0.498923 0.477041 0.458055 0.441545 0.427177 0.414683 0.403844 0.394483 0.386456 0.379646 0.373957 0.369312 0.365652 0.362929 0.361110 0.360172 0.360104 0.360906 0.362587 0.365168 0.368679 0.373167 0.378689 0.385319 0.393150 0.402294 0.412893 0.425117 0.439177 0.455333 0.473909 0.495309 0.520045 0.548772 0.582345 0.621889 0.668923 0.725544 0.794730 0.880846 0.990570 1.000000 0.908351 0.833931 0.772502 0.721120 0.677677 0.640628 0.608810 0.581337 0.557522 0.536823 0.518812 0.503142 0.489537 0.477768 0.467652 0.459039 0.451805 0.445854 0.441106 0.437502 0.434995 0.433555 0.433165 0.433819 0.435527 0.438308 0.442197 0.447242 0.453510 0.461082 0.470062 0.480581 0.492795 0.506899 0.523132 0.541787 0.563229 0.587913 0.616413 0.649460 0.688004 0.727405 0.693621 0.664365 0.638954 0.616846 0.597609 0.580892 0.566413 0.553940 0.543285 0.534295 0.526847 0.520840 0.516199 0.512864 0.510795 0.509966 0.510367 0.512003 0.514894 0.519076 0.524600 0.531537 0.539979 0.550039 0.561861 0.575620 0.591529 0.609855 0.630920 0.655128 0.682978 0.715101 0.752296 0.795594 0.846345 0.906344 0.896152 0.806878 0.735391 746.500000 1.528195 0.565268
0.973645 0.920228 0.874365 0.834772 0.800454 0.770629 0.744677 0.722099 0.702492 0.685529 0.670945 0.658521 0.648083 0.639486 0.632619 0.627393 0.623743 0.621624 0.621010 0.621895 0.624288 0.628219 0.633736 0.640908 0.649828 0.660614 0.673413 0.688410 0.705829 0.725946 0.749102 0.775714 0.806300 0.841507 0.882152 0.862599 0.828599 0.799029 0.773296 0.750921 0.731518 0.714770 0.700422 0.688264 0.678126 0.669874 0.663398 0.658619 0.655475 0.653929 0.653962 0.655575 0.658786 0.663636 0.670184 0.678514 0.688733 0.700980 0.715424 0.732278 0.751799 0.774307 0.800191 0.829934 0.864135 0.903547 0.949122 0.987175 0.935116 0.890310 0.851560 0.817930 0.788683 0.763230 0.741099 0.721905 0.705337 0.691140 0.679106 0.669069 0.660893 0.654472 0.649725 0.646593 0.645038 0.645040 0.646599 0.649736 0.654487 0.660912 0.669093 0.679135 0.691174 0.705377 0.721952 0.741153 0.763293 0.788754 0.789964 0.766432 0.746007 0.728352 0.713191 0.700301 0.689501 0.680643 0.673612 0.668319 0.664697 0.662702 0.662310 0.663515 0.666333 0.670799 0.676966 0.684913 0.694742 0.706585 0.720605 0.737003 0.756029 0.777988 0.803253 0.832286 0.865661 0.904093 0.948487 1.000000 5604.500000 1.181550 0.769456
0.694863 0.722124 0.753501 0.789718 0.831696 0.880629 0.938080 0.984812 0.938822 0.899005 0.864425 0.834343 0.808166 0.785416 0.765705 0.748720 0.734202 0.721942 0.711772 0.703555 0.697187 0.692586 0.689697 0.688483 0.688930 0.691043 0.694849 0.700393 0.707746 0.717000 0.728277 0.739208 0.724777 0.712581 0.702454 0.694260 0.687892 0.683272 0.680341 0.679064 0.679426 0.681431 0.685103 0.690487 0.697650 0.706684 0.717707 0.730867 0.746351 0.764386 0.785254 0.807617 0.785265 0.765913 0.749253 0.735036 0.723058 0.713154 0.705194 0.699075 0.694721 0.692078 0.691113 0.691815 0.694193 0.698275 0.704112 0.711776 0.721366 0.733008 0.731019 0.717365 0.705881 0.696410 0.688827 0.683035 0.678962 0.676557 0.675792 0.676656 0.679162 0.683338 0.689236 0.696931 0.706521 0.718132 0.731925 0.748095 0.766885 0.788591 0.813580 0.842300 0.875307 0.913296 0.957144 1.000000 0.932918 0.876248 0.827949 0.786492 0.750711 0.719702 0.692757 0.669310 0.648911 0.631194 0.615862 0.602676 0.591437 0.581986 0.574194 0.567958 0.563199 0.559855 0.557888 0.557272 0.558000 0.560081 0.563541 0.568421 0.574783 0.582709 0.592304 0.603698 0.617056 0.632576 0.650504 0.671143 19492.000000 1.149013 0.790282
0.866972 0.851289 0.838147 0.827367 0.818808 0.812362 0.807948 0.805511 0.805023 0.806477 0.809891 0.815306 0.822790 0.832436 0.832054 0.809002 0.789043 0.771859 0.757193 0.744835 0.734616 0.726399 0.720079 0.715578 0.712839 0.711829 0.712536 0.714969 0.719157 0.725152 0.733028 0.742886 0.754857 0.769102 0.785826 0.805275 0.827757 0.853646 0.879357 0.876705 0.876173 0.877756 0.881471 0.887365 0.895511 0.906010 0.918998 0.934649 0.953177 0.974852 1.000000 0.978702 0.946863 0.919175 0.895155 0.874411 0.856624 0.841534 0.828928 0.818637 0.810527 0.804495 0.800467 0.798393 0.798247 0.800029 0.803759 0.809483 0.817273 0.827226 0.824980 0.805553 0.788878 0.774707 0.762842 0.753121 0.745419 0.739636 0.735701 0.733565 0.733203 0.734610 0.737804 0.742823 0.749729 0.758609 0.769579 0.782784 0.798406 0.816673 0.837861 0.862310 0.861518 0.847904 0.836698 0.827752 0.820953 0.816215 0.813480 0.812714 0.813908 0.817078 0.822261 0.829521 0.838950 0.850668 0.864832 0.881634 0.901317 0.924177 0.905558 0.889377 0.875837 0.864756 0.855987 0.849421 0.844974 0.842594 0.842250 0.843938 0.847680 0.853520 0.861531 0.871814 0.884502 0.899765 0.906895 0.885416 6747.000000 1.207550 0.914389
0.842452 0.864708 0.890375 0.919896 0.917339 0.906828 0.898695 0.892838 0.889186 0.887693 0.888342 0.891140 0.896121 0.903347 0.912908 0.924925 0.939556 0.957000 0.939153 0.891653 0.850676 0.815178 0.784338 0.757504 0.734156 0.713873 0.696312 0.681197 0.668299 0.657436 0.648457 0.637511 0.624476 0.613412 0.604163 0.596604 0.590638 0.586188 0.583199 0.581634 0.581475 0.582720 0.585383 0.589497 0.595113 0.602302 0.611158 0.621798 0.634370 0.649057 0.666083 0.685723 0.708315 0.734275 0.764121 0.798501 0.838235 0.884373 0.896324 0.884228 0.874533 0.867114 0.861879 0.858763 0.857729 0.858763 0.861879 0.867114 0.874533 0.884228 0.896324 0.910981 0.928399 0.948826 0.972568 1.000000 0.990660 0.940840 0.897850 0.860599 0.828233 0.800070 0.775566 0.754282 0.735860 0.720010 0.706495 0.695121 0.685733 0.678208 0.672448 0.668382 0.665960 0.665152 0.665948 0.668358 0.672412 0.678158 0.685670 0.693745 0.683587 0.675326 0.668854 0.664090 0.660975 0.659469 0.659556 0.661236 0.664530 0.669477 0.676140 0.684603 0.694976 0.707398 0.722043 0.739126 0.758910 0.755711 0.753791 0.753692 0.755412 0.758973 0.764418 0.771814 0.781255 0.792864 0.806796 0.823246 5951.500000 1.346381 0.855100
0.951958 0.910413 0.874362 0.843010 0.815726 0.792000 0.771422 0.753656 0.738428 0.725517 0.714742 0.705958 0.699051 0.693933 0.690541 0.688834 0.688790 0.690410 0.693712 0.698738 0.705548 0.714231 0.724898 0.737692 0.743129 0.718716 0.697482 0.679056 0.663135 0.649472 0.637866 0.628155 0.620206 0.613917 0.609207 0.606017 0.604309 0.604062 0.605272 0.607955 0.612143 0.617888 0.625262 0.634361 0.645307 0.658250 0.673379 0.690923 0.711165 0.734452 0.761211 0.791974 0.827405 0.849896 0.834203 0.821022 0.810173 0.801512 0.794929 0.790342 0.787694 0.786953 0.788111 0.791181 0.796200 0.803231 0.812362 0.823710 0.837426 0.853697 0.872758 0.894894 0.920457 0.949880 0.935515 0.880955 0.834307 0.794168 0.759459 0.729341 0.703149 0.680356 0.660536 0.643343 0.628499 0.615774 0.604983 0.595974 0.588627 0.582846 0.578558 0.575709 0.574265 0.574208 0.575537 0.578269 0.582436 0.588091 0.595306 0.604173 0.614811 0.627370 0.642031 0.659020 0.678611 0.701144 0.715645 0.708953 0.704065 0.700921 0.699483 0.699733 0.701674 0.705330 0.710745 0.717987 0.727148 0.738348 0.751737 0.767504 0.785880 0.807150 0.831663 0.859847 0.892234 0.929483 0.972422 1.000000 1454.000000 1.394993 0.819865
1.000000 0.982813 0.927050 0.879280 0.838111 0.802472 0.771523 0.744600 0.721171 0.700809 0.683165 0.667958 0.654956 0.643973 0.634856 0.627484 0.621762 0.617618 0.615001 0.613878 0.614237 0.595814 0.579470 0.565324 0.553153 0.542775 0.534043 0.526836 0.521059 0.516639 0.513520 0.511663 0.511047 0.511663 0.513520 0.516639 0.521059 0.522760 0.520737 0.519978 0.520473 0.522229 0.525266 0.529622 0.535351 0.542527 0.551244 0.561620 0.573804 0.587976 0.604358 0.623224 0.644149 0.644892 0.647199 0.651096 0.656632 0.663875 0.672920 0.683885 0.696919 0.712210 0.729984 0.750523 0.774170 0.801349 0.832584 0.836441 0.824194 0.814234 0.806431 0.800687 0.796930 0.795115 0.795220 0.797246 0.801217 0.807182 0.815215 0.825419 0.763513 0.710491 0.665855 0.627919 0.595430 0.567437 0.543208 0.522170 0.503869 0.487943 0.474101 0.462104 0.451762 0.444569 0.439865 0.436299 0.433827 0.432419 0.432058 0.432739 0.434470 0.437273 0.441182 0.446246 0.452531 0.460119 0.469116 0.479650 0.491881 0.506002 0.522254 0.530779 0.536426 0.543518 0.552148 0.562433 0.574520 0.588586 0.604852 0.623587 0.645124 0.669874 0.698348 0.731189 0.769217 0.813484 0.865369 0.926708 886.500000 1.450477 0.770979
0.897824 0.943230 0.996000 1.000000 0.951810 0.910143 0.873989 0.842549 0.815188 0.791395 0.770756 0.752934 0.737654 0.724693 0.713870 0.705038 0.698084 0.692919 0.689478 0.687720 0.687623 0.689187 0.692429 0.697390 0.704131 0.712738 0.696308 0.681101 0.668119 0.657176 0.648123 0.640838 0.635228 0.631223 0.628774 0.627851 0.628442 0.630554 0.634214 0.639466 0.646376 0.655032 0.665548 0.678068 0.692768 0.709868 0.729636 0.752401 0.778569 0.808640 0.843240 0.883157 0.929391 0.898422 0.869230 0.843844 0.821823 0.802806 0.786502 0.772671 0.761120 0.751693 0.744269 0.738751 0.735073 0.733189 0.733076 0.734733 0.738179 0.743458 0.750634 0.759798 0.771069 0.784598 0.800574 0.819228 0.840847 0.844949 0.817032 0.792751 0.771676 0.753461 0.737822 0.724530 0.713396 0.704270 0.697032 0.691591 0.687879 0.685850 0.685479 0.686762 0.689715 0.694373 0.700794 0.709059 0.719275 0.731578 0.746138 0.763165 0.782918 0.766823 0.744699 0.725516 0.708961 0.694781 0.682769 0.672759 0.664617 0.658236 0.653536 0.650458 0.648965 0.649039 0.650681 0.653911 0.658767 0.665311 0.673626 0.683819 0.696028 0.710424 0.727216 0.746664 0.769084 0.794867 0.824493 0.858562 1140.000000 1.196157 0.825801
0.818984 0.826382 0.804493 0.768647 0.737560 0.710536 0.687018 0.666561 0.648805 0.633458 0.620279 0.609075 0.604639 0.613366 0.623873 0.636306 0.650844 0.667709 0.687170 0.709561 0.735291 0.764868 0.798931 0.838283 0.883952 0.937271 1.000000 0.963677 0.912184 0.867900 0.829622 0.796416 0.767544 0.742418 0.720565 0.701604 0.685224 0.671171 0.659240 0.649262 0.641102 0.634656 0.629840 0.626595 0.624880 0.624676 0.625979 0.628806 0.630756 0.633741 0.638299 0.644486 0.652382 0.662089 0.673737 0.687487 0.703541 0.722144 0.743597 0.768271 0.796624 0.829225 0.866784 0.910205 0.920193 0.891484 0.866537 0.844929 0.826313 0.810411 0.796993 0.785875 0.776908 0.769978 0.764997 0.761903 0.760660 0.761251 0.763685 0.767991 0.774221 0.782453 0.792793 0.805376 0.820372 0.837996 0.858506 0.842376 0.800646 0.764611 0.733371 0.706218 0.682589 0.662034 0.644187 0.628752 0.615487 0.604196 0.594719 0.586926 0.580716 0.576009 0.572747 0.570889 0.570412 0.577596 0.597475 0.620319 0.646599 0.676906 0.711995 0.752832 0.800686 0.857242 0.924791 0.912755 0.890983 0.872277 0.856362 0.843011 0.832044 0.823317 0.816718 0.812164 0.809601 0.808997 0.810344 0.813660 6084.500000 1.049702 0.742756
0.785652 0.803824 0.824890 0.849191 0.843474 0.820608 0.800827 0.783821 0.769338 0.757171 0.747154 0.739157 0.733077 0.728837 0.726386 0.725693 0.726751 0.729573 0.734192 0.740665 0.749074 0.759528 0.772163 0.787155 0.804717 0.825114 0.848670 0.875782 0.906940 0.915198 0.886777 0.862084 0.840698 0.822281 0.806555 0.793294 0.782317 0.773477 0.766661 0.761783 0.758784 0.757625 0.758295 0.760800 0.765171 0.771462 0.779751 0.790145 0.802779 0.817827 0.835500 0.856062 0.879835 0.866626 0.842198 0.821033 0.802792 0.787199 0.774030 0.763102 0.754271 0.747421 0.742467 0.739348 0.738026 0.738484 0.740728 0.744786 0.750707 0.758565 0.768460 0.780522 0.794914 0.811839 0.831547 0.854346 0.861292 0.834626 0.811458 0.791396 0.774122 0.759376 0.746947 0.736665 0.728393 0.722025 0.717481 0.714704 0.713662 0.714341 0.716750 0.720917 0.726895 0.734758 0.744606 0.756569 0.770810 0.787531 0.806980 0.829464 0.855356 0.885118 0.919320 0.958673 1.000000 0.955958 0.917749 0.884526 0.855614 0.830469 0.808652 0.789807 0.773641 0.759917 0.748444 0.739066 0.731661 0.726135 0.722419 0.720467 0.720257 0.721785 0.725070 0.730152 0.737094 0.745984 0.756936 0.770098 15136.000000 1.070464 0.855856
0.951412 0.992162 0.979771 0.951900 0.927744 0.906914 0.889094 0.874026 0.861501 0.851352 0.843447 0.837687 0.834002 0.832344 0.832696 0.835060 0.839466 0.845967 0.854645 0.865610 0.879005 0.895011 0.913853 0.935808 0.925261 0.888997 0.857455 0.830006 0.806142 0.785451 0.767599 0.752312 0.739368 0.728588 0.719827 0.712972 0.707935 0.704654 0.703090 0.703223 0.705055 0.708608 0.713926 0.721074 0.730144 0.741253 0.754552 0.770225 0.788504 0.809669 0.834067 0.862122 0.894359 0.931433 0.958657 0.929653 0.904468 0.882682 0.863953 0.848002 0.834605 0.823577 0.814774 0.808084 0.803422 0.800731 0.799980 0.801158 0.804280 0.809384 0.816532 0.825816 0.837353 0.851297 0.867840 0.887218 0.909722 0.935711 0.965623 1.000000 0.980138 0.943589 0.911785 0.884116 0.860088 0.839299 0.821424 0.806196 0.793399 0.782859 0.774436 0.768023 0.763539 0.760930 0.760164 0.761232 0.764146 0.768942 0.775679 0.784442 0.795342 0.808526 0.824172 0.842506 0.839480 0.818739 0.800880 0.785637 0.772790 0.762163 0.753615 0.747037 0.742345 0.739482 0.738413 0.739125 0.741628 0.745950 0.752145 0.760292 0.770493 0.782883 0.797631 0.814947 0.835088 0.858369 0.885180 0.915997 2992.000000 1.165255 0.854142
0.696665 0.656460 0.622059 0.592440 0.566817 0.544576 0.525232 0.508398 0.493763 0.481072 0.470122 0.460745 0.452804 0.446188 0.440810 0.436599 0.433503 0.431482 0.430512 0.430581 0.431691 0.433854 0.437098 0.441462 0.447001 0.453789 0.461915 0.471495 0.482668 0.495606 0.510521 0.527672 0.535121 0.529817 0.525872 0.523236 0.521877 0.521779 0.522941 0.525377 0.529116 0.534204 0.540707 0.548708 0.558315 0.569661 0.582911 0.598268 0.615980 0.636353 0.659763 0.686678 0.717686 0.753527 0.795153 0.843799 0.865985 0.825475 0.790405 0.759950 0.733456 0.710400 0.690363 0.673001 0.658038 0.645247 0.634442 0.625475 0.618227 0.612604 0.608535 0.605970 0.604878 0.605244 0.607075 0.601510 0.576759 0.555249 0.536532 0.520248 0.506107 0.493873 0.483353 0.474390 0.466859 0.460655 0.455697 0.451923 0.449283 0.447747 0.447295 0.447922 0.449635 0.452456 0.456419 0.461573 0.467986 0.475742 0.484947 0.495733 0.498719 0.497397 0.497277 0.498357 0.500650 0.504185 0.509005 0.515171 0.522764 0.531884 0.542658 0.555243 0.569831 0.586658 0.606013 0.628254 0.653825 0.683282 0.717327 0.756863 0.803058 0.857458 0.922148 1.000000 0.951093 0.868196 0.800364 0.744025 1972.500000 1.743520 0.705029
0.868438 0.905055 0.893962 0.864449 0.838779 0.816499 0.797244 0.780713 0.766663 0.754897 0.745254 0.737609 0.731865 0.727950 0.725815 0.725436 0.726806 0.729944 0.734888 0.741697 0.750459 0.761287 0.774324 0.789751 0.807790 0.828717 0.852866 0.880649 0.912576 0.949279 0.986474 0.934142 0.889118 0.850188 0.816408 0.787034 0.761471 0.739241 0.719957 0.703305 0.689029 0.676918 0.666805 0.658553 0.652054 0.647226 0.644009 0.642364 0.642270 0.643727 0.646753 0.651383 0.657677 0.665712 0.675594 0.687455 0.701459 0.717812 0.736762 0.758617 0.783755 0.812640 0.845851 0.884113 0.928344 0.979717 1.000000 0.952559 0.911512 0.875879 0.844886 0.817914 0.794466 0.774138 0.756602 0.741589 0.728882 0.718305 0.709716 0.703003 0.698082 0.694892 0.693394 0.693569 0.695420 0.698970 0.704261 0.711360 0.720357 0.731368 0.744543 0.760066 0.778164 0.799118 0.823269 0.851040 0.882952 0.919651 0.961951 0.925769 0.886415 0.852241 0.822511 0.796640 0.774155 0.754673 0.737881 0.723526 0.711399 0.701334 0.693196 0.686881 0.682309 0.679423 0.678189 0.678590 0.680633 0.684342 0.689762 0.696962 0.706032 0.717091 0.730290 0.745814 0.763893 0.784808 0.808903 0.836605 7626.000000 1.076918 0.779518
0.792831 0.828215 0.869097 0.854385 0.808174 0.768462 0.734156 0.704406 0.678545 0.656040 0.636463 0.619471 0.604781 0.592165 0.581437 0.572445 0.565068 0.559209 0.554792 0.551764 0.550086 0.549739 0.550719 0.553036 0.556720 0.561816 0.568388 0.576521 0.572257 0.558509 0.546692 0.536631 0.528182 0.521232 0.515689 0.511481 0.508557 0.506880 0.506431 0.507203 0.509206 0.512464 0.517018 0.521744 0.524747 0.529066 0.534756 0.541890 0.550561 0.560887 0.573014 0.587124 0.603436 0.622222 0.643816 0.668632 0.697184 0.730122 0.768268 0.812685 0.864765 0.926362 1.000000 0.952338 0.882396 0.823873 0.774379 0.732159 0.695895 0.664579 0.637429 0.613832 0.593297 0.575433 0.559923 0.546510 0.534982 0.525170 0.516934 0.510163 0.504767 0.500677 0.497843 0.496230 0.495818 0.496601 0.495909 0.494672 0.494629 0.495781 0.498141 0.501738 0.506617 0.512839 0.520486 0.529659 0.540487 0.553127 0.567773 0.584662 0.604087 0.626409 0.652074 0.681644 0.680876 0.664865 0.651122 0.639445 0.629670 0.621664 0.615323 0.610566 0.607334 0.605588 0.605305 0.606483 0.609136 0.613296 0.619015 0.626364 0.635440 0.646362 0.659283 0.674389 0.691908 0.712124 0.735382 0.762107 5850.000000 1.328554 0.734961
0.479814 0.480392 0.482135 0.485064 0.489214 0.495832 0.504793 0.515349 0.527653 0.541897 0.558314 0.577191 0.598882 0.623828 0.652583 0.685850 0.724530 0.720028 0.715456 0.712647 0.711568 0.712205 0.714567 0.718681 0.724599 0.732394 0.742166 0.754044 0.768188 0.784800 0.804127 0.826470 0.852203 0.881782 0.915774 0.954884 1.000000 0.922695 0.835404 0.764886 0.706916 0.658589 0.617840 0.583163 0.553434 0.527799 0.505597 0.486313 0.469535 0.454935 0.442249 0.431263 0.421800 0.418234 0.423955 0.430888 0.439126 0.448788 0.460018 0.472993 0.487931 0.505100 0.524831 0.547539 0.573746 0.604116 0.639508 0.681048 0.730240 0.755259 0.732371 0.712496 0.695303 0.680520 0.667928 0.657349 0.648638 0.641680 0.636387 0.632692 0.630550 0.629935 0.630840 0.633274 0.637269 0.642874 0.650158 0.659215 0.670165 0.683159 0.698382 0.716064 0.736485 0.759989 0.787001 0.818048 0.853786 0.861772 0.837742 0.816930 0.799006 0.783698 0.770788 0.760099 0.751487 0.744842 0.740081 0.737145 0.735999 0.736628 0.739039 0.714477 0.678559 0.647564 0.620708 0.597372 0.577067 0.559400 0.544055 0.530774 0.519346 0.509603 0.501404 0.494637 0.489214 0.485064 0.482135 0.480392 5091.000000 1.305254 0.719868
0.642685 0.608092 0.578356 0.552661 0.530376 0.511001 0.494141 0.479476 0.466748 0.455748 0.446306 0.438280 0.431560 0.426054 0.421689 0.418411 0.416178 0.414963 0.414752 0.415541 0.417341 0.420172 0.424072 0.429087 0.435284 0.442745 0.451573 0.461895 0.473869 0.487686 0.503583 0.521851 0.542850 0.567035 0.594974 0.627399 0.665258 0.709798 0.762700 0.826273 0.903784 1.000000 0.924103 0.854075 0.795694 0.746468 0.704576 0.668661 0.637692 0.610871 0.587573 0.567304 0.549667 0.534341 0.521069 0.509637 0.499875 0.491642 0.484825 0.479334 0.475097 0.472061 0.470190 0.469460 0.469862 0.471402 0.474098 0.477983 0.483105 0.489531 0.497344 0.506651 0.517583 0.530304 0.545011 0.561950 0.581422 0.603798 0.629542 0.659239 0.693630 0.733671 0.780614 0.826097 0.776357 0.733934 0.697501 0.666042 0.638771 0.615069 0.594443 0.576500 0.560920 0.547444 0.535861 0.525999 0.517719 0.510906 0.505473 0.501348 0.498482 0.496839 0.496398 0.497155 0.499118 0.502312 0.506775 0.512565 0.519754 0.528440 0.538741 0.550805 0.564813 0.580988 0.599604 0.620999 0.645589 0.673898 0.706584 0.744486 0.788694 0.840635 0.902228 0.941849 0.857123 0.788125 0.731037 0.683196 6346.000000 1.248285 0.593460
0.934711 0.900363 0.835122 0.780449 0.734156 0.694626 0.660646 0.631285 0.605821 0.583682 0.564417 0.547660 0.533116 0.520547 0.509756 0.500585 0.492905 0.486611 0.481622 0.477873 0.475319 0.473927 0.473682 0.474579 0.476631 0.479861 0.484309 0.490033 0.497106 0.505621 0.515698 0.527480 0.541148 0.556921 0.575067 0.595920 0.619892 0.647498 0.679391 0.716404 0.759617 0.810456 0.870836 0.943393 1.000000 0.917928 0.850199 0.793558 0.745676 0.704846 0.669784 0.639514 0.613274 0.590469 0.570625 0.553361 0.538370 0.525402 0.514254 0.504760 0.496785 0.490221 0.484982 0.480999 0.478224 0.476623 0.476175 0.476877 0.478735 0.481773 0.486028 0.491554 0.498421 0.506721 0.516568 0.528102 0.541498 0.556967 0.574772 0.595234 0.618753 0.645826 0.677083 0.713324 0.755588 0.805238 0.864100 0.934676 0.894349 0.835889 0.786381 0.744102 0.707756 0.676348 0.649107 0.625423 0.604813 0.586886 0.571329 0.557884 0.546343 0.536537 0.528326 0.521601 0.516273 0.512274 0.509555 0.508083 0.507838 0.508819 0.511037 0.514520 0.519310 0.525468 0.533074 0.542228 0.553058 0.565720 0.580406 0.597352 0.616849 0.639253 0.665009 0.694670 0.728940 0.768714 0.815156 0.869800 775.000000 1.091616 0.602874
0.710457 0.742311 0.779121 0.821855 0.807836 0.791028 0.776739 0.764767 0.754949 0.747157 0.741292 0.737281 0.735074 0.734645 0.735988 0.739120 0.744080 0.750927 0.759749 0.770659 0.783804 0.792356 0.770620 0.751808 0.735622 0.721821 0.710207 0.700623 0.692941 0.687063 0.682914 0.680446 0.679626 0.680446 0.682914 0.687063 0.692941 0.700623 0.710207 0.721821 0.735622 0.751808 0.762022 0.735292 0.712031 0.691812 0.674290 0.659182 0.646258 0.635333 0.626255 0.618903 0.613181 0.609018 0.606362 0.605180 0.605459 0.607202 0.610429 0.615181 0.621517 0.629517 0.639285 0.650955 0.663842 0.654274 0.646513 0.640459 0.636036 0.633188 0.631881 0.632099 0.633845 0.637139 0.642023 0.648556 0.656823 0.666931 0.679015 0.693247 0.709835 0.729035 0.751163 0.776606 0.805842 0.839467 0.878228 0.923074 0.975221 1.000000 0.935051 0.880014 0.832992 0.792552 0.757598 0.727274 0.700908 0.677964 0.658008 0.640693 0.625735 0.612903 0.602007 0.592895 0.585444 0.579557 0.575159 0.571487 0.562819 0.555728 0.550123 0.545931 0.543102 0.541599 0.541406 0.542519 0.544953 0.548736 0.553916 0.560558 0.568748 0.578595 0.590236 0.603840 0.619614 0.637812 0.658746 0.682802 1579.500000 1.254235 0.815622
0.967805 0.939812 0.915537 0.894585 0.876635 0.861426 0.848745 0.838423 0.830325 0.824349 0.820421 0.818492 0.818540 0.820564 0.824591 0.830667 0.838870 0.849304 0.862103 0.877439 0.895528 0.916633 0.941079 0.903361 0.848697 0.802094 0.762082 0.727543 0.697606 0.671589 0.648950 0.629255 0.612150 0.597353 0.584628 0.573789 0.564679 0.557175 0.551179 0.546613 0.543420 0.541562 0.541015 0.541774 0.543846 0.547258 0.552051 0.558286 0.566533 0.576451 0.588164 0.601843 0.617698 0.635983 0.657016 0.681184 0.708971 0.740983 0.777986 0.820960 0.871180 0.930332 0.950559 0.924100 0.901188 0.881456 0.864608 0.850402 0.838643 0.829175 0.821876 0.816655 0.813448 0.812214 0.812940 0.815633 0.820327 0.827080 0.835975 0.847127 0.860682 0.876825 0.895783 0.917840 0.943341 0.972709 0.980071 0.910064 0.851306 0.801489 0.758908 0.722275 0.690602 0.663121 0.639225 0.618429 0.600344 0.584655 0.571107 0.559489 0.549632 0.541398 0.534677 0.529379 0.525440 0.522808 0.521453 0.522001 0.524209 0.527713 0.532556 0.538799 0.546522 0.555828 0.566845 0.579734 0.594687 0.611946 0.631805 0.654625 0.680857 0.711064 0.745956 0.786442 0.833698 0.889276 0.955258 1.000000 19237.500000 1.247869 0.743935
0.997064 0.950038 0.909340 0.874005 0.843269 0.816522 0.793271 0.773119 0.755741 0.740873 0.728299 0.717845 0.709372 0.702769 0.697955 0.694869 0.693473 0.693750 0.695705 0.693331 0.680638 0.669987 0.661232 0.654260 0.648979 0.645326 0.643254 0.642739 0.643775 0.646374 0.650567 0.656407 0.663967 0.673344 0.684662 0.686118 0.682340 0.680234 0.679772 0.680951 0.683784 0.688306 0.694573 0.702662 0.712680 0.724759 0.739065 0.755805 0.765492 0.766415 0.769196 0.773868 0.780489 0.789141 0.799937 0.813017 0.828562 0.846793 0.867982 0.892464 0.920649 0.953043 0.990273 1.000000 0.956737 0.919186 0.886525 0.858102 0.833391 0.811964 0.793475 0.777641 0.764232 0.753061 0.743978 0.736866 0.731634 0.728218 0.723278 0.706717 0.692528 0.680506 0.670481 0.662319 0.655915 0.651188 0.648078 0.646548 0.646579 0.648172 0.651345 0.656139 0.662611 0.670845 0.680947 0.675248 0.667808 0.662108 0.658076 0.655663 0.654840 0.655596 0.657940 0.661902 0.667530 0.674894 0.684089 0.695235 0.708486 0.724031 0.742100 0.762980 0.787019 0.807461 0.804973 0.804432 0.805832 0.809190 0.814546 0.821968 0.831547 0.843408 0.857708 0.874646 0.894463 0.917462 0.944008 0.974554 5122.000000 1.261849 0.874351
0.889628 0.845945 0.808208 0.775482 0.747032 0.722275 0.700740 0.682048 0.665889 0.652013 0.640214 0.630326 0.622215 0.615775 0.610923 0.607599 0.605763 0.605392 0.606482 0.609045 0.613114 0.618738 0.625988 0.634958 0.645767 0.658564 0.673534 0.690904 0.710951 0.734018 0.737665 0.732084 0.728329 0.726352 0.726131 0.727663 0.730966 0.736080 0.743069 0.752021 0.763052 0.776310 0.791978 0.810283 0.831506 0.855988 0.884150 0.916511 0.953715 0.961309 0.921440 0.886798 0.856655 0.830429 0.807649 0.787933 0.770970 0.756505 0.744334 0.734289 0.726237 0.720077 0.715729 0.713142 0.712283 0.713142 0.715729 0.720077 0.726237 0.734289 0.744334 0.756505 0.770970 0.787933 0.807649 0.830429 0.802314 0.775487 0.752149 0.731886 0.714362 0.699303 0.686486 0.675728 0.666885 0.659839 0.654500 0.650802 0.648700 0.648168 0.649200 0.651807 0.656023 0.661898 0.669507 0.678947 0.690345 0.703856 0.719675 0.738041 0.759245 0.783647 0.811691 0.817754 0.802246 0.789181 0.778380 0.769699 0.763029 0.758283 0.755405 0.754360 0.755133 0.757736 0.762200 0.768578 0.776952 0.787428 0.800145 0.815276 0.833035 0.853687 0.877558 0.905045 0.936639 0.972947 1.000000 0.940456 1695.500000 1.254456 0.828258
0.578362 0.574414 0.561893 0.551205 0.542198 0.534749 0.528758 0.524148 0.520862 0.518859 0.518115 0.518621 0.520382 0.523421 0.527775 0.533497 0.540662 0.549363 0.559719 0.571878 0.586019 0.602366 0.621190 0.642827 0.667693 0.696305 0.729314 0.767549 0.812081 0.864308 0.926099 1.000000 0.944698 0.869677 0.807496 0.755312 0.711072 0.673260 0.640732 0.612610 0.588211 0.566994 0.548530 0.532473 0.518543 0.506512 0.496195 0.487441 0.480127 0.474155 0.469446 0.465942 0.463598 0.462385 0.462290 0.463311 0.465461 0.468764 0.473264 0.479016 0.486094 0.494595 0.504635 0.516361 0.529953 0.545629 0.563660 0.584379 0.587989 0.577938 0.569574 0.562785 0.557484 0.553602 0.551093 0.549925 0.550085 0.551573 0.554409 0.558627 0.564280 0.571439 0.580198 0.590674 0.603015 0.617402 0.634057 0.653253 0.675325 0.700688 0.729857 0.763480 0.802376 0.847600 0.900525 0.962975 0.905262 0.841637 0.788142 0.742723 0.703858 0.670392 0.641439 0.616307 0.594448 0.575425 0.558887 0.544548 0.532176 0.521583 0.512614 0.505144 0.499074 0.494325 0.490837 0.488567 0.487486 0.487582 0.488857 0.491324 0.495015 0.499976 0.506269 0.513977 0.523203 0.534076 0.546756 0.561438 1563.500000 1.725057 0.683652
0.930171 0.897018 0.868166 0.843080 0.821327 0.802552 0.786469 0.772843 0.761485 0.752241 0.744993 0.739648 0.736139 0.734425 0.734484 0.736317 0.739946 0.745416 0.752795 0.762175 0.773679 0.787463 0.803717 0.822681 0.844645 0.869967 0.862168 0.839015 0.818994 0.801793 0.787157 0.774879 0.764792 0.756765 0.750693 0.746503 0.744141 0.743581 0.744814 0.747856 0.752743 0.759537 0.768322 0.779212 0.792352 0.807922 0.826146 0.847300 0.871721 0.866186 0.837414 0.812386 0.790660 0.771877 0.755745 0.742023 0.730520 0.721079 0.713575 0.707914 0.704025 0.701860 0.701392 0.702617 0.705549 0.710224 0.716699 0.725056 0.735402 0.747876 0.762650 0.779936 0.799995 0.823149 0.849791 0.880408 0.915601 0.956125 1.000000 0.960728 0.926573 0.896849 0.871005 0.848597 0.829260 0.812699 0.798673 0.786987 0.777484 0.770041 0.764563 0.760983 0.759256 0.759363 0.761304 0.765103 0.770807 0.778486 0.788237 0.780730 0.760711 0.743439 0.728650 0.716129 0.705703 0.697232 0.690606 0.685741 0.682576 0.681075 0.681217 0.683005 0.686461 0.691626 0.698565 0.707367 0.718145 0.731045 0.746248 0.763976 0.784503 0.808164 0.835371 0.866635 0.902589 0.944029 0.991961 0.968291 6683.000000 1.086323 0.840033
0.871903 0.835479 0.803835 0.776303 0.752347 0.731534 0.713515 0.698003 0.684766 0.673614 0.664394 0.656985 0.651291 0.647241 0.644784 0.643892 0.644552 0.646774 0.650584 0.656028 0.663176 0.672118 0.682973 0.695887 0.690202 0.675087 0.662182 0.651300 0.642292 0.635040 0.629448 0.625448 0.622990 0.622043 0.622597 0.624659 0.628252 0.633422 0.640233 0.648772 0.659151 0.671511 0.686029 0.702919 0.722445 0.744934 0.770784 0.800490 0.834670 0.874098 0.919761 0.972932 1.000000 0.947641 0.902559 0.863557 0.829702 0.800257 0.774632 0.752354 0.733038 0.716371 0.702100 0.690015 0.679950 0.671770 0.665368 0.660663 0.657598 0.656134 0.656254 0.657959 0.661271 0.666229 0.672896 0.681355 0.691717 0.704122 0.718218 0.703650 0.691293 0.680976 0.672558 0.665930 0.661009 0.657733 0.656062 0.655975 0.657472 0.660572 0.665311 0.671748 0.679965 0.690069 0.702195 0.716512 0.733227 0.752598 0.774937 0.800631 0.794336 0.773146 0.754829 0.739099 0.725724 0.714515 0.705320 0.698020 0.692520 0.688752 0.686671 0.686250 0.687485 0.690390 0.695002 0.701377 0.709595 0.719763 0.732015 0.746521 0.763490 0.783180 0.805904 0.832051 0.862099 0.896638 0.936411 0.913949 1677.000000 1.188327 0.815883
1.000000 0.949825 0.906525 0.869002 0.836397 0.808027 0.783343 0.761904 0.743350 0.727389 0.713782 0.702336 0.692895 0.685332 0.679553 0.675484 0.673075 0.672297 0.673141 0.675616 0.679754 0.685604 0.693240 0.702761 0.714291 0.727989 0.744051 0.762716 0.784279 0.809103 0.837634 0.870424 0.908163 0.945242 0.907918 0.875459 0.847211 0.822649 0.801347 0.782959 0.767202 0.753848 0.742709 0.733637 0.726512 0.721245 0.717771 0.716047 0.716052 0.717786 0.721271 0.726548 0.733684 0.742768 0.753919 0.767287 0.783058 0.801462 0.822782 0.847364 0.875635 0.908120 0.945475 0.917060 0.880235 0.848219 0.820356 0.796122 0.775093 0.756923 0.741331 0.728086 0.717003 0.707933 0.700756 0.695382 0.691743 0.689795 0.689515 0.690899 0.693963 0.698746 0.705305 0.713725 0.724114 0.736611 0.751388 0.768661 0.788690 0.811800 0.838385 0.868935 0.904056 0.944506 0.965227 0.920320 0.881435 0.847662 0.818280 0.792713 0.770495 0.751248 0.734667 0.720500 0.708544 0.698634 0.690638 0.684453 0.680001 0.677228 0.676100 0.676603 0.678743 0.682546 0.688059 0.695350 0.704513 0.715668 0.728966 0.744596 0.762788 0.783827 0.808061 0.835920 0.867934 0.904765 0.947242 0.996424 15958.000000 1.037065 0.781970
0.738753 0.715054 0.694450 0.676584 0.661166 0.647963 0.636780 0.627462 0.619885 0.613951 0.609583 0.606729 0.605353 0.605438 0.606986 0.610014 0.614562 0.620684 0.628459 0.637987 0.649397 0.662849 0.678539 0.696709 0.717655 0.741742 0.763742 0.751684 0.741760 0.733840 0.727822 0.723631 0.721216 0.720547 0.721615 0.724435 0.729040 0.735488 0.743858 0.754259 0.766828 0.781739 0.799205 0.819488 0.842911 0.869870 0.900852 0.936462 0.977455 1.000000 0.953451 0.913145 0.878139 0.847684 0.821183 0.798153 0.778203 0.761015 0.746328 0.733933 0.723657 0.715365 0.708949 0.704329 0.701448 0.695933 0.676257 0.659207 0.644511 0.631944 0.621327 0.612512 0.605381 0.599843 0.595827 0.593285 0.592185 0.592514 0.594275 0.597491 0.602201 0.608462 0.616356 0.625985 0.637480 0.651003 0.666753 0.684975 0.705969 0.730106 0.737251 0.734186 0.732906 0.733393 0.735655 0.739718 0.745633 0.753472 0.763337 0.775356 0.789693 0.806549 0.826175 0.848875 0.875026 0.905089 0.933424 0.904599 0.879557 0.857875 0.839210 0.823280 0.809859 0.798761 0.789841 0.782983 0.778102 0.775137 0.774052 0.774834 0.777493 0.782061 0.788593 0.797173 0.807908 0.820942 0.797297 0.765986 968.500000 1.363192 0.853764
0.424423 0.401352 0.381531 0.364413 0.349570 0.336669 0.325442 0.315676 0.307197 0.299866 0.293566 0.288207 0.283710 0.280016 0.277076 0.274852 0.273317 0.272451 0.272245 0.272696 0.273809 0.275597 0.278084 0.281299 0.285285 0.290095 0.295794 0.302465 0.310209 0.319148 0.329435 0.341257 0.354846 0.370491 0.388559 0.409516 0.433968 0.462711 0.496814 0.537741 0.587560 0.649276 0.727437 0.829263 0.966944 1.000000 0.870569 0.772451 0.695716 0.634238 0.584037 0.542410 0.507464 0.477829 0.452495 0.430697 0.411850 0.395495 0.381274 0.368897 0.358134 0.348798 0.340737 0.333826 0.327963 0.323069 0.319075 0.315931 0.313596 0.312042 0.311249 0.311208 0.311918 0.313388 0.315637 0.318691 0.322589 0.327383 0.333135 0.339928 0.347858 0.357048 0.367646 0.379836 0.393843 0.409948 0.428503 0.449952 0.474867 0.503987 0.538294 0.579109 0.612768 0.595036 0.579659 0.566386 0.555015 0.545380 0.537345 0.530804 0.525672 0.521883 0.519391 0.518165 0.518190 0.519466 0.522010 0.525851 0.531038 0.537637 0.545733 0.555436 0.566879 0.580232 0.595698 0.613530 0.634038 0.657602 0.684699 0.715924 0.752031 0.788016 0.696076 0.624696 0.567834 0.521613 0.483426 0.451463 5808.000000 2.087142 0.500862
0.947661 0.926730 0.908846 0.893751 0.881238 0.871140 0.863328 0.857701 0.854193 0.852759 0.853382 0.856070 0.860855 0.867797 0.876981 0.888525 0.902580 0.919338 0.934089 0.911344 0.891779 0.875100 0.861069 0.849496 0.840227 0.833143 0.828156 0.825205 0.824253 0.825290 0.821952 0.803811 0.788312 0.775232 0.764390 0.755642 0.748876 0.744007 0.740973 0.739740 0.740291 0.742633 0.746795 0.752828 0.748052 0.744421 0.742606 0.742585 0.744356 0.747943 0.753388 0.760758 0.770148 0.781680 0.795508 0.811824 0.830868 0.852930 0.878370 0.907629 0.941249 0.948368 0.927966 0.910571 0.895935 0.883858 0.874179 0.866776 0.861556 0.858454 0.857432 0.858478 0.861605 0.866851 0.874280 0.883986 0.896093 0.910760 0.928189 0.948628 0.955407 0.930247 0.908511 0.889862 0.874026 0.860782 0.849950 0.841390 0.834991 0.830675 0.828389 0.828105 0.829819 0.833553 0.839352 0.847288 0.826365 0.802537 0.781876 0.764047 0.748776 0.735842 0.725064 0.716298 0.709430 0.704374 0.701065 0.699465 0.699554 0.701333 0.704823 0.710067 0.717130 0.726102 0.737099 0.750270 0.765799 0.779604 0.793559 0.810009 0.829197 0.851416 0.877029 0.906483 0.940328 0.979249 1.000000 0.971955 3407.000000 1.085141 0.899724
0.793029 0.758897 0.729265 0.703492 0.681063 0.661564 0.644661 0.630080 0.617599 0.607037 0.598247 0.591112 0.585539 0.581457 0.578817 0.577586 0.577749 0.579308 0.582282 0.586708 0.592640 0.600154 0.609348 0.620345 0.633300 0.648404 0.665888 0.686041 0.709213 0.735840 0.766463 0.801760 0.842594 0.890069 0.945628 0.951377 0.900307 0.856398 0.818453 0.785539 0.756924 0.732022 0.710363 0.691567 0.675324 0.661385 0.649542 0.639629 0.631513 0.625088 0.620271 0.617003 0.615243 0.614971 0.616183 0.618894 0.623136 0.628963 0.636447 0.645686 0.656802 0.645629 0.628594 0.613876 0.601246 0.590520 0.581546 0.574203 0.568396 0.564050 0.561112 0.559545 0.559331 0.560466 0.562965 0.566858 0.572194 0.579039 0.587482 0.597636 0.609642 0.623674 0.639944 0.658716 0.680311 0.705125 0.733653 0.766511 0.804480 0.848556 0.900036 0.960630 1.000000 0.936547 0.882666 0.836553 0.796843 0.762486 0.732661 0.706720 0.684145 0.664519 0.647504 0.632825 0.620258 0.609621 0.600765 0.593572 0.587949 0.583825 0.581148 0.579887 0.580025 0.581565 0.584525 0.588941 0.594869 0.602383 0.611581 0.622588 0.635558 0.650680 0.668188 0.688369 0.711574 0.738240 0.768905 0.804251 1682.500000 1.305483 0.733486
0.788737 0.803416 0.808213 0.774266 0.744777 0.719121 0.696797 0.677400 0.660602 0.646136 0.633783 0.623368 0.614747 0.607805 0.602454 0.598625 0.596272 0.595366 0.595897 0.597869 0.601309 0.606257 0.612776 0.620948 0.630882 0.634378 0.638368 0.643971 0.651255 0.660315 0.671271 0.684273 0.699506 0.717201 0.737637 0.761160 0.788193 0.819264 0.855029 0.896317 0.944185 1.000000 0.990156 0.936545 0.890476 0.850680 0.816171 0.786173 0.760068 0.737360 0.717649 0.700607 0.685971 0.673523 0.662357 0.653037 0.645510 0.639677 0.635466 0.632825 0.631721 0.632141 0.634090 0.637592 0.642690 0.649448 0.657951 0.668310 0.680668 0.679205 0.674908 0.672275 0.671273 0.671891 0.674135 0.678033 0.683632 0.691004 0.700242 0.711467 0.724832 0.740528 0.758787 0.779895 0.804204 0.832147 0.806582 0.782291 0.761201 0.742961 0.727286 0.713943 0.702743 0.693534 0.686195 0.680632 0.676776 0.674580 0.674016 0.675078 0.677779 0.682151 0.688249 0.696150 0.705954 0.717792 0.731828 0.748261 0.767341 0.789370 0.814723 0.843859 0.827586 0.809345 0.793762 0.780613 0.769716 0.760927 0.754133 0.749248 0.746212 0.744989 0.745562 0.747939 0.752150 0.758245 0.766301 0.776421 1788.500000 1.172873 0.827645
