50
1000 1000
4 28 -5 54 26 33 55 4 30
8 46 51 59 43 85 41 89 60 77 76 63 82 42 76 42 66
5 89 42 151 -15 178 66 132 92 93 91
3 43 0 104 30 39 61
8 9 53 43 29 81 30 85 75 56 109 41 119 -10 126 -7 78
4 34 12 66 38 39 57 11 39
8 48 15 75 -30 111 -9 109 32 106 60 70 77 30 76 18 38
4 103 -10 153 55 97 121 52 59
8 -10 59 5 34 26 18 41 40 69 68 46 84 21 97 9 84
7 14 74 39 51 86 46 105 103 87 140 39 126 -7 117
4 25 71 76 31 137 70 91 119
3 138 79 225 138 137 197
7 21 39 26 15 49 31 70 50 62 68 33 74 12 58
7 41 41 53 38 69 38 80 56 70 72 56 71 41 69
6 28 8 45 11 54 24 44 46 23 44 15 30
8 1 23 19 13 40 20 46 44 38 61 22 69 -1 64 -11 43
5 19 30 39 26 56 48 43 62 22 55
8 41 58 39 43 58 41 76 37 85 60 78 88 60 77 34 80
8 40 51 64 38 91 51 103 77 88 102 64 108 42 103 15 84
4 -2 33 35 13 62 33 28 69
6 33 65 35 29 79 32 99 66 92 102 39 94
3 32 37 165 77 47 120
6 14 7 33 9 51 20 31 42 15 40 -7 27
4 35 14 62 36 29 58 3 36
6 31 67 50 2 126 3 178 76 140 157 48 121
8 7 19 19 18 29 19 34 32 23 39 16 44 2 43 6 32
7 12 17 25 1 40 7 45 25 36 42 27 44 12 35
4 20 102 122 12 191 105 119 191
5 19 19 38 0 54 31 39 52 4 52
8 -21 51 1 20 46 5 97 14 137 62 104 109 40 122 -17 105
8 -6 1 8 2 22 5 22 17 23 25 10 23 -1 23 -6 16
4 23 -3 42 36 16 63 -5 35
6 21 54 68 5 110 15 161 53 116 108 68 117
8 21 61 38 39 62 35 95 25 106 58 75 83 52 112 28 105
4 58 35 121 65 52 105 -17 69
3 26 51 123 151 40 197
4 -1 25 33 4 70 31 26 59
6 8 10 69 3 80 78 60 110 19 131 -4 74
5 105 59 196 78 239 119 190 152 133 139
7 19 84 49 64 120 53 186 104 113 180 28 208 -11 173
4 80 41 101 84 79 110 64 87
6 16 -17 100 7 163 57 111 104 44 84 9 53
8 1 44 11 25 23 20 42 28 50 49 37 60 25 70 6 63
6 8 17 32 4 48 33 30 53 12 50 -1 33
7 142 219 193 160 268 193 263 249 281 309 201 368 146 277
7 62 29 103 34 151 38 176 67 139 97 99 131 62 83
4 14 6 34 23 15 43 -4 25
8 97 108 89 87 125 76 160 82 150 108 159 143 124 167 89 142
4 68 -2 123 76 85 116 32 70
4 -6 41 38 15 90 40 33 105
