55
1000 1000
4 52 59 94 113 51 143 24 108
4 73 35 95 19 134 35 95 62
4 32 76 81 44 158 82 82 126
8 29 30 49 32 69 29 80 55 64 69 46 87 17 75 20 55
8 26 101 30 88 50 80 72 81 64 102 77 124 48 126 26 129
3 21 24 113 111 25 174
4 13 56 47 38 97 71 54 87
3 52 97 245 196 35 294
7 44 44 69 40 101 36 127 68 99 95 71 91 37 83
4 45 11 85 59 43 99 -25 57
5 43 15 68 10 78 32 69 49 37 48
5 26 9 74 -13 116 40 68 73 10 79
4 386 354 479 286 562 347 474 468
5 38 31 61 22 95 45 61 67 27 62
3 76 54 176 104 63 160
3 126 75 315 148 154 231
7 -5 50 36 33 70 36 113 86 74 123 29 112 -17 103
6 26 14 42 8 58 25 51 46 22 51 3 29
4 16 36 50 7 81 43 48 62
7 62 99 89 87 145 65 143 121 116 149 88 176 27 147
6 20 15 28 0 39 6 45 17 48 35 27 37
6 29 16 74 28 82 52 80 89 49 74 33 58
8 37 63 72 60 112 64 121 104 99 122 68 131 39 128 22 102
3 22 21 82 50 20 87
4 145 -32 197 67 140 142 44 59
3 20 69 68 92 24 121
6 211 53 282 106 321 148 311 221 225 199 183 156
8 -33 66 -4 22 45 31 87 26 69 61 90 117 35 118 6 100
5 113 60 140 42 153 68 140 103 112 85
4 11 -5 31 10 13 25 -3 11
3 17 12 67 34 14 66
8 30 92 25 58 79 58 107 57 112 98 120 138 65 144 28 143
5 85 16 129 21 163 59 134 86 92 83
4 5 8 21 -5 47 10 21 29
8 10 10 25 1 43 8 50 23 39 39 27 49 14 35 3 28
7 8 19 19 6 36 11 42 21 31 34 23 34 10 33
4 7 39 23 20 43 39 20 67
6 -15 22 5 7 32 10 49 32 33 47 5 45
8 -12 54 7 38 35 32 55 33 83 66 61 79 34 90 17 83
7 30 51 48 48 59 44 69 63 57 71 48 75 29 67
6 39 66 76 71 82 92 70 106 44 116 34 91
8 107 147 140 119 169 124 185 167 152 195 127 217 108 215 67 177
7 29 47 48 44 68 43 91 70 78 83 53 84 33 80
3 79 64 136 93 67 132
3 43 3 106 34 31 77
6 -1 21 13 8 30 6 43 25 33 40 7 40
4 26 4 42 14 32 35 6 19
8 23 69 47 58 101 51 71 87 73 113 45 146 8 120 -30 103
4 96 -9 175 84 97 121 24 76
7 4 21 24 12 43 10 56 26 47 47 27 50 -3 38
4 119 92 140 63 166 88 131 127
8 121 41 162 22 207 36 218 80 185 105 165 114 128 116 108 77
6 -7 127 73 84 124 85 217 137 151 204 74 195
3 49 227 216 331 86 442
8 -28 56 -11 25 23 3 66 16 84 75 52 92 36 112 3 93
