0.772828 0.877381 1.000000 0.884501 0.794635 0.722927 0.664559 0.616285 0.575843 0.541606 0.512377 0.487255 0.465550 0.446727 0.430363 0.416123 0.403737 0.392986 0.383693 0.375713 0.368930 0.363247 0.358586 0.354888 0.352106 0.350203 0.349158 0.348957 0.349598 0.351088 0.353447 0.356702 0.360896 0.366082 0.372329 0.379724 0.388373 0.398407 0.409987 0.423312 0.438623 0.456224 0.476493 0.499906 0.527075 0.558790 0.596094 0.620235 0.597798 0.578272 0.561290 0.546557 0.533830 0.522914 0.513648 0.505902 0.499572 0.494575 0.490848 0.488344 0.487033 0.486899 0.487940 0.490169 0.493613 0.498314 0.504333 0.511747 0.520655 0.531181 0.543478 0.557733 0.574177 0.593092 0.614827 0.639816 0.668601 0.701869 0.740498 0.785629 0.778428 0.696419 0.631419 0.578792 0.535453 0.499271 0.468728 0.442711 0.420390 0.401132 0.384446 0.369949 0.357335 0.346359 0.336825 0.328573 0.321470 0.315413 0.310313 0.306101 0.302721 0.300130 0.298296 0.297196 0.296816 0.297152 0.298208 0.299997 0.302541 0.305872 0.310031 0.315075 0.321073 0.328108 0.336287 0.345739 0.356621 0.369129 0.383504 0.400046 0.419135 0.441253 0.467023 0.497262 0.533062 0.575911 0.627896 0.692029 17158.000000 1.780896 0.536062
0.786915 0.769947 0.755477 0.743298 0.733244 0.725182 0.719009 0.714647 0.712043 0.711165 0.712002 0.714565 0.718884 0.725013 0.733028 0.743033 0.755159 0.769572 0.786478 0.806128 0.828834 0.854975 0.874798 0.852024 0.832360 0.815504 0.801208 0.789274 0.779541 0.771881 0.766199 0.762423 0.760507 0.760428 0.762185 0.765799 0.771314 0.778800 0.788350 0.800089 0.814173 0.830800 0.814092 0.778576 0.747756 0.720953 0.697628 0.677345 0.659753 0.644565 0.631548 0.620512 0.611302 0.603795 0.597892 0.593520 0.590625 0.589169 0.589137 0.590527 0.593357 0.597660 0.603491 0.610923 0.620053 0.631003 0.643926 0.654781 0.657963 0.662780 0.669293 0.677583 0.687759 0.699957 0.714348 0.731141 0.750594 0.773024 0.798820 0.828462 0.862546 0.901821 0.947234 1.000000 0.962708 0.926507 0.895008 0.867602 0.843797 0.823193 0.805466 0.790350 0.777630 0.767131 0.758716 0.752276 0.747731 0.745024 0.744123 0.745017 0.747716 0.731337 0.709419 0.690392 0.673940 0.659807 0.647782 0.637697 0.629414 0.622825 0.617845 0.614413 0.612486 0.612041 0.613072 0.615593 0.619633 0.625242 0.632492 0.641476 0.652312 0.665151 0.680177 0.697617 0.717749 0.740916 0.767539 0.798141 15032.500000 1.301309 0.849038
0.719801 0.711374 0.704821 0.700058 0.697028 0.695692 0.696035 0.698061 0.701795 0.707281 0.714589 0.723812 0.735070 0.748515 0.764337 0.782769 0.804096 0.828671 0.815334 0.756567 0.707291 0.665547 0.629889 0.599227 0.572728 0.549741 0.529755 0.512363 0.497236 0.484109 0.472768 0.463035 0.454769 0.447853 0.442193 0.437716 0.434364 0.432096 0.430885 0.430715 0.431585 0.433504 0.436497 0.440601 0.445866 0.452362 0.460176 0.469414 0.480211 0.492732 0.507178 0.517789 0.528866 0.541761 0.556675 0.573855 0.593605 0.616301 0.642410 0.672520 0.707381 0.747953 0.795496 0.851684 0.918794 1.000000 0.987581 0.926949 0.875318 0.831032 0.792829 0.759734 0.730982 0.705965 0.684198 0.665288 0.648916 0.634823 0.622798 0.612668 0.604295 0.597569 0.592401 0.581269 0.564684 0.550309 0.537911 0.527301 0.518327 0.510863 0.504810 0.500089 0.496641 0.494424 0.493409 0.493585 0.494955 0.497533 0.501353 0.506462 0.512924 0.520824 0.530268 0.541390 0.554353 0.569357 0.577078 0.573832 0.571993 0.571538 0.572461 0.574775 0.578507 0.583702 0.590428 0.598769 0.608837 0.620771 0.634741 0.650959 0.669684 0.691231 0.715994 0.744457 0.774896 0.757563 0.742739 0.730209 17345.000000 1.537403 0.740069
0.865037 0.894324 0.927979 0.933936 0.909047 0.887533 0.869059 0.853352 0.840191 0.829397 0.820830 0.814380 0.809966 0.807535 0.807057 0.808526 0.811960 0.817401 0.824916 0.834600 0.830070 0.827415 0.826762 0.828104 0.831456 0.836860 0.844383 0.854117 0.866191 0.880762 0.898033 0.918251 0.941721 0.968817 1.000000 0.979259 0.942555 0.910618 0.882831 0.858697 0.837812 0.819847 0.804534 0.791655 0.781033 0.772529 0.766034 0.761466 0.758770 0.757912 0.758882 0.761692 0.766376 0.772992 0.764336 0.755225 0.748111 0.742902 0.739535 0.737968 0.738182 0.740179 0.743985 0.749646 0.757231 0.766838 0.778592 0.792650 0.809211 0.828518 0.850868 0.876628 0.887908 0.873354 0.861311 0.851619 0.844153 0.838821 0.835556 0.834319 0.835093 0.837890 0.842743 0.849711 0.858882 0.870372 0.884334 0.900956 0.920476 0.943182 0.969432 0.999661 0.995837 0.960420 0.929598 0.902800 0.879563 0.859511 0.842337 0.827792 0.815671 0.805814 0.798092 0.792407 0.788689 0.786893 0.786997 0.789002 0.792932 0.777878 0.764621 0.753592 0.744646 0.737666 0.732564 0.729277 0.727765 0.728009 0.730013 0.733800 0.739417 0.746935 0.756448 0.768080 0.781989 0.798371 0.817464 0.839566 704.500000 1.156424 0.887385
1.000000 0.972722 0.930172 0.893251 0.861144 0.833202 0.808905 0.787828 0.769629 0.754027 0.740795 0.729746 0.720733 0.713639 0.708372 0.704868 0.703085 0.702999 0.704611 0.707939 0.713026 0.719932 0.726611 0.713478 0.702475 0.693450 0.686287 0.680894 0.677204 0.675172 0.674772 0.676000 0.678871 0.683421 0.689704 0.697801 0.707815 0.719881 0.734164 0.750871 0.761965 0.752176 0.744407 0.738557 0.734554 0.732349 0.731916 0.733248 0.736363 0.741297 0.748112 0.756895 0.764430 0.757187 0.751875 0.748427 0.746801 0.746979 0.748961 0.752772 0.758458 0.766091 0.775766 0.787611 0.801785 0.818486 0.837959 0.860506 0.886493 0.916376 0.950714 0.990203 0.997727 0.942940 0.895903 0.855298 0.820104 0.789519 0.762905 0.739751 0.719643 0.702247 0.687288 0.674545 0.663835 0.655014 0.647965 0.642597 0.638844 0.636659 0.636017 0.636908 0.639344 0.643355 0.648990 0.654297 0.653508 0.654297 0.656671 0.660659 0.666311 0.673698 0.682915 0.694082 0.707353 0.722916 0.741005 0.753757 0.744447 0.737119 0.731679 0.728060 0.726218 0.726129 0.727794 0.731232 0.736486 0.743620 0.752724 0.763918 0.777350 0.793208 0.811723 0.833178 0.857922 0.886380 0.919081 0.956681 1466.500000 1.137801 0.850930
0.796315 0.799713 0.774943 0.753421 0.734786 0.718739 0.705041 0.693495 0.683941 0.676255 0.670336 0.666111 0.663527 0.662553 0.663177 0.665407 0.669270 0.674813 0.682106 0.691241 0.702339 0.715552 0.719831 0.725648 0.733340 0.743006 0.754773 0.768800 0.785287 0.804476 0.826669 0.852231 0.881617 0.915386 0.954235 0.999041 0.994632 0.957126 0.924491 0.896096 0.871430 0.850078 0.831704 0.816031 0.802837 0.791940 0.783196 0.776493 0.771748 0.768901 0.767919 0.760883 0.741251 0.724307 0.709792 0.697494 0.687243 0.678901 0.672359 0.667535 0.664369 0.662822 0.662104 0.661740 0.662972 0.665816 0.670306 0.676498 0.684470 0.694324 0.706193 0.720239 0.736667 0.755724 0.777717 0.803021 0.832099 0.865525 0.904019 0.948487 0.994741 0.931850 0.878429 0.832698 0.793310 0.759226 0.729636 0.703897 0.681499 0.662028 0.645149 0.630591 0.618379 0.627568 0.638595 0.651615 0.666817 0.684433 0.704749 0.728116 0.754967 0.785839 0.821408 0.862525 0.910283 0.966105 1.000000 0.959291 0.923905 0.893112 0.866326 0.843071 0.822963 0.805687 0.790988 0.778658 0.768530 0.760470 0.754376 0.750172 0.747806 0.747250 0.748496 0.751559 0.756478 0.763313 0.772150 0.783102 785.000000 1.200037 0.776138
0.818461 0.858091 0.858487 0.821632 0.789636 0.761804 0.737584 0.716530 0.698280 0.682539 0.669069 0.657675 0.648197 0.640509 0.634513 0.630132 0.627311 0.626018 0.626235 0.627965 0.631231 0.636070 0.642545 0.650736 0.660751 0.672725 0.686827 0.703262 0.722287 0.744212 0.769421 0.798389 0.792197 0.771824 0.754244 0.739188 0.726437 0.715814 0.707176 0.700412 0.695435 0.692184 0.690619 0.690722 0.692493 0.695955 0.701148 0.708139 0.717015 0.727892 0.740917 0.756271 0.774180 0.794920 0.818827 0.846320 0.877911 0.847730 0.804322 0.766901 0.734498 0.706355 0.681871 0.660566 0.642051 0.626014 0.612196 0.600391 0.590428 0.582169 0.575506 0.570352 0.566643 0.564332 0.563392 0.563811 0.565594 0.568763 0.573356 0.579432 0.587068 0.596363 0.607444 0.620468 0.635627 0.653159 0.673353 0.696568 0.723245 0.753935 0.789331 0.830313 0.878016 0.933920 1.000000 0.944566 0.892867 0.848472 0.810141 0.776915 0.748038 0.722910 0.701050 0.682067 0.665647 0.651531 0.639511 0.629414 0.621105 0.614473 0.609434 0.605925 0.603902 0.603342 0.604237 0.606598 0.610454 0.615852 0.622861 0.631570 0.642095 0.654581 0.669205 0.686189 0.705802 0.728376 0.754319 0.784136 4948.500000 1.116453 0.761717
0.794990 0.759863 0.729392 0.702899 0.679843 0.659791 0.642391 0.627357 0.614458 0.603503 0.594338 0.586841 0.580912 0.576476 0.573479 0.571884 0.571671 0.572837 0.575397 0.579382 0.584842 0.591845 0.600481 0.610867 0.623147 0.637497 0.654137 0.673334 0.695418 0.720795 0.749970 0.783573 0.822403 0.867481 0.884443 0.839510 0.800757 0.767191 0.738033 0.712663 0.690589 0.671409 0.654801 0.640501 0.628293 0.618002 0.609488 0.602638 0.597363 0.593597 0.591294 0.590425 0.590981 0.592967 0.596409 0.601348 0.607846 0.615986 0.625875 0.637649 0.651473 0.667554 0.686143 0.707551 0.732159 0.760437 0.792976 0.830513 0.873991 0.875677 0.842548 0.813723 0.788642 0.766853 0.747989 0.731752 0.717897 0.706227 0.696582 0.688834 0.682883 0.678655 0.676098 0.675180 0.675891 0.678239 0.682253 0.687982 0.695498 0.704896 0.716302 0.722663 0.697075 0.674807 0.655447 0.638663 0.624184 0.611787 0.601294 0.592558 0.585463 0.579916 0.575847 0.573207 0.571962 0.572097 0.573615 0.576534 0.580889 0.586735 0.594145 0.603217 0.614073 0.626864 0.641778 0.659046 0.678949 0.701836 0.728134 0.758379 0.793238 0.833562 0.880439 0.935291 1.000000 0.938222 0.882895 0.835632 1122.000000 1.137437 0.746226
0.969315 0.952840 0.920234 0.891863 0.867216 0.845878 0.827510 0.811837 0.798635 0.787723 0.778956 0.772222 0.767437 0.764541 0.763499 0.764299 0.766950 0.771484 0.777958 0.786452 0.797075 0.782353 0.753258 0.727941 0.705915 0.686788 0.670243 0.656020 0.643907 0.633731 0.625356 0.618670 0.613588 0.610047 0.608003 0.607430 0.608323 0.610692 0.613952 0.611669 0.610870 0.611544 0.613699 0.617362 0.622578 0.629413 0.637952 0.648310 0.660628 0.675081 0.691884 0.711303 0.733661 0.759360 0.788893 0.822880 0.862097 0.907535 0.890362 0.853119 0.820764 0.792613 0.768119 0.746838 0.728413 0.712549 0.699010 0.687602 0.678168 0.670582 0.664748 0.660593 0.658064 0.657132 0.657785 0.660031 0.664331 0.680565 0.699339 0.720965 0.745824 0.774392 0.807257 0.845162 0.889049 0.940132 1.000000 0.986365 0.919857 0.863700 0.815857 0.774806 0.739383 0.708691 0.682022 0.658818 0.638628 0.621091 0.605912 0.592851 0.581714 0.570848 0.561696 0.554146 0.548099 0.543479 0.540226 0.538300 0.537680 0.538356 0.540337 0.543647 0.548328 0.554436 0.562052 0.571275 0.582233 0.595080 0.610010 0.627258 0.647114 0.669935 0.696163 0.726350 0.761190 0.801569 0.848631 0.903877 1934.000000 1.244537 0.740562
0.759174 0.745630 0.734299 0.725028 0.717695 0.712208 0.708498 0.706520 0.706249 0.707683 0.710838 0.715754 0.722491 0.731134 0.741795 0.754616 0.769776 0.787493 0.808037 0.831739 0.859006 0.820273 0.765596 0.719378 0.679968 0.646127 0.616910 0.591585 0.569575 0.550423 0.533761 0.519292 0.506776 0.496015 0.486851 0.479152 0.472815 0.468174 0.469356 0.471683 0.475184 0.479902 0.485896 0.493246 0.502050 0.512430 0.524540 0.538564 0.554732 0.573324 0.594689 0.619257 0.647569 0.680312 0.718366 0.762875 0.815358 0.877867 0.953243 0.992448 0.888135 0.805420 0.738426 0.683241 0.637160 0.598251 0.565104 0.536663 0.512121 0.490857 0.479805 0.479896 0.481146 0.483571 0.487200 0.492078 0.498268 0.505849 0.514924 0.525620 0.538094 0.552538 0.569187 0.588332 0.610332 0.635632 0.664791 0.698517 0.737720 0.783585 0.837684 0.902141 0.979901 1.000000 0.905278 0.828772 0.765891 0.713476 0.669285 0.631683 0.599447 0.571653 0.547582 0.526674 0.508484 0.492656 0.478902 0.466990 0.456730 0.447966 0.441992 0.444496 0.448115 0.452894 0.458892 0.466190 0.474887 0.485105 0.496996 0.510746 0.526583 0.544788 0.565708 0.589777 0.617539 0.649686 0.687110 0.730978 3403.000000 1.088737 0.568958
0.741386 0.709270 0.681394 0.657150 0.636051 0.617707 0.601800 0.588073 0.576316 0.566358 0.558059 0.551309 0.546020 0.542125 0.539576 0.538342 0.538408 0.539774 0.542457 0.546490 0.551923 0.558825 0.567285 0.577419 0.589366 0.600862 0.595235 0.591122 0.588474 0.587258 0.587460 0.589081 0.592142 0.596679 0.602750 0.610431 0.619824 0.631054 0.644278 0.659693 0.677535 0.698098 0.721741 0.748910 0.780156 0.816176 0.857849 0.906307 0.963027 1.000000 0.935585 0.880960 0.834261 0.794081 0.759338 0.729191 0.702975 0.680161 0.660321 0.643112 0.628252 0.615512 0.604707 0.595685 0.588324 0.582530 0.578227 0.575364 0.573905 0.573833 0.575145 0.577859 0.581751 0.584493 0.588686 0.594382 0.601653 0.610593 0.621322 0.633990 0.648781 0.665920 0.685687 0.708422 0.715628 0.700952 0.688491 0.678070 0.669549 0.662816 0.657786 0.654397 0.652607 0.652393 0.653755 0.656707 0.661287 0.667550 0.675576 0.673321 0.662789 0.654133 0.647239 0.642020 0.638409 0.636364 0.635858 0.636887 0.639462 0.643614 0.649395 0.656879 0.666160 0.677362 0.690640 0.706184 0.724229 0.745062 0.769036 0.796588 0.828257 0.864718 0.906821 0.955655 0.931433 0.872046 0.821638 0.778513 836.500000 1.223985 0.764142
0.771967 0.758565 0.747390 0.738292 0.731154 0.725884 0.722417 0.720712 0.720747 0.722522 0.726060 0.731403 0.738618 0.747796 0.759057 0.771118 0.747486 0.726960 0.709194 0.693907 0.680870 0.669899 0.660843 0.653581 0.648022 0.644095 0.641752 0.640964 0.641723 0.644037 0.647934 0.653462 0.660691 0.669713 0.680647 0.693643 0.708886 0.726604 0.747076 0.760071 0.770775 0.783700 0.799024 0.816967 0.837799 0.861851 0.889531 0.921342 0.957906 1.000000 0.997998 0.933922 0.879569 0.833091 0.793093 0.758503 0.728487 0.702383 0.679666 0.659912 0.642779 0.627988 0.615311 0.604564 0.595595 0.588286 0.582539 0.578284 0.575467 0.574053 0.574026 0.575385 0.578146 0.583959 0.592934 0.603665 0.616305 0.631037 0.648091 0.667746 0.690345 0.716313 0.721848 0.726233 0.732446 0.740566 0.750697 0.762972 0.777560 0.794669 0.814554 0.837529 0.863979 0.894379 0.929318 0.911340 0.875462 0.844259 0.817104 0.793494 0.773020 0.755350 0.740213 0.727388 0.716698 0.707998 0.701176 0.696145 0.690827 0.684967 0.680832 0.678370 0.677553 0.678370 0.680832 0.684967 0.690827 0.698486 0.708041 0.719619 0.733378 0.749515 0.768270 0.789939 0.814886 0.827632 0.806243 0.787783 673.000000 1.156451 0.818100
1.000000 0.965171 0.928212 0.896058 0.868078 0.843764 0.822703 0.804558 0.789057 0.775975 0.765134 0.756388 0.749626 0.744761 0.741735 0.740510 0.741072 0.743426 0.747603 0.753652 0.735234 0.716084 0.699549 0.685374 0.673352 0.663314 0.655127 0.648683 0.643901 0.640721 0.639104 0.639032 0.640501 0.643532 0.648160 0.654444 0.662462 0.672319 0.684146 0.680634 0.674845 0.670755 0.668315 0.667495 0.668285 0.670695 0.674753 0.680510 0.688038 0.697434 0.708821 0.722354 0.738228 0.756679 0.767811 0.766533 0.767104 0.769531 0.773844 0.780095 0.788363 0.798753 0.811401 0.826479 0.844200 0.864827 0.888682 0.916160 0.947748 0.968552 0.926953 0.890839 0.859425 0.832088 0.808324 0.787724 0.769957 0.754752 0.741889 0.731188 0.722508 0.715735 0.710785 0.707596 0.706129 0.706365 0.708309 0.711984 0.698382 0.682446 0.668796 0.657234 0.647599 0.639760 0.633618 0.629093 0.626131 0.624694 0.624765 0.626346 0.629454 0.634129 0.640428 0.648432 0.658244 0.669996 0.683853 0.695502 0.689180 0.684607 0.681726 0.680501 0.680918 0.682982 0.686717 0.692171 0.699410 0.708528 0.719642 0.732905 0.748503 0.766666 0.787678 0.811885 0.839713 0.871692 0.908478 0.950898 799.000000 1.262832 0.868983
0.983720 1.000000 0.897960 0.816602 0.750419 0.695710 0.649895 0.611123 0.578031 0.549594 0.525030 0.503729 0.485213 0.469099 0.455083 0.442916 0.432397 0.423362 0.415679 0.409237 0.403950 0.399749 0.396580 0.394404 0.393193 0.392933 0.393622 0.395266 0.397888 0.401517 0.406202 0.412001 0.418992 0.427271 0.436959 0.448200 0.461176 0.476106 0.493264 0.512986 0.535696 0.561926 0.592357 0.627872 0.669634 0.719203 0.778723 0.825897 0.780424 0.741390 0.707698 0.678498 0.653124 0.631045 0.611835 0.595152 0.580717 0.568301 0.557721 0.548826 0.541494 0.535629 0.531155 0.528017 0.526176 0.525609 0.526311 0.528288 0.531566 0.536185 0.542202 0.549696 0.558764 0.569531 0.582152 0.596815 0.613752 0.633249 0.655657 0.681410 0.711053 0.745269 0.784930 0.806164 0.742837 0.690277 0.646116 0.608645 0.576594 0.549007 0.525146 0.504437 0.486427 0.470754 0.457126 0.445308 0.435107 0.426367 0.418961 0.412785 0.407757 0.403810 0.400896 0.398978 0.398033 0.398049 0.399026 0.400976 0.403923 0.407904 0.412969 0.419184 0.426632 0.435417 0.445669 0.457543 0.471234 0.486979 0.505071 0.525875 0.549848 0.577569 0.609781 0.647449 0.691855 0.744726 0.808456 0.886449 1141.000000 1.422963 0.578077
0.879949 0.897322 0.875640 0.856997 0.841115 0.827769 0.816777 0.807994 0.801308 0.796635 0.793918 0.793123 0.794241 0.797286 0.802295 0.797525 0.793111 0.790641 0.790083 0.791431 0.794702 0.799934 0.807194 0.816572 0.828189 0.842199 0.858796 0.878219 0.900761 0.926782 0.956724 0.967860 0.930248 0.897531 0.869060 0.844311 0.822860 0.804362 0.788535 0.775150 0.764022 0.755002 0.747973 0.742848 0.739561 0.738074 0.738368 0.740446 0.744335 0.750081 0.756816 0.757410 0.759837 0.764127 0.770331 0.778528 0.788822 0.801349 0.816277 0.833820 0.854236 0.877845 0.905038 0.936298 0.943691 0.910176 0.881009 0.855651 0.833664 0.814692 0.798445 0.784687 0.773226 0.763910 0.756615 0.751252 0.747753 0.746075 0.746199 0.748125 0.751877 0.757501 0.762043 0.761639 0.763072 0.766361 0.771544 0.778687 0.787880 0.799240 0.812920 0.829109 0.848039 0.870000 0.895342 0.924499 0.958005 0.996521 1.000000 0.959508 0.924308 0.893675 0.867030 0.843902 0.823908 0.806739 0.792140 0.779906 0.769870 0.761901 0.753292 0.743723 0.736145 0.730463 0.726604 0.724522 0.724192 0.725609 0.728791 0.733777 0.740627 0.749430 0.760298 0.773376 0.788845 0.806930 0.827905 0.852106 9248.500000 1.045327 0.862075
0.796717 0.756390 0.721604 0.691469 0.665288 0.642509 0.622689 0.605470 0.590562 0.577729 0.566778 0.557553 0.549927 0.543799 0.539090 0.535742 0.536103 0.537899 0.541014 0.545487 0.551375 0.558751 0.567714 0.578385 0.590916 0.605493 0.622344 0.641751 0.664058 0.689693 0.719188 0.753215 0.792627 0.804767 0.805484 0.808151 0.812800 0.819488 0.828300 0.839347 0.852775 0.868766 0.887548 0.909399 0.934662 0.963757 0.997200 1.000000 0.915888 0.846709 0.789015 0.740351 0.698927 0.663406 0.632772 0.606239 0.583189 0.563135 0.545685 0.530524 0.517395 0.506090 0.496439 0.493408 0.492251 0.492282 0.493502 0.495926 0.499584 0.504520 0.510798 0.518498 0.527725 0.538608 0.551305 0.566011 0.582967 0.602466 0.624871 0.650636 0.680327 0.714660 0.754558 0.801218 0.856228 0.877739 0.858327 0.841739 0.827736 0.816126 0.806753 0.799497 0.794268 0.790999 0.789651 0.790209 0.792678 0.797089 0.803496 0.811979 0.815741 0.777391 0.744197 0.715375 0.690303 0.668485 0.649520 0.633085 0.618916 0.608950 0.612776 0.618148 0.625135 0.633826 0.644336 0.656810 0.671426 0.688403 0.708011 0.730580 0.756518 0.786329 0.820644 0.860259 0.906185 0.959735 0.898949 0.843734 4559.000000 1.276841 0.711085
0.761737 0.807179 0.860592 0.923959 1.000000 0.959960 0.917385 0.880457 0.848351 0.820412 0.796110 0.775021 0.756796 0.741153 0.727862 0.716735 0.707622 0.700404 0.694990 0.691311 0.689322 0.689001 0.690341 0.693361 0.698097 0.704606 0.712972 0.723303 0.735735 0.750443 0.730880 0.698434 0.670292 0.645826 0.624535 0.606016 0.589944 0.576055 0.564132 0.554000 0.545517 0.538567 0.533061 0.528927 0.526115 0.524589 0.524332 0.525340 0.527625 0.531216 0.536156 0.542509 0.550355 0.559800 0.570975 0.584040 0.599195 0.616682 0.636801 0.659921 0.686498 0.717106 0.752468 0.793510 0.841431 0.897814 0.942817 0.903917 0.870113 0.840698 0.815106 0.792881 0.773649 0.757109 0.743014 0.731163 0.721395 0.713582 0.707622 0.703441 0.700988 0.700234 0.701168 0.703803 0.708170 0.714323 0.722339 0.732322 0.744403 0.758747 0.775561 0.795095 0.817660 0.790245 0.747252 0.710319 0.678422 0.650766 0.626728 0.605810 0.587613 0.571815 0.558153 0.546415 0.536426 0.528045 0.521158 0.515674 0.511524 0.508656 0.507035 0.506641 0.507469 0.509529 0.512846 0.517462 0.523434 0.530839 0.539776 0.550367 0.562766 0.577158 0.593773 0.612894 0.634868 0.660126 0.689205 0.722786 4684.000000 1.456452 0.746280
0.864554 0.828946 0.798001 0.771074 0.747647 0.727303 0.709700 0.694563 0.681667 0.670827 0.661896 0.654756 0.649317 0.645509 0.643287 0.642622 0.643508 0.645954 0.649991 0.655668 0.663056 0.672251 0.683374 0.696578 0.712051 0.730026 0.750787 0.766224 0.749682 0.735574 0.723698 0.713892 0.706026 0.700000 0.695737 0.693186 0.692316 0.693115 0.695594 0.699782 0.705732 0.713518 0.723239 0.735023 0.749033 0.765466 0.784570 0.790660 0.790533 0.792315 0.796026 0.801713 0.809446 0.819323 0.831471 0.846054 0.863275 0.883383 0.906687 0.933564 0.964478 1.000000 0.961905 0.914452 0.873466 0.837928 0.807038 0.780156 0.756772 0.736472 0.718919 0.703839 0.691010 0.680249 0.671411 0.664380 0.659065 0.655402 0.653344 0.652867 0.653965 0.656651 0.660958 0.666940 0.674671 0.684251 0.672599 0.662155 0.653581 0.646764 0.641618 0.638078 0.636101 0.635663 0.636758 0.639400 0.643621 0.649473 0.657030 0.666390 0.677676 0.691044 0.706687 0.724841 0.745797 0.769910 0.797621 0.829473 0.866149 0.904627 0.886770 0.871664 0.859099 0.848907 0.840956 0.835146 0.831405 0.829687 0.829972 0.832263 0.836587 0.842998 0.851575 0.862427 0.875697 0.891563 0.910247 0.905639 4381.000000 1.362499 0.856374
0.834384 0.875663 0.923580 0.979541 1.000000 0.934294 0.878677 0.831199 0.790395 0.755144 0.724575 0.698000 0.674874 0.654757 0.637297 0.622203 0.609241 0.598221 0.588985 0.581410 0.575396 0.570866 0.567764 0.566052 0.561214 0.554602 0.549453 0.545701 0.543300 0.542220 0.542449 0.543989 0.546859 0.551095 0.556748 0.563890 0.572616 0.583043 0.595318 0.609620 0.626172 0.645247 0.667177 0.692377 0.721362 0.754778 0.793444 0.838414 0.860722 0.826124 0.796044 0.769867 0.747100 0.727342 0.710269 0.695617 0.683170 0.672752 0.664224 0.657473 0.652414 0.648984 0.647140 0.646861 0.648143 0.651002 0.655471 0.661608 0.669488 0.679215 0.690917 0.704758 0.720936 0.739699 0.761347 0.786252 0.814871 0.847772 0.885664 0.878938 0.831924 0.791494 0.756550 0.726236 0.699879 0.676942 0.656993 0.639683 0.624729 0.611897 0.601002 0.591888 0.584434 0.578541 0.574135 0.571162 0.569584 0.569383 0.570556 0.573118 0.577099 0.582549 0.589537 0.598153 0.608512 0.620758 0.635069 0.633509 0.625491 0.619146 0.614393 0.611174 0.609449 0.609198 0.610416 0.613120 0.617341 0.623132 0.630567 0.639741 0.650777 0.663827 0.679081 0.696771 0.717180 0.740660 0.767641 0.798659 5818.500000 1.238663 0.754282
0.894809 0.867477 0.843738 0.823194 0.805521 0.790455 0.777781 0.767327 0.758955 0.752556 0.748052 0.745386 0.744526 0.745463 0.748206 0.752790 0.759271 0.767729 0.757009 0.740692 0.726777 0.715066 0.705398 0.697648 0.691713 0.687522 0.685021 0.684180 0.684990 0.687459 0.691619 0.697520 0.700941 0.705251 0.711339 0.719280 0.729178 0.741162 0.755396 0.772085 0.791477 0.813880 0.839670 0.869311 0.903377 0.942585 0.935053 0.919412 0.906432 0.895942 0.887807 0.881924 0.878219 0.876649 0.877194 0.879861 0.884682 0.891715 0.901050 0.912805 0.927133 0.944229 0.964335 0.987746 0.963954 0.928620 0.897872 0.871126 0.847911 0.827844 0.810612 0.795961 0.783686 0.773618 0.765627 0.759610 0.755494 0.753226 0.752780 0.754151 0.757354 0.762036 0.746810 0.733914 0.723168 0.714428 0.707582 0.702542 0.699246 0.697654 0.697745 0.699523 0.703007 0.708241 0.715290 0.724242 0.735216 0.743842 0.738225 0.734449 0.732467 0.732254 0.733809 0.737151 0.742319 0.749379 0.758418 0.769555 0.782938 0.798754 0.817230 0.838650 0.863359 0.891782 0.924443 0.961992 0.983629 0.975885 0.970582 0.967655 0.967068 0.968815 0.972916 0.979422 0.988412 1.000000 0.962326 0.926223 573.500000 1.242965 0.892480
0.850979 0.817045 0.787539 0.761861 0.739530 0.720156 0.703423 0.689072 0.676893 0.666715 0.658401 0.651843 0.646958 0.643685 0.641983 0.641833 0.643232 0.646197 0.650764 0.656991 0.664955 0.674761 0.686538 0.700451 0.716703 0.735540 0.757268 0.782260 0.810979 0.843998 0.882034 0.851072 0.811866 0.777905 0.748401 0.722732 0.700396 0.680990 0.664188 0.649723 0.637377 0.626974 0.618370 0.611453 0.606133 0.602343 0.600037 0.599186 0.599781 0.601828 0.605353 0.610398 0.617027 0.625324 0.635400 0.647390 0.661466 0.677837 0.696760 0.718551 0.743598 0.772382 0.805502 0.843715 0.887978 0.939533 1.000000 0.950946 0.900830 0.857695 0.820389 0.788011 0.759854 0.735349 0.714042 0.695564 0.679614 0.665947 0.654365 0.644705 0.636838 0.630661 0.626098 0.623090 0.621601 0.621613 0.623126 0.626159 0.630749 0.636952 0.644847 0.654537 0.666152 0.679855 0.695844 0.714366 0.735721 0.760281 0.788503 0.787070 0.763539 0.743113 0.725454 0.710286 0.697384 0.686568 0.677689 0.670633 0.665308 0.661648 0.659609 0.659165 0.660312 0.663063 0.667451 0.673531 0.681380 0.691098 0.702816 0.716693 0.732932 0.751776 0.773527 0.798556 0.827318 0.860380 0.898448 0.890090 6759.000000 1.137826 0.770745
0.795823 0.782833 0.763701 0.747240 0.733202 0.721387 0.711634 0.703815 0.697828 0.693599 0.691076 0.690228 0.691045 0.693537 0.697733 0.703687 0.711471 0.721186 0.732961 0.746956 0.763371 0.782450 0.804496 0.829876 0.859048 0.892574 0.916145 0.885863 0.859523 0.836661 0.816902 0.799936 0.785515 0.773435 0.763533 0.755678 0.749771 0.745739 0.743531 0.743121 0.744504 0.747697 0.752739 0.759692 0.768643 0.779709 0.793036 0.808809 0.827256 0.817666 0.800832 0.786533 0.774570 0.764779 0.757034 0.751236 0.747313 0.745217 0.744921 0.746424 0.749742 0.754917 0.762013 0.771118 0.782351 0.795862 0.811837 0.825553 0.807829 0.792720 0.780010 0.769526 0.761130 0.754713 0.750196 0.747522 0.746660 0.730785 0.716932 0.705262 0.695614 0.687862 0.681905 0.677669 0.675101 0.674171 0.674868 0.677198 0.681192 0.686897 0.694386 0.703755 0.715125 0.728654 0.744532 0.762997 0.784339 0.808913 0.837160 0.869621 0.906975 0.950073 1.000000 0.970832 0.929192 0.893040 0.861593 0.834227 0.810439 0.789820 0.772037 0.756821 0.743950 0.733247 0.724568 0.717802 0.712862 0.709687 0.708239 0.708501 0.710475 0.714185 0.719678 0.727020 0.736306 0.747656 0.761225 0.777202 2977.500000 1.025142 0.860485
0.817991 0.868771 0.928658 1.000000 0.949759 0.891898 0.842595 0.800284 0.763772 0.732132 0.704640 0.680719 0.659905 0.641827 0.626182 0.612722 0.601246 0.591592 0.583626 0.577244 0.561740 0.546454 0.533229 0.521856 0.512166 0.504021 0.497311 0.491947 0.487860 0.484999 0.483329 0.482830 0.483495 0.485333 0.488366 0.492632 0.498183 0.505091 0.513449 0.523369 0.534995 0.548500 0.564099 0.582054 0.589333 0.582766 0.577720 0.574132 0.571958 0.571171 0.571761 0.573737 0.577121 0.581956 0.588302 0.596239 0.605874 0.617337 0.630790 0.646436 0.664518 0.685340 0.709273 0.736778 0.768427 0.804943 0.847247 0.896523 0.954326 0.910787 0.862497 0.820949 0.785023 0.753850 0.726743 0.703152 0.682637 0.664842 0.649476 0.636302 0.625129 0.615798 0.608186 0.602193 0.597743 0.586386 0.568053 0.552122 0.538322 0.526432 0.516273 0.507698 0.500590 0.494854 0.490416 0.487220 0.485227 0.484412 0.484766 0.486293 0.489011 0.492954 0.498171 0.504729 0.512713 0.522232 0.533421 0.540004 0.536170 0.533667 0.532463 0.532546 0.533914 0.536586 0.540593 0.545986 0.552833 0.561223 0.571269 0.583112 0.596924 0.612919 0.631358 0.652561 0.676926 0.704945 0.737236 0.774583 1030.500000 1.620355 0.745804
0.851045 0.877546 0.908009 0.943015 0.940297 0.918531 0.899869 0.884037 0.870814 0.860022 0.851521 0.845202 0.840988 0.838826 0.838691 0.840580 0.844517 0.850550 0.858753 0.869230 0.882118 0.897588 0.915856 0.913316 0.881110 0.853083 0.828719 0.807599 0.789384 0.773796 0.760608 0.749637 0.740738 0.733795 0.728719 0.725449 0.723945 0.724188 0.726181 0.729949 0.735536 0.743014 0.752477 0.764049 0.777885 0.794180 0.813174 0.835159 0.860497 0.889631 0.901969 0.879050 0.859285 0.842375 0.828073 0.816183 0.806545 0.799034 0.793556 0.790042 0.788451 0.788763 0.790981 0.795133 0.801269 0.809465 0.819827 0.832488 0.847621 0.865438 0.886201 0.910231 0.937923 0.969763 1.000000 0.958686 0.922785 0.891546 0.864368 0.840762 0.820336 0.802766 0.787792 0.775199 0.764816 0.756506 0.750162 0.745705 0.743081 0.742257 0.743223 0.745991 0.750595 0.757091 0.765561 0.776114 0.788888 0.804060 0.821846 0.842511 0.866384 0.893865 0.925450 0.952744 0.916470 0.884910 0.857449 0.833588 0.812924 0.795130 0.779937 0.767126 0.756523 0.747986 0.741407 0.736701 0.733811 0.732702 0.733360 0.735794 0.740032 0.746128 0.754157 0.764221 0.776454 0.791022 0.808130 0.828034 914.000000 1.126470 0.856125
0.898576 0.911877 0.927847 0.944587 0.922534 0.903615 0.887551 0.874117 0.863132 0.854453 0.847969 0.843600 0.841292 0.841017 0.842772 0.846578 0.852481 0.860556 0.870902 0.883655 0.898986 0.917106 0.903233 0.885208 0.869944 0.857228 0.846889 0.838792 0.832837 0.828948 0.827079 0.827207 0.829332 0.833482 0.839707 0.848084 0.858719 0.871752 0.887356 0.905751 0.927206 0.952052 0.980693 1.000000 0.967791 0.939786 0.915499 0.894537 0.876577 0.861359 0.848670 0.838340 0.830234 0.824250 0.820313 0.818377 0.818416 0.820432 0.824449 0.830517 0.838709 0.849131 0.861918 0.877241 0.895315 0.916404 0.940831 0.968995 0.948198 0.927716 0.910246 0.895540 0.883396 0.873654 0.866188 0.860905 0.857740 0.856654 0.857634 0.860693 0.865867 0.873220 0.882843 0.894862 0.909433 0.926756 0.947077 0.969897 0.939034 0.912205 0.888948 0.868889 0.851722 0.837197 0.825115 0.815312 0.807662 0.802069 0.798463 0.796801 0.797061 0.799248 0.803387 0.809530 0.817753 0.828161 0.840888 0.856107 0.874032 0.894926 0.919111 0.946985 0.979035 0.972376 0.949842 0.930520 0.914127 0.900432 0.889253 0.880443 0.873891 0.869514 0.867260 0.867102 0.869036 0.873087 0.879305 0.887765 6854.000000 1.056229 0.900352
0.792402 0.833002 0.880221 0.935505 0.988706 0.945635 0.908256 0.875749 0.847460 0.822862 0.801528 0.783111 0.767328 0.753949 0.742788 0.733694 0.726550 0.721263 0.717770 0.716028 0.716014 0.717730 0.721195 0.726452 0.723608 0.694380 0.668971 0.646859 0.627625 0.610932 0.596503 0.584115 0.573585 0.564764 0.557533 0.551798 0.547484 0.544540 0.542928 0.542628 0.543638 0.545970 0.549651 0.554728 0.561265 0.569345 0.579076 0.590594 0.604064 0.619690 0.637724 0.658472 0.682315 0.704297 0.697547 0.692579 0.689329 0.687760 0.687850 0.689602 0.693037 0.698197 0.705146 0.713971 0.724789 0.737744 0.753018 0.770834 0.791466 0.815251 0.842603 0.874032 0.910175 0.951828 1.000000 0.940628 0.888019 0.842907 0.803999 0.770299 0.741023 0.715552 0.693389 0.674133 0.657458 0.643101 0.630844 0.620513 0.611965 0.605087 0.599791 0.596011 0.593699 0.592827 0.593386 0.595381 0.598837 0.603797 0.610322 0.618496 0.628427 0.640249 0.650939 0.634424 0.620183 0.607999 0.597697 0.589135 0.582196 0.576793 0.572856 0.570338 0.569207 0.569449 0.571068 0.574083 0.578532 0.584468 0.591969 0.601132 0.612081 0.624969 0.639987 0.657367 0.677395 0.700422 0.726882 0.757316 2321.000000 1.507578 0.793010
0.899954 0.889127 0.880653 0.874426 0.870369 0.868431 0.868590 0.870848 0.875231 0.881793 0.890617 0.901813 0.915528 0.931947 0.951299 0.973867 1.000000 0.989707 0.950199 0.915846 0.885950 0.859950 0.837393 0.817909 0.801197 0.787013 0.775157 0.765469 0.757824 0.752124 0.748299 0.746301 0.746106 0.747712 0.751139 0.756428 0.763644 0.772880 0.784254 0.797918 0.814064 0.832924 0.854787 0.880006 0.909014 0.942348 0.980672 0.973864 0.953142 0.935491 0.920659 0.908445 0.898687 0.891260 0.886073 0.883060 0.882187 0.883441 0.886838 0.892419 0.900254 0.910440 0.923109 0.938428 0.956608 0.968619 0.939003 0.913279 0.891016 0.871864 0.855535 0.841797 0.830463 0.821382 0.814438 0.809545 0.806641 0.805693 0.806688 0.809638 0.814580 0.821573 0.830707 0.842097 0.855895 0.861631 0.851063 0.842757 0.836608 0.832538 0.830499 0.830466 0.832438 0.836440 0.842519 0.850752 0.861243 0.874128 0.889581 0.907815 0.929098 0.953756 0.982188 0.954053 0.926417 0.902450 0.881762 0.864036 0.849014 0.836486 0.826285 0.818276 0.812360 0.808462 0.806535 0.806556 0.808524 0.812464 0.818425 0.826479 0.836729 0.849308 0.864385 0.882171 0.902925 0.926966 0.929270 0.913276 3553.000000 1.089085 0.888865
0.676942 0.692988 0.711570 0.732990 0.757622 0.785926 0.818475 0.855989 0.853341 0.831530 0.812716 0.796611 0.782981 0.771637 0.762429 0.755235 0.749965 0.746555 0.744962 0.745167 0.747173 0.751004 0.756706 0.764352 0.774037 0.785888 0.800066 0.816768 0.826543 0.810524 0.796997 0.785777 0.776714 0.769690 0.764617 0.761434 0.760100 0.760600 0.762940 0.767149 0.773277 0.781401 0.791626 0.804084 0.818945 0.805842 0.780546 0.758562 0.739515 0.723100 0.709070 0.697221 0.687390 0.679447 0.673289 0.668839 0.666040 0.664861 0.665285 0.667318 0.670986 0.676332 0.683423 0.692351 0.703232 0.716213 0.731477 0.749251 0.769810 0.793496 0.820725 0.852015 0.840283 0.813648 0.790496 0.770429 0.753125 0.738321 0.725803 0.715397 0.706964 0.700395 0.695608 0.692542 0.691162 0.691449 0.693407 0.697061 0.702455 0.709656 0.718755 0.729872 0.743157 0.758796 0.777020 0.798110 0.822415 0.850358 0.882468 0.919400 0.961978 1.000000 0.942304 0.892937 0.850431 0.813660 0.781741 0.753981 0.729822 0.708818 0.690606 0.674892 0.661435 0.650039 0.640547 0.632830 0.626790 0.622348 0.619451 0.618062 0.618166 0.619763 0.622873 0.627534 0.633803 0.641761 0.651510 0.663183 1545.500000 1.174225 0.831600
0.758404 0.824932 0.906650 0.866599 0.813141 0.767637 0.728618 0.694968 0.665821 0.640502 0.618473 0.599306 0.582651 0.568230 0.555811 0.545210 0.536272 0.528877 0.522926 0.518341 0.515067 0.513062 0.512302 0.512777 0.514494 0.517474 0.521752 0.527383 0.534438 0.543011 0.553217 0.565202 0.579145 0.595262 0.613824 0.635160 0.659679 0.687890 0.720436 0.758131 0.802027 0.756454 0.708881 0.668453 0.633832 0.604004 0.578187 0.555771 0.536272 0.519304 0.504554 0.491772 0.480750 0.471323 0.463352 0.456729 0.451365 0.447190 0.444151 0.442212 0.441348 0.441550 0.442818 0.445170 0.448633 0.453251 0.459083 0.466204 0.474712 0.484725 0.496391 0.509892 0.525448 0.543334 0.563886 0.587526 0.614780 0.646319 0.683003 0.725956 0.776670 0.837171 0.910272 1.000000 0.959253 0.867143 0.792915 0.732017 0.681331 0.638648 0.602363 0.571282 0.544499 0.521314 0.501181 0.483667 0.468426 0.455179 0.443701 0.433806 0.425346 0.418197 0.412262 0.407460 0.403731 0.401026 0.399313 0.398571 0.398791 0.399974 0.402137 0.405305 0.409517 0.414828 0.421306 0.429041 0.438139 0.448737 0.460998 0.475124 0.491365 0.510028 0.531495 0.556248 0.584897 0.618227 0.657264 0.703373 2141.000000 1.337222 0.585940
0.756151 0.846571 0.964190 1.000000 0.902154 0.823556 0.759238 0.705816 0.660905 0.622778 0.590155 0.562065 0.537765 0.516672 0.498327 0.482362 0.468481 0.456446 0.446062 0.437169 0.429639 0.423366 0.418267 0.414276 0.411341 0.409428 0.408511 0.408581 0.409638 0.411695 0.414776 0.418921 0.424182 0.430628 0.438344 0.447440 0.458048 0.470332 0.484493 0.500776 0.519487 0.541004 0.565803 0.594485 0.627824 0.635215 0.611146 0.590204 0.571983 0.556152 0.542446 0.530647 0.520577 0.512094 0.505079 0.499442 0.495108 0.492024 0.490151 0.489468 0.489965 0.491649 0.494539 0.498673 0.504101 0.510892 0.519137 0.528948 0.540463 0.553856 0.569335 0.587159 0.607647 0.631191 0.658284 0.689543 0.725753 0.767930 0.817402 0.875944 0.928123 0.819146 0.734655 0.667422 0.612816 0.567733 0.530018 0.498128 0.470927 0.447565 0.427393 0.409906 0.394707 0.381480 0.369974 0.359984 0.351343 0.343916 0.337593 0.332285 0.327919 0.324437 0.321796 0.319962 0.318912 0.318635 0.319126 0.320392 0.322447 0.325318 0.329041 0.333663 0.339245 0.345865 0.353617 0.362618 0.373011 0.384973 0.398720 0.414520 0.432709 0.453712 0.478067 0.506476 0.539856 0.579441 0.626921 0.684673 3024.500000 1.735483 0.539616
