60
1000 1000
6 196 237 281 249 292 306 292 398 192 373 143 332
8 63 55 86 42 114 60 128 85 107 111 80 119 66 107 55 88
8 19 13 29 7 56 19 64 32 52 47 34 57 17 48 5 33
5 20 19 38 12 62 32 37 39 12 47
4 35 41 67 67 40 89 2 71
5 58 60 79 50 93 71 83 105 59 81
7 39 64 79 43 136 39 194 121 150 154 77 189 13 137
8 133 115 134 85 174 68 196 99 232 125 205 156 169 143 139 146
5 -8 15 24 10 51 26 21 51 -11 48
3 53 19 149 55 55 88
7 24 30 39 20 54 23 68 37 55 51 40 61 25 49
6 31 46 65 2 122 6 120 58 130 103 47 103
3 210 204 290 273 217 309
3 25 68 87 88 8 131
8 30 27 51 22 74 21 67 46 76 68 53 74 24 71 33 47
6 6 -22 59 -29 76 34 68 74 7 93 -23 39
5 14 21 28 3 40 30 36 53 8 39
7 8 11 24 -4 47 2 55 22 55 43 28 41 11 29
6 20 24 32 22 45 32 35 45 20 45 11 35
8 -3 27 38 24 56 47 91 64 63 90 39 111 18 85 1 70
6 69 85 162 103 187 170 164 217 64 244 56 165
8 10 4 26 -3 36 5 49 19 35 27 24 29 15 28 8 16
6 5 12 25 7 33 28 27 41 5 37 -6 28
6 142 129 174 145 199 181 182 216 131 226 102 188
3 41 25 80 41 33 65
6 3 16 33 11 45 39 30 51 10 56 2 35
7 8 52 27 49 45 44 47 62 41 79 19 81 11 72
8 4 66 16 46 31 15 61 37 70 66 70 95 42 109 6 102
3 55 31 110 74 66 98
7 11 10 22 -2 41 2 54 15 46 38 21 40 13 30
7 155 147 209 125 254 142 257 169 270 222 221 211 180 194
5 138 75 188 82 224 104 193 151 124 143
3 25 -25 74 26 9 80
6 69 51 106 21 141 82 99 115 60 108 40 76
4 -6 28 16 10 37 30 17 48
8 108 113 128 104 142 105 149 123 148 155 120 150 107 137 92 129
8 -10 29 27 34 74 45 119 96 67 136 49 160 12 120 3 92
3 19 20 54 36 18 51
8 -2 -2 18 -1 40 -8 42 15 44 41 16 39 -6 45 -2 19
5 17 25 42 17 46 37 39 56 26 41
5 21 0 66 -15 76 19 66 51 34 28
7 34 36 41 25 56 29 59 43 58 59 40 60 38 47
8 34 46 39 34 62 36 76 39 84 50 69 60 66 76 47 66
4 41 114 92 68 162 117 84 173
3 74 -26 175 57 90 145
8 4 21 20 -1 54 17 91 49 48 76 35 83 -4 96 -8 54
5 80 41 126 26 125 56 115 79 89 78
6 -3 63 14 15 60 32 102 79 65 115 12 114
8 11 15 47 6 69 8 95 39 68 55 44 85 20 68 3 40
5 -5 41 73 2 78 61 57 126 -18 104
8 -4 21 21 4 33 1 49 7 75 23 57 37 35 42 23 39
6 38 85 51 34 99 51 135 84 110 128 42 148
3 147 147 286 224 120 324
6 129 104 205 117 267 158 194 217 151 218 86 176
4 44 2 73 34 41 60 10 40
7 13 110 70 120 123 112 141 165 128 211 83 236 8 179
4 48 103 92 36 158 106 88 188
4 -11 8 8 -8 23 12 9 24
3 14 13 108 84 13 142
7 3 18 37 -11 90 -11 92 27 63 61 43 53 13 44
