50
1000 1000
5 35 73 63 69 77 94 58 115 35 105
7 51 38 83 15 115 5 127 70 115 95 80 126 42 74
6 16 1 53 0 79 33 43 56 7 79 -16 37
6 4 12 14 -2 35 -2 47 19 38 33 21 35
7 -5 14 25 -7 55 -7 85 34 66 53 33 57 -3 55
4 27 35 41 -4 65 38 47 76
8 76 3 137 -30 180 -3 227 51 201 126 134 117 76 109 45 54
7 84 73 106 64 135 64 175 100 144 124 100 136 88 117
6 34 -8 88 2 91 40 94 94 43 76 36 49
5 49 145 137 77 176 162 141 272 5 243
3 20 54 97 76 9 108
6 -3 16 11 4 22 7 35 15 22 29 12 28
6 94 16 182 24 250 134 180 184 110 152 78 121
4 16 26 34 4 56 29 34 51
7 109 160 155 138 190 152 224 186 188 217 148 226 121 199
8 25 176 50 153 80 149 124 135 110 177 117 225 78 203 45 219
7 -4 5 14 -5 30 9 37 17 40 37 12 43 -1 26
5 50 15 96 3 112 47 92 83 42 64
6 71 87 108 34 173 50 183 107 157 135 100 166
3 58 43 100 61 55 84
6 55 93 82 88 83 115 76 130 55 124 37 111
4 45 139 119 25 173 132 117 265
4 26 49 47 72 27 89 11 71
5 5 4 35 -12 58 20 34 30 8 30
4 46 3 66 52 44 66 22 45
5 65 68 142 17 164 106 135 162 52 155
6 0 55 23 37 47 38 60 55 45 81 20 82
5 8 78 58 48 100 95 58 153 1 124
8 22 74 35 56 57 44 84 53 91 73 79 104 53 104 38 99
7 15 37 49 22 68 33 100 62 81 89 37 98 11 70
6 14 10 33 7 41 25 37 41 22 35 5 25
5 51 53 90 24 114 62 88 100 44 100
8 1 10 32 -2 57 3 93 39 52 70 30 80 8 64 -25 45
6 9 29 17 20 28 19 39 33 32 48 15 48
8 9 42 18 31 22 14 42 20 52 40 48 63 25 64 5 66
6 12 27 33 -1 66 -8 75 30 69 62 20 61
7 3 21 22 11 53 5 50 28 51 54 13 58 -5 42
7 -4 23 12 20 31 20 30 35 26 51 12 54 5 38
3 47 72 164 158 83 206
6 9 38 27 23 43 25 64 45 43 57 26 61
3 62 11 123 47 51 97
5 70 107 108 98 128 117 104 145 69 139
7 1 48 22 34 51 38 57 61 45 77 20 99 18 76
7 -7 7 6 -14 33 -15 31 11 34 42 8 29 -19 22
7 16 30 45 15 63 26 73 43 60 59 42 62 20 50
4 63 72 167 179 77 282 -9 178
3 151 94 242 132 121 242
8 1 12 22 7 49 7 42 35 37 52 27 49 0 60 10 38
3 46 38 107 77 55 103
4 22 83 115 47 203 85 105 135
