55
1000 1000
3 76 56 137 79 73 120
6 41 8 63 16 83 28 60 54 37 63 21 38
6 -23 96 27 42 96 33 157 109 110 163 17 159
7 22 4 36 -7 53 -7 71 17 51 38 27 40 16 30
6 -1 35 5 7 35 14 38 33 34 61 10 57
7 6 17 25 12 42 9 50 25 42 36 28 40 12 33
7 1 13 15 -10 37 -6 53 16 40 41 22 39 2 30
4 45 2 70 26 43 57 10 30
5 -15 23 59 34 91 79 66 121 24 108
6 88 119 94 87 125 89 133 115 138 155 94 160
4 126 56 173 110 109 169 55 115
7 113 96 168 62 216 66 272 141 222 193 153 199 111 161
7 5 65 87 60 134 72 174 144 146 184 79 227 38 151
5 38 58 65 32 84 76 70 93 34 88
3 135 221 259 273 133 332
3 190 161 286 251 196 301
8 -18 49 10 23 37 20 58 27 85 63 69 77 31 88 16 81
6 172 96 243 83 263 137 224 181 185 184 178 142
7 14 17 48 8 81 16 102 47 67 66 47 96 9 73
6 122 104 182 97 196 168 174 199 117 204 94 162
7 16 25 25 10 45 21 63 30 41 45 30 49 18 38
7 -8 0 10 -3 24 1 37 12 27 31 12 31 -3 17
6 -3 21 20 3 44 3 59 26 45 50 19 42
5 40 17 76 -16 116 30 70 71 16 54
5 67 12 129 -17 204 56 128 105 38 111
6 68 39 122 30 143 101 109 122 68 147 57 96
8 14 4 28 -4 48 -1 43 21 40 27 33 42 18 31 9 21
6 37 25 75 17 105 56 74 112 40 96 -9 69
5 109 61 145 50 159 77 134 104 110 91
5 25 18 89 -23 110 57 86 110 40 74
5 94 109 141 92 172 128 135 161 97 150
8 4 41 11 27 25 30 33 32 39 43 35 53 22 54 9 61
8 45 -3 80 -8 109 24 149 65 100 77 73 100 42 82 28 61
5 15 14 31 0 44 20 35 45 5 30
5 50 118 105 95 125 150 93 201 8 189
6 6 38 25 9 51 17 75 41 54 68 23 68
5 14 3 39 -3 51 9 39 25 18 20
8 25 -4 57 -13 66 0 74 19 86 53 48 57 21 45 31 24
4 89 33 114 63 92 77 73 66
3 1 30 45 56 8 79
7 32 10 53 -5 68 10 92 29 82 61 52 49 42 36
5 120 44 198 0 271 97 215 162 134 111
6 3 -5 18 -6 26 8 19 28 4 21 -1 10
8 57 77 77 65 93 60 108 65 118 83 108 95 92 106 64 100
5 9 23 39 15 65 37 34 54 15 50
8 4 -2 15 -12 37 -1 40 21 32 29 23 29 11 28 0 18
3 3 -11 57 16 7 46
5 -4 54 68 17 95 80 68 194 -30 131
4 24 -17 55 22 21 47 -18 26
6 -3 37 24 22 50 12 85 39 51 61 28 60
8 200 239 180 191 237 179 303 187 301 235 302 320 233 313 200 277
4 119 169 141 134 202 173 147 213
7 -19 72 34 49 71 51 107 81 73 127 37 131 -10 117
3 13 25 57 44 11 69
6 0 8 51 4 56 48 47 79 8 84 -22 53
