0.882358 0.839597 0.802634 0.770566 0.742683 0.718417 0.697313 0.679004 0.663187 0.649621 0.638104 0.628477 0.620608 0.614396 0.609762 0.606647 0.605015 0.604844 0.606133 0.608898 0.613172 0.619008 0.626480 0.635685 0.646745 0.659815 0.675084 0.692785 0.713204 0.736692 0.763681 0.794711 0.830455 0.871764 0.919730 0.960717 0.908438 0.863528 0.824742 0.791115 0.761886 0.736451 0.714324 0.695114 0.678502 0.664229 0.652082 0.641890 0.633514 0.626845 0.621797 0.618307 0.616333 0.615850 0.616853 0.619354 0.623383 0.628990 0.636246 0.645243 0.656102 0.668972 0.684037 0.701526 0.721717 0.744952 0.771654 0.802346 0.837683 0.878489 0.920959 0.886987 0.857424 0.831707 0.809381 0.790076 0.773490 0.759379 0.747541 0.737817 0.730079 0.724229 0.720192 0.717920 0.717386 0.718582 0.721523 0.726245 0.732806 0.741289 0.751803 0.764488 0.779518 0.771077 0.743830 0.720119 0.699506 0.681636 0.666222 0.653028 0.641862 0.632571 0.625028 0.619138 0.614825 0.612035 0.610736 0.610911 0.612561 0.615709 0.620391 0.626666 0.634613 0.644338 0.655969 0.669671 0.685645 0.704138 0.725451 0.749959 0.778120 0.810507 0.847839 0.891026 0.941238 1.000000 0.990255 0.932074 1428.000000 1.089201 0.752189
0.799503 0.788215 0.744543 0.707071 0.674737 0.646721 0.622378 0.601197 0.582768 0.566760 0.552904 0.540982 0.530815 0.522258 0.515194 0.509530 0.505192 0.502128 0.500298 0.499681 0.500269 0.502069 0.505104 0.509411 0.515042 0.522072 0.530592 0.540719 0.552597 0.566404 0.582358 0.600725 0.621836 0.646097 0.674019 0.706241 0.743579 0.787088 0.838150 0.898612 0.826689 0.761442 0.707320 0.661870 0.623320 0.590357 0.561991 0.537461 0.516175 0.497663 0.481554 0.467546 0.455395 0.444905 0.435914 0.428291 0.421928 0.416741 0.412662 0.409640 0.407636 0.406627 0.406599 0.407554 0.409502 0.412467 0.416486 0.421609 0.427904 0.435455 0.444367 0.454769 0.466822 0.480721 0.496707 0.515075 0.536195 0.560530 0.588664 0.621348 0.659557 0.704581 0.758163 0.822710 0.901645 1.000000 0.916354 0.841625 0.779902 0.728249 0.684559 0.647286 0.615268 0.587617 0.563644 0.542807 0.524674 0.508900 0.495205 0.483362 0.473185 0.464524 0.457256 0.451283 0.446525 0.442923 0.440431 0.439018 0.438668 0.439376 0.441151 0.444014 0.448001 0.453161 0.459563 0.467289 0.476447 0.487168 0.499615 0.513984 0.530521 0.549525 0.571368 0.596517 0.625557 0.659240 0.698534 0.744718 603.500000 1.268520 0.592039
0.685732 0.685437 0.686795 0.689824 0.694561 0.701064 0.709415 0.719722 0.732123 0.746789 0.763932 0.783814 0.806754 0.833145 0.863472 0.871790 0.846975 0.825467 0.806920 0.791052 0.777634 0.766479 0.757438 0.750395 0.745260 0.741971 0.740487 0.740789 0.742882 0.746791 0.729885 0.711736 0.696103 0.682752 0.671491 0.662164 0.654649 0.648847 0.644688 0.642118 0.641107 0.641642 0.643730 0.647397 0.652687 0.659667 0.668425 0.679077 0.691768 0.706676 0.724024 0.740163 0.736934 0.735498 0.735837 0.737955 0.741877 0.747652 0.755352 0.765074 0.776946 0.791128 0.807819 0.827266 0.849770 0.875702 0.864305 0.825793 0.792395 0.763361 0.738095 0.716117 0.697042 0.680553 0.666394 0.654357 0.644272 0.636001 0.629438 0.624497 0.621118 0.619260 0.618899 0.620677 0.625180 0.631280 0.639055 0.648606 0.660062 0.673581 0.689361 0.707644 0.728726 0.752973 0.780834 0.812870 0.849783 0.892459 0.942038 1.000000 0.949431 0.883845 0.828603 0.781632 0.741390 0.706709 0.676685 0.650611 0.627929 0.608191 0.595222 0.597224 0.600691 0.605666 0.612211 0.620410 0.630371 0.642230 0.656155 0.672352 0.691076 0.712639 0.723908 0.712870 0.703833 0.696680 0.691320 0.687685 2305.500000 1.042109 0.794085
0.621030 0.612377 0.605401 0.600011 0.596140 0.593740 0.592781 0.593252 0.595159 0.598525 0.603391 0.609818 0.617887 0.627706 0.639407 0.653156 0.654471 0.652913 0.652932 0.654528 0.657720 0.662547 0.669069 0.677369 0.687555 0.699764 0.714165 0.730970 0.750435 0.772879 0.798691 0.828350 0.862455 0.901754 0.947197 1.000000 0.988333 0.915781 0.855071 0.803726 0.759925 0.722302 0.689811 0.661643 0.637160 0.615855 0.597322 0.581230 0.567313 0.555354 0.545175 0.536632 0.529609 0.524013 0.519774 0.516837 0.515168 0.514745 0.515564 0.517635 0.525642 0.537628 0.551533 0.567580 0.586044 0.607260 0.631650 0.659737 0.692182 0.729834 0.773788 0.825492 0.886890 0.879009 0.841107 0.808205 0.779588 0.754684 0.733033 0.714262 0.698069 0.684205 0.672470 0.662700 0.654764 0.648561 0.644011 0.641057 0.639665 0.639817 0.641515 0.644779 0.646730 0.648702 0.652263 0.657455 0.664344 0.673017 0.683589 0.696202 0.711034 0.728305 0.748283 0.771298 0.797757 0.828162 0.863139 0.903472 0.882775 0.842535 0.807665 0.777365 0.750999 0.728060 0.708136 0.690894 0.676061 0.663416 0.652780 0.644006 0.636979 0.631609 0.627828 0.625591 0.624869 0.625655 0.627958 0.631473 1679.500000 1.128429 0.739111
0.909356 0.896544 0.886193 0.878170 0.872374 0.868732 0.867202 0.867764 0.870424 0.875217 0.882199 0.891458 0.903113 0.917315 0.934258 0.954181 0.977378 0.973350 0.936644 0.904707 0.876919 0.852781 0.831885 0.813904 0.798566 0.785654 0.774989 0.766432 0.759873 0.755229 0.752442 0.751481 0.752331 0.755005 0.759534 0.765974 0.774405 0.784937 0.774224 0.765395 0.758572 0.753669 0.750626 0.749406 0.749993 0.752395 0.756642 0.762784 0.770900 0.781092 0.793494 0.808276 0.825645 0.845859 0.869235 0.896160 0.927111 0.962679 0.979769 0.961306 0.945762 0.932925 0.922625 0.914729 0.909139 0.905786 0.904628 0.905653 0.908871 0.914324 0.922077 0.932227 0.944906 0.960279 0.978557 1.000000 0.978899 0.947237 0.919706 0.895827 0.875212 0.857544 0.842565 0.830065 0.819877 0.811868 0.805937 0.802010 0.794951 0.776258 0.760212 0.746579 0.735166 0.725819 0.718415 0.712862 0.709088 0.707049 0.706719 0.708094 0.711191 0.716048 0.722725 0.731306 0.741902 0.754655 0.769740 0.787376 0.807832 0.831434 0.858588 0.889792 0.925663 0.934687 0.920257 0.908421 0.899024 0.891946 0.887100 0.884424 0.883888 0.885485 0.889233 0.895179 0.903396 0.913987 0.927090 0.924800 1307.000000 1.227531 0.896054
0.765587 0.713126 0.668901 0.631274 0.599020 0.571212 0.547130 0.526213 0.508015 0.492180 0.478420 0.466502 0.456235 0.447466 0.440067 0.433938 0.428996 0.425178 0.422436 0.420737 0.420059 0.420394 0.421747 0.424133 0.427583 0.432139 0.437859 0.444818 0.453112 0.462857 0.474198 0.487312 0.502417 0.519780 0.539733 0.562689 0.589167 0.619827 0.655519 0.697355 0.746817 0.805922 0.877481 0.965538 0.959105 0.887229 0.827229 0.776582 0.733445 0.696436 0.664508 0.636845 0.612811 0.591899 0.573703 0.557897 0.544215 0.532439 0.522394 0.513936 0.506950 0.501343 0.497042 0.493995 0.492163 0.491525 0.492072 0.493811 0.496764 0.500966 0.506471 0.513348 0.521689 0.531607 0.543243 0.556772 0.572406 0.590407 0.611096 0.634874 0.662236 0.693810 0.730394 0.773016 0.823026 0.803067 0.756510 0.716686 0.682408 0.652760 0.627028 0.604649 0.585174 0.568241 0.553556 0.540881 0.530022 0.520820 0.513148 0.506902 0.502000 0.498382 0.496002 0.494831 0.494855 0.496074 0.498503 0.502171 0.507125 0.513427 0.521158 0.530423 0.541352 0.554103 0.568873 0.585902 0.605486 0.627989 0.653866 0.683685 0.718166 0.758233 0.805090 0.860329 0.926101 1.000000 0.905136 0.828535 4546.500000 1.255851 0.592786
0.811957 0.779785 0.751807 0.727459 0.706287 0.687923 0.672068 0.658477 0.646953 0.637335 0.629492 0.623324 0.618751 0.615718 0.614186 0.614138 0.615573 0.618508 0.622980 0.629042 0.636774 0.646273 0.657669 0.671120 0.671983 0.660872 0.651667 0.644245 0.638512 0.634394 0.631842 0.630824 0.631327 0.633359 0.636943 0.642123 0.648965 0.657555 0.668006 0.680461 0.695095 0.712126 0.731820 0.754504 0.780579 0.810544 0.814143 0.789268 0.767663 0.748965 0.732880 0.719167 0.707632 0.698116 0.690494 0.684668 0.680566 0.678136 0.677350 0.678197 0.680688 0.684854 0.690746 0.698436 0.708025 0.719639 0.733436 0.731010 0.721081 0.713114 0.707005 0.702678 0.700081 0.699180 0.699966 0.702448 0.706656 0.712642 0.720481 0.730273 0.742148 0.756267 0.772831 0.792089 0.814342 0.839964 0.803393 0.764692 0.731228 0.702191 0.676941 0.654967 0.635858 0.619282 0.604969 0.592698 0.582290 0.573600 0.566509 0.560927 0.556781 0.554022 0.552614 0.552541 0.553802 0.556413 0.559430 0.563587 0.569188 0.576304 0.585027 0.595475 0.607793 0.622163 0.638805 0.657990 0.680052 0.705404 0.734557 0.768154 0.807008 0.852166 0.904985 0.967270 1.000000 0.941729 0.891906 0.849032 5902.000000 1.157194 0.798451
0.774977 0.795637 0.776453 0.759959 0.745912 0.734111 0.724395 0.716637 0.710737 0.706623 0.704242 0.703567 0.704589 0.707320 0.711794 0.718066 0.726214 0.736344 0.748589 0.763118 0.780138 0.799907 0.822736 0.849013 0.879211 0.913920 0.953874 1.000000 0.948111 0.902082 0.862297 0.827783 0.797774 0.771658 0.748945 0.729237 0.712212 0.697605 0.685204 0.674833 0.666352 0.659652 0.654646 0.651273 0.649491 0.649279 0.650634 0.653572 0.658130 0.664363 0.672351 0.682196 0.694032 0.708021 0.724366 0.743317 0.765179 0.773456 0.755627 0.740345 0.727386 0.716570 0.707751 0.700814 0.695672 0.692259 0.690536 0.690481 0.692092 0.695391 0.700416 0.707231 0.715921 0.726600 0.739411 0.754531 0.772183 0.792635 0.816219 0.835046 0.818675 0.804835 0.793335 0.784021 0.776773 0.771499 0.768134 0.766638 0.766991 0.769199 0.773287 0.779307 0.787333 0.797467 0.809842 0.824624 0.842023 0.862294 0.885751 0.912781 0.875411 0.837275 0.804179 0.775398 0.750350 0.728570 0.709681 0.693374 0.679400 0.667555 0.657672 0.649621 0.643295 0.638614 0.635521 0.633978 0.633966 0.635485 0.638554 0.643209 0.649508 0.657532 0.667385 0.679199 0.693138 0.709406 0.728253 0.749984 1447.500000 1.224030 0.839918
0.907050 0.943941 0.986437 1.000000 0.964333 0.933293 0.906305 0.882901 0.862701 0.845396 0.830733 0.818509 0.808559 0.800753 0.794994 0.791210 0.789354 0.789404 0.791123 0.784080 0.779021 0.775884 0.774631 0.775247 0.777739 0.782137 0.788496 0.796895 0.807440 0.820271 0.835561 0.853528 0.849674 0.824409 0.802480 0.783527 0.767253 0.753421 0.741833 0.732334 0.724800 0.719133 0.715265 0.713146 0.712752 0.714078 0.717140 0.721974 0.728642 0.737227 0.747839 0.760621 0.769215 0.768522 0.769684 0.772713 0.777647 0.784547 0.793499 0.804618 0.818053 0.833986 0.852648 0.874318 0.899342 0.928142 0.961241 0.997701 0.961375 0.929762 0.902266 0.878405 0.857787 0.840093 0.825060 0.812480 0.802181 0.794028 0.782903 0.772812 0.764798 0.758756 0.754614 0.752318 0.751843 0.753181 0.756350 0.761387 0.768355 0.777342 0.788464 0.801868 0.817740 0.836309 0.857855 0.882723 0.892496 0.862500 0.836403 0.813743 0.794140 0.777289 0.762937 0.750882 0.740959 0.733038 0.727018 0.722823 0.720401 0.719724 0.720782 0.723590 0.723936 0.720254 0.718332 0.718146 0.719692 0.722991 0.728083 0.735030 0.743920 0.754869 0.768023 0.783565 0.801720 0.822765 0.847040 0.874964 15406.000000 1.178826 0.870470
0.787743 0.816781 0.850168 0.877565 0.841708 0.810542 0.783421 0.759828 0.739343 0.721627 0.706402 0.693442 0.682564 0.673619 0.666491 0.661088 0.657343 0.655209 0.654662 0.655693 0.658317 0.662564 0.668487 0.676160 0.685683 0.694942 0.672810 0.653571 0.636892 0.622506 0.610193 0.599775 0.591107 0.584072 0.578581 0.574563 0.571969 0.570767 0.570943 0.572498 0.575452 0.579841 0.585719 0.593161 0.602265 0.613152 0.625976 0.640925 0.658229 0.678174 0.701106 0.727457 0.757764 0.792698 0.833113 0.880105 0.935102 1.000000 0.949469 0.902427 0.861805 0.826587 0.795977 0.769341 0.746169 0.726050 0.708650 0.693696 0.680967 0.670282 0.661497 0.654495 0.649187 0.645507 0.643411 0.639755 0.625412 0.613143 0.602770 0.594150 0.587168 0.581733 0.577777 0.575251 0.574124 0.574382 0.576029 0.579084 0.583586 0.589589 0.597171 0.606430 0.617492 0.630513 0.645683 0.663238 0.683468 0.706726 0.733452 0.764192 0.799633 0.840644 0.820443 0.790930 0.765245 0.742910 0.723535 0.706805 0.692461 0.680294 0.670134 0.661844 0.655316 0.650467 0.647237 0.645587 0.645496 0.646963 0.650007 0.654664 0.660992 0.669072 0.679007 0.690931 0.705011 0.721450 0.740501 0.762472 10770.000000 1.243553 0.789960
0.766316 0.708200 0.659755 0.618908 0.584150 0.554353 0.528660 0.506409 0.487081 0.470266 0.455634 0.442920 0.431909 0.422424 0.414324 0.407492 0.401834 0.397275 0.393756 0.391233 0.389676 0.389064 0.389390 0.390659 0.392886 0.396098 0.400336 0.405653 0.412119 0.419823 0.428873 0.439403 0.451579 0.465603 0.481723 0.500248 0.521562 0.546146 0.574616 0.607762 0.646619 0.692567 0.747482 0.813986 0.895848 0.959180 0.887656 0.827914 0.777462 0.734473 0.697582 0.665746 0.638160 0.614190 0.593333 0.575186 0.559424 0.545782 0.534046 0.524040 0.515621 0.508675 0.503109 0.498852 0.495852 0.494070 0.493486 0.494092 0.495895 0.498919 0.503199 0.508789 0.515761 0.524208 0.534244 0.546013 0.559692 0.575495 0.593688 0.614598 0.638629 0.666287 0.698207 0.735199 0.778311 0.733204 0.692970 0.658425 0.628603 0.602755 0.580292 0.560745 0.543739 0.528971 0.516195 0.505209 0.495852 0.487988 0.481513 0.476339 0.472401 0.469650 0.468052 0.467588 0.468251 0.470050 0.473007 0.477158 0.482556 0.489269 0.497387 0.507020 0.518308 0.531419 0.546561 0.563991 0.584021 0.607043 0.633544 0.664137 0.699606 0.740962 0.789537 0.847111 0.916123 1.000000 0.924551 0.837020 1345.500000 1.364625 0.582804
0.805320 0.814292 0.807005 0.795191 0.785583 0.778057 0.772517 0.768895 0.767146 0.767249 0.769205 0.773039 0.778796 0.786549 0.796396 0.808465 0.794161 0.774963 0.758455 0.744392 0.732574 0.722839 0.715060 0.709137 0.704995 0.702584 0.701875 0.702859 0.705547 0.709973 0.716192 0.724280 0.734343 0.746513 0.760957 0.777882 0.797542 0.812242 0.812616 0.814955 0.819287 0.825664 0.834167 0.844904 0.858014 0.873676 0.892109 0.913586 0.938438 0.967075 1.000000 0.980269 0.950160 0.924005 0.901365 0.881881 0.865262 0.851271 0.839716 0.830445 0.823337 0.818305 0.815287 0.814244 0.815166 0.818063 0.822970 0.829948 0.839084 0.850495 0.820539 0.792102 0.767355 0.745851 0.727223 0.711175 0.697464 0.685892 0.676301 0.668563 0.662578 0.658270 0.655588 0.654498 0.654987 0.657061 0.660744 0.666083 0.673144 0.682016 0.692817 0.705693 0.720827 0.738441 0.758812 0.782276 0.809250 0.840247 0.848829 0.847061 0.847338 0.849663 0.854064 0.860594 0.869336 0.880399 0.893930 0.910109 0.929165 0.951376 0.977087 0.982398 0.949079 0.920089 0.894910 0.873120 0.854375 0.838395 0.824953 0.813865 0.804985 0.798198 0.793421 0.790593 0.789681 0.790674 0.793584 0.798446 5063.500000 1.277358 0.893731
0.912755 0.856146 0.807981 0.766696 0.731100 0.700276 0.673502 0.650209 0.629939 0.612327 0.597071 0.583930 0.572704 0.563234 0.555387 0.549061 0.544174 0.540664 0.538487 0.537619 0.538047 0.539777 0.542830 0.547244 0.553074 0.560393 0.569299 0.579912 0.592383 0.606896 0.623678 0.635158 0.634393 0.635158 0.637463 0.641335 0.646822 0.653993 0.662939 0.673780 0.686662 0.701771 0.719331 0.739620 0.762978 0.789825 0.820679 0.856188 0.897168 0.944658 1.000000 0.950191 0.904173 0.864393 0.829880 0.799871 0.773755 0.751042 0.731337 0.714316 0.699717 0.687325 0.676967 0.668503 0.661823 0.656841 0.653497 0.651749 0.651575 0.652975 0.655964 0.660579 0.666878 0.674939 0.684868 0.696797 0.710892 0.712578 0.691007 0.672276 0.656072 0.642142 0.630277 0.620311 0.612106 0.605555 0.600575 0.597103 0.595095 0.594529 0.595397 0.597710 0.601495 0.606800 0.613690 0.622255 0.632609 0.644892 0.659282 0.675994 0.695294 0.717508 0.743037 0.772379 0.774529 0.759998 0.747770 0.737679 0.729590 0.723401 0.719034 0.716434 0.715571 0.716434 0.719034 0.723401 0.729590 0.737679 0.747770 0.759998 0.774529 0.791571 0.811378 0.834263 0.860611 0.890892 0.925695 0.965747 6228.500000 1.354905 0.794743
0.897168 0.944658 1.000000 0.962703 0.928623 0.898964 0.873180 0.850827 0.831542 0.815033 0.801058 0.789425 0.779976 0.772590 0.767174 0.763660 0.762005 0.762190 0.764217 0.768109 0.773916 0.781708 0.791585 0.803676 0.818144 0.835191 0.855067 0.878080 0.904604 0.935105 0.970152 0.932819 0.887401 0.848148 0.814099 0.784495 0.758733 0.736326 0.716882 0.700082 0.685665 0.673420 0.663174 0.654789 0.648155 0.643188 0.639826 0.638029 0.637774 0.639057 0.641896 0.646324 0.652396 0.660188 0.669803 0.681367 0.695041 0.711023 0.729557 0.750940 0.775539 0.803806 0.836303 0.873732 0.916981 0.967185 0.979507 0.942682 0.910640 0.882761 0.858546 0.837587 0.819554 0.804179 0.791240 0.780562 0.772003 0.765454 0.760833 0.758083 0.757170 0.758083 0.760833 0.765454 0.772003 0.780562 0.791240 0.804179 0.819554 0.837587 0.858546 0.882761 0.910640 0.942682 0.979507 0.944658 0.897168 0.856188 0.820679 0.789825 0.762978 0.739620 0.719331 0.701771 0.686662 0.673780 0.662939 0.653993 0.646822 0.641335 0.637463 0.635158 0.634393 0.635158 0.637463 0.641335 0.646822 0.653993 0.662939 0.673780 0.686662 0.701771 0.719331 0.739620 0.762978 0.789825 0.820679 0.856188 1583.500000 1.195211 0.779062
0.850074 0.933662 0.994146 0.918233 0.855005 0.801730 0.756421 0.717595 0.684128 0.655151 0.629986 0.608093 0.589042 0.572485 0.558142 0.545783 0.535220 0.526302 0.518907 0.512935 0.508309 0.504972 0.502882 0.502013 0.502356 0.503914 0.506706 0.510766 0.516146 0.522913 0.531157 0.540989 0.552548 0.566005 0.581570 0.599501 0.620113 0.643800 0.671049 0.702474 0.738854 0.781192 0.820807 0.771211 0.728924 0.692615 0.661269 0.634098 0.610485 0.589938 0.572062 0.556539 0.543110 0.531564 0.521730 0.513467 0.506664 0.501230 0.497096 0.494211 0.492539 0.492059 0.492767 0.494670 0.497791 0.502170 0.507861 0.514936 0.523491 0.533642 0.545535 0.559348 0.575301 0.593663 0.614765 0.639020 0.666939 0.699170 0.736540 0.780115 0.831299 0.891971 0.964704 1.000000 0.903301 0.825468 0.761673 0.708616 0.663965 0.626026 0.593541 0.565556 0.541337 0.520309 0.502018 0.486100 0.472263 0.460271 0.449930 0.441082 0.433600 0.427380 0.422339 0.418412 0.415549 0.413715 0.412887 0.413056 0.414223 0.416402 0.419621 0.423920 0.429352 0.435990 0.443922 0.453260 0.464142 0.476736 0.491249 0.507935 0.527109 0.549163 0.574587 0.604005 0.638219 0.678273 0.725557 0.781953 5941.000000 1.306471 0.588379
0.817409 0.867235 0.925903 0.995659 0.986094 0.939922 0.899952 0.865242 0.835047 0.808771 0.785934 0.766146 0.749090 0.734509 0.722190 0.711965 0.703697 0.697280 0.692632 0.689696 0.688436 0.688837 0.690905 0.694663 0.700158 0.707459 0.716659 0.727877 0.741266 0.757016 0.765908 0.730551 0.699926 0.673323 0.650176 0.630035 0.612536 0.597384 0.584336 0.573198 0.563809 0.556040 0.549790 0.544976 0.541540 0.539438 0.538644 0.539150 0.540962 0.544101 0.548606 0.554533 0.561958 0.570979 0.581719 0.594329 0.608999 0.625956 0.645485 0.667933 0.693729 0.723411 0.757653 0.797314 0.843501 0.897664 0.961735 1.000000 0.951810 0.910143 0.873989 0.842549 0.815188 0.791395 0.770756 0.752934 0.737654 0.724693 0.713870 0.705038 0.698084 0.692919 0.689478 0.687720 0.687623 0.689187 0.692429 0.697390 0.704131 0.712738 0.723322 0.736024 0.751023 0.768535 0.783857 0.745884 0.713059 0.684581 0.659819 0.638270 0.619529 0.603269 0.589224 0.577177 0.566951 0.558403 0.551417 0.545903 0.541791 0.539029 0.537583 0.537436 0.538587 0.541049 0.544852 0.550043 0.556688 0.564874 0.574708 0.586329 0.599905 0.615642 0.633795 0.654677 0.678672 0.706259 0.738037 0.774764 2869.000000 1.449275 0.745049
0.926224 0.896261 0.870206 0.847608 0.828098 0.811377 0.797200 0.785369 0.775726 0.768146 0.762531 0.758812 0.756944 0.756904 0.758692 0.762329 0.767860 0.775354 0.784904 0.796636 0.810707 0.827312 0.846695 0.869151 0.895047 0.872639 0.840289 0.812139 0.787650 0.766387 0.747996 0.732190 0.718734 0.707437 0.698145 0.690737 0.685117 0.681216 0.678986 0.678399 0.679449 0.682148 0.686529 0.692645 0.700575 0.710420 0.722310 0.736410 0.752921 0.772091 0.794227 0.819703 0.848980 0.875473 0.854147 0.835801 0.820161 0.807003 0.796149 0.787455 0.780809 0.776129 0.773356 0.772458 0.773423 0.776262 0.781011 0.787728 0.796496 0.807430 0.820672 0.836404 0.854851 0.876289 0.901056 0.929568 0.962338 1.000000 0.996469 0.946227 0.902879 0.865322 0.832690 0.804298 0.779594 0.758134 0.739558 0.723572 0.709937 0.698457 0.688977 0.681369 0.675538 0.671409 0.668932 0.668077 0.668833 0.671210 0.675236 0.680962 0.688458 0.697820 0.709173 0.722671 0.738507 0.756916 0.755485 0.746984 0.740436 0.735759 0.732895 0.731809 0.732489 0.734942 0.739199 0.745311 0.753355 0.763434 0.775680 0.790260 0.807381 0.827298 0.850322 0.876837 0.907316 0.942342 0.982642 0.960655 658.500000 1.179281 0.838766
0.798566 0.784540 0.772829 0.763273 0.755750 0.750163 0.746443 0.744544 0.744444 0.746142 0.749657 0.755033 0.762336 0.771659 0.783124 0.796882 0.813127 0.832094 0.854074 0.854549 0.840411 0.828698 0.819252 0.811954 0.806711 0.803458 0.802156 0.802790 0.805366 0.809916 0.816495 0.825187 0.836102 0.849383 0.865211 0.883810 0.905455 0.898212 0.860883 0.828449 0.800228 0.775673 0.754344 0.735882 0.719995 0.706445 0.695039 0.685622 0.678067 0.672280 0.668186 0.665736 0.664900 0.665668 0.668048 0.672071 0.677785 0.685262 0.694598 0.705916 0.719371 0.735154 0.753501 0.774701 0.799110 0.827164 0.859406 0.896510 0.939328 0.988943 1.000000 0.960409 0.925979 0.896016 0.869962 0.847363 0.827853 0.811131 0.796953 0.785122 0.775477 0.767894 0.762276 0.758554 0.756682 0.756638 0.758421 0.762053 0.767577 0.775063 0.784605 0.796328 0.809782 0.793012 0.778760 0.766827 0.757050 0.749302 0.743483 0.739522 0.737370 0.737001 0.738411 0.741615 0.746655 0.753591 0.762511 0.773531 0.786797 0.802494 0.820847 0.842135 0.837617 0.825116 0.814916 0.806886 0.800923 0.796953 0.794928 0.794823 0.796638 0.800393 0.806135 0.813935 0.823891 0.836134 0.834389 0.815101 1046.500000 1.071095 0.871560
0.808282 0.861179 0.891759 0.875736 0.862319 0.851327 0.842617 0.836076 0.831625 0.829207 0.828794 0.830382 0.833988 0.839657 0.847460 0.857494 0.869890 0.884812 0.902466 0.923109 0.947053 0.896759 0.836775 0.786087 0.742877 0.705782 0.673761 0.646008 0.621890 0.600903 0.582645 0.566789 0.553069 0.541272 0.531220 0.522772 0.515810 0.510246 0.506005 0.503037 0.501304 0.500785 0.499082 0.494388 0.490953 0.488735 0.487706 0.487855 0.489182 0.491704 0.495453 0.500474 0.506831 0.514607 0.523908 0.534863 0.547634 0.562417 0.579456 0.599047 0.621559 0.647450 0.677294 0.711821 0.751965 0.798948 0.854388 0.861603 0.858508 0.857493 0.858546 0.861681 0.866934 0.874372 0.884086 0.896202 0.910880 0.928320 0.948771 0.972539 1.000000 0.998973 0.922383 0.858623 0.804921 0.759263 0.720148 0.686439 0.657257 0.631915 0.609869 0.590685 0.574012 0.559565 0.547113 0.536468 0.527475 0.520011 0.513977 0.509293 0.505902 0.503761 0.502845 0.503142 0.504656 0.507405 0.511423 0.515891 0.512866 0.511101 0.510573 0.511277 0.513221 0.516429 0.520940 0.526811 0.534117 0.542955 0.553446 0.565740 0.580022 0.596518 0.615506 0.637329 0.662410 0.691280 0.724606 0.763240 2734.000000 1.673568 0.761576
0.902326 0.863238 0.829311 0.799804 0.774125 0.751799 0.732439 0.715733 0.701423 0.689303 0.679203 0.670988 0.664551 0.659810 0.656708 0.655206 0.655285 0.656948 0.660214 0.665122 0.671735 0.680135 0.690432 0.702765 0.717306 0.734268 0.753911 0.776557 0.802599 0.832523 0.866935 0.873070 0.845244 0.821053 0.800083 0.781994 0.766510 0.753408 0.742505 0.733655 0.726743 0.721683 0.718412 0.716890 0.717098 0.719038 0.722735 0.728234 0.735603 0.744935 0.756353 0.768295 0.752152 0.738416 0.726893 0.717425 0.709889 0.704189 0.700253 0.698033 0.697502 0.698653 0.701502 0.706081 0.712448 0.720684 0.730893 0.743212 0.757810 0.774897 0.794731 0.817629 0.843979 0.874261 0.909067 0.949142 0.995421 0.954707 0.909218 0.869866 0.835710 0.806003 0.780150 0.757673 0.738183 0.721365 0.706962 0.694763 0.684600 0.676335 0.669863 0.665100 0.661987 0.660488 0.660583 0.662274 0.665581 0.670544 0.677227 0.685712 0.696111 0.708563 0.703031 0.693475 0.685805 0.679923 0.675755 0.673250 0.672377 0.673126 0.675506 0.679546 0.685295 0.692826 0.702234 0.713645 0.727213 0.743132 0.761639 0.783027 0.807652 0.835956 0.868484 0.905917 0.949111 0.999158 1.000000 0.947513 15773.500000 1.091093 0.808040
0.826206 0.775266 0.731904 0.694720 0.662652 0.634875 0.610745 0.589751 0.572129 0.560597 0.550821 0.542664 0.536019 0.530797 0.526934 0.524380 0.523105 0.523094 0.524345 0.526875 0.530714 0.535910 0.542529 0.550656 0.560402 0.571901 0.585321 0.587132 0.586746 0.587775 0.590233 0.594148 0.599570 0.606567 0.615228 0.625670 0.638035 0.652503 0.669292 0.688671 0.710969 0.736593 0.766048 0.799964 0.839138 0.884587 0.937629 1.000000 0.977765 0.942794 0.912361 0.885899 0.862949 0.843137 0.826161 0.811772 0.799769 0.789991 0.782312 0.776633 0.772884 0.771021 0.758402 0.730503 0.706225 0.685106 0.666773 0.650923 0.637309 0.625729 0.616020 0.608050 0.601715 0.596934 0.593647 0.591814 0.591412 0.592437 0.594902 0.598836 0.604288 0.611326 0.620041 0.630549 0.642996 0.648613 0.640000 0.633118 0.627879 0.624217 0.622088 0.621466 0.622342 0.624728 0.628653 0.634164 0.641332 0.650248 0.661031 0.673828 0.678509 0.679292 0.681722 0.685827 0.691658 0.699288 0.708815 0.720365 0.734095 0.750201 0.768923 0.790558 0.815466 0.844094 0.854050 0.848682 0.845405 0.844179 0.844989 0.847846 0.852783 0.859861 0.869170 0.880827 0.894987 0.911842 0.931632 0.886596 19482.000000 1.401546 0.822435
0.626982 0.611826 0.598793 0.587691 0.578360 0.570675 0.564533 0.559857 0.556587 0.554684 0.554124 0.554900 0.557023 0.560517 0.565427 0.571813 0.579757 0.589365 0.598582 0.602217 0.607370 0.614103 0.622504 0.632683 0.644780 0.658967 0.675456 0.694508 0.716441 0.741651 0.770623 0.803966 0.842446 0.887039 0.939006 1.000000 0.946600 0.891321 0.844064 0.803403 0.768245 0.737739 0.711210 0.688124 0.668047 0.650633 0.635595 0.622703 0.611768 0.602637 0.595188 0.589323 0.584967 0.582068 0.578635 0.569493 0.561967 0.555959 0.551393 0.548211 0.546375 0.545861 0.546664 0.548793 0.552275 0.557152 0.563486 0.571357 0.580871 0.592157 0.605378 0.620733 0.638464 0.658873 0.682328 0.709285 0.740318 0.776145 0.790952 0.769225 0.750420 0.734239 0.720439 0.708825 0.699238 0.691550 0.685663 0.681504 0.679020 0.678183 0.675056 0.668942 0.664524 0.661748 0.660579 0.661004 0.663029 0.666676 0.671992 0.679042 0.687917 0.698732 0.711634 0.726806 0.744472 0.764906 0.788446 0.815509 0.846608 0.817478 0.788019 0.762382 0.740088 0.720747 0.704045 0.689722 0.677571 0.667421 0.659135 0.652604 0.647748 0.644504 0.642833 0.642715 0.644149 0.647152 0.651761 0.644501 1606.500000 1.265398 0.802711
0.724839 0.677628 0.637633 0.603469 0.574092 0.548703 0.526680 0.507532 0.490869 0.476376 0.463799 0.452933 0.443609 0.435689 0.429062 0.423639 0.419350 0.416138 0.413965 0.412805 0.412641 0.413474 0.415313 0.418180 0.422111 0.427155 0.433378 0.440863 0.449713 0.460057 0.472052 0.485891 0.501811 0.520106 0.541138 0.565361 0.593352 0.625845 0.663794 0.708460 0.761538 0.825362 0.903237 1.000000 0.970039 0.889441 0.823039 0.767584 0.720757 0.680861 0.646626 0.617084 0.591487 0.569245 0.549892 0.533054 0.518428 0.505769 0.494877 0.485590 0.477775 0.471324 0.466154 0.462197 0.459405 0.457742 0.457188 0.457737 0.459396 0.462184 0.466136 0.471301 0.477746 0.485556 0.494837 0.505721 0.518373 0.532990 0.549819 0.569161 0.591390 0.616973 0.646498 0.680712 0.720583 0.767379 0.822795 0.789490 0.747509 0.711395 0.680172 0.653082 0.629526 0.609026 0.591198 0.575732 0.562375 0.550920 0.541201 0.533081 0.526450 0.521223 0.517332 0.514730 0.513384 0.513279 0.514412 0.516799 0.520468 0.525464 0.531850 0.539710 0.549148 0.560296 0.573316 0.588407 0.605813 0.625833 0.648839 0.675289 0.705759 0.740980 0.781882 0.829679 0.885975 0.932589 0.849150 0.781143 2150.000000 1.289600 0.590166
0.909137 0.897634 0.888533 0.881716 0.877101 0.874629 0.874272 0.876025 0.879909 0.885971 0.894287 0.904961 0.918131 0.933974 0.952709 0.974606 1.000000 0.958395 0.918647 0.884110 0.854058 0.827912 0.805201 0.785544 0.768632 0.754212 0.742077 0.732063 0.724036 0.717894 0.713560 0.710980 0.710124 0.710980 0.713560 0.715962 0.704825 0.695679 0.688405 0.682910 0.679124 0.677003 0.676519 0.677667 0.680462 0.684936 0.691146 0.699169 0.709109 0.721098 0.735301 0.747230 0.753623 0.761978 0.772402 0.785032 0.800042 0.817645 0.838105 0.861744 0.888959 0.920238 0.924761 0.902429 0.883227 0.866871 0.853127 0.841808 0.832766 0.825884 0.821077 0.818286 0.817476 0.818638 0.813063 0.808874 0.806661 0.806397 0.808080 0.811729 0.817389 0.825131 0.835052 0.847280 0.861979 0.879354 0.899654 0.923191 0.950343 0.981578 0.969557 0.919991 0.877257 0.840251 0.808109 0.780145 0.755812 0.734668 0.716353 0.700575 0.687098 0.675726 0.666303 0.658705 0.652833 0.648614 0.645995 0.644945 0.645450 0.647518 0.651172 0.656458 0.658989 0.660538 0.663698 0.668506 0.675022 0.683329 0.693534 0.705775 0.720222 0.737086 0.756625 0.779156 0.805069 0.834846 0.869084 0.908532 4411.000000 1.224396 0.860844
0.833067 0.795015 0.762043 0.733394 0.708465 0.686776 0.667936 0.651631 0.637602 0.625640 0.615574 0.607266 0.600608 0.595513 0.591917 0.589778 0.589067 0.589778 0.591917 0.595513 0.600608 0.607266 0.615574 0.625640 0.637602 0.651631 0.667936 0.686776 0.708465 0.733394 0.762043 0.795015 0.766937 0.740576 0.717637 0.697708 0.680450 0.665590 0.652905 0.642212 0.633366 0.626247 0.620766 0.616853 0.614461 0.613559 0.614137 0.616202 0.619779 0.624912 0.631666 0.640125 0.650403 0.662639 0.677006 0.693718 0.713037 0.735285 0.760858 0.790247 0.824062 0.863073 0.908257 0.960877 0.925706 0.879988 0.840504 0.806269 0.776512 0.750617 0.728091 0.708534 0.691624 0.677094 0.664731 0.654360 0.645839 0.639057 0.633928 0.630386 0.628390 0.627914 0.628953 0.631519 0.635643 0.641378 0.648793 0.657986 0.669079 0.682223 0.697609 0.715468 0.724594 0.700531 0.679600 0.661430 0.645721 0.632230 0.620755 0.611135 0.603240 0.596967 0.592234 0.588984 0.587176 0.586788 0.587816 0.590272 0.594187 0.599607 0.606603 0.615263 0.625703 0.638067 0.652534 0.669321 0.688698 0.710995 0.736617 0.766070 0.799983 0.839154 0.884598 0.937635 1.000000 0.988867 0.928552 0.877164 1533.000000 1.307589 0.753048
1.000000 0.950644 0.882962 0.826134 0.777939 0.736735 0.701281 0.670623 0.644021 0.620887 0.600754 0.583247 0.568062 0.554950 0.543710 0.534177 0.526219 0.519728 0.514620 0.510830 0.508312 0.507033 0.506979 0.508149 0.510558 0.514234 0.519223 0.525589 0.533413 0.542802 0.553885 0.566825 0.581818 0.599109 0.618996 0.641848 0.668123 0.698395 0.733392 0.774044 0.821562 0.877549 0.944165 0.988006 0.914262 0.852673 0.800665 0.756354 0.718331 0.685520 0.657089 0.632385 0.610890 0.592188 0.575943 0.561883 0.549787 0.539472 0.530792 0.523629 0.517888 0.513494 0.510394 0.508549 0.507937 0.508549 0.510394 0.513494 0.517888 0.523629 0.530792 0.539472 0.549787 0.561883 0.575943 0.592188 0.610890 0.632385 0.657089 0.685520 0.718331 0.756354 0.800665 0.852673 0.914262 0.988006 0.957483 0.887960 0.829714 0.780403 0.738303 0.702118 0.670855 0.643742 0.620172 0.599660 0.581818 0.566332 0.552947 0.541454 0.531684 0.523500 0.516789 0.511465 0.507459 0.504723 0.503221 0.502936 0.503865 0.506019 0.509423 0.514121 0.520171 0.527651 0.536661 0.547326 0.559799 0.574269 0.590970 0.610184 0.632264 0.657647 0.686876 0.720641 0.759823 0.805562 0.859364 0.923250 1732.500000 1.012237 0.604566
0.969355 1.000000 0.998819 0.949129 0.906228 0.869042 0.836723 0.808600 0.784133 0.762887 0.744509 0.728710 0.715254 0.703952 0.694648 0.687222 0.681577 0.677643 0.675372 0.674736 0.669895 0.662402 0.656639 0.652534 0.650036 0.649116 0.649761 0.651979 0.655798 0.661264 0.668447 0.677437 0.688352 0.701343 0.716593 0.734329 0.754830 0.778438 0.805574 0.830412 0.814276 0.800646 0.789336 0.780194 0.773103 0.767972 0.764740 0.763366 0.763834 0.766149 0.770340 0.776457 0.784578 0.794806 0.807274 0.822152 0.839649 0.860024 0.859862 0.845731 0.834035 0.824617 0.817356 0.812162 0.808969 0.807741 0.808460 0.811137 0.815803 0.822516 0.831360 0.842448 0.855926 0.871976 0.890828 0.871436 0.846012 0.823958 0.804914 0.788588 0.774740 0.763177 0.753743 0.746315 0.740800 0.737128 0.735255 0.735159 0.736837 0.740310 0.729526 0.710934 0.694899 0.681176 0.669567 0.659910 0.652076 0.645963 0.641496 0.638617 0.637293 0.637507 0.639261 0.642578 0.647497 0.654080 0.662410 0.672597 0.684777 0.699121 0.715841 0.735195 0.757500 0.783147 0.812617 0.835199 0.832199 0.831215 0.832236 0.835275 0.840367 0.847577 0.856993 0.868738 0.882966 0.899871 0.919696 0.942736 1217.000000 1.255740 0.879804
0.911292 1.000000 0.914163 0.843769 0.785198 0.735888 0.693978 0.658085 0.627159 0.600390 0.577146 0.556927 0.539332 0.524038 0.510785 0.499358 0.489585 0.481325 0.474463 0.468908 0.464587 0.461447 0.459448 0.458567 0.458792 0.460126 0.462586 0.466202 0.471018 0.477096 0.484515 0.493376 0.503804 0.515952 0.530008 0.546204 0.564825 0.586223 0.610835 0.639212 0.672052 0.710253 0.754987 0.807811 0.858084 0.803947 0.757954 0.718575 0.684655 0.655300 0.629813 0.607644 0.588352 0.571581 0.557045 0.544510 0.533783 0.524711 0.517167 0.511051 0.506283 0.502803 0.500569 0.499552 0.499741 0.501138 0.503759 0.507638 0.512822 0.519377 0.527389 0.536965 0.548241 0.561382 0.576592 0.594120 0.614273 0.637432 0.664067 0.694772 0.730298 0.771613 0.819977 0.877062 0.913740 0.837714 0.775092 0.722802 0.678652 0.641041 0.608769 0.580923 0.556796 0.535833 0.517592 0.501722 0.487936 0.476004 0.465736 0.456980 0.449610 0.443525 0.438646 0.434909 0.432268 0.430690 0.430156 0.430660 0.432207 0.434817 0.438521 0.443366 0.449414 0.456745 0.465460 0.475681 0.487562 0.501291 0.517097 0.535263 0.556142 0.580169 0.607897 0.640028 0.677468 0.721406 0.773431 0.835713 7738.000000 1.188267 0.597920
0.946159 0.899877 0.859886 0.825202 0.795049 0.768808 0.745984 0.726175 0.709055 0.694358 0.681867 0.671406 0.662834 0.656039 0.650934 0.647455 0.645561 0.645227 0.646450 0.649245 0.653646 0.659707 0.667504 0.677139 0.688740 0.684683 0.675363 0.667880 0.662139 0.658068 0.655616 0.654754 0.655472 0.657777 0.661698 0.667283 0.674603 0.683750 0.694846 0.708042 0.723525 0.741528 0.762332 0.786286 0.813818 0.845460 0.870320 0.839272 0.812252 0.788758 0.768384 0.750800 0.735735 0.722970 0.712328 0.703665 0.696868 0.691853 0.688556 0.686937 0.686977 0.688677 0.692056 0.697156 0.704040 0.712797 0.723538 0.736410 0.751592 0.769304 0.789821 0.813475 0.840678 0.871936 0.907881 0.949301 0.901276 0.857198 0.819111 0.786078 0.757360 0.732369 0.710631 0.691765 0.675461 0.661463 0.649568 0.639606 0.631443 0.624973 0.620113 0.616802 0.615000 0.614685 0.615853 0.618519 0.622715 0.628492 0.635924 0.645106 0.656162 0.669243 0.684539 0.702282 0.716206 0.706006 0.697750 0.691331 0.686668 0.683704 0.682402 0.682747 0.684742 0.688412 0.693803 0.700980 0.710036 0.721089 0.734289 0.749821 0.767914 0.788849 0.812971 0.840704 0.872572 0.909229 0.951493 1.000000 10513.000000 1.160845 0.812912
0.551551 0.586990 0.628915 0.651940 0.627504 0.606242 0.587743 0.571676 0.557772 0.545812 0.535617 0.527043 0.519971 0.514310 0.509986 0.506945 0.505150 0.504579 0.505224 0.507095 0.510213 0.514618 0.520363 0.527524 0.536194 0.546492 0.558566 0.572596 0.588804 0.607462 0.628906 0.653552 0.681917 0.714657 0.752603 0.796832 0.757657 0.683626 0.624144 0.575460 0.535017 0.501013 0.472143 0.447437 0.426165 0.407761 0.391785 0.377890 0.365798 0.355285 0.346171 0.338306 0.331573 0.325872 0.321124 0.317265 0.314247 0.312030 0.310587 0.309901 0.309962 0.310773 0.312342 0.314689 0.317843 0.321844 0.326744 0.332610 0.339523 0.347584 0.356919 0.367678 0.380051 0.394268 0.410618 0.429462 0.451258 0.476595 0.506238 0.541203 0.582865 0.633129 0.694711 0.771623 0.870043 1.000000 0.931522 0.832467 0.754096 0.690732 0.638611 0.595137 0.558464 0.527245 0.500473 0.477383 0.457384 0.440009 0.424893 0.411740 0.400312 0.390417 0.381896 0.374623 0.368493 0.363422 0.359342 0.356202 0.353961 0.352592 0.352079 0.352415 0.353605 0.355662 0.358612 0.362493 0.367352 0.373256 0.380283 0.388534 0.398131 0.409225 0.422001 0.436686 0.453563 0.472981 0.495383 0.521332 3920.000000 1.750293 0.540443
0.924065 0.932817 0.944032 0.957856 0.936409 0.910632 0.888320 0.869118 0.852740 0.838952 0.827564 0.818426 0.811422 0.806463 0.803488 0.802460 0.803369 0.804137 0.782131 0.763087 0.746704 0.732738 0.720990 0.711300 0.703538 0.697607 0.693432 0.690961 0.690164 0.691032 0.693575 0.697824 0.703831 0.711673 0.720671 0.727657 0.736572 0.747531 0.760682 0.776207 0.794333 0.815336 0.839558 0.867416 0.899428 0.936236 0.978643 0.966298 0.944814 0.926448 0.910935 0.898060 0.887653 0.879580 0.873737 0.870054 0.868486 0.869013 0.871641 0.876404 0.883358 0.892591 0.904221 0.918399 0.935318 0.955217 0.935099 0.911524 0.891202 0.873826 0.859145 0.846955 0.837095 0.829437 0.823884 0.820369 0.818848 0.819303 0.821739 0.826185 0.832697 0.841356 0.852271 0.865586 0.844701 0.818841 0.796379 0.776938 0.760211 0.745948 0.733947 0.724042 0.716103 0.710028 0.705742 0.703190 0.702343 0.703190 0.705742 0.708921 0.709152 0.711098 0.714781 0.720246 0.727562 0.736822 0.748145 0.761686 0.777634 0.796223 0.817741 0.842541 0.871056 0.903822 0.941506 0.984946 1.000000 0.979492 0.962079 0.947517 0.935610 0.926202 0.919174 0.914437 0.911936 0.911638 0.913540 0.917665 1321.500000 1.135586 0.889287
0.560353 0.555778 0.552597 0.550772 0.550281 0.551117 0.553290 0.556828 0.561772 0.568187 0.576154 0.585779 0.597193 0.610562 0.626086 0.644012 0.664642 0.688352 0.715603 0.746975 0.783197 0.825200 0.874189 0.931748 1.000000 0.955729 0.900630 0.853483 0.812887 0.777766 0.747280 0.720765 0.697690 0.677629 0.660235 0.645227 0.632376 0.621495 0.612432 0.605067 0.599303 0.595068 0.592310 0.590994 0.591105 0.592643 0.595629 0.600098 0.587866 0.569665 0.553852 0.540159 0.528370 0.518305 0.509823 0.502805 0.497159 0.492813 0.489711 0.487817 0.487105 0.487569 0.489213 0.492058 0.496139 0.501506 0.508228 0.516393 0.526114 0.537527 0.550802 0.566149 0.583822 0.604136 0.627481 0.654342 0.685331 0.721225 0.763027 0.812048 0.870041 0.939391 0.904340 0.867506 0.835488 0.807626 0.783389 0.762347 0.744152 0.728520 0.715218 0.704059 0.694891 0.687594 0.682075 0.678264 0.676116 0.675604 0.676721 0.679482 0.683920 0.690090 0.698069 0.707960 0.719895 0.703174 0.674708 0.649963 0.628428 0.609696 0.593437 0.579382 0.567313 0.557050 0.548451 0.541397 0.535796 0.531578 0.528690 0.527095 0.526776 0.527727 0.529961 0.533505 0.538402 0.544714 0.552523 0.561932 3906.000000 1.515211 0.754874
0.826523 0.872322 0.925856 0.933053 0.894242 0.860520 0.831179 0.805650 0.783474 0.764278 0.747758 0.733667 0.721804 0.712007 0.704146 0.698120 0.693853 0.691294 0.690411 0.691193 0.693649 0.697810 0.703727 0.711474 0.715372 0.701951 0.690657 0.681336 0.673866 0.668149 0.664115 0.661715 0.660918 0.661715 0.664115 0.668149 0.673866 0.681336 0.690657 0.701951 0.715372 0.731112 0.749407 0.770544 0.794879 0.822848 0.844861 0.813165 0.785586 0.761590 0.740749 0.722712 0.707196 0.693969 0.682843 0.673665 0.666314 0.660697 0.656742 0.654402 0.653647 0.654469 0.656878 0.650996 0.643224 0.637153 0.632705 0.629826 0.628480 0.628650 0.630340 0.633570 0.638378 0.644826 0.652994 0.662989 0.674947 0.689034 0.705457 0.724470 0.746385 0.771584 0.800539 0.833839 0.872223 0.916626 0.968249 1.000000 0.940209 0.889186 0.845348 0.807483 0.774651 0.746111 0.721276 0.699672 0.680917 0.664701 0.650771 0.638920 0.628981 0.620820 0.614328 0.609424 0.606046 0.602143 0.593168 0.585846 0.580084 0.575807 0.572963 0.571518 0.571453 0.572767 0.575477 0.579616 0.585235 0.592405 0.601219 0.611796 0.624282 0.638860 0.655752 0.675233 0.697639 0.723385 0.752988 0.787095 1739.000000 1.094007 0.789722
0.636093 0.620883 0.607813 0.596690 0.587356 0.579685 0.573576 0.568951 0.565751 0.563938 0.563491 0.564402 0.566684 0.570364 0.575487 0.582119 0.590343 0.600271 0.612037 0.625812 0.641803 0.660266 0.681512 0.705928 0.733992 0.766303 0.803615 0.796898 0.779158 0.763991 0.751178 0.740542 0.731943 0.725267 0.720433 0.717379 0.716069 0.716486 0.718636 0.722546 0.728261 0.735855 0.745424 0.757093 0.771020 0.787401 0.806478 0.828549 0.853977 0.883210 0.916802 0.955443 1.000000 0.930648 0.869730 0.818147 0.774101 0.736238 0.703522 0.675147 0.650478 0.629011 0.610339 0.594133 0.580127 0.568104 0.557885 0.549327 0.542315 0.536756 0.532581 0.529736 0.528186 0.527914 0.528916 0.531204 0.534806 0.539766 0.546146 0.554031 0.563523 0.574756 0.587890 0.603126 0.620708 0.634559 0.638738 0.644536 0.652025 0.661302 0.672490 0.685744 0.701254 0.719255 0.740034 0.763945 0.791422 0.823007 0.859374 0.901375 0.950099 0.928947 0.896355 0.867992 0.843339 0.821973 0.803551 0.787793 0.774471 0.763401 0.754434 0.747455 0.742377 0.739135 0.737692 0.738028 0.740148 0.744079 0.749867 0.757586 0.767333 0.779236 0.790289 0.754777 0.723988 0.697227 0.673939 0.653681 6080.000000 1.385330 0.790221
0.778254 0.781399 0.786472 0.793535 0.802677 0.814017 0.827703 0.843926 0.862918 0.884966 0.910420 0.939713 0.973377 0.984004 0.956110 0.931937 0.911097 0.893273 0.878209 0.865695 0.855565 0.847687 0.841964 0.838323 0.836721 0.837137 0.839578 0.844072 0.850675 0.859469 0.870566 0.884111 0.900288 0.897988 0.874184 0.853612 0.835954 0.820949 0.808386 0.798096 0.789944 0.783825 0.779665 0.777411 0.777038 0.778539 0.781933 0.787262 0.794591 0.788072 0.778330 0.770660 0.764965 0.761174 0.759240 0.759140 0.760872 0.764459 0.769943 0.777393 0.786903 0.798596 0.812628 0.829197 0.848541 0.870958 0.896811 0.926546 0.960714 1.000000 0.987889 0.960766 0.937290 0.917091 0.899866 0.885370 0.873404 0.863811 0.856466 0.851280 0.848186 0.847149 0.848155 0.851216 0.856371 0.863681 0.873239 0.857479 0.842625 0.830244 0.820169 0.812268 0.806443 0.802620 0.800753 0.800820 0.802821 0.806780 0.812747 0.820794 0.829464 0.825715 0.823975 0.824225 0.826466 0.830726 0.837058 0.845539 0.856278 0.869415 0.858930 0.847930 0.839204 0.832641 0.828159 0.825704 0.825246 0.826779 0.830322 0.835918 0.822789 0.809918 0.799338 0.790912 0.784532 0.780119 0.777618 0.776999 19335.000000 1.057973 0.912482
0.871459 0.876336 0.819506 0.771342 0.730187 0.694790 0.664193 0.637648 0.614567 0.594480 0.577011 0.561855 0.548762 0.537531 0.527997 0.520027 0.513512 0.508368 0.504529 0.501949 0.500594 0.500449 0.501511 0.503795 0.507327 0.512152 0.518330 0.525941 0.535088 0.545897 0.558524 0.573163 0.590050 0.609475 0.631797 0.657460 0.687021 0.721184 0.760852 0.807196 0.861762 0.919853 0.847192 0.786926 0.736321 0.693401 0.656704 0.625126 0.597820 0.574125 0.553519 0.535587 0.519993 0.506467 0.494789 0.484779 0.476291 0.469205 0.463428 0.458883 0.455513 0.453276 0.452145 0.452106 0.453159 0.455316 0.458603 0.463063 0.468750 0.475739 0.484123 0.494020 0.505573 0.518960 0.534397 0.552152 0.572554 0.596013 0.623040 0.654287 0.690585 0.733017 0.783014 0.842508 0.914171 1.000000 0.914202 0.843836 0.785284 0.735988 0.694090 0.658205 0.627285 0.600522 0.577282 0.557067 0.539475 0.524184 0.510933 0.499509 0.489739 0.481481 0.474622 0.469070 0.464752 0.461616 0.459621 0.458744 0.458973 0.460313 0.462778 0.466400 0.471223 0.477308 0.484736 0.493607 0.504045 0.516205 0.530275 0.546487 0.565126 0.586545 0.611181 0.639585 0.672458 0.710697 0.755478 0.808359 6270.000000 1.131548 0.601183
0.800254 0.726059 0.665923 0.616358 0.574949 0.539973 0.510167 0.484585 0.462508 0.443376 0.426751 0.412286 0.399700 0.388769 0.379309 0.371171 0.364235 0.358400 0.353588 0.349735 0.346791 0.344720 0.343496 0.343105 0.343541 0.344809 0.346927 0.349918 0.353821 0.358687 0.364578 0.371576 0.379781 0.389316 0.400331 0.413012 0.427585 0.444335 0.463613 0.485863 0.511651 0.541708 0.576993 0.618791 0.668854 0.729643 0.804720 0.800331 0.754486 0.715239 0.681434 0.652180 0.626782 0.604691 0.585466 0.568754 0.554267 0.541773 0.531081 0.522037 0.514514 0.508412 0.503652 0.500174 0.497936 0.496909 0.497081 0.498455 0.501046 0.504888 0.510027 0.516529 0.524478 0.533983 0.545176 0.558222 0.573323 0.590726 0.610737 0.633730 0.660176 0.690660 0.689367 0.642908 0.603678 0.570256 0.541576 0.516829 0.495386 0.476754 0.460541 0.446436 0.434184 0.423579 0.414455 0.406674 0.400127 0.394723 0.390390 0.387075 0.384734 0.383339 0.382874 0.383331 0.384718 0.387051 0.390359 0.394682 0.400077 0.406614 0.414384 0.423496 0.434088 0.446326 0.460415 0.476608 0.495218 0.516636 0.541354 0.569997 0.603376 0.642551 0.688942 0.744486 0.811898 0.895106 1.000000 0.893736 1285.500000 1.530089 0.566065
0.919221 0.897776 0.879379 0.863760 0.850699 0.840022 0.831587 0.825289 0.821048 0.818814 0.818558 0.820277 0.823994 0.829752 0.837623 0.847707 0.860134 0.875070 0.892722 0.913348 0.937260 0.956393 0.913854 0.876961 0.844887 0.816976 0.792698 0.771627 0.753415 0.737779 0.724489 0.713357 0.704234 0.696998 0.691559 0.687848 0.685821 0.685451 0.686736 0.689690 0.686001 0.682119 0.679909 0.679345 0.680419 0.683146 0.687557 0.693708 0.701675 0.711562 0.723499 0.737651 0.754221 0.773459 0.795671 0.821233 0.850609 0.884374 0.923247 0.968134 1.000000 0.968313 0.940770 0.916898 0.896313 0.878703 0.863812 0.851435 0.841405 0.833594 0.827903 0.824261 0.822625 0.822973 0.825311 0.829666 0.836093 0.844671 0.855509 0.868748 0.884569 0.903193 0.924893 0.950008 0.937565 0.896170 0.860261 0.829039 0.801868 0.778237 0.757731 0.740016 0.724817 0.711909 0.701113 0.692282 0.685302 0.680083 0.676560 0.674691 0.674452 0.675841 0.678874 0.683589 0.690045 0.698321 0.708526 0.720796 0.735301 0.752252 0.771906 0.785383 0.781536 0.779596 0.779538 0.781363 0.785093 0.790772 0.798472 0.808289 0.820352 0.834822 0.851901 0.871837 0.894936 0.921573 0.952209 0.944045 19501.000000 1.154474 0.853309
0.641002 0.638188 0.630299 0.624088 0.619476 0.616406 0.614840 0.614759 0.616162 0.619066 0.623507 0.629540 0.637241 0.646710 0.658074 0.671491 0.687157 0.705310 0.726246 0.750326 0.777995 0.809810 0.845525 0.834160 0.825058 0.818103 0.813206 0.810308 0.809374 0.810391 0.813374 0.818357 0.825402 0.834598 0.846062 0.859945 0.876439 0.895778 0.918252 0.944216 0.909091 0.863002 0.823249 0.788813 0.758897 0.732868 0.710220 0.690544 0.673507 0.658839 0.646321 0.635772 0.627049 0.620035 0.614641 0.610799 0.608461 0.607599 0.608203 0.610280 0.613854 0.618971 0.623580 0.615130 0.608353 0.603160 0.599488 0.597290 0.596539 0.597228 0.599364 0.602973 0.608100 0.614808 0.623184 0.633339 0.645410 0.659570 0.676031 0.695052 0.716951 0.742121 0.771048 0.804337 0.842753 0.887267 0.939134 1.000000 0.960336 0.922202 0.889040 0.860181 0.835085 0.813316 0.794518 0.778402 0.764733 0.753320 0.744007 0.736676 0.731232 0.727607 0.725759 0.725663 0.727320 0.730748 0.735990 0.743112 0.752202 0.763379 0.776793 0.792631 0.811122 0.804355 0.776148 0.751601 0.730264 0.711773 0.695831 0.682194 0.670666 0.661087 0.653330 0.647294 0.642903 0.640103 0.638860 0.639159 709.500000 1.250986 0.828939
0.927639 0.998124 1.000000 0.926043 0.864210 0.811951 0.767396 0.729141 0.696116 0.667492 0.642616 0.620970 0.602137 0.585783 0.571635 0.559470 0.549107 0.540399 0.533228 0.527499 0.523138 0.520092 0.518322 0.517807 0.518542 0.520534 0.523809 0.528406 0.534383 0.541817 0.550807 0.561475 0.573975 0.588494 0.605263 0.616351 0.605068 0.595599 0.587817 0.581618 0.576924 0.573676 0.571835 0.571377 0.572298 0.574608 0.578336 0.583527 0.590247 0.598583 0.608645 0.620571 0.634534 0.650743 0.669457 0.690993 0.697606 0.698029 0.700140 0.703966 0.709552 0.716968 0.726310 0.737698 0.751289 0.767272 0.785885 0.807417 0.832223 0.860741 0.893512 0.871182 0.819817 0.775937 0.738203 0.705591 0.677300 0.652703 0.631297 0.612680 0.596525 0.582567 0.570591 0.560421 0.551913 0.544952 0.539449 0.535332 0.532551 0.531071 0.530875 0.531960 0.534340 0.538043 0.543115 0.549620 0.557643 0.567290 0.578696 0.592025 0.586170 0.574311 0.564255 0.555862 0.549017 0.543633 0.539641 0.536991 0.535651 0.535605 0.536853 0.539408 0.543303 0.548587 0.555324 0.563604 0.573538 0.585262 0.598950 0.614809 0.633098 0.654133 0.678303 0.706095 0.738115 0.775134 0.818137 0.868406 4905.000000 1.575987 0.750199
0.863037 0.836145 0.812778 0.792538 0.775104 0.760212 0.747649 0.737242 0.728852 0.722372 0.717719 0.714838 0.713692 0.714267 0.716571 0.720632 0.726499 0.734246 0.743971 0.755803 0.769902 0.786468 0.805746 0.828038 0.853713 0.869042 0.844388 0.823022 0.804601 0.788846 0.775528 0.764463 0.755505 0.748536 0.743469 0.740242 0.738815 0.739170 0.741313 0.745269 0.751086 0.758837 0.768621 0.780566 0.794833 0.811622 0.831182 0.853816 0.879896 0.909880 0.944336 0.983967 0.988004 0.953896 0.924217 0.898427 0.876091 0.856853 0.840423 0.826565 0.815088 0.805840 0.798703 0.793586 0.790425 0.789184 0.789847 0.792421 0.796938 0.803454 0.812049 0.822834 0.835951 0.851577 0.869934 0.891294 0.891526 0.858713 0.830159 0.805320 0.783757 0.765115 0.749101 0.735479 0.724057 0.714680 0.707225 0.701596 0.697724 0.695560 0.695080 0.696276 0.699164 0.703778 0.710176 0.718438 0.728671 0.741010 0.755626 0.772729 0.792578 0.815490 0.841854 0.872151 0.885085 0.869229 0.855957 0.845090 0.836485 0.830033 0.825653 0.823293 0.822922 0.824538 0.828159 0.833830 0.841620 0.851628 0.863984 0.878851 0.896437 0.916996 0.940839 0.968350 1.000000 0.970359 0.929463 0.893941 5076.500000 1.193645 0.853442
0.915185 0.832081 0.764502 0.708654 0.661896 0.622333 0.588571 0.559562 0.534506 0.512780 0.493894 0.477459 0.463163 0.450753 0.440022 0.430804 0.422963 0.416387 0.410988 0.406693 0.403450 0.401217 0.399966 0.399684 0.400365 0.402019 0.404666 0.408338 0.413081 0.418957 0.426044 0.434440 0.444265 0.455667 0.468830 0.483976 0.501381 0.521388 0.544425 0.571030 0.601894 0.637909 0.680252 0.730501 0.790822 0.864272 0.849521 0.797101 0.752481 0.714221 0.681225 0.652646 0.627820 0.606221 0.587426 0.571096 0.556955 0.544778 0.534382 0.525618 0.518366 0.512528 0.508031 0.504818 0.502849 0.502100 0.502562 0.504241 0.507157 0.511347 0.516861 0.523771 0.532168 0.542166 0.553907 0.567565 0.583354 0.601538 0.622440 0.646460 0.674097 0.705980 0.742907 0.785908 0.779469 0.726577 0.681946 0.643941 0.611345 0.583226 0.558868 0.537706 0.519294 0.503273 0.489355 0.477304 0.466931 0.458079 0.450622 0.444458 0.439504 0.435698 0.432991 0.431350 0.430755 0.431200 0.432689 0.435240 0.438885 0.443670 0.449655 0.456920 0.465564 0.475709 0.487506 0.501141 0.516843 0.534890 0.555630 0.579495 0.607031 0.638930 0.676087 0.719674 0.771253 0.832958 0.907773 1.000000 4561.500000 1.300473 0.589374
0.844516 0.863204 0.884918 0.910001 0.938876 0.972061 1.000000 0.975588 0.954585 0.936675 0.921605 0.909168 0.899199 0.891571 0.886189 0.882985 0.881921 0.882985 0.886189 0.891571 0.899199 0.909168 0.921605 0.936675 0.941802 0.904403 0.871881 0.843579 0.818968 0.797619 0.779184 0.763379 0.749974 0.738780 0.729648 0.722458 0.717119 0.713565 0.711752 0.711658 0.716227 0.726910 0.739726 0.754853 0.772512 0.792973 0.816567 0.843704 0.857993 0.851644 0.847416 0.845255 0.845136 0.847057 0.851042 0.857140 0.865425 0.876003 0.889011 0.904624 0.907296 0.896536 0.888143 0.882010 0.878062 0.876251 0.876555 0.878978 0.883548 0.890322 0.899384 0.910850 0.924868 0.941629 0.943760 0.923733 0.906676 0.892349 0.880555 0.871141 0.863985 0.858999 0.856120 0.855314 0.856571 0.859907 0.865362 0.873002 0.877558 0.856304 0.838027 0.822454 0.809364 0.798577 0.789952 0.783378 0.778774 0.776082 0.775270 0.776328 0.779269 0.784128 0.790965 0.799867 0.810948 0.824353 0.840268 0.858919 0.880586 0.905613 0.882941 0.861498 0.843054 0.827335 0.814116 0.803218 0.794497 0.787841 0.783166 0.780415 0.779555 0.780576 0.783489 0.788330 0.795159 0.804061 0.815150 0.828574 1272.000000 1.083501 0.903534
0.841701 0.781304 0.730636 0.687695 0.651003 0.619445 0.592165 0.568499 0.547921 0.530013 0.514645 0.511676 0.509961 0.509482 0.510231 0.512219 0.515469 0.520021 0.525932 0.533279 0.542158 0.552693 0.565033 0.579364 0.595914 0.614962 0.636854 0.662015 0.690979 0.724419 0.763192 0.808408 0.861525 0.924497 1.000000 0.960588 0.917170 0.879534 0.846825 0.818362 0.793600 0.772098 0.753498 0.737508 0.723890 0.712451 0.703035 0.695519 0.689806 0.685824 0.683526 0.682882 0.683886 0.686549 0.690904 0.697005 0.704927 0.714774 0.726674 0.725507 0.701469 0.680560 0.662412 0.646723 0.633251 0.621796 0.612196 0.604323 0.598071 0.593363 0.590139 0.588359 0.588002 0.589064 0.591558 0.595513 0.595546 0.594672 0.595232 0.597234 0.600701 0.605676 0.612222 0.620421 0.630382 0.642241 0.656166 0.672364 0.691088 0.712651 0.737437 0.765921 0.798696 0.836505 0.880299 0.917403 0.880286 0.848019 0.819939 0.795515 0.774315 0.755989 0.740253 0.726874 0.715664 0.706470 0.699173 0.693679 0.689919 0.687848 0.687441 0.686320 0.681751 0.678868 0.677634 0.678035 0.680077 0.683782 0.689198 0.696392 0.705454 0.716505 0.729693 0.745204 0.763268 0.784166 0.808242 0.835921 593.500000 1.125065 0.754574
0.809035 0.892981 0.867519 0.814403 0.769162 0.730349 0.696864 0.667853 0.642647 0.620715 0.601633 0.585056 0.570706 0.558357 0.547822 0.538952 0.531624 0.525743 0.521233 0.518037 0.516115 0.515445 0.516018 0.517841 0.520937 0.525343 0.531114 0.538325 0.547071 0.557471 0.569673 0.583858 0.600252 0.619127 0.640822 0.665754 0.694446 0.727554 0.765915 0.722627 0.678378 0.640690 0.608357 0.580462 0.556295 0.535298 0.517028 0.501131 0.487322 0.475369 0.465081 0.456305 0.448915 0.442811 0.437911 0.434153 0.431490 0.429888 0.429329 0.429806 0.431323 0.433901 0.437569 0.442376 0.448381 0.455664 0.464325 0.474487 0.486301 0.499954 0.515674 0.533742 0.554506 0.578401 0.605974 0.637921 0.675141 0.718813 0.770509 0.832378 0.907428 1.000000 0.977562 0.876138 0.795518 0.730095 0.676120 0.630992 0.592850 0.560329 0.532407 0.508301 0.487408 0.469250 0.453449 0.439703 0.427766 0.417439 0.408559 0.400996 0.394641 0.389408 0.385227 0.382046 0.379825 0.378536 0.378164 0.378704 0.380162 0.382557 0.385918 0.390287 0.395721 0.402290 0.410086 0.419220 0.429830 0.442083 0.456186 0.472394 0.491024 0.512468 0.537223 0.565925 0.599392 0.638701 0.685295 0.741148 3035.500000 1.434047 0.576197
0.690799 0.741555 0.802448 0.876536 0.921748 0.877923 0.840007 0.807095 0.778469 0.753558 0.731899 0.713121 0.696920 0.683047 0.671302 0.661520 0.653571 0.647352 0.642784 0.639811 0.638396 0.638522 0.640190 0.643422 0.648256 0.632650 0.614988 0.599691 0.586515 0.575262 0.565769 0.557908 0.551572 0.546680 0.543172 0.541003 0.540148 0.540596 0.542352 0.545438 0.549892 0.555768 0.563143 0.572114 0.566163 0.554727 0.545031 0.536939 0.530343 0.525157 0.521316 0.518770 0.517490 0.517460 0.518679 0.521163 0.524941 0.530060 0.536586 0.544603 0.543716 0.543450 0.544496 0.546865 0.550587 0.555709 0.562293 0.570426 0.580217 0.591800 0.605342 0.621051 0.639177 0.660031 0.683995 0.711543 0.743269 0.779923 0.822464 0.872136 0.930579 1.000000 0.992770 0.895441 0.817285 0.753347 0.700251 0.655622 0.617741 0.585330 0.557427 0.533290 0.512339 0.494117 0.478260 0.464473 0.452518 0.442202 0.433366 0.425883 0.419647 0.414576 0.410603 0.407678 0.405765 0.404841 0.404895 0.405926 0.407553 0.407217 0.407863 0.409499 0.412146 0.415835 0.420613 0.426541 0.433699 0.442185 0.452121 0.463655 0.476973 0.492300 0.509914 0.530159 0.553467 0.580381 0.611595 0.648007 3243.500000 1.477523 0.685034
0.508541 0.493719 0.480863 0.469762 0.460246 0.452175 0.445437 0.439942 0.435617 0.432407 0.430274 0.429190 0.429143 0.430133 0.432170 0.435280 0.439502 0.444889 0.451511 0.459457 0.468837 0.479787 0.492477 0.507110 0.523941 0.543282 0.565519 0.591139 0.620758 0.655162 0.695377 0.742759 0.799136 0.867034 0.950043 1.000000 0.916822 0.848305 0.791090 0.742782 0.701627 0.666314 0.635844 0.609443 0.586503 0.566543 0.549176 0.534091 0.521034 0.509799 0.500218 0.492154 0.485497 0.480160 0.476072 0.473184 0.471460 0.470878 0.471433 0.473129 0.475989 0.480047 0.485355 0.491979 0.500008 0.509551 0.520745 0.528237 0.521092 0.515362 0.510975 0.507876 0.506025 0.505401 0.505996 0.507817 0.510886 0.515242 0.520938 0.528048 0.536666 0.546909 0.558923 0.572888 0.589024 0.607602 0.628954 0.653493 0.681734 0.714325 0.752091 0.796098 0.812875 0.777335 0.746495 0.719677 0.696339 0.676044 0.658439 0.643239 0.630209 0.619158 0.609931 0.602406 0.596484 0.592090 0.589168 0.587685 0.587620 0.588975 0.591765 0.596024 0.601805 0.609181 0.618248 0.629128 0.641972 0.656967 0.674342 0.694380 0.717426 0.699353 0.658550 0.623665 0.593648 0.567693 0.545171 0.525585 731.000000 1.531429 0.683284
0.729056 0.714338 0.701860 0.691448 0.682961 0.676290 0.671350 0.668078 0.666437 0.666405 0.667982 0.671187 0.676060 0.682660 0.691072 0.701405 0.713797 0.728422 0.745491 0.765268 0.788073 0.814301 0.844438 0.864674 0.836390 0.811792 0.790449 0.772012 0.756196 0.742768 0.731540 0.722361 0.715111 0.709697 0.706054 0.704135 0.703917 0.705399 0.708598 0.713552 0.720324 0.728999 0.739689 0.752537 0.767721 0.785462 0.777002 0.740798 0.709451 0.682226 0.658541 0.637931 0.620020 0.604504 0.591135 0.579710 0.570067 0.562070 0.555615 0.550618 0.547016 0.544765 0.543837 0.543857 0.544269 0.545999 0.549066 0.553509 0.559383 0.566763 0.575746 0.586454 0.599038 0.613685 0.630623 0.650134 0.672563 0.698337 0.727988 0.762187 0.801784 0.847876 0.901895 0.965751 1.000000 0.949319 0.905603 0.867735 0.834838 0.806214 0.781309 0.759671 0.740937 0.724808 0.711043 0.699444 0.689854 0.682144 0.676215 0.671993 0.669427 0.668484 0.669154 0.671444 0.675383 0.681018 0.678098 0.662031 0.648233 0.636501 0.626669 0.618604 0.612200 0.607375 0.604069 0.602243 0.601873 0.602955 0.605502 0.609546 0.615136 0.622342 0.631258 0.642003 0.654724 0.669605 0.686871 0.706800 5022.500000 1.207396 0.809138
0.603839 0.594019 0.585842 0.579264 0.574201 0.570587 0.568380 0.567551 0.568091 0.570008 0.573322 0.578077 0.584330 0.592162 0.601677 0.613003 0.626301 0.640324 0.641384 0.644000 0.648206 0.654054 0.661616 0.670991 0.682303 0.695707 0.711397 0.729608 0.750633 0.774827 0.802631 0.834590 0.871386 0.913880 0.963169 0.980915 0.949920 0.922979 0.899631 0.879502 0.862286 0.847734 0.835645 0.825858 0.818245 0.812712 0.809189 0.807634 0.808027 0.810375 0.814704 0.821069 0.829547 0.840249 0.853312 0.839254 0.799766 0.765589 0.735914 0.710100 0.687636 0.668110 0.651187 0.636597 0.624116 0.613566 0.604798 0.597698 0.592172 0.588152 0.585586 0.584445 0.584715 0.586398 0.589515 0.592920 0.593294 0.595104 0.598370 0.603133 0.609453 0.617410 0.627108 0.638679 0.652285 0.668129 0.686456 0.707570 0.731843 0.759736 0.791822 0.828823 0.871655 0.856900 0.841857 0.829297 0.819050 0.810983 0.804994 0.801008 0.798976 0.798875 0.800702 0.804481 0.810256 0.818100 0.828112 0.840422 0.855194 0.872635 0.892998 0.916596 0.943809 0.975109 1.000000 0.937122 0.883687 0.837927 0.798501 0.764378 0.734749 0.708975 0.686546 0.667051 0.650155 0.635588 0.623127 0.612592 940.000000 1.245281 0.815509
0.771099 0.800287 0.833860 0.864802 0.837798 0.814332 0.794005 0.776494 0.761533 0.748908 0.738445 0.730004 0.723477 0.718783 0.715862 0.714680 0.715222 0.717494 0.721525 0.727363 0.735082 0.744781 0.756585 0.770656 0.787193 0.806441 0.828699 0.854338 0.883812 0.914953 0.862065 0.816818 0.777864 0.744168 0.714920 0.689483 0.667347 0.648100 0.631411 0.617008 0.604673 0.594224 0.585517 0.578435 0.572886 0.568800 0.566125 0.564830 0.564899 0.566332 0.569147 0.573379 0.579079 0.586321 0.595197 0.605829 0.618365 0.632987 0.649921 0.669443 0.691893 0.717690 0.747354 0.781541 0.821079 0.867030 0.920779 0.984160 1.000000 0.947071 0.901525 0.862142 0.827966 0.798246 0.772382 0.749891 0.730383 0.713540 0.699102 0.686858 0.676638 0.668305 0.661749 0.656887 0.653659 0.652026 0.651968 0.653485 0.656593 0.661333 0.667761 0.675960 0.686037 0.698125 0.712395 0.729052 0.748354 0.770612 0.796212 0.825628 0.856749 0.820153 0.788376 0.760735 0.736680 0.715772 0.697652 0.682030 0.668667 0.657371 0.647986 0.640385 0.634472 0.630171 0.627430 0.626214 0.626510 0.628320 0.631667 0.636591 0.643155 0.651440 0.661557 0.673641 0.687863 0.704432 0.723606 0.745699 1803.000000 1.190028 0.766626
0.679557 0.713889 0.753787 0.800452 0.855472 0.920996 1.000000 0.945738 0.897188 0.855339 0.819106 0.787638 0.760262 0.736440 0.715737 0.697801 0.682346 0.669138 0.657987 0.648738 0.641269 0.635484 0.631310 0.628694 0.627606 0.628033 0.629978 0.633466 0.638540 0.645263 0.653721 0.664024 0.676313 0.668807 0.646169 0.626474 0.609368 0.594566 0.581835 0.570984 0.561859 0.554335 0.548314 0.543718 0.540490 0.538590 0.537995 0.538697 0.540705 0.544044 0.548755 0.554896 0.562547 0.571809 0.582808 0.595702 0.610684 0.627991 0.647914 0.670811 0.697128 0.727417 0.762377 0.802900 0.850136 0.864469 0.830455 0.800872 0.775128 0.752744 0.733333 0.716582 0.702232 0.690076 0.679944 0.671700 0.665236 0.660472 0.657348 0.655826 0.655887 0.657533 0.660783 0.665676 0.672275 0.680661 0.690945 0.703265 0.717793 0.734741 0.754370 0.777000 0.803024 0.832928 0.796726 0.750613 0.711164 0.677206 0.647832 0.622337 0.600164 0.580868 0.564091 0.549542 0.536986 0.526231 0.517119 0.509524 0.503344 0.498498 0.494926 0.492583 0.491440 0.491484 0.492715 0.495148 0.498813 0.503755 0.510038 0.517741 0.526970 0.537854 0.550550 0.565256 0.582209 0.601705 0.624108 0.649870 19883.000000 1.373756 0.740647
0.940365 0.909188 0.882068 0.858528 0.838179 0.820703 0.805843 0.793389 0.783171 0.775057 0.768943 0.764753 0.762435 0.761960 0.763325 0.766544 0.771657 0.778728 0.787844 0.799125 0.812720 0.828817 0.847647 0.869497 0.894715 0.886622 0.871244 0.858424 0.847988 0.839802 0.833762 0.829793 0.827847 0.827900 0.829952 0.834028 0.840179 0.848480 0.859038 0.871988 0.887506 0.905808 0.927161 0.920597 0.896371 0.875442 0.857486 0.842241 0.829492 0.819066 0.810829 0.804675 0.800528 0.798336 0.798074 0.799738 0.803349 0.808949 0.816610 0.826427 0.838528 0.853073 0.870266 0.890356 0.913648 0.940517 0.971427 1.000000 0.966009 0.936436 0.910747 0.888514 0.869386 0.853075 0.839350 0.828022 0.818943 0.811996 0.807094 0.804176 0.803208 0.804176 0.807094 0.811996 0.802101 0.788769 0.777717 0.768796 0.761892 0.756919 0.753814 0.752540 0.753082 0.755445 0.759660 0.765776 0.773872 0.784050 0.796443 0.811220 0.828589 0.848808 0.872192 0.899129 0.930095 0.965679 0.974886 0.948562 0.925793 0.906224 0.889564 0.875576 0.864071 0.854897 0.847938 0.843105 0.840340 0.839610 0.840904 0.844240 0.849657 0.857223 0.867032 0.879211 0.893921 0.911364 0.931792 0.955510 6582.500000 1.027185 0.886704
0.778953 0.806846 0.838907 0.832110 0.797140 0.766762 0.740333 0.717336 0.697354 0.680049 0.665145 0.652419 0.641687 0.632803 0.625648 0.620130 0.616180 0.613749 0.612808 0.613345 0.615367 0.618898 0.623982 0.630682 0.639083 0.649297 0.661462 0.675751 0.692375 0.711596 0.733732 0.759177 0.788418 0.822062 0.848561 0.827899 0.810125 0.794973 0.782227 0.771713 0.763293 0.756858 0.752328 0.749647 0.748782 0.749724 0.752483 0.757093 0.763610 0.772118 0.782723 0.795568 0.810827 0.828719 0.830615 0.802064 0.777220 0.755634 0.736943 0.720848 0.707109 0.695528 0.685946 0.678236 0.672299 0.668061 0.665469 0.664491 0.665116 0.667331 0.651296 0.637514 0.625779 0.615925 0.607818 0.601352 0.596444 0.593033 0.591076 0.590550 0.591448 0.593782 0.597580 0.602888 0.609774 0.618325 0.628656 0.640908 0.655258 0.671920 0.691160 0.713304 0.738752 0.768002 0.801674 0.840553 0.885636 0.938219 1.000000 0.950673 0.903633 0.863009 0.827789 0.797177 0.770538 0.747364 0.727244 0.709844 0.694892 0.682167 0.671488 0.662710 0.655718 0.650422 0.646757 0.644678 0.644158 0.645193 0.647794 0.651993 0.657842 0.665414 0.674808 0.686147 0.699587 0.715323 0.733591 0.754682 833.500000 1.177286 0.806982
0.502314 0.502405 0.503711 0.506245 0.510041 0.517486 0.526870 0.537920 0.550800 0.565707 0.582888 0.602641 0.625340 0.651447 0.681542 0.716361 0.756851 0.804247 0.860185 0.926886 1.000000 0.944039 0.896054 0.854671 0.818827 0.787689 0.760598 0.737025 0.716544 0.698808 0.683536 0.670498 0.659507 0.650413 0.643094 0.637456 0.633429 0.630963 0.630028 0.630613 0.632725 0.634550 0.624341 0.615915 0.609162 0.603994 0.600348 0.598177 0.597457 0.598177 0.600348 0.603994 0.609162 0.615915 0.624341 0.634550 0.646683 0.660912 0.677449 0.696557 0.718555 0.743839 0.772896 0.806338 0.805128 0.782086 0.762111 0.744880 0.730132 0.717651 0.707265 0.698835 0.692252 0.687432 0.684316 0.682866 0.683064 0.684913 0.688434 0.679785 0.663887 0.650247 0.638664 0.628975 0.621049 0.614784 0.610098 0.606935 0.605254 0.605037 0.606280 0.608998 0.613224 0.619011 0.626432 0.635583 0.646586 0.659594 0.674794 0.692420 0.712754 0.736145 0.763024 0.793926 0.829519 0.870650 0.918400 0.974174 0.933238 0.867605 0.812425 0.765579 0.725493 0.690978 0.661118 0.635199 0.612656 0.593038 0.575981 0.561193 0.548433 0.537507 0.528255 0.520549 0.514286 0.509384 0.505782 0.503435 3735.500000 1.080985 0.729632
0.700756 0.725689 0.754347 0.760540 0.728626 0.700903 0.676783 0.655795 0.637560 0.621768 0.608170 0.596560 0.586772 0.578672 0.572152 0.567128 0.563538 0.561336 0.560497 0.561010 0.562880 0.566132 0.570805 0.576957 0.584667 0.594036 0.605192 0.618293 0.633534 0.651154 0.671446 0.694770 0.721574 0.752415 0.787993 0.829200 0.877183 0.933448 1.000000 0.937497 0.880768 0.832404 0.790880 0.755035 0.723967 0.696967 0.673473 0.653033 0.635283 0.619925 0.606721 0.595471 0.586017 0.578230 0.572007 0.567268 0.563955 0.562027 0.561459 0.562246 0.564397 0.567938 0.572912 0.579382 0.587432 0.597167 0.608721 0.622261 0.637988 0.655504 0.640578 0.627795 0.616969 0.607951 0.600618 0.594876 0.590653 0.587895 0.586569 0.586660 0.588167 0.591110 0.595525 0.601466 0.609009 0.618251 0.629318 0.642364 0.657580 0.675200 0.695513 0.718871 0.745711 0.776577 0.812149 0.853291 0.901110 0.957050 0.909554 0.859725 0.816938 0.779999 0.747979 0.720151 0.695936 0.674869 0.656575 0.640750 0.627145 0.615558 0.605825 0.597812 0.591414 0.586550 0.583159 0.581199 0.580646 0.581494 0.583753 0.587450 0.592631 0.599361 0.607726 0.617838 0.629835 0.643889 0.660211 0.679061 1695.500000 1.346811 0.737495
