40
1000 1000
5 0 -5 49 -10 77 25 46 59 6 45
7 45 49 71 39 94 52 95 65 92 84 76 94 52 83
7 45 85 100 60 134 78 161 125 131 161 84 167 42 137
7 46 56 52 39 67 48 75 64 65 72 55 73 33 71
7 11 24 31 12 54 18 48 37 48 60 25 61 16 47
5 -1 4 41 -10 70 28 35 64 -18 57
5 20 17 35 16 59 30 34 52 12 45
4 15 113 81 2 145 121 63 221
5 59 66 111 76 143 106 113 154 50 126
3 85 25 172 77 102 107
7 39 38 68 22 90 26 118 57 85 80 58 113 18 79
8 -22 35 -24 4 30 -10 51 25 65 50 60 82 33 81 -2 79
7 15 36 40 25 64 28 79 49 70 94 36 88 1 65
4 -6 31 24 -15 77 40 26 73
4 13 76 43 55 80 75 45 102
4 -8 19 11 5 33 25 14 49
4 17 61 53 28 93 68 51 102
3 59 31 159 129 40 199
4 107 53 134 69 108 91 82 75
8 11 18 25 14 40 20 50 33 34 44 24 44 13 43 3 34
5 -7 14 21 2 36 28 29 52 5 35
6 2 30 6 19 26 15 30 27 29 46 6 50
7 -4 25 85 31 152 3 138 68 150 160 76 152 32 97
8 16 -2 36 -12 55 -6 53 16 56 42 38 37 23 30 15 18
3 47 -17 124 34 38 64
7 -5 8 9 2 19 2 29 16 22 25 9 28 -2 20
8 56 23 71 22 81 29 90 43 79 56 66 61 60 52 48 44
8 0 30 9 22 15 10 24 24 33 30 30 43 16 44 5 42
7 14 18 25 1 46 8 51 24 42 40 27 41 14 32
4 54 5 116 58 49 112 -21 72
7 11 2 46 -8 83 -2 101 24 75 71 41 69 24 45
5 3 10 22 5 47 20 23 39 -6 34
7 23 33 53 28 82 35 127 57 97 91 46 110 16 80
6 -25 29 12 -1 89 -30 126 59 104 111 7 99
3 106 -13 277 61 109 163
6 40 62 56 46 79 51 96 66 81 89 55 91
8 -24 35 9 26 23 -9 85 10 88 47 68 84 29 74 -4 73
5 21 19 35 9 50 26 34 44 13 37
5 49 56 88 55 123 76 83 107 39 110
5 127 99 178 94 203 139 192 193 109 171
