55
1000 1000
8 22 36 35 8 70 -30 101 7 126 55 109 98 68 72 30 71
5 21 38 50 21 54 47 38 62 19 66
7 10 24 59 3 80 20 115 44 89 81 36 99 -7 67
5 -7 0 23 -14 45 18 28 43 -4 29
4 125 128 210 63 326 160 210 232
7 9 36 47 22 83 23 108 48 76 83 42 86 8 71
8 31 5 45 10 61 13 63 21 61 37 45 33 27 41 26 26
3 570 255 777 347 557 438
8 137 126 178 85 208 79 273 50 312 137 278 199 230 218 162 195
7 -4 33 23 0 40 20 49 41 39 59 23 62 11 50
7 -27 -9 32 -1 74 -10 74 36 68 76 14 90 -15 48
5 54 52 74 48 90 61 71 79 56 71
4 39 81 79 47 123 95 82 127
4 45 17 76 48 41 73 11 48
7 11 16 34 15 51 9 53 26 43 37 37 55 18 40
3 116 184 229 216 114 263
6 30 14 63 31 73 54 62 72 37 63 14 55
7 8 6 18 -4 39 1 46 20 33 28 18 47 6 27
4 40 19 67 48 40 66 20 45
6 28 1 47 0 49 21 44 29 28 29 23 21
6 33 45 61 51 80 73 64 91 39 87 34 70
4 40 133 118 89 180 151 115 185
8 43 17 64 6 95 41 115 64 93 74 67 109 41 90 22 60
7 7 46 46 42 80 41 102 61 81 94 37 100 18 85
8 13 58 26 38 43 20 81 7 91 56 85 100 40 110 17 99
8 221 228 263 191 321 204 363 269 339 320 267 323 219 299 196 274
7 12 33 26 19 49 12 61 43 47 55 31 53 9 49
4 76 112 115 87 134 111 110 138
6 61 52 96 76 118 108 132 159 59 151 43 111
7 -39 21 24 4 59 14 70 38 67 95 18 108 -9 69
6 27 -7 59 -12 69 12 47 40 28 38 19 15
4 170 106 265 246 199 313 95 254
3 6 -7 54 24 7 56
4 -6 38 39 3 77 36 45 75
3 11 -13 49 18 13 43
4 92 -13 155 83 103 140 30 92
6 -16 43 25 10 68 2 88 36 71 93 20 84
8 -24 38 3 3 45 0 63 21 86 51 94 90 36 82 8 68
6 26 32 38 15 58 11 70 39 60 52 32 57
6 16 11 34 23 40 37 34 45 14 56 10 35
5 71 55 96 33 124 76 101 103 62 87
4 35 146 102 99 144 152 124 223
7 50 142 78 115 126 108 132 154 130 223 85 214 71 178
7 65 58 91 22 128 48 147 91 114 106 81 142 53 118
5 19 73 82 22 118 113 94 158 16 146
4 419 461 495 405 618 487 502 555
4 45 5 64 38 36 58 2 39
4 53 53 94 6 152 54 86 114
6 26 32 34 1 83 9 106 31 88 67 40 78
6 31 45 41 23 62 27 83 45 64 72 41 76
5 62 16 99 10 110 35 99 70 71 53
5 60 89 88 88 105 100 92 121 69 108
4 56 11 78 48 56 66 44 42
7 74 71 99 59 123 68 147 92 125 104 100 113 84 102
5 113 39 186 24 256 77 187 111 125 97
