0.825381 0.839954 0.808345 0.780842 0.756912 0.736126 0.718134 0.702654 0.689453 0.678343 0.669171 0.661818 0.656188 0.652210 0.649837 0.649039 0.649807 0.652149 0.656095 0.661692 0.669011 0.678146 0.689217 0.702376 0.717810 0.735750 0.756479 0.780344 0.807774 0.839297 0.875576 0.917443 0.929769 0.888642 0.852968 0.821951 0.794958 0.771481 0.751109 0.733507 0.718402 0.705572 0.694837 0.686051 0.679101 0.673897 0.670375 0.668491 0.668224 0.669569 0.672543 0.677182 0.683544 0.691709 0.701782 0.713898 0.728225 0.744970 0.764389 0.786793 0.812566 0.842183 0.856459 0.818907 0.786325 0.757992 0.733335 0.711893 0.693292 0.677228 0.663454 0.651768 0.642006 0.634038 0.627758 0.623088 0.619969 0.618364 0.618253 0.619634 0.622525 0.626960 0.632994 0.640705 0.650191 0.661580 0.675030 0.690738 0.708942 0.729938 0.754087 0.781837 0.813743 0.850500 0.892987 0.942332 1.000000 0.962899 0.913829 0.871516 0.834870 0.803038 0.775344 0.751245 0.730306 0.712171 0.696553 0.683216 0.671968 0.662655 0.655154 0.649367 0.645222 0.642669 0.641675 0.642229 0.644338 0.648027 0.653341 0.660347 0.669135 0.679820 0.692546 0.707496 0.724889 0.745000 0.768162 0.794786 18737.000000 1.150383 0.776328
0.860937 0.850789 0.826385 0.805227 0.786975 0.771349 0.758122 0.747110 0.738167 0.731176 0.726048 0.722721 0.721154 0.721328 0.723244 0.726927 0.732421 0.739794 0.749140 0.760582 0.774272 0.777405 0.775429 0.775327 0.777097 0.780760 0.786361 0.793970 0.803682 0.815625 0.829957 0.846878 0.866635 0.889530 0.915934 0.946303 0.981200 1.000000 0.952427 0.911270 0.875545 0.844473 0.817432 0.793923 0.773539 0.755952 0.740892 0.728140 0.717519 0.708886 0.702130 0.697166 0.693931 0.692386 0.692513 0.693917 0.696347 0.700488 0.706391 0.714128 0.723801 0.735535 0.749491 0.765867 0.784909 0.806915 0.832253 0.861377 0.894846 0.933362 0.977803 0.974756 0.936542 0.903305 0.874380 0.849233 0.827430 0.808617 0.792508 0.778868 0.767507 0.758273 0.751046 0.745736 0.742275 0.740623 0.740759 0.742684 0.746422 0.752019 0.759543 0.769092 0.780789 0.794791 0.811295 0.830542 0.849601 0.831849 0.816752 0.804095 0.793707 0.785452 0.779226 0.774949 0.772570 0.772060 0.773413 0.776645 0.781795 0.788927 0.798131 0.809525 0.823262 0.839530 0.858564 0.880652 0.869454 0.856982 0.846873 0.838999 0.833258 0.829580 0.827920 0.828258 0.830599 0.834970 0.841424 0.850044 5405.000000 1.091762 0.859826
0.848865 0.913417 0.989448 0.916718 0.855869 0.804412 0.760520 0.722821 0.690268 0.662047 0.637518 0.616173 0.597604 0.581481 0.567537 0.555553 0.545352 0.536788 0.529745 0.524131 0.519874 0.516921 0.515236 0.514797 0.515601 0.517656 0.520987 0.525637 0.522339 0.507429 0.494506 0.483360 0.473821 0.465752 0.459041 0.453597 0.449351 0.446249 0.444252 0.443337 0.443491 0.444717 0.447030 0.450458 0.455044 0.460845 0.467938 0.476419 0.486406 0.498047 0.511521 0.527049 0.544903 0.565419 0.589015 0.616215 0.647685 0.684280 0.727113 0.777667 0.837944 0.910729 1.000000 0.961366 0.892130 0.834071 0.784883 0.742863 0.706730 0.675500 0.648410 0.624856 0.604358 0.586531 0.571061 0.557696 0.546227 0.536487 0.528339 0.521673 0.516402 0.512458 0.509792 0.508373 0.508182 0.509218 0.511493 0.515034 0.519887 0.526110 0.533787 0.543018 0.553932 0.566687 0.581477 0.598540 0.599595 0.580185 0.563307 0.548668 0.536029 0.525196 0.516010 0.508344 0.502094 0.497180 0.493538 0.491123 0.489907 0.489873 0.491023 0.493369 0.496941 0.501783 0.507955 0.515539 0.524636 0.535372 0.547905 0.562426 0.579170 0.598429 0.620558 0.646003 0.675320 0.709215 0.748591 0.794622 17955.000000 1.767051 0.662172
0.563264 0.586092 0.612386 0.642770 0.678047 0.702621 0.714052 0.727643 0.743588 0.762124 0.783543 0.808205 0.836551 0.869127 0.906615 0.949875 1.000000 0.904567 0.798232 0.715810 0.650236 0.596985 0.553028 0.516258 0.488908 0.481065 0.474595 0.469412 0.465451 0.462661 0.461008 0.460472 0.461047 0.462740 0.465571 0.469575 0.474802 0.481319 0.489213 0.498592 0.509588 0.522367 0.537131 0.554128 0.573662 0.593378 0.589796 0.587664 0.586956 0.587664 0.589796 0.593378 0.598455 0.605090 0.613367 0.623397 0.635317 0.649295 0.665542 0.684314 0.705926 0.705615 0.690548 0.677709 0.666917 0.658023 0.650911 0.645489 0.641690 0.639467 0.638793 0.639660 0.642078 0.646077 0.651706 0.659035 0.668159 0.679198 0.678421 0.670875 0.665079 0.660961 0.658471 0.657577 0.658270 0.660556 0.664466 0.670045 0.677365 0.686519 0.697627 0.710841 0.726349 0.744382 0.765223 0.789221 0.762925 0.715512 0.675179 0.640612 0.610812 0.585007 0.562595 0.543097 0.526130 0.511386 0.498614 0.487610 0.478209 0.470275 0.463699 0.458393 0.454290 0.451337 0.449498 0.448750 0.449085 0.450507 0.453033 0.456869 0.462355 0.469117 0.477247 0.486857 0.498087 0.511108 0.526129 0.543408 1642.000000 1.377052 0.722538
0.672542 0.673353 0.675796 0.679901 0.685718 0.693320 0.702804 0.702728 0.703816 0.706611 0.711149 0.717485 0.725700 0.735898 0.748214 0.762819 0.779922 0.799781 0.822710 0.849100 0.879427 0.914285 0.948457 0.922054 0.899189 0.879498 0.862685 0.848508 0.836773 0.827324 0.820039 0.814828 0.811625 0.810392 0.811114 0.811554 0.787808 0.767209 0.749418 0.734163 0.721219 0.710405 0.701576 0.694616 0.689438 0.685977 0.684191 0.684057 0.685575 0.688762 0.693658 0.700324 0.708843 0.719326 0.731914 0.746781 0.764143 0.784267 0.807477 0.834174 0.856682 0.837368 0.820839 0.806856 0.795225 0.785791 0.778431 0.773053 0.769590 0.768000 0.768264 0.770384 0.774386 0.780321 0.788260 0.798306 0.810589 0.825275 0.842570 0.862729 0.886063 0.875613 0.844261 0.816977 0.793253 0.772676 0.754913 0.739690 0.726785 0.716018 0.707244 0.700350 0.695247 0.691873 0.690186 0.690166 0.691813 0.695146 0.700206 0.707057 0.715784 0.726501 0.739353 0.754518 0.772217 0.792722 0.816367 0.843559 0.874806 0.910735 0.952134 1.000000 0.951118 0.907674 0.870029 0.837320 0.808859 0.784096 0.762587 0.743971 0.727954 0.714297 0.702804 0.693320 0.685718 0.679901 0.675796 0.673353 1894.500000 1.076093 0.846196
0.705179 0.720552 0.738428 0.750558 0.736030 0.723764 0.713591 0.705376 0.699013 0.694421 0.691544 0.690348 0.690817 0.692957 0.696794 0.702376 0.709771 0.719074 0.730408 0.743925 0.759818 0.778320 0.799720 0.824372 0.852713 0.885279 0.922744 0.894550 0.869868 0.848500 0.830108 0.814418 0.801204 0.790285 0.781517 0.774788 0.770013 0.767133 0.766113 0.766942 0.769628 0.774204 0.780728 0.787612 0.771294 0.757426 0.745813 0.736298 0.728756 0.723091 0.719233 0.717134 0.716769 0.718134 0.721245 0.726140 0.732879 0.741548 0.752258 0.765153 0.780410 0.798250 0.818944 0.815429 0.788839 0.765716 0.745654 0.728327 0.713467 0.700855 0.690316 0.681707 0.674916 0.669857 0.666466 0.664703 0.664546 0.665994 0.669062 0.673791 0.680236 0.688481 0.698632 0.710825 0.725229 0.734086 0.731937 0.731557 0.732943 0.736111 0.741100 0.747970 0.756810 0.767733 0.780884 0.796447 0.814644 0.835753 0.860112 0.888137 0.920343 0.957365 1.000000 0.975130 0.925783 0.883215 0.846339 0.814302 0.786428 0.762174 0.741103 0.722861 0.707158 0.693758 0.682470 0.673140 0.665643 0.659883 0.655788 0.653309 0.652413 0.653091 0.655352 0.659221 0.664747 0.672000 0.681071 0.692081 9512.000000 1.228673 0.858004
0.686781 0.667201 0.650229 0.635593 0.623069 0.612475 0.603666 0.596524 0.590956 0.586891 0.584280 0.583090 0.583308 0.584936 0.587993 0.592517 0.598565 0.606212 0.615560 0.626734 0.639892 0.655226 0.672974 0.693427 0.716944 0.743967 0.775047 0.810876 0.852332 0.900540 0.956973 0.941564 0.899773 0.863527 0.832014 0.804591 0.780738 0.760038 0.742148 0.726792 0.713743 0.702817 0.693868 0.686777 0.681455 0.677835 0.675873 0.675545 0.676847 0.679795 0.684424 0.690793 0.698981 0.709095 0.721268 0.735671 0.752509 0.772040 0.794577 0.820506 0.850302 0.884554 0.924001 0.934233 0.877183 0.828580 0.786876 0.750892 0.719713 0.692622 0.669050 0.648540 0.630725 0.615305 0.602037 0.590722 0.581198 0.573337 0.567033 0.562205 0.558794 0.556758 0.556071 0.556725 0.558728 0.562105 0.566897 0.573164 0.580986 0.590467 0.601737 0.614955 0.630319 0.648072 0.668512 0.692004 0.719002 0.750073 0.785930 0.827480 0.875897 0.932719 1.000000 0.986921 0.946120 0.910666 0.879816 0.852975 0.829664 0.809490 0.792138 0.777347 0.764907 0.754649 0.746436 0.740164 0.735755 0.733153 0.732328 0.733270 0.735989 0.740519 0.746915 0.755258 0.765655 0.764947 0.735190 0.709306 3851.500000 1.267245 0.747599
0.658055 0.690226 0.727548 0.771101 0.822307 0.802898 0.777939 0.756252 0.737471 0.721294 0.707481 0.695831 0.686185 0.678414 0.672420 0.668126 0.665479 0.664448 0.665019 0.667200 0.671018 0.676518 0.683771 0.692868 0.703929 0.717104 0.732580 0.750588 0.771408 0.795386 0.822950 0.854625 0.862636 0.812103 0.768913 0.731759 0.699638 0.671768 0.647534 0.626444 0.608103 0.592192 0.578450 0.566666 0.556667 0.548312 0.541489 0.536110 0.532106 0.529428 0.528042 0.527932 0.529096 0.531548 0.535320 0.540456 0.547022 0.555104 0.564809 0.576273 0.589661 0.605179 0.623078 0.643665 0.667322 0.678707 0.666241 0.655775 0.647168 0.640307 0.635103 0.631493 0.629431 0.628892 0.629871 0.632378 0.636445 0.642122 0.649479 0.658612 0.669642 0.682720 0.698035 0.715816 0.736347 0.759976 0.787130 0.818342 0.854273 0.895763 0.943877 1.000000 0.923583 0.856143 0.799677 0.751898 0.711123 0.676088 0.645826 0.619586 0.596776 0.576927 0.559660 0.544671 0.531711 0.520579 0.511109 0.503168 0.496649 0.491465 0.487550 0.484856 0.483350 0.483014 0.483842 0.485846 0.489049 0.493492 0.499230 0.506337 0.514908 0.525060 0.536941 0.550729 0.566645 0.584960 0.606006 0.630199 4713.500000 1.413063 0.739228
0.577619 0.566715 0.557534 0.549949 0.543860 0.539189 0.544872 0.562896 0.583608 0.607421 0.634855 0.666566 0.703394 0.746434 0.797130 0.857430 0.844792 0.806204 0.772768 0.743716 0.718436 0.696442 0.677337 0.660802 0.646576 0.634445 0.624238 0.615813 0.609061 0.603894 0.602876 0.615168 0.629520 0.646150 0.665330 0.687390 0.712739 0.741884 0.775463 0.814280 0.859368 0.912067 0.974152 1.000000 0.933514 0.877300 0.829356 0.788181 0.752628 0.721808 0.695022 0.671712 0.651434 0.633827 0.618597 0.605507 0.594361 0.585002 0.577303 0.570574 0.562848 0.556652 0.551906 0.548550 0.546543 0.545861 0.546496 0.548456 0.551763 0.556459 0.562603 0.570273 0.579571 0.590623 0.603588 0.618658 0.636071 0.656120 0.679163 0.705646 0.736123 0.771293 0.812047 0.847835 0.826384 0.807889 0.792071 0.778700 0.767592 0.758598 0.751601 0.746515 0.743276 0.741844 0.742202 0.744355 0.748328 0.754171 0.761955 0.766102 0.749654 0.735633 0.723839 0.714110 0.706318 0.700363 0.696171 0.693690 0.692890 0.693762 0.696315 0.700581 0.706612 0.714484 0.724298 0.736184 0.750304 0.766860 0.786100 0.795793 0.755623 0.720967 0.690942 0.664855 0.642157 0.622408 0.605252 0.590401 899.500000 1.150549 0.720335
0.892141 0.941860 1.000000 0.983859 0.935849 0.894361 0.858376 0.827089 0.799863 0.776182 0.755631 0.737872 0.722629 0.709679 0.698838 0.689961 0.682931 0.677660 0.674080 0.672148 0.670760 0.660920 0.652916 0.646642 0.642019 0.638991 0.637519 0.637587 0.639195 0.642362 0.647128 0.653551 0.661713 0.671720 0.683707 0.697841 0.714329 0.733425 0.755440 0.780756 0.781559 0.771519 0.763549 0.757549 0.753443 0.751182 0.750737 0.752104 0.755298 0.760360 0.767350 0.776359 0.787500 0.769773 0.751783 0.736348 0.723241 0.712279 0.703313 0.696226 0.690929 0.687355 0.685461 0.685223 0.686639 0.689726 0.694522 0.701085 0.709500 0.719874 0.732346 0.747090 0.764319 0.784295 0.807341 0.833851 0.860481 0.837067 0.816809 0.799389 0.784547 0.772072 0.761794 0.753577 0.747317 0.742936 0.740378 0.739614 0.740634 0.743450 0.748097 0.754632 0.763136 0.773720 0.786522 0.788800 0.759822 0.734605 0.712670 0.693629 0.677168 0.663031 0.651008 0.640930 0.632660 0.626090 0.621136 0.617737 0.615849 0.615452 0.616526 0.615054 0.615068 0.616567 0.619570 0.624112 0.630252 0.638066 0.647656 0.659151 0.672711 0.688534 0.706864 0.727998 0.752303 0.780231 0.812346 0.849351 7266.000000 1.048548 0.843674
0.603135 0.607087 0.612576 0.619672 0.628466 0.639075 0.651645 0.666357 0.683433 0.703146 0.725830 0.751899 0.781863 0.816363 0.818031 0.799635 0.783894 0.770582 0.759513 0.750541 0.743548 0.738448 0.735175 0.733691 0.733978 0.736039 0.739899 0.745606 0.753230 0.762868 0.774646 0.788724 0.805299 0.824615 0.834014 0.784434 0.742106 0.705724 0.674292 0.647033 0.623335 0.602713 0.584775 0.569205 0.555747 0.544192 0.534368 0.526138 0.519390 0.514036 0.510006 0.507252 0.505740 0.505450 0.506380 0.508541 0.511959 0.528021 0.552466 0.580752 0.613648 0.652161 0.697624 0.751848 0.817347 0.897717 0.961223 0.865225 0.788388 0.725690 0.673734 0.630137 0.593181 0.561598 0.534431 0.510944 0.503803 0.513315 0.524482 0.537469 0.552480 0.569766 0.589635 0.612468 0.638742 0.669055 0.704170 0.745069 0.793040 0.849801 0.917696 1.000000 0.948300 0.898752 0.856084 0.819167 0.787121 0.759248 0.734992 0.713904 0.695621 0.679849 0.666345 0.654915 0.645398 0.637669 0.631626 0.627193 0.624316 0.620445 0.605276 0.592224 0.581093 0.571725 0.563991 0.557790 0.553041 0.549685 0.547682 0.547006 0.547649 0.549620 0.552941 0.557655 0.563820 0.571514 0.580841 0.591926 7471.000000 1.196198 0.643662
0.927207 0.899455 0.874025 0.851990 0.832995 0.816754 0.803031 0.791638 0.782422 0.775264 0.770074 0.766788 0.765367 0.765792 0.768068 0.741390 0.707584 0.678288 0.652833 0.630683 0.611411 0.594673 0.580187 0.567725 0.557101 0.548164 0.540791 0.534886 0.530371 0.527192 0.525309 0.524699 0.525354 0.527283 0.531386 0.537069 0.544200 0.552873 0.563206 0.575345 0.589470 0.605802 0.624613 0.646236 0.669772 0.665757 0.663379 0.662608 0.663436 0.665871 0.669945 0.675706 0.683228 0.692607 0.703966 0.717461 0.733284 0.751673 0.772918 0.797376 0.825486 0.857792 0.894973 0.937886 0.987621 1.000000 0.953117 0.912533 0.877291 0.846634 0.819956 0.796768 0.776676 0.759356 0.744547 0.732034 0.721644 0.713239 0.706711 0.701977 0.698423 0.671764 0.648571 0.628388 0.610851 0.595663 0.582581 0.571408 0.561984 0.554179 0.547890 0.539911 0.532834 0.527193 0.522918 0.519953 0.518264 0.517829 0.518643 0.520716 0.524074 0.528757 0.534825 0.542355 0.551448 0.562228 0.574851 0.589506 0.606427 0.625901 0.648281 0.674004 0.703619 0.737814 0.766822 0.764549 0.764125 0.765544 0.768824 0.774006 0.781152 0.790353 0.801728 0.815428 0.831643 0.850607 0.872607 0.897996 1599.000000 1.378649 0.826091
0.895161 0.928127 0.904422 0.883974 0.866471 0.851660 0.839335 0.829331 0.821518 0.815798 0.812101 0.810380 0.810615 0.812808 0.816988 0.823204 0.831533 0.842083 0.854990 0.870428 0.827238 0.788620 0.755185 0.726147 0.700887 0.678905 0.659801 0.643250 0.628987 0.616797 0.606504 0.597965 0.591068 0.585723 0.581863 0.579440 0.578425 0.578806 0.580587 0.583789 0.588453 0.594635 0.599515 0.604486 0.611025 0.619215 0.629165 0.641008 0.654914 0.671089 0.689787 0.711320 0.736071 0.764514 0.797242 0.803503 0.800427 0.799294 0.800088 0.802819 0.807522 0.814253 0.823097 0.834167 0.847608 0.863604 0.882382 0.904222 0.929466 0.958536 0.991949 1.000000 0.945668 0.898989 0.858673 0.823717 0.793333 0.766892 0.743891 0.723923 0.706656 0.691822 0.679201 0.668613 0.659916 0.652996 0.647763 0.644153 0.642121 0.641643 0.642713 0.638002 0.633472 0.630514 0.629092 0.629189 0.630806 0.633963 0.638698 0.645069 0.653158 0.663071 0.674940 0.688932 0.705251 0.724149 0.745934 0.733457 0.721723 0.712047 0.704302 0.698387 0.694230 0.691778 0.691003 0.691894 0.694462 0.698740 0.704779 0.712655 0.722469 0.734351 0.748463 0.765008 0.784233 0.806441 0.832007 0.861391 1024.000000 1.252707 0.846052
0.923663 0.984668 0.936325 0.884400 0.839849 0.801408 0.768102 0.739164 0.713984 0.692076 0.673046 0.656573 0.642398 0.630309 0.620132 0.611730 0.604990 0.599826 0.596173 0.593987 0.593241 0.593926 0.596050 0.593386 0.578776 0.566199 0.555466 0.546425 0.538951 0.532946 0.528331 0.525050 0.523062 0.522342 0.522882 0.524689 0.527784 0.532205 0.538008 0.545268 0.554079 0.564561 0.562399 0.558701 0.556382 0.555416 0.555789 0.557507 0.560590 0.565076 0.571022 0.578502 0.587615 0.598485 0.611265 0.626145 0.643355 0.663180 0.685972 0.712163 0.742292 0.777038 0.817262 0.864073 0.918920 0.983733 1.000000 0.934441 0.878936 0.831547 0.790814 0.755620 0.725098 0.698563 0.675472 0.655387 0.637954 0.622886 0.609950 0.598953 0.589741 0.582190 0.576200 0.571696 0.568620 0.566936 0.566623 0.565345 0.553174 0.542796 0.534063 0.526855 0.521078 0.516658 0.513539 0.511682 0.511066 0.511682 0.513539 0.516658 0.521078 0.526855 0.534063 0.542796 0.553174 0.565345 0.579492 0.586061 0.582750 0.580867 0.580390 0.581313 0.583647 0.587421 0.592681 0.599493 0.607946 0.618151 0.630248 0.644412 0.660855 0.679841 0.701690 0.726799 0.755660 0.788887 0.827255 0.871754 1819.500000 1.474960 0.751575
1.000000 0.884822 0.795154 0.723570 0.665281 0.617059 0.576650 0.542435 0.513220 0.488106 0.466407 0.447588 0.431227 0.416989 0.404605 0.393856 0.384567 0.376592 0.369813 0.364137 0.359484 0.355796 0.353024 0.351134 0.350104 0.349920 0.350580 0.352093 0.354476 0.357760 0.361985 0.367207 0.373494 0.380934 0.389634 0.399727 0.411373 0.424773 0.440171 0.457872 0.478256 0.501806 0.529135 0.561042 0.598579 0.643160 0.696239 0.668681 0.644715 0.623859 0.605723 0.589993 0.576412 0.564773 0.554905 0.546670 0.539958 0.534681 0.530773 0.528184 0.526884 0.526857 0.528101 0.530633 0.534483 0.539699 0.546347 0.554513 0.564307 0.575866 0.589357 0.604988 0.623013 0.643743 0.667564 0.694955 0.726514 0.763001 0.805390 0.730283 0.664252 0.610520 0.566093 0.528880 0.497382 0.470495 0.447389 0.427427 0.410116 0.395068 0.381972 0.370581 0.360693 0.352146 0.344806 0.338564 0.333333 0.329042 0.325635 0.323068 0.321309 0.320336 0.320138 0.320713 0.322067 0.324217 0.327189 0.331021 0.335763 0.341477 0.348242 0.356156 0.365339 0.375937 0.388131 0.402145 0.418254 0.436803 0.458229 0.483089 0.512106 0.546232 0.586745 0.635402 0.694684 0.768207 0.861456 0.983167 2562.000000 1.764872 0.539456
0.937744 0.918212 0.887508 0.860798 0.837607 0.817551 0.800315 0.785646 0.773333 0.763211 0.755146 0.749036 0.744803 0.742397 0.741787 0.742967 0.745950 0.750773 0.757496 0.766203 0.777006 0.787600 0.785599 0.785496 0.787289 0.791000 0.796674 0.804383 0.814223 0.826322 0.840841 0.857985 0.873562 0.835963 0.803322 0.774931 0.750225 0.728746 0.710126 0.694065 0.680316 0.668681 0.658999 0.651139 0.645000 0.640504 0.637596 0.636240 0.639852 0.645379 0.652589 0.661573 0.672451 0.685371 0.700518 0.718119 0.738452 0.761859 0.788760 0.819678 0.855263 0.896336 0.943941 0.999429 1.000000 0.983314 0.969474 0.958294 0.949631 0.943375 0.939449 0.937806 0.938426 0.941316 0.946510 0.954074 0.964100 0.976718 0.992092 0.934258 0.844145 0.771582 0.712086 0.662591 0.620928 0.585521 0.555200 0.529077 0.506466 0.486834 0.469756 0.465429 0.471873 0.479669 0.488925 0.499773 0.512375 0.526932 0.543688 0.562946 0.585079 0.610555 0.639963 0.674052 0.713795 0.760463 0.815765 0.882031 0.962539 0.940280 0.918548 0.899916 0.884113 0.870918 0.860152 0.851676 0.845382 0.841192 0.839055 0.838944 0.840859 0.844823 0.850883 0.859116 0.869626 0.882548 0.898056 0.916366 2994.500000 1.100181 0.752619
0.864610 0.838866 0.816521 0.797206 0.780620 0.766520 0.754706 0.745018 0.737330 0.731543 0.727585 0.725408 0.724985 0.726312 0.729404 0.734299 0.741057 0.749764 0.760532 0.773504 0.788860 0.806821 0.805751 0.789208 0.775160 0.763411 0.753801 0.746206 0.740528 0.736698 0.734667 0.734413 0.735931 0.739239 0.744379 0.751414 0.760432 0.771551 0.784919 0.800721 0.793945 0.789133 0.786263 0.785298 0.786227 0.789062 0.793837 0.800610 0.809467 0.820520 0.833917 0.849839 0.868515 0.890222 0.915304 0.944181 0.977370 0.995776 0.955032 0.919619 0.888804 0.861996 0.838719 0.818587 0.801283 0.786552 0.774184 0.764010 0.755899 0.749744 0.745471 0.743026 0.742379 0.743524 0.746473 0.744133 0.736852 0.731458 0.727883 0.726083 0.726037 0.727744 0.731225 0.736522 0.743701 0.752853 0.764097 0.777583 0.793500 0.812080 0.833607 0.858430 0.875873 0.850066 0.827673 0.808328 0.791729 0.777635 0.765846 0.756203 0.748582 0.742884 0.739040 0.737001 0.736743 0.738264 0.741581 0.746735 0.753790 0.762835 0.773987 0.787395 0.800605 0.803764 0.808905 0.816090 0.825411 0.836986 0.850971 0.867556 0.886979 0.909534 0.935578 0.965553 1.000000 0.967340 0.928218 0.894207 3972.000000 1.174544 0.876191
0.715536 0.719016 0.724283 0.731402 0.740465 0.751588 0.764921 0.780651 0.799006 0.820270 0.844786 0.872981 0.905380 0.942634 0.985562 0.965002 0.923774 0.887976 0.856836 0.829738 0.806183 0.785770 0.768169 0.753115 0.740389 0.729814 0.721251 0.714587 0.709740 0.706649 0.705276 0.705606 0.707641 0.711407 0.716949 0.724338 0.733666 0.745056 0.758661 0.774674 0.773524 0.744768 0.719745 0.697976 0.679073 0.662721 0.648664 0.636693 0.626638 0.618363 0.611757 0.606738 0.603242 0.601225 0.600665 0.601553 0.603901 0.607738 0.613109 0.620084 0.628752 0.639226 0.651653 0.666209 0.669997 0.674950 0.681631 0.690124 0.700541 0.713022 0.727740 0.744911 0.764798 0.787727 0.814094 0.844393 0.879234 0.919385 0.965815 1.000000 0.968420 0.940971 0.917184 0.896677 0.879139 0.864316 0.852002 0.842035 0.834285 0.828654 0.811627 0.782438 0.757037 0.734947 0.715786 0.699240 0.685055 0.673023 0.662976 0.654779 0.648325 0.643532 0.640341 0.638712 0.638626 0.637187 0.626935 0.618474 0.611693 0.606504 0.602842 0.600663 0.599940 0.600663 0.602842 0.606504 0.611693 0.618474 0.626935 0.637187 0.649370 0.663658 0.680264 0.699451 0.718961 0.715504 0.713791 0.713802 2000.500000 1.360496 0.843160
0.903386 0.825610 0.761854 0.708824 0.664192 0.626267 0.593793 0.565816 0.541603 0.520580 0.502292 0.486378 0.472545 0.460556 0.450218 0.441374 0.433895 0.427679 0.422643 0.418721 0.415863 0.414035 0.413214 0.413390 0.414565 0.416754 0.419984 0.424294 0.429739 0.436391 0.444340 0.453696 0.464599 0.477216 0.491755 0.508472 0.527681 0.549775 0.575247 0.604720 0.639000 0.679135 0.726516 0.783032 0.851306 0.935092 0.906642 0.844992 0.792981 0.748701 0.710726 0.677971 0.649599 0.624951 0.603506 0.584846 0.568634 0.554597 0.542512 0.532196 0.523504 0.516315 0.510533 0.506086 0.502916 0.500985 0.500270 0.500761 0.502465 0.505402 0.509609 0.515138 0.522059 0.530464 0.540468 0.552213 0.565872 0.581661 0.599844 0.620743 0.644760 0.672396 0.704280 0.741213 0.784227 0.821567 0.768083 0.722772 0.684065 0.650781 0.622015 0.597062 0.575366 0.556486 0.540065 0.525815 0.513504 0.502939 0.493967 0.486461 0.480319 0.475461 0.471826 0.469368 0.468058 0.467879 0.468829 0.470919 0.474176 0.478640 0.484366 0.491429 0.499923 0.509966 0.521704 0.535314 0.551017 0.569081 0.589839 0.613704 0.641190 0.672951 0.709822 0.752886 0.803574 0.863811 0.936249 1.000000 4822.500000 1.262654 0.592311
0.799705 0.740971 0.691826 0.650264 0.614811 0.584358 0.558060 0.535262 0.515446 0.498203 0.483202 0.470177 0.458913 0.449233 0.440994 0.434078 0.428391 0.423860 0.420426 0.418046 0.416691 0.416344 0.417002 0.418672 0.421375 0.425144 0.430026 0.436084 0.443399 0.452071 0.462225 0.474014 0.487625 0.503289 0.521291 0.541982 0.565803 0.593309 0.625210 0.662423 0.706154 0.758023 0.820248 0.895955 0.989685 1.000000 0.914248 0.843913 0.785384 0.736106 0.694219 0.658344 0.627432 0.600675 0.577440 0.557229 0.539640 0.524353 0.511105 0.499684 0.489917 0.481663 0.474807 0.469258 0.464945 0.461812 0.459822 0.458949 0.459184 0.460530 0.463002 0.466631 0.471462 0.477556 0.484994 0.493876 0.504327 0.516501 0.530587 0.546817 0.565477 0.586919 0.611582 0.640019 0.672930 0.711215 0.756050 0.808999 0.815240 0.770473 0.732039 0.698861 0.670105 0.645113 0.623367 0.604448 0.588018 0.573804 0.561581 0.551169 0.542418 0.535210 0.529450 0.525064 0.521998 0.520213 0.519687 0.520416 0.522406 0.525684 0.530288 0.536277 0.543728 0.552738 0.563433 0.575965 0.590522 0.607335 0.626687 0.648928 0.674490 0.703915 0.737882 0.777261 0.823175 0.877099 0.941010 0.870830 794.000000 1.293350 0.589873
0.854547 0.829384 0.807551 0.788688 0.772506 0.758765 0.747274 0.737876 0.730450 0.724901 0.721159 0.719180 0.718939 0.720433 0.723680 0.728720 0.735616 0.744453 0.755348 0.768445 0.757068 0.737060 0.719772 0.704935 0.692332 0.681785 0.673152 0.666320 0.661202 0.657735 0.655876 0.655602 0.656910 0.659816 0.664356 0.670585 0.678583 0.688452 0.700324 0.714364 0.730776 0.749807 0.771766 0.797027 0.826056 0.829620 0.810445 0.794007 0.780064 0.768421 0.758922 0.751444 0.745890 0.742193 0.740308 0.740210 0.741900 0.745397 0.750744 0.758008 0.765865 0.772493 0.781136 0.791903 0.804938 0.820418 0.838565 0.859651 0.884010 0.912050 0.944277 0.981316 0.955764 0.910207 0.870797 0.836591 0.806840 0.780950 0.758440 0.738921 0.722078 0.707653 0.695435 0.685254 0.676975 0.670489 0.665715 0.662594 0.661086 0.661175 0.660264 0.651353 0.644212 0.638747 0.634890 0.632595 0.631833 0.632595 0.634890 0.638747 0.644212 0.651353 0.660264 0.671061 0.683891 0.698939 0.701844 0.701282 0.702412 0.705247 0.709823 0.716195 0.724443 0.734674 0.747023 0.761661 0.778798 0.798692 0.821660 0.848093 0.878469 0.913384 0.953581 1.000000 0.999037 0.954961 0.916725 0.883479 4350.500000 1.277853 0.842472
0.886001 0.864123 0.845286 0.829208 0.815659 0.804452 0.795440 0.788505 0.783562 0.780549 0.779429 0.780190 0.782840 0.787412 0.788651 0.764242 0.743035 0.724671 0.708860 0.695364 0.683989 0.674579 0.667009 0.661183 0.657027 0.654489 0.653540 0.654166 0.656377 0.660199 0.665678 0.672884 0.681908 0.692870 0.705918 0.721238 0.732270 0.738455 0.746559 0.756686 0.768969 0.783577 0.800717 0.820645 0.843674 0.870190 0.900667 0.935692 0.975998 1.000000 0.961707 0.928392 0.899403 0.874211 0.852390 0.833591 0.817530 0.803977 0.792744 0.783683 0.776676 0.771636 0.768501 0.767232 0.767813 0.770253 0.774580 0.777123 0.774331 0.773416 0.774366 0.777193 0.781932 0.788640 0.797402 0.808330 0.821568 0.837298 0.855744 0.877182 0.862652 0.830484 0.802492 0.778139 0.756991 0.738695 0.722962 0.709560 0.698297 0.689020 0.681606 0.675962 0.672016 0.669720 0.669045 0.669985 0.670243 0.671920 0.675237 0.680233 0.686970 0.695535 0.706039 0.718622 0.733461 0.750773 0.770823 0.793939 0.820523 0.851069 0.886195 0.878640 0.866980 0.857665 0.850575 0.845622 0.842744 0.841908 0.843102 0.846341 0.851665 0.859140 0.868858 0.880945 0.895562 0.912908 0.933231 0.911268 7799.000000 1.157843 0.874269
0.877090 0.928849 0.933117 0.910396 0.890851 0.874189 0.860173 0.848612 0.839352 0.832276 0.827294 0.824346 0.823395 0.824431 0.827465 0.832534 0.839701 0.849056 0.860719 0.874843 0.889994 0.867458 0.848028 0.831409 0.817359 0.805685 0.796232 0.788875 0.783524 0.780112 0.778597 0.778960 0.781207 0.785365 0.791483 0.799640 0.809938 0.808289 0.792884 0.779899 0.769156 0.760511 0.753855 0.749103 0.746198 0.745102 0.745804 0.748312 0.752656 0.758890 0.767091 0.777365 0.763915 0.746128 0.730870 0.717919 0.707093 0.698245 0.691261 0.686052 0.682552 0.680720 0.680532 0.681988 0.685103 0.689917 0.696488 0.704901 0.715263 0.727714 0.742426 0.759613 0.779538 0.802521 0.828958 0.859337 0.894264 0.885351 0.875576 0.868083 0.862777 0.859595 0.858497 0.859469 0.862524 0.867698 0.875055 0.884688 0.896720 0.911309 0.928655 0.949005 0.972662 1.000000 0.982046 0.921727 0.870365 0.826310 0.788308 0.755387 0.726787 0.701902 0.680250 0.661439 0.645153 0.631133 0.619170 0.609092 0.600761 0.594067 0.588923 0.586746 0.587554 0.589788 0.593474 0.598657 0.605403 0.613798 0.623954 0.636010 0.650138 0.666549 0.685505 0.707325 0.732402 0.761224 0.794399 0.832695 605.500000 1.182748 0.848428
0.700029 0.675967 0.655030 0.636839 0.621087 0.607524 0.595945 0.586185 0.578110 0.571613 0.566610 0.563038 0.560854 0.560031 0.560559 0.562444 0.565709 0.570394 0.576558 0.584280 0.593661 0.604829 0.617943 0.633197 0.650831 0.671138 0.694480 0.721305 0.752170 0.787777 0.829020 0.877049 0.933372 1.000000 0.988608 0.924623 0.870387 0.824036 0.784165 0.749698 0.719794 0.693791 0.671163 0.651483 0.634410 0.619663 0.607015 0.596282 0.587311 0.579983 0.574202 0.569894 0.567006 0.565503 0.565366 0.566594 0.569201 0.573220 0.578700 0.585711 0.594343 0.604711 0.616961 0.631269 0.647855 0.666986 0.678698 0.667757 0.658725 0.651482 0.645936 0.642018 0.639678 0.638889 0.639641 0.641944 0.645824 0.651330 0.658531 0.667519 0.678412 0.691361 0.706548 0.724202 0.744600 0.768084 0.795076 0.826097 0.861797 0.902995 0.905573 0.858997 0.818853 0.784098 0.753916 0.727660 0.704811 0.684954 0.667749 0.652922 0.640248 0.629544 0.620663 0.613487 0.607922 0.603899 0.601369 0.600299 0.600678 0.602510 0.605817 0.610639 0.617038 0.625094 0.634912 0.646627 0.660403 0.676444 0.694999 0.716376 0.740951 0.769191 0.801677 0.839138 0.838893 0.796276 0.759521 0.727685 777.500000 1.229821 0.736145
0.693058 0.689786 0.688195 0.688266 0.689999 0.693416 0.698558 0.705489 0.714297 0.725097 0.738033 0.753288 0.771083 0.791692 0.815452 0.842775 0.874172 0.910276 0.951883 1.000000 0.961993 0.902476 0.851826 0.808404 0.770961 0.738533 0.710366 0.685860 0.664535 0.646007 0.629959 0.616139 0.604336 0.594382 0.586139 0.579499 0.574376 0.570706 0.568443 0.567560 0.568046 0.569907 0.573165 0.577861 0.584053 0.591821 0.601266 0.612517 0.625733 0.641111 0.658891 0.679368 0.702907 0.729957 0.748655 0.731647 0.717083 0.704752 0.694483 0.686138 0.679609 0.674813 0.671692 0.670206 0.670338 0.672090 0.675483 0.680557 0.687378 0.696029 0.706626 0.719310 0.734259 0.751691 0.771877 0.795144 0.821900 0.852644 0.888001 0.928750 0.975884 0.947004 0.899257 0.858061 0.822369 0.791358 0.764375 0.740898 0.720504 0.702851 0.687659 0.674700 0.663791 0.654781 0.647552 0.642010 0.638086 0.635733 0.634920 0.635640 0.637899 0.641726 0.647167 0.654291 0.646461 0.636662 0.628648 0.622314 0.617579 0.614384 0.612691 0.612479 0.613744 0.616504 0.620790 0.626657 0.634178 0.643451 0.654599 0.667778 0.683178 0.701033 0.721632 0.736842 0.724094 0.713470 0.704826 0.698050 1689.000000 1.321767 0.795687
1.000000 0.933268 0.860805 0.800574 0.749909 0.706877 0.670042 0.638317 0.610866 0.587034 0.566305 0.548266 0.532584 0.518990 0.507264 0.497228 0.488736 0.481669 0.475935 0.471458 0.468181 0.466065 0.465083 0.465224 0.466489 0.468894 0.472468 0.477255 0.483316 0.490731 0.499599 0.510045 0.522222 0.536319 0.552565 0.571246 0.592712 0.617400 0.645857 0.678778 0.717057 0.761855 0.814718 0.877736 0.939904 0.873710 0.818066 0.770832 0.730418 0.695623 0.665523 0.639396 0.616672 0.596897 0.579704 0.564796 0.551932 0.540915 0.531585 0.523811 0.517491 0.512541 0.508900 0.506521 0.505376 0.505452 0.506748 0.509282 0.513082 0.518198 0.524694 0.532654 0.542186 0.553422 0.566528 0.581705 0.599201 0.619320 0.642438 0.669024 0.699664 0.735100 0.776287 0.824468 0.881289 0.915871 0.847558 0.790501 0.742317 0.701262 0.666030 0.635627 0.609283 0.586392 0.566474 0.549144 0.534091 0.521063 0.509855 0.500299 0.492258 0.485623 0.480307 0.476240 0.473373 0.471669 0.471108 0.471684 0.473403 0.476286 0.480369 0.485703 0.492356 0.500416 0.509993 0.521224 0.534278 0.549359 0.566721 0.586676 0.609610 0.636004 0.666466 0.701768 0.742908 0.791198 0.848388 0.916870 4139.000000 1.106193 0.602314
0.728429 0.702130 0.679244 0.659341 0.642074 0.627161 0.614371 0.603517 0.594447 0.587040 0.581197 0.576846 0.573931 0.572418 0.572288 0.573539 0.576188 0.580265 0.585821 0.592927 0.601675 0.612182 0.624594 0.639091 0.655894 0.675276 0.697570 0.723187 0.752641 0.786570 0.825787 0.871329 0.924544 0.987215 1.000000 0.954287 0.914678 0.880261 0.850316 0.824261 0.801628 0.782040 0.765185 0.750812 0.738716 0.728731 0.720725 0.714597 0.710268 0.707686 0.706820 0.707658 0.710211 0.714511 0.720609 0.728583 0.738534 0.750594 0.764928 0.781740 0.801281 0.823860 0.826794 0.791176 0.760256 0.733362 0.709957 0.689611 0.671971 0.656755 0.643728 0.632703 0.623526 0.616075 0.610252 0.605984 0.603219 0.601923 0.602079 0.603690 0.606776 0.611373 0.617540 0.625355 0.634919 0.646361 0.659842 0.675560 0.693757 0.714730 0.738847 0.766560 0.798431 0.835166 0.877660 0.927065 0.940273 0.904238 0.872887 0.845607 0.821900 0.801364 0.783671 0.768554 0.755796 0.745220 0.736686 0.730085 0.725332 0.722370 0.721163 0.721695 0.723974 0.728026 0.733902 0.741675 0.751443 0.763337 0.777515 0.794181 0.813578 0.836012 0.861853 0.891559 0.880726 0.833852 0.793530 0.758672 4951.500000 1.269826 0.768302
0.936643 0.882836 0.836782 0.797119 0.762801 0.733009 0.707096 0.684545 0.664940 0.647945 0.633285 0.620735 0.610115 0.601276 0.594100 0.588494 0.584388 0.581731 0.580490 0.580649 0.582212 0.585197 0.589641 0.595599 0.603145 0.612380 0.623427 0.636442 0.651615 0.669180 0.689426 0.712705 0.739455 0.770219 0.805680 0.846701 0.894394 0.881333 0.851632 0.825793 0.803354 0.783941 0.767248 0.753028 0.741078 0.731236 0.723372 0.717384 0.713199 0.710765 0.710053 0.711053 0.713778 0.718260 0.724556 0.732745 0.742930 0.755248 0.769867 0.786997 0.806894 0.829875 0.856327 0.886727 0.921667 0.941091 0.891507 0.848829 0.811917 0.779882 0.752021 0.727776 0.706694 0.688412 0.672630 0.659109 0.647650 0.638093 0.630311 0.624202 0.619689 0.616715 0.615245 0.615261 0.616763 0.619769 0.624315 0.630459 0.638278 0.647874 0.659375 0.672943 0.688774 0.707114 0.728259 0.752576 0.780519 0.812650 0.826570 0.801948 0.780576 0.762102 0.746239 0.732752 0.721451 0.712183 0.704827 0.699288 0.695498 0.693411 0.693000 0.694262 0.697210 0.701882 0.708336 0.716651 0.726936 0.739327 0.753996 0.771155 0.791063 0.814039 0.840474 0.870853 0.905774 0.945987 0.992439 1.000000 1670.000000 1.234748 0.770040
0.809322 0.854839 0.875168 0.854237 0.836252 0.820946 0.808101 0.797544 0.789136 0.782770 0.778365 0.775869 0.775250 0.776501 0.779638 0.784698 0.791744 0.800865 0.812177 0.781831 0.748709 0.719942 0.694917 0.673140 0.654215 0.637819 0.623691 0.611616 0.601422 0.592967 0.586139 0.580850 0.577033 0.574641 0.573645 0.574033 0.575810 0.578997 0.583634 0.589777 0.597506 0.606922 0.618152 0.631355 0.646727 0.664507 0.684989 0.708535 0.735592 0.766719 0.798009 0.768830 0.743438 0.721352 0.702183 0.685615 0.671391 0.659302 0.649176 0.640877 0.634297 0.629351 0.625978 0.624136 0.623804 0.624977 0.627669 0.631914 0.637763 0.645290 0.654594 0.665796 0.679054 0.694557 0.712541 0.733295 0.757173 0.784613 0.816155 0.852481 0.894445 0.943144 1.000000 0.941398 0.884941 0.836774 0.795398 0.759664 0.728683 0.701755 0.678321 0.657936 0.640238 0.624933 0.611782 0.600590 0.591199 0.583482 0.577336 0.572683 0.569466 0.567644 0.567197 0.568117 0.570417 0.574125 0.575306 0.568418 0.563034 0.559084 0.556521 0.555313 0.555446 0.556920 0.559755 0.563984 0.569660 0.576856 0.585665 0.596205 0.608625 0.623106 0.639873 0.659198 0.681420 0.706955 0.736322 0.770169 4791.500000 1.324227 0.785141
0.867135 0.855391 0.845972 0.838757 0.833655 0.830604 0.829566 0.830529 0.833505 0.838529 0.845664 0.854999 0.866653 0.880781 0.897575 0.907249 0.871012 0.839502 0.812082 0.788234 0.767544 0.749671 0.734342 0.721329 0.710451 0.701561 0.694544 0.689310 0.685794 0.683953 0.683765 0.685227 0.688357 0.693193 0.699796 0.708249 0.718660 0.731170 0.745952 0.763221 0.783240 0.806332 0.832895 0.863418 0.848278 0.824823 0.804516 0.787036 0.772120 0.759554 0.749167 0.740821 0.734408 0.729849 0.727087 0.726088 0.726840 0.729353 0.733657 0.739805 0.747874 0.757966 0.770216 0.784790 0.801895 0.821787 0.844777 0.871250 0.901678 0.936647 0.976885 1.000000 0.965935 0.936296 0.910550 0.888265 0.869088 0.852732 0.838965 0.827597 0.818478 0.811492 0.806551 0.803594 0.802584 0.803511 0.806385 0.804241 0.779004 0.757071 0.738069 0.721693 0.707696 0.695877 0.686071 0.678149 0.672008 0.667571 0.664783 0.663611 0.664040 0.666074 0.669740 0.675082 0.682166 0.691083 0.701950 0.714913 0.730157 0.747906 0.764887 0.762122 0.761204 0.762122 0.764887 0.769533 0.776117 0.784721 0.795456 0.808464 0.823921 0.842050 0.863120 0.887465 0.915492 0.918070 0.898257 0.881359 1753.000000 1.239196 0.871871
0.837094 0.774330 0.721940 0.677718 0.640055 0.607744 0.579868 0.555718 0.534735 0.516479 0.500593 0.486794 0.474848 0.464567 0.455797 0.448411 0.442310 0.437412 0.433655 0.430991 0.429388 0.428826 0.429299 0.430811 0.433382 0.437043 0.441839 0.447834 0.455104 0.463750 0.473895 0.485689 0.499319 0.515014 0.533052 0.553782 0.577638 0.605166 0.637059 0.674217 0.717813 0.769419 0.808157 0.761666 0.721878 0.687614 0.657969 0.632235 0.609852 0.590373 0.573439 0.558757 0.546092 0.535248 0.526070 0.518429 0.512223 0.507372 0.503814 0.501505 0.500418 0.500538 0.501868 0.504424 0.508236 0.513352 0.519838 0.527777 0.537277 0.548471 0.561522 0.576633 0.594051 0.614078 0.637092 0.663559 0.694064 0.729351 0.770374 0.818376 0.875005 0.816222 0.752245 0.699129 0.654493 0.616610 0.584203 0.556306 0.532175 0.511231 0.493016 0.477165 0.463382 0.451430 0.441115 0.432280 0.424794 0.418555 0.413478 0.409497 0.406562 0.404637 0.403698 0.403734 0.404744 0.406743 0.409753 0.413812 0.418972 0.425300 0.432881 0.441821 0.452250 0.464329 0.478255 0.494269 0.512671 0.533832 0.558218 0.586419 0.619191 0.657522 0.702715 0.756537 0.821431 0.900876 1.000000 0.913325 7064.000000 1.281712 0.591021
0.681965 0.663238 0.647029 0.633082 0.621189 0.611179 0.602916 0.596291 0.591219 0.587637 0.585499 0.584781 0.585473 0.587584 0.591139 0.596183 0.602778 0.611009 0.620985 0.632842 0.646749 0.662913 0.681591 0.703094 0.727809 0.756213 0.788902 0.826626 0.870341 0.921281 0.981065 1.000000 0.944821 0.897462 0.856589 0.821169 0.790391 0.763609 0.740308 0.720071 0.702557 0.687493 0.674652 0.663851 0.654945 0.647814 0.642367 0.638537 0.636276 0.635556 0.636370 0.638726 0.642654 0.648201 0.655438 0.664458 0.675378 0.688350 0.703558 0.721229 0.741644 0.765146 0.792156 0.823199 0.858928 0.900166 0.888652 0.845667 0.808506 0.776266 0.748231 0.723834 0.702616 0.684209 0.668310 0.654675 0.643103 0.633433 0.625534 0.619303 0.614661 0.611551 0.609934 0.609790 0.611119 0.613935 0.618274 0.624189 0.631755 0.641071 0.652259 0.665478 0.680917 0.698813 0.719455 0.743198 0.770482 0.801851 0.837987 0.879753 0.907680 0.877599 0.851433 0.828721 0.809087 0.792227 0.777891 0.765876 0.756021 0.748196 0.742301 0.738262 0.736031 0.735581 0.736905 0.740019 0.744963 0.751796 0.760605 0.771504 0.784637 0.800187 0.818376 0.827384 0.789558 0.756782 0.728304 0.703525 679.500000 1.169531 0.762906
0.923139 0.962958 1.000000 0.953195 0.912675 0.877488 0.846878 0.820241 0.797090 0.777030 0.759741 0.744960 0.732474 0.722111 0.713732 0.698366 0.665015 0.636167 0.611129 0.589353 0.570402 0.553925 0.539637 0.527305 0.516742 0.507793 0.500333 0.494263 0.489504 0.485995 0.483693 0.482569 0.482611 0.483819 0.486207 0.489804 0.494655 0.500823 0.508386 0.517447 0.525326 0.534053 0.544408 0.556541 0.570632 0.586906 0.605638 0.627166 0.651908 0.680390 0.713270 0.751393 0.795846 0.848060 0.885672 0.871865 0.860522 0.851496 0.844671 0.839962 0.837311 0.836686 0.838080 0.841509 0.847015 0.854666 0.864558 0.876819 0.891612 0.909140 0.929656 0.886121 0.833406 0.788403 0.749725 0.716310 0.687331 0.662139 0.640216 0.621147 0.604595 0.590288 0.578002 0.567557 0.558805 0.551627 0.545931 0.541642 0.538707 0.537091 0.536774 0.537752 0.534172 0.529641 0.526443 0.524540 0.523908 0.524540 0.526443 0.529641 0.534172 0.540094 0.547483 0.556435 0.567074 0.579552 0.594054 0.610809 0.630099 0.652270 0.677751 0.707076 0.718033 0.715385 0.714471 0.715280 0.717822 0.722129 0.728252 0.736269 0.746282 0.758424 0.772859 0.789795 0.809484 0.832235 0.858430 0.888538 4268.000000 1.527435 0.797746
0.774087 0.800032 0.829845 0.864127 0.868990 0.811145 0.762242 0.720538 0.684724 0.653803 0.626999 0.603703 0.583431 0.565795 0.550482 0.537235 0.525849 0.515563 0.498093 0.482894 0.469693 0.458269 0.448442 0.440066 0.433021 0.427211 0.422559 0.419006 0.416508 0.415032 0.414563 0.415093 0.416630 0.419192 0.422810 0.427531 0.433414 0.440537 0.448998 0.458917 0.470444 0.483760 0.484046 0.485279 0.487696 0.491327 0.496217 0.502427 0.510040 0.519156 0.529905 0.542442 0.556961 0.573699 0.592946 0.615063 0.640497 0.669809 0.703708 0.743107 0.789194 0.843541 0.908278 0.986350 1.000000 0.914361 0.844107 0.785635 0.736399 0.694544 0.658693 0.627800 0.601058 0.577836 0.557635 0.540056 0.524777 0.511537 0.500124 0.490365 0.482118 0.475271 0.469731 0.465426 0.462304 0.460325 0.450629 0.441637 0.434021 0.427677 0.422518 0.418479 0.415508 0.413568 0.412635 0.412699 0.413760 0.415830 0.418936 0.423115 0.428421 0.434923 0.442708 0.451885 0.462590 0.474985 0.489274 0.505706 0.524587 0.546301 0.571325 0.600267 0.633907 0.662572 0.657838 0.654736 0.653231 0.653302 0.654951 0.658199 0.663084 0.669667 0.678033 0.688289 0.700574 0.715059 0.731957 0.751526 1393.500000 1.787790 0.692145
0.788969 0.823397 0.863141 0.909218 0.962942 1.000000 0.963379 0.931511 0.903791 0.879731 0.858935 0.841078 0.825898 0.813181 0.802754 0.794480 0.788255 0.784001 0.781666 0.781220 0.782660 0.786002 0.791287 0.798581 0.807975 0.819591 0.833582 0.834070 0.802347 0.774747 0.750731 0.729865 0.711796 0.696236 0.682953 0.671754 0.662488 0.655030 0.649285 0.645180 0.642666 0.641711 0.642304 0.644452 0.648181 0.653537 0.660587 0.669422 0.680156 0.692937 0.707946 0.725405 0.745589 0.768834 0.786642 0.772802 0.761243 0.751809 0.744377 0.738854 0.735170 0.733280 0.733161 0.734813 0.738254 0.743528 0.750699 0.759858 0.771124 0.784648 0.800618 0.819266 0.840877 0.865802 0.894470 0.927413 0.958703 0.923755 0.893341 0.866888 0.843931 0.824093 0.807066 0.792599 0.780488 0.770571 0.762717 0.756826 0.752825 0.750665 0.750320 0.751785 0.755079 0.760242 0.767337 0.776453 0.787709 0.801256 0.817279 0.817280 0.783660 0.754442 0.729018 0.706899 0.687690 0.671072 0.656783 0.644610 0.634381 0.625956 0.619223 0.614098 0.610516 0.608432 0.607822 0.608678 0.611011 0.614848 0.620238 0.627247 0.635966 0.646510 0.659025 0.673688 0.690721 0.710393 0.733036 0.759059 1365.500000 1.300933 0.836755
0.838952 0.839964 0.843011 0.848132 0.855388 0.864871 0.876703 0.891039 0.908075 0.928055 0.951278 0.978109 0.978800 0.929076 0.886191 0.849045 0.816777 0.788702 0.764273 0.743049 0.724670 0.708844 0.695334 0.683947 0.674525 0.666944 0.661107 0.656940 0.654392 0.653431 0.654047 0.656246 0.660056 0.648491 0.637164 0.627711 0.620007 0.613950 0.609465 0.606496 0.605006 0.604976 0.606408 0.609318 0.613741 0.618681 0.620520 0.623878 0.628796 0.635334 0.643576 0.653631 0.665633 0.679753 0.696199 0.715225 0.737147 0.762350 0.791310 0.824623 0.863035 0.907493 0.959217 1.000000 0.966084 0.936575 0.910945 0.888764 0.869683 0.853417 0.839734 0.828448 0.819408 0.812500 0.807637 0.804759 0.803831 0.804841 0.807803 0.812752 0.819749 0.828882 0.840267 0.822348 0.790590 0.762962 0.738921 0.718025 0.699918 0.684310 0.670964 0.659688 0.650325 0.642751 0.636868 0.632601 0.629899 0.628729 0.629075 0.630942 0.633833 0.636302 0.640338 0.645992 0.653334 0.662460 0.673490 0.686575 0.701903 0.698454 0.691329 0.685985 0.682354 0.680391 0.680073 0.681397 0.684377 0.689052 0.695477 0.703734 0.713931 0.726203 0.740719 0.757690 0.777374 0.800087 0.826218 0.839964 1096.500000 1.202454 0.851034
0.806718 0.841371 0.881352 0.927669 0.931719 0.899160 0.870826 0.846200 0.824861 0.806467 0.790739 0.777450 0.766415 0.757489 0.750556 0.745528 0.742344 0.740964 0.741372 0.743573 0.722636 0.700513 0.681296 0.664665 0.650355 0.638154 0.627886 0.619413 0.612621 0.607424 0.603757 0.601574 0.600850 0.601574 0.603757 0.607424 0.612621 0.618084 0.610056 0.603670 0.598843 0.595517 0.593649 0.593218 0.594218 0.596661 0.600577 0.606015 0.613042 0.621749 0.632253 0.644697 0.659261 0.676165 0.695679 0.718134 0.743939 0.773600 0.807752 0.847194 0.892947 0.946333 1.000000 0.948672 0.904428 0.866121 0.832852 0.803909 0.778723 0.756835 0.737873 0.721534 0.707571 0.695782 0.686004 0.678109 0.671994 0.667583 0.664819 0.663671 0.664124 0.666184 0.669875 0.675244 0.682356 0.691302 0.702201 0.715199 0.730481 0.730917 0.714899 0.701220 0.689686 0.680137 0.672447 0.666516 0.662271 0.659658 0.658647 0.659224 0.661397 0.665192 0.670656 0.677857 0.686887 0.692974 0.677915 0.665064 0.654239 0.645290 0.638098 0.632573 0.628644 0.626262 0.625400 0.626046 0.628209 0.631914 0.637207 0.644155 0.652846 0.663394 0.675944 0.690675 0.707804 0.727603 0.750400 0.776604 1832.500000 1.215313 0.825530
0.836330 0.842157 0.817369 0.795860 0.777280 0.761339 0.747804 0.736486 0.727231 0.719918 0.714455 0.710774 0.708829 0.708597 0.710076 0.713283 0.718257 0.725060 0.733777 0.741746 0.739491 0.739024 0.740341 0.743456 0.748409 0.755259 0.764094 0.775028 0.788205 0.803808 0.822061 0.843242 0.867688 0.895817 0.928141 0.965298 0.985708 0.963704 0.944888 0.928987 0.915783 0.905098 0.896795 0.890770 0.886948 0.885282 0.885752 0.888363 0.893149 0.900166 0.909503 0.921279 0.935647 0.908244 0.870128 0.837018 0.808211 0.783145 0.761366 0.742506 0.726265 0.712399 0.700709 0.691034 0.683246 0.677245 0.672956 0.670325 0.672783 0.680242 0.689548 0.700823 0.714223 0.729938 0.748203 0.769306 0.788982 0.779211 0.771514 0.765795 0.761982 0.760029 0.759912 0.761629 0.765202 0.770674 0.778112 0.787612 0.799296 0.813320 0.829881 0.846196 0.841938 0.839735 0.839560 0.841413 0.845314 0.851312 0.859482 0.869926 0.882779 0.898214 0.916446 0.937740 0.962419 0.990885 1.000000 0.962377 0.929641 0.901158 0.876417 0.855003 0.836578 0.820867 0.807644 0.796729 0.787979 0.781280 0.776549 0.773728 0.772783 0.773701 0.776494 0.781197 0.787866 0.796586 0.807468 0.820656 8052.500000 1.130212 0.883845
0.952794 0.911943 0.876475 0.845623 0.818775 0.795437 0.775208 0.757763 0.742836 0.730210 0.719712 0.711200 0.704565 0.699722 0.696612 0.695198 0.695461 0.697405 0.701053 0.706451 0.713665 0.712232 0.698037 0.686018 0.676006 0.667868 0.661498 0.656816 0.653764 0.652304 0.652419 0.654111 0.657398 0.662323 0.668946 0.677350 0.687647 0.699973 0.714502 0.731447 0.751068 0.736445 0.719799 0.705551 0.693495 0.683462 0.675320 0.668962 0.664307 0.661300 0.659902 0.660096 0.661886 0.665293 0.670358 0.677145 0.685740 0.696254 0.708830 0.723644 0.740914 0.760906 0.783948 0.810442 0.840886 0.875899 0.916258 0.962948 0.972535 0.933061 0.898746 0.868885 0.842910 0.820362 0.800867 0.784123 0.769881 0.757941 0.748141 0.740351 0.734473 0.730434 0.728183 0.727694 0.728961 0.731998 0.727376 0.704410 0.684448 0.667150 0.652237 0.639483 0.628704 0.619750 0.612503 0.606868 0.602775 0.600173 0.599031 0.599334 0.601085 0.604308 0.609040 0.615341 0.623291 0.632994 0.644581 0.643367 0.642194 0.642571 0.644501 0.648009 0.653138 0.659951 0.668535 0.679003 0.691496 0.706190 0.723303 0.743101 0.765909 0.792132 0.822264 0.856926 0.896894 0.943156 0.996983 1.000000 14628.000000 1.253619 0.828856
0.587335 0.598599 0.611808 0.627157 0.644889 0.665303 0.688765 0.715730 0.746764 0.782583 0.824096 0.872479 0.929277 0.925971 0.886296 0.851849 0.821886 0.795811 0.773145 0.753499 0.736557 0.722062 0.709803 0.699611 0.691349 0.684911 0.680216 0.677204 0.675840 0.676107 0.678009 0.681567 0.686827 0.693853 0.702734 0.713588 0.726559 0.729519 0.723309 0.718921 0.716301 0.715418 0.716260 0.718838 0.723183 0.729348 0.737412 0.721757 0.683259 0.650147 0.621524 0.596692 0.575100 0.556310 0.539969 0.525790 0.513543 0.503037 0.494120 0.486664 0.480572 0.475761 0.472173 0.469761 0.468496 0.475252 0.484897 0.496161 0.509216 0.524275 0.541595 0.561498 0.584382 0.610743 0.641213 0.676599 0.717949 0.766649 0.824567 0.894283 0.979453 1.000000 0.958527 0.922490 0.891134 0.863853 0.840156 0.819646 0.802000 0.786953 0.774292 0.763843 0.755467 0.749059 0.744536 0.741845 0.740951 0.720081 0.692808 0.669079 0.648431 0.630494 0.614963 0.601594 0.590185 0.580573 0.572627 0.566242 0.561334 0.557843 0.555726 0.554957 0.555526 0.554030 0.547930 0.543257 0.539952 0.537976 0.537304 0.537927 0.539855 0.543109 0.547730 0.553776 0.558931 0.563743 0.570023 0.577852 4924.500000 1.184244 0.752634
0.829681 0.875464 0.928964 0.957798 0.921376 0.889687 0.862113 0.838155 0.817409 0.799545 0.784294 0.771437 0.760798 0.752237 0.745642 0.740932 0.738047 0.736953 0.737637 0.740107 0.744393 0.750547 0.758647 0.768796 0.781128 0.795809 0.813050 0.833106 0.848668 0.805318 0.767941 0.735573 0.707459 0.683000 0.661717 0.643222 0.627203 0.613405 0.601618 0.591675 0.583438 0.576797 0.571668 0.567985 0.565703 0.564795 0.565250 0.567072 0.570284 0.574926 0.581056 0.588751 0.598113 0.609269 0.622377 0.637631 0.655270 0.675587 0.698941 0.725779 0.756656 0.792271 0.833511 0.881520 0.937795 1.000000 0.953451 0.913146 0.878139 0.847684 0.821183 0.798153 0.778203 0.761015 0.746328 0.733933 0.723657 0.715365 0.708949 0.704329 0.701448 0.700270 0.700782 0.702989 0.706918 0.712619 0.720160 0.729640 0.741182 0.754943 0.771118 0.789945 0.811720 0.836801 0.865635 0.837288 0.796823 0.761839 0.731486 0.705093 0.682124 0.662149 0.644820 0.629854 0.617019 0.606128 0.597028 0.589597 0.583737 0.579375 0.576456 0.574944 0.574821 0.576086 0.578754 0.582858 0.588447 0.595594 0.604391 0.614954 0.627433 0.642006 0.658898 0.678381 0.700791 0.726543 0.756150 0.790258 15649.000000 1.307615 0.766107
0.824072 0.857149 0.895239 0.939240 0.930643 0.889903 0.854552 0.823812 0.797059 0.773796 0.753615 0.736189 0.721249 0.708577 0.697994 0.689359 0.682560 0.677509 0.674145 0.672426 0.672331 0.673860 0.677030 0.672157 0.660367 0.650523 0.642494 0.636174 0.631484 0.628366 0.626780 0.626709 0.628150 0.631122 0.635662 0.641824 0.649687 0.643653 0.627527 0.613631 0.601756 0.591730 0.583415 0.576700 0.571500 0.567748 0.565398 0.564421 0.564807 0.566558 0.569698 0.574263 0.580312 0.587920 0.597189 0.608243 0.621239 0.636370 0.653870 0.674030 0.697205 0.723836 0.754473 0.789805 0.830708 0.878310 0.934087 1.000000 0.978786 0.935031 0.897089 0.864107 0.835406 0.810439 0.788767 0.770030 0.753936 0.740249 0.728774 0.719356 0.711871 0.706224 0.702345 0.700186 0.691703 0.666806 0.645140 0.626299 0.609954 0.595841 0.583739 0.573474 0.564901 0.557905 0.552394 0.548299 0.545569 0.544171 0.544087 0.545316 0.547874 0.551792 0.557118 0.563920 0.572285 0.582327 0.594184 0.608029 0.624074 0.642579 0.663863 0.666675 0.661451 0.657882 0.655922 0.655548 0.656756 0.659561 0.663996 0.670116 0.677999 0.687746 0.699487 0.713384 0.729639 0.748496 0.770259 0.795298 1464.000000 1.410061 0.809592
0.899968 0.946210 1.000000 0.988552 0.937269 0.893090 0.854856 0.821658 0.792782 0.767652 0.745809 0.726876 0.710551 0.696584 0.684773 0.674955 0.666999 0.660802 0.643598 0.623570 0.606168 0.591096 0.578114 0.567026 0.557675 0.549930 0.543689 0.538871 0.535417 0.533284 0.532445 0.532890 0.534625 0.537671 0.542066 0.547863 0.555138 0.563985 0.574526 0.586908 0.601317 0.617978 0.637166 0.659224 0.684572 0.688695 0.687916 0.688796 0.691347 0.695598 0.701602 0.709435 0.719196 0.731016 0.745056 0.761516 0.780643 0.802740 0.828176 0.857411 0.891011 0.929682 0.974316 0.992162 0.934981 0.886050 0.843919 0.807468 0.775828 0.748309 0.724360 0.703539 0.685487 0.669912 0.656575 0.645283 0.635879 0.628237 0.622258 0.617865 0.615006 0.613644 0.613764 0.615367 0.618472 0.623117 0.629360 0.637280 0.646981 0.658592 0.672278 0.688237 0.696718 0.680383 0.666366 0.654459 0.644496 0.636341 0.629889 0.625057 0.621785 0.620033 0.619780 0.621022 0.623775 0.628073 0.633968 0.641535 0.650872 0.654067 0.649647 0.646835 0.645596 0.645915 0.647795 0.651260 0.656352 0.663134 0.671693 0.682141 0.694619 0.709302 0.726407 0.746199 0.769005 0.795225 0.825355 0.860011 4369.500000 1.375967 0.796339
0.764421 0.780974 0.800230 0.800647 0.771275 0.745714 0.723480 0.704181 0.687498 0.673171 0.660990 0.650781 0.642406 0.635757 0.630748 0.627317 0.625421 0.625038 0.626163 0.628810 0.633010 0.638817 0.635707 0.633474 0.632776 0.633604 0.635969 0.639898 0.645442 0.652667 0.661669 0.672566 0.685506 0.700675 0.718301 0.738661 0.762099 0.789036 0.819995 0.855628 0.896757 0.944430 1.000000 0.984253 0.936881 0.895919 0.860375 0.829466 0.802567 0.779176 0.758886 0.741367 0.726348 0.713612 0.702978 0.694305 0.687479 0.682414 0.679047 0.677337 0.677263 0.678825 0.682040 0.686949 0.693612 0.701345 0.689316 0.679301 0.671167 0.664808 0.660144 0.657117 0.655689 0.655845 0.657585 0.660931 0.665924 0.672625 0.681120 0.691520 0.703965 0.718628 0.735726 0.732342 0.719310 0.708410 0.699496 0.692450 0.687184 0.683632 0.681751 0.681517 0.682928 0.686001 0.690773 0.697304 0.705676 0.715997 0.728406 0.743073 0.760213 0.780086 0.803012 0.829385 0.859690 0.894531 0.920216 0.885210 0.854754 0.828253 0.805228 0.785288 0.768118 0.753459 0.741101 0.730874 0.722643 0.716302 0.711770 0.708993 0.707937 0.708588 0.710954 0.715065 0.720971 0.728745 0.738487 0.750326 1423.500000 1.141915 0.835658
0.547728 0.551290 0.556248 0.562664 0.570620 0.580676 0.593045 0.607449 0.624110 0.643305 0.665371 0.690728 0.719898 0.753535 0.792472 0.837781 0.890861 0.953575 1.000000 0.964962 0.934471 0.907968 0.885000 0.865199 0.848263 0.833947 0.822055 0.812427 0.804938 0.799494 0.796029 0.794499 0.794886 0.797195 0.801454 0.807715 0.816056 0.826583 0.797286 0.770488 0.747175 0.726931 0.709419 0.694364 0.681543 0.670773 0.661908 0.654831 0.649452 0.645704 0.643540 0.642934 0.643879 0.646387 0.650487 0.656231 0.663689 0.672960 0.671684 0.662619 0.655354 0.649795 0.645872 0.643537 0.642762 0.643537 0.645872 0.649795 0.650314 0.648970 0.649193 0.650984 0.654366 0.659381 0.666090 0.674578 0.684958 0.697368 0.711982 0.729017 0.748734 0.771458 0.797586 0.827609 0.862140 0.901944 0.947997 0.958827 0.926586 0.898538 0.874181 0.853111 0.834997 0.819570 0.806610 0.795942 0.787424 0.780948 0.776433 0.773823 0.773087 0.774216 0.777223 0.782146 0.789044 0.798004 0.809142 0.822605 0.838578 0.803406 0.763687 0.729384 0.699643 0.673792 0.651297 0.631727 0.614738 0.600045 0.587421 0.576678 0.567664 0.560256 0.554357 0.549892 0.546805 0.545059 0.544631 0.545517 1964.500000 1.240797 0.816491
0.870035 0.924517 0.960175 0.901664 0.851808 0.809025 0.772104 0.740111 0.712312 0.688123 0.667078 0.648798 0.632977 0.619367 0.607762 0.597999 0.589943 0.583488 0.578552 0.575072 0.573006 0.572329 0.573032 0.575124 0.578631 0.583595 0.590078 0.598165 0.607962 0.619602 0.633252 0.631890 0.613604 0.597746 0.584059 0.572333 0.562396 0.554111 0.547365 0.542072 0.538165 0.535594 0.534330 0.534355 0.535671 0.538293 0.542254 0.547603 0.554407 0.562755 0.572760 0.584560 0.598328 0.614276 0.632664 0.653810 0.678109 0.706049 0.738247 0.775479 0.818742 0.869337 0.928982 1.000000 0.960409 0.898141 0.845368 0.800273 0.761488 0.727960 0.698874 0.673582 0.651572 0.632431 0.615823 0.601477 0.589171 0.578725 0.569993 0.562855 0.557220 0.553016 0.550190 0.548708 0.548552 0.549720 0.552226 0.556102 0.561393 0.568169 0.576515 0.586545 0.598397 0.612244 0.628295 0.646812 0.668111 0.692586 0.685702 0.663912 0.644969 0.628550 0.614389 0.602271 0.592021 0.583496 0.576582 0.571190 0.567252 0.564719 0.563561 0.563762 0.565326 0.568271 0.572634 0.578469 0.585850 0.594873 0.605660 0.618363 0.633169 0.650306 0.670055 0.692763 0.718857 0.748867 0.783463 0.823489 623.500000 1.478409 0.724261
0.670635 0.676190 0.683497 0.692651 0.698508 0.702915 0.709097 0.717133 0.727124 0.739203 0.753537 0.770330 0.789834 0.812360 0.838287 0.868084 0.902332 0.941754 0.987265 1.000000 0.948259 0.903679 0.865093 0.831588 0.802443 0.777081 0.755035 0.735930 0.719459 0.705371 0.693462 0.683568 0.677734 0.676260 0.676418 0.678211 0.681660 0.686807 0.693717 0.702476 0.713200 0.726032 0.741153 0.758784 0.779197 0.802726 0.829781 0.860870 0.876268 0.857959 0.842388 0.829334 0.818620 0.810106 0.803684 0.799273 0.796820 0.796294 0.797689 0.801022 0.806334 0.813690 0.823183 0.826259 0.802559 0.782013 0.764288 0.749113 0.736269 0.725576 0.716891 0.710102 0.705124 0.701894 0.700373 0.700542 0.702404 0.705982 0.711318 0.718480 0.719328 0.718430 0.719266 0.721845 0.726197 0.732378 0.740464 0.750559 0.762796 0.777343 0.794406 0.814240 0.837159 0.863546 0.893874 0.893844 0.875224 0.859392 0.846124 0.835242 0.826602 0.820094 0.815638 0.813178 0.812685 0.814153 0.817599 0.823066 0.830621 0.840360 0.852407 0.862655 0.829869 0.801344 0.776524 0.754959 0.736285 0.720206 0.706480 0.694910 0.685337 0.677635 0.671704 0.667470 0.664881 0.663905 0.664530 0.666765 4012.000000 1.097727 0.851866
0.735459 0.748797 0.764503 0.782808 0.803996 0.813072 0.792587 0.774930 0.759832 0.747078 0.736489 0.727926 0.721277 0.716458 0.713411 0.712098 0.712504 0.714632 0.718509 0.724182 0.731723 0.741227 0.752818 0.766654 0.752475 0.723957 0.699144 0.677555 0.658798 0.642558 0.628577 0.616646 0.606593 0.598281 0.591600 0.586463 0.582807 0.580586 0.581512 0.585013 0.589987 0.596496 0.604622 0.614474 0.626186 0.639924 0.655895 0.674312 0.683570 0.694783 0.708104 0.723723 0.741874 0.762844 0.786986 0.814732 0.846620 0.883321 0.925679 0.974771 1.000000 0.942672 0.893597 0.851328 0.814751 0.782996 0.755376 0.731339 0.710444 0.692331 0.676708 0.663338 0.652026 0.642616 0.634981 0.629024 0.624668 0.618124 0.611428 0.606320 0.602737 0.600634 0.599987 0.600786 0.603043 0.606784 0.612055 0.618923 0.627475 0.637825 0.650115 0.664520 0.681256 0.700589 0.722843 0.748419 0.743016 0.733939 0.726811 0.721542 0.718066 0.716341 0.716345 0.718080 0.721566 0.726845 0.733983 0.743070 0.754226 0.767598 0.783375 0.797382 0.777084 0.759577 0.744597 0.731925 0.721386 0.712839 0.706174 0.701306 0.698175 0.696742 0.696992 0.698926 0.702568 0.707963 0.715177 0.724303 11041.000000 1.129669 0.837639
0.865868 0.897932 0.866380 0.838922 0.815054 0.794368 0.776530 0.761269 0.748365 0.737638 0.728946 0.722176 0.717242 0.714084 0.712663 0.712962 0.714984 0.718754 0.724318 0.731746 0.741132 0.752598 0.727593 0.694558 0.665927 0.641046 0.619395 0.600559 0.584201 0.570047 0.557875 0.547503 0.538784 0.531599 0.525854 0.521474 0.518404 0.516609 0.516064 0.516764 0.518718 0.521948 0.526496 0.532417 0.539788 0.548706 0.559294 0.571704 0.586120 0.602772 0.621940 0.643969 0.669288 0.666755 0.654902 0.644989 0.636884 0.630480 0.625695 0.622471 0.620768 0.620565 0.621860 0.624669 0.629025 0.634982 0.642617 0.652027 0.663339 0.676709 0.692332 0.710445 0.731340 0.755376 0.782997 0.814752 0.851328 0.893597 0.942672 1.000000 0.945408 0.873443 0.813481 0.762942 0.719948 0.683100 0.651332 0.623824 0.599932 0.579147 0.561059 0.545342 0.531727 0.519997 0.509976 0.501519 0.494510 0.488856 0.484483 0.481338 0.479380 0.478586 0.478947 0.480467 0.483165 0.487072 0.492239 0.494713 0.493691 0.493861 0.495224 0.497797 0.501611 0.506715 0.513173 0.521069 0.530509 0.541627 0.554586 0.569586 0.586872 0.606749 0.629588 0.655857 0.686138 0.721171 0.761909 0.809592 7208.500000 1.481880 0.749980
0.872804 0.886668 0.903190 0.922605 0.928776 0.887702 0.852073 0.821095 0.794136 0.770689 0.750343 0.732763 0.717678 0.704865 0.694144 0.685371 0.678431 0.673236 0.669721 0.666097 0.653583 0.643051 0.634358 0.627387 0.622051 0.618281 0.616032 0.615276 0.616004 0.618225 0.613002 0.604695 0.598033 0.592928 0.589318 0.587157 0.586420 0.587097 0.589197 0.592744 0.597784 0.604379 0.612613 0.622595 0.634461 0.648381 0.664563 0.683261 0.704789 0.717237 0.715934 0.716358 0.718514 0.722430 0.728152 0.735752 0.745326 0.757001 0.770935 0.787323 0.806408 0.828487 0.853924 0.883167 0.916771 0.955426 1.000000 0.974089 0.935373 0.901706 0.872408 0.846929 0.824827 0.805741 0.789377 0.775495 0.763902 0.754441 0.746989 0.741452 0.737760 0.735869 0.735756 0.733724 0.694576 0.660905 0.631800 0.606549 0.584594 0.565487 0.548870 0.534453 0.521999 0.511316 0.502247 0.494665 0.488468 0.483575 0.479923 0.477468 0.479964 0.486874 0.495197 0.505047 0.516566 0.529929 0.545351 0.563095 0.583485 0.606924 0.633917 0.665098 0.701283 0.743527 0.793219 0.852229 0.877302 0.865074 0.855214 0.847595 0.842122 0.838727 0.837368 0.838029 0.840718 0.845468 0.852336 0.861410 1003.000000 1.311087 0.818455
