35
1000 1000
5 82 147 160 87 222 198 160 275 56 254
5 10 5 53 6 71 27 52 61 28 34
5 10 16 47 14 59 40 60 79 23 52
6 22 80 86 43 153 25 161 83 125 131 74 186
4 155 63 178 105 148 129 123 101
3 61 3 163 88 68 126
6 7 61 57 35 126 -4 141 76 120 124 52 114
8 14 39 22 22 41 18 65 23 63 37 54 55 40 59 22 66
4 154 5 187 61 163 113 121 66
7 -5 32 20 -18 52 -5 60 37 59 94 2 99 -20 58
4 19 0 46 27 24 44 3 30
3 -19 -45 127 44 31 93
8 64 67 83 43 114 35 135 43 159 70 138 99 111 98 94 96
6 25 68 35 62 46 59 54 72 48 88 35 90
6 10 42 36 30 46 57 40 77 14 78 -14 61
6 120 151 141 115 186 126 225 144 207 195 148 178
7 16 8 44 -19 78 -7 98 30 76 69 38 67 3 50
4 -8 38 19 14 67 40 26 80
6 65 59 118 31 127 101 109 159 56 166 39 110
4 25 -11 89 20 24 73 -27 29
4 1 39 26 28 39 43 21 66
3 107 12 280 104 145 180
7 4 7 15 3 36 -2 39 16 31 26 14 35 1 21
7 9 10 29 1 61 2 97 34 57 61 39 58 5 60
6 12 21 29 9 53 9 53 25 50 43 26 50
5 -17 23 57 16 86 76 53 105 1 93
4 139 312 208 276 259 327 222 386
6 119 94 129 60 176 58 198 93 167 132 128 139
4 7 25 32 9 48 26 29 44
4 64 57 134 116 68 151 10 116
6 29 31 42 17 72 9 84 34 66 60 51 50
3 43 50 106 98 43 160
7 20 45 27 36 47 39 55 49 44 69 30 71 12 61
5 -3 -3 17 -10 22 8 19 19 1 17
4 29 11 67 50 29 67 7 47
