0.811319 0.799210 0.789330 0.781552 0.775776 0.771931 0.769970 0.769869 0.771626 0.775263 0.780825 0.788380 0.798024 0.809882 0.815805 0.805357 0.797069 0.790835 0.786579 0.784247 0.783812 0.785268 0.788633 0.793948 0.801278 0.810716 0.822384 0.817557 0.800872 0.786711 0.774877 0.765209 0.757583 0.751900 0.748091 0.746109 0.745929 0.747550 0.750992 0.756295 0.763526 0.772777 0.784167 0.797848 0.814011 0.832891 0.808005 0.772286 0.741301 0.714362 0.690918 0.670528 0.652834 0.637547 0.624429 0.613288 0.603967 0.596340 0.590308 0.585794 0.582741 0.581113 0.580889 0.582067 0.584661 0.588501 0.593683 0.600417 0.608789 0.618909 0.630918 0.644986 0.661326 0.680196 0.701915 0.726876 0.755565 0.788589 0.826715 0.870920 0.922466 0.983016 1.000000 0.971105 0.946048 0.924423 0.905897 0.890202 0.877119 0.866472 0.858123 0.851966 0.847925 0.845950 0.846018 0.848129 0.809913 0.772919 0.740863 0.713010 0.688775 0.667688 0.649372 0.633520 0.619881 0.608251 0.598465 0.590388 0.583915 0.578961 0.575466 0.573822 0.574891 0.577357 0.581251 0.586620 0.593533 0.602078 0.612369 0.624550 0.638795 0.655320 0.674391 0.696334 0.721548 0.750534 0.783913 0.822473 2528.500000 1.260435 0.837255
0.828380 0.801263 0.777678 0.757214 0.739536 0.724369 0.711492 0.700723 0.691917 0.684960 0.679762 0.676259 0.674409 0.674189 0.675596 0.678647 0.683379 0.689851 0.698146 0.708369 0.716460 0.703896 0.693407 0.684852 0.678119 0.673124 0.669802 0.668116 0.668043 0.669583 0.663091 0.643975 0.627401 0.613097 0.600847 0.590471 0.581826 0.574795 0.569286 0.565231 0.562580 0.561298 0.561372 0.562802 0.565606 0.569817 0.575488 0.582690 0.591519 0.602092 0.614557 0.627244 0.633804 0.642066 0.652139 0.664157 0.678292 0.694752 0.713792 0.735728 0.760947 0.789926 0.823261 0.861702 0.906198 0.957973 1.000000 0.937992 0.885233 0.840009 0.801017 0.767250 0.737921 0.712405 0.690202 0.670908 0.654197 0.639802 0.627506 0.617132 0.608538 0.601610 0.600014 0.603658 0.608823 0.615573 0.623994 0.634197 0.646323 0.660544 0.677072 0.696170 0.718156 0.693956 0.669948 0.649057 0.630904 0.615180 0.601635 0.590065 0.580303 0.572214 0.565692 0.560653 0.557033 0.554787 0.554007 0.556001 0.559362 0.564131 0.570368 0.578152 0.587588 0.598803 0.611957 0.627247 0.644914 0.665254 0.688633 0.715500 0.746421 0.782104 0.823453 0.871636 0.928183 0.936691 0.895379 0.859541 1127.500000 1.179401 0.775169
0.448586 0.440471 0.433671 0.428094 0.423665 0.420330 0.418046 0.416785 0.416532 0.417285 0.419051 0.421853 0.425725 0.430717 0.436891 0.444331 0.453140 0.463444 0.475400 0.489198 0.505074 0.523319 0.544291 0.568441 0.596337 0.628705 0.666486 0.710921 0.763675 0.827037 0.904241 1.000000 0.960082 0.868975 0.795410 0.734961 0.684584 0.642117 0.605986 0.575016 0.548315 0.525192 0.505108 0.487635 0.472431 0.459219 0.447775 0.437917 0.429496 0.422391 0.416505 0.411758 0.408091 0.405457 0.403823 0.403169 0.403488 0.404784 0.407071 0.410379 0.414749 0.420236 0.426912 0.434868 0.444217 0.455097 0.467679 0.482171 0.498829 0.517973 0.539997 0.548909 0.541465 0.535494 0.530917 0.527679 0.525739 0.525074 0.525675 0.527549 0.530721 0.535227 0.541126 0.548493 0.557424 0.568042 0.580497 0.594977 0.611709 0.630974 0.653116 0.678562 0.707846 0.741639 0.780796 0.826420 0.875827 0.818037 0.769140 0.727412 0.691559 0.660591 0.633739 0.610398 0.590086 0.572416 0.557078 0.543816 0.532423 0.522732 0.514604 0.507930 0.502623 0.498614 0.495854 0.494308 0.493958 0.494800 0.496844 0.500114 0.504652 0.510514 0.517776 0.513939 0.496911 0.482099 0.469243 0.458129 3019.000000 1.891220 0.647372
0.818086 0.752296 0.697856 0.652229 0.613590 0.580593 0.552226 0.527714 0.506455 0.487971 0.471886 0.457896 0.445754 0.435261 0.426254 0.418600 0.412192 0.406942 0.402783 0.399661 0.397537 0.396386 0.396193 0.396956 0.398684 0.401398 0.405133 0.409934 0.415865 0.423003 0.431449 0.441324 0.452777 0.465993 0.481198 0.498671 0.518757 0.541890 0.568615 0.599634 0.635851 0.678465 0.729083 0.789919 0.864104 0.889207 0.830213 0.780322 0.737764 0.701210 0.669644 0.642279 0.618493 0.597796 0.579790 0.564157 0.550636 0.539016 0.529125 0.520822 0.513996 0.508555 0.504430 0.501571 0.499941 0.499522 0.500307 0.502307 0.505546 0.510063 0.515916 0.523180 0.531952 0.542351 0.554527 0.568665 0.584988 0.603773 0.625361 0.650175 0.678743 0.711729 0.749984 0.794609 0.749109 0.702749 0.663298 0.629477 0.600313 0.575056 0.553118 0.534030 0.517422 0.502990 0.490491 0.479726 0.470533 0.462779 0.456358 0.451185 0.447193 0.444333 0.442568 0.441877 0.442252 0.443698 0.446232 0.449885 0.454702 0.460746 0.468096 0.476851 0.487136 0.499103 0.512940 0.528877 0.547195 0.568247 0.592468 0.620406 0.652760 0.690430 0.734591 0.786812 0.849229 0.924822 1.000000 0.898858 11184.000000 1.310919 0.588277
0.659240 0.630128 0.604874 0.582917 0.563808 0.547189 0.532769 0.520310 0.509620 0.500542 0.492949 0.486738 0.481828 0.478156 0.475677 0.474360 0.474190 0.475165 0.477295 0.480608 0.485144 0.490960 0.498133 0.506757 0.516952 0.528866 0.542680 0.558617 0.576950 0.598018 0.622237 0.650134 0.682371 0.719796 0.763511 0.814968 0.876127 0.949683 0.959337 0.854242 0.771575 0.705044 0.650519 0.605176 0.567018 0.534599 0.506841 0.482929 0.462236 0.444269 0.428641 0.415041 0.403218 0.392971 0.384135 0.376574 0.370180 0.364864 0.360554 0.357196 0.354746 0.353175 0.352463 0.352601 0.353592 0.355447 0.358190 0.361853 0.366484 0.372143 0.378907 0.386871 0.396151 0.406892 0.419270 0.433502 0.449855 0.468664 0.490348 0.515437 0.544614 0.578772 0.619092 0.667178 0.725257 0.796514 0.885665 1.000000 0.938155 0.865096 0.804391 0.753343 0.709996 0.672899 0.640953 0.613314 0.589321 0.568452 0.550291 0.534502 0.520814 0.509005 0.498895 0.490337 0.483212 0.477425 0.472901 0.469582 0.467428 0.466412 0.466521 0.467758 0.470137 0.473688 0.478454 0.484495 0.491892 0.500743 0.511172 0.523332 0.537412 0.553640 0.572301 0.593744 0.618404 0.646827 0.679705 0.692922 3400.500000 1.551411 0.561725
0.546122 0.540876 0.537011 0.534479 0.533250 0.533308 0.534655 0.537306 0.541293 0.546668 0.553497 0.561869 0.571898 0.583722 0.597516 0.613492 0.631909 0.653088 0.677425 0.705411 0.737662 0.774961 0.818308 0.869010 0.928795 1.000000 0.937372 0.862197 0.799968 0.747797 0.703606 0.665861 0.633408 0.605361 0.581034 0.559883 0.541476 0.525467 0.511574 0.499570 0.489267 0.480516 0.473191 0.467196 0.462450 0.458894 0.456484 0.455190 0.454996 0.455900 0.457914 0.461060 0.465379 0.470926 0.477770 0.486005 0.495744 0.500961 0.498796 0.497844 0.498093 0.499547 0.502222 0.506153 0.511387 0.517991 0.526052 0.535679 0.547007 0.560203 0.575472 0.593066 0.613294 0.636537 0.663273 0.694099 0.729773 0.771272 0.819870 0.877258 0.945736 0.897448 0.848676 0.806775 0.770586 0.739209 0.711934 0.688200 0.667554 0.649630 0.634130 0.620814 0.609484 0.599979 0.592171 0.585958 0.581259 0.578016 0.576189 0.575757 0.576713 0.579071 0.582857 0.588119 0.594924 0.586398 0.575869 0.567052 0.559831 0.554109 0.549813 0.546892 0.545307 0.545042 0.546091 0.548469 0.552203 0.557341 0.563946 0.572104 0.581925 0.593543 0.607127 0.596180 0.582572 0.570917 0.561044 0.552816 1880.000000 1.471524 0.709760
0.682230 0.687880 0.695314 0.704627 0.715940 0.729408 0.745223 0.763619 0.784885 0.809375 0.837525 0.869875 0.906830 0.886212 0.868556 0.853607 0.841156 0.831036 0.823116 0.817296 0.813504 0.811693 0.811841 0.813951 0.818048 0.824182 0.832429 0.842894 0.847760 0.825661 0.806578 0.790218 0.776341 0.764754 0.755301 0.747858 0.742331 0.738652 0.736775 0.736678 0.738359 0.741840 0.747162 0.754391 0.763619 0.774966 0.788584 0.804662 0.823434 0.845188 0.870276 0.872543 0.857394 0.844763 0.834479 0.826410 0.820453 0.816534 0.814606 0.814645 0.816651 0.820649 0.826687 0.834841 0.845215 0.857942 0.873194 0.891184 0.912174 0.905195 0.877271 0.853012 0.832010 0.813930 0.798502 0.785505 0.774761 0.766128 0.759494 0.754777 0.751919 0.750884 0.747955 0.740584 0.735111 0.731468 0.729609 0.729513 0.731178 0.734625 0.739895 0.747054 0.756193 0.767429 0.780914 0.796836 0.815425 0.812054 0.803277 0.796586 0.791898 0.789155 0.788323 0.789393 0.792377 0.797312 0.804258 0.813303 0.824563 0.838186 0.854360 0.873316 0.895338 0.920775 0.950055 0.983707 1.000000 0.941603 0.891680 0.848725 0.811584 0.779357 0.751332 0.726943 0.705734 0.687337 0.676019 0.678292 1187.500000 1.123692 0.863174
0.724994 0.718806 0.714429 0.711810 0.710916 0.711736 0.714282 0.718583 0.724693 0.732687 0.742669 0.754771 0.769156 0.786032 0.805648 0.828316 0.854414 0.884410 0.918883 0.958555 1.000000 0.960058 0.925328 0.895104 0.868819 0.846014 0.826314 0.809417 0.795075 0.783085 0.773287 0.765552 0.759783 0.755908 0.753879 0.753671 0.755283 0.758733 0.764065 0.771343 0.780659 0.792136 0.797721 0.778588 0.762145 0.748147 0.736396 0.726732 0.719029 0.713187 0.709133 0.706819 0.706216 0.707316 0.710133 0.714701 0.721077 0.729340 0.739598 0.751985 0.766673 0.783872 0.803842 0.826900 0.853436 0.883932 0.918984 0.938609 0.905267 0.876252 0.851025 0.829151 0.810277 0.794114 0.780426 0.769024 0.759753 0.752495 0.747157 0.743673 0.742001 0.742120 0.744032 0.747760 0.753350 0.760870 0.770417 0.782114 0.796120 0.812630 0.831886 0.839380 0.824913 0.812861 0.803063 0.795392 0.789751 0.786069 0.784302 0.784429 0.786451 0.790392 0.796301 0.804251 0.814343 0.826708 0.841513 0.858965 0.879320 0.892502 0.863015 0.837366 0.815105 0.795865 0.779346 0.765306 0.753545 0.743906 0.736261 0.730514 0.726592 0.724449 0.724057 0.725413 0.728531 0.733452 0.740234 0.733071 2174.500000 1.059323 0.870278
0.754540 0.776709 0.802211 0.795798 0.776665 0.760218 0.746214 0.734454 0.724778 0.717059 0.711197 0.707121 0.704779 0.704143 0.705205 0.707980 0.712499 0.718819 0.727019 0.737205 0.749512 0.764109 0.781205 0.801057 0.823982 0.850367 0.880688 0.915540 0.955660 0.924417 0.878782 0.839369 0.805195 0.775490 0.749641 0.727154 0.707633 0.690753 0.676250 0.663911 0.653560 0.645057 0.638290 0.633173 0.629643 0.627655 0.627186 0.628231 0.630800 0.634927 0.640662 0.648077 0.657267 0.668355 0.681493 0.696871 0.714721 0.735327 0.759039 0.786289 0.817611 0.853675 0.895323 0.943633 1.000000 0.944415 0.896346 0.854893 0.818991 0.787803 0.760670 0.737059 0.716545 0.698779 0.683480 0.670417 0.659402 0.650285 0.642944 0.637286 0.633238 0.630751 0.629795 0.630358 0.632448 0.636088 0.641325 0.648223 0.656871 0.667383 0.679900 0.694602 0.711706 0.731480 0.754254 0.780432 0.810515 0.845127 0.885055 0.931298 0.985144 0.963129 0.916330 0.875881 0.840792 0.810283 0.783732 0.760640 0.740604 0.723293 0.708441 0.695830 0.685281 0.676654 0.669834 0.664736 0.661296 0.659472 0.659242 0.660603 0.663572 0.668184 0.674497 0.682591 0.692570 0.704568 0.718751 0.735324 7440.000000 1.047877 0.762930
0.557221 0.547878 0.540123 0.533852 0.528985 0.525461 0.523235 0.522281 0.526091 0.544397 0.565433 0.589638 0.617563 0.649907 0.687575 0.731749 0.784008 0.846500 0.922233 0.980894 0.930838 0.887678 0.850300 0.817834 0.789588 0.765009 0.743652 0.725155 0.709222 0.695614 0.684136 0.674180 0.664922 0.657477 0.651750 0.647668 0.645182 0.644261 0.644894 0.647089 0.650872 0.656290 0.663410 0.672325 0.683150 0.696034 0.711159 0.728751 0.749085 0.772502 0.799418 0.830349 0.865941 0.907003 0.954568 0.934239 0.889555 0.850907 0.817365 0.788193 0.762806 0.740732 0.721590 0.705067 0.690912 0.678917 0.668916 0.660773 0.654384 0.649668 0.646565 0.645039 0.645070 0.646659 0.649570 0.645012 0.642052 0.640657 0.640807 0.642506 0.645774 0.650651 0.657197 0.665496 0.675656 0.687813 0.702139 0.718842 0.738182 0.760473 0.759055 0.745059 0.733305 0.723632 0.715913 0.710050 0.705968 0.703619 0.702973 0.704023 0.706782 0.711282 0.717580 0.725754 0.735910 0.748182 0.762740 0.779791 0.799591 0.822457 0.848774 0.879018 0.913781 0.953798 1.000000 0.958162 0.891916 0.836123 0.788686 0.748049 0.713028 0.682710 0.656382 0.633479 0.613549 0.596227 0.581218 0.568281 4451.500000 1.024063 0.716596
0.924062 0.860770 0.807413 0.762013 0.723097 0.689542 0.660485 0.635245 0.613287 0.594180 0.577577 0.563196 0.550809 0.540228 0.531302 0.523908 0.517947 0.513344 0.510039 0.507992 0.507179 0.507590 0.509228 0.512116 0.516287 0.521793 0.528706 0.537116 0.547138 0.558912 0.572614 0.588458 0.606707 0.627685 0.651792 0.679526 0.711517 0.748560 0.791685 0.842235 0.902002 0.951039 0.884454 0.828448 0.780882 0.740167 0.705103 0.674762 0.648422 0.625512 0.605575 0.588242 0.573217 0.560256 0.549163 0.539775 0.531962 0.525621 0.520669 0.517043 0.514699 0.513607 0.513755 0.515145 0.517793 0.521732 0.527011 0.533696 0.541875 0.551659 0.563184 0.576619 0.592173 0.610100 0.630713 0.654399 0.681640 0.713039 0.749364 0.791598 0.841023 0.899343 0.968861 0.981679 0.903851 0.839330 0.785173 0.739254 0.700003 0.666233 0.637036 0.611702 0.589673 0.570501 0.553829 0.539367 0.526877 0.516168 0.507083 0.499495 0.493302 0.488422 0.484795 0.482374 0.481131 0.481051 0.482131 0.484386 0.487843 0.492545 0.498551 0.505939 0.514808 0.525282 0.537513 0.551687 0.568035 0.586838 0.608445 0.633288 0.661908 0.694991 0.733414 0.778320 0.831217 0.894139 0.969895 1.000000 6229.500000 1.085326 0.603074
0.523002 0.518273 0.514857 0.512713 0.511815 0.512152 0.513728 0.516562 0.536070 0.560603 0.588975 0.621950 0.660523 0.706010 0.760192 0.825535 0.905555 1.000000 0.969026 0.942115 0.918812 0.898747 0.881618 0.867180 0.855234 0.845622 0.838221 0.832938 0.829707 0.828489 0.829270 0.832058 0.836888 0.843819 0.852939 0.851142 0.814961 0.783541 0.756208 0.732423 0.711751 0.693839 0.678401 0.665202 0.654053 0.644799 0.637318 0.631512 0.627308 0.624655 0.623520 0.623889 0.625767 0.629177 0.634160 0.630881 0.623263 0.617296 0.612905 0.610035 0.608651 0.608737 0.610293 0.613339 0.617911 0.624066 0.631883 0.641463 0.652936 0.666461 0.682236 0.700505 0.721566 0.745784 0.763167 0.761072 0.760817 0.762398 0.765835 0.771168 0.778465 0.787818 0.799347 0.813207 0.829589 0.848732 0.870927 0.896532 0.925986 0.918564 0.884749 0.855323 0.829725 0.807504 0.788292 0.771788 0.757750 0.745978 0.736313 0.728628 0.722825 0.718832 0.716600 0.716102 0.717331 0.720302 0.725052 0.731640 0.740147 0.750685 0.763393 0.778446 0.796061 0.816504 0.817889 0.771621 0.731976 0.697805 0.668220 0.642526 0.620174 0.600724 0.583820 0.569175 0.556555 0.545768 0.536660 0.529105 1180.500000 1.297956 0.789570
0.937349 0.912526 0.891074 0.872662 0.857019 0.843924 0.833199 0.824706 0.818336 0.814009 0.811674 0.811300 0.812884 0.816445 0.804905 0.789358 0.776234 0.765353 0.756571 0.749773 0.744875 0.741816 0.740559 0.741089 0.743411 0.747555 0.753571 0.761534 0.771545 0.783737 0.798273 0.815361 0.835253 0.858258 0.863378 0.847776 0.834703 0.823981 0.815472 0.809065 0.804682 0.802268 0.801795 0.803256 0.806669 0.812076 0.819544 0.829167 0.841068 0.855407 0.872381 0.892236 0.915272 0.941858 0.972447 1.000000 0.968179 0.940517 0.916539 0.895857 0.878157 0.863182 0.850724 0.840617 0.832730 0.826963 0.823246 0.821531 0.821800 0.824055 0.828323 0.834656 0.843134 0.853865 0.866987 0.882679 0.899879 0.876420 0.856164 0.838798 0.824069 0.811769 0.801735 0.793834 0.787968 0.784062 0.782070 0.781967 0.783752 0.787446 0.793096 0.800769 0.790162 0.778618 0.769232 0.761884 0.756481 0.752954 0.751262 0.751383 0.753320 0.757095 0.762755 0.770370 0.780037 0.791881 0.806062 0.822779 0.842277 0.864854 0.890881 0.897122 0.887788 0.880746 0.875908 0.873215 0.872635 0.874160 0.877808 0.883625 0.891682 0.902081 0.914955 0.930475 0.948857 0.970365 0.995323 0.965953 2268.500000 1.125547 0.909403
0.776208 0.745742 0.719244 0.696184 0.676136 0.658752 0.643752 0.630906 0.620027 0.610963 0.603594 0.597824 0.593579 0.590808 0.589476 0.589567 0.591082 0.594040 0.598476 0.604446 0.612026 0.615864 0.620540 0.626810 0.634752 0.644471 0.656097 0.669794 0.685761 0.704247 0.725554 0.750053 0.778205 0.810581 0.847900 0.891071 0.941263 1.000000 0.973424 0.934885 0.901370 0.872204 0.846842 0.824844 0.805852 0.789575 0.775774 0.764256 0.754868 0.747486 0.742018 0.738395 0.736573 0.729188 0.705769 0.685407 0.667751 0.652514 0.639462 0.628407 0.619195 0.611700 0.605827 0.601501 0.598668 0.597294 0.597305 0.598655 0.601464 0.605765 0.611612 0.619078 0.628262 0.639286 0.652303 0.667502 0.685117 0.705431 0.722576 0.721277 0.721719 0.723907 0.727867 0.733647 0.741320 0.750984 0.762765 0.776822 0.793355 0.812606 0.834877 0.860534 0.890030 0.879419 0.847360 0.819461 0.795195 0.774136 0.755938 0.740318 0.727047 0.715938 0.706840 0.699635 0.694231 0.690560 0.688579 0.688262 0.689605 0.692626 0.694875 0.694796 0.696394 0.699689 0.704722 0.711553 0.720271 0.730988 0.743848 0.759029 0.776753 0.797292 0.820978 0.848220 0.879523 0.899005 0.851880 0.811307 1712.000000 1.154570 0.816513
0.725336 0.701279 0.680353 0.662188 0.646485 0.632999 0.621531 0.611920 0.604034 0.597770 0.593049 0.589812 0.588018 0.587647 0.588694 0.591171 0.595109 0.600557 0.607582 0.616275 0.626753 0.639160 0.653675 0.670516 0.689955 0.712322 0.738025 0.767571 0.801593 0.840890 0.886485 0.939701 1.000000 0.936626 0.882805 0.836740 0.797069 0.762744 0.732946 0.707028 0.684473 0.664864 0.647865 0.633201 0.620649 0.610025 0.601183 0.594004 0.588395 0.584286 0.581625 0.580380 0.580536 0.582095 0.585075 0.589514 0.595466 0.603007 0.612235 0.623275 0.636282 0.651445 0.669000 0.689234 0.712500 0.739235 0.769981 0.805421 0.846417 0.855126 0.820861 0.791069 0.765143 0.742594 0.723028 0.706124 0.691620 0.679304 0.669002 0.660576 0.653915 0.648935 0.645574 0.643790 0.643562 0.644887 0.647782 0.652281 0.658441 0.666338 0.676076 0.687784 0.701625 0.717799 0.736552 0.758188 0.783076 0.811676 0.833583 0.804161 0.778556 0.756298 0.737003 0.720360 0.706116 0.694064 0.684037 0.675900 0.669549 0.664903 0.661904 0.660517 0.660723 0.662527 0.665949 0.671031 0.677838 0.686454 0.696993 0.709597 0.724442 0.741747 0.761780 0.784867 0.811413 0.821455 0.784783 0.752981 6898.000000 1.116241 0.767276
0.948964 0.992621 0.953040 0.914378 0.880769 0.851522 0.826081 0.803997 0.784904 0.768506 0.754560 0.742868 0.733273 0.725648 0.719897 0.715947 0.713751 0.713281 0.714532 0.717519 0.722278 0.728869 0.737373 0.747902 0.760594 0.775626 0.793213 0.813621 0.837178 0.864284 0.862081 0.842765 0.826242 0.812275 0.800668 0.791268 0.783953 0.778630 0.775234 0.773724 0.774080 0.776308 0.780435 0.786510 0.794610 0.804838 0.817327 0.832246 0.823613 0.800540 0.780554 0.763335 0.748624 0.736210 0.725921 0.717620 0.711201 0.706583 0.703709 0.702544 0.703074 0.705305 0.709265 0.715001 0.722585 0.732116 0.743716 0.757544 0.773796 0.792712 0.814587 0.839785 0.868751 0.902038 0.940332 0.984498 1.000000 0.955394 0.916712 0.883085 0.853822 0.828367 0.806273 0.787173 0.770772 0.756826 0.745139 0.735552 0.727941 0.722207 0.718280 0.716111 0.715674 0.716964 0.719996 0.724808 0.731458 0.740031 0.750637 0.763417 0.778548 0.796247 0.816784 0.819681 0.798712 0.780624 0.765138 0.752032 0.741122 0.732264 0.725341 0.720267 0.716979 0.715436 0.715621 0.717534 0.721200 0.726663 0.733991 0.743277 0.754643 0.768241 0.784262 0.802941 0.824566 0.849492 0.878153 0.911088 4195.000000 1.037573 0.840018
0.354403 0.359914 0.366496 0.374241 0.383264 0.393705 0.405736 0.419567 0.435461 0.453742 0.474820 0.499213 0.527587 0.560814 0.600051 0.646865 0.703441 0.772903 0.784154 0.764078 0.746758 0.731930 0.719379 0.708930 0.700444 0.693810 0.688945 0.685788 0.684301 0.684466 0.686284 0.689779 0.674877 0.659492 0.646315 0.635154 0.625854 0.618291 0.612365 0.608004 0.605151 0.603773 0.603852 0.605391 0.608406 0.612936 0.619036 0.626784 0.636280 0.647654 0.661062 0.676702 0.694815 0.715696 0.739707 0.767299 0.733053 0.695740 0.663563 0.635695 0.611487 0.590425 0.572098 0.556174 0.542384 0.530508 0.520368 0.511818 0.504741 0.499043 0.494774 0.492017 0.490465 0.490100 0.490917 0.492927 0.496153 0.500636 0.506431 0.513615 0.521425 0.519733 0.519298 0.520116 0.522197 0.525566 0.530264 0.536351 0.543905 0.553026 0.563839 0.576501 0.591201 0.608173 0.627707 0.650154 0.675956 0.687794 0.699990 0.714379 0.731170 0.750621 0.773049 0.798843 0.828481 0.862562 0.901832 0.947240 1.000000 0.911188 0.786570 0.693408 0.621315 0.564032 0.517561 0.479232 0.447191 0.420115 0.397033 0.377216 0.360110 0.345283 0.340642 0.340809 0.341800 0.343627 0.346312 0.349889 14665.000000 1.236612 0.662958
0.521097 0.520777 0.521715 0.523920 0.527420 0.532258 0.538494 0.546211 0.555509 0.566517 0.579395 0.594337 0.611582 0.631425 0.654228 0.680439 0.710622 0.745487 0.785940 0.833158 0.843622 0.817795 0.795362 0.775945 0.759240 0.744996 0.733009 0.723117 0.715188 0.709121 0.704840 0.702292 0.701446 0.702292 0.704840 0.709121 0.715188 0.723117 0.733009 0.744996 0.751515 0.707042 0.669060 0.636406 0.608188 0.583712 0.562433 0.543915 0.527808 0.513831 0.501752 0.491384 0.482576 0.475202 0.469163 0.464381 0.460794 0.458358 0.457042 0.456832 0.457724 0.459729 0.462872 0.467191 0.472741 0.479595 0.487842 0.497597 0.502392 0.506349 0.511612 0.518247 0.526340 0.536003 0.547370 0.560610 0.575927 0.593576 0.613866 0.637181 0.664000 0.694924 0.730715 0.772355 0.821125 0.878729 0.947480 1.000000 0.935007 0.879937 0.832889 0.792428 0.757457 0.727119 0.700741 0.677786 0.657821 0.640498 0.625532 0.612692 0.601789 0.592670 0.585212 0.579317 0.574912 0.571940 0.570366 0.570171 0.571351 0.573922 0.577915 0.583378 0.589969 0.573768 0.559745 0.547680 0.537391 0.528732 0.521584 0.515852 0.511464 0.508365 0.506516 0.505894 0.506493 0.508319 0.511395 0.515758 1831.000000 1.455114 0.753893
0.948131 0.925211 0.905504 0.888714 0.874605 0.862982 0.853695 0.846623 0.841678 0.838800 0.837953 0.839128 0.842338 0.847622 0.855046 0.864703 0.845014 0.823838 0.805591 0.789997 0.776831 0.765912 0.757093 0.750263 0.745334 0.742246 0.740961 0.741464 0.743760 0.747878 0.753868 0.761805 0.771790 0.783954 0.798462 0.815518 0.835376 0.858344 0.860621 0.857598 0.856653 0.857774 0.860975 0.866295 0.873800 0.883582 0.895769 0.910520 0.928039 0.948575 0.972436 1.000000 0.995247 0.964778 0.938313 0.915407 0.895699 0.878894 0.864754 0.853084 0.843730 0.836573 0.831522 0.828516 0.827518 0.828516 0.831522 0.836573 0.843730 0.836203 0.830649 0.827148 0.825656 0.826157 0.828656 0.833184 0.839795 0.848573 0.859629 0.873108 0.889193 0.899998 0.873507 0.850522 0.830665 0.813629 0.799165 0.787069 0.777178 0.769363 0.763525 0.759591 0.757513 0.757265 0.758846 0.762272 0.767588 0.774127 0.779695 0.787253 0.796899 0.808756 0.822983 0.839780 0.859390 0.882113 0.908319 0.938459 0.963005 0.939984 0.920203 0.903369 0.889244 0.877635 0.868391 0.861393 0.856554 0.853814 0.853141 0.854525 0.857985 0.863561 0.871323 0.881369 0.893827 0.908863 0.926685 0.947548 1767.000000 1.092775 0.910141
0.953817 1.000000 0.984369 0.947361 0.915160 0.887143 0.862807 0.841744 0.823622 0.808170 0.795167 0.784436 0.775835 0.769254 0.764610 0.761845 0.760928 0.761845 0.762169 0.760582 0.760830 0.762918 0.766869 0.772733 0.780582 0.790516 0.802665 0.817193 0.834303 0.841147 0.806334 0.776084 0.749762 0.726861 0.706969 0.689755 0.674947 0.662323 0.651704 0.642945 0.635929 0.630568 0.626794 0.624560 0.623840 0.624624 0.626923 0.630764 0.636194 0.643282 0.649294 0.655430 0.663296 0.672995 0.684655 0.698439 0.714545 0.733221 0.754766 0.779550 0.808030 0.840772 0.878485 0.895520 0.882724 0.872360 0.864295 0.858427 0.854682 0.853017 0.853410 0.855866 0.860415 0.867113 0.876042 0.887318 0.901087 0.917535 0.936893 0.959448 0.985548 0.948390 0.895345 0.849858 0.810628 0.776648 0.747130 0.721448 0.699101 0.679685 0.662873 0.648396 0.636037 0.625620 0.617001 0.610066 0.605633 0.603072 0.601976 0.602333 0.604146 0.607438 0.612249 0.618640 0.626690 0.636507 0.648223 0.662002 0.678049 0.696614 0.710221 0.706131 0.703774 0.703121 0.704164 0.706916 0.711409 0.717701 0.725869 0.736018 0.748284 0.762834 0.779877 0.799670 0.822527 0.848834 0.879066 0.913815 688.000000 1.227297 0.834129
0.830108 0.816334 0.804917 0.795706 0.788581 0.783453 0.780259 0.778960 0.779541 0.782007 0.786390 0.792742 0.801144 0.811702 0.824555 0.839878 0.857887 0.878848 0.903090 0.931013 0.963113 1.000000 0.939171 0.869003 0.810408 0.760933 0.718783 0.682616 0.651408 0.624368 0.600873 0.580429 0.562642 0.547191 0.533818 0.522312 0.512499 0.504241 0.497424 0.491958 0.487774 0.484818 0.483054 0.482461 0.486418 0.491983 0.498894 0.507240 0.517138 0.528729 0.542187 0.557727 0.575612 0.596166 0.619790 0.646987 0.678390 0.714806 0.757282 0.807192 0.815069 0.818640 0.824236 0.831927 0.841811 0.854014 0.868700 0.886072 0.906380 0.929935 0.957113 0.964564 0.931706 0.903117 0.878284 0.856788 0.838291 0.822515 0.809235 0.798270 0.789475 0.782736 0.777970 0.775117 0.774144 0.775038 0.776148 0.745467 0.718784 0.695564 0.675373 0.657861 0.642744 0.629789 0.618807 0.609645 0.602180 0.596315 0.591975 0.589107 0.587676 0.587664 0.589070 0.591914 0.596228 0.602066 0.609503 0.613897 0.610795 0.609185 0.609047 0.610378 0.613196 0.617535 0.623449 0.631011 0.640321 0.651503 0.664712 0.680140 0.698023 0.718649 0.742375 0.769638 0.800983 0.837093 0.865532 0.846429 5765.000000 1.343470 0.797035
0.876083 0.895633 0.868399 0.844747 0.824283 0.806684 0.791688 0.779082 0.768695 0.760388 0.754056 0.749620 0.747024 0.746238 0.747253 0.750079 0.754752 0.761329 0.769893 0.780553 0.793452 0.808764 0.826711 0.847560 0.871641 0.899362 0.931220 0.925099 0.856050 0.798382 0.749686 0.708197 0.672594 0.641872 0.615251 0.592121 0.571994 0.554483 0.539272 0.526108 0.514781 0.505123 0.505040 0.508161 0.512563 0.518301 0.525450 0.534103 0.544379 0.556426 0.570422 0.586591 0.605204 0.626595 0.651180 0.679477 0.712139 0.749998 0.794128 0.845941 0.907326 0.980864 1.000000 0.959555 0.924395 0.893797 0.867182 0.844081 0.824113 0.806967 0.792390 0.780176 0.770161 0.762212 0.756229 0.752136 0.749885 0.749447 0.750818 0.754013 0.759072 0.766058 0.775057 0.786188 0.799597 0.815470 0.809140 0.782933 0.760144 0.740377 0.723311 0.708682 0.696278 0.685924 0.677482 0.670842 0.665919 0.662653 0.661004 0.660950 0.662493 0.665651 0.670461 0.676984 0.685303 0.695525 0.707788 0.701260 0.690776 0.682221 0.675482 0.670475 0.667137 0.665427 0.665324 0.666828 0.669956 0.674747 0.681259 0.689576 0.699806 0.712085 0.726584 0.743514 0.763135 0.785763 0.811790 0.841697 781.500000 1.087711 0.770530
0.604739 0.600265 0.597284 0.595761 0.595677 0.597032 0.599840 0.604138 0.609978 0.617434 0.626602 0.637606 0.649029 0.652445 0.657488 0.664223 0.672735 0.683135 0.695564 0.710196 0.727246 0.746979 0.769718 0.795863 0.825907 0.860462 0.900298 0.946392 1.000000 0.956658 0.910310 0.870244 0.835485 0.805261 0.778958 0.756083 0.736237 0.719094 0.704389 0.691907 0.681473 0.672946 0.666215 0.661194 0.657822 0.656056 0.655875 0.657278 0.660280 0.645974 0.627803 0.612060 0.598494 0.586900 0.577110 0.568990 0.562431 0.557349 0.553680 0.551379 0.550417 0.550783 0.552481 0.555533 0.559975 0.565862 0.573271 0.582297 0.592862 0.605143 0.619467 0.636055 0.655178 0.677168 0.702436 0.731494 0.764983 0.803713 0.848729 0.901386 0.963485 0.935902 0.897087 0.863361 0.834015 0.808482 0.786304 0.767108 0.750593 0.736511 0.724662 0.714882 0.707043 0.701046 0.696813 0.694294 0.693458 0.694294 0.696813 0.701046 0.702360 0.699927 0.699189 0.700137 0.702784 0.707161 0.713322 0.721344 0.731331 0.743414 0.750313 0.735094 0.722186 0.711407 0.702613 0.695689 0.690548 0.687125 0.685380 0.685289 0.686853 0.685573 0.667694 0.652255 0.639018 0.627790 0.618414 0.610764 1269.500000 1.178398 0.811336
0.816231 0.787139 0.761822 0.739809 0.720720 0.704245 0.690132 0.678176 0.668208 0.660097 0.653737 0.649046 0.645967 0.644463 0.644515 0.646123 0.649308 0.654108 0.660583 0.668814 0.678909 0.691004 0.703908 0.691349 0.680841 0.672244 0.665444 0.660355 0.656913 0.655078 0.654826 0.656154 0.659078 0.663635 0.669880 0.677893 0.687776 0.699662 0.713716 0.730142 0.749188 0.771162 0.796441 0.825490 0.829445 0.819818 0.812346 0.806935 0.803519 0.802056 0.802528 0.804941 0.809324 0.815731 0.824241 0.834964 0.848039 0.863645 0.881999 0.903375 0.928104 0.956594 0.989348 0.982491 0.912438 0.853630 0.803762 0.761132 0.724453 0.692739 0.665221 0.641291 0.620466 0.602356 0.586647 0.573082 0.561452 0.551587 0.543349 0.536627 0.531334 0.527403 0.524784 0.523446 0.523372 0.524562 0.527572 0.532130 0.538074 0.545482 0.554451 0.565105 0.577594 0.592106 0.608872 0.628171 0.650353 0.675846 0.705187 0.739052 0.778305 0.824057 0.877770 0.941400 1.000000 0.962866 0.930552 0.902441 0.878031 0.856917 0.838768 0.823314 0.810336 0.799658 0.791138 0.784668 0.780168 0.777581 0.776877 0.778047 0.781105 0.786088 0.793058 0.802103 0.813338 0.826913 0.843014 0.849682 7672.500000 1.257666 0.793896
0.823122 0.757361 0.702899 0.657221 0.618516 0.585449 0.557012 0.532433 0.511110 0.492571 0.476437 0.462405 0.450229 0.439711 0.430686 0.423023 0.416615 0.411373 0.407231 0.404135 0.402048 0.400942 0.400806 0.401637 0.403445 0.406253 0.410095 0.415020 0.421091 0.428390 0.437018 0.447100 0.458789 0.472274 0.487787 0.505613 0.526106 0.549712 0.576990 0.608660 0.645654 0.689204 0.740968 0.803231 0.879231 0.973706 0.958320 0.885349 0.824550 0.773308 0.729717 0.692357 0.660150 0.632261 0.608038 0.586965 0.568628 0.552693 0.538889 0.526997 0.516836 0.508262 0.501154 0.495420 0.490985 0.487793 0.485806 0.484998 0.485360 0.486897 0.489626 0.493583 0.498815 0.505390 0.513393 0.522935 0.534149 0.547201 0.562297 0.579684 0.599672 0.622642 0.649067 0.679544 0.714831 0.755904 0.799198 0.752848 0.713204 0.679080 0.649566 0.623951 0.601674 0.582288 0.565431 0.550813 0.538195 0.527384 0.518223 0.510584 0.504365 0.499483 0.495879 0.493507 0.492337 0.492357 0.493565 0.495977 0.499623 0.504547 0.510812 0.518499 0.527712 0.538579 0.551259 0.565947 0.582881 0.602356 0.624735 0.650468 0.680121 0.714410 0.754253 0.800847 0.855773 0.921171 1.000000 0.903772 1585.500000 1.332350 0.585934
0.963423 1.000000 0.923197 0.859272 0.805441 0.759680 0.720481 0.686702 0.657462 0.632071 0.609982 0.590761 0.574055 0.559578 0.547100 0.536430 0.527414 0.519928 0.513873 0.509169 0.505758 0.503598 0.502661 0.502938 0.504431 0.507158 0.511153 0.516465 0.523163 0.531333 0.541087 0.552562 0.565927 0.581390 0.599205 0.619687 0.643223 0.670297 0.701513 0.737643 0.779677 0.828909 0.870179 0.815469 0.768974 0.729157 0.694852 0.665160 0.639379 0.616953 0.597437 0.580473 0.565772 0.553096 0.542254 0.533088 0.525472 0.519303 0.514503 0.511011 0.508783 0.507793 0.508028 0.509491 0.512200 0.516188 0.521505 0.528218 0.536416 0.546209 0.557734 0.571162 0.586701 0.604606 0.625192 0.648848 0.676057 0.707426 0.743728 0.785952 0.835393 0.893769 0.963413 0.990699 0.902271 0.830172 0.770461 0.720383 0.677951 0.641699 0.610524 0.583578 0.560203 0.539878 0.522191 0.506808 0.493461 0.481929 0.472036 0.463634 0.456608 0.450861 0.446319 0.442924 0.440634 0.439420 0.439269 0.440177 0.442157 0.445232 0.449441 0.454836 0.461487 0.469484 0.478937 0.489983 0.502790 0.517565 0.534562 0.554093 0.576547 0.602410 0.632297 0.666996 0.707527 0.755241 0.811952 0.880165 12074.000000 1.217921 0.595743
0.816208 0.762502 0.717048 0.678250 0.644909 0.616107 0.591131 0.569420 0.550526 0.534091 0.519825 0.507492 0.496900 0.487892 0.480342 0.474146 0.469225 0.465514 0.462969 0.461556 0.461261 0.462078 0.464018 0.467104 0.471375 0.476884 0.483703 0.491921 0.501653 0.513039 0.526251 0.541500 0.559047 0.579211 0.602389 0.629078 0.659906 0.695672 0.737417 0.786506 0.844778 0.914756 1.000000 0.941422 0.858905 0.791441 0.735446 0.688400 0.648479 0.614333 0.584943 0.559522 0.537459 0.518272 0.501574 0.487055 0.474464 0.463597 0.454286 0.446395 0.439816 0.434459 0.430255 0.427151 0.425108 0.424102 0.424120 0.425161 0.427240 0.430381 0.434624 0.440021 0.446644 0.454581 0.463943 0.474867 0.487521 0.502110 0.518888 0.538167 0.560336 0.585882 0.615423 0.649748 0.689889 0.737209 0.793552 0.861466 0.940926 0.874916 0.819405 0.772267 0.731925 0.697184 0.667127 0.641034 0.618340 0.598590 0.581420 0.566534 0.553692 0.542698 0.533392 0.525644 0.519352 0.514433 0.510826 0.508485 0.507383 0.507505 0.508853 0.511444 0.515309 0.520497 0.527073 0.535122 0.544755 0.556104 0.569337 0.584659 0.602318 0.622625 0.645959 0.672794 0.703724 0.739502 0.781096 0.829766 3329.000000 1.231542 0.594874
0.802682 0.772979 0.747131 0.724645 0.705123 0.688239 0.673730 0.661380 0.651015 0.642494 0.635705 0.630561 0.626998 0.624972 0.624459 0.625452 0.627963 0.632024 0.637683 0.645013 0.654107 0.665087 0.678103 0.693342 0.711034 0.731461 0.754970 0.781985 0.813038 0.848788 0.890069 0.937946 0.993797 1.000000 0.945699 0.899046 0.858751 0.823813 0.793443 0.767015 0.744025 0.724067 0.706810 0.691985 0.679372 0.668792 0.660103 0.653191 0.647966 0.644364 0.642341 0.641873 0.642952 0.645594 0.649829 0.655710 0.663311 0.672730 0.684092 0.697554 0.713309 0.731595 0.752705 0.776997 0.804913 0.837001 0.810012 0.784551 0.762423 0.743250 0.726725 0.712599 0.700667 0.690765 0.682761 0.676551 0.672058 0.669225 0.668019 0.668425 0.670447 0.674110 0.679460 0.686562 0.695508 0.706414 0.719429 0.734735 0.752559 0.773178 0.796933 0.824243 0.855625 0.891725 0.933352 0.932451 0.890427 0.853996 0.822333 0.794780 0.770810 0.749997 0.731996 0.716524 0.703353 0.692294 0.683198 0.675946 0.670444 0.666624 0.664439 0.663862 0.664886 0.667524 0.671809 0.677792 0.685548 0.695179 0.706811 0.720605 0.736757 0.755513 0.777169 0.802093 0.830736 0.863659 0.876274 0.836856 8157.500000 1.153093 0.774021
0.530771 0.529880 0.530267 0.531937 0.534910 0.539224 0.544930 0.552103 0.560837 0.571250 0.583489 0.597735 0.614211 0.633190 0.655008 0.680079 0.689709 0.687941 0.687835 0.689390 0.692624 0.697576 0.704310 0.712908 0.723484 0.736178 0.751168 0.768671 0.788955 0.812349 0.839256 0.870175 0.861044 0.840230 0.822332 0.807085 0.794271 0.783717 0.775282 0.768860 0.764370 0.761756 0.760987 0.762053 0.764968 0.769767 0.776509 0.785279 0.764749 0.732676 0.704816 0.680576 0.659483 0.641157 0.625288 0.611623 0.599957 0.590123 0.581985 0.575436 0.570392 0.566789 0.564583 0.563747 0.564270 0.566160 0.569439 0.574147 0.580344 0.588108 0.597542 0.607287 0.613849 0.622069 0.632056 0.643946 0.657907 0.674146 0.692920 0.714539 0.739390 0.767948 0.800807 0.792549 0.768794 0.748171 0.730339 0.715020 0.701986 0.691055 0.682076 0.674933 0.669535 0.665813 0.663722 0.663238 0.664353 0.667082 0.671458 0.687337 0.705734 0.726943 0.751332 0.779357 0.811584 0.848725 0.891680 0.941603 1.000000 0.951491 0.887874 0.834114 0.788284 0.748937 0.714973 0.685535 0.659952 0.637691 0.618324 0.601505 0.586953 0.574440 0.563779 0.554819 0.547438 0.541302 0.536447 0.532951 1336.500000 1.303493 0.790695
0.908507 0.897820 0.860584 0.828230 0.800078 0.775584 0.754308 0.735894 0.720051 0.706542 0.695174 0.685793 0.678273 0.672519 0.668459 0.666043 0.665240 0.666043 0.668459 0.672519 0.678273 0.685793 0.695174 0.706542 0.720051 0.735894 0.754308 0.775584 0.800078 0.828230 0.860584 0.897820 0.940792 0.990591 1.000000 0.952128 0.910724 0.874790 0.843540 0.816344 0.792697 0.772189 0.754487 0.739320 0.726466 0.715747 0.707017 0.700165 0.695103 0.691767 0.690119 0.690136 0.691821 0.695192 0.700292 0.707184 0.715954 0.726718 0.739619 0.754837 0.772596 0.793167 0.816885 0.844162 0.875505 0.911547 0.939232 0.897218 0.860788 0.829120 0.801561 0.777589 0.756780 0.738788 0.723334 0.710190 0.699168 0.690121 0.682929 0.677501 0.673769 0.671687 0.671230 0.672392 0.675188 0.679651 0.685837 0.693823 0.703713 0.715638 0.729762 0.746289 0.765469 0.787609 0.813084 0.842359 0.876010 0.914758 0.959510 0.975579 0.933761 0.897455 0.865874 0.838391 0.814501 0.793795 0.775937 0.760658 0.747736 0.736991 0.728280 0.721490 0.716536 0.713357 0.711913 0.712187 0.714182 0.717924 0.723456 0.730849 0.740196 0.751620 0.765274 0.781351 0.800086 0.821770 0.846760 0.875492 1575.000000 1.092684 0.781962
