0.843879 0.794065 0.751515 0.714927 0.683306 0.655877 0.632029 0.611275 0.593225 0.577561 0.564028 0.552414 0.542550 0.534296 0.527542 0.522198 0.518198 0.515490 0.514043 0.513839 0.514874 0.510931 0.505806 0.501980 0.499406 0.498051 0.497901 0.498952 0.501217 0.504725 0.509518 0.515657 0.523222 0.532313 0.543058 0.555611 0.570165 0.586953 0.606265 0.628457 0.653970 0.683358 0.679616 0.664774 0.652103 0.641423 0.632587 0.625476 0.620001 0.616093 0.613702 0.612801 0.613377 0.615439 0.619011 0.624137 0.630882 0.639330 0.649594 0.661814 0.676162 0.692852 0.712146 0.734366 0.759906 0.789256 0.823027 0.861987 0.860381 0.816427 0.778529 0.745711 0.717205 0.692405 0.670825 0.652073 0.635831 0.621840 0.609889 0.599807 0.591454 0.584720 0.579518 0.575783 0.573468 0.572545 0.560029 0.543960 0.530029 0.518011 0.507721 0.499011 0.491760 0.485870 0.481265 0.477887 0.475695 0.474660 0.474771 0.476030 0.478451 0.482063 0.486913 0.493061 0.500588 0.507610 0.509667 0.512981 0.517593 0.523562 0.530964 0.539898 0.550487 0.562882 0.577271 0.593883 0.613001 0.634970 0.660223 0.689296 0.722870 0.761811 0.807242 0.860640 0.923987 1.000000 0.972810 0.902680 4128.500000 1.402194 0.739040
0.783212 0.736596 0.696803 0.662603 0.633057 0.607434 0.585160 0.565776 0.548915 0.534280 0.521629 0.510766 0.501529 0.493789 0.487440 0.482400 0.478605 0.476006 0.474573 0.474287 0.475146 0.477160 0.480353 0.484764 0.490450 0.497483 0.505958 0.515991 0.527727 0.541344 0.557060 0.575142 0.595922 0.619808 0.647314 0.679087 0.715954 0.758986 0.809598 0.869686 0.941860 1.000000 0.910453 0.837478 0.777066 0.726415 0.683509 0.646861 0.615349 0.588116 0.564494 0.543956 0.526082 0.510537 0.497047 0.485391 0.475388 0.466891 0.459781 0.453961 0.449356 0.445907 0.443570 0.442318 0.442136 0.443020 0.444982 0.448045 0.452248 0.457644 0.464302 0.472311 0.481783 0.492853 0.505692 0.520504 0.537545 0.557127 0.579638 0.605566 0.635525 0.670300 0.710914 0.758713 0.815508 0.883797 0.954385 0.885885 0.828422 0.779724 0.738113 0.702324 0.671388 0.644549 0.621213 0.600905 0.583243 0.567918 0.554681 0.543325 0.533685 0.525626 0.519038 0.513835 0.509953 0.507341 0.505969 0.505820 0.506891 0.509196 0.512764 0.517637 0.523878 0.531568 0.540809 0.551730 0.564489 0.579280 0.596343 0.615970 0.638524 0.664454 0.694323 0.728842 0.768922 0.815746 0.870877 0.838281 1443.500000 1.169721 0.599052
0.848665 0.794580 0.748671 0.709393 0.675577 0.646325 0.620935 0.598852 0.579634 0.562926 0.548438 0.535936 0.525228 0.516158 0.508602 0.502456 0.497641 0.494097 0.491780 0.490660 0.490725 0.491976 0.494427 0.498109 0.503066 0.509364 0.517082 0.526325 0.537222 0.549933 0.564654 0.581623 0.601138 0.623562 0.649348 0.679066 0.713435 0.753381 0.800107 0.855208 0.920843 1.000000 0.927438 0.850396 0.786923 0.733912 0.689148 0.651009 0.618282 0.590040 0.565569 0.544307 0.525805 0.509708 0.495726 0.483624 0.473212 0.464334 0.456863 0.450698 0.445756 0.441975 0.439306 0.437718 0.437191 0.437718 0.439306 0.441975 0.445756 0.450698 0.456863 0.464334 0.473212 0.483624 0.495726 0.509708 0.525805 0.544307 0.565569 0.590040 0.618282 0.651009 0.689148 0.733912 0.786923 0.850396 0.927438 0.971218 0.898888 0.838464 0.787430 0.743941 0.706618 0.674408 0.646496 0.622242 0.601138 0.582776 0.566828 0.553026 0.541153 0.531032 0.522518 0.515495 0.509870 0.505572 0.502546 0.500755 0.500177 0.500806 0.502649 0.505729 0.510082 0.515765 0.522850 0.531430 0.541623 0.553574 0.567462 0.583507 0.601979 0.623208 0.647607 0.675688 0.708098 0.745661 0.789440 0.840833 1584.000000 1.192018 0.597570
0.656881 0.657673 0.660059 0.650075 0.622441 0.598443 0.577567 0.559401 0.543612 0.529931 0.518140 0.508060 0.499544 0.492476 0.486762 0.482328 0.479117 0.477091 0.476224 0.487186 0.508898 0.533982 0.563095 0.597086 0.637078 0.684579 0.741665 0.811271 0.897681 1.000000 0.950938 0.908551 0.871792 0.839837 0.812028 0.787839 0.766844 0.748695 0.733111 0.719861 0.708759 0.699654 0.692427 0.686986 0.683262 0.681212 0.680808 0.682048 0.684945 0.689534 0.695874 0.704043 0.693121 0.671902 0.653470 0.637518 0.623793 0.612090 0.602242 0.594114 0.587600 0.582615 0.579098 0.577004 0.576309 0.577004 0.579098 0.582615 0.587600 0.594114 0.602242 0.612090 0.623793 0.637518 0.653470 0.671902 0.693121 0.717510 0.745539 0.777797 0.815024 0.858166 0.908442 0.918772 0.850500 0.793451 0.745258 0.704183 0.668926 0.638497 0.612125 0.589209 0.569269 0.551921 0.536853 0.523815 0.512601 0.503043 0.501560 0.513974 0.528324 0.544847 0.563840 0.585667 0.610782 0.639758 0.673324 0.712417 0.758270 0.812523 0.877414 0.956073 0.928970 0.886537 0.849769 0.817822 0.790024 0.765837 0.744829 0.726646 0.711002 0.697663 0.686438 0.677175 0.669750 0.664068 0.660059 0.657673 1100.500000 1.153269 0.646157
0.714663 0.771971 0.841475 0.927186 1.000000 0.917456 0.849390 0.792504 0.744439 0.703470 0.668300 0.637944 0.611634 0.588772 0.568877 0.551569 0.536537 0.523531 0.512345 0.502813 0.494800 0.488196 0.482914 0.478886 0.476062 0.474407 0.473902 0.474540 0.476328 0.479290 0.483460 0.488891 0.495654 0.503837 0.513552 0.524940 0.538169 0.553451 0.571041 0.591258 0.614493 0.641237 0.672108 0.707893 0.749611 0.797372 0.751754 0.712698 0.679055 0.649940 0.624662 0.602674 0.583540 0.566907 0.552489 0.540056 0.529418 0.520420 0.512937 0.506871 0.502142 0.498691 0.496474 0.495466 0.495654 0.497039 0.499639 0.503486 0.508628 0.515129 0.523075 0.532573 0.543757 0.556791 0.571876 0.589261 0.609249 0.632218 0.658635 0.689089 0.724325 0.765302 0.813270 0.869889 0.937409 0.937243 0.849545 0.778570 0.720141 0.671374 0.630215 0.595162 0.565093 0.539152 0.516678 0.497153 0.480164 0.465383 0.452541 0.441425 0.431856 0.423693 0.416818 0.411138 0.406576 0.403075 0.400591 0.399092 0.398562 0.398992 0.400389 0.402770 0.406164 0.410613 0.416174 0.422920 0.430945 0.440361 0.451309 0.463962 0.478530 0.495275 0.514519 0.536664 0.562217 0.591821 0.626309 0.666771 1941.000000 1.329936 0.586208
0.929690 1.000000 0.896114 0.813557 0.746575 0.691322 0.645131 0.606095 0.572815 0.544242 0.519576 0.498197 0.479618 0.463451 0.449386 0.437172 0.426604 0.417518 0.409777 0.403272 0.397913 0.393631 0.390371 0.388091 0.386765 0.386375 0.386916 0.388397 0.390834 0.394257 0.398710 0.404250 0.410950 0.418902 0.428220 0.439043 0.451544 0.465932 0.482469 0.501475 0.523353 0.548608 0.577887 0.612025 0.652119 0.699639 0.711613 0.679709 0.652046 0.628000 0.607076 0.588873 0.573071 0.559407 0.547669 0.537681 0.529304 0.522423 0.516948 0.512809 0.509954 0.508349 0.507974 0.508825 0.510911 0.514258 0.518908 0.524919 0.532368 0.541355 0.552003 0.564465 0.578930 0.595629 0.614845 0.636927 0.662310 0.691534 0.725285 0.764436 0.810117 0.808109 0.734090 0.673981 0.624361 0.582854 0.547759 0.517827 0.492121 0.469924 0.450683 0.433960 0.419407 0.406747 0.395755 0.386247 0.378074 0.371116 0.365273 0.360466 0.356633 0.353723 0.351700 0.350541 0.350229 0.350763 0.352148 0.354401 0.357550 0.361635 0.366707 0.372835 0.380102 0.388614 0.398497 0.409909 0.423043 0.438137 0.455486 0.475459 0.498519 0.525260 0.556449 0.593095 0.636549 0.688665 0.752049 0.830486 7959.000000 1.531682 0.566027
0.617472 0.633235 0.651434 0.644003 0.625957 0.610325 0.596858 0.585352 0.575642 0.567593 0.561100 0.556078 0.552464 0.550214 0.549301 0.549712 0.551453 0.554546 0.559028 0.564955 0.572403 0.581469 0.592277 0.597332 0.603516 0.611318 0.620839 0.632208 0.645586 0.661170 0.679202 0.699978 0.723864 0.751312 0.782884 0.819286 0.861414 0.910423 0.967816 0.998328 0.905451 0.830214 0.768230 0.716465 0.672754 0.635513 0.603556 0.575980 0.552086 0.531325 0.513260 0.497542 0.483890 0.472074 0.461907 0.453237 0.445942 0.439921 0.435094 0.431401 0.428793 0.427241 0.426723 0.427235 0.428783 0.431384 0.432795 0.433194 0.434641 0.437155 0.440766 0.445520 0.451476 0.458714 0.467332 0.477453 0.489226 0.502836 0.518510 0.536527 0.557232 0.581055 0.608537 0.640368 0.677434 0.720899 0.772311 0.833782 0.908263 1.000000 0.973023 0.912827 0.861600 0.817683 0.779812 0.747015 0.718526 0.693740 0.672172 0.653432 0.637201 0.623223 0.611285 0.601218 0.592882 0.586166 0.580985 0.577274 0.574986 0.574093 0.574586 0.576469 0.579766 0.579703 0.572120 0.566080 0.561504 0.558335 0.556536 0.556083 0.556972 0.559213 0.562833 0.567878 0.574410 0.582514 0.592297 0.603894 18298.000000 1.459558 0.676197
0.655640 0.660487 0.667025 0.675337 0.678262 0.678778 0.680937 0.684764 0.690307 0.697636 0.706842 0.718048 0.731405 0.747102 0.765372 0.786500 0.810837 0.838814 0.870963 0.907949 0.950608 1.000000 0.927288 0.853964 0.793157 0.742103 0.698806 0.661789 0.629937 0.602396 0.578497 0.557714 0.539628 0.523900 0.510257 0.498478 0.488380 0.479816 0.472666 0.466835 0.462245 0.479422 0.501973 0.528086 0.558483 0.594113 0.636236 0.686568 0.747502 0.822481 0.916634 0.884492 0.851181 0.822196 0.796977 0.775071 0.756109 0.739793 0.725878 0.714165 0.704495 0.696739 0.690798 0.686598 0.684086 0.683233 0.682964 0.683738 0.686168 0.690284 0.696137 0.703801 0.713372 0.724979 0.738778 0.754967 0.773787 0.795535 0.820575 0.849355 0.882430 0.907534 0.853382 0.807163 0.767447 0.733139 0.703390 0.677530 0.655025 0.635449 0.618456 0.603765 0.591365 0.589009 0.588082 0.588574 0.590490 0.593855 0.598708 0.605111 0.613146 0.622918 0.634560 0.648237 0.664151 0.682553 0.703746 0.728109 0.756105 0.788316 0.825470 0.857968 0.824192 0.794816 0.769252 0.747024 0.727749 0.711113 0.696863 0.684789 0.674725 0.666535 0.660112 0.655376 0.652267 0.650748 0.650801 0.652425 1589.500000 1.076524 0.683145
0.883136 1.000000 0.890929 0.792476 0.715169 0.653037 0.602173 0.559911 0.524372 0.494195 0.468370 0.446131 0.426890 0.410187 0.395659 0.383017 0.372026 0.362496 0.354276 0.347237 0.341279 0.336319 0.332290 0.329139 0.326828 0.325328 0.324619 0.324694 0.325554 0.327208 0.329678 0.332994 0.337197 0.342344 0.348502 0.355759 0.364221 0.374018 0.385310 0.398295 0.413216 0.430375 0.450153 0.473030 0.499626 0.530745 0.567456 0.611204 0.663995 0.728689 0.750063 0.712186 0.679509 0.651200 0.626603 0.605202 0.586581 0.570405 0.556402 0.544350 0.534068 0.525409 0.518256 0.512512 0.508106 0.504980 0.503098 0.502435 0.502984 0.504752 0.507759 0.512044 0.517659 0.524677 0.533190 0.543315 0.555194 0.569006 0.584968 0.603347 0.624471 0.648748 0.676685 0.680605 0.628870 0.585756 0.549413 0.518492 0.491989 0.469138 0.449351 0.432164 0.417211 0.404200 0.392893 0.383100 0.374664 0.367457 0.361377 0.356339 0.352276 0.349137 0.346881 0.345482 0.344921 0.345192 0.346299 0.348255 0.351083 0.354819 0.359511 0.365221 0.372026 0.380021 0.389327 0.400088 0.412482 0.426730 0.443103 0.461940 0.483667 0.508824 0.538109 0.572435 0.613016 0.661505 0.720207 0.792438 3844.500000 1.653600 0.552707
0.827347 0.764070 0.711377 0.666986 0.629236 0.596891 0.569013 0.544877 0.523916 0.505681 0.489813 0.476023 0.464075 0.453778 0.444978 0.437546 0.431380 0.426399 0.422538 0.419748 0.417996 0.417259 0.417528 0.418808 0.421113 0.424472 0.428926 0.434533 0.441365 0.449517 0.459102 0.470262 0.483171 0.474820 0.466425 0.459408 0.453677 0.449155 0.445786 0.443527 0.442352 0.442245 0.443206 0.445247 0.448391 0.452678 0.458162 0.464915 0.473026 0.482609 0.493802 0.506777 0.521742 0.538957 0.558738 0.581480 0.607679 0.637959 0.673122 0.714208 0.762592 0.820127 0.889370 0.973946 0.920014 0.844790 0.782680 0.730718 0.686777 0.649296 0.617104 0.589307 0.565208 0.544263 0.526037 0.510181 0.496414 0.484507 0.474273 0.465561 0.458248 0.452233 0.447439 0.443802 0.441279 0.439838 0.439462 0.440146 0.441898 0.444740 0.448706 0.438731 0.427856 0.418490 0.410494 0.403751 0.398171 0.393678 0.390215 0.387738 0.386217 0.385633 0.385980 0.387260 0.389491 0.392700 0.396925 0.402223 0.408661 0.416328 0.425332 0.435808 0.447919 0.461867 0.477900 0.496325 0.517524 0.541978 0.570301 0.603280 0.641949 0.687686 0.742364 0.808605 0.890180 0.992721 1.000000 0.904426 13393.500000 2.215116 0.586042
0.931448 1.000000 0.948123 0.882800 0.827763 0.780957 0.740850 0.706280 0.676349 0.650354 0.627740 0.608062 0.590960 0.576144 0.563377 0.552465 0.543252 0.535611 0.529439 0.524657 0.521205 0.519041 0.518137 0.518484 0.520085 0.522959 0.527143 0.532688 0.539664 0.548164 0.558302 0.570222 0.584099 0.600151 0.618643 0.639901 0.664329 0.692431 0.683427 0.672371 0.663240 0.655913 0.650295 0.646316 0.643928 0.643101 0.643824 0.646108 0.649980 0.655487 0.662698 0.671705 0.682628 0.695616 0.710854 0.728568 0.749038 0.772607 0.799696 0.830829 0.866656 0.853968 0.811720 0.775235 0.743603 0.716109 0.692184 0.671370 0.653300 0.637673 0.624245 0.612816 0.603226 0.595343 0.589064 0.584310 0.581020 0.579154 0.578690 0.579622 0.581961 0.585736 0.590993 0.597799 0.606241 0.616431 0.628509 0.642649 0.659065 0.678017 0.699827 0.724892 0.753702 0.769179 0.734625 0.704666 0.678626 0.655966 0.636253 0.619139 0.604339 0.591622 0.580800 0.571719 0.564256 0.558313 0.553814 0.550704 0.548943 0.548510 0.549401 0.551626 0.555211 0.560202 0.566661 0.574672 0.584340 0.595799 0.609213 0.624785 0.642763 0.663452 0.687227 0.714556 0.746020 0.782354 0.824496 0.873661 5153.000000 1.314702 0.740306
0.882171 0.898054 0.844576 0.798926 0.759694 0.725801 0.696409 0.670859 0.648624 0.629283 0.612495 0.597983 0.585520 0.574923 0.566042 0.558757 0.552973 0.548615 0.545629 0.543979 0.543645 0.544622 0.546923 0.550575 0.555624 0.562134 0.570187 0.579892 0.591383 0.604824 0.591689 0.569941 0.551016 0.534554 0.520264 0.507910 0.497299 0.488275 0.480710 0.474501 0.469567 0.465846 0.463290 0.461870 0.461566 0.462376 0.464309 0.467389 0.471654 0.477158 0.483972 0.492185 0.501913 0.513294 0.526501 0.541745 0.559286 0.579444 0.602615 0.629295 0.660111 0.695863 0.737589 0.786654 0.844892 0.914822 1.000000 0.965112 0.887590 0.823433 0.769654 0.724107 0.685208 0.651765 0.622865 0.597799 0.576006 0.557041 0.540545 0.526230 0.513860 0.503242 0.494220 0.486668 0.480484 0.475586 0.471912 0.469417 0.468070 0.467854 0.468768 0.470821 0.474039 0.478463 0.484147 0.491165 0.499611 0.509602 0.521282 0.534828 0.550459 0.559479 0.549270 0.540707 0.533673 0.528075 0.523842 0.520922 0.519278 0.518891 0.519755 0.521881 0.525296 0.530041 0.536176 0.543780 0.552954 0.563824 0.576548 0.591316 0.608365 0.627983 0.650529 0.676444 0.706282 0.740741 0.780711 0.827348 1950.000000 1.700009 0.682922
0.933047 0.880909 0.836198 0.797635 0.764231 0.735213 0.709966 0.687998 0.668911 0.652384 0.638155 0.626009 0.615772 0.607304 0.600493 0.595251 0.591513 0.589231 0.588380 0.588947 0.590941 0.594385 0.599322 0.605813 0.613941 0.623814 0.635566 0.649363 0.665412 0.683963 0.705326 0.729882 0.747934 0.725558 0.706133 0.689340 0.674914 0.662643 0.652355 0.643908 0.637193 0.632123 0.628636 0.626689 0.626257 0.627337 0.629941 0.634100 0.639866 0.647312 0.656533 0.667653 0.680824 0.696237 0.714123 0.734770 0.758528 0.785830 0.817213 0.853348 0.895082 0.943499 1.000000 0.967427 0.909530 0.860126 0.817682 0.781022 0.749237 0.721607 0.697564 0.676649 0.658491 0.642791 0.629303 0.617827 0.608201 0.600294 0.594003 0.589247 0.585967 0.584123 0.583692 0.584670 0.587067 0.590913 0.596256 0.603163 0.611723 0.622050 0.634285 0.648605 0.665226 0.684414 0.706494 0.731869 0.761035 0.746701 0.724915 0.706016 0.689698 0.675707 0.663841 0.653932 0.645848 0.639483 0.634756 0.631609 0.630004 0.629920 0.631357 0.634333 0.638883 0.645064 0.652954 0.662656 0.674299 0.688046 0.704096 0.722697 0.744147 0.768819 0.797170 0.829766 0.867321 0.910735 0.961160 0.994291 3540.500000 1.344337 0.752952
0.717618 0.702249 0.689149 0.678133 0.669050 0.661781 0.656231 0.652333 0.650037 0.649316 0.650161 0.652582 0.656610 0.662293 0.669702 0.678934 0.690109 0.703381 0.709481 0.669345 0.634955 0.605313 0.579650 0.557362 0.537973 0.521100 0.506437 0.493733 0.482786 0.473429 0.465528 0.458974 0.453680 0.449578 0.446615 0.444755 0.445894 0.448859 0.452962 0.458254 0.464805 0.472701 0.482051 0.492991 0.505684 0.509460 0.512780 0.517397 0.523370 0.530777 0.539715 0.550308 0.562708 0.577102 0.593719 0.612842 0.634818 0.660078 0.689160 0.722745 0.761699 0.807148 0.860569 0.923945 1.000000 0.972736 0.901291 0.841512 0.790956 0.747830 0.710788 0.678800 0.651068 0.626964 0.605989 0.587742 0.571899 0.558198 0.546423 0.536400 0.527988 0.521071 0.515559 0.511381 0.499328 0.481460 0.465910 0.452389 0.440662 0.430539 0.421864 0.414510 0.408376 0.403378 0.400979 0.405534 0.411196 0.418040 0.426159 0.435671 0.446717 0.459474 0.474157 0.491031 0.510425 0.532751 0.558526 0.588412 0.623263 0.664203 0.712737 0.718255 0.708794 0.701247 0.695516 0.691531 0.689242 0.688621 0.689662 0.692376 0.696797 0.702980 0.711001 0.720964 0.733002 0.747279 0.756137 0.735487 13545.500000 1.304780 0.728007
0.831752 0.811863 0.794774 0.780229 0.768025 0.757994 0.750006 0.743958 0.739774 0.737404 0.736818 0.738010 0.740993 0.745805 0.752505 0.761176 0.771931 0.784912 0.800298 0.818310 0.839220 0.827157 0.790731 0.759128 0.731650 0.707737 0.686940 0.668896 0.653309 0.639939 0.628588 0.619099 0.611343 0.605219 0.600649 0.597577 0.594599 0.588538 0.583992 0.580904 0.579237 0.578970 0.580101 0.582642 0.586625 0.592099 0.599133 0.607818 0.618270 0.630633 0.645087 0.661851 0.681194 0.698388 0.709943 0.723660 0.739735 0.758409 0.779977 0.804804 0.833337 0.866130 0.903877 0.947451 0.997964 1.000000 0.958527 0.922490 0.891134 0.863853 0.840156 0.819646 0.802000 0.786953 0.774292 0.763843 0.755467 0.749059 0.744536 0.741845 0.740951 0.738551 0.717516 0.699284 0.683561 0.670109 0.658732 0.649273 0.641606 0.635631 0.631273 0.628478 0.627213 0.627460 0.629225 0.632527 0.626320 0.617737 0.610839 0.605535 0.601760 0.599467 0.598628 0.599233 0.601289 0.604821 0.609874 0.616508 0.624811 0.634891 0.646885 0.660964 0.677338 0.696263 0.714431 0.726155 0.740083 0.756413 0.775391 0.797315 0.822555 0.851563 0.884902 0.923272 0.946684 0.911691 0.881240 0.854751 878.500000 1.252979 0.832519
0.902752 0.926913 0.954765 0.986794 1.000000 0.951384 0.909365 0.872914 0.841222 0.813641 0.789654 0.768840 0.750857 0.735427 0.722324 0.711364 0.702398 0.695309 0.690008 0.686428 0.684525 0.684119 0.684334 0.686204 0.689750 0.695015 0.702066 0.710992 0.721910 0.734966 0.750344 0.768269 0.789020 0.812935 0.820663 0.802746 0.787451 0.774559 0.763893 0.755312 0.748705 0.743989 0.741107 0.740023 0.740723 0.743218 0.747536 0.753731 0.761880 0.772088 0.784489 0.799251 0.816585 0.827946 0.821551 0.817207 0.814861 0.814486 0.816076 0.819651 0.825254 0.832955 0.842850 0.855068 0.869772 0.887164 0.907498 0.931081 0.958292 0.981961 0.940125 0.903796 0.872194 0.844693 0.820790 0.800077 0.782222 0.766954 0.754052 0.743338 0.734670 0.727935 0.723048 0.719949 0.718601 0.718986 0.721110 0.724998 0.730698 0.738282 0.747845 0.759512 0.747812 0.734704 0.723761 0.714837 0.707814 0.702604 0.699142 0.697385 0.697314 0.698926 0.702241 0.707299 0.714164 0.722923 0.733688 0.746604 0.761852 0.779653 0.800280 0.824067 0.847357 0.834948 0.824856 0.816949 0.811128 0.807321 0.805481 0.805585 0.807635 0.811656 0.817697 0.825833 0.836167 0.848834 0.864004 0.881890 17731.500000 1.157901 0.873305
0.702622 0.690744 0.680874 0.672880 0.666660 0.662133 0.659246 0.657961 0.658264 0.660159 0.663668 0.668834 0.675723 0.684420 0.695041 0.692430 0.660452 0.632753 0.608692 0.587758 0.569542 0.553716 0.540011 0.528209 0.518134 0.509641 0.502613 0.496958 0.492601 0.489490 0.487585 0.486862 0.487315 0.488947 0.491778 0.495845 0.501196 0.519821 0.542435 0.568538 0.598796 0.634069 0.675487 0.724562 0.783360 0.854786 0.943044 1.000000 0.940528 0.889755 0.846118 0.808417 0.775722 0.747298 0.722564 0.701049 0.682374 0.666232 0.652372 0.640588 0.630715 0.622618 0.616193 0.611356 0.608049 0.606229 0.605876 0.606985 0.609568 0.613659 0.619307 0.616091 0.608349 0.602232 0.597662 0.594582 0.592955 0.592761 0.593998 0.592053 0.590077 0.589529 0.590404 0.592711 0.596479 0.601754 0.608602 0.617112 0.627396 0.639595 0.653885 0.670480 0.689645 0.687045 0.678298 0.671368 0.666167 0.662630 0.660714 0.660395 0.661669 0.664553 0.669081 0.675309 0.683316 0.685100 0.676199 0.669118 0.663766 0.660076 0.658004 0.657523 0.658629 0.661334 0.665672 0.671697 0.679483 0.689131 0.700770 0.714560 0.730699 0.749431 0.771055 0.795938 0.774131 0.752149 0.733098 0.716672 1815.500000 1.155719 0.778951
0.836347 0.816391 0.799245 0.784656 0.772418 0.762364 0.754363 0.748311 0.744135 0.741781 0.741223 0.742453 0.745486 0.750359 0.757132 0.765890 0.776746 0.789845 0.787723 0.771300 0.757335 0.745631 0.736029 0.728404 0.722658 0.718721 0.716542 0.716097 0.717380 0.720406 0.725211 0.731857 0.740425 0.751028 0.763805 0.778933 0.757103 0.738098 0.721720 0.707721 0.695899 0.686091 0.678167 0.672025 0.667587 0.664797 0.663624 0.664051 0.666084 0.669749 0.675089 0.682858 0.692983 0.705136 0.719488 0.736246 0.755667 0.778067 0.803830 0.833434 0.867472 0.906686 0.952016 1.000000 0.963747 0.932198 0.904760 0.880952 0.860384 0.842739 0.827758 0.815229 0.804984 0.796890 0.790843 0.786768 0.784615 0.784359 0.785995 0.789545 0.768532 0.747428 0.729161 0.713444 0.700041 0.688761 0.679449 0.671983 0.666267 0.662230 0.659821 0.659011 0.659791 0.662170 0.666177 0.671861 0.679293 0.688569 0.699811 0.701843 0.694745 0.689433 0.685842 0.683927 0.683665 0.685052 0.688107 0.692866 0.699387 0.707754 0.718074 0.730485 0.745160 0.762311 0.782198 0.805142 0.831537 0.850093 0.850484 0.852932 0.857466 0.864140 0.873039 0.884276 0.897998 0.914390 0.886009 0.859425 6505.500000 1.260287 0.883129
0.915774 0.874826 0.839318 0.808451 0.781591 0.758226 0.737943 0.720408 0.705346 0.692536 0.681795 0.672980 0.665973 0.660686 0.657053 0.655028 0.654589 0.655728 0.658461 0.662820 0.668859 0.676654 0.686306 0.697944 0.711726 0.727853 0.746568 0.768170 0.793027 0.821592 0.854426 0.892234 0.899284 0.860242 0.826356 0.796887 0.771240 0.748941 0.729604 0.712914 0.698616 0.686502 0.676402 0.668182 0.661734 0.656977 0.653852 0.652320 0.652363 0.653982 0.657197 0.662046 0.668589 0.676911 0.687118 0.699348 0.713772 0.730601 0.750094 0.772567 0.798411 0.828109 0.862258 0.901611 0.947118 1.000000 0.983620 0.932413 0.888308 0.850143 0.817009 0.788189 0.763108 0.741305 0.722405 0.706104 0.692153 0.680350 0.670531 0.662565 0.656348 0.651803 0.648873 0.647522 0.647733 0.649510 0.652874 0.657866 0.664549 0.673006 0.683349 0.695717 0.710284 0.727263 0.746918 0.769569 0.795614 0.825543 0.855727 0.827048 0.802100 0.780437 0.761701 0.745597 0.731887 0.720376 0.710908 0.703357 0.697629 0.693650 0.691373 0.690770 0.691832 0.694574 0.699028 0.705250 0.713318 0.723335 0.735434 0.749782 0.766584 0.786094 0.808622 0.834548 0.864344 0.898591 0.938017 0.963179 16058.000000 1.125402 0.776765
0.759107 0.758532 0.759786 0.762886 0.767869 0.774796 0.783754 0.794860 0.808259 0.824138 0.842724 0.864298 0.889204 0.917865 0.950801 0.988660 0.976323 0.947658 0.922787 0.901304 0.882877 0.867236 0.854161 0.843477 0.835043 0.828753 0.824529 0.822318 0.822095 0.823856 0.827622 0.833440 0.841382 0.851548 0.864070 0.879114 0.896891 0.917659 0.941733 0.969503 0.979475 0.942172 0.909718 0.881477 0.856940 0.835690 0.817391 0.801765 0.788590 0.777685 0.768904 0.762134 0.757291 0.754315 0.753170 0.753841 0.756338 0.754741 0.746176 0.739564 0.734824 0.731896 0.730744 0.731356 0.733737 0.737917 0.743948 0.751905 0.761889 0.774031 0.788497 0.805492 0.825267 0.848133 0.874468 0.904740 0.906312 0.891990 0.880201 0.870791 0.863638 0.858653 0.855776 0.854970 0.856227 0.859561 0.865014 0.872652 0.882570 0.894898 0.909798 0.927474 0.948181 0.972229 1.000000 0.975412 0.946084 0.920621 0.898600 0.879678 0.863574 0.850060 0.838953 0.830106 0.823407 0.818771 0.816143 0.815490 0.816804 0.820101 0.805700 0.791833 0.780282 0.770895 0.763548 0.758149 0.754631 0.752951 0.753089 0.755046 0.758847 0.764537 0.772187 0.781894 0.780186 0.771993 0.765797 0.761519 1862.500000 1.081273 0.889775
0.794452 0.782642 0.771358 0.762206 0.755066 0.749848 0.746488 0.744944 0.745199 0.747254 0.751135 0.756890 0.764589 0.774332 0.786245 0.800488 0.817262 0.836814 0.839495 0.790305 0.748264 0.712098 0.680832 0.653705 0.630116 0.609588 0.591735 0.576248 0.562872 0.551400 0.541666 0.533533 0.526891 0.521654 0.517754 0.515145 0.513793 0.513682 0.516399 0.527197 0.539785 0.554356 0.571151 0.590461 0.612651 0.638171 0.667587 0.701619 0.741188 0.787497 0.842143 0.907287 0.985928 1.000000 0.952778 0.911912 0.876432 0.845571 0.818714 0.795368 0.775132 0.757680 0.742747 0.730116 0.719612 0.711094 0.704453 0.699605 0.696490 0.695069 0.695326 0.697263 0.700904 0.706294 0.713500 0.722613 0.733753 0.722395 0.704786 0.689636 0.676720 0.665854 0.656888 0.649705 0.644213 0.640342 0.638046 0.637296 0.638083 0.640417 0.644325 0.649857 0.657082 0.666091 0.677005 0.676580 0.673074 0.671212 0.670972 0.672352 0.675368 0.680056 0.686476 0.694707 0.704857 0.717061 0.731488 0.748348 0.767897 0.790450 0.778189 0.762405 0.749017 0.737838 0.728717 0.721536 0.716204 0.712654 0.710843 0.710750 0.712372 0.715730 0.720865 0.727840 0.736743 0.747691 0.760829 0.776341 7609.000000 1.122355 0.802194
0.804173 0.780449 0.759862 0.742076 0.726814 0.713852 0.703008 0.694136 0.687120 0.681870 0.678322 0.676432 0.676177 0.677553 0.680578 0.685289 0.691743 0.700023 0.710235 0.722515 0.737035 0.754003 0.773680 0.796380 0.822495 0.852503 0.887002 0.926738 0.972654 0.991837 0.946055 0.906401 0.871953 0.841981 0.815902 0.793244 0.773623 0.756728 0.742306 0.730149 0.720091 0.711998 0.705767 0.701318 0.698598 0.697572 0.698229 0.700577 0.704644 0.710480 0.718158 0.727777 0.739462 0.753372 0.769707 0.788707 0.810672 0.835966 0.865041 0.898454 0.936899 0.919583 0.879778 0.845228 0.815178 0.789028 0.766291 0.746577 0.729565 0.714995 0.702655 0.692374 0.684013 0.677465 0.672645 0.669496 0.667977 0.668071 0.669779 0.673121 0.678139 0.684894 0.693473 0.703987 0.716578 0.731421 0.748734 0.768784 0.791897 0.818476 0.849018 0.884139 0.924616 0.971429 1.000000 0.953990 0.914132 0.879505 0.849378 0.823163 0.800389 0.780671 0.763697 0.749211 0.737008 0.726918 0.718810 0.712578 0.708145 0.705455 0.704476 0.705197 0.707626 0.711792 0.717747 0.725565 0.735346 0.747219 0.761347 0.777929 0.797212 0.819501 0.845166 0.874666 0.908568 0.898847 0.862796 0.831451 4913.000000 1.089584 0.782479
0.787047 0.758445 0.733554 0.711906 0.693120 0.676890 0.662962 0.651134 0.641237 0.633140 0.626735 0.621942 0.618701 0.616973 0.616735 0.617986 0.620741 0.625032 0.619985 0.614602 0.610771 0.608443 0.607592 0.608206 0.610293 0.613878 0.619006 0.625740 0.634167 0.644398 0.656572 0.664379 0.659504 0.656269 0.654636 0.654583 0.656111 0.659238 0.664002 0.670462 0.678701 0.688825 0.700969 0.715304 0.732037 0.751426 0.773785 0.799500 0.829048 0.863024 0.902170 0.947427 1.000000 0.974048 0.945091 0.919958 0.898235 0.879585 0.863731 0.850452 0.839567 0.830933 0.824441 0.820010 0.817585 0.817137 0.800188 0.766771 0.737740 0.712480 0.690501 0.671407 0.654876 0.640645 0.628502 0.618272 0.609815 0.603020 0.597799 0.594086 0.591836 0.591022 0.591633 0.581420 0.572907 0.565984 0.560560 0.556567 0.553956 0.552694 0.552767 0.554175 0.557198 0.564012 0.572392 0.582448 0.594321 0.608184 0.624249 0.642777 0.664086 0.688573 0.716727 0.749164 0.786661 0.830214 0.881120 0.890120 0.874778 0.861998 0.851608 0.843473 0.837490 0.833586 0.831713 0.831847 0.833991 0.838170 0.844436 0.852867 0.863569 0.876682 0.892382 0.910889 0.932474 0.901745 0.857866 0.819943 3434.500000 1.269346 0.837155
0.833002 0.797943 0.767489 0.740994 0.717939 0.697906 0.680556 0.665612 0.652850 0.642085 0.633170 0.625987 0.620442 0.616468 0.614013 0.613049 0.613564 0.615564 0.619074 0.610550 0.594130 0.579930 0.567729 0.557346 0.548634 0.541474 0.535773 0.531458 0.528474 0.526786 0.526373 0.527230 0.529366 0.532809 0.537601 0.543801 0.551491 0.560771 0.571770 0.584645 0.599592 0.615120 0.615966 0.618306 0.622169 0.627601 0.634672 0.643472 0.654117 0.666754 0.681562 0.698765 0.718636 0.741508 0.767794 0.798005 0.832780 0.872922 0.919458 0.973712 1.000000 0.937192 0.883810 0.838092 0.798701 0.764606 0.735000 0.709247 0.686836 0.667357 0.650475 0.635921 0.623473 0.612952 0.604211 0.597134 0.591630 0.587629 0.585081 0.583957 0.584242 0.585939 0.589069 0.593671 0.580341 0.567805 0.557113 0.548112 0.540680 0.534717 0.530147 0.526914 0.524976 0.524312 0.524912 0.526784 0.529951 0.534451 0.540341 0.547697 0.556615 0.567217 0.579655 0.594114 0.610822 0.630058 0.652168 0.677578 0.706819 0.731091 0.725833 0.722377 0.720683 0.720729 0.722515 0.726064 0.731418 0.738645 0.747836 0.759110 0.772619 0.788552 0.807141 0.828672 0.853495 0.882043 0.914847 0.873486 2635.500000 1.495820 0.801399
0.819006 0.754130 0.700342 0.655188 0.616901 0.584171 0.556011 0.531663 0.510537 0.492165 0.476177 0.462274 0.450213 0.439799 0.430869 0.423295 0.416970 0.411808 0.407743 0.404722 0.402709 0.401679 0.401620 0.402530 0.404420 0.407314 0.411248 0.416271 0.422449 0.429864 0.438620 0.448843 0.460691 0.474355 0.490070 0.508129 0.528893 0.552814 0.580467 0.612585 0.650124 0.694345 0.746952 0.810296 0.887717 0.984115 0.973284 0.902015 0.842363 0.791900 0.748844 0.711855 0.679909 0.652210 0.628135 0.607184 0.588958 0.573136 0.559453 0.547698 0.537695 0.529303 0.522408 0.516920 0.512769 0.509902 0.508285 0.507897 0.508735 0.510809 0.514143 0.518778 0.524774 0.532207 0.541177 0.551806 0.564247 0.578689 0.595361 0.614547 0.636595 0.661938 0.691116 0.724813 0.763898 0.797310 0.751141 0.711646 0.677649 0.648242 0.622719 0.600521 0.581204 0.564408 0.549843 0.537272 0.526504 0.517380 0.509775 0.503585 0.498731 0.495151 0.492801 0.491652 0.491691 0.492916 0.495344 0.499005 0.503943 0.510221 0.517921 0.527146 0.538025 0.550718 0.565419 0.582368 0.601859 0.624256 0.650011 0.679691 0.714012 0.753898 0.800545 0.855543 0.921038 1.000000 0.997653 0.898462 6784.000000 1.378388 0.581348
0.848751 0.804956 0.767218 0.734549 0.706181 0.681504 0.660029 0.641364 0.625190 0.611249 0.599328 0.589255 0.580892 0.574127 0.568872 0.563239 0.552994 0.544403 0.537350 0.531741 0.527507 0.524593 0.522963 0.522600 0.523496 0.525665 0.529132 0.533939 0.540148 0.547838 0.557112 0.568097 0.580952 0.595872 0.613093 0.632910 0.655682 0.681859 0.712000 0.746810 0.787193 0.834319 0.889725 0.955480 1.000000 0.937192 0.883810 0.838092 0.798701 0.764606 0.735000 0.709247 0.686836 0.667357 0.650475 0.635921 0.623473 0.612952 0.604211 0.597134 0.591630 0.587629 0.585081 0.581469 0.575485 0.570985 0.567912 0.566228 0.565914 0.566965 0.569395 0.573232 0.578524 0.585339 0.593763 0.603910 0.615919 0.629963 0.646256 0.665060 0.686694 0.711554 0.740133 0.773043 0.811061 0.829549 0.795074 0.765119 0.739056 0.716378 0.696679 0.679628 0.664956 0.652442 0.641908 0.633210 0.626233 0.620888 0.617108 0.614845 0.614073 0.614782 0.616980 0.620696 0.625973 0.632878 0.641501 0.651954 0.664380 0.673818 0.669750 0.667328 0.666525 0.667328 0.669750 0.673818 0.679583 0.687117 0.696516 0.707906 0.721441 0.737315 0.755764 0.777081 0.801622 0.829829 0.862245 0.899553 1812.000000 1.189340 0.751157
0.733680 0.760829 0.746715 0.728857 0.713511 0.700452 0.689492 0.680485 0.673311 0.667879 0.664121 0.661991 0.661463 0.662531 0.665207 0.669524 0.675536 0.683318 0.692970 0.704621 0.718430 0.734597 0.753364 0.775032 0.799967 0.828623 0.861561 0.899482 0.943272 0.954280 0.902642 0.858266 0.819932 0.786690 0.757793 0.732646 0.710772 0.691784 0.675370 0.661272 0.649283 0.639233 0.630987 0.624436 0.619496 0.616107 0.614227 0.613832 0.614918 0.617498 0.621604 0.627285 0.634615 0.643687 0.654622 0.667571 0.682721 0.700301 0.720591 0.743938 0.770768 0.801609 0.837121 0.822319 0.789474 0.760914 0.736060 0.714445 0.695692 0.679493 0.665598 0.653803 0.643944 0.635886 0.629526 0.624782 0.621595 0.619926 0.619755 0.621081 0.623918 0.628302 0.634286 0.641947 0.651384 0.662723 0.676122 0.691774 0.709919 0.730849 0.754925 0.782591 0.814399 0.851038 0.893384 0.942553 1.000000 0.977036 0.920164 0.871532 0.829681 0.793490 0.762083 0.734770 0.711001 0.690333 0.672406 0.656930 0.643665 0.632420 0.623035 0.615386 0.609372 0.604918 0.601969 0.600487 0.600456 0.601875 0.604761 0.609149 0.615094 0.622671 0.631979 0.643142 0.656316 0.671693 0.689509 0.710052 1934.500000 1.235504 0.761539
0.868437 0.854224 0.842466 0.833007 0.825725 0.820528 0.817354 0.816162 0.816940 0.819695 0.824462 0.795072 0.755963 0.722178 0.692882 0.667415 0.645254 0.625976 0.609242 0.594775 0.582349 0.571782 0.562923 0.555652 0.549875 0.545517 0.542525 0.540861 0.540505 0.541453 0.543717 0.547324 0.552319 0.558764 0.566743 0.571415 0.566419 0.562855 0.560677 0.559860 0.560393 0.562283 0.565553 0.570243 0.576412 0.584138 0.593523 0.604696 0.617814 0.633073 0.650712 0.671025 0.694373 0.721206 0.752080 0.787698 0.828954 0.876999 0.933344 1.000000 0.994949 0.951053 0.912973 0.879864 0.851050 0.825990 0.804246 0.785461 0.769345 0.755661 0.744216 0.734857 0.727461 0.721935 0.718208 0.705976 0.681363 0.659945 0.641331 0.625203 0.611302 0.599419 0.589382 0.581052 0.574319 0.569095 0.565315 0.562932 0.561917 0.562258 0.563959 0.567040 0.571539 0.577513 0.585038 0.594211 0.605158 0.606908 0.605805 0.606164 0.607989 0.611302 0.616144 0.622575 0.630676 0.640556 0.652346 0.666213 0.682362 0.681413 0.677299 0.674851 0.674038 0.674851 0.677299 0.681413 0.687243 0.694862 0.704368 0.715886 0.729573 0.745626 0.764284 0.785841 0.810659 0.839183 0.871965 0.885300 845.500000 1.459253 0.826874
0.999653 0.945140 0.898318 0.857885 0.822831 0.792364 0.765852 0.742788 0.722763 0.705444 0.690560 0.677891 0.667256 0.658512 0.651544 0.646262 0.642601 0.640515 0.639980 0.640989 0.643553 0.647705 0.643449 0.627741 0.614226 0.602703 0.593006 0.585003 0.578588 0.573680 0.570217 0.568155 0.567471 0.568155 0.570217 0.573680 0.578588 0.585003 0.593006 0.602703 0.614226 0.627741 0.638692 0.635766 0.634387 0.634540 0.636226 0.639465 0.644298 0.650784 0.659006 0.669071 0.681114 0.695304 0.711850 0.731006 0.753087 0.778476 0.807651 0.841203 0.879875 0.924610 0.938736 0.901579 0.869266 0.841145 0.816693 0.795484 0.777174 0.761481 0.748176 0.737073 0.728023 0.720908 0.715638 0.712148 0.710395 0.710358 0.712036 0.715449 0.720640 0.727673 0.725774 0.698488 0.674746 0.654089 0.636146 0.620617 0.607256 0.595863 0.586276 0.578364 0.572022 0.567170 0.563746 0.561708 0.561031 0.561708 0.563746 0.567170 0.572022 0.578364 0.586276 0.595863 0.607256 0.617124 0.612893 0.610179 0.608950 0.609191 0.610904 0.614111 0.618849 0.625180 0.633183 0.642962 0.654649 0.668410 0.684446 0.703005 0.724393 0.748984 0.777241 0.809742 0.847209 0.890561 0.940978 1.000000 3846.000000 1.378209 0.810869
0.740725 0.764479 0.791777 0.823154 0.859275 0.900982 0.887538 0.869554 0.854301 0.841567 0.831179 0.823004 0.816936 0.812902 0.810851 0.810758 0.812623 0.816468 0.822340 0.830312 0.840485 0.852991 0.867996 0.885712 0.878198 0.855361 0.835644 0.818744 0.804413 0.792452 0.782699 0.775027 0.769340 0.765567 0.763661 0.763599 0.765382 0.769030 0.774587 0.782034 0.769973 0.760082 0.752230 0.746319 0.742274 0.740047 0.739608 0.740955 0.744102 0.749088 0.755975 0.764850 0.775827 0.771215 0.758350 0.747680 0.739061 0.732383 0.727562 0.724538 0.723274 0.723755 0.725987 0.729997 0.735834 0.743570 0.753305 0.765167 0.779315 0.795950 0.792301 0.779325 0.768590 0.759952 0.753301 0.748552 0.745649 0.744554 0.745256 0.747762 0.752102 0.758332 0.766527 0.776793 0.789265 0.804113 0.821547 0.841827 0.865271 0.892269 0.923302 0.958965 1.000000 0.980211 0.942480 0.909656 0.881093 0.856269 0.834761 0.816226 0.800382 0.787001 0.775899 0.766928 0.759971 0.754942 0.734687 0.714849 0.697690 0.682942 0.670387 0.659846 0.651176 0.644262 0.639017 0.635375 0.633292 0.632741 0.633717 0.636230 0.640313 0.646014 0.653407 0.662585 0.673671 0.686816 0.702211 0.720085 1229.500000 1.184609 0.883390
0.655796 0.647235 0.640417 0.635256 0.631688 0.629667 0.629171 0.630192 0.632743 0.636855 0.642580 0.649988 0.659176 0.670265 0.683408 0.698794 0.716655 0.737275 0.761005 0.788276 0.819622 0.855711 0.897385 0.945722 1.000000 0.955797 0.917453 0.884114 0.855102 0.829868 0.807972 0.789054 0.772820 0.759033 0.747498 0.738060 0.730596 0.725010 0.721233 0.719219 0.718943 0.720403 0.723615 0.728619 0.735477 0.744276 0.755128 0.768180 0.783612 0.801648 0.822561 0.846690 0.865186 0.822672 0.785946 0.754098 0.726412 0.702319 0.681362 0.663170 0.647444 0.633939 0.622454 0.612828 0.604930 0.598657 0.593929 0.590687 0.588891 0.588520 0.589568 0.592049 0.595993 0.601449 0.608484 0.617191 0.627685 0.640110 0.654646 0.671513 0.690981 0.713381 0.739123 0.768713 0.802785 0.842141 0.842827 0.835716 0.830708 0.827742 0.826783 0.827817 0.830858 0.835943 0.843134 0.852521 0.864226 0.878402 0.895243 0.914990 0.937938 0.964451 0.919573 0.875275 0.836973 0.803737 0.774835 0.749683 0.727811 0.708838 0.692455 0.678410 0.666497 0.656549 0.648433 0.642043 0.637299 0.634140 0.632529 0.632445 0.633889 0.636877 0.641446 0.647653 0.655575 0.665317 0.677007 0.666213 2031.500000 1.355728 0.814393
0.641469 0.639387 0.638853 0.639860 0.640280 0.642037 0.645362 0.650297 0.656902 0.665262 0.675486 0.687712 0.702111 0.718895 0.738323 0.710707 0.674978 0.644147 0.617432 0.594220 0.574022 0.556448 0.541184 0.527973 0.516606 0.506914 0.498758 0.492027 0.486632 0.482504 0.479591 0.477857 0.477282 0.477857 0.479591 0.482504 0.486632 0.492027 0.498758 0.506914 0.516606 0.527973 0.541184 0.556448 0.574022 0.594220 0.617432 0.644147 0.674978 0.710707 0.752344 0.796213 0.807169 0.820435 0.836192 0.854666 0.876132 0.900931 0.929480 0.962291 1.000000 0.925513 0.855437 0.797011 0.747742 0.705810 0.669860 0.638860 0.612010 0.588688 0.568397 0.550741 0.535399 0.522113 0.510670 0.500900 0.492660 0.485839 0.480346 0.476110 0.473077 0.470724 0.466238 0.462941 0.460793 0.459768 0.459852 0.461047 0.463367 0.466842 0.471513 0.477441 0.484702 0.493394 0.503640 0.515588 0.529423 0.545372 0.563711 0.584784 0.609019 0.619564 0.628039 0.638309 0.650513 0.664826 0.681462 0.700683 0.722812 0.748245 0.777475 0.811114 0.849937 0.894927 0.896736 0.856374 0.821382 0.790969 0.764503 0.741480 0.721490 0.704201 0.689344 0.676697 0.666081 0.657353 0.650397 0.645124 1292.000000 1.455781 0.745125
0.906653 0.869179 0.836615 0.808280 0.783627 0.762215 0.743687 0.727749 0.714165 0.702740 0.693319 0.685778 0.680020 0.675972 0.673585 0.672831 0.673699 0.676200 0.680366 0.686246 0.673310 0.662253 0.653101 0.645733 0.640054 0.635993 0.633500 0.632544 0.633114 0.635216 0.638877 0.644141 0.651074 0.659765 0.670327 0.682905 0.697677 0.714863 0.734731 0.757613 0.783915 0.814140 0.848917 0.889035 0.882401 0.858769 0.838337 0.820786 0.805856 0.793337 0.783059 0.774886 0.768715 0.764468 0.762094 0.761564 0.762871 0.766031 0.771083 0.778089 0.787136 0.798343 0.811858 0.827866 0.831834 0.807492 0.786376 0.768139 0.752500 0.739231 0.728146 0.719095 0.711960 0.706651 0.703102 0.701269 0.701131 0.702685 0.705950 0.710967 0.717798 0.726528 0.737270 0.750170 0.765406 0.783200 0.803823 0.827610 0.815636 0.787549 0.763108 0.741873 0.723483 0.707646 0.694125 0.682724 0.673287 0.665690 0.659834 0.655646 0.653074 0.652087 0.652673 0.654839 0.658611 0.664036 0.671181 0.680139 0.691025 0.699745 0.700404 0.702760 0.706839 0.712693 0.720395 0.730044 0.741765 0.755719 0.772104 0.791164 0.813197 0.838570 0.867736 0.901253 0.939818 0.984308 1.000000 0.949896 3772.000000 1.198994 0.845715
0.961785 0.930422 0.903146 0.879483 0.859044 0.841515 0.826639 0.814207 0.804052 0.796041 0.790073 0.786073 0.783992 0.783806 0.785512 0.789131 0.794706 0.802307 0.812031 0.824002 0.838382 0.855369 0.875212 0.898212 0.924741 0.895880 0.866706 0.841335 0.819325 0.800315 0.784014 0.770182 0.758626 0.749189 0.741749 0.736212 0.732509 0.730593 0.730443 0.732056 0.735452 0.740673 0.747782 0.756870 0.768055 0.781486 0.797350 0.815878 0.837353 0.862122 0.890612 0.923350 0.960517 0.934495 0.911985 0.892633 0.876153 0.862310 0.850915 0.841819 0.834906 0.830089 0.827309 0.826532 0.827748 0.830973 0.836246 0.843631 0.853222 0.865142 0.879548 0.896639 0.916659 0.939909 0.965234 0.928919 0.897321 0.869828 0.845948 0.825278 0.807494 0.792328 0.779565 0.769030 0.760584 0.754118 0.749552 0.746829 0.745916 0.746803 0.749499 0.754038 0.760475 0.768892 0.779395 0.792125 0.807254 0.824998 0.845623 0.869454 0.896891 0.887258 0.863530 0.843017 0.825398 0.810412 0.797849 0.787538 0.779343 0.773161 0.768913 0.766549 0.766039 0.767377 0.770580 0.775685 0.782758 0.791885 0.803186 0.816810 0.832946 0.851826 0.873735 0.899023 0.928122 0.961562 1.000000 0.997825 6682.500000 1.125799 0.859875
0.578015 0.580750 0.584927 0.590597 0.597833 0.606728 0.617402 0.630003 0.644714 0.661761 0.681421 0.704032 0.730014 0.759889 0.794308 0.834098 0.880317 0.921705 0.866196 0.818854 0.778196 0.743090 0.712658 0.686208 0.663192 0.643169 0.625783 0.610745 0.597819 0.586813 0.577572 0.569968 0.563904 0.559300 0.556099 0.554263 0.553768 0.557562 0.564095 0.572178 0.581919 0.593451 0.606941 0.622593 0.640658 0.661444 0.685331 0.712789 0.744407 0.780929 0.823305 0.872768 0.930939 1.000000 0.982692 0.927387 0.879982 0.839111 0.803718 0.772977 0.746233 0.722960 0.702737 0.685221 0.670132 0.657242 0.646366 0.637355 0.630089 0.624474 0.620440 0.617936 0.616933 0.617419 0.619398 0.622896 0.627954 0.634637 0.643030 0.647960 0.640820 0.635351 0.631482 0.629167 0.628376 0.629102 0.631352 0.635153 0.640554 0.647620 0.656443 0.667140 0.672118 0.667573 0.664679 0.663402 0.663725 0.665653 0.669210 0.674437 0.681402 0.690192 0.700923 0.713739 0.728821 0.746391 0.766722 0.790148 0.817082 0.848031 0.883630 0.924674 0.966261 0.901029 0.845957 0.799044 0.758792 0.724062 0.693970 0.667825 0.645075 0.625282 0.608088 0.593205 0.581083 0.578213 0.576754 0.576689 1871.000000 1.159075 0.715705
