35
1000 1000
5 32 38 53 32 61 48 51 63 27 56
3 45 -27 232 79 86 126
8 67 55 81 49 101 49 105 76 96 93 79 92 66 88 65 76
4 134 45 159 71 136 86 100 74
3 75 57 155 97 61 147
8 -24 72 2 56 38 47 60 42 93 81 64 111 31 110 11 101
6 -2 42 17 1 50 13 77 44 46 74 18 76
3 55 52 178 130 53 176
4 44 59 82 22 122 57 68 110
3 32 -14 89 50 30 86
8 15 43 -1 7 45 8 80 10 88 41 94 84 49 79 -4 97
5 51 24 78 19 104 44 78 57 51 56
6 -4 109 54 60 102 55 155 127 120 177 50 185
6 63 57 74 -2 134 30 162 71 160 124 94 142
3 21 41 136 73 30 139
4 1 69 56 14 99 63 59 140
5 97 164 142 133 165 185 139 241 85 204
7 -13 21 18 -14 63 25 89 56 77 78 27 81 -20 75
5 174 191 220 190 261 230 226 290 168 264
4 40 61 108 8 162 62 107 139
6 18 4 42 13 77 27 41 49 21 49 15 33
8 86 119 76 70 118 95 155 83 177 111 159 156 120 186 95 148
3 84 40 134 70 97 93
5 11 1 30 -3 42 9 32 30 8 24
3 56 28 100 50 57 81
3 12 70 141 135 21 171
6 -8 19 12 3 32 -10 36 18 41 43 3 48
6 4 -2 21 1 41 10 19 32 4 29 -19 14
7 32 15 54 18 79 8 78 38 85 67 57 65 45 40
6 83 141 146 118 190 120 234 148 197 196 133 192
8 -3 22 9 11 18 12 31 10 42 23 30 35 19 39 8 34
3 77 56 221 167 120 236
7 0 9 19 7 33 10 36 22 30 34 15 40 13 24
6 4 29 25 16 45 8 52 32 40 49 28 43
5 21 15 37 8 53 21 39 36 25 27
