40
1000 1000
8 50 85 101 67 144 110 192 154 142 188 105 210 39 205 25 146
6 137 120 140 79 183 83 220 123 198 169 153 168
6 0 43 24 28 47 27 66 40 58 69 23 57
7 21 38 32 26 44 32 53 46 45 56 34 62 24 51
7 -39 91 47 65 85 67 145 129 84 186 23 192 -9 166
8 13 12 25 14 37 8 44 27 35 39 24 47 15 36 14 28
4 53 27 108 87 60 129 12 102
4 62 191 127 143 236 191 135 292
7 7 20 14 -18 55 5 113 46 75 93 33 87 -13 67
7 8 20 16 -3 28 15 40 24 33 43 17 36 -5 31
6 35 44 42 26 67 22 108 44 72 83 25 88
8 41 37 42 31 50 23 59 30 68 39 63 52 47 56 36 55
7 17 31 67 -1 118 3 169 49 127 98 76 102 39 78
3 99 65 204 112 97 153
8 36 19 46 11 53 18 61 30 56 38 46 46 34 37 28 29
8 22 39 79 34 99 63 153 94 101 141 65 182 3 178 21 112
4 1 47 76 -21 184 75 100 127
6 64 1 108 -6 127 27 91 67 56 60 32 37
5 20 5 52 6 74 29 49 40 23 43
8 50 89 67 82 94 87 99 103 85 126 69 130 47 132 34 109
4 8 41 79 -4 132 43 78 105
6 14 31 18 25 37 14 46 34 36 51 18 45
6 0 49 36 29 71 32 111 67 74 85 37 89
5 80 71 105 62 118 84 107 98 84 93
6 -6 92 23 53 83 63 95 107 70 142 18 146
5 8 18 29 15 45 31 31 41 14 35
6 21 36 35 32 48 48 43 65 18 65 11 50
5 30 66 61 46 78 84 59 99 40 95
3 8 -5 42 17 15 31
3 44 40 93 63 52 75
7 131 146 154 118 191 117 216 158 209 209 154 202 94 189
6 83 77 108 88 133 109 113 129 83 135 60 108
7 53 106 54 62 101 101 122 119 133 166 79 186 56 136
6 47 34 63 34 83 50 69 77 40 81 28 55
5 38 15 67 -3 124 32 67 82 23 65
5 8 -2 27 -1 46 16 32 29 7 28
7 -8 8 17 2 35 -11 44 14 36 42 16 44 -2 31
4 122 99 179 63 221 100 169 145
6 4 9 39 18 47 43 41 64 15 56 -3 48
7 18 28 47 15 66 12 90 46 77 70 44 79 22 49
