50
1000 1000
6 39 -2 68 -5 72 28 66 61 38 49 36 27
8 -7 7 0 -3 8 -9 18 -2 16 6 21 18 6 24 -4 21
7 5 21 25 2 46 17 53 33 50 46 28 57 7 47
6 9 -4 29 5 48 20 40 38 16 26 4 20
4 74 9 184 84 83 196 -21 109
7 108 205 150 174 182 200 205 232 196 275 150 286 129 247
4 54 39 109 -23 174 46 107 97
8 19 36 45 24 79 49 103 76 86 102 54 101 26 104 1 86
6 30 103 68 72 119 55 140 104 119 151 63 148
4 106 19 146 51 112 89 79 56
4 25 1 57 22 31 39 5 21
3 36 -4 127 47 35 91
5 31 76 61 67 86 93 66 121 31 114
8 31 44 34 34 45 25 55 29 55 45 52 55 43 62 31 59
5 4 26 47 32 92 52 52 79 16 74
7 0 47 22 24 61 26 71 58 55 83 31 97 -3 74
5 48 58 105 15 125 87 100 119 37 124
6 68 55 89 51 106 77 92 107 70 97 63 79
6 124 42 183 48 205 87 182 116 143 107 108 86
4 60 18 89 43 59 57 28 44
5 22 13 45 7 64 28 51 55 19 43
8 30 40 36 14 76 6 95 19 88 46 97 78 71 94 48 64
7 -3 18 7 6 30 8 39 26 29 44 13 42 -5 33
4 -11 48 14 23 44 53 22 79
6 10 -6 41 -6 52 16 42 30 17 39 3 20
3 152 92 220 136 145 178
3 -10 58 190 151 33 253
8 1 1 19 -15 25 -1 40 17 24 30 15 33 2 31 -11 17
8 7 51 20 44 26 40 38 44 46 55 34 62 24 69 17 62
5 9 4 37 1 51 21 41 39 14 36
5 8 44 67 25 102 69 63 114 2 106
8 -6 -1 25 -3 71 7 59 49 47 62 34 82 -4 81 -13 44
6 42 40 62 33 72 67 63 91 29 99 15 67
7 -4 23 12 -17 64 12 84 41 68 87 28 105 -27 73
3 17 11 76 34 27 67
6 27 7 86 3 126 59 82 87 32 83 -29 50
5 24 32 74 27 111 45 81 91 42 67
6 51 8 93 -4 91 48 90 81 45 76 1 51
6 -17 34 24 7 69 -10 104 30 71 84 4 100
8 30 16 45 9 57 18 68 31 57 50 43 55 27 49 16 34
3 53 47 162 124 61 174
5 21 41 49 27 64 51 42 73 24 66
3 37 -9 150 119 3 210
5 45 55 105 50 146 107 113 156 69 112
7 11 14 45 3 64 6 78 29 62 43 43 48 25 36
3 7 1 50 27 10 45
3 76 63 202 112 84 202
8 -7 20 16 -1 49 -8 67 -6 89 25 64 46 36 65 8 52
3 16 43 93 79 30 98
6 5 6 27 10 28 28 23 44 4 38 -9 28
