0.855280 0.832757 0.813299 0.796604 0.782428 0.770572 0.760876 0.753212 0.747484 0.743620 0.741574 0.741319 0.742854 0.746197 0.751388 0.758492 0.758346 0.756568 0.756616 0.758491 0.762217 0.767838 0.775425 0.785073 0.796909 0.811090 0.827816 0.847331 0.869934 0.895994 0.925963 0.960400 1.000000 0.992002 0.936765 0.889385 0.848513 0.813105 0.782343 0.755578 0.732289 0.712058 0.694542 0.679465 0.666600 0.655764 0.646808 0.639613 0.634087 0.630303 0.632110 0.635463 0.640403 0.646991 0.655310 0.665471 0.677610 0.691898 0.708545 0.727810 0.750008 0.775531 0.804859 0.838592 0.877482 0.922486 0.974479 0.933463 0.897837 0.866842 0.839871 0.816435 0.796137 0.778655 0.763724 0.751131 0.740701 0.732298 0.725811 0.721161 0.716384 0.712930 0.711215 0.711216 0.712936 0.716393 0.721631 0.728715 0.737735 0.748807 0.762080 0.777739 0.796014 0.817184 0.841594 0.869667 0.901924 0.939017 0.981757 0.967983 0.923785 0.885486 0.852208 0.823252 0.798059 0.776176 0.757237 0.740942 0.727049 0.715358 0.705711 0.697980 0.692164 0.688170 0.685863 0.685218 0.686225 0.688897 0.693267 0.699388 0.707338 0.717218 0.729159 0.743326 0.759921 0.779195 0.801452 0.827069 7672.000000 1.050717 0.794656
0.927807 1.000000 0.933985 0.878131 0.830468 0.789517 0.754146 0.723477 0.696818 0.673618 0.653438 0.635918 0.620770 0.607757 0.596687 0.587402 0.579777 0.573712 0.569129 0.565972 0.564201 0.563795 0.564750 0.567076 0.570802 0.575974 0.582657 0.590938 0.600926 0.612759 0.626607 0.642679 0.661233 0.682583 0.673280 0.650854 0.631346 0.614410 0.599766 0.587186 0.576483 0.567505 0.560132 0.554266 0.549833 0.546776 0.545060 0.544662 0.545578 0.547819 0.551412 0.556402 0.562852 0.570844 0.580485 0.591908 0.605277 0.620794 0.638706 0.659319 0.683006 0.710234 0.741583 0.777788 0.819786 0.868791 0.926401 0.935407 0.883127 0.838294 0.799626 0.766133 0.737037 0.711722 0.689695 0.670557 0.653985 0.639717 0.627537 0.617272 0.608781 0.601950 0.596692 0.592942 0.590652 0.589796 0.590362 0.592357 0.595807 0.600752 0.607256 0.615400 0.625293 0.637069 0.650895 0.650935 0.628514 0.609005 0.592054 0.577374 0.564732 0.553937 0.544836 0.537302 0.531236 0.526560 0.523215 0.521160 0.520369 0.520834 0.522560 0.525567 0.529893 0.535592 0.542737 0.551421 0.561763 0.573910 0.588041 0.604378 0.623194 0.644822 0.669676 0.698273 0.731261 0.769467 0.813954 0.866114 1160.000000 1.468589 0.729977
0.875200 0.830208 0.791428 0.757854 0.728697 0.703331 0.681259 0.662076 0.645456 0.631133 0.618891 0.608552 0.599976 0.593046 0.587674 0.583793 0.581353 0.580327 0.580700 0.582478 0.585682 0.590352 0.596545 0.604341 0.613842 0.625177 0.638505 0.654024 0.671976 0.692656 0.716430 0.743750 0.775177 0.811419 0.791457 0.755098 0.723599 0.696233 0.672423 0.651706 0.633708 0.618126 0.604714 0.593271 0.583632 0.575667 0.569269 0.564356 0.560867 0.558759 0.558005 0.558598 0.560544 0.563866 0.568606 0.574823 0.582596 0.592029 0.603249 0.616416 0.631727 0.649422 0.669797 0.693215 0.720129 0.751100 0.786834 0.828234 0.876461 0.933039 1.000000 0.950267 0.893450 0.844965 0.803306 0.767324 0.736125 0.709005 0.685405 0.664875 0.647053 0.631644 0.618406 0.607145 0.597700 0.589944 0.583776 0.579116 0.575906 0.574106 0.573696 0.574670 0.577040 0.580834 0.586100 0.592903 0.601333 0.611499 0.623544 0.615369 0.604295 0.595020 0.587420 0.581394 0.576866 0.573780 0.572098 0.571799 0.572880 0.575353 0.579249 0.584617 0.591523 0.600058 0.610334 0.622494 0.636713 0.653208 0.672242 0.694142 0.719307 0.748237 0.781552 0.820041 0.864707 0.916856 0.978206 0.927712 1631.000000 1.300223 0.723335
0.892539 0.855108 0.822591 0.794301 0.769684 0.748296 0.729774 0.713826 0.700211 0.688733 0.679236 0.671593 0.665705 0.661500 0.658926 0.657950 0.658561 0.660766 0.664593 0.670088 0.677320 0.686382 0.697392 0.710501 0.725894 0.743800 0.764501 0.788340 0.815743 0.847233 0.883466 0.925266 0.973679 0.987010 0.932959 0.886546 0.846474 0.811740 0.781552 0.755283 0.732429 0.712585 0.695418 0.680661 0.668092 0.657535 0.648845 0.641908 0.636635 0.632961 0.630840 0.630246 0.631172 0.633630 0.637650 0.643280 0.650591 0.659679 0.670662 0.683693 0.698957 0.716684 0.737155 0.760717 0.787796 0.818919 0.854747 0.896110 0.944070 1.000000 0.968342 0.924589 0.886663 0.853701 0.825018 0.800065 0.778397 0.759653 0.743540 0.729819 0.718293 0.708807 0.701236 0.695482 0.691474 0.689163 0.688521 0.689539 0.692230 0.696628 0.702785 0.710780 0.720715 0.732722 0.746966 0.763651 0.783028 0.805404 0.831158 0.831558 0.806455 0.784657 0.765804 0.749598 0.735800 0.724214 0.714682 0.707079 0.701308 0.697297 0.694996 0.694377 0.695434 0.698178 0.702644 0.708885 0.716981 0.727037 0.739184 0.753590 0.770462 0.790054 0.812677 0.838714 0.868636 0.903028 0.942621 0.935756 887.500000 1.044621 0.770025
0.985534 1.000000 0.955806 0.917469 0.884137 0.855130 0.829901 0.808010 0.789095 0.772866 0.759082 0.747550 0.738116 0.730654 0.725072 0.721298 0.719288 0.719016 0.720479 0.723695 0.728704 0.730421 0.714060 0.700066 0.688236 0.678406 0.670446 0.664252 0.659746 0.656873 0.655597 0.655903 0.657795 0.661296 0.666448 0.669941 0.661427 0.654685 0.649628 0.646193 0.644338 0.644041 0.645299 0.648125 0.652556 0.658645 0.666470 0.676131 0.687757 0.701510 0.707960 0.713088 0.720039 0.728900 0.739786 0.752843 0.768254 0.786242 0.807084 0.831118 0.858759 0.890522 0.927043 0.962838 0.927319 0.896410 0.869522 0.846179 0.825995 0.808654 0.793899 0.781522 0.771355 0.763264 0.757147 0.752925 0.750549 0.749989 0.751238 0.754312 0.759247 0.766106 0.774973 0.761821 0.747509 0.735464 0.725521 0.717549 0.711446 0.707134 0.704562 0.703697 0.704530 0.707070 0.696087 0.679601 0.665444 0.653407 0.643319 0.635045 0.628476 0.623528 0.620140 0.618270 0.617895 0.619011 0.621632 0.625788 0.631532 0.638936 0.648096 0.659133 0.672200 0.684697 0.687847 0.692704 0.699326 0.707797 0.718228 0.730758 0.745560 0.762850 0.782893 0.806011 0.832602 0.863158 0.898290 0.938759 4388.000000 1.166779 0.866063
0.709087 0.696693 0.686351 0.678682 0.680509 0.683998 0.689192 0.696155 0.704976 0.715770 0.728683 0.743895 0.761629 0.782160 0.805824 0.833033 0.864300 0.900258 0.928011 0.908470 0.891839 0.877882 0.866411 0.857275 0.850356 0.845569 0.842855 0.842180 0.843537 0.846942 0.846032 0.842974 0.841959 0.842974 0.846032 0.851171 0.858453 0.867971 0.879844 0.894232 0.911329 0.899895 0.876836 0.856943 0.839910 0.825492 0.813486 0.803734 0.796107 0.790511 0.786875 0.785155 0.785330 0.787403 0.791399 0.797366 0.805378 0.815538 0.827978 0.842865 0.860408 0.880864 0.904548 0.931848 0.931897 0.906306 0.884157 0.865099 0.848846 0.835168 0.823877 0.814825 0.807894 0.802998 0.800077 0.799095 0.792948 0.779016 0.767381 0.757888 0.750412 0.744860 0.741161 0.739272 0.739168 0.740848 0.744333 0.749666 0.756913 0.766165 0.777542 0.791197 0.807319 0.826144 0.847960 0.873119 0.902057 0.935309 0.923175 0.904639 0.888933 0.875837 0.865175 0.856809 0.850633 0.846570 0.844571 0.844611 0.846691 0.850836 0.857097 0.865551 0.876306 0.889501 0.905314 0.923966 0.945728 0.970936 1.000000 0.960193 0.914074 0.874191 0.839582 0.809484 0.783291 0.760515 0.740760 0.723705 6544.000000 1.020937 0.870214
0.558297 0.568603 0.580721 0.594832 0.611154 0.629958 0.651575 0.676416 0.704992 0.737945 0.776091 0.820480 0.872484 0.875110 0.853408 0.834718 0.818760 0.805304 0.794166 0.785197 0.778283 0.773336 0.770295 0.769124 0.769808 0.772356 0.776799 0.783190 0.791610 0.802167 0.814999 0.830281 0.848230 0.869112 0.893254 0.921058 0.872438 0.825669 0.785454 0.750700 0.720553 0.694342 0.671532 0.651693 0.634477 0.619602 0.606836 0.595993 0.586920 0.579494 0.573117 0.560049 0.548855 0.539374 0.531474 0.525049 0.520014 0.516308 0.513883 0.512710 0.512775 0.514079 0.516637 0.520481 0.525658 0.532234 0.540296 0.549950 0.564669 0.581638 0.601152 0.623575 0.649361 0.679078 0.713446 0.753391 0.800115 0.855215 0.920847 1.000000 0.981518 0.944548 0.912381 0.884392 0.860080 0.839037 0.820929 0.805485 0.792486 0.781753 0.773144 0.766550 0.761887 0.759098 0.758150 0.759030 0.761749 0.766340 0.772861 0.759729 0.742890 0.728498 0.716346 0.706267 0.698126 0.691818 0.687263 0.684407 0.683213 0.683667 0.685776 0.689563 0.670687 0.647633 0.627574 0.610145 0.595053 0.582059 0.570965 0.561615 0.553878 0.547653 0.542860 0.539438 0.537346 0.536941 0.542571 0.549659 3835.500000 1.170863 0.779886
0.772132 0.791027 0.812877 0.838046 0.866978 0.880557 0.847486 0.818709 0.793672 0.771925 0.753104 0.736912 0.723107 0.711492 0.701909 0.694231 0.688359 0.684220 0.681763 0.680959 0.681797 0.684287 0.688461 0.694368 0.702084 0.711708 0.723365 0.737217 0.753460 0.747056 0.740189 0.735202 0.732033 0.730644 0.731018 0.733160 0.737095 0.742872 0.750562 0.760265 0.772105 0.786245 0.802882 0.822263 0.844687 0.870525 0.900230 0.934365 0.973629 0.971558 0.928732 0.891580 0.859277 0.831164 0.806715 0.785501 0.767175 0.751454 0.738107 0.726946 0.717822 0.710614 0.705232 0.701608 0.699698 0.699479 0.700948 0.704123 0.709044 0.715770 0.724386 0.735005 0.747768 0.762852 0.780477 0.765579 0.745869 0.728860 0.714293 0.701953 0.691671 0.683309 0.676757 0.671932 0.668776 0.667249 0.667333 0.669030 0.672358 0.677360 0.684098 0.692656 0.703146 0.715710 0.730523 0.747801 0.767812 0.790880 0.817407 0.847890 0.882943 0.923340 0.970060 1.000000 0.953532 0.913293 0.878344 0.847938 0.821479 0.798487 0.778572 0.761416 0.746759 0.734392 0.724145 0.715880 0.709491 0.704899 0.702046 0.700898 0.701440 0.703681 0.707645 0.713383 0.720966 0.730491 0.742082 0.755897 15294.500000 1.156625 0.826505
0.626596 0.618010 0.611108 0.605802 0.602025 0.599731 0.598892 0.599497 0.601554 0.605088 0.610142 0.616780 0.625087 0.635171 0.647170 0.661256 0.677637 0.696570 0.718373 0.743434 0.772234 0.805373 0.843608 0.887900 0.939489 1.000000 0.996577 0.948910 0.907682 0.871900 0.840781 0.813699 0.790152 0.769732 0.752106 0.737006 0.724210 0.713541 0.704855 0.698039 0.693007 0.689697 0.688068 0.688101 0.689795 0.693172 0.698273 0.705161 0.713923 0.724673 0.737555 0.721576 0.698775 0.678957 0.661782 0.646975 0.634311 0.623606 0.614713 0.607513 0.601914 0.597843 0.595252 0.594108 0.594397 0.596124 0.599309 0.603990 0.610228 0.618100 0.627709 0.639187 0.652693 0.668428 0.686635 0.707615 0.731735 0.759452 0.791332 0.828089 0.870626 0.915319 0.882606 0.854137 0.829384 0.807916 0.789385 0.773507 0.760049 0.748826 0.739685 0.732507 0.727203 0.723706 0.721974 0.721985 0.723739 0.727258 0.732586 0.739787 0.748953 0.760204 0.773690 0.789600 0.808166 0.829673 0.854471 0.870467 0.832647 0.799823 0.771277 0.746434 0.724833 0.706101 0.689932 0.676080 0.664342 0.654555 0.646587 0.640335 0.635719 0.632682 0.631188 0.631218 0.632773 0.635870 0.640549 0.636980 1055.000000 1.253042 0.804199
0.713219 0.713442 0.715389 0.719084 0.718741 0.713246 0.709530 0.707549 0.707278 0.708714 0.711874 0.716797 0.723544 0.732199 0.742876 0.755716 0.770897 0.788640 0.809214 0.828308 0.824141 0.821986 0.821818 0.823632 0.827453 0.833327 0.841325 0.851550 0.864134 0.879245 0.897094 0.917940 0.942101 0.969969 0.976869 0.939282 0.906583 0.878129 0.853399 0.831974 0.813510 0.797728 0.784400 0.773343 0.764409 0.757483 0.752478 0.749332 0.748007 0.748486 0.750776 0.754905 0.760922 0.768903 0.778949 0.788517 0.800084 0.813985 0.830413 0.849607 0.871860 0.897530 0.927058 0.960990 1.000000 0.970717 0.914212 0.865896 0.824316 0.788358 0.757154 0.730018 0.706403 0.685868 0.668058 0.652681 0.639503 0.628329 0.624664 0.628856 0.634644 0.642101 0.651322 0.662432 0.675583 0.690965 0.708811 0.729407 0.753104 0.780336 0.811640 0.847688 0.889329 0.937648 0.943337 0.923403 0.906432 0.892185 0.880467 0.871124 0.864037 0.859117 0.856304 0.855564 0.856888 0.860292 0.865817 0.873531 0.883532 0.895948 0.910943 0.928725 0.949547 0.973725 0.936627 0.900101 0.868331 0.840683 0.816647 0.795812 0.777841 0.762460 0.749446 0.738618 0.729832 0.722973 0.717956 0.714718 10281.500000 1.018678 0.822400
0.649837 0.650577 0.645478 0.641992 0.640078 0.639712 0.640889 0.643623 0.647949 0.653920 0.661610 0.671119 0.682574 0.696133 0.711991 0.730390 0.751623 0.776054 0.804128 0.811329 0.804955 0.800594 0.798192 0.797721 0.799174 0.802570 0.807949 0.815379 0.824952 0.836793 0.851059 0.867947 0.887700 0.910618 0.937069 0.967502 1.000000 0.938584 0.886287 0.841430 0.802736 0.769216 0.740094 0.714756 0.692710 0.673556 0.656974 0.642699 0.632855 0.626832 0.622409 0.619530 0.618160 0.618282 0.619898 0.623027 0.627708 0.633998 0.641978 0.651752 0.663451 0.677238 0.693317 0.711935 0.733396 0.758074 0.786431 0.819041 0.811844 0.802655 0.795566 0.790490 0.787362 0.786146 0.786826 0.789410 0.793931 0.800443 0.809028 0.819795 0.808748 0.788069 0.770230 0.754960 0.742036 0.731279 0.722546 0.715722 0.710723 0.707485 0.705970 0.706159 0.708054 0.711678 0.717076 0.724315 0.733487 0.744711 0.758138 0.773958 0.790630 0.800996 0.813624 0.828685 0.846391 0.867005 0.890847 0.918313 0.949888 0.961269 0.913085 0.871499 0.835462 0.804147 0.776899 0.753192 0.732601 0.714783 0.699456 0.686391 0.675402 0.666340 0.659085 0.653543 0.649646 0.647345 0.646613 0.647440 6768.000000 1.192633 0.835757
0.951810 0.876615 0.814249 0.761881 0.717466 0.679491 0.646814 0.618557 0.594037 0.572714 0.554158 0.538022 0.524025 0.511940 0.501582 0.492798 0.485465 0.479486 0.474782 0.471294 0.468978 0.467807 0.467765 0.468853 0.471083 0.474484 0.479096 0.484979 0.492208 0.500881 0.511119 0.523070 0.536918 0.552888 0.571255 0.592360 0.616627 0.644587 0.676910 0.714459 0.758352 0.810071 0.871614 0.945742 0.886910 0.830060 0.781829 0.740581 0.705080 0.674378 0.647734 0.624562 0.604397 0.586862 0.571655 0.558528 0.547278 0.537743 0.529789 0.523309 0.518219 0.514454 0.511969 0.510731 0.510727 0.511957 0.514434 0.518190 0.523272 0.529742 0.537687 0.547211 0.558449 0.571564 0.586757 0.604275 0.624423 0.647574 0.674194 0.704868 0.740334 0.781542 0.829723 0.886512 0.922339 0.853252 0.795576 0.746890 0.705420 0.669842 0.639146 0.612551 0.589444 0.569339 0.551846 0.536650 0.523495 0.512175 0.502519 0.494389 0.487674 0.482286 0.478154 0.475228 0.473471 0.472862 0.473394 0.475073 0.477919 0.481967 0.487268 0.493891 0.501922 0.511470 0.522673 0.535697 0.550747 0.568076 0.587993 0.610882 0.637223 0.667619 0.702838 0.743871 0.792019 0.849018 0.917239 1.000000 810.500000 1.113884 0.601993
0.859925 0.853104 0.848418 0.845810 0.845247 0.846724 0.850259 0.855893 0.863697 0.873769 0.886239 0.901273 0.919078 0.939910 0.964086 0.991990 1.000000 0.907126 0.831871 0.769858 0.718059 0.674314 0.637039 0.605050 0.577445 0.553524 0.532739 0.514653 0.498917 0.485250 0.477153 0.483125 0.490445 0.499211 0.509546 0.521602 0.535563 0.551658 0.570166 0.591434 0.615890 0.644075 0.676672 0.714558 0.758874 0.811134 0.873383 0.948456 0.958831 0.930411 0.905747 0.884433 0.866137 0.850590 0.837574 0.826912 0.818466 0.812126 0.807816 0.805481 0.805093 0.806649 0.810165 0.815687 0.803397 0.793232 0.785189 0.779166 0.775087 0.772903 0.772588 0.774136 0.777568 0.782926 0.790274 0.799707 0.811345 0.825346 0.841901 0.861252 0.883692 0.864730 0.838566 0.815847 0.796194 0.779299 0.764910 0.752824 0.742875 0.734934 0.728898 0.724692 0.722264 0.721585 0.722646 0.725461 0.730064 0.715853 0.701549 0.689435 0.679340 0.671130 0.664699 0.659964 0.656868 0.655372 0.655458 0.657128 0.660401 0.665318 0.671939 0.680350 0.690658 0.703003 0.717557 0.734534 0.754195 0.776860 0.784191 0.786229 0.790186 0.796111 0.804077 0.814185 0.826568 0.841391 0.858862 0.868966 792.500000 1.182837 0.784054
0.695083 0.729445 0.769330 0.815909 0.870725 0.935853 1.000000 0.951828 0.910175 0.874032 0.842603 0.815251 0.791466 0.770834 0.753018 0.737744 0.724789 0.713971 0.705146 0.698197 0.693037 0.689602 0.687850 0.687760 0.689329 0.692579 0.697547 0.690222 0.670790 0.653955 0.639448 0.627047 0.616576 0.607889 0.600870 0.595430 0.591500 0.589032 0.587994 0.588375 0.590179 0.593428 0.598162 0.604440 0.612343 0.621973 0.633460 0.641932 0.629159 0.618346 0.609341 0.602024 0.596300 0.592097 0.589363 0.588063 0.588184 0.589726 0.592707 0.597165 0.603154 0.610751 0.620054 0.631190 0.644313 0.659616 0.677336 0.697761 0.721248 0.748236 0.779273 0.815045 0.856421 0.904519 0.960793 0.923332 0.884545 0.850853 0.821540 0.796033 0.773870 0.754677 0.738148 0.724035 0.712134 0.702283 0.694351 0.688235 0.683859 0.681169 0.680133 0.680737 0.682988 0.686916 0.692566 0.700011 0.709345 0.706799 0.675496 0.648345 0.624738 0.604195 0.586327 0.570822 0.557423 0.545924 0.536156 0.527981 0.521288 0.515990 0.512020 0.509328 0.507881 0.507663 0.508669 0.510912 0.514421 0.519237 0.525422 0.533056 0.542240 0.553102 0.565800 0.580525 0.597515 0.617062 0.639523 0.665344 1383.000000 1.460431 0.781259
0.782331 0.796314 0.812801 0.832031 0.854301 0.879975 0.909498 0.943422 0.968458 0.950289 0.934999 0.922381 0.912268 0.904529 0.899068 0.895818 0.894739 0.895818 0.899068 0.893695 0.868325 0.846338 0.827381 0.811166 0.797459 0.786070 0.776846 0.769669 0.764448 0.761119 0.759640 0.759995 0.762187 0.766243 0.764068 0.754241 0.746439 0.740563 0.736538 0.734317 0.733872 0.735197 0.738310 0.743246 0.750069 0.758863 0.769741 0.782850 0.798370 0.816524 0.837588 0.861898 0.889870 0.922015 0.924676 0.898527 0.875869 0.856337 0.839636 0.825525 0.813809 0.804330 0.796968 0.791630 0.788249 0.786783 0.787217 0.789554 0.793822 0.800076 0.808391 0.818875 0.831664 0.835655 0.822210 0.811114 0.802220 0.795415 0.790613 0.787755 0.786806 0.787755 0.790613 0.795415 0.802220 0.811114 0.822210 0.835655 0.851632 0.870371 0.892150 0.917313 0.946283 0.979580 1.000000 0.955426 0.916771 0.883167 0.853924 0.828487 0.806408 0.787323 0.770935 0.757001 0.745326 0.735752 0.728152 0.722430 0.718514 0.716358 0.715934 0.717237 0.720283 0.725110 0.731777 0.740367 0.750992 0.760211 0.752926 0.747563 0.744056 0.742361 0.742459 0.744350 0.748058 0.753628 0.761128 0.770654 814.500000 1.153679 0.885146
0.753737 0.733817 0.716605 0.701833 0.689286 0.678786 0.670191 0.663389 0.658294 0.654842 0.652991 0.652718 0.654021 0.656915 0.661435 0.667637 0.675599 0.685425 0.697245 0.711224 0.727563 0.746511 0.749584 0.730338 0.713732 0.699512 0.687472 0.677444 0.669293 0.662914 0.658226 0.655171 0.653712 0.653831 0.655530 0.658829 0.663769 0.670410 0.678837 0.689161 0.701519 0.716086 0.733073 0.745660 0.711570 0.682032 0.656367 0.634036 0.614606 0.597728 0.583120 0.570551 0.559832 0.550811 0.543364 0.537394 0.532823 0.529594 0.527667 0.527020 0.527644 0.528993 0.527564 0.527410 0.528529 0.530935 0.534657 0.539741 0.546251 0.554271 0.563909 0.575299 0.588606 0.604032 0.621827 0.642297 0.665819 0.692862 0.724012 0.760013 0.801814 0.850649 0.908148 0.976508 1.000000 0.927516 0.866776 0.815347 0.771433 0.733684 0.701068 0.672780 0.648188 0.626786 0.608171 0.592015 0.578052 0.566064 0.555875 0.547342 0.540349 0.534805 0.530639 0.527798 0.526249 0.525973 0.526965 0.529239 0.532822 0.534403 0.533562 0.534008 0.535747 0.538800 0.543203 0.549013 0.556303 0.565169 0.575731 0.588140 0.602579 0.619275 0.638504 0.660607 0.686008 0.715233 0.748942 0.776692 5410.000000 1.192861 0.765932
0.766046 0.779489 0.783597 0.739052 0.700896 0.668017 0.639557 0.614843 0.593344 0.574635 0.558374 0.544284 0.532137 0.521750 0.512973 0.505685 0.499788 0.495206 0.491881 0.492346 0.497430 0.503847 0.511680 0.521036 0.532046 0.544873 0.559714 0.576816 0.596478 0.619071 0.645058 0.675021 0.709695 0.750030 0.797261 0.853035 0.919580 1.000000 0.975393 0.934770 0.899475 0.868765 0.842045 0.818833 0.798740 0.781446 0.766693 0.754270 0.744007 0.735769 0.729449 0.724968 0.722271 0.721326 0.722121 0.724665 0.728989 0.735147 0.728832 0.705580 0.685366 0.667842 0.652725 0.639784 0.628832 0.619716 0.612315 0.606533 0.602296 0.599553 0.598268 0.598429 0.600035 0.603106 0.598484 0.594833 0.592646 0.591896 0.592574 0.594687 0.598262 0.603342 0.609992 0.618296 0.628363 0.640332 0.654373 0.670696 0.689557 0.711274 0.736233 0.764918 0.787876 0.772284 0.759090 0.748111 0.739201 0.732244 0.727152 0.723862 0.722334 0.722550 0.724512 0.728243 0.733790 0.741222 0.750632 0.762144 0.775914 0.792133 0.811040 0.832928 0.816440 0.797550 0.781354 0.767616 0.756142 0.746779 0.739404 0.733925 0.730272 0.728402 0.728291 0.729938 0.733364 0.738610 0.745741 0.754847 8774.500000 1.188998 0.803142
0.749988 0.750155 0.739575 0.731027 0.724399 0.719608 0.716595 0.715323 0.715777 0.717963 0.721906 0.727655 0.735283 0.744885 0.756589 0.770552 0.786971 0.806090 0.828206 0.853684 0.882974 0.916632 0.955351 1.000000 0.955150 0.899440 0.851809 0.810824 0.775385 0.744632 0.717889 0.694616 0.674378 0.656824 0.641667 0.628674 0.617655 0.608456 0.600954 0.595051 0.590671 0.587762 0.586286 0.586226 0.587582 0.590370 0.594624 0.600396 0.607760 0.616811 0.627671 0.640490 0.640125 0.634684 0.630841 0.628549 0.627781 0.628527 0.630796 0.634616 0.640034 0.647118 0.655958 0.666671 0.679404 0.694338 0.711697 0.731753 0.754844 0.781384 0.811885 0.846988 0.887498 0.934441 0.989144 0.946044 0.905388 0.870092 0.839392 0.812675 0.789449 0.769316 0.751951 0.737089 0.724514 0.714053 0.705565 0.698941 0.694096 0.690972 0.689529 0.689750 0.691638 0.695216 0.700528 0.707639 0.716640 0.727649 0.740813 0.756319 0.774393 0.795314 0.778249 0.750395 0.726155 0.705078 0.686797 0.671017 0.657493 0.646030 0.636466 0.628674 0.622552 0.618022 0.615029 0.613536 0.613524 0.614994 0.617963 0.622468 0.628565 0.636330 0.645865 0.657298 0.670788 0.686531 0.704770 0.725801 7689.500000 1.288537 0.804159
0.622344 0.629748 0.638888 0.649885 0.662893 0.660516 0.639517 0.621261 0.605438 0.591790 0.580111 0.570232 0.562014 0.555349 0.550150 0.546351 0.543905 0.542784 0.542972 0.544473 0.547304 0.551500 0.557113 0.564215 0.572619 0.582346 0.593865 0.607342 0.622980 0.641030 0.661799 0.685666 0.713101 0.744692 0.781181 0.823516 0.872926 0.931029 1.000000 0.955450 0.896065 0.845548 0.802252 0.764928 0.732608 0.704537 0.680117 0.658866 0.640399 0.624402 0.610621 0.598846 0.601217 0.608416 0.617295 0.627971 0.640594 0.655346 0.672452 0.692187 0.714889 0.740977 0.770969 0.798917 0.751936 0.711793 0.677268 0.647425 0.621535 0.599024 0.579433 0.562396 0.549099 0.540045 0.532547 0.526505 0.521842 0.518499 0.516435 0.515624 0.516057 0.517739 0.520691 0.524948 0.530565 0.537612 0.546182 0.556392 0.568386 0.582343 0.598480 0.617066 0.638431 0.662983 0.691231 0.723814 0.739329 0.748579 0.759917 0.773496 0.789505 0.808179 0.829806 0.854737 0.883408 0.916352 0.941438 0.890895 0.847441 0.809888 0.777316 0.748997 0.724353 0.702918 0.684317 0.668242 0.654447 0.642726 0.632916 0.624883 0.618524 0.613756 0.610520 0.608778 0.608507 0.609704 0.612385 0.616581 12501.500000 1.344835 0.728828
0.589066 0.617660 0.650819 0.689496 0.701890 0.670360 0.643023 0.619261 0.598584 0.580597 0.564980 0.551475 0.539871 0.529996 0.521710 0.514900 0.509478 0.505373 0.502535 0.500928 0.500534 0.501347 0.503378 0.506650 0.511205 0.517100 0.524410 0.533233 0.543690 0.555932 0.570142 0.586549 0.605429 0.627126 0.652065 0.680779 0.713936 0.752394 0.797262 0.849997 0.912557 0.890094 0.800507 0.728899 0.670533 0.622210 0.581690 0.547363 0.518040 0.492827 0.471035 0.452132 0.435698 0.421395 0.408956 0.398161 0.388835 0.380832 0.374034 0.368347 0.363693 0.360012 0.357256 0.355393 0.354397 0.354259 0.354975 0.356555 0.359018 0.362394 0.366727 0.372071 0.378498 0.386099 0.394981 0.405282 0.417165 0.430836 0.446546 0.464606 0.485408 0.509444 0.537347 0.569936 0.608293 0.653874 0.708685 0.775566 0.858670 0.964323 1.000000 0.908492 0.834168 0.772806 0.721473 0.678066 0.641042 0.609244 0.581787 0.557984 0.537296 0.519293 0.503632 0.490034 0.478272 0.468164 0.459558 0.452332 0.446389 0.441651 0.438056 0.435560 0.434132 0.433756 0.434425 0.436149 0.438948 0.442858 0.447926 0.454219 0.461819 0.470831 0.481385 0.493640 0.507790 0.524075 0.542791 0.564302 4330.000000 1.538928 0.563818
0.831470 0.832472 0.801967 0.768806 0.739990 0.714916 0.693101 0.674154 0.657758 0.643653 0.631631 0.621520 0.613181 0.606505 0.601405 0.597819 0.595702 0.595029 0.591480 0.580283 0.570851 0.563056 0.556794 0.551985 0.548568 0.546502 0.545762 0.546338 0.548237 0.551483 0.556115 0.562191 0.569789 0.576873 0.578966 0.582483 0.587466 0.593979 0.602105 0.611950 0.623651 0.637373 0.653322 0.671749 0.692964 0.717347 0.745369 0.777620 0.814839 0.857971 0.908235 0.885985 0.855870 0.829668 0.806909 0.787211 0.770263 0.755812 0.743652 0.733616 0.725572 0.719417 0.711221 0.701584 0.693853 0.687931 0.683742 0.681235 0.680380 0.681165 0.683601 0.687718 0.693565 0.701216 0.710769 0.722351 0.736119 0.752269 0.771043 0.792737 0.817714 0.846422 0.879414 0.880930 0.780528 0.702189 0.639541 0.588458 0.546150 0.510665 0.480597 0.454908 0.432816 0.413721 0.397156 0.382752 0.370218 0.359317 0.363637 0.370580 0.378724 0.388189 0.399127 0.411719 0.426191 0.442824 0.461966 0.484056 0.509655 0.539484 0.574493 0.615947 0.665576 0.725807 0.800142 0.893840 1.000000 0.969385 0.942793 0.919778 0.899976 0.883092 0.868883 0.857157 0.847759 0.840567 0.835493 0.832472 880.000000 1.304457 0.686041
0.997758 0.918304 0.852473 0.797242 0.750429 0.710426 0.676018 0.646274 0.620469 0.598031 0.578504 0.561522 0.546788 0.534062 0.523145 0.513880 0.506135 0.499806 0.494811 0.491086 0.488585 0.487278 0.487147 0.488193 0.490427 0.493877 0.498585 0.504612 0.512034 0.520952 0.531489 0.543799 0.558068 0.574528 0.593461 0.615218 0.640231 0.669044 0.702346 0.741014 0.786193 0.839392 0.902645 0.978759 1.000000 0.922253 0.857640 0.803297 0.757145 0.717643 0.683624 0.654189 0.628636 0.606410 0.587068 0.570253 0.555676 0.543102 0.532337 0.523228 0.515646 0.509491 0.504682 0.501159 0.498879 0.497813 0.497949 0.499288 0.501847 0.505656 0.510763 0.517234 0.525152 0.534624 0.545783 0.558792 0.573853 0.591213 0.611173 0.634110 0.660488 0.690893 0.726066 0.766959 0.814814 0.871276 0.938576 0.936513 0.872839 0.819121 0.773386 0.734163 0.700333 0.671028 0.645570 0.623420 0.604147 0.587403 0.572904 0.560422 0.549768 0.540790 0.533365 0.527394 0.522801 0.519529 0.517535 0.516798 0.517307 0.519069 0.522104 0.526452 0.532165 0.539317 0.548002 0.558338 0.570473 0.584586 0.600900 0.619686 0.641279 0.666095 0.694648 0.727591 0.765751 0.810195 0.862321 0.923994 7491.000000 1.071207 0.603531
0.789976 0.764116 0.741625 0.722109 0.705251 0.690787 0.678507 0.668237 0.659839 0.653204 0.648248 0.644908 0.643143 0.642933 0.644274 0.647184 0.651697 0.657870 0.665779 0.675529 0.687248 0.701100 0.717286 0.736052 0.757700 0.782603 0.811219 0.844118 0.882013 0.925806 0.976650 1.000000 0.948036 0.903274 0.864537 0.830906 0.801652 0.776194 0.754064 0.734883 0.718340 0.704185 0.692213 0.682257 0.674184 0.667890 0.663296 0.660345 0.659001 0.659246 0.661085 0.664540 0.669653 0.676488 0.685131 0.695696 0.708324 0.723194 0.740524 0.760582 0.783698 0.810276 0.840816 0.875942 0.916435 0.887364 0.853279 0.823626 0.797823 0.775398 0.755971 0.739231 0.724925 0.712847 0.702830 0.694741 0.688476 0.683956 0.681125 0.679949 0.680413 0.682523 0.686305 0.691805 0.699092 0.708258 0.719423 0.732741 0.748397 0.766624 0.787706 0.811992 0.839911 0.871994 0.908901 0.904597 0.869835 0.839593 0.813277 0.790407 0.770594 0.753521 0.738929 0.726609 0.716390 0.708138 0.701744 0.697130 0.694237 0.693031 0.693497 0.695640 0.699487 0.705085 0.712503 0.721837 0.733209 0.746772 0.762718 0.781284 0.802758 0.827496 0.855935 0.888615 0.926209 0.893265 0.853869 0.819692 1549.000000 1.063458 0.780385
0.535453 0.523748 0.513755 0.505331 0.498360 0.492750 0.488428 0.485341 0.483449 0.482731 0.483177 0.484793 0.487598 0.491627 0.496931 0.503576 0.511652 0.521266 0.532556 0.545690 0.560874 0.578360 0.598459 0.621557 0.648133 0.678793 0.681428 0.677917 0.676062 0.675841 0.677251 0.680310 0.685054 0.691542 0.699857 0.710105 0.722425 0.736986 0.754000 0.773726 0.796482 0.822660 0.852741 0.887324 0.927158 0.973192 0.932866 0.867966 0.813341 0.766922 0.727173 0.692928 0.663290 0.637556 0.615171 0.595691 0.578758 0.564083 0.551429 0.540604 0.531452 0.523845 0.517683 0.512885 0.509391 0.507158 0.506158 0.506380 0.507826 0.510514 0.514476 0.519762 0.516280 0.513694 0.512363 0.512269 0.513412 0.515805 0.519478 0.524477 0.530864 0.538722 0.548156 0.559299 0.572311 0.587392 0.604786 0.621596 0.619927 0.619756 0.621082 0.623919 0.628303 0.634287 0.641948 0.651385 0.662724 0.676122 0.691775 0.709919 0.730850 0.754926 0.782592 0.814399 0.851039 0.893384 0.942554 1.000000 0.952128 0.892188 0.841254 0.797640 0.760066 0.727546 0.699311 0.674750 0.653376 0.634798 0.618696 0.604811 0.592933 0.582890 0.574543 0.567780 0.562513 0.558677 0.556224 0.549045 1746.500000 1.539709 0.754706
0.939492 0.916117 0.889485 0.866386 0.846444 0.829352 0.814861 0.802769 0.792912 0.785163 0.779424 0.775623 0.773714 0.773673 0.775500 0.779218 0.784872 0.792531 0.802293 0.814285 0.828668 0.822032 0.807033 0.794452 0.784116 0.775892 0.769672 0.765382 0.762966 0.762397 0.763667 0.766791 0.771808 0.778780 0.787794 0.798966 0.812445 0.828417 0.847111 0.868810 0.875833 0.852888 0.833069 0.816073 0.801648 0.789594 0.779747 0.771980 0.766194 0.762317 0.760301 0.760122 0.761778 0.765289 0.770698 0.778071 0.787503 0.799115 0.813062 0.829538 0.848784 0.871092 0.896823 0.926420 0.960430 0.999532 1.000000 0.957726 0.921011 0.889069 0.861274 0.837119 0.816196 0.798168 0.782765 0.769764 0.758987 0.750290 0.743561 0.738715 0.735693 0.734458 0.734995 0.737310 0.741431 0.747409 0.755319 0.765262 0.777368 0.778585 0.770797 0.764988 0.761086 0.759043 0.758834 0.760456 0.763930 0.769298 0.776625 0.786006 0.797561 0.811444 0.827849 0.847014 0.869231 0.894858 0.899340 0.876697 0.857181 0.840495 0.826399 0.814699 0.805238 0.797894 0.792575 0.789216 0.787774 0.788233 0.790599 0.794899 0.801188 0.809542 0.820069 0.832906 0.848228 0.866249 0.887237 0.911518 1239.500000 1.024622 0.881860
0.827595 0.805398 0.786206 0.769719 0.755692 0.743927 0.734264 0.726578 0.720769 0.716765 0.714517 0.713998 0.715202 0.718142 0.722856 0.729400 0.737858 0.741294 0.730056 0.720864 0.713598 0.708167 0.704502 0.702559 0.702313 0.703763 0.706925 0.711839 0.718564 0.727186 0.737817 0.750598 0.765707 0.783362 0.803834 0.827451 0.801381 0.776847 0.755537 0.737093 0.721224 0.707693 0.696307 0.686910 0.679378 0.673615 0.669548 0.667128 0.666324 0.667128 0.669548 0.673615 0.679378 0.686910 0.696307 0.707693 0.721224 0.737093 0.755537 0.776847 0.801381 0.814848 0.799581 0.786736 0.776138 0.767646 0.761151 0.756573 0.753855 0.752964 0.753889 0.756642 0.761255 0.759339 0.753577 0.749694 0.747643 0.747398 0.748958 0.752340 0.757587 0.764762 0.773957 0.785291 0.798914 0.815017 0.833833 0.855647 0.880813 0.909763 0.902143 0.846524 0.799178 0.758579 0.723564 0.693235 0.666888 0.643966 0.624020 0.606690 0.591684 0.578762 0.567732 0.558434 0.550741 0.544552 0.539786 0.542713 0.550022 0.558895 0.569453 0.581847 0.596261 0.612921 0.632106 0.654157 0.679498 0.708658 0.742301 0.781274 0.826668 0.879913 0.942917 1.000000 0.955186 0.916330 0.882554 0.853162 2268.500000 1.116119 0.801829
0.813565 0.850353 0.892879 0.942272 1.000000 0.963997 0.911369 0.866169 0.827138 0.793303 0.763894 0.738304 0.716041 0.696711 0.679992 0.665623 0.653390 0.643120 0.634673 0.627938 0.622830 0.619283 0.617256 0.616722 0.617677 0.620130 0.624113 0.629674 0.636882 0.645832 0.656642 0.669459 0.684469 0.701897 0.722020 0.729243 0.714470 0.701942 0.691482 0.682951 0.676237 0.671255 0.667943 0.666261 0.666188 0.667724 0.670886 0.675715 0.682269 0.690631 0.700911 0.713245 0.727806 0.744806 0.764505 0.787222 0.813349 0.843372 0.877893 0.917665 0.963644 0.964934 0.910402 0.863673 0.823393 0.788518 0.758230 0.731880 0.708951 0.689024 0.671761 0.656886 0.644174 0.633441 0.624540 0.617352 0.611785 0.607768 0.605253 0.604208 0.604620 0.606495 0.609856 0.614743 0.621218 0.629363 0.639285 0.651119 0.665031 0.681228 0.699961 0.721542 0.746351 0.774860 0.807656 0.845478 0.889264 0.898790 0.855454 0.817985 0.785474 0.757202 0.732599 0.711203 0.692643 0.676616 0.662874 0.651217 0.641482 0.633537 0.627280 0.622629 0.619529 0.617941 0.617846 0.619242 0.622147 0.626596 0.632644 0.640368 0.649867 0.661270 0.674734 0.690457 0.708677 0.729690 0.753860 0.781633 1006.000000 1.167283 0.751285
0.675455 0.671990 0.670167 0.669963 0.671376 0.674424 0.679143 0.685591 0.693851 0.704029 0.716261 0.730718 0.747608 0.767189 0.789778 0.815762 0.845620 0.879947 0.919489 0.898564 0.870754 0.846593 0.825671 0.807658 0.792281 0.779322 0.768601 0.759977 0.753340 0.748605 0.745715 0.744633 0.745349 0.747868 0.752223 0.758468 0.766679 0.776962 0.789452 0.804320 0.821777 0.842081 0.865553 0.892582 0.898786 0.869322 0.843697 0.821461 0.802251 0.785768 0.771771 0.760062 0.750485 0.742913 0.737251 0.733428 0.731398 0.731135 0.732637 0.735921 0.741029 0.748022 0.756990 0.768048 0.781344 0.797063 0.805156 0.783227 0.764253 0.747936 0.734032 0.722344 0.712713 0.705011 0.699140 0.695027 0.692621 0.691892 0.692833 0.695453 0.699786 0.705884 0.713824 0.723708 0.735667 0.749865 0.762527 0.758054 0.755442 0.754660 0.755698 0.758569 0.763308 0.769973 0.778648 0.789444 0.802504 0.818007 0.836175 0.857281 0.881658 0.909719 0.941968 0.979033 1.000000 0.952598 0.911582 0.875977 0.845007 0.818056 0.794626 0.774314 0.756792 0.741794 0.729101 0.718536 0.709960 0.703259 0.698351 0.695174 0.693690 0.693880 0.695746 0.699312 0.704621 0.696233 0.687501 0.680604 7500.500000 1.119524 0.859618
0.689144 0.640709 0.599985 0.565409 0.535822 0.510346 0.488305 0.469173 0.452532 0.438051 0.425461 0.414545 0.405127 0.397063 0.390235 0.384549 0.379928 0.376312 0.373657 0.371929 0.371106 0.371179 0.372149 0.374028 0.376838 0.380614 0.385405 0.391273 0.398296 0.406573 0.416226 0.427403 0.440287 0.455102 0.472126 0.491703 0.514267 0.540366 0.570703 0.606198 0.648064 0.697949 0.758133 0.831869 0.891557 0.831498 0.780781 0.737571 0.700492 0.668495 0.640771 0.616681 0.595719 0.577482 0.561640 0.547930 0.536133 0.526075 0.517611 0.510625 0.505026 0.500742 0.497719 0.495920 0.495322 0.495920 0.497719 0.500742 0.505026 0.510625 0.517611 0.526075 0.536133 0.547930 0.561640 0.577482 0.595719 0.616681 0.640771 0.668495 0.700492 0.737571 0.716598 0.672930 0.635722 0.603792 0.576237 0.552360 0.531613 0.513561 0.497854 0.484211 0.472404 0.462246 0.453586 0.446299 0.440287 0.435469 0.431785 0.429188 0.427646 0.427141 0.427666 0.429227 0.431844 0.435549 0.440388 0.446423 0.453734 0.462422 0.472609 0.484449 0.498127 0.513875 0.531975 0.552776 0.576716 0.604345 0.636365 0.673682 0.717484 0.769361 0.831483 0.906895 1.000000 0.907352 0.818688 0.747450 576.000000 1.407447 0.578804
0.902934 0.806035 0.729505 0.667716 0.616947 0.574640 0.538978 0.508637 0.482631 0.460209 0.440794 0.423930 0.409258 0.396491 0.385397 0.375788 0.367510 0.360439 0.354472 0.349528 0.345541 0.342459 0.340245 0.338870 0.338318 0.338582 0.339665 0.341581 0.344353 0.348015 0.352615 0.358213 0.364884 0.372724 0.381848 0.392399 0.404552 0.418522 0.434576 0.453045 0.474348 0.499014 0.527728 0.561382 0.601169 0.648707 0.706256 0.777064 0.846512 0.793649 0.748697 0.710184 0.676991 0.648253 0.623297 0.601586 0.582694 0.566274 0.552048 0.539788 0.529308 0.520457 0.513113 0.507179 0.502577 0.499249 0.497155 0.496270 0.496581 0.498094 0.500826 0.504811 0.510099 0.516757 0.524872 0.534554 0.545940 0.559199 0.574536 0.592204 0.612517 0.635858 0.662709 0.693673 0.656495 0.615987 0.581507 0.551941 0.526444 0.504359 0.485175 0.468484 0.453960 0.441341 0.430413 0.421003 0.412970 0.406197 0.400593 0.396082 0.392607 0.390125 0.388603 0.388025 0.388383 0.389681 0.391935 0.395172 0.399434 0.404775 0.411265 0.418992 0.428066 0.438621 0.450824 0.464878 0.481032 0.499596 0.520955 0.545596 0.574135 0.607368 0.646339 0.692435 0.747551 0.814331 0.896584 1.000000 7236.500000 1.559780 0.562375
0.603736 0.618488 0.635548 0.639958 0.643733 0.649126 0.656204 0.665058 0.675804 0.688590 0.703597 0.721048 0.741217 0.764443 0.791138 0.821817 0.857119 0.897851 0.945037 1.000000 0.972841 0.892193 0.825730 0.770209 0.723318 0.683360 0.649067 0.619473 0.593828 0.571544 0.552154 0.535284 0.520631 0.515395 0.521993 0.530055 0.539690 0.551034 0.564254 0.579554 0.597186 0.617459 0.640754 0.667547 0.698435 0.734174 0.738575 0.717283 0.698822 0.682890 0.669245 0.657689 0.648059 0.640227 0.634092 0.629575 0.626621 0.625194 0.625277 0.626869 0.629992 0.629955 0.626152 0.623888 0.623137 0.623888 0.626152 0.629955 0.635345 0.642389 0.651176 0.661825 0.674479 0.689319 0.706568 0.726497 0.749440 0.775811 0.806117 0.816123 0.795118 0.776991 0.761466 0.748316 0.737360 0.728449 0.721468 0.716329 0.712968 0.711345 0.711438 0.713251 0.716803 0.722140 0.729327 0.738455 0.749644 0.763043 0.778841 0.784638 0.754082 0.727504 0.704374 0.684268 0.666839 0.651808 0.638944 0.628063 0.619012 0.611670 0.605944 0.595673 0.584187 0.574494 0.566459 0.559976 0.554962 0.551354 0.549106 0.548192 0.548600 0.550336 0.553420 0.557891 0.563804 0.571234 0.580279 0.591063 876.500000 1.190608 0.767736
0.748318 0.698209 0.655871 0.619781 0.588801 0.562059 0.538883 0.518743 0.501218 0.485971 0.472730 0.461272 0.451419 0.443023 0.435964 0.430147 0.425495 0.421948 0.419461 0.418005 0.417562 0.418125 0.419703 0.422313 0.425990 0.430777 0.436738 0.443950 0.452513 0.462549 0.474209 0.487677 0.503179 0.520997 0.541474 0.565045 0.592252 0.623791 0.660558 0.703733 0.754892 0.816193 0.890666 0.982698 1.000000 0.909532 0.835921 0.775061 0.724087 0.680944 0.644117 0.612469 0.585129 0.561420 0.540810 0.522875 0.507273 0.493731 0.482024 0.471970 0.463421 0.456255 0.450376 0.445707 0.442188 0.439775 0.438439 0.438163 0.438945 0.440793 0.443730 0.447793 0.453032 0.459515 0.467329 0.476581 0.487405 0.499964 0.514460 0.531139 0.550306 0.572339 0.597710 0.627015 0.661016 0.700700 0.747370 0.802772 0.835328 0.787924 0.747314 0.712318 0.682021 0.655713 0.632826 0.612910 0.595600 0.580602 0.567674 0.556621 0.547284 0.539533 0.533265 0.528400 0.524875 0.522648 0.521692 0.521994 0.523558 0.526404 0.530566 0.536097 0.543066 0.551564 0.561708 0.573640 0.587535 0.603611 0.622132 0.643425 0.667893 0.696039 0.728493 0.766058 0.809764 0.860959 0.880980 0.808273 1738.500000 1.296073 0.589860
0.612433 0.612544 0.614136 0.617227 0.621854 0.628076 0.635971 0.645643 0.657221 0.670868 0.686782 0.705211 0.726454 0.750882 0.778952 0.811232 0.848435 0.891466 0.941483 1.000000 0.973717 0.938372 0.907614 0.880862 0.857650 0.837595 0.820388 0.805776 0.793554 0.783556 0.775653 0.769743 0.765754 0.763635 0.752223 0.738671 0.727320 0.718015 0.710637 0.705090 0.701305 0.699236 0.698858 0.700166 0.703176 0.707925 0.714472 0.722899 0.733314 0.745724 0.716607 0.691281 0.669241 0.650081 0.633471 0.619143 0.606879 0.596500 0.587863 0.580851 0.575375 0.571364 0.568770 0.567560 0.567721 0.569253 0.572175 0.579392 0.592672 0.608073 0.625845 0.646291 0.669786 0.696795 0.727901 0.763841 0.805556 0.854266 0.911585 0.905572 0.882981 0.863519 0.846893 0.832863 0.821237 0.811860 0.804611 0.799399 0.796160 0.794855 0.795466 0.798003 0.802495 0.808999 0.817594 0.828391 0.841531 0.857193 0.875599 0.850524 0.823307 0.799644 0.779128 0.761427 0.746270 0.733438 0.722751 0.714066 0.707271 0.692048 0.671555 0.653770 0.638401 0.625210 0.614002 0.604620 0.596936 0.590851 0.586287 0.583188 0.581514 0.581246 0.582381 0.584932 0.588930 0.594426 0.601487 0.610207 5508.500000 1.252596 0.826032
0.801347 0.830561 0.864147 0.865734 0.839210 0.816170 0.796229 0.779071 0.764440 0.752127 0.741963 0.733815 0.727577 0.723172 0.720545 0.719665 0.720521 0.723123 0.727502 0.733714 0.741835 0.751969 0.764251 0.778848 0.795969 0.815869 0.838862 0.865334 0.895759 0.930726 0.928449 0.879672 0.837681 0.801360 0.769834 0.742416 0.718556 0.697810 0.679820 0.664295 0.650996 0.639730 0.630340 0.622700 0.616711 0.612298 0.609404 0.607996 0.608056 0.609584 0.612600 0.617139 0.623260 0.631038 0.640575 0.652000 0.665473 0.681189 0.699392 0.720377 0.744509 0.772240 0.804128 0.840876 0.883373 0.932761 0.990527 1.000000 0.948871 0.904791 0.866619 0.833464 0.804619 0.779519 0.757708 0.738816 0.722541 0.708639 0.696908 0.687188 0.679349 0.673291 0.668938 0.666234 0.665149 0.665669 0.667799 0.671565 0.677015 0.684216 0.693260 0.704265 0.717382 0.732795 0.750733 0.771477 0.795371 0.822837 0.854400 0.890713 0.916772 0.876229 0.841060 0.810482 0.783872 0.760728 0.740645 0.723293 0.708402 0.695755 0.685173 0.676513 0.669663 0.664535 0.661065 0.659211 0.658951 0.660280 0.663217 0.667795 0.674072 0.682128 0.692065 0.704017 0.718150 0.734669 0.753824 0.775923 4625.500000 1.105803 0.773245
0.791481 0.755328 0.724002 0.696783 0.673099 0.652492 0.634593 0.619102 0.605773 0.594408 0.584844 0.576952 0.570626 0.565785 0.562369 0.560336 0.559661 0.560336 0.560529 0.559253 0.559327 0.560753 0.563546 0.567743 0.573394 0.580571 0.589368 0.599904 0.612324 0.626812 0.643591 0.662933 0.685175 0.710734 0.740125 0.773997 0.813171 0.858701 0.911959 0.974764 1.000000 0.951193 0.909017 0.872435 0.840630 0.812952 0.788878 0.767986 0.749933 0.734437 0.721271 0.710249 0.701224 0.694076 0.688714 0.685073 0.683107 0.682792 0.674429 0.655278 0.638680 0.624370 0.612129 0.601780 0.593181 0.586217 0.580797 0.576854 0.574338 0.573219 0.573483 0.575133 0.578190 0.582691 0.588692 0.596269 0.605521 0.616574 0.629583 0.644739 0.662278 0.682488 0.705724 0.732424 0.763135 0.798542 0.804113 0.782663 0.764120 0.748197 0.734658 0.723311 0.714003 0.706613 0.701046 0.697232 0.695125 0.694699 0.695950 0.698891 0.703560 0.710014 0.718333 0.728626 0.741030 0.755715 0.772893 0.792825 0.790897 0.774519 0.760600 0.748944 0.739396 0.731828 0.726145 0.722277 0.720175 0.719814 0.721191 0.724321 0.729243 0.736017 0.744729 0.755492 0.768449 0.783779 0.801704 0.822496 1629.500000 1.249660 0.809757
0.981865 1.000000 0.915513 0.846069 0.788183 0.739377 0.697846 0.662244 0.631545 0.604959 0.581866 0.561775 0.544293 0.529102 0.515945 0.504613 0.494934 0.486771 0.480010 0.474562 0.470356 0.467341 0.465478 0.464745 0.465133 0.466647 0.469305 0.473140 0.478200 0.484549 0.492270 0.501470 0.512277 0.524853 0.539394 0.556141 0.575393 0.597516 0.622969 0.652329 0.686328 0.725911 0.772313 0.827182 0.892758 0.908640 0.849839 0.799996 0.757400 0.720759 0.689082 0.661600 0.637703 0.616907 0.598821 0.583130 0.569578 0.557955 0.548091 0.539847 0.533113 0.527801 0.523843 0.521191 0.519811 0.519687 0.520817 0.523216 0.526912 0.531951 0.538397 0.546334 0.555867 0.567129 0.580284 0.595533 0.613122 0.633353 0.656601 0.683329 0.714120 0.749707 0.791033 0.839321 0.896186 0.907264 0.839231 0.782444 0.734511 0.693687 0.658666 0.628451 0.602275 0.579532 0.559744 0.542526 0.527569 0.514621 0.503477 0.493971 0.485966 0.479352 0.474043 0.469970 0.467082 0.465343 0.464733 0.465244 0.466881 0.469666 0.473632 0.478830 0.485324 0.493202 0.502570 0.513562 0.526343 0.541112 0.558118 0.577664 0.600127 0.625976 0.655804 0.690363 0.730625 0.777863 0.833780 0.900697 2314.000000 1.154701 0.599991
0.935416 0.880662 0.833860 0.793598 0.758788 0.728585 0.702322 0.679466 0.659590 0.642347 0.627456 0.614686 0.603852 0.594802 0.587413 0.581589 0.577256 0.574361 0.572868 0.572759 0.574033 0.576705 0.580807 0.586392 0.593528 0.602309 0.612852 0.625305 0.639847 0.656701 0.676141 0.698500 0.724193 0.753734 0.787766 0.827102 0.866704 0.836848 0.810869 0.788296 0.768748 0.751914 0.737539 0.725419 0.715387 0.707308 0.701081 0.696625 0.693887 0.692833 0.693450 0.695746 0.699748 0.705507 0.713093 0.722603 0.734163 0.747931 0.764100 0.782912 0.804661 0.829709 0.801341 0.774077 0.750355 0.729750 0.711916 0.696570 0.683484 0.672470 0.663379 0.656090 0.650509 0.646567 0.644215 0.643425 0.644186 0.646509 0.650421 0.655970 0.663227 0.672283 0.683260 0.696306 0.711607 0.729393 0.749943 0.773603 0.800797 0.832049 0.868016 0.847130 0.808063 0.774224 0.744826 0.719249 0.696994 0.677658 0.660915 0.646500 0.634195 0.623824 0.615246 0.608346 0.603036 0.599248 0.596937 0.596075 0.596650 0.598670 0.602159 0.607161 0.613737 0.621972 0.631974 0.643879 0.657857 0.674116 0.692910 0.714552 0.739429 0.768018 0.800914 0.838864 0.882823 0.934018 0.994059 1.000000 1061.000000 1.135302 0.760105
0.777634 0.801060 0.796633 0.751432 0.712709 0.679338 0.650449 0.625362 0.603538 0.584547 0.568041 0.553740 0.541412 0.530873 0.521970 0.514580 0.508604 0.506497 0.521336 0.538408 0.558024 0.580576 0.606550 0.636562 0.671401 0.712089 0.759975 0.816876 0.885292 0.968763 0.972731 0.924269 0.882432 0.846168 0.814652 0.787228 0.763370 0.742652 0.724728 0.709317 0.696191 0.685162 0.676081 0.668827 0.663308 0.659456 0.657222 0.656579 0.660017 0.666811 0.675390 0.685867 0.698383 0.713114 0.730277 0.750138 0.773025 0.799338 0.829574 0.864352 0.904448 0.950847 0.886179 0.819885 0.764533 0.717802 0.677993 0.643838 0.614368 0.588835 0.566649 0.547346 0.530550 0.515960 0.503332 0.492465 0.483196 0.475395 0.468952 0.471809 0.480228 0.490156 0.501737 0.515150 0.530613 0.548395 0.568828 0.592325 0.619403 0.650718 0.687112 0.729680 0.779873 0.839654 0.911739 1.000000 0.959413 0.922968 0.891260 0.863670 0.839699 0.818942 0.801070 0.785814 0.772955 0.762318 0.753760 0.747172 0.742472 0.737321 0.722632 0.710194 0.699835 0.691415 0.684826 0.679984 0.676828 0.675322 0.675445 0.677201 0.680609 0.685713 0.692574 0.701281 0.711946 0.724714 0.739762 0.757312 11206.000000 1.144186 0.651223
1.000000 0.963345 0.931447 0.903701 0.879618 0.858800 0.840924 0.825726 0.812991 0.802547 0.794257 0.788015 0.783745 0.781392 0.780930 0.782351 0.785674 0.790939 0.795750 0.780536 0.767706 0.757087 0.748535 0.741942 0.737225 0.734325 0.733208 0.733859 0.736286 0.740520 0.746611 0.754637 0.764699 0.776931 0.791497 0.808606 0.821997 0.794755 0.771059 0.750491 0.732711 0.717442 0.704459 0.693579 0.684654 0.677567 0.672229 0.668572 0.666551 0.665262 0.665338 0.667021 0.670331 0.675310 0.682018 0.690542 0.700991 0.713506 0.728263 0.745477 0.765413 0.788397 0.797472 0.789142 0.782850 0.778519 0.776095 0.775548 0.776873 0.780084 0.785222 0.792349 0.801556 0.812960 0.826715 0.843008 0.862075 0.884204 0.909748 0.924544 0.898228 0.875418 0.855749 0.838921 0.824691 0.812861 0.803273 0.795804 0.790358 0.786870 0.785296 0.785616 0.787836 0.791982 0.798104 0.806280 0.806015 0.769199 0.737298 0.709578 0.685460 0.664474 0.646247 0.630471 0.616897 0.605324 0.595584 0.590870 0.589064 0.588684 0.589724 0.592197 0.596133 0.601581 0.608608 0.617307 0.627792 0.640209 0.654735 0.671592 0.691048 0.713436 0.739163 0.768736 0.802788 0.842120 0.887753 0.941013 3003.000000 1.073316 0.853263
0.848521 0.822161 0.799257 0.779421 0.762338 0.747751 0.735450 0.725266 0.717064 0.710739 0.706211 0.703424 0.702344 0.702958 0.705274 0.709320 0.715145 0.722823 0.732451 0.744155 0.758096 0.774471 0.793522 0.815549 0.840917 0.867637 0.836075 0.808608 0.784719 0.763989 0.746076 0.730705 0.717648 0.706722 0.697779 0.690704 0.685405 0.681816 0.679895 0.679617 0.680979 0.683997 0.688709 0.695173 0.703470 0.713708 0.726023 0.740585 0.757607 0.777346 0.800120 0.785490 0.768211 0.753452 0.741000 0.730686 0.722371 0.715948 0.711337 0.708481 0.707345 0.707915 0.710199 0.714223 0.720038 0.727716 0.737355 0.749082 0.763055 0.779474 0.798580 0.820674 0.846121 0.875373 0.908989 0.947663 0.992271 0.988373 0.938115 0.894772 0.857231 0.824620 0.796247 0.771559 0.750108 0.731533 0.715537 0.701881 0.690368 0.680841 0.673172 0.667264 0.663042 0.660455 0.659470 0.660075 0.662279 0.666108 0.671609 0.678850 0.670431 0.661522 0.654403 0.648982 0.645192 0.642985 0.642336 0.643237 0.645697 0.649748 0.655439 0.662841 0.672050 0.683187 0.696406 0.711896 0.729888 0.750669 0.774589 0.802078 0.833674 0.870042 0.912026 0.960698 1.000000 0.953717 0.913633 0.878814 5955.500000 1.132088 0.813419
0.728059 0.712682 0.699591 0.688601 0.679563 0.672359 0.666895 0.663103 0.660938 0.660373 0.661400 0.664033 0.668304 0.674265 0.681990 0.691581 0.703163 0.716895 0.732977 0.751648 0.773207 0.798018 0.826532 0.859306 0.897036 0.940602 0.916454 0.866982 0.824461 0.787726 0.755868 0.728172 0.704071 0.683106 0.664910 0.649181 0.635676 0.624194 0.614573 0.606684 0.600423 0.595711 0.592488 0.590715 0.590371 0.591451 0.593969 0.597409 0.586430 0.577212 0.569631 0.563586 0.559001 0.555818 0.553998 0.553520 0.554376 0.556578 0.560153 0.565144 0.571614 0.579646 0.589348 0.600852 0.614323 0.629965 0.648026 0.668813 0.692700 0.720157 0.751766 0.788263 0.830588 0.879956 0.937966 1.000000 0.947147 0.901664 0.862332 0.828199 0.798516 0.772684 0.750222 0.730739 0.713919 0.699503 0.687281 0.677082 0.668769 0.662233 0.657392 0.654186 0.652576 0.652542 0.654083 0.657219 0.661987 0.668447 0.676681 0.686795 0.698926 0.706555 0.687173 0.670398 0.655965 0.643659 0.633303 0.624756 0.617906 0.612664 0.608965 0.606764 0.606033 0.606764 0.608965 0.612664 0.617906 0.624756 0.633303 0.643659 0.655965 0.670398 0.687173 0.706555 0.728870 0.754516 0.766639 0.745951 1196.500000 1.247852 0.787688
0.714498 0.707460 0.702236 0.698759 0.696987 0.696898 0.698492 0.701788 0.706827 0.713669 0.722403 0.733141 0.746028 0.761243 0.779007 0.778506 0.760017 0.744138 0.730632 0.719309 0.710017 0.702633 0.697063 0.693237 0.691109 0.690653 0.691863 0.694754 0.699361 0.705741 0.713974 0.724167 0.736456 0.751008 0.768036 0.787795 0.810602 0.833506 0.823042 0.814776 0.808603 0.804446 0.802254 0.802002 0.803685 0.807324 0.812963 0.820673 0.830551 0.842724 0.857355 0.874648 0.894853 0.918278 0.866539 0.819129 0.778415 0.743262 0.712790 0.686307 0.663261 0.643213 0.625804 0.610745 0.597800 0.586777 0.577519 0.569900 0.563821 0.559202 0.555988 0.554137 0.553628 0.554454 0.556626 0.560169 0.565128 0.575016 0.589701 0.606655 0.626165 0.648587 0.674360 0.704032 0.738295 0.778034 0.824394 0.878879 0.943511 1.000000 0.959003 0.923371 0.892366 0.865392 0.841969 0.821709 0.804293 0.789462 0.777006 0.766756 0.758576 0.752362 0.748037 0.745547 0.744862 0.745974 0.748896 0.753663 0.760335 0.763262 0.749149 0.737292 0.727530 0.719735 0.713806 0.709670 0.707276 0.706594 0.707617 0.710356 0.714845 0.721140 0.729320 0.739489 0.751782 0.747517 0.734394 0.723437 7906.000000 1.112565 0.826008
0.435117 0.438514 0.443040 0.448753 0.455728 0.464058 0.473862 0.485282 0.498498 0.513726 0.531234 0.551352 0.574492 0.601172 0.632047 0.667961 0.710017 0.759677 0.818927 0.817611 0.800530 0.786004 0.773825 0.763831 0.755889 0.749899 0.745785 0.743498 0.743009 0.744312 0.747424 0.752383 0.759249 0.768108 0.779076 0.792299 0.807957 0.826278 0.847539 0.872078 0.900315 0.932763 0.902187 0.841008 0.789380 0.745416 0.707705 0.675175 0.646994 0.622511 0.601209 0.582674 0.566571 0.552630 0.540630 0.530391 0.521766 0.514636 0.508909 0.504510 0.501383 0.499491 0.498810 0.499333 0.501065 0.504027 0.508257 0.513806 0.520746 0.529169 0.539189 0.550948 0.554223 0.555224 0.557574 0.561302 0.566454 0.573095 0.581311 0.591211 0.602931 0.616642 0.632549 0.650909 0.672033 0.696309 0.724214 0.756347 0.757359 0.755635 0.755734 0.757659 0.761433 0.767102 0.774736 0.784433 0.796318 0.810552 0.827333 0.846907 0.869576 0.895708 0.925759 0.960290 1.000000 0.988280 0.896366 0.821906 0.760559 0.709324 0.666060 0.629199 0.597567 0.570272 0.546621 0.526071 0.508189 0.492631 0.479118 0.467421 0.457358 0.448778 0.441557 0.435598 0.432179 0.431346 0.431555 0.432806 570.500000 1.471088 0.728140
0.831076 0.804504 0.781403 0.761374 0.744095 0.729300 0.716776 0.706347 0.697874 0.691248 0.686384 0.683223 0.681726 0.681874 0.683670 0.687134 0.692311 0.699264 0.697004 0.686082 0.677102 0.669948 0.664528 0.660774 0.658639 0.658099 0.659147 0.661794 0.666074 0.672039 0.679765 0.689350 0.700922 0.696783 0.684520 0.674276 0.665915 0.659329 0.654432 0.651164 0.649486 0.649377 0.650836 0.653880 0.658546 0.664893 0.673001 0.682974 0.694947 0.709086 0.725596 0.744731 0.757782 0.768640 0.781724 0.797215 0.815337 0.836363 0.860631 0.888554 0.920641 0.957526 1.000000 0.994469 0.944475 0.901334 0.863953 0.831472 0.803210 0.778620 0.757261 0.738775 0.722870 0.709308 0.697896 0.688477 0.680928 0.675152 0.671076 0.668650 0.667845 0.654975 0.642202 0.631409 0.622448 0.615199 0.609569 0.605486 0.602901 0.601780 0.602112 0.603900 0.607166 0.611949 0.618310 0.626329 0.636111 0.647790 0.661528 0.667026 0.664006 0.662603 0.662798 0.664596 0.668017 0.673103 0.679918 0.688548 0.699106 0.711733 0.726609 0.743949 0.764023 0.787160 0.813763 0.835414 0.836354 0.839321 0.844351 0.851505 0.860872 0.872574 0.886764 0.903636 0.923430 0.937156 0.896715 0.861609 6791.000000 1.351688 0.864696
0.805092 0.820502 0.838573 0.859575 0.883841 0.911776 0.907578 0.868793 0.835116 0.805822 0.780330 0.758171 0.738967 0.722410 0.708247 0.696273 0.686324 0.678266 0.671996 0.660962 0.650318 0.641532 0.634488 0.629096 0.625289 0.623020 0.622261 0.623002 0.625254 0.629042 0.634415 0.641439 0.646185 0.643134 0.641651 0.641717 0.643333 0.646519 0.651313 0.657775 0.665988 0.676057 0.688119 0.702341 0.718933 0.713594 0.708578 0.705318 0.703776 0.703934 0.705791 0.709373 0.714721 0.721903 0.731009 0.742160 0.755503 0.771228 0.789563 0.810792 0.835263 0.863401 0.895734 0.932918 0.975775 1.000000 0.949894 0.906650 0.869175 0.836610 0.808274 0.783621 0.762209 0.743680 0.727742 0.714157 0.701516 0.684588 0.670033 0.657635 0.647219 0.638643 0.631792 0.626581 0.622943 0.620834 0.620229 0.621120 0.623517 0.627451 0.632969 0.640141 0.648451 0.640684 0.634612 0.630158 0.627267 0.625903 0.626049 0.627709 0.630901 0.635665 0.642060 0.650167 0.660092 0.671969 0.685964 0.702282 0.721175 0.742951 0.767992 0.796766 0.829857 0.820259 0.804886 0.791952 0.781279 0.772727 0.766186 0.761573 0.758834 0.757933 0.758860 0.761627 0.766267 0.772837 0.781419 0.792124 10742.500000 1.226772 0.853206
0.518664 0.512614 0.505849 0.500450 0.496349 0.493493 0.491848 0.491394 0.492125 0.494051 0.497194 0.501593 0.507304 0.514400 0.522975 0.533147 0.545062 0.558899 0.574877 0.593267 0.587127 0.580032 0.574473 0.570381 0.567705 0.566412 0.566487 0.567930 0.570759 0.575008 0.580731 0.587999 0.596908 0.607578 0.620157 0.634829 0.651821 0.671409 0.693935 0.719819 0.749585 0.783889 0.823562 0.869671 0.869535 0.830791 0.797191 0.767981 0.742562 0.720452 0.701261 0.684672 0.670428 0.658318 0.648172 0.639852 0.633249 0.628278 0.624879 0.623010 0.622647 0.623786 0.626441 0.630645 0.636450 0.643927 0.653175 0.638106 0.616417 0.597546 0.581154 0.566967 0.554760 0.544352 0.535594 0.528366 0.522573 0.518140 0.515012 0.513150 0.512532 0.513150 0.515012 0.518140 0.522573 0.526030 0.521198 0.517689 0.515462 0.514487 0.514754 0.516265 0.519039 0.523111 0.528530 0.535366 0.543707 0.553668 0.565389 0.579041 0.594837 0.613038 0.633963 0.658009 0.685667 0.717557 0.754464 0.797399 0.847681 0.907063 0.977924 1.000000 0.924213 0.861032 0.807757 0.762421 0.723555 0.690040 0.661014 0.635802 0.613867 0.594780 0.578195 0.563831 0.551460 0.540896 0.531986 0.524608 7823.000000 1.421074 0.744682
0.718866 0.727986 0.739144 0.752491 0.768213 0.786541 0.807759 0.832213 0.860332 0.876992 0.855865 0.837702 0.822234 0.809241 0.798547 0.790009 0.783520 0.778997 0.776387 0.775656 0.776796 0.779821 0.784768 0.791697 0.800696 0.811880 0.825397 0.841434 0.860220 0.882037 0.907232 0.936230 0.969556 1.000000 0.961280 0.927599 0.898288 0.872812 0.850733 0.831698 0.815418 0.801657 0.790225 0.780970 0.773771 0.768538 0.765207 0.763736 0.764108 0.766328 0.753762 0.738187 0.724954 0.713877 0.704805 0.697621 0.692232 0.688572 0.686596 0.686280 0.687620 0.690633 0.695354 0.701843 0.710181 0.712850 0.705001 0.698988 0.694736 0.692193 0.691328 0.692131 0.694610 0.698798 0.704744 0.712523 0.722235 0.734009 0.748004 0.764421 0.783505 0.805556 0.830944 0.860125 0.893660 0.932254 0.950050 0.935239 0.923072 0.913390 0.906069 0.901017 0.898174 0.897503 0.898998 0.902677 0.908583 0.916790 0.927401 0.940553 0.956421 0.928499 0.884327 0.846113 0.812942 0.784092 0.758985 0.737157 0.718231 0.701901 0.687917 0.676077 0.666216 0.658296 0.652727 0.648801 0.646470 0.645706 0.646500 0.648860 0.652816 0.658416 0.665732 0.674855 0.685908 0.699040 0.706291 0.711665 1566.500000 1.139029 0.869701
0.729349 0.745934 0.750351 0.722141 0.697595 0.676238 0.657688 0.641633 0.627819 0.616040 0.606129 0.597949 0.591392 0.586376 0.582835 0.580729 0.580029 0.580729 0.582835 0.582110 0.580137 0.579569 0.580399 0.582636 0.586310 0.591463 0.598162 0.606492 0.616564 0.628516 0.642519 0.658783 0.677566 0.699186 0.724033 0.752591 0.785464 0.823414 0.867413 0.897242 0.887271 0.879614 0.874176 0.870890 0.869716 0.870640 0.873673 0.878851 0.886240 0.895930 0.908046 0.922748 0.940236 0.955455 0.859601 0.782941 0.720427 0.668650 0.625222 0.588422 0.556980 0.529940 0.506568 0.486292 0.468663 0.453320 0.439977 0.428400 0.418398 0.409817 0.402532 0.396439 0.391457 0.387521 0.384580 0.382599 0.381552 0.381427 0.382223 0.383949 0.386627 0.405238 0.430286 0.459816 0.494978 0.537364 0.589242 0.653951 0.736619 0.845544 0.995087 1.000000 0.962642 0.930135 0.901854 0.877292 0.856041 0.837765 0.822192 0.809102 0.798315 0.789689 0.783114 0.778508 0.775814 0.774998 0.776053 0.778989 0.783843 0.775960 0.755267 0.737379 0.722018 0.708958 0.698013 0.689035 0.681908 0.676539 0.672863 0.670834 0.670427 0.671638 0.674481 0.678991 0.685224 0.693257 0.703196 0.715171 17955.500000 1.289305 0.698865
0.967654 0.985628 0.908928 0.845193 0.791592 0.746075 0.707118 0.673570 0.644543 0.619346 0.597429 0.578356 0.561775 0.547400 0.534999 0.524383 0.515397 0.507917 0.501843 0.497096 0.493616 0.491360 0.490300 0.490423 0.491732 0.494241 0.497982 0.503001 0.509362 0.517147 0.526462 0.537438 0.550234 0.565050 0.582126 0.601762 0.624325 0.650273 0.680182 0.714779 0.755001 0.802068 0.857595 0.923775 1.000000 0.924494 0.861520 0.808402 0.763185 0.724411 0.690970 0.662005 0.636844 0.614952 0.595903 0.579353 0.565021 0.552681 0.542146 0.533266 0.525919 0.520008 0.515455 0.512205 0.510217 0.509467 0.509947 0.511660 0.514629 0.518891 0.524497 0.531521 0.540054 0.550212 0.562140 0.576015 0.592055 0.610527 0.631759 0.656159 0.684234 0.716623 0.754137 0.797825 0.849056 0.909660 0.979074 0.905447 0.844009 0.792167 0.748022 0.710158 0.677496 0.649202 0.624621 0.603234 0.584624 0.568457 0.554460 0.542410 0.532128 0.523467 0.516306 0.510552 0.506131 0.502987 0.501082 0.500392 0.500909 0.502639 0.505603 0.509839 0.515397 0.522351 0.530791 0.540833 0.552618 0.566324 0.582165 0.600406 0.621372 0.645466 0.673192 0.705181 0.742240 0.785407 0.836044 0.895966 1363.500000 1.045604 0.604149
0.817348 0.784778 0.756456 0.731809 0.710375 0.691780 0.675720 0.661947 0.650260 0.640494 0.632519 0.626230 0.621547 0.618413 0.616788 0.616654 0.618008 0.620868 0.625267 0.631260 0.638924 0.648357 0.659686 0.673069 0.688699 0.706815 0.727711 0.751746 0.779364 0.811118 0.847699 0.889980 0.939081 0.996457 1.000000 0.945840 0.899301 0.859099 0.824239 0.793935 0.767564 0.744625 0.724712 0.707497 0.692711 0.680135 0.669592 0.660939 0.654062 0.648874 0.645309 0.643326 0.642898 0.644021 0.646709 0.650995 0.656931 0.664592 0.674076 0.685511 0.699053 0.714899 0.733287 0.754511 0.778933 0.806998 0.839259 0.876405 0.919309 0.962527 0.917765 0.879004 0.845339 0.816051 0.790565 0.768418 0.749234 0.732706 0.718586 0.706670 0.696793 0.688826 0.682665 0.678232 0.675474 0.674356 0.674864 0.677006 0.680807 0.686313 0.693594 0.702741 0.713876 0.727150 0.742750 0.760907 0.781905 0.806092 0.829450 0.806416 0.786469 0.769294 0.754632 0.742274 0.732048 0.723821 0.717486 0.712964 0.710198 0.709156 0.709824 0.712210 0.716345 0.722278 0.730083 0.739861 0.751740 0.765882 0.782488 0.801804 0.824133 0.849847 0.879405 0.913373 0.952457 0.948787 0.898310 0.854887 3622.500000 1.047316 0.764652
