50
1000 1000
8 17 47 23 36 36 35 46 40 56 46 45 60 38 64 28 58
6 -35 25 19 -1 51 2 88 18 62 86 -1 87
6 28 72 52 45 100 37 112 79 88 114 52 103
5 2 7 18 -6 33 15 17 34 0 23
8 19 10 25 5 42 10 45 18 44 34 24 48 9 41 5 24
4 17 74 85 21 137 84 88 122
4 44 -11 62 22 41 57 22 26
7 27 16 36 1 58 1 65 25 51 39 35 43 22 31
7 17 151 54 116 80 143 124 179 100 215 61 214 6 191
5 84 79 139 81 188 111 151 167 81 152
7 -3 8 18 -9 36 2 38 20 38 35 17 32 4 21
7 67 137 91 99 142 135 177 155 145 191 115 227 61 198
4 41 124 125 73 225 127 140 254
8 30 133 52 108 91 90 120 105 146 131 117 173 90 189 38 173
4 105 37 159 94 90 146 13 114
8 29 45 39 38 52 17 72 27 65 51 75 67 47 64 32 62
5 27 10 49 0 60 21 45 56 22 36
7 24 56 27 11 75 20 92 59 66 97 45 90 -3 92
3 4 24 60 53 16 92
7 9 34 65 -5 109 13 146 64 104 89 68 98 -6 74
8 60 108 95 60 167 108 188 163 159 211 105 218 27 234 29 159
6 26 17 40 -16 74 -11 99 21 75 53 51 41
5 45 34 100 -2 140 46 84 88 34 86
7 9 34 28 23 43 24 50 37 39 58 21 62 7 50
8 70 127 92 103 126 94 142 103 178 130 158 153 125 158 101 158
8 38 50 52 48 65 33 78 38 82 57 75 63 61 71 37 73
8 20 34 23 26 38 11 52 22 55 40 51 56 37 60 27 44
7 -4 43 31 9 66 22 98 67 60 96 31 100 -10 74
7 30 13 67 -17 124 -7 114 48 98 68 71 93 22 73
3 81 11 154 65 96 96
4 -2 14 22 -6 33 15 25 37
6 7 51 27 20 79 23 76 55 77 92 37 74
8 28 76 75 79 155 86 173 128 149 197 84 210 18 196 10 143
5 5 6 38 -1 64 21 38 55 11 35
4 58 36 79 69 55 91 15 78
3 64 23 100 38 62 61
6 29 23 46 10 66 35 42 57 25 60 9 38
4 33 -4 74 19 32 35 -3 21
8 79 7 129 -7 172 7 202 79 153 112 119 127 83 111 30 85
4 79 43 161 87 74 138 7 101
7 37 83 61 62 115 49 117 92 104 153 69 135 38 111
7 9 24 25 17 44 12 41 35 44 58 18 60 -2 44
3 64 26 216 94 61 150
6 6 10 21 6 30 21 22 33 8 33 -3 22
6 21 -5 50 -7 68 20 43 34 14 38 -2 17
4 -12 46 51 0 123 57 62 101
3 29 5 60 19 33 45
4 74 105 142 147 78 200 -9 151
7 103 64 117 55 156 61 167 92 156 109 123 121 88 99
8 32 28 45 2 66 20 71 42 50 50 45 65 30 53 8 43
