0.839561 0.828787 0.820238 0.813803 0.809403 0.806985 0.806518 0.807997 0.811439 0.816888 0.824410 0.834099 0.846082 0.860517 0.877604 0.897590 0.906028 0.886297 0.869457 0.855266 0.843531 0.834096 0.826840 0.821671 0.818526 0.817366 0.818179 0.820972 0.825781 0.832664 0.841708 0.853028 0.866773 0.883131 0.902334 0.924667 0.950482 0.968643 0.925861 0.888750 0.856482 0.828402 0.803979 0.782787 0.764478 0.748769 0.735428 0.724268 0.715140 0.707922 0.702525 0.698880 0.696943 0.696691 0.698119 0.701247 0.706112 0.712773 0.721316 0.731850 0.744517 0.759492 0.776992 0.797284 0.820694 0.847624 0.878570 0.889403 0.874761 0.862639 0.852874 0.845341 0.839947 0.836623 0.835330 0.836052 0.838798 0.843601 0.850520 0.859641 0.871081 0.884991 0.901560 0.921022 0.943666 0.969847 1.000000 0.996612 0.954214 0.917397 0.885368 0.857497 0.833273 0.812283 0.794191 0.778723 0.765655 0.754806 0.746033 0.739222 0.734287 0.731167 0.729824 0.730243 0.732427 0.736404 0.742222 0.749954 0.759698 0.771581 0.785766 0.802451 0.821884 0.844365 0.840596 0.828221 0.818148 0.810246 0.804414 0.800580 0.798698 0.798744 0.800719 0.804648 0.810577 0.818581 0.828762 0.841251 7044.000000 1.145308 0.879725
0.862762 0.808388 0.762189 0.722631 0.688554 0.659063 0.633457 0.611184 0.591801 0.574953 0.560350 0.547757 0.536983 0.527871 0.520297 0.514158 0.509374 0.505887 0.503652 0.502642 0.502845 0.504264 0.506915 0.510832 0.516062 0.522673 0.530750 0.540404 0.551769 0.565013 0.580341 0.598004 0.618312 0.641649 0.668490 0.699433 0.735237 0.776876 0.825624 0.883169 0.951802 0.989549 0.912722 0.848862 0.795145 0.749520 0.710465 0.676828 0.647723 0.622455 0.600477 0.581351 0.564724 0.550310 0.537878 0.527237 0.518233 0.510741 0.504661 0.499914 0.496441 0.494198 0.493158 0.493308 0.494650 0.497201 0.500991 0.506068 0.512496 0.520359 0.529764 0.540842 0.553755 0.568704 0.585933 0.605743 0.628507 0.654687 0.684865 0.719777 0.760370 0.807878 0.863938 0.930768 1.000000 0.923801 0.860318 0.806818 0.761309 0.722307 0.688685 0.659572 0.634287 0.612289 0.593147 0.576512 0.562102 0.549687 0.539079 0.530126 0.522704 0.516714 0.512080 0.508743 0.506662 0.505811 0.506181 0.507775 0.510614 0.514731 0.520178 0.527026 0.535363 0.545303 0.556986 0.570585 0.586313 0.604430 0.625256 0.649189 0.676722 0.708476 0.745241 0.788032 0.838180 0.897452 0.968255 0.927373 2379.000000 1.031251 0.604385
0.786994 0.809560 0.798552 0.789717 0.782941 0.778139 0.775251 0.774244 0.775103 0.777841 0.782490 0.789107 0.797775 0.808606 0.821741 0.837361 0.855688 0.876994 0.901617 0.929967 0.962552 1.000000 0.972148 0.924189 0.882767 0.846850 0.815631 0.788463 0.764830 0.744313 0.726573 0.711333 0.698367 0.687492 0.678559 0.671453 0.666082 0.662380 0.660300 0.659818 0.660927 0.663642 0.666437 0.660612 0.656457 0.653918 0.652967 0.653590 0.655796 0.659611 0.665083 0.672279 0.681292 0.692240 0.705273 0.720575 0.738374 0.758949 0.782644 0.809879 0.841178 0.877191 0.918739 0.966862 0.977976 0.942129 0.910933 0.883798 0.860245 0.839886 0.822404 0.807540 0.795086 0.784872 0.776764 0.770660 0.766484 0.764183 0.763731 0.765121 0.768371 0.773520 0.780631 0.789795 0.784133 0.770862 0.759832 0.750897 0.743940 0.738876 0.735640 0.734193 0.734518 0.736618 0.740520 0.746270 0.753942 0.763631 0.775465 0.789604 0.806246 0.825637 0.848077 0.873935 0.876460 0.844684 0.817031 0.792980 0.772112 0.754085 0.738618 0.725486 0.714504 0.705524 0.698429 0.693128 0.689555 0.687668 0.687442 0.688875 0.691985 0.696810 0.703408 0.711865 0.722288 0.734817 0.749627 0.766931 6751.000000 1.144218 0.842605
0.993908 0.945942 0.904470 0.868487 0.837197 0.809967 0.786287 0.765744 0.748004 0.732792 0.719887 0.709107 0.700307 0.693373 0.688216 0.684773 0.683002 0.682881 0.684408 0.687602 0.692503 0.688321 0.670460 0.655041 0.641826 0.630623 0.621276 0.613658 0.607672 0.603240 0.600308 0.598840 0.598818 0.592322 0.585001 0.579236 0.574955 0.572106 0.570652 0.570577 0.571879 0.574575 0.578697 0.584296 0.591444 0.600232 0.610779 0.623232 0.637772 0.654621 0.674052 0.696401 0.722082 0.751610 0.785629 0.824955 0.870633 0.893441 0.879800 0.868630 0.859785 0.853153 0.848652 0.846226 0.845845 0.847506 0.851228 0.857056 0.865063 0.875351 0.888050 0.853646 0.819448 0.789713 0.763836 0.741331 0.721803 0.704932 0.690457 0.678166 0.667885 0.659476 0.652830 0.647861 0.644509 0.642731 0.642507 0.643834 0.646727 0.649053 0.633417 0.619975 0.608527 0.598911 0.590996 0.584678 0.579875 0.576528 0.574596 0.574055 0.574899 0.577138 0.580799 0.585927 0.592587 0.600864 0.610868 0.622737 0.636640 0.652786 0.660998 0.662259 0.665130 0.669646 0.675864 0.683861 0.693740 0.705635 0.719708 0.736164 0.755252 0.777278 0.802619 0.831740 0.865216 0.903769 0.948309 1.000000 19795.000000 1.363735 0.838770
0.756599 0.795255 0.840208 0.892826 0.954930 0.942399 0.890305 0.845598 0.807018 0.773588 0.744539 0.719262 0.697271 0.678169 0.661638 0.647416 0.635290 0.625089 0.616673 0.609929 0.604773 0.601140 0.598984 0.598280 0.599019 0.601209 0.604879 0.610072 0.616854 0.625312 0.635558 0.635334 0.615385 0.598047 0.583025 0.570079 0.559013 0.549668 0.541914 0.535648 0.530789 0.527277 0.525067 0.524133 0.524464 0.526063 0.528951 0.533161 0.538748 0.545782 0.554355 0.564583 0.576611 0.590617 0.606818 0.625482 0.646939 0.671596 0.699960 0.732668 0.770531 0.814589 0.866204 0.927188 1.000000 0.937338 0.883135 0.836764 0.796844 0.762312 0.732339 0.706272 0.683586 0.663862 0.646759 0.631999 0.619357 0.608648 0.599723 0.592463 0.586773 0.582582 0.579837 0.578505 0.578570 0.580032 0.582909 0.587237 0.593069 0.600480 0.609564 0.620446 0.633277 0.648244 0.665578 0.685561 0.708541 0.734947 0.714132 0.686335 0.662156 0.641115 0.622825 0.606970 0.593297 0.581596 0.571699 0.563467 0.556792 0.551586 0.547784 0.545339 0.544220 0.544416 0.545927 0.548772 0.552986 0.558621 0.565750 0.574464 0.584883 0.597151 0.611450 0.628000 0.647074 0.669004 0.694204 0.723188 5246.000000 1.430280 0.727331
0.790972 0.812270 0.836817 0.865044 0.897478 0.883001 0.870315 0.860031 0.852016 0.846169 0.842417 0.840714 0.841040 0.843400 0.847820 0.854357 0.863090 0.874132 0.887625 0.903753 0.922743 0.944872 0.970484 1.000000 0.961257 0.921547 0.887041 0.857016 0.830892 0.808204 0.788571 0.771684 0.757292 0.745189 0.735210 0.727223 0.721127 0.716844 0.714323 0.713533 0.714463 0.717126 0.701704 0.687954 0.676331 0.666674 0.658853 0.652768 0.648342 0.645520 0.644268 0.644571 0.646432 0.649874 0.654939 0.661690 0.670214 0.680620 0.693051 0.707681 0.724726 0.744450 0.767177 0.793307 0.823333 0.857870 0.897688 0.943766 0.940628 0.925852 0.913700 0.904013 0.896667 0.891569 0.888658 0.887898 0.889280 0.892820 0.898562 0.906577 0.916964 0.929859 0.945431 0.963896 0.936233 0.898988 0.866601 0.838416 0.813906 0.792643 0.774281 0.758536 0.745179 0.734021 0.724913 0.717736 0.712400 0.708837 0.707004 0.706880 0.708461 0.711769 0.716843 0.723745 0.732564 0.743413 0.756438 0.771821 0.789784 0.786898 0.769072 0.753811 0.740894 0.730141 0.721409 0.714585 0.709582 0.706339 0.704815 0.704993 0.706874 0.710481 0.715858 0.723073 0.732217 0.743409 0.756800 0.772577 7507.000000 1.309878 0.869347
0.612386 0.607008 0.603163 0.600806 0.599906 0.600453 0.602454 0.605933 0.610933 0.617516 0.625766 0.632942 0.630822 0.630229 0.631156 0.633615 0.637634 0.643265 0.650578 0.659666 0.670649 0.683680 0.698945 0.716673 0.737145 0.760708 0.787788 0.818912 0.854741 0.896106 0.944068 1.000000 0.949126 0.903622 0.864268 0.830115 0.800413 0.774565 0.752090 0.732597 0.715770 0.701350 0.689127 0.678931 0.670624 0.664098 0.659271 0.656082 0.654494 0.654486 0.643688 0.633923 0.625935 0.619620 0.614897 0.611709 0.610015 0.609796 0.611049 0.613788 0.618048 0.623881 0.631360 0.640583 0.651672 0.664782 0.663618 0.657583 0.653217 0.650465 0.649293 0.649689 0.651655 0.655217 0.660417 0.667322 0.676018 0.686619 0.699270 0.714149 0.731475 0.751518 0.764364 0.755549 0.748719 0.743787 0.740692 0.739396 0.739885 0.742163 0.746259 0.752222 0.754386 0.747445 0.742402 0.739196 0.737788 0.738159 0.740316 0.744283 0.750110 0.757869 0.767659 0.779608 0.793878 0.810669 0.830229 0.852862 0.859630 0.821014 0.787535 0.758435 0.733112 0.711083 0.691957 0.675418 0.661207 0.649113 0.638965 0.630626 0.623985 0.618958 0.615483 0.613515 0.613033 0.614030 0.616517 0.619366 18972.000000 1.209164 0.857257
1.000000 0.998693 0.957273 0.921284 0.889969 0.862723 0.839057 0.818574 0.800951 0.785924 0.773280 0.762844 0.754479 0.748079 0.743563 0.740875 0.739982 0.740875 0.743563 0.736155 0.716730 0.699946 0.685545 0.673313 0.663080 0.654706 0.648084 0.643127 0.639776 0.637988 0.637743 0.639036 0.641885 0.646322 0.652405 0.660208 0.669833 0.681410 0.695097 0.711094 0.729643 0.751044 0.775664 0.803955 0.836478 0.873939 0.917225 0.905465 0.881102 0.860033 0.841929 0.826522 0.813593 0.802968 0.794505 0.788098 0.783666 0.781155 0.780535 0.781797 0.784958 0.790055 0.797152 0.791205 0.777311 0.765709 0.756244 0.748792 0.743258 0.739574 0.737695 0.737598 0.739281 0.742766 0.748095 0.755333 0.764573 0.775934 0.789569 0.805667 0.824462 0.846243 0.863227 0.837514 0.815194 0.795901 0.779335 0.765249 0.753447 0.743768 0.736085 0.730301 0.726343 0.724163 0.723734 0.725052 0.728131 0.733010 0.739750 0.748434 0.759175 0.760387 0.741864 0.725930 0.712345 0.700918 0.691490 0.683939 0.678167 0.674102 0.671694 0.670914 0.671751 0.674218 0.678342 0.684176 0.691792 0.701288 0.712790 0.726454 0.742476 0.761095 0.782607 0.807371 0.835833 0.868544 0.906192 0.949642 1117.500000 1.179296 0.855259
0.681431 0.725651 0.778013 0.840703 0.916784 0.924290 0.866520 0.817399 0.775316 0.739048 0.707650 0.680383 0.656663 0.636021 0.618082 0.602478 0.588819 0.577125 0.567226 0.558985 0.552292 0.547059 0.543221 0.540730 0.539555 0.539684 0.541116 0.543869 0.547977 0.553492 0.560482 0.569040 0.579280 0.591347 0.605416 0.621705 0.606371 0.578617 0.554570 0.533677 0.515497 0.499680 0.485939 0.474046 0.465468 0.458724 0.453250 0.448973 0.445840 0.443813 0.442866 0.442988 0.444180 0.446458 0.449848 0.454393 0.460151 0.467196 0.475624 0.485553 0.497129 0.510530 0.525975 0.543736 0.564144 0.587614 0.612766 0.625855 0.641095 0.658721 0.679026 0.702369 0.729193 0.760051 0.795638 0.836836 0.884780 0.940958 1.000000 0.898184 0.816972 0.750887 0.696245 0.650476 0.611737 0.578668 0.550249 0.525698 0.504407 0.485899 0.469792 0.455782 0.443621 0.433109 0.424081 0.416778 0.411164 0.406665 0.403225 0.400799 0.399360 0.398888 0.399378 0.400836 0.403280 0.406739 0.411258 0.416894 0.423722 0.431835 0.432531 0.433043 0.434604 0.437235 0.440965 0.445844 0.451932 0.459311 0.468081 0.478368 0.490324 0.504139 0.520045 0.538326 0.559335 0.583514 0.611417 0.643752 1820.500000 1.565586 0.653179
0.957439 0.929061 0.904433 0.883149 0.864880 0.849356 0.836358 0.825712 0.817278 0.810948 0.806643 0.804312 0.803925 0.805478 0.808989 0.814503 0.822086 0.831834 0.843874 0.858365 0.866696 0.847300 0.830710 0.816687 0.805036 0.795603 0.788266 0.782932 0.779534 0.778033 0.778408 0.780666 0.784833 0.790961 0.799125 0.809430 0.822010 0.836685 0.830222 0.825832 0.823462 0.823083 0.824689 0.828302 0.833964 0.841746 0.851746 0.864093 0.878952 0.896528 0.917076 0.900423 0.883507 0.869270 0.857518 0.848096 0.840882 0.835786 0.832746 0.831724 0.832708 0.835711 0.840768 0.847941 0.857322 0.869029 0.883217 0.900081 0.919860 0.942851 0.969416 1.000000 0.971297 0.935657 0.904642 0.877664 0.854247 0.834004 0.816619 0.801837 0.789449 0.779286 0.771216 0.765136 0.760970 0.758667 0.758199 0.759560 0.762766 0.767858 0.774898 0.783974 0.795203 0.808735 0.824758 0.843501 0.849826 0.837142 0.826794 0.818647 0.812597 0.808569 0.806515 0.806409 0.808249 0.812059 0.817885 0.825799 0.835900 0.848321 0.857633 0.848994 0.842538 0.838183 0.835877 0.835590 0.837320 0.841088 0.846939 0.854947 0.865211 0.877866 0.893079 0.911063 0.932078 0.956443 0.984553 0.990066 1040.000000 1.119396 0.908244
0.780419 0.739512 0.704292 0.673823 0.647377 0.624375 0.604358 0.586955 0.571865 0.558844 0.547692 0.538249 0.530381 0.523985 0.518976 0.515292 0.512886 0.511730 0.511810 0.513125 0.515693 0.519545 0.524729 0.531310 0.539374 0.549029 0.560411 0.573687 0.589060 0.606781 0.627160 0.650578 0.663381 0.662960 0.664138 0.666930 0.671370 0.677512 0.685434 0.695239 0.707056 0.721049 0.737419 0.756414 0.778339 0.803566 0.832556 0.865881 0.904253 0.948575 1.000000 0.974811 0.914503 0.863181 0.819182 0.781241 0.748383 0.719841 0.695009 0.673401 0.654626 0.638366 0.624361 0.612401 0.602315 0.593963 0.587236 0.582045 0.578326 0.576033 0.575139 0.575632 0.577518 0.580821 0.585580 0.581182 0.574531 0.569388 0.565687 0.563381 0.562445 0.562864 0.564646 0.567812 0.572399 0.578467 0.586091 0.595373 0.606438 0.619442 0.634579 0.652084 0.672248 0.695428 0.722065 0.752709 0.788052 0.821096 0.795565 0.773380 0.754167 0.737619 0.723487 0.711569 0.701700 0.693749 0.687615 0.683219 0.680509 0.679450 0.680030 0.682256 0.686156 0.691776 0.699187 0.708484 0.719790 0.733256 0.749076 0.767483 0.788765 0.813276 0.841452 0.873831 0.911084 0.951547 0.884549 0.828229 14095.000000 1.368320 0.762769
0.931834 0.957767 0.987633 0.962676 0.907524 0.860309 0.819641 0.784448 0.753895 0.727319 0.704192 0.684087 0.666660 0.651629 0.638767 0.626915 0.613930 0.602894 0.593653 0.586082 0.580081 0.575575 0.572506 0.570838 0.570551 0.571639 0.574118 0.578017 0.583385 0.590288 0.598816 0.609084 0.621232 0.635437 0.651914 0.670927 0.692802 0.717940 0.746837 0.780116 0.818563 0.863184 0.915282 0.907278 0.885292 0.866385 0.850273 0.836729 0.825568 0.816642 0.809836 0.805067 0.802275 0.801426 0.802511 0.805541 0.810555 0.817614 0.826805 0.838249 0.852095 0.868533 0.887800 0.910182 0.936036 0.965797 1.000000 0.952240 0.901640 0.858110 0.820474 0.787820 0.759424 0.734713 0.713224 0.694581 0.678481 0.664676 0.652963 0.643178 0.635189 0.628894 0.624210 0.621082 0.619469 0.619203 0.611112 0.604668 0.599788 0.596411 0.594497 0.594021 0.594978 0.597380 0.601255 0.606653 0.613639 0.622305 0.632766 0.645165 0.659681 0.676532 0.695988 0.718377 0.744107 0.773682 0.807731 0.847050 0.892653 0.914272 0.894291 0.877233 0.862854 0.850955 0.841379 0.834003 0.828734 0.825508 0.824285 0.825050 0.827813 0.832607 0.839491 0.848551 0.859903 0.873695 0.890118 0.909402 7237.500000 1.293897 0.797435
0.874705 0.932042 1.000000 0.948303 0.900532 0.859314 0.823602 0.792573 0.765574 0.742083 0.721677 0.704014 0.688815 0.675852 0.664940 0.655931 0.623567 0.592818 0.566260 0.543231 0.523214 0.505795 0.490642 0.477487 0.466113 0.456342 0.448029 0.441058 0.435333 0.430779 0.427338 0.424967 0.423637 0.423333 0.424049 0.425796 0.428594 0.431991 0.434886 0.438884 0.444037 0.450409 0.458087 0.467176 0.477808 0.490143 0.504379 0.520759 0.539582 0.561220 0.586137 0.614918 0.648316 0.687299 0.733151 0.787590 0.838320 0.823416 0.810951 0.800759 0.792706 0.786689 0.782634 0.780492 0.780236 0.781863 0.785392 0.790868 0.798357 0.807955 0.819785 0.834006 0.829053 0.780818 0.739570 0.704073 0.673376 0.646736 0.623569 0.603407 0.585876 0.570671 0.557544 0.546294 0.536756 0.528798 0.522312 0.517215 0.513441 0.510943 0.509692 0.509672 0.501739 0.494863 0.489335 0.485085 0.482059 0.480221 0.479547 0.480031 0.481676 0.484505 0.488551 0.493864 0.500514 0.508587 0.518193 0.529469 0.542584 0.552570 0.552021 0.552802 0.554925 0.558414 0.563314 0.569684 0.577608 0.587190 0.598561 0.611885 0.627361 0.645235 0.665809 0.689453 0.716629 0.747910 0.784022 0.825889 9480.000000 1.600481 0.759286
0.751186 0.766833 0.785077 0.806201 0.830548 0.858545 0.890716 0.887620 0.874825 0.864446 0.856350 0.850434 0.846624 0.844875 0.845164 0.847497 0.851900 0.858428 0.867162 0.878213 0.891726 0.907882 0.926908 0.949084 0.974754 0.991744 0.948094 0.910225 0.877298 0.848642 0.823721 0.802099 0.783422 0.767402 0.753803 0.742436 0.733146 0.725812 0.720343 0.716668 0.714744 0.714547 0.716075 0.719346 0.724401 0.731301 0.740133 0.751014 0.764087 0.779534 0.797581 0.818501 0.825236 0.810260 0.797706 0.787404 0.779217 0.773041 0.768801 0.766443 0.765939 0.767283 0.770491 0.775602 0.782680 0.791813 0.803120 0.816750 0.832892 0.851778 0.873695 0.898992 0.928099 0.961550 1.000000 0.992709 0.952760 0.918028 0.887803 0.861514 0.838700 0.818984 0.802063 0.787685 0.775650 0.765794 0.757988 0.752134 0.748158 0.746011 0.745668 0.747125 0.750398 0.755529 0.762580 0.771640 0.782826 0.796288 0.812213 0.830829 0.852421 0.877335 0.905997 0.938934 0.976798 0.961469 0.920011 0.884023 0.852721 0.825481 0.801799 0.781267 0.763555 0.748390 0.735554 0.724868 0.716188 0.709403 0.704425 0.701195 0.699672 0.699838 0.701695 0.705266 0.710593 0.717744 0.726809 0.737907 791.500000 1.149657 0.841842
0.616956 0.609150 0.602973 0.598348 0.595215 0.593538 0.593296 0.594485 0.597121 0.601235 0.606878 0.614122 0.623059 0.633811 0.646524 0.661384 0.678617 0.698499 0.721372 0.747656 0.777872 0.812674 0.852886 0.899565 0.854745 0.793314 0.741789 0.698128 0.660824 0.628743 0.601013 0.576957 0.556041 0.537838 0.522007 0.508271 0.496405 0.486224 0.477581 0.470352 0.464441 0.463268 0.473364 0.485104 0.498674 0.514300 0.532260 0.552900 0.576650 0.604053 0.635799 0.672777 0.716154 0.767486 0.828897 0.903354 0.995143 1.000000 0.941120 0.890815 0.847554 0.810161 0.777722 0.749517 0.724972 0.703625 0.685102 0.669100 0.655371 0.643714 0.633965 0.624084 0.614912 0.607448 0.601594 0.597278 0.594445 0.593061 0.593108 0.594589 0.597519 0.601936 0.607894 0.615469 0.624759 0.635890 0.638135 0.625629 0.615057 0.606272 0.599159 0.593623 0.589596 0.587029 0.585888 0.586162 0.587853 0.590981 0.595586 0.601723 0.609472 0.618934 0.630236 0.643538 0.659036 0.676969 0.697634 0.721392 0.748693 0.780095 0.816299 0.858195 0.906927 0.895767 0.853429 0.816791 0.784983 0.757316 0.733238 0.712308 0.694165 0.678518 0.665127 0.653800 0.644378 0.636736 0.630775 0.626419 847.500000 1.225023 0.679068
0.555064 0.556977 0.560258 0.564947 0.571102 0.578803 0.588150 0.599272 0.612326 0.627506 0.645053 0.665257 0.688480 0.715168 0.745879 0.781312 0.806028 0.795652 0.787413 0.781205 0.776951 0.774600 0.774122 0.775511 0.778786 0.783984 0.791171 0.800438 0.811903 0.825720 0.842078 0.861215 0.883420 0.909047 0.910228 0.847846 0.795260 0.750518 0.712167 0.679101 0.650467 0.625596 0.603959 0.585130 0.568769 0.554598 0.542390 0.531963 0.523165 0.515876 0.509999 0.505459 0.502198 0.500176 0.499368 0.504040 0.510233 0.517844 0.526974 0.537751 0.550330 0.564906 0.581715 0.601047 0.623261 0.648804 0.674808 0.678907 0.684716 0.692306 0.701777 0.713253 0.726890 0.742884 0.761473 0.782950 0.807677 0.836096 0.868758 0.906347 0.949728 1.000000 0.939610 0.868057 0.808441 0.758196 0.715454 0.678822 0.647241 0.619896 0.596145 0.575482 0.557502 0.541877 0.528343 0.533165 0.544834 0.558401 0.574078 0.592129 0.612877 0.636721 0.664160 0.695822 0.732508 0.775248 0.825397 0.884761 0.928065 0.871853 0.823933 0.782794 0.747282 0.716504 0.689756 0.666482 0.646233 0.628648 0.613433 0.600349 0.589202 0.579833 0.572113 0.565771 0.560867 0.557379 0.555264 0.554495 1379.000000 1.189875 0.685289
0.629353 0.625721 0.623624 0.623037 0.623952 0.626382 0.630355 0.635921 0.643149 0.652133 0.662991 0.675872 0.690961 0.708485 0.728723 0.752016 0.778784 0.809552 0.844969 0.885859 0.933271 0.951051 0.884021 0.827680 0.779857 0.738941 0.703715 0.673243 0.646794 0.623791 0.603772 0.586367 0.571274 0.558251 0.547096 0.537649 0.529777 0.523374 0.518359 0.512245 0.507420 0.503887 0.501603 0.500540 0.500685 0.502040 0.504622 0.508461 0.513606 0.520122 0.528094 0.537629 0.548862 0.561957 0.573761 0.587488 0.603377 0.621689 0.642745 0.666939 0.694766 0.726843 0.763955 0.807109 0.857621 0.917234 0.988313 1.000000 0.951320 0.909249 0.872755 0.841025 0.813412 0.789396 0.768556 0.750550 0.735098 0.721974 0.710993 0.702007 0.694899 0.667921 0.635314 0.607137 0.582698 0.561450 0.542959 0.526876 0.512919 0.500857 0.490504 0.481708 0.474344 0.468313 0.463536 0.459953 0.457518 0.461241 0.475908 0.492765 0.512139 0.534439 0.560180 0.590020 0.624808 0.665659 0.714066 0.772071 0.842542 0.927843 0.882890 0.844031 0.810319 0.781005 0.755495 0.733310 0.714061 0.697434 0.683172 0.671066 0.660946 0.652676 0.646148 0.641278 0.638007 0.636295 0.636119 0.634565 829.500000 1.117870 0.670638
1.000000 0.979057 0.935216 0.897202 0.864159 0.835404 0.810390 0.788675 0.769901 0.753773 0.740053 0.728547 0.719100 0.711586 0.705911 0.702004 0.699816 0.699322 0.700514 0.703409 0.708039 0.714464 0.722764 0.733046 0.745446 0.760135 0.749266 0.729177 0.711808 0.696887 0.684192 0.673546 0.664803 0.657848 0.652593 0.648973 0.646943 0.646477 0.647572 0.650239 0.654512 0.660442 0.668106 0.677600 0.689053 0.702621 0.718500 0.736930 0.758204 0.782685 0.810818 0.843156 0.859970 0.840444 0.823725 0.809571 0.797785 0.788208 0.780717 0.775217 0.771640 0.769943 0.770103 0.772125 0.776031 0.781871 0.789716 0.799665 0.811850 0.826433 0.843620 0.863661 0.886866 0.913615 0.895392 0.857488 0.824569 0.795931 0.771010 0.749352 0.730591 0.714424 0.700609 0.688947 0.679276 0.671468 0.665422 0.661062 0.658335 0.657207 0.657665 0.659714 0.663378 0.668704 0.675757 0.684627 0.695430 0.708314 0.723460 0.741093 0.761486 0.763350 0.744647 0.728551 0.714821 0.703263 0.693717 0.686057 0.680186 0.676028 0.673535 0.672674 0.673435 0.675828 0.679882 0.685647 0.693194 0.702621 0.714052 0.727643 0.743588 0.762124 0.783543 0.808205 0.836551 0.869127 0.906615 0.949875 4791.000000 1.242464 0.839606
0.955391 1.000000 0.920847 0.855215 0.800115 0.753391 0.713446 0.679078 0.649361 0.623575 0.601152 0.581638 0.564668 0.549949 0.537238 0.526341 0.517098 0.509380 0.503084 0.498126 0.494445 0.491994 0.490744 0.490680 0.491800 0.494118 0.497663 0.502478 0.508625 0.516182 0.525253 0.535962 0.548465 0.562955 0.579665 0.598885 0.620970 0.646363 0.675618 0.709437 0.748720 0.794633 0.848725 0.913078 0.919128 0.857211 0.804927 0.760380 0.722154 0.689169 0.660586 0.635751 0.614142 0.595340 0.579009 0.564874 0.552713 0.542343 0.533618 0.526416 0.520644 0.516228 0.513111 0.511256 0.510640 0.511256 0.513111 0.516228 0.520644 0.526416 0.533618 0.542343 0.552713 0.564874 0.579009 0.595340 0.614142 0.635751 0.660586 0.689169 0.722154 0.760380 0.804927 0.857211 0.919128 0.974884 0.897205 0.832849 0.778859 0.733101 0.694000 0.660370 0.631299 0.606078 0.584148 0.565063 0.548465 0.534065 0.521626 0.510956 0.501898 0.494327 0.488139 0.483253 0.479609 0.477160 0.475876 0.475743 0.476757 0.478932 0.482295 0.486886 0.492764 0.500005 0.508706 0.518987 0.530998 0.544922 0.560984 0.579460 0.600690 0.625099 0.653215 0.685710 0.723441 0.767523 0.819428 0.881139 1566.000000 1.085379 0.603082
0.849862 0.875068 0.904060 0.937374 0.907676 0.877337 0.850944 0.828030 0.808213 0.791184 0.776691 0.764527 0.754529 0.746563 0.740530 0.736353 0.733981 0.733386 0.734559 0.737516 0.742293 0.748948 0.757564 0.768254 0.781158 0.796455 0.814364 0.835155 0.859160 0.886784 0.918531 0.944320 0.915632 0.890718 0.869162 0.850626 0.834833 0.821558 0.810622 0.801880 0.795219 0.790557 0.787836 0.787023 0.788109 0.791106 0.796051 0.803005 0.812055 0.823318 0.836942 0.853114 0.872065 0.894081 0.904535 0.878231 0.855415 0.835718 0.818835 0.804521 0.792575 0.782837 0.775180 0.769508 0.765749 0.763858 0.763812 0.765610 0.769275 0.774850 0.782405 0.792036 0.803868 0.818059 0.834808 0.854358 0.870584 0.846418 0.825493 0.807476 0.792095 0.779132 0.768407 0.759780 0.753138 0.748398 0.745503 0.744416 0.745125 0.747638 0.751986 0.758222 0.766424 0.776697 0.789176 0.804032 0.821474 0.841763 0.865217 0.892226 0.923271 0.958948 1.000000 0.980789 0.941815 0.907924 0.878430 0.852782 0.830533 0.811321 0.794849 0.780876 0.769207 0.759685 0.752185 0.746614 0.742900 0.741000 0.740890 0.742569 0.746056 0.751395 0.758652 0.767919 0.779315 0.792994 0.809146 0.828006 3909.500000 1.063520 0.856109
0.963747 1.000000 0.981772 0.932931 0.890763 0.854210 0.822443 0.794800 0.770751 0.749868 0.731803 0.716273 0.703048 0.691938 0.682793 0.675493 0.669945 0.661684 0.654295 0.648614 0.644570 0.642114 0.641216 0.641863 0.644066 0.647850 0.653261 0.660368 0.669262 0.680058 0.680562 0.670458 0.662222 0.655746 0.650949 0.647771 0.646172 0.646135 0.647657 0.650758 0.655476 0.661869 0.670017 0.680028 0.692034 0.706204 0.722744 0.741908 0.764006 0.789421 0.806816 0.797343 0.789972 0.784609 0.781187 0.779665 0.780024 0.782269 0.786427 0.792549 0.800711 0.811018 0.823603 0.838637 0.856331 0.876946 0.900802 0.928291 0.959896 0.972646 0.934311 0.900972 0.871958 0.846731 0.824854 0.805971 0.789794 0.776086 0.764657 0.745340 0.717013 0.692367 0.670922 0.652290 0.636155 0.622263 0.610403 0.600407 0.592136 0.585481 0.580357 0.576699 0.574462 0.573618 0.574159 0.576090 0.579434 0.584233 0.590546 0.598456 0.608064 0.619503 0.632935 0.648559 0.656624 0.666127 0.677565 0.691096 0.706917 0.725268 0.746442 0.770803 0.795051 0.789545 0.785995 0.784359 0.784615 0.786768 0.790843 0.796890 0.804984 0.815229 0.827758 0.842739 0.860384 0.880952 0.904760 0.932198 3380.000000 1.289516 0.854338
0.949158 0.919503 0.893733 0.871411 0.852179 0.835747 0.821880 0.810386 0.801112 0.793939 0.788777 0.785562 0.784254 0.784839 0.787323 0.791735 0.798131 0.806591 0.817221 0.830162 0.845589 0.863721 0.884825 0.909232 0.937346 0.937170 0.910740 0.887841 0.868105 0.851234 0.836984 0.825158 0.815599 0.808184 0.802819 0.799438 0.798000 0.798487 0.800905 0.805284 0.811677 0.820164 0.830854 0.843885 0.859435 0.877724 0.899020 0.923656 0.952038 0.973482 0.935508 0.902477 0.873733 0.848745 0.827083 0.808398 0.792406 0.778874 0.767615 0.758478 0.751345 0.746125 0.742755 0.741192 0.741418 0.743436 0.747270 0.752968 0.760599 0.770261 0.782080 0.796215 0.812865 0.832275 0.854743 0.880638 0.910414 0.944628 0.983978 1.000000 0.965305 0.935114 0.908877 0.886149 0.866566 0.849834 0.835710 0.824001 0.814551 0.807238 0.801969 0.798681 0.797332 0.797907 0.800413 0.804879 0.811361 0.819940 0.830724 0.843857 0.859515 0.877920 0.899344 0.924123 0.908233 0.883187 0.861505 0.842843 0.826923 0.813517 0.802441 0.793548 0.786725 0.781886 0.778971 0.777945 0.778795 0.781532 0.786189 0.792823 0.801518 0.812384 0.825565 0.841241 0.859634 0.881020 0.905735 0.934192 5275.000000 1.047460 0.860360
0.887303 0.849259 0.816229 0.787498 0.762496 0.740762 0.721923 0.705677 0.691776 0.680018 0.670242 0.662315 0.656136 0.651626 0.648730 0.647412 0.647657 0.649468 0.652865 0.657892 0.664610 0.673105 0.683488 0.695899 0.710513 0.727544 0.747255 0.769971 0.796090 0.826103 0.860621 0.900414 0.946457 1.000000 0.962255 0.915995 0.875993 0.841280 0.811093 0.784823 0.761979 0.742164 0.725057 0.710393 0.697959 0.687580 0.679118 0.672461 0.667527 0.664253 0.662599 0.662546 0.664092 0.667257 0.672080 0.678619 0.686957 0.697204 0.709496 0.724005 0.740942 0.760567 0.783198 0.809225 0.839134 0.873523 0.913145 0.958952 0.983644 0.933917 0.891020 0.853857 0.821570 0.793478 0.769035 0.747800 0.729417 0.713593 0.700093 0.688722 0.679325 0.671777 0.665982 0.661867 0.659382 0.658495 0.659197 0.661496 0.665419 0.671015 0.678354 0.687531 0.698665 0.711909 0.727451 0.745523 0.766409 0.790459 0.818101 0.849868 0.886424 0.885759 0.858067 0.834003 0.813157 0.795197 0.779851 0.766898 0.756161 0.747496 0.740792 0.735965 0.732954 0.731723 0.732258 0.734564 0.738671 0.744627 0.752507 0.762413 0.774473 0.788852 0.805754 0.825427 0.848179 0.874387 0.904516 0.931264 10462.500000 1.054062 0.776236
0.835806 0.812854 0.792988 0.775895 0.761319 0.749051 0.738924 0.730805 0.724589 0.720198 0.717578 0.716698 0.717546 0.720133 0.724490 0.730672 0.738755 0.748843 0.761069 0.775601 0.792645 0.812456 0.835347 0.861701 0.867417 0.815373 0.770973 0.732832 0.699894 0.671337 0.646516 0.624917 0.606127 0.589813 0.575705 0.563583 0.553265 0.544607 0.537491 0.531823 0.527531 0.524561 0.522878 0.522459 0.523301 0.525413 0.528822 0.533569 0.545560 0.562208 0.581349 0.603343 0.628642 0.657809 0.691562 0.730821 0.776790 0.831066 0.895818 0.974057 1.000000 0.962706 0.930254 0.902021 0.877502 0.856290 0.838050 0.822511 0.809453 0.798697 0.790101 0.783556 0.778979 0.776316 0.775532 0.776619 0.779590 0.784480 0.778254 0.746699 0.719268 0.695397 0.674632 0.656608 0.641026 0.627643 0.616262 0.606722 0.598893 0.592674 0.587984 0.584766 0.582979 0.582603 0.583632 0.586080 0.589975 0.595366 0.602321 0.610930 0.621307 0.633595 0.647972 0.664654 0.683910 0.706066 0.731527 0.760794 0.786124 0.771330 0.758877 0.748594 0.740346 0.734027 0.729557 0.726883 0.725970 0.726808 0.729407 0.733799 0.740038 0.748202 0.758396 0.770753 0.785444 0.802676 0.822708 0.845856 917.500000 1.288988 0.785513
0.783815 0.762291 0.743661 0.727631 0.713962 0.702457 0.692960 0.685346 0.679516 0.675399 0.672942 0.672116 0.672912 0.675338 0.679424 0.685221 0.692801 0.702262 0.713727 0.724633 0.722430 0.721974 0.723260 0.726304 0.731142 0.737835 0.746466 0.757147 0.770020 0.785263 0.803095 0.823787 0.847669 0.875149 0.906728 0.943027 0.984826 0.984167 0.968388 0.955372 0.944947 0.936981 0.931373 0.928054 0.926983 0.928149 0.931565 0.937272 0.945341 0.955872 0.969002 0.984904 0.956399 0.916606 0.882032 0.851949 0.825774 0.803037 0.783355 0.766417 0.751969 0.739805 0.729758 0.721696 0.715515 0.711137 0.708509 0.707599 0.708396 0.710909 0.715169 0.721228 0.729163 0.739074 0.751093 0.765384 0.765032 0.752942 0.742992 0.735048 0.729010 0.724803 0.722374 0.721694 0.722755 0.725569 0.730172 0.736619 0.744991 0.755397 0.767974 0.782895 0.800374 0.820673 0.844115 0.858763 0.857729 0.858763 0.861879 0.867114 0.874533 0.884228 0.896324 0.910981 0.928399 0.948826 0.972568 1.000000 0.992762 0.966883 0.944536 0.925377 0.909127 0.895558 0.884488 0.875772 0.869300 0.864991 0.862794 0.862680 0.864649 0.868725 0.874957 0.883423 0.894230 0.869806 0.837075 0.808595 858.500000 1.354542 0.890688
0.982422 0.937258 0.891007 0.851060 0.816424 0.786317 0.760118 0.737327 0.717541 0.700433 0.685735 0.673230 0.662741 0.654125 0.647270 0.642088 0.638514 0.636504 0.636035 0.637100 0.639712 0.643903 0.649726 0.657252 0.666579 0.677832 0.691164 0.706769 0.724880 0.745789 0.769849 0.797499 0.796067 0.765218 0.738383 0.715030 0.694732 0.677141 0.661974 0.649000 0.638033 0.628921 0.621541 0.615799 0.611622 0.608958 0.607775 0.608059 0.609813 0.613058 0.617835 0.624201 0.632240 0.642055 0.653780 0.667579 0.683655 0.702259 0.723695 0.748341 0.776662 0.809236 0.846793 0.890254 0.940806 1.000000 0.957443 0.907421 0.864345 0.827076 0.794723 0.766583 0.742095 0.720805 0.702348 0.686425 0.672792 0.661253 0.651646 0.643843 0.637743 0.633269 0.630365 0.628996 0.629145 0.630815 0.634025 0.638814 0.645243 0.653392 0.663369 0.675307 0.689374 0.705775 0.724765 0.746654 0.771823 0.771985 0.745887 0.723181 0.703462 0.686399 0.671724 0.659219 0.648705 0.640038 0.633106 0.627818 0.624108 0.621932 0.621262 0.622091 0.624429 0.628303 0.633762 0.640875 0.649731 0.660450 0.673176 0.688094 0.705425 0.725444 0.748489 0.774975 0.805415 0.840451 0.880894 0.927773 4090.500000 1.249655 0.765796
0.978374 0.962140 0.948684 0.937827 0.929430 0.923386 0.919622 0.918091 0.918775 0.921682 0.926847 0.934334 0.944237 0.956681 0.971829 0.935107 0.894559 0.859366 0.828759 0.802122 0.778963 0.758880 0.741548 0.726702 0.714126 0.703643 0.695114 0.688429 0.683501 0.680271 0.678698 0.678764 0.680469 0.683835 0.688167 0.691121 0.695784 0.702213 0.710490 0.720721 0.733043 0.747626 0.764681 0.784466 0.807298 0.833568 0.863756 0.898458 0.938420 0.984586 0.984995 0.970255 0.958225 0.948747 0.941700 0.936998 0.934584 0.934427 0.936526 0.940906 0.947621 0.956754 0.968420 0.982772 1.000000 0.985301 0.960394 0.938921 0.920556 0.905034 0.892141 0.881704 0.873589 0.867693 0.863943 0.862294 0.862726 0.865244 0.869878 0.876686 0.885751 0.897191 0.911153 0.927827 0.945441 0.887437 0.838040 0.795669 0.759116 0.727450 0.699939 0.676002 0.655174 0.637080 0.634092 0.636773 0.641027 0.646908 0.654489 0.663868 0.675170 0.688551 0.704203 0.722365 0.743326 0.767445 0.795160 0.827020 0.863707 0.906084 0.950668 0.935809 0.923598 0.913875 0.906516 0.901429 0.898550 0.897847 0.899309 0.902955 0.908829 0.917003 0.927581 0.940698 0.956529 0.975292 0.997256 0.997610 15174.500000 1.158303 0.847951
0.722780 0.675310 0.635126 0.600823 0.571341 0.545870 0.523782 0.504579 0.487869 0.473334 0.460718 0.449812 0.440447 0.432485 0.425813 0.420341 0.415998 0.412727 0.410489 0.409255 0.409011 0.409754 0.411493 0.414249 0.418056 0.422962 0.429030 0.436342 0.444997 0.455122 0.466869 0.480426 0.496026 0.513951 0.534557 0.558286 0.585696 0.617500 0.654624 0.698288 0.750129 0.812399 0.888276 0.982398 1.000000 0.903226 0.825342 0.761513 0.708431 0.663763 0.625812 0.593317 0.565325 0.541101 0.520068 0.501773 0.485852 0.472013 0.460018 0.449673 0.440822 0.433337 0.427114 0.422069 0.418137 0.415269 0.413430 0.412596 0.412758 0.413918 0.416090 0.419299 0.423588 0.429009 0.435633 0.443551 0.452873 0.463736 0.476309 0.490799 0.507458 0.526601 0.548619 0.574001 0.603370 0.637525 0.677509 0.724706 0.780994 0.842889 0.794706 0.753450 0.717911 0.687154 0.660450 0.637222 0.617007 0.599436 0.584206 0.571073 0.559836 0.550333 0.542432 0.536028 0.531038 0.527398 0.525065 0.524009 0.524217 0.525693 0.528453 0.532533 0.537982 0.544870 0.553286 0.563346 0.575189 0.588990 0.604963 0.623371 0.644535 0.668854 0.696825 0.729071 0.766382 0.809774 0.847975 0.779448 5471.000000 1.355361 0.584653
0.927069 0.877872 0.835545 0.798948 0.767193 0.739580 0.715549 0.694651 0.676523 0.660869 0.647447 0.636061 0.626553 0.618793 0.612681 0.608139 0.605111 0.603560 0.603467 0.604831 0.607668 0.612013 0.617921 0.625464 0.634743 0.645880 0.659031 0.674388 0.692184 0.699892 0.673766 0.651032 0.631254 0.614078 0.599217 0.586438 0.575550 0.566398 0.558858 0.552831 0.548239 0.545025 0.543149 0.542589 0.543337 0.545404 0.548813 0.553607 0.559846 0.567611 0.577004 0.588153 0.601219 0.616397 0.633928 0.654107 0.677299 0.703954 0.734635 0.770052 0.811110 0.858978 0.915194 0.981815 1.000000 0.935281 0.880423 0.833540 0.793212 0.758348 0.728101 0.701800 0.678911 0.659006 0.641736 0.626820 0.614027 0.603170 0.594097 0.586685 0.580838 0.576481 0.573560 0.572041 0.571903 0.573146 0.575784 0.579850 0.585395 0.592487 0.601219 0.611709 0.624101 0.638576 0.655355 0.674708 0.682349 0.661835 0.644024 0.628622 0.615387 0.604123 0.594671 0.586902 0.580715 0.576030 0.572789 0.570952 0.570496 0.571417 0.573725 0.577449 0.582634 0.589346 0.597670 0.607719 0.619629 0.633572 0.649759 0.668447 0.689953 0.714668 0.743076 0.775782 0.813550 0.857354 0.908458 0.968521 1466.500000 1.448353 0.734257
0.913173 0.859169 0.813045 0.773389 0.739120 0.709395 0.683552 0.661062 0.641501 0.624526 0.609857 0.597267 0.586571 0.577619 0.570289 0.564485 0.560135 0.557182 0.555593 0.555346 0.556439 0.558886 0.562716 0.567977 0.574735 0.583077 0.593114 0.604987 0.618865 0.634961 0.653533 0.628713 0.603060 0.580762 0.561358 0.544479 0.529824 0.517150 0.506260 0.496992 0.489214 0.482821 0.477729 0.473873 0.471205 0.469692 0.469315 0.470071 0.471968 0.475030 0.479293 0.484813 0.491659 0.499923 0.509719 0.521186 0.534499 0.549869 0.567558 0.587885 0.611250 0.638149 0.669212 0.705240 0.747270 0.796668 0.855265 0.925574 1.000000 0.921767 0.856801 0.802195 0.755844 0.716188 0.682047 0.652513 0.626879 0.604584 0.585181 0.568312 0.553684 0.541062 0.530251 0.521094 0.513465 0.507259 0.502398 0.498820 0.496480 0.495349 0.495414 0.496676 0.499150 0.502866 0.507871 0.514228 0.522019 0.531349 0.542350 0.537418 0.526950 0.518107 0.510766 0.504829 0.500220 0.496880 0.494769 0.493860 0.494143 0.495621 0.498312 0.502249 0.507480 0.514074 0.522115 0.531713 0.543004 0.556153 0.571365 0.588892 0.609042 0.632196 0.658830 0.689542 0.725089 0.766447 0.814890 0.872113 3380.000000 1.607866 0.691937
0.938438 0.918339 0.901209 0.886803 0.874925 0.865418 0.858161 0.853063 0.850061 0.849118 0.850223 0.853390 0.858656 0.866088 0.875777 0.887849 0.876021 0.836007 0.801335 0.771209 0.744995 0.722187 0.702376 0.685230 0.670478 0.657899 0.647314 0.638578 0.631576 0.626218 0.622438 0.620188 0.619441 0.620188 0.622438 0.614791 0.608731 0.604231 0.601234 0.599705 0.599624 0.600992 0.603823 0.608153 0.614036 0.621545 0.630779 0.641861 0.654946 0.670223 0.687927 0.708344 0.731828 0.758812 0.789838 0.825584 0.866905 0.910981 0.896324 0.884228 0.874532 0.867114 0.861879 0.858763 0.857729 0.858763 0.861879 0.867114 0.874532 0.884228 0.896324 0.910981 0.928399 0.948826 0.972568 1.000000 0.967408 0.915822 0.871452 0.833096 0.799821 0.770887 0.745707 0.723809 0.704810 0.688398 0.674321 0.662372 0.652383 0.644220 0.637777 0.632970 0.629742 0.623931 0.614441 0.606676 0.600533 0.595934 0.592822 0.591160 0.590926 0.592119 0.594752 0.598858 0.604487 0.611711 0.620622 0.631341 0.644015 0.654531 0.657481 0.662060 0.668325 0.676354 0.686252 0.698151 0.712215 0.728650 0.747705 0.769687 0.794974 0.824031 0.857438 0.895917 0.940384 0.992010 0.988809 0.961805 926.000000 1.331899 0.835112
0.845316 0.814506 0.787694 0.764374 0.744136 0.726647 0.711636 0.698883 0.688208 0.679466 0.672543 0.667351 0.663826 0.661924 0.661623 0.662917 0.665825 0.668446 0.651916 0.637683 0.625533 0.615292 0.606820 0.600003 0.594754 0.591008 0.588719 0.587857 0.588414 0.590396 0.593826 0.598747 0.605221 0.613330 0.623181 0.634907 0.648677 0.664694 0.683209 0.704531 0.729040 0.742394 0.727882 0.715618 0.705432 0.697187 0.690778 0.686124 0.683167 0.681871 0.682220 0.684218 0.687891 0.693282 0.700459 0.709514 0.720564 0.733760 0.749287 0.767373 0.788301 0.812414 0.840136 0.871993 0.861552 0.831720 0.805760 0.783201 0.763661 0.746827 0.732447 0.720311 0.710255 0.702144 0.695873 0.691365 0.688562 0.687432 0.687960 0.690152 0.694036 0.699659 0.707091 0.716428 0.727791 0.741334 0.757251 0.728939 0.701559 0.677736 0.657008 0.639004 0.623422 0.610017 0.598588 0.588972 0.581037 0.574680 0.569818 0.566391 0.564356 0.563689 0.564382 0.566442 0.569896 0.574785 0.579668 0.582393 0.586563 0.592230 0.599466 0.608365 0.619046 0.631657 0.646383 0.663448 0.683129 0.705765 0.731776 0.761684 0.796139 0.835969 0.882232 0.936302 1.000000 0.968889 0.921610 0.880754 6337.500000 1.255379 0.819417
0.445098 0.441567 0.440449 0.444611 0.449948 0.456526 0.464436 0.473786 0.484712 0.497381 0.511996 0.528808 0.548128 0.570338 0.595921 0.625484 0.659806 0.699898 0.747093 0.803188 0.870658 0.953009 0.942270 0.880251 0.827763 0.782963 0.744464 0.711208 0.682368 0.657299 0.635483 0.616506 0.600033 0.585792 0.573561 0.563159 0.554440 0.547285 0.541600 0.537314 0.535758 0.536251 0.538042 0.541153 0.545622 0.551505 0.558878 0.567837 0.578505 0.591032 0.605604 0.622451 0.641853 0.664155 0.689783 0.719271 0.753289 0.747198 0.729974 0.715211 0.702692 0.692243 0.683723 0.677022 0.672054 0.668758 0.667093 0.667039 0.668596 0.671783 0.676638 0.683221 0.691616 0.701933 0.714308 0.724030 0.690018 0.660578 0.635015 0.612777 0.593426 0.576606 0.562030 0.549463 0.538716 0.529633 0.522088 0.515980 0.511231 0.507780 0.508787 0.512955 0.518452 0.525347 0.533731 0.543719 0.555450 0.569101 0.584884 0.603061 0.623956 0.647968 0.675594 0.707462 0.744367 0.787335 0.837709 0.897280 0.968483 1.000000 0.909377 0.835660 0.774724 0.723697 0.680514 0.643657 0.611987 0.584629 0.560906 0.540284 0.522338 0.506728 0.493177 0.481461 0.471399 0.462841 0.455666 0.449778 1720.500000 1.108174 0.639020
0.852816 0.815927 0.783907 0.756059 0.731823 0.710752 0.692482 0.676718 0.663217 0.651784 0.642259 0.634516 0.628452 0.623993 0.621082 0.619684 0.619783 0.621378 0.624490 0.629157 0.635436 0.643407 0.653175 0.664870 0.678656 0.694736 0.713356 0.734820 0.759503 0.787865 0.820482 0.858072 0.901548 0.952081 0.917181 0.878878 0.845602 0.816649 0.791457 0.769571 0.750623 0.734311 0.720392 0.708667 0.698974 0.691185 0.685201 0.680945 0.678366 0.677433 0.678133 0.680476 0.684490 0.690225 0.697751 0.707166 0.718593 0.732188 0.748145 0.766700 0.788147 0.812843 0.841228 0.842088 0.813958 0.789487 0.768241 0.749868 0.734080 0.720644 0.709369 0.700102 0.692721 0.687132 0.683266 0.681074 0.680531 0.681630 0.684383 0.688825 0.695010 0.703016 0.712947 0.724933 0.739140 0.755773 0.775082 0.797374 0.823028 0.852510 0.886397 0.912413 0.870112 0.833479 0.801660 0.773976 0.749887 0.728955 0.710826 0.695211 0.681875 0.670626 0.661309 0.653801 0.648005 0.643849 0.641281 0.640269 0.640802 0.642886 0.646546 0.651827 0.658796 0.667540 0.678176 0.690847 0.705733 0.723056 0.743085 0.766154 0.792672 0.823145 0.858205 0.898646 0.945478 1.000000 0.944984 0.895457 1943.000000 1.026625 0.774201
0.732317 0.721835 0.713342 0.706730 0.701914 0.698836 0.697458 0.697763 0.699755 0.703457 0.708916 0.716199 0.725399 0.736636 0.750062 0.765866 0.784281 0.803852 0.796443 0.791058 0.787630 0.786117 0.786501 0.788787 0.793002 0.799198 0.807452 0.817869 0.830586 0.845774 0.863647 0.884469 0.908562 0.936324 0.858365 0.732700 0.640477 0.570095 0.514767 0.470260 0.433799 0.403488 0.377987 0.361750 0.364412 0.368007 0.372580 0.378190 0.384914 0.392844 0.402097 0.412815 0.425172 0.439383 0.455713 0.474491 0.496129 0.521150 0.550226 0.584227 0.624312 0.672039 0.729572 0.799985 0.887809 1.000000 0.987278 0.950160 0.917864 0.889764 0.865356 0.844231 0.826056 0.810558 0.797517 0.786754 0.778128 0.771527 0.766869 0.764096 0.763176 0.764096 0.766869 0.750246 0.732221 0.716728 0.703536 0.692459 0.683347 0.676078 0.670561 0.666727 0.664528 0.663938 0.664949 0.667574 0.671845 0.677814 0.685557 0.695172 0.706789 0.695445 0.680865 0.668460 0.658057 0.649513 0.642716 0.637581 0.634042 0.632056 0.631600 0.632668 0.635272 0.639444 0.645236 0.652722 0.661996 0.665129 0.669861 0.676301 0.684532 0.694659 0.706819 0.721181 0.737953 0.757391 0.759847 0.744930 19881.000000 1.083227 0.705569
0.849985 0.821082 0.795935 0.774092 0.755186 0.738920 0.725049 0.713377 0.703743 0.696020 0.690109 0.685937 0.683451 0.682621 0.683438 0.685912 0.690072 0.695969 0.703678 0.713297 0.724954 0.738808 0.755055 0.773940 0.795760 0.820881 0.849753 0.852931 0.818003 0.787646 0.761229 0.738248 0.718293 0.701033 0.686198 0.673566 0.662960 0.654234 0.647273 0.641990 0.638317 0.636210 0.635644 0.636610 0.639122 0.628438 0.619183 0.611649 0.605738 0.601374 0.598505 0.597095 0.597126 0.598600 0.601533 0.605963 0.611943 0.619550 0.628883 0.640066 0.653257 0.668648 0.686475 0.707029 0.723587 0.720376 0.718918 0.719195 0.721210 0.724988 0.730575 0.738041 0.747480 0.759016 0.772804 0.789039 0.807959 0.829857 0.855092 0.884106 0.917447 0.955794 1.000000 0.958481 0.896728 0.844362 0.799594 0.761076 0.727771 0.698871 0.673740 0.651870 0.632851 0.616354 0.602109 0.589896 0.579537 0.570887 0.563830 0.558274 0.554148 0.551402 0.550001 0.549928 0.548672 0.546538 0.545731 0.546240 0.548072 0.551249 0.555809 0.561810 0.569329 0.578465 0.589341 0.602112 0.616968 0.634143 0.653921 0.676655 0.702781 0.732842 0.767522 0.807688 0.854464 0.909315 0.921430 0.883202 1656.000000 1.162692 0.785091
0.929840 0.962484 1.000000 0.979724 0.934016 0.894441 0.860071 0.830171 0.804153 0.781541 0.761951 0.745071 0.730644 0.718463 0.708360 0.700201 0.693881 0.689319 0.686460 0.685268 0.685730 0.687850 0.691655 0.697192 0.692205 0.681769 0.673240 0.666508 0.661487 0.658114 0.656349 0.656170 0.657575 0.660581 0.665224 0.671562 0.679676 0.689669 0.701677 0.715865 0.732440 0.751654 0.773818 0.799312 0.828608 0.854025 0.842155 0.832588 0.825202 0.819903 0.816627 0.815333 0.816007 0.818655 0.823310 0.830030 0.838898 0.850027 0.863564 0.879692 0.898641 0.920691 0.946186 0.975551 0.965551 0.923851 0.887654 0.856171 0.828773 0.804953 0.784301 0.766482 0.751225 0.738307 0.727549 0.718806 0.711967 0.706943 0.703673 0.702116 0.702255 0.704090 0.707644 0.712961 0.720105 0.725773 0.712440 0.701246 0.692040 0.684701 0.679135 0.675272 0.673065 0.672487 0.673532 0.676211 0.680558 0.686626 0.694491 0.704255 0.716047 0.730029 0.746402 0.765412 0.787363 0.812625 0.841657 0.856268 0.837782 0.822015 0.808744 0.797785 0.788995 0.782261 0.777498 0.774647 0.773674 0.774567 0.777337 0.782018 0.788667 0.797368 0.808231 0.821400 0.837056 0.855421 0.876770 0.901438 5839.000000 1.217378 0.860208
0.748083 0.756417 0.766807 0.779390 0.794339 0.811867 0.832235 0.855767 0.882857 0.913992 0.949775 0.990958 1.000000 0.911847 0.839837 0.780109 0.729955 0.687416 0.651044 0.619746 0.592681 0.569195 0.548771 0.530997 0.515541 0.502135 0.490560 0.498772 0.509907 0.522839 0.537774 0.554963 0.574718 0.597423 0.623560 0.653736 0.688724 0.729526 0.777458 0.834283 0.902414 0.985248 0.993648 0.941631 0.896843 0.858095 0.824460 0.795206 0.769748 0.747615 0.728424 0.711867 0.697688 0.685683 0.675685 0.667559 0.661200 0.656527 0.653484 0.652032 0.652154 0.653852 0.657146 0.662076 0.668704 0.677114 0.687415 0.699746 0.709668 0.707477 0.706997 0.708223 0.711170 0.715873 0.722390 0.730804 0.741223 0.753785 0.768665 0.786075 0.806280 0.829603 0.856439 0.887279 0.922728 0.963546 0.944682 0.895764 0.853618 0.817139 0.785465 0.757913 0.733937 0.713096 0.695034 0.679461 0.666140 0.654879 0.645522 0.637943 0.632045 0.627754 0.625016 0.623798 0.623399 0.622806 0.623715 0.626138 0.630103 0.635660 0.642878 0.651851 0.662697 0.675564 0.690638 0.708145 0.728363 0.751634 0.772352 0.761262 0.752272 0.745266 0.740157 0.736880 0.735396 0.735687 0.737756 0.741697 1883.500000 1.088203 0.700236
0.449144 0.448526 0.448990 0.450541 0.453199 0.456995 0.461979 0.468212 0.475778 0.484949 0.498787 0.514714 0.533018 0.554056 0.578273 0.606231 0.638647 0.676447 0.720848 0.773483 0.836583 0.913290 1.000000 0.918242 0.850736 0.794259 0.746500 0.705763 0.670774 0.640560 0.614368 0.591602 0.571792 0.554558 0.539594 0.526653 0.515530 0.506061 0.498112 0.491576 0.486364 0.482413 0.478958 0.474207 0.470672 0.468309 0.467090 0.466999 0.468035 0.470211 0.473553 0.478104 0.483920 0.491076 0.499670 0.509819 0.521673 0.535411 0.551256 0.569482 0.590424 0.614503 0.642243 0.634430 0.622770 0.612981 0.604930 0.598511 0.593642 0.590262 0.588329 0.587821 0.588730 0.591069 0.594865 0.600165 0.607036 0.615566 0.625869 0.638086 0.652393 0.669004 0.688184 0.710258 0.735626 0.764785 0.757322 0.728077 0.702637 0.680498 0.661256 0.644582 0.630210 0.617921 0.607537 0.598915 0.591941 0.586525 0.582597 0.580110 0.579033 0.579353 0.581074 0.584216 0.588820 0.594941 0.602658 0.612071 0.623309 0.636529 0.651927 0.669741 0.670474 0.636537 0.607262 0.581902 0.559870 0.540701 0.524021 0.509530 0.496985 0.486185 0.476970 0.469206 0.462788 0.457631 0.453669 0.450852 3315.000000 1.372691 0.714243
0.543592 0.537261 0.532344 0.528778 0.526519 0.525540 0.525830 0.527391 0.530242 0.534419 0.539973 0.546976 0.555518 0.565716 0.577713 0.591687 0.607853 0.626480 0.647895 0.672502 0.700808 0.733446 0.771221 0.815169 0.866642 0.927439 1.000000 0.950813 0.879844 0.820574 0.770524 0.727881 0.691289 0.659713 0.632353 0.608579 0.587893 0.569895 0.554262 0.540731 0.529090 0.519163 0.510811 0.503917 0.498392 0.494164 0.491180 0.489405 0.488815 0.490568 0.496331 0.503459 0.512045 0.522210 0.534099 0.547893 0.563812 0.582129 0.603178 0.627374 0.655236 0.687422 0.724769 0.768365 0.819642 0.880525 0.883810 0.841322 0.804580 0.772698 0.744972 0.720843 0.699861 0.681662 0.665949 0.652481 0.641060 0.631527 0.623755 0.617641 0.613109 0.610102 0.608583 0.608534 0.600423 0.591521 0.584266 0.578564 0.574342 0.571548 0.570149 0.570126 0.571480 0.574227 0.578401 0.584053 0.591255 0.600101 0.610709 0.623227 0.637838 0.654766 0.674285 0.696734 0.722530 0.752192 0.786368 0.825882 0.871789 0.891301 0.841617 0.799004 0.762245 0.730402 0.702738 0.678668 0.657725 0.639530 0.623777 0.610216 0.598644 0.588895 0.580835 0.574357 0.569380 0.565839 0.560845 0.551419 1422.500000 1.037389 0.681280
0.678314 0.670892 0.665216 0.661215 0.658840 0.658061 0.658869 0.661275 0.665307 0.671014 0.678469 0.687768 0.699031 0.712415 0.728110 0.746350 0.767424 0.777371 0.762600 0.750154 0.739861 0.731586 0.725221 0.720688 0.717929 0.716912 0.717625 0.720075 0.724293 0.730330 0.738262 0.748191 0.760247 0.774594 0.791437 0.811026 0.792055 0.771999 0.754707 0.739916 0.727413 0.717024 0.708610 0.702064 0.697301 0.694265 0.692916 0.693240 0.695239 0.698939 0.704385 0.711644 0.720808 0.729942 0.704782 0.682889 0.663867 0.647392 0.633205 0.621089 0.610873 0.602415 0.595604 0.590351 0.586591 0.584277 0.583381 0.583892 0.585817 0.589178 0.594018 0.600396 0.608394 0.618118 0.629699 0.643301 0.656293 0.661179 0.667759 0.676117 0.686361 0.698629 0.713093 0.729964 0.749503 0.772027 0.797928 0.827691 0.861918 0.901362 0.946980 1.000000 0.948915 0.893018 0.845263 0.804195 0.768699 0.737906 0.711133 0.687833 0.667569 0.649986 0.634795 0.621762 0.610695 0.601439 0.593868 0.587884 0.583411 0.580393 0.578794 0.579990 0.584983 0.591500 0.599625 0.609465 0.621155 0.634861 0.650789 0.669190 0.690373 0.714720 0.742702 0.745985 0.727794 0.712145 0.698802 0.687576 1027.500000 1.191243 0.829771
0.856663 0.858161 0.830690 0.806808 0.786101 0.768234 0.752936 0.739982 0.729194 0.720427 0.713566 0.707958 0.691511 0.677406 0.665435 0.655432 0.647262 0.640817 0.636017 0.632801 0.631130 0.630984 0.632361 0.635278 0.639771 0.645895 0.653727 0.663369 0.674950 0.688631 0.704611 0.723133 0.744498 0.769073 0.797311 0.829778 0.867179 0.902797 0.877559 0.855699 0.836869 0.820784 0.807214 0.795972 0.786908 0.779906 0.774878 0.771762 0.770519 0.771135 0.773618 0.777996 0.784325 0.792683 0.803177 0.815944 0.831159 0.849036 0.869840 0.893897 0.857431 0.810599 0.770378 0.735648 0.705541 0.679374 0.656603 0.636794 0.619594 0.604717 0.591930 0.581044 0.571904 0.564385 0.560949 0.561447 0.563304 0.566543 0.571204 0.577344 0.585042 0.594400 0.605544 0.618633 0.633862 0.651468 0.671744 0.695051 0.721836 0.752653 0.788203 0.829374 0.877314 0.933522 1.000000 0.989999 0.943523 0.903294 0.868361 0.837973 0.811529 0.788544 0.768626 0.751456 0.736772 0.724362 0.714055 0.705714 0.699230 0.694523 0.691533 0.690224 0.690581 0.692608 0.696329 0.701790 0.701970 0.703566 0.706876 0.711941 0.718823 0.727609 0.738413 0.751381 0.766693 0.784570 0.805288 0.829181 14268.000000 1.088488 0.789840
0.930339 0.967820 1.000000 0.950251 0.907300 0.870070 0.837712 0.809556 0.785061 0.763790 0.745390 0.729572 0.716100 0.704784 0.695470 0.688034 0.682383 0.678444 0.676171 0.675534 0.676527 0.679162 0.683470 0.689505 0.697342 0.707082 0.718855 0.732822 0.749182 0.768183 0.768904 0.759918 0.752932 0.747860 0.744636 0.743224 0.743605 0.745783 0.749786 0.755663 0.763486 0.773356 0.785401 0.799784 0.816708 0.836423 0.859234 0.885517 0.912927 0.882244 0.855550 0.832371 0.812320 0.795082 0.780402 0.768071 0.757921 0.749819 0.743661 0.739369 0.736892 0.736199 0.737282 0.740154 0.744850 0.751428 0.759970 0.770586 0.783417 0.798639 0.816470 0.837178 0.861093 0.888618 0.920251 0.938564 0.897407 0.861697 0.830645 0.803621 0.780121 0.759734 0.742128 0.727031 0.714223 0.703523 0.694789 0.687905 0.682786 0.679366 0.677605 0.677481 0.678993 0.682158 0.687016 0.693626 0.702073 0.712465 0.724943 0.739679 0.756888 0.776832 0.799835 0.826294 0.854165 0.831520 0.811951 0.795153 0.780879 0.768928 0.759139 0.751383 0.745562 0.741604 0.739459 0.739102 0.740529 0.743756 0.748823 0.755794 0.764754 0.775822 0.789143 0.804903 0.823329 0.844701 0.869363 0.897735 6302.000000 1.105852 0.840562
0.802767 0.736536 0.681919 0.636270 0.597699 0.564819 0.536594 0.512231 0.491116 0.472766 0.457268 0.458433 0.460716 0.464146 0.468766 0.474633 0.481824 0.490436 0.500590 0.512434 0.526150 0.541961 0.560144 0.581038 0.605065 0.632755 0.657630 0.657222 0.658399 0.661176 0.665587 0.671686 0.679550 0.689280 0.701007 0.714892 0.731135 0.749981 0.771734 0.796762 0.825525 0.858587 0.896658 0.940634 0.991657 1.000000 0.964845 0.934253 0.907660 0.884611 0.864735 0.847731 0.833351 0.821396 0.811708 0.804160 0.798658 0.795133 0.793542 0.793866 0.796109 0.800298 0.806485 0.814746 0.825187 0.825343 0.781214 0.743263 0.710462 0.682006 0.657265 0.635734 0.617008 0.600760 0.586722 0.574679 0.564452 0.555899 0.548904 0.543375 0.539243 0.536456 0.534980 0.534796 0.535979 0.544113 0.553853 0.565334 0.578726 0.594233 0.612110 0.632667 0.656288 0.683453 0.714759 0.733546 0.728663 0.725581 0.724263 0.724692 0.726873 0.730834 0.736623 0.744311 0.753997 0.765808 0.779904 0.796482 0.815789 0.838125 0.863858 0.893441 0.927436 0.944608 0.930025 0.918064 0.908567 0.901414 0.896516 0.893812 0.893270 0.894884 0.898672 0.904681 0.912985 0.923689 0.936931 0.884426 984.000000 1.288739 0.774002
1.000000 0.945468 0.898630 0.858183 0.823117 0.792640 0.766118 0.743046 0.723014 0.705689 0.690800 0.678126 0.667488 0.658741 0.651770 0.646487 0.642824 0.640738 0.640203 0.641211 0.643777 0.647930 0.653722 0.661226 0.670538 0.681783 0.695114 0.710723 0.728846 0.749770 0.773851 0.801525 0.833333 0.869953 0.881532 0.847056 0.817070 0.790974 0.768287 0.748619 0.731651 0.717125 0.704829 0.694593 0.686280 0.679781 0.675015 0.671924 0.670468 0.670630 0.672413 0.675838 0.680947 0.687803 0.696494 0.707133 0.719862 0.734862 0.752350 0.772598 0.795937 0.822773 0.853610 0.889074 0.929950 0.965769 0.918925 0.878434 0.843306 0.812762 0.786182 0.763065 0.743007 0.725680 0.710817 0.698198 0.687647 0.679022 0.672210 0.667124 0.663702 0.661901 0.661700 0.663095 0.666105 0.670766 0.677134 0.685292 0.695344 0.707425 0.721703 0.738385 0.757724 0.780034 0.805696 0.835186 0.869089 0.835802 0.806105 0.780260 0.757791 0.738308 0.721496 0.707098 0.694905 0.684748 0.676489 0.670021 0.665264 0.662158 0.660665 0.660767 0.662465 0.665780 0.670752 0.677444 0.685939 0.696349 0.708814 0.723508 0.740646 0.760492 0.783370 0.809679 0.839910 0.874675 0.914740 0.961079 1348.500000 1.124725 0.779239
0.905289 0.885500 0.868605 0.854363 0.842577 0.833092 0.825785 0.820565 0.817367 0.816152 0.816907 0.819638 0.824381 0.831194 0.840160 0.851396 0.865049 0.881304 0.900392 0.922598 0.933009 0.897826 0.867213 0.840577 0.817439 0.797411 0.780175 0.765473 0.753096 0.742874 0.734672 0.728385 0.723933 0.721263 0.720341 0.721157 0.723720 0.714376 0.706431 0.700329 0.695995 0.693374 0.692434 0.693165 0.695575 0.699692 0.705569 0.713279 0.722919 0.734618 0.748534 0.740518 0.732618 0.726617 0.722440 0.720035 0.719373 0.720447 0.723269 0.727873 0.734317 0.742681 0.753073 0.765631 0.780527 0.797974 0.818236 0.841633 0.867196 0.862898 0.860705 0.860592 0.862556 0.866622 0.872839 0.881285 0.892065 0.905321 0.921229 0.940011 0.961941 0.987354 1.000000 0.951421 0.909433 0.873009 0.841339 0.813778 0.789807 0.769008 0.751040 0.735623 0.722533 0.711584 0.702630 0.695553 0.690263 0.686696 0.684806 0.684571 0.683525 0.673998 0.666316 0.660380 0.656116 0.653470 0.652411 0.652926 0.655022 0.658722 0.664074 0.671143 0.680020 0.687102 0.690962 0.696554 0.703946 0.713233 0.724537 0.738013 0.753849 0.772281 0.793597 0.818150 0.846375 0.878810 0.916124 0.928270 1699.000000 1.126761 0.881815
0.578685 0.589350 0.601893 0.614466 0.606715 0.600585 0.596000 0.592902 0.591252 0.591032 0.592238 0.594885 0.599006 0.604650 0.611890 0.620820 0.631558 0.644253 0.659090 0.676293 0.696141 0.718974 0.745211 0.775374 0.810116 0.850262 0.831768 0.792255 0.758070 0.728395 0.702584 0.680122 0.660595 0.643664 0.629058 0.616552 0.605964 0.597149 0.589987 0.584387 0.580276 0.577605 0.576340 0.576466 0.577986 0.580916 0.585294 0.591173 0.598628 0.607756 0.618680 0.631554 0.646566 0.663947 0.683982 0.707020 0.733492 0.763936 0.799025 0.839612 0.881317 0.823784 0.775055 0.733437 0.697656 0.666735 0.639916 0.616598 0.596306 0.578656 0.563340 0.550104 0.538745 0.529093 0.521015 0.514400 0.509162 0.505235 0.502569 0.501132 0.500907 0.501890 0.504094 0.507546 0.512288 0.518380 0.525901 0.534951 0.545655 0.558169 0.572682 0.589428 0.608693 0.630831 0.656281 0.685592 0.719458 0.758766 0.804669 0.858684 0.922857 1.000000 0.933780 0.875432 0.825819 0.783315 0.746682 0.714968 0.687426 0.663467 0.642618 0.624498 0.608798 0.595267 0.583700 0.573930 0.565823 0.559270 0.554187 0.550510 0.548193 0.547208 0.547544 0.549204 0.552208 0.556594 0.562415 0.569747 4382.500000 1.176041 0.711520
0.757127 0.740801 0.726879 0.715161 0.705488 0.697731 0.691792 0.687595 0.685089 0.684245 0.685050 0.687515 0.691671 0.697568 0.705280 0.714906 0.726573 0.740441 0.756706 0.775613 0.797459 0.822611 0.851519 0.884742 0.849282 0.807657 0.771694 0.740505 0.713391 0.689795 0.669271 0.651457 0.636060 0.622839 0.611600 0.602185 0.594465 0.588341 0.583733 0.580585 0.578857 0.578529 0.579597 0.582074 0.585990 0.591394 0.598352 0.606957 0.617321 0.629588 0.643936 0.645135 0.635689 0.628007 0.621989 0.617558 0.614661 0.613261 0.613342 0.614904 0.617967 0.622568 0.628764 0.636634 0.646280 0.657831 0.671451 0.687337 0.705734 0.726943 0.751332 0.779357 0.811584 0.848725 0.891679 0.941603 1.000000 0.984639 0.924582 0.873414 0.829505 0.791616 0.758785 0.730258 0.705436 0.683839 0.665080 0.648845 0.634876 0.622965 0.612942 0.604670 0.598040 0.592967 0.589387 0.587256 0.586549 0.587256 0.589387 0.592967 0.598040 0.604670 0.609533 0.601623 0.595332 0.590579 0.587305 0.585470 0.585051 0.586044 0.588460 0.592330 0.597699 0.604637 0.613233 0.623600 0.635882 0.650256 0.666939 0.686196 0.708356 0.733823 0.763095 0.796799 0.835724 0.823257 0.798021 0.776101 2325.500000 1.269155 0.786934
0.741103 0.699762 0.664305 0.633722 0.607229 0.584213 0.564187 0.546763 0.531625 0.518518 0.507234 0.497605 0.489491 0.482782 0.477389 0.473243 0.470291 0.468498 0.467841 0.468312 0.469918 0.472677 0.476624 0.481808 0.488295 0.496171 0.505543 0.516544 0.529338 0.544127 0.561156 0.580729 0.603223 0.629107 0.658970 0.693564 0.733856 0.781118 0.837040 0.900165 0.861897 0.828665 0.799756 0.774598 0.752734 0.733789 0.717460 0.703500 0.691708 0.681920 0.674006 0.667864 0.663417 0.660610 0.659409 0.659798 0.661783 0.665388 0.670657 0.677655 0.686473 0.697224 0.710056 0.725148 0.708224 0.686591 0.667802 0.651542 0.637554 0.625629 0.615599 0.607324 0.600698 0.595633 0.592068 0.589958 0.589278 0.590019 0.592190 0.595818 0.600948 0.607643 0.615989 0.626098 0.638106 0.652187 0.668549 0.687452 0.709214 0.734226 0.717925 0.692044 0.669520 0.649934 0.632941 0.618267 0.605683 0.595007 0.586087 0.578805 0.573066 0.568795 0.565942 0.564470 0.564361 0.565615 0.568247 0.572288 0.577789 0.584820 0.593471 0.603858 0.616126 0.630453 0.647059 0.666211 0.688240 0.713554 0.742658 0.776187 0.814943 0.859953 0.912552 0.974505 1.000000 0.916177 0.847203 0.789657 1445.500000 1.309704 0.721110
0.788461 0.842865 0.907682 0.985871 1.000000 0.932115 0.874835 0.826062 0.784229 0.748145 0.716886 0.689730 0.666102 0.645543 0.627682 0.612218 0.598905 0.587545 0.577974 0.570061 0.563702 0.558814 0.555336 0.553227 0.552459 0.553023 0.554927 0.558194 0.562863 0.568993 0.564529 0.548255 0.534144 0.521967 0.511538 0.502704 0.495344 0.489357 0.484668 0.481216 0.478958 0.477867 0.477930 0.479148 0.481534 0.485119 0.489947 0.496080 0.503596 0.512597 0.523210 0.535589 0.549924 0.566450 0.585455 0.607293 0.632405 0.661346 0.694817 0.733719 0.779223 0.832884 0.896803 0.973888 0.941476 0.887629 0.841526 0.801812 0.767443 0.737604 0.711648 0.689060 0.669425 0.652407 0.637730 0.625172 0.614552 0.605721 0.598561 0.592981 0.588909 0.586296 0.585110 0.585335 0.586975 0.590050 0.594597 0.600673 0.608355 0.617744 0.628966 0.642179 0.657578 0.675400 0.664428 0.635709 0.610780 0.589098 0.570229 0.553824 0.539600 0.527327 0.516818 0.507919 0.500506 0.494481 0.489765 0.486298 0.484039 0.482958 0.483043 0.484295 0.486729 0.490375 0.495279 0.501501 0.509125 0.518251 0.529008 0.541554 0.556081 0.572827 0.592084 0.614211 0.639658 0.668986 0.702906 0.742334 5115.000000 1.646078 0.687406
0.586730 0.541613 0.504067 0.472453 0.445581 0.422565 0.402732 0.385564 0.370657 0.357689 0.346404 0.336596 0.328096 0.320769 0.314503 0.309208 0.304810 0.301251 0.298486 0.296478 0.295203 0.294646 0.294800 0.295667 0.297258 0.299591 0.302696 0.306612 0.311391 0.317098 0.323812 0.331633 0.340682 0.351108 0.363095 0.376869 0.392714 0.410982 0.432125 0.456720 0.485526 0.519545 0.560141 0.609212 0.669473 0.744957 0.841911 0.957071 0.878571 0.813783 0.759599 0.713792 0.674728 0.641183 0.612220 0.587114 0.565295 0.546308 0.529789 0.515446 0.503039 0.492373 0.483290 0.475662 0.469384 0.464373 0.460566 0.457916 0.456389 0.455966 0.456644 0.458430 0.461345 0.465426 0.470725 0.477308 0.485264 0.494701 0.505755 0.518593 0.533418 0.550480 0.570089 0.592627 0.564694 0.539973 0.518524 0.499871 0.483638 0.469522 0.457277 0.446703 0.437638 0.429949 0.423527 0.418288 0.414162 0.411098 0.409056 0.408013 0.407956 0.408883 0.410807 0.413750 0.417750 0.422856 0.429135 0.436671 0.445570 0.455960 0.468000 0.481886 0.497857 0.516209 0.537310 0.561620 0.589722 0.622364 0.660514 0.705458 0.758927 0.823311 0.902007 1.000000 0.909946 0.796674 0.710002 0.641733 1197.000000 1.868849 0.521668
0.942149 0.976663 1.000000 0.937354 0.884098 0.838480 0.799169 0.765140 0.735591 0.709885 0.687516 0.668073 0.651226 0.636704 0.624286 0.613794 0.605083 0.598036 0.592562 0.588592 0.586078 0.584989 0.585311 0.587048 0.590222 0.585477 0.579491 0.574997 0.571940 0.570281 0.570001 0.571097 0.573582 0.577485 0.582856 0.589761 0.598291 0.608559 0.620707 0.634910 0.651385 0.670395 0.692267 0.717400 0.746292 0.779566 0.818009 0.862625 0.914720 0.976014 0.972553 0.941372 0.914262 0.890756 0.870473 0.853103 0.838392 0.826137 0.816173 0.808370 0.802631 0.798883 0.797082 0.797205 0.799254 0.803253 0.809252 0.817325 0.827574 0.840134 0.855173 0.869887 0.822561 0.781905 0.746793 0.716351 0.689890 0.666864 0.646833 0.629442 0.614404 0.601482 0.590486 0.581260 0.573679 0.567643 0.563075 0.559918 0.558133 0.557699 0.558610 0.560878 0.564530 0.569610 0.576184 0.584336 0.594173 0.605832 0.619479 0.635322 0.653612 0.674660 0.698848 0.726650 0.758660 0.795625 0.838501 0.848184 0.830831 0.816100 0.803786 0.793721 0.785774 0.779845 0.775861 0.773771 0.773551 0.775198 0.778732 0.784197 0.791659 0.801214 0.812984 0.827128 0.843841 0.863367 0.886002 0.912113 5055.500000 1.425877 0.789228
0.939505 0.887929 0.843648 0.805422 0.772290 0.743496 0.718440 0.696642 0.677713 0.661335 0.647254 0.635258 0.625177 0.616874 0.610239 0.605188 0.601658 0.599605 0.599003 0.599847 0.602146 0.605927 0.611239 0.618146 0.626739 0.637130 0.649463 0.663914 0.680699 0.700086 0.681771 0.656534 0.634574 0.615470 0.598883 0.584538 0.572210 0.561717 0.552910 0.545669 0.539899 0.535526 0.532496 0.530772 0.530333 0.531172 0.533301 0.536746 0.541548 0.547769 0.555488 0.564808 0.575857 0.588794 0.603813 0.621154 0.641111 0.664045 0.690406 0.720755 0.755799 0.796442 0.843853 0.899570 0.965656 0.976026 0.920072 0.872174 0.830918 0.795218 0.764225 0.737267 0.713806 0.693412 0.675734 0.660486 0.647436 0.636395 0.627211 0.619759 0.613944 0.609693 0.606952 0.605688 0.605886 0.607548 0.610695 0.615364 0.621615 0.629526 0.639201 0.650770 0.664395 0.647265 0.625505 0.606574 0.590135 0.575914 0.563689 0.553277 0.544530 0.537331 0.531583 0.527213 0.524167 0.522408 0.521913 0.522677 0.524710 0.528035 0.532695 0.538746 0.546268 0.555360 0.566146 0.578782 0.593457 0.610404 0.629910 0.652327 0.678092 0.707752 0.741993 0.781696 0.827995 0.882384 0.946861 1.000000 1379.500000 1.507731 0.724922
0.872437 0.849637 0.829948 0.813065 0.798741 0.786775 0.777007 0.769309 0.763583 0.759759 0.757790 0.757651 0.759342 0.762881 0.768314 0.775707 0.785153 0.796775 0.810729 0.827209 0.820814 0.803396 0.788563 0.776103 0.765847 0.757660 0.751437 0.747101 0.744598 0.743898 0.744992 0.747894 0.752639 0.759285 0.767916 0.778644 0.791609 0.806990 0.825008 0.845933 0.870098 0.897910 0.929874 0.966612 0.955207 0.934298 0.916446 0.901393 0.888934 0.878903 0.871172 0.865642 0.862247 0.860943 0.861717 0.864577 0.869557 0.876720 0.886154 0.897980 0.912354 0.929471 0.949574 0.972961 1.000000 0.967585 0.925132 0.888297 0.856267 0.828392 0.804152 0.783123 0.764961 0.749387 0.736173 0.725133 0.716120 0.709014 0.703727 0.700193 0.698368 0.698230 0.699778 0.703030 0.708026 0.714828 0.723522 0.732095 0.729786 0.729242 0.730458 0.733448 0.738249 0.744919 0.753542 0.764230 0.777125 0.792405 0.810288 0.831045 0.855008 0.882583 0.914272 0.950697 0.992635 0.996840 0.969429 0.945703 0.925286 0.907873 0.893215 0.881112 0.871404 0.863966 0.858705 0.855557 0.854482 0.855469 0.858528 0.863698 0.871041 0.880650 0.892648 0.907193 0.924484 0.944768 0.928940 0.898718 1484.500000 1.163831 0.871655
0.941654 0.979927 1.000000 0.980500 0.964023 0.950343 0.939276 0.930681 0.924449 0.920502 0.918793 0.919300 0.922031 0.927018 0.934322 0.944035 0.956280 0.971217 0.943770 0.913512 0.887204 0.864394 0.844711 0.827855 0.813580 0.801687 0.792018 0.784446 0.778877 0.775240 0.773492 0.773611 0.775599 0.779480 0.785302 0.793136 0.803082 0.815270 0.813772 0.800914 0.790330 0.781881 0.775459 0.770984 0.768402 0.767679 0.768808 0.771803 0.776700 0.783558 0.792466 0.803536 0.816915 0.832788 0.851382 0.872976 0.897913 0.926615 0.924029 0.911559 0.901564 0.893916 0.888520 0.885307 0.884241 0.885307 0.888520 0.893916 0.901564 0.911559 0.924029 0.939139 0.936099 0.915654 0.898201 0.883489 0.871317 0.861523 0.853981 0.848596 0.845303 0.844060 0.844854 0.847693 0.852612 0.859672 0.868961 0.880597 0.894734 0.911564 0.931326 0.943101 0.914950 0.890514 0.869390 0.851247 0.835819 0.822887 0.812276 0.803847 0.797493 0.793134 0.790718 0.790213 0.791616 0.794941 0.800231 0.800877 0.786686 0.774822 0.765127 0.757475 0.751766 0.747932 0.745924 0.745719 0.747314 0.750728 0.756003 0.763204 0.772422 0.783778 0.797421 0.813543 0.832377 0.854210 0.879395 0.908365 4612.000000 1.164010 0.910707
0.926159 0.960505 1.000000 0.990957 0.952746 0.919505 0.890578 0.865438 0.843654 0.824878 0.808827 0.795267 0.784012 0.774911 0.767849 0.737716 0.703526 0.673915 0.648195 0.625819 0.606347 0.589428 0.574775 0.562154 0.551375 0.542283 0.534754 0.528687 0.524005 0.520648 0.518575 0.517761 0.518196 0.519885 0.522849 0.527124 0.532763 0.540286 0.550662 0.562828 0.576964 0.593296 0.612096 0.633703 0.658536 0.687117 0.720106 0.758340 0.802906 0.855225 0.917202 0.906650 0.891847 0.879604 0.869760 0.862189 0.856794 0.853509 0.852295 0.853137 0.856045 0.861054 0.868226 0.877651 0.889449 0.903775 0.907772 0.878436 0.852927 0.830802 0.811703 0.795335 0.781459 0.769882 0.760448 0.753035 0.747548 0.743920 0.742107 0.742085 0.729427 0.705722 0.685109 0.667227 0.651785 0.638545 0.627314 0.617933 0.610278 0.604248 0.599767 0.596778 0.595247 0.595153 0.593455 0.590823 0.589628 0.589856 0.591510 0.594610 0.599193 0.605318 0.613060 0.622523 0.633833 0.647150 0.662669 0.680631 0.701330 0.725129 0.752476 0.776096 0.768552 0.762974 0.759292 0.757461 0.757460 0.759288 0.762967 0.768542 0.776083 0.785686 0.797473 0.811605 0.828279 0.847736 0.870277 0.896268 17428.000000 1.340090 0.834372
0.785695 0.827284 0.875750 0.932635 1.000000 0.972571 0.913936 0.863932 0.820991 0.783916 0.751778 0.723846 0.699540 0.678394 0.660033 0.644151 0.630498 0.618872 0.609107 0.601072 0.594660 0.589789 0.586398 0.584446 0.583909 0.584781 0.587071 0.590809 0.596039 0.602828 0.611263 0.621456 0.633547 0.647709 0.646781 0.629871 0.615268 0.602745 0.592120 0.583244 0.575998 0.570286 0.566037 0.563197 0.561732 0.561624 0.562872 0.565491 0.569513 0.574987 0.581984 0.590593 0.600930 0.613139 0.627397 0.643922 0.662981 0.684904 0.710095 0.739058 0.772425 0.810993 0.855784 0.908129 0.969783 0.964059 0.908236 0.860483 0.819376 0.783819 0.752959 0.726120 0.702763 0.682455 0.664844 0.649645 0.636624 0.625593 0.616397 0.608914 0.603045 0.598717 0.595876 0.594487 0.594533 0.596016 0.598952 0.603379 0.609350 0.616941 0.626252 0.637408 0.650563 0.665911 0.683688 0.704183 0.727752 0.749807 0.718710 0.691690 0.668179 0.647723 0.629954 0.614576 0.601345 0.590063 0.580569 0.572734 0.566455 0.561649 0.558258 0.556240 0.555570 0.556240 0.558258 0.561649 0.566455 0.572734 0.580569 0.590063 0.601345 0.614576 0.629954 0.647723 0.668179 0.691690 0.718710 0.749807 7446.000000 1.421832 0.730390
0.870175 0.864686 0.828825 0.797665 0.770552 0.746962 0.726471 0.708737 0.693478 0.680468 0.669520 0.660484 0.653242 0.647701 0.636305 0.614958 0.596387 0.580261 0.566313 0.554324 0.544116 0.535544 0.528491 0.522864 0.518592 0.515622 0.513917 0.513455 0.514232 0.516258 0.519555 0.524166 0.524884 0.514398 0.505516 0.498116 0.492098 0.487383 0.483913 0.481644 0.480548 0.480613 0.481838 0.484240 0.487846 0.492703 0.498871 0.506431 0.512410 0.518119 0.525236 0.533855 0.544095 0.556100 0.570052 0.586171 0.604726 0.626053 0.650563 0.678772 0.711330 0.749064 0.793043 0.844671 0.905822 0.979062 1.000000 0.909801 0.836375 0.775645 0.724765 0.681691 0.644916 0.613307 0.585998 0.562314 0.541724 0.523807 0.508222 0.494694 0.483002 0.472963 0.467582 0.466695 0.466934 0.468302 0.470815 0.474505 0.479418 0.485615 0.493179 0.502211 0.512838 0.525217 0.539541 0.556045 0.575019 0.596823 0.607415 0.591108 0.577008 0.564894 0.554587 0.545941 0.538839 0.533187 0.528913 0.525965 0.524305 0.523914 0.524786 0.526933 0.530110 0.534384 0.540040 0.547148 0.555803 0.566122 0.578251 0.592369 0.608697 0.627506 0.649127 0.673973 0.702556 0.735522 0.773690 0.818114 5688.000000 1.425100 0.706130
0.842172 0.850147 0.819301 0.792457 0.769111 0.748853 0.731352 0.716336 0.703586 0.692922 0.684199 0.677305 0.672152 0.668675 0.666832 0.666601 0.667979 0.670982 0.675647 0.682032 0.690218 0.700310 0.712444 0.726787 0.743547 0.762981 0.785400 0.811190 0.840826 0.830136 0.777965 0.733626 0.695654 0.662938 0.634621 0.610034 0.588646 0.570033 0.553855 0.539835 0.527746 0.517407 0.508667 0.501405 0.495524 0.490949 0.487621 0.485500 0.484560 0.484789 0.486190 0.488780 0.492590 0.497669 0.504081 0.511910 0.521261 0.532266 0.545088 0.559925 0.577021 0.596676 0.619262 0.645241 0.675193 0.709855 0.750173 0.797383 0.853128 0.919635 1.000000 0.999964 0.941064 0.890743 0.847469 0.810065 0.777618 0.749406 0.724854 0.703501 0.684973 0.668966 0.655233 0.643571 0.633818 0.625841 0.619536 0.614823 0.611644 0.609960 0.609749 0.611011 0.613759 0.618027 0.623869 0.631358 0.640591 0.651691 0.664812 0.655752 0.636565 0.619920 0.605545 0.593218 0.582759 0.574022 0.566888 0.561264 0.557080 0.554283 0.552840 0.552732 0.553958 0.556534 0.560490 0.565876 0.572760 0.581230 0.591401 0.603414 0.617444 0.633704 0.652458 0.674029 0.698817 0.727316 0.760148 0.798098 1178.000000 1.391408 0.730797
0.842238 0.867676 0.825502 0.789050 0.757429 0.729936 0.706009 0.685200 0.667144 0.651544 0.638159 0.626793 0.617285 0.609508 0.603360 0.598763 0.595660 0.594012 0.593800 0.595021 0.597690 0.601839 0.607521 0.614805 0.623788 0.634588 0.647356 0.662277 0.653283 0.634732 0.618655 0.604794 0.592937 0.582913 0.574584 0.567838 0.562588 0.558769 0.556332 0.555248 0.555504 0.557103 0.560064 0.564424 0.570237 0.577576 0.586539 0.597246 0.609847 0.624528 0.641518 0.661094 0.683602 0.709466 0.739215 0.773512 0.813202 0.859367 0.913423 0.977247 1.000000 0.925087 0.862549 0.809758 0.764792 0.726216 0.692933 0.664097 0.639043 0.617243 0.598276 0.581800 0.567537 0.555262 0.544792 0.535977 0.528695 0.522852 0.518372 0.515198 0.513292 0.512631 0.513206 0.515024 0.518108 0.522495 0.528241 0.535419 0.544123 0.554473 0.566616 0.580733 0.597046 0.615829 0.637418 0.662228 0.690780 0.723727 0.761901 0.802214 0.772278 0.746228 0.723564 0.703883 0.686854 0.672211 0.659736 0.649251 0.640613 0.633708 0.628449 0.624769 0.622623 0.621985 0.622847 0.625220 0.629132 0.634633 0.641790 0.650696 0.661468 0.674255 0.689239 0.706645 0.726749 0.749891 0.776486 0.807053 1042.500000 1.323873 0.736795
