0.799519 0.817391 0.838145 0.831554 0.818460 0.807687 0.799094 0.792571 0.788037 0.785437 0.784737 0.785930 0.789031 0.794077 0.801130 0.810279 0.821642 0.835369 0.851649 0.870716 0.892856 0.918422 0.947846 0.981660 0.999684 0.968088 0.940624 0.916823 0.896302 0.878751 0.863916 0.851590 0.841610 0.833847 0.828203 0.824608 0.823018 0.823414 0.807889 0.783075 0.761520 0.742862 0.726805 0.713109 0.701579 0.692056 0.684415 0.678558 0.674411 0.671923 0.671065 0.671825 0.674213 0.678257 0.684008 0.691538 0.700943 0.712347 0.725906 0.741813 0.760305 0.781674 0.806278 0.834557 0.867056 0.904456 0.947613 0.997620 1.000000 0.965055 0.934645 0.908214 0.885311 0.865569 0.848688 0.834425 0.822582 0.813002 0.805560 0.800164 0.796746 0.795266 0.795703 0.798066 0.802380 0.808701 0.817106 0.827703 0.840630 0.856062 0.867085 0.849902 0.835361 0.823258 0.813433 0.805758 0.800136 0.796498 0.794798 0.795017 0.797157 0.801244 0.807328 0.815485 0.825818 0.838462 0.853588 0.871408 0.882800 0.856115 0.832944 0.812900 0.795671 0.780999 0.768677 0.758536 0.750444 0.744297 0.740018 0.737555 0.736877 0.737977 0.740868 0.745584 0.752185 0.760753 0.771397 0.784261 1075.500000 1.071439 0.870274
0.761675 0.767177 0.758996 0.739991 0.723615 0.709621 0.697807 0.688010 0.680100 0.673976 0.669559 0.666795 0.665652 0.666114 0.668188 0.671898 0.677291 0.684433 0.693416 0.704357 0.717405 0.732744 0.750601 0.771254 0.761132 0.749397 0.739773 0.732135 0.726384 0.722450 0.720285 0.719861 0.721175 0.724241 0.729097 0.735803 0.744444 0.755131 0.768006 0.783248 0.801076 0.821760 0.845632 0.873099 0.904663 0.922021 0.892431 0.866705 0.844397 0.825147 0.808660 0.794696 0.783060 0.773597 0.766183 0.760726 0.757157 0.755432 0.755532 0.757456 0.761229 0.766897 0.774529 0.784223 0.786657 0.770993 0.757731 0.746686 0.737709 0.730686 0.725526 0.722166 0.720565 0.720703 0.722583 0.726226 0.731678 0.739007 0.748304 0.759692 0.773324 0.789391 0.781792 0.758807 0.738865 0.721638 0.706860 0.694314 0.683824 0.675249 0.668477 0.663422 0.660021 0.658232 0.658034 0.659424 0.662419 0.667056 0.673392 0.681507 0.691506 0.703523 0.717725 0.734317 0.753553 0.775743 0.801269 0.830601 0.864323 0.903166 0.948057 1.000000 0.960369 0.925905 0.895912 0.869832 0.847210 0.827678 0.810936 0.796740 0.784890 0.775228 0.767627 0.761993 0.758253 0.756363 0.756301 0.758064 15632.000000 1.194270 0.870262
0.621072 0.588296 0.560088 0.535692 0.514520 0.496109 0.480085 0.466153 0.454069 0.443638 0.434699 0.427122 0.420800 0.415650 0.411604 0.408611 0.406634 0.405648 0.405642 0.406615 0.408580 0.411560 0.415593 0.420729 0.427035 0.434596 0.443517 0.453929 0.465990 0.479898 0.495893 0.514273 0.535407 0.559759 0.587916 0.620629 0.658879 0.703959 0.757622 0.822284 0.901389 1.000000 0.973058 0.871379 0.790664 0.725233 0.671298 0.626234 0.588167 0.555725 0.527880 0.503848 0.483022 0.464925 0.449178 0.435478 0.423578 0.413281 0.404424 0.396875 0.390525 0.385290 0.381099 0.377898 0.375649 0.374322 0.373902 0.374385 0.375775 0.378089 0.381357 0.385618 0.390929 0.397358 0.404994 0.413947 0.424349 0.436366 0.450200 0.466100 0.484373 0.505404 0.529679 0.557815 0.590610 0.629113 0.674724 0.729361 0.795712 0.860876 0.809439 0.765542 0.727825 0.695247 0.666997 0.642441 0.621072 0.602484 0.586347 0.572396 0.560411 0.550217 0.541668 0.534649 0.529068 0.524854 0.521953 0.520332 0.519969 0.520860 0.523017 0.526465 0.531247 0.537424 0.545074 0.554301 0.565229 0.578018 0.592861 0.609994 0.629709 0.652365 0.678408 0.708393 0.743025 0.758359 0.704575 0.659399 4944.000000 1.460527 0.573867
0.766912 0.768658 0.772276 0.777811 0.785332 0.794934 0.795992 0.792113 0.790167 0.790129 0.791999 0.795799 0.801576 0.809403 0.819376 0.831628 0.846321 0.863660 0.883899 0.903768 0.890535 0.879773 0.871342 0.865136 0.861077 0.859116 0.859229 0.861418 0.865708 0.872154 0.880834 0.891858 0.905371 0.921554 0.940633 0.962888 0.988661 0.963829 0.932151 0.904599 0.880690 0.860031 0.842302 0.827241 0.814638 0.804322 0.796157 0.790041 0.785897 0.783674 0.783346 0.784908 0.788379 0.793802 0.801244 0.810798 0.822589 0.836773 0.853547 0.873154 0.895892 0.922127 0.950380 0.918794 0.891318 0.867466 0.846845 0.829133 0.814067 0.801435 0.791066 0.782824 0.776603 0.772326 0.769941 0.769418 0.770752 0.773958 0.779076 0.786168 0.795324 0.806662 0.820333 0.836525 0.855472 0.877460 0.902840 0.932045 0.965606 0.967207 0.939182 0.914877 0.893898 0.875922 0.860687 0.847982 0.837634 0.829511 0.823508 0.819551 0.817593 0.817609 0.819600 0.823589 0.829625 0.837785 0.848169 0.860915 0.876192 0.894214 0.915245 0.939607 0.967696 1.000000 0.974720 0.939661 0.909151 0.882619 0.859604 0.839730 0.822691 0.808239 0.796170 0.786323 0.778570 0.772811 0.768976 0.767017 6207.000000 1.065911 0.879430
0.859424 0.838491 0.820484 0.805132 0.792218 0.781564 0.773031 0.766509 0.761916 0.759196 0.758316 0.759265 0.762054 0.766718 0.773313 0.781923 0.792658 0.805660 0.821107 0.839219 0.860267 0.884584 0.886651 0.879977 0.875495 0.873152 0.872918 0.874792 0.878795 0.884977 0.893414 0.904212 0.917513 0.933493 0.952374 0.974431 1.000000 0.953919 0.910045 0.872038 0.839019 0.810290 0.785292 0.763575 0.744773 0.728588 0.714776 0.703141 0.693522 0.685793 0.679854 0.675631 0.673071 0.672144 0.668079 0.663321 0.660209 0.658705 0.658792 0.660470 0.663760 0.668702 0.675357 0.683810 0.694170 0.706578 0.721206 0.738270 0.758030 0.780811 0.807007 0.837109 0.871724 0.911617 0.901488 0.886674 0.874411 0.864537 0.856925 0.851479 0.848132 0.846844 0.847598 0.850404 0.855296 0.862335 0.871607 0.883232 0.897362 0.914189 0.933953 0.956947 0.983530 0.988385 0.946493 0.910110 0.878459 0.850916 0.826980 0.806243 0.788373 0.773100 0.760205 0.749508 0.740868 0.734174 0.729341 0.726309 0.725042 0.725525 0.727762 0.731782 0.728208 0.722819 0.719230 0.717396 0.717295 0.718926 0.722308 0.727484 0.734516 0.743494 0.754534 0.767785 0.783430 0.801699 0.822869 0.847283 6691.000000 1.177602 0.870054
0.857951 0.886403 0.919098 0.956690 1.000000 0.983586 0.956605 0.933252 0.913160 0.896028 0.881612 0.869714 0.860178 0.852881 0.847732 0.844668 0.843650 0.844668 0.815723 0.787668 0.763257 0.742047 0.723681 0.707866 0.694364 0.682982 0.673564 0.665985 0.660147 0.655977 0.653423 0.652456 0.653062 0.655249 0.659044 0.664493 0.671665 0.680651 0.691569 0.704568 0.710195 0.714811 0.721236 0.729552 0.739864 0.752310 0.767062 0.784332 0.804379 0.827523 0.854158 0.884767 0.919950 0.960456 0.954644 0.926573 0.902218 0.881178 0.863130 0.847807 0.834996 0.824522 0.816250 0.810075 0.805919 0.803733 0.803488 0.805183 0.808837 0.814496 0.822230 0.832136 0.844342 0.859012 0.859981 0.841731 0.826188 0.813133 0.802386 0.793808 0.787287 0.782743 0.780120 0.779386 0.780531 0.783571 0.788541 0.786785 0.771959 0.759476 0.749168 0.740896 0.734555 0.730065 0.727372 0.726442 0.727264 0.729849 0.734227 0.740452 0.748603 0.758784 0.771128 0.785806 0.803025 0.823042 0.835655 0.813876 0.795070 0.778948 0.765273 0.753855 0.744541 0.737207 0.731763 0.728140 0.726293 0.726201 0.727862 0.731297 0.736547 0.743677 0.752778 0.763968 0.777397 0.793251 0.811762 0.833213 1591.000000 1.162685 0.880088
0.654667 0.641451 0.630247 0.620897 0.613276 0.607285 0.602849 0.599912 0.598437 0.598409 0.599825 0.602703 0.607079 0.613006 0.620559 0.629838 0.640158 0.632274 0.626071 0.621471 0.618418 0.616873 0.616818 0.618253 0.621194 0.625677 0.631759 0.639517 0.649050 0.660486 0.673986 0.689746 0.708007 0.729065 0.753285 0.781115 0.813115 0.849983 0.892607 0.942120 1.000000 0.972967 0.930117 0.892942 0.860619 0.832489 0.808025 0.786799 0.768464 0.752736 0.739384 0.728222 0.719098 0.711893 0.706517 0.702902 0.701004 0.700800 0.702288 0.705485 0.710430 0.717186 0.725836 0.736494 0.749301 0.764436 0.782117 0.782449 0.747276 0.716782 0.690277 0.667212 0.647147 0.629726 0.614661 0.601716 0.590698 0.581452 0.573852 0.567799 0.563214 0.560042 0.558242 0.557793 0.558690 0.560943 0.564581 0.569647 0.576205 0.584340 0.594160 0.605532 0.618796 0.634217 0.652036 0.672553 0.696135 0.723236 0.754424 0.790412 0.832112 0.880696 0.937704 0.997578 0.960108 0.927505 0.899138 0.874499 0.853175 0.834830 0.819188 0.806028 0.795170 0.786470 0.779816 0.775126 0.772341 0.771428 0.772376 0.775196 0.779922 0.786613 0.790733 0.759439 0.732226 0.708543 0.687949 0.670088 13671.000000 1.331469 0.796255
0.852823 0.827967 0.806407 0.787791 0.771832 0.758298 0.746998 0.737782 0.730529 0.725147 0.721569 0.719752 0.719673 0.721332 0.724749 0.720381 0.708755 0.699156 0.691458 0.685560 0.681390 0.678896 0.678048 0.678835 0.681267 0.685374 0.691205 0.698835 0.708361 0.719908 0.733635 0.749737 0.768454 0.790081 0.814982 0.843602 0.876493 0.914345 0.872335 0.835563 0.803622 0.775835 0.751654 0.730643 0.712444 0.696767 0.683376 0.672079 0.662720 0.655174 0.649345 0.645160 0.642566 0.641532 0.642046 0.644114 0.647760 0.653031 0.659990 0.668728 0.679360 0.692028 0.706914 0.724237 0.733329 0.719334 0.707536 0.697773 0.689914 0.683860 0.679534 0.676883 0.675874 0.676495 0.678755 0.682679 0.688318 0.695740 0.705041 0.716343 0.729800 0.745603 0.763987 0.785240 0.809716 0.837850 0.870181 0.907381 0.950296 1.000000 0.978801 0.916958 0.864425 0.819452 0.780715 0.747194 0.718092 0.692778 0.670748 0.651598 0.634999 0.620682 0.608430 0.598066 0.589444 0.582452 0.576996 0.573010 0.570443 0.569264 0.571348 0.575460 0.581041 0.588163 0.596918 0.607422 0.619823 0.634300 0.651076 0.670422 0.692674 0.718242 0.747641 0.781512 0.820669 0.866153 0.914251 0.881407 623.000000 1.098946 0.785764
0.725784 0.720524 0.717054 0.715333 0.715339 0.717073 0.720555 0.725829 0.732959 0.742036 0.753177 0.766533 0.782290 0.800678 0.821979 0.821805 0.801997 0.784968 0.770465 0.758282 0.748252 0.740245 0.734156 0.729912 0.727458 0.726766 0.727827 0.730654 0.735281 0.741766 0.750189 0.760659 0.773315 0.788331 0.805921 0.826350 0.849943 0.877098 0.906247 0.886706 0.870042 0.856016 0.844438 0.835154 0.828045 0.823022 0.820023 0.819012 0.819976 0.822928 0.827902 0.834961 0.844192 0.855714 0.869679 0.886279 0.905748 0.928379 0.915166 0.883969 0.856825 0.833245 0.812835 0.795270 0.780288 0.767676 0.757260 0.748904 0.742498 0.737965 0.735246 0.734310 0.735146 0.737762 0.742192 0.748489 0.756733 0.756369 0.742005 0.729901 0.719893 0.711847 0.705660 0.701255 0.698577 0.697593 0.698292 0.700682 0.704792 0.708282 0.709078 0.711592 0.715855 0.721919 0.729860 0.739780 0.751809 0.766111 0.782892 0.802400 0.824943 0.850899 0.880731 0.915016 0.954471 1.000000 0.977646 0.950856 0.927670 0.907723 0.890715 0.876407 0.864600 0.855140 0.847906 0.842806 0.839778 0.838785 0.839816 0.842882 0.846348 0.821813 0.800535 0.782167 0.766428 0.753089 0.741962 0.732900 14778.000000 1.160951 0.888692
0.852230 0.944323 1.000000 0.904662 0.827740 0.764572 0.711956 0.667619 0.629910 0.597595 0.569740 0.545622 0.524675 0.506453 0.490595 0.476815 0.464877 0.454590 0.445799 0.438379 0.432225 0.427257 0.423410 0.420636 0.418900 0.418183 0.418474 0.419777 0.422109 0.425498 0.429986 0.435630 0.442504 0.450702 0.460340 0.471559 0.484536 0.499484 0.516668 0.536415 0.559132 0.585331 0.615662 0.650962 0.692325 0.741208 0.784777 0.743198 0.707421 0.676485 0.649642 0.626298 0.605983 0.588318 0.572994 0.559763 0.548420 0.538801 0.530769 0.524218 0.519061 0.515235 0.512690 0.511396 0.511338 0.512514 0.514939 0.518643 0.523671 0.530086 0.537973 0.547437 0.558610 0.571654 0.586770 0.604201 0.624250 0.647288 0.673777 0.704296 0.739576 0.780558 0.828460 0.868765 0.791613 0.728659 0.676490 0.632715 0.595608 0.563896 0.536617 0.513035 0.492575 0.474784 0.459301 0.445837 0.434155 0.424066 0.415412 0.408069 0.401932 0.396919 0.392964 0.390018 0.388043 0.387016 0.386924 0.387767 0.389553 0.392305 0.396057 0.400857 0.406767 0.413865 0.422251 0.432046 0.443400 0.456497 0.471560 0.488870 0.508772 0.531698 0.558196 0.588967 0.624921 0.667263 0.717614 0.778212 1179.000000 1.378084 0.582232
0.845436 0.787361 0.738415 0.696780 0.661096 0.630334 0.603697 0.580562 0.560435 0.542921 0.527702 0.514517 0.503159 0.493454 0.485263 0.478474 0.472995 0.468758 0.465707 0.463806 0.463032 0.463374 0.464838 0.467441 0.471214 0.476206 0.482479 0.490116 0.499221 0.509922 0.522378 0.536783 0.553376 0.572451 0.594371 0.619589 0.648673 0.682347 0.721542 0.767476 0.821770 0.886629 0.965129 0.981228 0.909284 0.849075 0.798148 0.754700 0.717376 0.685144 0.657198 0.632908 0.611770 0.593382 0.577418 0.563612 0.551750 0.541654 0.533183 0.526220 0.520675 0.516478 0.513574 0.511930 0.511524 0.512353 0.514425 0.517767 0.522419 0.528440 0.535908 0.544921 0.555604 0.568110 0.582628 0.599390 0.618679 0.640846 0.666326 0.695660 0.729535 0.768825 0.814663 0.868537 0.919767 0.856800 0.803714 0.758544 0.719822 0.686435 0.657522 0.632408 0.610559 0.591546 0.575025 0.560716 0.548391 0.537864 0.528984 0.521629 0.515700 0.511123 0.507838 0.505807 0.505003 0.505417 0.507055 0.509936 0.514095 0.519585 0.526475 0.534857 0.544843 0.556576 0.570229 0.586016 0.604199 0.625100 0.649120 0.676754 0.708629 0.745541 0.788512 0.838885 0.898445 0.969624 1.000000 0.915142 6581.000000 1.137998 0.600790
0.762164 0.781206 0.803208 0.813446 0.810199 0.808919 0.809591 0.812222 0.816845 0.823516 0.832318 0.843364 0.856800 0.872806 0.891612 0.913494 0.938797 0.967939 0.978167 0.921921 0.873782 0.832327 0.796459 0.765322 0.738240 0.714671 0.694182 0.676419 0.661095 0.647976 0.636873 0.627630 0.620124 0.614258 0.609957 0.607169 0.605859 0.606012 0.607628 0.607294 0.604779 0.603734 0.604144 0.606017 0.609373 0.614255 0.620724 0.628861 0.638774 0.650596 0.664495 0.680677 0.699394 0.720955 0.745742 0.774225 0.806991 0.844779 0.888524 0.939435 0.999088 1.000000 0.959905 0.925044 0.894706 0.868321 0.845425 0.825644 0.808671 0.794256 0.782198 0.772333 0.764533 0.758699 0.754757 0.752660 0.752382 0.753919 0.757292 0.762539 0.769728 0.778947 0.790317 0.803990 0.785882 0.765630 0.748153 0.733183 0.720501 0.709933 0.701335 0.694596 0.689630 0.686378 0.684797 0.684870 0.686598 0.690000 0.695120 0.702019 0.710787 0.721537 0.734413 0.749596 0.767307 0.787819 0.811467 0.829213 0.803793 0.781713 0.762601 0.746157 0.732133 0.720330 0.710586 0.702772 0.696789 0.692562 0.690037 0.689185 0.689996 0.692479 0.696664 0.702603 0.710370 0.720064 0.731815 0.745781 13910.500000 1.212261 0.824779
0.613977 0.670775 0.741121 0.830185 0.946170 1.000000 0.896625 0.814399 0.747637 0.692533 0.646445 0.607481 0.574251 0.545715 0.521077 0.499719 0.481157 0.465004 0.450952 0.438750 0.428195 0.419122 0.411396 0.404908 0.399569 0.395309 0.392073 0.389821 0.388526 0.388171 0.388753 0.390278 0.392764 0.396244 0.400760 0.406370 0.413149 0.421190 0.430607 0.441544 0.454174 0.468710 0.485414 0.504615 0.526718 0.552237 0.581828 0.616338 0.629513 0.606438 0.586358 0.568892 0.553731 0.540626 0.529373 0.519805 0.511788 0.505214 0.499995 0.496066 0.493378 0.491897 0.491605 0.492500 0.494592 0.497907 0.502484 0.508383 0.515679 0.524469 0.534876 0.547048 0.561170 0.577469 0.596222 0.617772 0.642545 0.671071 0.704023 0.742259 0.786891 0.839386 0.901712 0.796672 0.714854 0.649696 0.596741 0.553000 0.516392 0.485427 0.459009 0.436315 0.416715 0.399723 0.384953 0.372100 0.360919 0.351211 0.342817 0.335604 0.329466 0.324315 0.320082 0.316712 0.314160 0.312396 0.311398 0.311154 0.311659 0.312922 0.314957 0.317789 0.321454 0.325998 0.331484 0.337985 0.345595 0.354430 0.364629 0.376367 0.389856 0.405360 0.423211 0.443825 0.467734 0.495627 0.528413 0.567306 7470.000000 1.758402 0.537372
0.857891 0.898416 0.945350 1.000000 0.952013 0.902483 0.859821 0.822904 0.790852 0.762974 0.738712 0.717622 0.699341 0.683573 0.670080 0.658665 0.649171 0.641469 0.635461 0.631071 0.628244 0.626946 0.627161 0.628892 0.632159 0.637004 0.643485 0.651686 0.661713 0.673701 0.687820 0.704277 0.723325 0.745277 0.770519 0.789574 0.762736 0.739385 0.719102 0.701548 0.686444 0.673566 0.662729 0.653785 0.646616 0.641131 0.637260 0.634957 0.634192 0.634957 0.637260 0.641131 0.646616 0.653785 0.662729 0.673566 0.686444 0.701548 0.719102 0.739385 0.762736 0.789574 0.820418 0.855916 0.896883 0.944357 0.999682 0.977595 0.923085 0.876333 0.836005 0.801070 0.770720 0.744314 0.721337 0.701376 0.684093 0.669215 0.656518 0.645821 0.636977 0.629868 0.624404 0.620517 0.618157 0.617297 0.617925 0.620050 0.623698 0.628913 0.635760 0.644328 0.654728 0.667103 0.681628 0.698521 0.718046 0.740529 0.766371 0.796069 0.799798 0.772247 0.748273 0.727443 0.709404 0.693869 0.680605 0.669420 0.660162 0.652707 0.646960 0.642849 0.640322 0.639349 0.639919 0.642037 0.645731 0.651045 0.658045 0.666821 0.677489 0.690194 0.705115 0.722475 0.742545 0.765659 0.792228 0.822761 5820.000000 1.260145 0.764627
0.894269 0.830335 0.776680 0.731192 0.692314 0.658868 0.629952 0.604864 0.583049 0.564063 0.547553 0.533230 0.520860 0.510252 0.501251 0.493731 0.487590 0.482749 0.479147 0.476737 0.475492 0.475395 0.476446 0.478657 0.482055 0.486683 0.492599 0.499880 0.508623 0.518949 0.531009 0.544988 0.561110 0.579654 0.600964 0.625464 0.653688 0.686312 0.724199 0.768473 0.820619 0.882638 0.957292 1.000000 0.919684 0.853212 0.797493 0.750303 0.710000 0.675350 0.645407 0.619436 0.596856 0.577206 0.560115 0.545283 0.532466 0.521465 0.512118 0.504294 0.497887 0.492812 0.489007 0.486422 0.485027 0.484805 0.485752 0.487881 0.491217 0.495802 0.501693 0.508967 0.517720 0.528074 0.540179 0.554218 0.570417 0.589054 0.610469 0.635089 0.663442 0.696202 0.734226 0.778627 0.830874 0.892943 0.938667 0.873750 0.819077 0.772594 0.732775 0.698459 0.668752 0.642955 0.620514 0.600985 0.584012 0.569306 0.556629 0.545792 0.536636 0.529036 0.522890 0.518119 0.514664 0.512480 0.511542 0.511838 0.513372 0.516163 0.520244 0.525667 0.532500 0.540833 0.550780 0.562479 0.576104 0.591867 0.610028 0.630907 0.654899 0.682497 0.714320 0.751154 0.794010 0.844208 0.903507 0.971404 1472.500000 1.090389 0.602914
0.817160 0.769078 0.727996 0.692664 0.662124 0.635630 0.612594 0.592547 0.575112 0.559984 0.546916 0.535704 0.526185 0.518225 0.511717 0.506576 0.502736 0.500149 0.498785 0.498625 0.499670 0.501930 0.505434 0.510225 0.516364 0.523930 0.533024 0.543773 0.556331 0.570892 0.587688 0.607010 0.629213 0.654739 0.684142 0.718121 0.757572 0.803658 0.857915 0.922412 1.000000 0.948755 0.861870 0.791309 0.733061 0.684335 0.643136 0.607997 0.577820 0.551762 0.529173 0.509540 0.492456 0.477594 0.464689 0.453527 0.443933 0.435764 0.428905 0.423263 0.418763 0.415348 0.412975 0.411614 0.411251 0.411879 0.413507 0.416154 0.419853 0.424651 0.430609 0.437807 0.446343 0.456339 0.467947 0.481350 0.496776 0.514504 0.534881 0.558338 0.585422 0.616830 0.653462 0.696504 0.747544 0.808758 0.883208 0.975344 0.979657 0.905443 0.843570 0.791397 0.746996 0.708930 0.676106 0.647677 0.622984 0.601499 0.582805 0.566561 0.552493 0.540377 0.530031 0.521305 0.514081 0.508262 0.503773 0.500558 0.498577 0.497807 0.498237 0.499873 0.502736 0.506859 0.512295 0.519113 0.527402 0.537276 0.548874 0.562369 0.577971 0.595941 0.616596 0.640334 0.667644 0.699148 0.735631 0.778110 7688.500000 1.318444 0.587255
0.944486 0.979595 0.980364 0.943506 0.911436 0.883533 0.859296 0.838319 0.820271 0.804882 0.791932 0.781244 0.772678 0.766124 0.761498 0.758745 0.757832 0.751600 0.731409 0.713950 0.698949 0.686185 0.675476 0.666678 0.659676 0.654378 0.650721 0.648658 0.648164 0.649235 0.651881 0.656137 0.662054 0.669707 0.679194 0.690641 0.704207 0.720085 0.738517 0.755761 0.750881 0.747853 0.746641 0.747231 0.749628 0.753863 0.759988 0.768078 0.778238 0.790600 0.805332 0.822644 0.842791 0.866088 0.892923 0.923770 0.959218 1.000000 0.970151 0.927245 0.890027 0.857667 0.829507 0.805014 0.783761 0.765397 0.749639 0.736254 0.725055 0.715891 0.708641 0.703214 0.699541 0.697579 0.697302 0.698709 0.701815 0.706659 0.713301 0.721824 0.732339 0.744986 0.759941 0.777419 0.797688 0.821072 0.847973 0.878886 0.914425 0.885457 0.849612 0.818451 0.791334 0.767746 0.747272 0.729574 0.714376 0.701453 0.690624 0.681742 0.674690 0.669378 0.665741 0.663733 0.663331 0.664529 0.667342 0.671804 0.677970 0.685919 0.695752 0.707601 0.721629 0.738038 0.757077 0.771827 0.771868 0.773773 0.777565 0.783291 0.791021 0.800854 0.812918 0.827374 0.844425 0.864320 0.887364 0.913932 1832.000000 1.215973 0.840490
0.552764 0.562246 0.562722 0.561356 0.561345 0.562690 0.565407 0.569529 0.575107 0.582212 0.590936 0.601396 0.613738 0.628143 0.644831 0.664073 0.686203 0.711632 0.740872 0.774564 0.813519 0.858779 0.911697 0.974065 1.000000 0.945088 0.897944 0.857246 0.821972 0.791317 0.764643 0.741436 0.721282 0.703846 0.688854 0.676081 0.665348 0.656506 0.649441 0.644061 0.640299 0.632727 0.620516 0.610210 0.601667 0.594772 0.589438 0.585597 0.583201 0.582222 0.582648 0.584483 0.587750 0.592489 0.598760 0.606641 0.616238 0.627679 0.641127 0.656781 0.674884 0.695738 0.719711 0.722347 0.702770 0.685836 0.671277 0.658878 0.648462 0.639888 0.633043 0.627840 0.624212 0.622117 0.621528 0.622438 0.624858 0.628819 0.634367 0.641574 0.650531 0.661358 0.674204 0.689251 0.706727 0.726909 0.743263 0.739334 0.737212 0.736872 0.738311 0.741545 0.746614 0.753581 0.762533 0.773587 0.786889 0.802625 0.821021 0.842356 0.866975 0.895298 0.927844 0.867240 0.815841 0.771949 0.734218 0.701614 0.673336 0.648752 0.627357 0.608749 0.592599 0.578642 0.566660 0.556479 0.547953 0.540968 0.535433 0.531277 0.528448 0.526912 0.526650 0.527659 0.529950 0.533553 0.538511 0.544887 3777.500000 1.406354 0.787585
0.982232 0.935230 0.894578 0.859297 0.828613 0.801911 0.778693 0.758558 0.741178 0.726287 0.713669 0.703146 0.694578 0.687854 0.682888 0.679619 0.678006 0.678030 0.679693 0.683012 0.688030 0.669185 0.651870 0.636923 0.624117 0.613264 0.604212 0.596841 0.591054 0.586779 0.583961 0.582567 0.582580 0.584000 0.586844 0.591147 0.596962 0.604363 0.613447 0.624334 0.627446 0.632037 0.638244 0.646146 0.655846 0.667474 0.681193 0.697203 0.715749 0.737133 0.761725 0.789984 0.822478 0.859921 0.903215 0.953518 0.974241 0.940379 0.910914 0.885306 0.863122 0.844006 0.827669 0.813876 0.802436 0.793198 0.786042 0.780879 0.777645 0.776299 0.776826 0.753199 0.732398 0.714390 0.698889 0.685664 0.674524 0.665318 0.657924 0.652246 0.648214 0.645777 0.644906 0.645591 0.647840 0.651680 0.657158 0.664343 0.673327 0.684228 0.697196 0.704257 0.691093 0.680020 0.670887 0.663574 0.657986 0.654054 0.651730 0.650985 0.651810 0.654216 0.658230 0.663904 0.671307 0.680536 0.689552 0.683515 0.679205 0.676569 0.675574 0.676208 0.678481 0.682417 0.688067 0.695501 0.704814 0.716129 0.729598 0.745415 0.763813 0.785081 0.809575 0.837728 0.870083 0.907310 0.950257 1.000000 7532.500000 1.279963 0.837999
0.561271 0.556370 0.552874 0.550740 0.549942 0.550471 0.552333 0.555550 0.560163 0.566228 0.573823 0.583049 0.594031 0.606924 0.621922 0.639258 0.659222 0.682169 0.708541 0.738885 0.773891 0.814440 0.861663 0.917045 0.888587 0.846150 0.809443 0.777584 0.749876 0.725763 0.704797 0.686617 0.670926 0.657485 0.646098 0.636606 0.628882 0.622826 0.618361 0.615431 0.614002 0.614054 0.615590 0.618628 0.623205 0.629377 0.637223 0.646846 0.658374 0.671968 0.687828 0.706197 0.727374 0.751727 0.779712 0.811892 0.848975 0.828907 0.794671 0.764921 0.739035 0.716512 0.696952 0.680025 0.665467 0.653059 0.642625 0.634022 0.627138 0.621884 0.618194 0.616023 0.615344 0.616149 0.618449 0.622270 0.627660 0.634687 0.643441 0.640603 0.628715 0.618723 0.610492 0.603913 0.598901 0.595395 0.593350 0.592742 0.593565 0.595827 0.599556 0.604798 0.611619 0.620107 0.630373 0.642560 0.656840 0.673429 0.692589 0.714643 0.739990 0.769121 0.802653 0.841362 0.886236 0.938555 1.000000 0.941791 0.884519 0.835711 0.793821 0.757667 0.726337 0.699112 0.675423 0.654813 0.636912 0.621421 0.608095 0.596737 0.587184 0.579305 0.572998 0.568180 0.564791 0.562791 0.562155 0.562874 19044.000000 1.110204 0.752082
0.864535 0.840349 0.819399 0.801353 0.785936 0.772928 0.762151 0.753459 0.746743 0.741917 0.738921 0.737719 0.738298 0.740662 0.744843 0.750889 0.758878 0.768912 0.781121 0.773754 0.753789 0.736559 0.721798 0.709293 0.698868 0.690385 0.683732 0.678827 0.675607 0.674034 0.674088 0.675770 0.679101 0.684121 0.690893 0.699502 0.710060 0.722710 0.737628 0.744431 0.742083 0.741530 0.742767 0.745807 0.750689 0.757471 0.766240 0.777108 0.790220 0.805757 0.823942 0.845049 0.869416 0.897455 0.929678 0.910524 0.893618 0.879407 0.867700 0.858340 0.851209 0.846218 0.843304 0.842433 0.843594 0.846801 0.852093 0.859535 0.869220 0.881274 0.895856 0.913165 0.933449 0.957013 0.917690 0.871515 0.831671 0.797148 0.767151 0.741050 0.718340 0.698614 0.681540 0.666849 0.654322 0.643778 0.635075 0.628097 0.622754 0.618980 0.616728 0.615972 0.613912 0.612729 0.613025 0.614803 0.618085 0.622910 0.629340 0.637456 0.647363 0.659196 0.673122 0.689346 0.708118 0.729750 0.754619 0.783197 0.816068 0.853967 0.866139 0.860974 0.857925 0.856955 0.858052 0.861229 0.866525 0.874006 0.883764 0.895925 0.910650 0.928140 0.948646 0.972473 1.000000 0.961120 0.924354 0.892368 945.500000 1.242604 0.867146
0.487357 0.473048 0.460633 0.449909 0.440711 0.432903 0.426377 0.421043 0.416833 0.413693 0.411585 0.410481 0.410370 0.411249 0.413129 0.416033 0.419998 0.425072 0.431323 0.438833 0.447707 0.458073 0.470090 0.483952 0.499898 0.518220 0.539286 0.563552 0.591597 0.624162 0.662209 0.707010 0.760277 0.824372 0.902644 1.000000 0.987588 0.908819 0.843570 0.788835 0.742450 0.702816 0.668729 0.639264 0.613702 0.591476 0.572133 0.555311 0.540716 0.528107 0.517291 0.508109 0.500432 0.494156 0.489199 0.485499 0.483009 0.481699 0.481553 0.482570 0.484761 0.478532 0.463175 0.449823 0.438245 0.428254 0.419698 0.412450 0.406411 0.401500 0.397652 0.394820 0.392967 0.392072 0.392124 0.393123 0.395081 0.398022 0.401984 0.407015 0.413182 0.420567 0.429274 0.439430 0.451192 0.464752 0.480344 0.498261 0.518865 0.542610 0.570072 0.601989 0.639324 0.683350 0.735793 0.799039 0.876491 0.973165 0.994611 0.918276 0.854736 0.801225 0.755732 0.716762 0.683180 0.654108 0.628863 0.606902 0.587791 0.571181 0.556789 0.544383 0.533776 0.524814 0.517375 0.511358 0.506685 0.503299 0.501158 0.500234 0.500518 0.502011 0.504734 0.508718 0.514014 0.520689 0.522717 0.503811 1309.500000 2.152579 0.602494
0.942809 0.959661 0.936320 0.903513 0.874963 0.850148 0.828643 0.810102 0.794245 0.780841 0.769706 0.760691 0.753679 0.748582 0.745337 0.743905 0.744267 0.746430 0.750417 0.756280 0.764089 0.773946 0.785979 0.782651 0.775994 0.771291 0.768485 0.767543 0.768451 0.771222 0.775888 0.782508 0.791165 0.801968 0.815062 0.830624 0.836943 0.825822 0.816934 0.810167 0.805435 0.802681 0.801870 0.802994 0.806066 0.811123 0.818227 0.827468 0.838964 0.852868 0.869370 0.888706 0.911167 0.937109 0.966969 0.967156 0.943634 0.923400 0.906152 0.891646 0.879683 0.870105 0.862789 0.857645 0.854608 0.853641 0.854734 0.857899 0.863175 0.870626 0.880346 0.892460 0.907128 0.924551 0.944977 0.917034 0.883604 0.854511 0.829206 0.807246 0.788270 0.771982 0.758143 0.746558 0.737071 0.729557 0.723922 0.720094 0.718027 0.717697 0.719098 0.722248 0.724454 0.718309 0.713972 0.711391 0.710534 0.711391 0.713972 0.718309 0.724454 0.732486 0.742506 0.754648 0.769077 0.785998 0.805666 0.828390 0.854552 0.884621 0.919178 0.958949 1.000000 0.977203 0.957677 0.941140 0.927359 0.916152 0.907373 0.900910 0.896683 0.894641 0.894759 0.897038 0.901506 0.908218 0.917257 0.928737 1188.000000 1.121259 0.894220
0.880831 0.935512 1.000000 0.968161 0.918419 0.875544 0.838423 0.806185 0.778140 0.753735 0.732526 0.714151 0.698316 0.670551 0.638210 0.610249 0.585986 0.564889 0.546528 0.530561 0.516711 0.504750 0.494495 0.485795 0.478528 0.472598 0.467927 0.464454 0.462365 0.471357 0.481890 0.494122 0.508247 0.524504 0.543188 0.564662 0.589383 0.617924 0.651018 0.689613 0.734954 0.788711 0.853170 0.883696 0.857209 0.834214 0.814331 0.797250 0.782718 0.770529 0.760518 0.752554 0.746534 0.742384 0.740053 0.739513 0.740756 0.743799 0.748678 0.755453 0.764210 0.743069 0.723253 0.706124 0.691414 0.678907 0.668426 0.659829 0.653004 0.647863 0.644342 0.642399 0.642010 0.643169 0.645892 0.650211 0.656179 0.663872 0.673389 0.684857 0.698434 0.708408 0.698584 0.690671 0.684565 0.680191 0.677493 0.676441 0.677020 0.679238 0.683121 0.688718 0.696098 0.705356 0.716613 0.730022 0.745774 0.764102 0.752435 0.724147 0.699533 0.678117 0.659515 0.643415 0.629563 0.617752 0.607813 0.599610 0.593035 0.588005 0.584455 0.582342 0.581640 0.582342 0.584455 0.588005 0.595303 0.604338 0.615156 0.627908 0.642781 0.660005 0.679861 0.702693 0.728929 0.759100 0.793872 0.834088 4052.000000 1.133359 0.761257
0.913635 0.943253 0.977289 1.000000 0.960254 0.925692 0.895613 0.869457 0.846767 0.827174 0.810374 0.796123 0.784222 0.774509 0.766859 0.761174 0.757384 0.755443 0.755327 0.757034 0.760585 0.766024 0.765154 0.764038 0.764766 0.767345 0.771808 0.778208 0.786626 0.797170 0.809978 0.825225 0.843128 0.863951 0.848989 0.830688 0.815083 0.801949 0.791107 0.782414 0.775759 0.771058 0.768253 0.767310 0.768218 0.770988 0.775653 0.782272 0.790925 0.801726 0.814815 0.830373 0.848621 0.869831 0.894338 0.922554 0.954983 0.974204 0.942200 0.914365 0.890210 0.869339 0.851429 0.836215 0.823485 0.813065 0.804821 0.798647 0.794467 0.792228 0.791905 0.793492 0.782567 0.773195 0.765867 0.760493 0.757004 0.755358 0.755536 0.757539 0.761392 0.767142 0.774860 0.784645 0.796624 0.810958 0.827848 0.847542 0.870344 0.896626 0.926847 0.926641 0.897582 0.872327 0.850448 0.831594 0.815479 0.801873 0.790586 0.781469 0.774404 0.769303 0.766102 0.764762 0.765267 0.767623 0.771860 0.778027 0.786204 0.796493 0.809031 0.810298 0.799856 0.791561 0.785310 0.781023 0.778649 0.778158 0.779544 0.782825 0.788039 0.795253 0.804555 0.816068 0.829942 0.846372 0.865592 0.887894 2482.500000 1.078480 0.881125
0.871880 0.958551 0.949817 0.866214 0.797905 0.741237 0.693645 0.653274 0.618753 0.589045 0.563354 0.541059 0.521671 0.504798 0.490127 0.477401 0.466415 0.456999 0.449017 0.442355 0.436926 0.432658 0.429497 0.427405 0.426354 0.426334 0.427343 0.429393 0.432511 0.436733 0.442115 0.448725 0.439024 0.430274 0.422864 0.416692 0.411675 0.407748 0.404861 0.402979 0.402079 0.402149 0.403190 0.405216 0.408251 0.412332 0.417512 0.423858 0.431455 0.440410 0.450853 0.462946 0.476886 0.492917 0.511337 0.532520 0.556933 0.585170 0.617992 0.656389 0.701677 0.755632 0.820718 0.900446 1.000000 0.923330 0.846914 0.783924 0.731295 0.686838 0.648951 0.616432 0.588367 0.564046 0.542911 0.524521 0.508521 0.494625 0.482600 0.472256 0.463439 0.456024 0.449909 0.445014 0.441276 0.438649 0.437099 0.436608 0.437170 0.438792 0.441494 0.445309 0.450284 0.456484 0.463991 0.472906 0.479534 0.467481 0.457093 0.448214 0.440714 0.434490 0.429460 0.425559 0.422737 0.420960 0.420205 0.420465 0.421741 0.424050 0.427420 0.431893 0.437525 0.444391 0.452583 0.462218 0.473437 0.486415 0.501367 0.518556 0.538308 0.561030 0.587231 0.617560 0.652852 0.694195 0.743039 0.801353 1478.500000 2.163400 0.596430
0.802490 0.750221 0.705941 0.668117 0.635594 0.607485 0.583103 0.561903 0.543455 0.527409 0.513486 0.501455 0.491132 0.482363 0.475027 0.469023 0.464274 0.460719 0.458313 0.457028 0.456847 0.457769 0.459805 0.462979 0.467331 0.472916 0.479805 0.488092 0.497890 0.509342 0.522622 0.537944 0.555570 0.575824 0.599109 0.625928 0.656917 0.692891 0.734906 0.784357 0.843120 0.913782 1.000000 0.968997 0.884875 0.816002 0.758771 0.710642 0.669772 0.634793 0.604671 0.578609 0.555985 0.536306 0.519181 0.504294 0.491387 0.480252 0.470720 0.462651 0.455935 0.450480 0.446216 0.443090 0.441063 0.440109 0.440218 0.441391 0.443641 0.446997 0.451500 0.457207 0.464193 0.472552 0.482401 0.493885 0.507180 0.522504 0.540125 0.560373 0.583659 0.610498 0.641545 0.677639 0.719875 0.769702 0.829086 0.900751 0.886318 0.830517 0.783102 0.742500 0.707522 0.677249 0.650964 0.628100 0.608203 0.590907 0.575918 0.562992 0.551935 0.542585 0.534814 0.528518 0.523615 0.520043 0.517759 0.516734 0.516956 0.518427 0.521167 0.525207 0.530599 0.537410 0.545731 0.555673 0.567376 0.581013 0.596794 0.614980 0.635888 0.659915 0.687549 0.719408 0.756274 0.799151 0.849351 0.864826 6488.000000 1.206992 0.596741
0.788361 0.881580 1.000000 0.878673 0.785289 0.711396 0.651648 0.602498 0.561500 0.526914 0.497471 0.472221 0.450444 0.431580 0.415193 0.400936 0.388530 0.377751 0.368418 0.360382 0.353523 0.347742 0.342960 0.339114 0.336154 0.334043 0.332755 0.332274 0.332594 0.333720 0.335665 0.338453 0.342119 0.346709 0.352285 0.358922 0.366713 0.375776 0.386253 0.398317 0.412185 0.428121 0.446458 0.467613 0.492118 0.520656 0.554125 0.593721 0.641074 0.698464 0.716953 0.683396 0.654345 0.629117 0.607171 0.588074 0.571476 0.557094 0.544698 0.534101 0.525149 0.517719 0.511712 0.507050 0.503675 0.501545 0.500634 0.500930 0.502438 0.505176 0.509177 0.514492 0.521187 0.529351 0.539095 0.550554 0.563900 0.579339 0.597126 0.617575 0.641074 0.668105 0.699274 0.706745 0.648419 0.600321 0.560123 0.526158 0.497206 0.472353 0.450901 0.432309 0.416152 0.402093 0.389861 0.379238 0.370047 0.362143 0.355407 0.349744 0.345078 0.341346 0.338500 0.336506 0.335338 0.334982 0.335434 0.336700 0.338794 0.341743 0.345584 0.350366 0.356152 0.363022 0.371073 0.380427 0.391232 0.403669 0.417962 0.434391 0.453300 0.475127 0.500428 0.529925 0.564562 0.605604 0.654783 0.714528 928.000000 1.633916 0.555250
0.986310 0.932329 0.885973 0.845950 0.811257 0.781105 0.754867 0.732041 0.712220 0.695075 0.680336 0.667784 0.657242 0.648566 0.641642 0.636381 0.632717 0.630606 0.630021 0.630956 0.633422 0.637449 0.643087 0.650407 0.659502 0.670493 0.683531 0.698804 0.716540 0.737021 0.760594 0.787686 0.818823 0.854668 0.896052 0.944038 1.000000 0.969119 0.917736 0.873527 0.835301 0.802131 0.773287 0.748186 0.726357 0.707422 0.691072 0.677055 0.665165 0.655237 0.647138 0.640761 0.636025 0.632873 0.631265 0.631182 0.632623 0.635605 0.640165 0.646359 0.654265 0.663987 0.675655 0.689430 0.705514 0.724153 0.745648 0.770371 0.798780 0.790515 0.776959 0.765674 0.756508 0.749344 0.744089 0.740679 0.739073 0.739251 0.741215 0.744990 0.750620 0.758176 0.767755 0.779480 0.793511 0.810043 0.829319 0.851636 0.877360 0.906940 0.940929 0.933404 0.883865 0.841243 0.804391 0.772416 0.744610 0.720412 0.699370 0.681116 0.665352 0.651837 0.640372 0.630796 0.622981 0.616826 0.612251 0.609201 0.607637 0.607541 0.608912 0.611767 0.616139 0.622084 0.629677 0.639015 0.650225 0.663462 0.678919 0.696832 0.717491 0.741252 0.768557 0.799950 0.836118 0.877927 0.926485 0.983238 3231.000000 1.080044 0.751532
0.632697 0.639169 0.647351 0.657349 0.669298 0.683367 0.699761 0.693718 0.687426 0.682877 0.680015 0.678806 0.679234 0.681306 0.685045 0.690498 0.697734 0.706843 0.717946 0.731192 0.746770 0.763135 0.742201 0.724082 0.708493 0.695201 0.684016 0.674785 0.667386 0.661725 0.657730 0.655352 0.654563 0.655352 0.657730 0.661725 0.667386 0.674785 0.684016 0.695201 0.708493 0.724082 0.742201 0.763135 0.787236 0.814936 0.846771 0.883408 0.925691 0.974691 1.000000 0.934831 0.879626 0.832471 0.791925 0.756884 0.726489 0.700062 0.677064 0.657062 0.639704 0.624706 0.611836 0.600903 0.591755 0.584268 0.578344 0.570028 0.559857 0.551348 0.544385 0.538877 0.534756 0.531969 0.530482 0.530277 0.531352 0.533720 0.537409 0.542466 0.548954 0.556957 0.566582 0.577962 0.591262 0.606685 0.624479 0.644949 0.668471 0.695513 0.726659 0.762649 0.804429 0.853227 0.910662 0.963055 0.928538 0.898500 0.872380 0.849725 0.830167 0.813404 0.799191 0.787331 0.777664 0.770064 0.764435 0.760707 0.758835 0.758795 0.760587 0.764233 0.757112 0.733092 0.712212 0.694115 0.678508 0.665156 0.653863 0.644474 0.636863 0.630933 0.626607 0.623833 0.622576 0.622822 0.624574 0.627852 1314.000000 1.266253 0.793102
0.514924 0.515039 0.516399 0.519019 0.522932 0.529684 0.538630 0.549229 0.561634 0.576032 0.592652 0.611779 0.633758 0.659023 0.688112 0.721706 0.760676 0.806147 0.859603 0.923033 0.999169 1.000000 0.952300 0.911038 0.875224 0.844076 0.816969 0.793401 0.772965 0.755329 0.740223 0.727428 0.716765 0.708091 0.701294 0.696288 0.693010 0.691421 0.691501 0.693252 0.696694 0.701870 0.708843 0.713985 0.684606 0.659074 0.636858 0.617529 0.600744 0.586221 0.573734 0.563096 0.554156 0.546793 0.540908 0.536427 0.533294 0.531471 0.530934 0.531678 0.533712 0.537060 0.541764 0.546937 0.551646 0.557792 0.565454 0.574733 0.585756 0.598681 0.613701 0.631054 0.651030 0.673990 0.700377 0.730746 0.765797 0.806420 0.853767 0.909348 0.975182 0.952147 0.907640 0.869108 0.835646 0.806535 0.781204 0.759188 0.740113 0.723674 0.709622 0.697754 0.687907 0.679948 0.673777 0.669314 0.666505 0.665316 0.665732 0.667759 0.671420 0.676760 0.683847 0.692771 0.703648 0.716626 0.731889 0.749660 0.770219 0.793902 0.821130 0.784061 0.743074 0.707780 0.677245 0.650737 0.627682 0.607619 0.590176 0.575053 0.562006 0.550835 0.541379 0.533505 0.527109 0.522108 0.518437 0.516052 6712.500000 1.290000 0.732556
0.492812 0.483167 0.475015 0.468242 0.462760 0.458495 0.455396 0.453424 0.452554 0.452776 0.454092 0.456520 0.460087 0.464840 0.470838 0.478160 0.486904 0.497195 0.509183 0.523055 0.539038 0.557415 0.578531 0.602820 0.630824 0.663232 0.700931 0.745076 0.797206 0.859405 0.934573 1.000000 0.921923 0.857070 0.802548 0.756261 0.716654 0.682552 0.653049 0.627441 0.605168 0.585785 0.568933 0.554321 0.541714 0.530918 0.521776 0.514162 0.507972 0.503128 0.499567 0.497246 0.496136 0.496224 0.497510 0.500011 0.503757 0.508794 0.515187 0.523019 0.532394 0.543445 0.556334 0.571258 0.588461 0.608244 0.630976 0.657118 0.687246 0.722094 0.733794 0.704617 0.679245 0.657165 0.637964 0.621308 0.606924 0.594591 0.584128 0.575389 0.568257 0.562639 0.558462 0.555676 0.554246 0.554155 0.555402 0.558002 0.561986 0.567405 0.574326 0.582840 0.593060 0.605128 0.619221 0.635554 0.654390 0.676056 0.700952 0.729576 0.762553 0.788779 0.765698 0.745674 0.728381 0.713552 0.700970 0.690458 0.681875 0.675110 0.670075 0.666710 0.664972 0.664841 0.666315 0.669411 0.674168 0.680645 0.688923 0.684886 0.649462 0.618940 0.592522 0.569583 0.549628 0.532263 0.517169 0.504089 1784.000000 1.379700 0.712356
0.886618 0.912129 0.941487 0.903920 0.859443 0.821023 0.787708 0.758747 0.733545 0.711623 0.692593 0.676140 0.662009 0.649991 0.639915 0.631645 0.625073 0.620115 0.616709 0.614813 0.614404 0.615478 0.618047 0.622142 0.627815 0.635136 0.644201 0.655129 0.668071 0.683214 0.700787 0.717952 0.720290 0.724394 0.730314 0.738125 0.747926 0.759846 0.774047 0.790730 0.810143 0.832589 0.858441 0.888159 0.894532 0.881876 0.871644 0.863703 0.857953 0.854325 0.852772 0.853278 0.855846 0.860510 0.867326 0.876378 0.887783 0.901689 0.898735 0.886606 0.876884 0.869446 0.864197 0.861073 0.860035 0.861073 0.864197 0.827651 0.791507 0.760142 0.732867 0.709130 0.688489 0.670586 0.655128 0.641879 0.630643 0.621266 0.613620 0.607605 0.602372 0.596816 0.592776 0.590203 0.589065 0.589348 0.591057 0.594211 0.598849 0.605029 0.612830 0.622354 0.633729 0.647115 0.662710 0.680757 0.701550 0.725457 0.752929 0.784527 0.820958 0.863119 0.912160 0.969586 1.000000 0.963045 0.930886 0.902911 0.878623 0.857619 0.839572 0.824213 0.811326 0.800734 0.792300 0.785915 0.781500 0.779000 0.778386 0.779649 0.782805 0.787893 0.794975 0.804140 0.815507 0.829226 0.845486 0.864521 824.000000 1.258029 0.831644
0.694521 0.716369 0.741481 0.748630 0.742302 0.737842 0.735196 0.734331 0.735238 0.737927 0.742431 0.748805 0.757130 0.767511 0.780087 0.795028 0.812549 0.832911 0.856436 0.883520 0.914647 0.950421 0.991594 1.000000 0.945756 0.899150 0.858893 0.823986 0.793643 0.767238 0.744269 0.724329 0.707089 0.692279 0.679681 0.669117 0.660442 0.653544 0.648334 0.644748 0.642741 0.642289 0.643386 0.646046 0.650302 0.656205 0.663830 0.673276 0.684667 0.698162 0.713954 0.732281 0.753438 0.777782 0.758116 0.739609 0.723686 0.710109 0.698684 0.689255 0.681697 0.675915 0.671834 0.669405 0.668599 0.669405 0.671834 0.675915 0.681697 0.689255 0.698684 0.710109 0.723686 0.739609 0.758116 0.779499 0.804117 0.832411 0.864929 0.869783 0.850132 0.833312 0.819080 0.807238 0.797628 0.790125 0.784634 0.781088 0.779444 0.779680 0.781801 0.785831 0.791821 0.799844 0.810003 0.822430 0.837294 0.854801 0.875209 0.898835 0.889689 0.844810 0.806090 0.772544 0.743397 0.718037 0.695971 0.676803 0.660210 0.645930 0.633749 0.623494 0.615023 0.608225 0.603012 0.599320 0.597102 0.596332 0.597000 0.599114 0.602701 0.607804 0.614487 0.622836 0.632961 0.645000 0.659124 0.675545 7962.000000 1.315476 0.829346
0.873074 0.940261 0.875080 0.820198 0.773547 0.733589 0.699158 0.669355 0.643475 0.620963 0.601372 0.584344 0.569588 0.556868 0.545990 0.536797 0.529163 0.522984 0.518183 0.514697 0.512484 0.511518 0.511785 0.513290 0.516051 0.520101 0.525492 0.532291 0.540588 0.550494 0.562150 0.575728 0.591437 0.609538 0.630347 0.654260 0.681766 0.713481 0.750185 0.792885 0.842892 0.901950 0.909979 0.842369 0.785873 0.738145 0.697466 0.662550 0.632414 0.606297 0.583602 0.563854 0.546672 0.531750 0.518838 0.507732 0.498267 0.490307 0.483745 0.478494 0.474487 0.471673 0.470017 0.469501 0.470117 0.471872 0.474789 0.478904 0.484267 0.490947 0.499034 0.508637 0.519894 0.532974 0.548083 0.565476 0.585466 0.608440 0.634883 0.665405 0.700783 0.742022 0.790442 0.847807 0.916530 1.000000 0.954722 0.879229 0.816623 0.764058 0.719480 0.681368 0.648574 0.620218 0.595611 0.574214 0.555592 0.539400 0.525353 0.513225 0.502829 0.494011 0.486650 0.480646 0.475921 0.472415 0.470084 0.468900 0.468849 0.469930 0.472155 0.475554 0.480166 0.486051 0.493286 0.501967 0.512214 0.524178 0.538042 0.554030 0.572418 0.593547 0.617842 0.645833 0.678192 0.715779 0.759715 0.811481 622.500000 1.118779 0.601780
