0.838013 0.801267 0.769383 0.741659 0.717531 0.696549 0.678346 0.662627 0.649148 0.637712 0.628160 0.620361 0.614216 0.609645 0.606592 0.605020 0.604910 0.606260 0.609087 0.613425 0.619327 0.626870 0.636150 0.647291 0.660449 0.675815 0.693624 0.714164 0.736845 0.700781 0.669621 0.642596 0.619101 0.598655 0.580871 0.565436 0.552096 0.540643 0.530909 0.522756 0.516074 0.510776 0.506794 0.504078 0.502596 0.502329 0.503274 0.505443 0.508862 0.513573 0.519635 0.527127 0.536150 0.546826 0.559312 0.573795 0.590509 0.609738 0.631836 0.657239 0.686492 0.720288 0.759507 0.805295 0.859161 0.923133 1.000000 0.956790 0.898541 0.848905 0.806306 0.769544 0.737688 0.710006 0.685920 0.664963 0.646762 0.631009 0.617458 0.605906 0.596188 0.588171 0.581750 0.576842 0.573386 0.571340 0.570678 0.571392 0.573492 0.577002 0.581966 0.588447 0.596526 0.606311 0.617937 0.601536 0.585803 0.572216 0.560564 0.550678 0.542418 0.535674 0.530358 0.526402 0.523756 0.522390 0.522285 0.523442 0.525873 0.529608 0.534695 0.541197 0.549197 0.558805 0.570153 0.583405 0.598765 0.616482 0.636859 0.660275 0.687197 0.718212 0.754061 0.795694 0.844346 0.901649 0.929919 0.880515 4542.500000 1.470341 0.720711
0.643937 0.686205 0.736309 0.796376 0.756346 0.718743 0.686277 0.658134 0.633675 0.612391 0.593875 0.577796 0.563888 0.551932 0.541751 0.533200 0.526162 0.520545 0.516278 0.513307 0.511595 0.511122 0.511881 0.513883 0.517151 0.521726 0.527665 0.535045 0.543963 0.554542 0.566933 0.581324 0.597942 0.617068 0.639049 0.664313 0.693397 0.726974 0.765909 0.811315 0.830850 0.760988 0.703528 0.655604 0.615180 0.580770 0.551263 0.525814 0.503772 0.484624 0.467964 0.453468 0.440873 0.429967 0.420576 0.412559 0.405801 0.400210 0.395711 0.392247 0.389773 0.388260 0.387689 0.388054 0.389358 0.391617 0.394859 0.399125 0.404470 0.410962 0.418692 0.427769 0.438327 0.450532 0.464588 0.480745 0.499312 0.520675 0.545321 0.573867 0.607110 0.646094 0.692209 0.747353 0.814174 0.896488 1.000000 0.939990 0.853577 0.783442 0.725573 0.677184 0.636283 0.601407 0.571461 0.545608 0.523199 0.503724 0.486777 0.472033 0.459230 0.448155 0.438632 0.430522 0.423708 0.418099 0.413619 0.410212 0.407835 0.406459 0.406067 0.406655 0.408229 0.410809 0.414427 0.419128 0.424972 0.432036 0.440419 0.450240 0.461645 0.474818 0.489979 0.507403 0.527430 0.550483 0.577097 0.607955 636.000000 1.381077 0.582115
0.738462 0.767184 0.800238 0.838378 0.854590 0.818486 0.787129 0.759849 0.736111 0.715482 0.697613 0.682218 0.669065 0.657964 0.648764 0.641341 0.635599 0.631468 0.628895 0.627849 0.628318 0.630307 0.633840 0.638962 0.645735 0.654247 0.664608 0.676960 0.691477 0.708374 0.727915 0.750424 0.776299 0.806034 0.840242 0.879696 0.861886 0.830864 0.803867 0.780390 0.760024 0.742438 0.727360 0.714569 0.703886 0.695168 0.688302 0.683200 0.679798 0.678056 0.677951 0.679483 0.682671 0.687552 0.694189 0.702664 0.713087 0.725599 0.740373 0.757625 0.777618 0.797147 0.763436 0.734157 0.708686 0.686520 0.667259 0.650573 0.636196 0.623912 0.613543 0.604946 0.598008 0.592639 0.588772 0.586357 0.585367 0.585789 0.587629 0.590908 0.595667 0.601965 0.609882 0.619524 0.631019 0.644531 0.660260 0.678451 0.699406 0.723495 0.751176 0.783022 0.819749 0.862271 0.911762 0.969759 1.000000 0.938754 0.886591 0.841840 0.803232 0.769783 0.740722 0.715436 0.693435 0.674322 0.657777 0.643538 0.631391 0.621163 0.612713 0.605931 0.600728 0.597040 0.594821 0.594044 0.594701 0.596797 0.600361 0.605434 0.612081 0.620387 0.630461 0.642441 0.656497 0.672839 0.691724 0.713469 4784.500000 1.166425 0.764684
0.805648 0.846879 0.818838 0.794446 0.773274 0.754974 0.739259 0.725898 0.714703 0.705521 0.698233 0.692747 0.688992 0.686924 0.686518 0.687767 0.675180 0.664567 0.655838 0.648879 0.643600 0.639936 0.637840 0.637289 0.638275 0.640811 0.644926 0.650672 0.658122 0.667370 0.678540 0.691785 0.707295 0.725304 0.746099 0.770030 0.797533 0.829145 0.865538 0.799648 0.736775 0.684598 0.640764 0.603572 0.571762 0.544383 0.520704 0.500153 0.482281 0.466728 0.453204 0.441475 0.431351 0.422676 0.415325 0.410561 0.413508 0.417511 0.422621 0.428903 0.436442 0.445343 0.455735 0.467778 0.481666 0.497640 0.515995 0.537100 0.561415 0.589523 0.622172 0.660334 0.705293 0.758783 0.823198 0.901939 1.000000 0.997348 0.951311 0.911436 0.876797 0.846659 0.820435 0.797650 0.777921 0.760932 0.746430 0.734206 0.724092 0.704304 0.671968 0.643953 0.619614 0.598437 0.580011 0.564004 0.550146 0.538219 0.528043 0.519472 0.512391 0.506703 0.502338 0.499240 0.497370 0.496707 0.497242 0.498981 0.501946 0.506173 0.511715 0.516209 0.517890 0.520841 0.525098 0.530713 0.537760 0.546331 0.556541 0.568537 0.582494 0.598633 0.617221 0.638588 0.663143 0.691393 0.723979 0.761715 1640.500000 1.320082 0.694162
0.973656 0.929183 0.890646 0.857162 0.828026 0.802677 0.780658 0.761601 0.745204 0.731223 0.719458 0.709749 0.701967 0.696012 0.691810 0.689309 0.688479 0.689309 0.691810 0.696012 0.701967 0.709749 0.699648 0.679027 0.661133 0.645674 0.632409 0.621145 0.611724 0.604017 0.597924 0.593369 0.590293 0.588660 0.588450 0.589660 0.592305 0.596417 0.602047 0.609266 0.618168 0.628871 0.641524 0.656310 0.673454 0.693233 0.715986 0.742132 0.772191 0.806813 0.846821 0.893268 0.904976 0.882965 0.864031 0.847892 0.834318 0.823124 0.814161 0.807316 0.802501 0.799659 0.798755 0.799777 0.802738 0.807674 0.814645 0.823740 0.835075 0.848799 0.865101 0.884213 0.906422 0.883475 0.837941 0.798700 0.764730 0.735231 0.709569 0.687238 0.667829 0.651011 0.636516 0.624123 0.613653 0.604962 0.597934 0.592479 0.588527 0.586030 0.584957 0.585296 0.587050 0.590241 0.594908 0.601109 0.608923 0.618453 0.629826 0.643205 0.658786 0.676811 0.697578 0.721453 0.748888 0.744362 0.734098 0.725837 0.719475 0.714930 0.712147 0.711092 0.711753 0.714137 0.718273 0.724212 0.732028 0.741821 0.753721 0.767888 0.784525 0.803877 0.826250 0.852015 0.881630 0.915665 0.954824 1.000000 1903.500000 1.406319 0.822823
0.849615 0.835253 0.823318 0.813652 0.806129 0.800656 0.797164 0.795611 0.795978 0.798269 0.802512 0.808759 0.817088 0.827605 0.840448 0.855789 0.827406 0.756896 0.699012 0.650809 0.610200 0.575667 0.546078 0.520575 0.498495 0.479319 0.462638 0.448122 0.439179 0.448050 0.458414 0.470430 0.484290 0.500233 0.518554 0.539617 0.563879 0.591919 0.624477 0.662514 0.707300 0.760544 0.791364 0.777172 0.765291 0.755561 0.747854 0.742073 0.738145 0.736022 0.735678 0.737110 0.740334 0.745390 0.752341 0.761274 0.772304 0.785579 0.801282 0.819641 0.840935 0.865504 0.893771 0.926253 0.963595 0.945256 0.881639 0.827914 0.782136 0.742852 0.708951 0.679575 0.654050 0.631840 0.612515 0.595731 0.581204 0.568707 0.558052 0.549087 0.541690 0.535763 0.531230 0.528035 0.526138 0.527444 0.533940 0.541920 0.551491 0.562787 0.575971 0.591247 0.608861 0.629120 0.652399 0.679165 0.710006 0.745663 0.787087 0.835515 0.892585 0.960506 1.000000 0.904347 0.827214 0.763900 0.711181 0.666771 0.629008 0.596654 0.568768 0.544626 0.523660 0.524384 0.533924 0.545155 0.558243 0.573391 0.590846 0.610915 0.633977 0.660502 0.691080 0.726463 0.767613 0.815788 0.872659 0.866605 1945.500000 1.082762 0.623484
0.889699 0.850831 0.817103 0.787772 0.762247 0.740051 0.720799 0.704176 0.689927 0.677844 0.667758 0.659533 0.653063 0.648265 0.645079 0.643467 0.643410 0.644906 0.647974 0.652650 0.658994 0.667086 0.677029 0.688959 0.703040 0.719479 0.713186 0.696081 0.681380 0.668865 0.658360 0.649720 0.642833 0.637610 0.633986 0.631917 0.631378 0.632361 0.634880 0.638964 0.644664 0.652052 0.661222 0.672297 0.685428 0.700805 0.718658 0.739273 0.762997 0.790261 0.808228 0.783230 0.761512 0.742707 0.726516 0.712697 0.701050 0.691418 0.683670 0.677710 0.673460 0.670870 0.669907 0.670560 0.672837 0.676766 0.682394 0.689792 0.699055 0.710305 0.723694 0.739414 0.757697 0.778832 0.803169 0.831144 0.863293 0.900285 0.942962 0.952998 0.893149 0.842283 0.798719 0.761183 0.728693 0.700482 0.675942 0.654586 0.636024 0.619938 0.606069 0.594208 0.584182 0.575854 0.569111 0.563867 0.560055 0.557630 0.556560 0.556833 0.558452 0.561437 0.565825 0.571670 0.579047 0.581454 0.581266 0.582482 0.585114 0.589197 0.594780 0.601934 0.610751 0.621349 0.633876 0.648513 0.665483 0.685059 0.707579 0.733456 0.763206 0.797475 0.837076 0.883055 0.936766 1.000000 0.986883 0.934647 4693.000000 1.191797 0.774092
0.883671 0.869692 0.858184 0.848996 0.842009 0.837136 0.834318 0.833520 0.834733 0.837970 0.843273 0.850705 0.860361 0.872364 0.886874 0.904089 0.924257 0.921409 0.885867 0.854948 0.828042 0.804657 0.784395 0.766930 0.751998 0.739384 0.728913 0.720446 0.713873 0.709112 0.706104 0.704812 0.705220 0.707335 0.711180 0.716803 0.724275 0.733691 0.745173 0.758878 0.774998 0.793772 0.815492 0.840515 0.869283 0.902341 0.940367 0.954927 0.924063 0.897225 0.873949 0.853855 0.836634 0.822035 0.809854 0.799929 0.792128 0.786355 0.782537 0.780627 0.780602 0.782462 0.786230 0.791951 0.799697 0.809566 0.804775 0.795327 0.787974 0.782624 0.779211 0.777693 0.778051 0.780290 0.784438 0.790545 0.798686 0.808966 0.821520 0.836515 0.854165 0.874728 0.898524 0.925943 0.957468 0.993694 1.000000 0.955316 0.916567 0.882884 0.853572 0.828074 0.805941 0.786807 0.770373 0.756396 0.744679 0.735064 0.727424 0.721661 0.717705 0.715506 0.715038 0.716295 0.719293 0.724067 0.730677 0.739206 0.749764 0.747515 0.744305 0.742904 0.743296 0.745485 0.749498 0.755384 0.763216 0.773094 0.785148 0.799541 0.816474 0.836198 0.859020 0.885315 0.915545 0.942571 0.919847 0.900310 15345.500000 1.131123 0.860752
0.647324 0.639133 0.632653 0.627800 0.624513 0.622754 0.622499 0.623747 0.626513 0.630829 0.636750 0.644350 0.653728 0.665008 0.678348 0.693939 0.712020 0.732881 0.756880 0.784457 0.816161 0.852675 0.894867 0.943844 0.942183 0.907910 0.878084 0.852143 0.829632 0.810181 0.793490 0.779311 0.767447 0.757737 0.750054 0.744300 0.740403 0.738317 0.738016 0.739495 0.742774 0.747891 0.754911 0.763921 0.763305 0.749447 0.737829 0.728294 0.720717 0.715000 0.711072 0.708886 0.708415 0.709653 0.712615 0.717337 0.723878 0.732320 0.742771 0.755371 0.770293 0.787754 0.808015 0.831403 0.858313 0.889239 0.913659 0.876663 0.844502 0.816514 0.792170 0.771038 0.752771 0.737084 0.723746 0.712568 0.703399 0.696118 0.690633 0.686876 0.684801 0.684381 0.685613 0.688511 0.693110 0.689342 0.681406 0.675258 0.670822 0.668043 0.666886 0.667339 0.669406 0.673112 0.678503 0.685647 0.694633 0.705581 0.718638 0.733990 0.751862 0.772534 0.796348 0.823723 0.855182 0.891372 0.933107 0.981423 1.000000 0.957335 0.920287 0.888060 0.860015 0.835639 0.814515 0.796303 0.780728 0.767564 0.756629 0.747777 0.740895 0.735895 0.732715 0.718763 0.699775 0.683369 0.669290 0.657331 1206.500000 1.124430 0.825139
0.759988 0.735317 0.713863 0.695253 0.679183 0.665406 0.653720 0.643963 0.636002 0.629734 0.625079 0.621980 0.620399 0.620317 0.621732 0.624662 0.629143 0.635230 0.643000 0.652553 0.664019 0.677556 0.693362 0.711679 0.732803 0.757099 0.785017 0.817116 0.854099 0.896850 0.946507 1.000000 0.939398 0.887738 0.843389 0.805108 0.771930 0.743097 0.718009 0.696181 0.677225 0.660824 0.646719 0.634701 0.624599 0.616274 0.609618 0.604546 0.600992 0.598915 0.598288 0.599105 0.601374 0.605124 0.610401 0.617270 0.625821 0.636167 0.648448 0.662841 0.679563 0.698876 0.721108 0.746659 0.776024 0.809825 0.827147 0.799596 0.775629 0.754823 0.736832 0.721377 0.708228 0.697199 0.688141 0.680934 0.675487 0.671733 0.669623 0.669135 0.670260 0.673013 0.677428 0.683558 0.691482 0.701301 0.713145 0.727178 0.743602 0.762665 0.784671 0.809994 0.839095 0.872545 0.911059 0.869219 0.831919 0.799535 0.771367 0.746854 0.725545 0.707075 0.691145 0.677513 0.665982 0.656392 0.648615 0.642549 0.638119 0.635270 0.633966 0.634193 0.635952 0.639265 0.644173 0.650737 0.659040 0.669190 0.681325 0.695616 0.712271 0.731549 0.753765 0.779310 0.808663 0.842423 0.820938 0.788338 739.500000 1.154475 0.773961
0.951622 0.974036 1.000000 0.977150 0.923121 0.876755 0.836743 0.802072 0.771946 0.745732 0.722924 0.703114 0.682566 0.662012 0.644165 0.628731 0.615466 0.604176 0.594699 0.586906 0.580697 0.575990 0.572728 0.570870 0.570393 0.571293 0.573579 0.577117 0.581955 0.588304 0.596246 0.605884 0.617351 0.630809 0.646460 0.664548 0.685376 0.709316 0.736829 0.768487 0.805015 0.847332 0.896625 0.954448 0.930351 0.901916 0.877217 0.855842 0.837454 0.821777 0.808589 0.797708 0.788992 0.782329 0.777635 0.774852 0.773947 0.774909 0.777750 0.782503 0.789228 0.798008 0.808957 0.822219 0.837976 0.856451 0.856260 0.838230 0.822885 0.810007 0.799423 0.790993 0.784610 0.780193 0.777688 0.777066 0.778318 0.781460 0.786529 0.793590 0.802729 0.814066 0.815635 0.783503 0.755558 0.731238 0.710093 0.691756 0.675929 0.662370 0.650882 0.641304 0.633508 0.627393 0.622881 0.619915 0.618461 0.618501 0.620034 0.623079 0.627674 0.633876 0.641763 0.644536 0.648697 0.654499 0.662015 0.671342 0.682603 0.695953 0.711585 0.729733 0.750688 0.774802 0.802516 0.834369 0.871041 0.876087 0.871903 0.869844 0.869886 0.872029 0.876299 0.882747 0.891455 0.902533 0.916124 0.932411 6469.000000 1.216513 0.831182
0.829025 0.850926 0.846855 0.822677 0.801720 0.783644 0.768175 0.755089 0.744205 0.735376 0.728488 0.723455 0.720214 0.718726 0.718973 0.720957 0.724703 0.730256 0.737686 0.747087 0.758582 0.772326 0.788511 0.807377 0.829213 0.808564 0.779489 0.754186 0.732182 0.713095 0.696614 0.682484 0.670500 0.660492 0.652328 0.645899 0.641126 0.637949 0.636877 0.644439 0.653776 0.665014 0.678307 0.693848 0.711874 0.732673 0.756601 0.784099 0.815709 0.852114 0.894175 0.942994 1.000000 0.967697 0.928430 0.894296 0.864591 0.838752 0.816323 0.796931 0.780276 0.766110 0.754234 0.744487 0.736741 0.730897 0.726882 0.724648 0.724166 0.725432 0.728459 0.733287 0.739973 0.748602 0.735975 0.723752 0.713619 0.705441 0.699114 0.694559 0.691717 0.690556 0.691060 0.693237 0.697112 0.702733 0.710170 0.719519 0.730900 0.744471 0.760421 0.778987 0.773850 0.764011 0.756218 0.750372 0.746400 0.744253 0.743905 0.745353 0.748613 0.753726 0.760754 0.769787 0.780941 0.794364 0.810243 0.828807 0.850339 0.831266 0.812054 0.795583 0.781612 0.769946 0.760429 0.752935 0.747371 0.743667 0.741777 0.741679 0.743372 0.746876 0.752235 0.759513 0.768804 0.780228 0.793938 0.810125 601.500000 1.121447 0.856458
0.730996 0.703987 0.680484 0.660037 0.642286 0.626936 0.613746 0.602521 0.593103 0.585363 0.579200 0.570289 0.562894 0.557013 0.552571 0.549512 0.547800 0.547413 0.548346 0.550611 0.554236 0.559266 0.565763 0.573811 0.583517 0.595016 0.608472 0.624089 0.642117 0.662861 0.686701 0.714103 0.745654 0.782094 0.824366 0.873693 0.931687 0.950035 0.920542 0.894917 0.872725 0.853613 0.837295 0.823535 0.812146 0.802975 0.795905 0.790847 0.787738 0.786542 0.787242 0.789849 0.794392 0.800929 0.809541 0.820338 0.833462 0.849091 0.861352 0.825442 0.794243 0.767098 0.743479 0.722960 0.705197 0.689908 0.676864 0.665878 0.656800 0.649510 0.643915 0.639943 0.637547 0.636697 0.637382 0.639612 0.643412 0.648830 0.655935 0.664815 0.675590 0.684378 0.678867 0.675057 0.672902 0.672375 0.673470 0.676200 0.680599 0.686721 0.694642 0.704465 0.716093 0.711392 0.708447 0.707224 0.707707 0.709902 0.713835 0.719556 0.727134 0.736668 0.748282 0.762133 0.778417 0.790591 0.785347 0.782043 0.780640 0.781119 0.783489 0.787776 0.794034 0.802340 0.812801 0.825553 0.840770 0.858666 0.879504 0.903611 0.931383 0.963311 1.000000 0.944343 0.887719 0.839410 0.797910 0.762070 5199.500000 1.214022 0.825281
0.537383 0.531504 0.527007 0.521630 0.516234 0.512170 0.509387 0.507850 0.507543 0.508459 0.510612 0.514026 0.518744 0.524826 0.532350 0.541039 0.542429 0.545143 0.549215 0.554694 0.561650 0.570173 0.580380 0.592411 0.606444 0.622694 0.641427 0.662968 0.687722 0.716187 0.748993 0.786936 0.831036 0.882626 0.943468 1.000000 0.970741 0.945358 0.923436 0.904638 0.888688 0.875364 0.864484 0.855909 0.849528 0.845264 0.843062 0.842898 0.844768 0.848696 0.854729 0.862942 0.873439 0.886357 0.901867 0.920186 0.828807 0.753463 0.692204 0.641587 0.599214 0.563363 0.532772 0.506489 0.483788 0.464105 0.446995 0.432107 0.419155 0.407911 0.398189 0.389837 0.382731 0.383110 0.385964 0.389807 0.394688 0.400671 0.407835 0.416280 0.426132 0.437541 0.450692 0.465817 0.483195 0.503181 0.526212 0.552850 0.583809 0.620024 0.662731 0.713602 0.774955 0.850091 0.943879 0.965177 0.944889 0.927625 0.913140 0.901239 0.891765 0.884597 0.879645 0.876849 0.876175 0.877615 0.881185 0.886931 0.894921 0.905258 0.918074 0.933539 0.951867 0.937741 0.874630 0.821332 0.775919 0.736946 0.703315 0.674173 0.648850 0.626817 0.607646 0.590995 0.576584 0.564186 0.553615 0.544722 6861.000000 1.439560 0.706192
0.476434 0.454672 0.435815 0.419431 0.405174 0.392770 0.381995 0.372670 0.364647 0.357806 0.352049 0.347298 0.343490 0.340576 0.338520 0.337296 0.336890 0.337296 0.338520 0.340576 0.343490 0.347298 0.352049 0.357806 0.364647 0.372670 0.381995 0.392770 0.405174 0.419431 0.435815 0.454672 0.476434 0.501653 0.531043 0.565537 0.606386 0.655297 0.714663 0.787945 0.880336 1.000000 0.894282 0.790688 0.710136 0.645891 0.593618 0.550399 0.514200 0.483563 0.457411 0.434936 0.415521 0.398685 0.384049 0.371312 0.360233 0.350616 0.342303 0.335163 0.329092 0.324003 0.319828 0.316512 0.314013 0.312300 0.311351 0.311155 0.311710 0.313023 0.315109 0.317994 0.321714 0.326318 0.331867 0.338437 0.346124 0.355042 0.365336 0.377181 0.390792 0.406438 0.424455 0.445265 0.469411 0.497592 0.530734 0.570077 0.617326 0.674888 0.746271 0.740200 0.703790 0.672337 0.645063 0.621354 0.600721 0.582774 0.567195 0.553726 0.542158 0.532320 0.524072 0.517304 0.511925 0.507868 0.505082 0.503533 0.503202 0.504085 0.506192 0.509550 0.514200 0.520201 0.527629 0.536583 0.547188 0.559596 0.573995 0.590614 0.609737 0.631713 0.656974 0.655297 0.606386 0.565537 0.531043 0.501653 2204.000000 1.732051 0.543425
1.000000 0.923788 0.860296 0.806789 0.761275 0.722268 0.688643 0.659527 0.634239 0.612239 0.593096 0.576459 0.562048 0.549632 0.539022 0.530068 0.522644 0.516653 0.508644 0.491832 0.477209 0.464517 0.453546 0.444128 0.436122 0.429415 0.423918 0.419557 0.416278 0.414039 0.412814 0.412586 0.413355 0.415128 0.417865 0.417602 0.418347 0.420108 0.422907 0.426779 0.431773 0.437952 0.445399 0.454217 0.464533 0.476503 0.490318 0.506215 0.524482 0.545481 0.569661 0.597591 0.629996 0.647166 0.641339 0.637137 0.634509 0.633421 0.633863 0.635837 0.639369 0.644502 0.651299 0.659848 0.670261 0.682679 0.697277 0.714271 0.733926 0.756568 0.782597 0.781447 0.734724 0.694852 0.660594 0.631005 0.605348 0.583046 0.563639 0.546756 0.532100 0.519428 0.508543 0.499282 0.491515 0.485137 0.480065 0.476232 0.473593 0.472113 0.471776 0.472577 0.474525 0.477645 0.481976 0.487571 0.494502 0.502863 0.512768 0.495538 0.478694 0.464039 0.451310 0.440292 0.430813 0.422731 0.415929 0.410316 0.405817 0.402375 0.399945 0.398500 0.398020 0.398500 0.399945 0.402375 0.411550 0.428021 0.446987 0.468894 0.494311 0.523976 0.558862 0.600273 0.650004 0.710585 0.785708 0.880965 1822.000000 1.590596 0.678499
0.942405 0.983818 0.951809 0.923457 0.898847 0.877574 0.859307 0.843777 0.830764 0.820091 0.811620 0.805242 0.800878 0.798474 0.798002 0.799454 0.802850 0.808230 0.815661 0.825236 0.837079 0.851348 0.865956 0.815557 0.772460 0.735372 0.703299 0.675466 0.651261 0.630197 0.611881 0.595994 0.582279 0.570524 0.560558 0.552242 0.545464 0.540136 0.536190 0.533578 0.532267 0.532241 0.542237 0.557531 0.575139 0.595376 0.618634 0.645401 0.676292 0.712090 0.753808 0.802772 0.860756 0.930185 0.914941 0.892605 0.873389 0.857003 0.843214 0.831835 0.822714 0.815735 0.810810 0.807879 0.806906 0.807879 0.810810 0.815735 0.822714 0.831835 0.843214 0.857003 0.873389 0.892605 0.914941 0.940747 0.970457 1.000000 0.939006 0.887039 0.842446 0.803966 0.770623 0.741651 0.716441 0.694508 0.675456 0.658967 0.644780 0.632683 0.622504 0.614103 0.607370 0.602217 0.598582 0.596418 0.595699 0.596418 0.598582 0.602217 0.607370 0.614103 0.622504 0.632683 0.644780 0.658967 0.675456 0.694508 0.716441 0.741651 0.737078 0.731103 0.726961 0.724602 0.723996 0.725137 0.728038 0.732735 0.739285 0.747771 0.758303 0.771019 0.786095 0.803747 0.824241 0.847904 0.875137 0.906433 1405.000000 1.260916 0.787417
0.877564 0.933664 1.000000 0.982514 0.949118 0.920061 0.894822 0.872978 0.854183 0.838158 0.824673 0.813543 0.804623 0.797798 0.792981 0.790114 0.789163 0.790114 0.792981 0.791103 0.771868 0.755323 0.741220 0.729359 0.719578 0.711748 0.705768 0.701564 0.699084 0.698298 0.699196 0.701789 0.706109 0.712209 0.720165 0.730080 0.742084 0.756342 0.773058 0.792481 0.814919 0.840750 0.848273 0.814703 0.785509 0.760102 0.738010 0.718849 0.702306 0.688129 0.676109 0.666078 0.657903 0.651477 0.646717 0.643566 0.641985 0.641954 0.643746 0.647723 0.653334 0.660649 0.669760 0.680790 0.693889 0.709243 0.727084 0.747693 0.771418 0.798684 0.830022 0.866090 0.887681 0.869312 0.853702 0.840633 0.829927 0.821444 0.815076 0.810745 0.808397 0.808003 0.809559 0.813083 0.818619 0.826235 0.836027 0.848122 0.862680 0.879904 0.900042 0.923400 0.950354 0.911515 0.855919 0.808550 0.767902 0.732827 0.702434 0.676026 0.653047 0.633054 0.615689 0.600659 0.588440 0.580268 0.573683 0.568600 0.564955 0.562704 0.561819 0.562289 0.564120 0.567334 0.571970 0.578088 0.585764 0.595099 0.606221 0.619287 0.634491 0.652070 0.672318 0.695592 0.722338 0.753110 0.788605 0.829709 930.000000 1.142772 0.800869
1.000000 0.937598 0.884532 0.839064 0.799875 0.765946 0.736480 0.710847 0.688541 0.669155 0.652359 0.637885 0.625514 0.615067 0.606400 0.599397 0.593970 0.590048 0.587584 0.586548 0.586927 0.588725 0.591965 0.596687 0.602948 0.610830 0.620434 0.631893 0.645366 0.661054 0.679200 0.700105 0.724138 0.751755 0.768583 0.739688 0.714545 0.692670 0.673669 0.657223 0.643074 0.631009 0.620857 0.612478 0.605762 0.600624 0.596998 0.594839 0.594123 0.594839 0.596998 0.600624 0.605762 0.612478 0.620857 0.631009 0.643074 0.657223 0.673669 0.692670 0.714545 0.739688 0.768583 0.801838 0.840217 0.884692 0.936521 0.939939 0.890829 0.848539 0.811949 0.780186 0.752560 0.728518 0.707617 0.689496 0.673863 0.660479 0.649150 0.639718 0.632057 0.626068 0.621674 0.618823 0.617478 0.617624 0.619262 0.622412 0.627113 0.633423 0.641423 0.651215 0.662934 0.676742 0.692842 0.711482 0.693198 0.671644 0.652915 0.636695 0.622725 0.610795 0.600733 0.592402 0.585690 0.580511 0.576801 0.574512 0.573619 0.574109 0.575989 0.579281 0.584026 0.590283 0.598133 0.607677 0.619047 0.632403 0.647943 0.665911 0.686605 0.710393 0.737729 0.769181 0.805460 0.847474 0.896390 0.953738 1061.500000 1.324624 0.751093
0.618191 0.610754 0.604933 0.600656 0.597869 0.596538 0.596647 0.584173 0.572544 0.562699 0.554500 0.547837 0.542624 0.538795 0.536302 0.535116 0.535222 0.536621 0.539329 0.543381 0.548827 0.555735 0.564195 0.574323 0.586258 0.600177 0.616294 0.634871 0.656234 0.680781 0.709011 0.741547 0.779180 0.783693 0.776224 0.770736 0.767159 0.765452 0.765592 0.767581 0.771445 0.777229 0.785006 0.794875 0.806964 0.821435 0.838492 0.858385 0.881419 0.907971 0.938503 0.936623 0.872298 0.818084 0.771966 0.732440 0.698365 0.668860 0.643233 0.620938 0.601538 0.584679 0.570075 0.557494 0.546744 0.537672 0.530152 0.527203 0.528434 0.530952 0.534789 0.539992 0.546628 0.554781 0.564562 0.576108 0.589585 0.605201 0.623208 0.643919 0.667718 0.695082 0.726610 0.760554 0.737757 0.717967 0.700855 0.686154 0.673647 0.663157 0.654541 0.647686 0.642505 0.638934 0.636928 0.636463 0.637533 0.640152 0.644351 0.650182 0.657589 0.664879 0.673974 0.684995 0.698092 0.713452 0.731305 0.751932 0.775679 0.802972 0.834340 0.870440 0.912102 0.960382 1.000000 0.941228 0.891009 0.847816 0.810479 0.778088 0.749923 0.725413 0.704097 0.684019 0.666457 0.651304 0.638329 0.627342 1282.000000 1.391365 0.769329
0.690004 0.700831 0.713751 0.728946 0.746639 0.746595 0.734296 0.724112 0.715908 0.709578 0.705042 0.702245 0.701153 0.701752 0.704050 0.708074 0.713874 0.721523 0.731117 0.742784 0.756682 0.766115 0.749439 0.735208 0.723217 0.713302 0.705331 0.699202 0.694838 0.692185 0.691212 0.691906 0.694275 0.698349 0.704177 0.711833 0.721414 0.733047 0.746890 0.763139 0.782037 0.803881 0.829035 0.857947 0.891173 0.905043 0.876419 0.851538 0.829974 0.811383 0.795480 0.782037 0.770867 0.761820 0.754781 0.749660 0.746395 0.744944 0.745291 0.747440 0.751416 0.757270 0.765073 0.774924 0.786953 0.792434 0.763682 0.738661 0.716899 0.698017 0.681703 0.667707 0.655822 0.645882 0.637752 0.631326 0.626522 0.623281 0.621564 0.621348 0.622632 0.625432 0.629780 0.635732 0.643362 0.652769 0.664079 0.668742 0.669291 0.671459 0.675274 0.680782 0.688052 0.697176 0.708275 0.721500 0.737037 0.755116 0.776022 0.800101 0.827780 0.859587 0.896182 0.938393 0.987272 1.000000 0.948539 0.904187 0.865789 0.832444 0.803436 0.778193 0.756255 0.737247 0.720864 0.706860 0.695033 0.685218 0.677285 0.671133 0.666682 0.663879 0.662690 0.663099 0.665112 0.668754 0.674068 0.681121 5514.000000 1.135957 0.848134
0.776594 0.785552 0.774694 0.765953 0.759215 0.754396 0.751437 0.750302 0.750977 0.753469 0.757810 0.764052 0.772274 0.782581 0.795108 0.810026 0.827546 0.847929 0.871493 0.898631 0.929826 0.965675 0.986310 0.966694 0.950088 0.936260 0.925025 0.916237 0.909787 0.905592 0.903603 0.903796 0.906172 0.910760 0.917617 0.926828 0.938509 0.952813 0.926982 0.897560 0.871984 0.849816 0.830698 0.814341 0.800506 0.789003 0.779677 0.772408 0.767105 0.763701 0.762155 0.762449 0.764585 0.768590 0.774513 0.782428 0.792435 0.804323 0.794622 0.787026 0.781438 0.777789 0.776035 0.776155 0.778149 0.782043 0.787884 0.795744 0.805723 0.817951 0.832592 0.849852 0.869983 0.893295 0.920168 0.923506 0.903322 0.886090 0.871564 0.859544 0.849870 0.842418 0.837095 0.833835 0.832599 0.833371 0.836160 0.841001 0.847953 0.857103 0.868568 0.859244 0.851050 0.845028 0.841102 0.839225 0.839374 0.841551 0.845782 0.852119 0.860641 0.871456 0.884704 0.900564 0.919258 0.941060 0.966306 0.995408 1.000000 0.959694 0.924652 0.894157 0.867633 0.844613 0.824719 0.807641 0.793128 0.780976 0.771020 0.763130 0.757205 0.753172 0.750982 0.750607 0.752044 0.755309 0.760442 0.767507 17530.000000 1.161066 0.899533
0.958320 0.922647 0.891606 0.864601 0.841151 0.820864 0.803423 0.788567 0.776087 0.765812 0.757606 0.751366 0.747012 0.744492 0.743774 0.744851 0.747734 0.752460 0.759087 0.767696 0.769429 0.753275 0.739531 0.728002 0.718531 0.710994 0.705295 0.701363 0.699150 0.698628 0.699792 0.702655 0.707252 0.713641 0.721901 0.732139 0.744491 0.759126 0.776257 0.796141 0.819095 0.845510 0.851049 0.831370 0.814499 0.800187 0.788237 0.778486 0.770807 0.765103 0.761304 0.759363 0.759256 0.760983 0.764563 0.770041 0.777484 0.786987 0.798674 0.812699 0.829260 0.848597 0.871005 0.896849 0.926573 0.960728 1.000000 0.966134 0.928510 0.895784 0.867304 0.842547 0.821087 0.802579 0.786740 0.773341 0.762196 0.753157 0.746106 0.740954 0.737638 0.736116 0.736372 0.738407 0.742246 0.747937 0.755550 0.765182 0.772823 0.755754 0.741169 0.728859 0.718655 0.710420 0.704048 0.699460 0.696599 0.695429 0.695937 0.698129 0.702032 0.707692 0.715182 0.724596 0.736059 0.749725 0.765787 0.784485 0.800621 0.792334 0.786091 0.781815 0.779452 0.778975 0.780377 0.783675 0.788910 0.796147 0.805476 0.817017 0.830925 0.847392 0.866654 0.889004 0.914800 0.944481 0.978588 0.999366 1028.000000 1.158946 0.872804
0.780792 0.742087 0.708665 0.679691 0.654508 0.632593 0.613529 0.596976 0.582660 0.570356 0.559882 0.551090 0.543859 0.538095 0.533724 0.530692 0.528961 0.528511 0.529336 0.531445 0.534865 0.539638 0.545823 0.553501 0.562773 0.573766 0.586640 0.601586 0.583098 0.557788 0.535820 0.516716 0.500090 0.485634 0.473098 0.462278 0.453010 0.445157 0.438610 0.433282 0.429103 0.426020 0.423995 0.423004 0.423034 0.424086 0.426173 0.429319 0.433565 0.438963 0.445585 0.453519 0.462875 0.473791 0.486435 0.501012 0.517776 0.537039 0.559190 0.584716 0.614234 0.648537 0.688655 0.735953 0.792277 0.860180 0.943300 1.000000 0.901380 0.822269 0.757602 0.703937 0.658854 0.620603 0.587888 0.559731 0.535378 0.514244 0.495864 0.479868 0.465960 0.453898 0.443486 0.434564 0.427003 0.420696 0.415560 0.411527 0.408546 0.406581 0.405607 0.405612 0.406597 0.408573 0.411565 0.415610 0.420759 0.427079 0.434654 0.443592 0.454021 0.466102 0.480032 0.496052 0.514460 0.511598 0.509279 0.508200 0.508347 0.509723 0.512344 0.516242 0.521466 0.528081 0.536176 0.545857 0.557262 0.570557 0.585948 0.603688 0.624085 0.647524 0.674480 0.705552 0.741497 0.783289 0.832199 0.825856 14851.500000 1.752734 0.657325
0.734363 0.755031 0.778827 0.806177 0.828326 0.833983 0.841760 0.851754 0.864096 0.878948 0.896518 0.917059 0.940883 0.968374 1.000000 0.960727 0.923858 0.891782 0.863870 0.839614 0.818601 0.800495 0.785024 0.771963 0.761134 0.752392 0.745624 0.739100 0.714881 0.693818 0.675541 0.659751 0.646204 0.634700 0.625078 0.617208 0.610987 0.606337 0.603199 0.601535 0.601325 0.602566 0.605273 0.609480 0.615238 0.622621 0.631723 0.642666 0.655603 0.667001 0.668479 0.671586 0.676359 0.682856 0.691161 0.701381 0.713653 0.728148 0.745075 0.764694 0.787323 0.813351 0.838124 0.829741 0.823488 0.819288 0.817089 0.816864 0.818611 0.822351 0.828129 0.836017 0.846115 0.858554 0.873499 0.891159 0.911790 0.919377 0.886829 0.858505 0.833881 0.812533 0.794117 0.778350 0.765004 0.753893 0.744870 0.737816 0.732643 0.729287 0.727707 0.727883 0.729818 0.733535 0.739079 0.746521 0.755953 0.767499 0.748338 0.729647 0.713544 0.699786 0.688174 0.678550 0.670785 0.664779 0.660457 0.657765 0.656670 0.657159 0.659239 0.662934 0.668289 0.668140 0.660782 0.655147 0.651162 0.648778 0.647968 0.648720 0.651044 0.654969 0.660542 0.667833 0.676936 0.687971 0.701089 0.716476 4269.000000 1.319273 0.886542
0.815707 0.840872 0.869801 0.903045 0.941288 0.985393 0.968677 0.906941 0.854538 0.809704 0.771105 0.737715 0.708733 0.683527 0.661591 0.642519 0.625982 0.611711 0.599488 0.589136 0.580510 0.573494 0.567999 0.563953 0.561307 0.560029 0.560102 0.561529 0.564326 0.568877 0.586343 0.606422 0.629497 0.656039 0.686645 0.722072 0.763292 0.811576 0.868616 0.936706 1.000000 0.966042 0.936496 0.910834 0.888624 0.869516 0.853225 0.839518 0.828209 0.819147 0.812217 0.807332 0.790543 0.769833 0.751945 0.736604 0.723585 0.712705 0.703818 0.696808 0.691586 0.688087 0.686268 0.686107 0.687602 0.690772 0.694739 0.683400 0.674023 0.666484 0.660686 0.656556 0.654043 0.653116 0.653765 0.655997 0.659840 0.665340 0.672566 0.681611 0.692595 0.705665 0.721009 0.738855 0.759482 0.783236 0.810539 0.841915 0.878019 0.919673 0.953291 0.910526 0.873447 0.841217 0.813170 0.788772 0.767591 0.749275 0.733539 0.720150 0.708918 0.699690 0.692347 0.686793 0.682959 0.680800 0.680287 0.681416 0.684200 0.688672 0.694888 0.702926 0.712890 0.719281 0.712805 0.708135 0.705213 0.704005 0.704495 0.706689 0.710615 0.716319 0.723874 0.733376 0.744949 0.758750 0.774974 0.793862 5083.500000 1.118864 0.764944
0.613550 0.610810 0.609558 0.609776 0.611468 0.614654 0.619374 0.625686 0.633669 0.643430 0.655099 0.668839 0.684854 0.703391 0.724753 0.749316 0.777540 0.810002 0.847423 0.890719 0.941067 1.000000 0.993801 0.952273 0.916194 0.884804 0.857490 0.833761 0.813216 0.795530 0.780436 0.767720 0.757206 0.748756 0.742261 0.737640 0.734835 0.733812 0.734559 0.737086 0.741422 0.747621 0.750440 0.725635 0.704060 0.685333 0.669148 0.655251 0.643438 0.633543 0.625432 0.618998 0.614159 0.610856 0.609047 0.608712 0.609845 0.612460 0.616590 0.622285 0.629618 0.638682 0.649598 0.662519 0.677629 0.695158 0.713697 0.703110 0.694480 0.687696 0.682672 0.679346 0.677676 0.677644 0.679247 0.682507 0.687462 0.694174 0.702728 0.713235 0.725836 0.740707 0.758064 0.778175 0.801364 0.828034 0.858680 0.893918 0.934520 0.967848 0.934811 0.906066 0.881096 0.859479 0.840876 0.825006 0.811643 0.800604 0.791743 0.784946 0.780128 0.777231 0.776217 0.752434 0.729437 0.709463 0.692177 0.677306 0.664628 0.653963 0.645164 0.638116 0.632727 0.628932 0.626682 0.625951 0.626730 0.629028 0.632873 0.638313 0.645415 0.654272 0.664530 0.651424 0.640337 0.631117 0.623640 0.617808 6779.500000 1.391428 0.837831
0.914001 0.867177 0.826811 0.791858 0.761502 0.735092 0.712110 0.692139 0.674839 0.659934 0.647198 0.636449 0.627539 0.620348 0.614784 0.610778 0.608279 0.607258 0.607701 0.609616 0.613023 0.617966 0.624506 0.632727 0.642736 0.654669 0.668695 0.685022 0.703904 0.725655 0.750658 0.779391 0.812446 0.849396 0.810484 0.776770 0.747478 0.721991 0.699816 0.680552 0.663877 0.649527 0.637287 0.626983 0.618472 0.611643 0.606409 0.602702 0.600479 0.599711 0.600390 0.602524 0.606138 0.611278 0.618007 0.626411 0.636602 0.648719 0.662934 0.679460 0.698556 0.720543 0.745815 0.774857 0.808280 0.846848 0.891536 0.943603 1.000000 0.941054 0.890697 0.847393 0.809965 0.777498 0.749269 0.724702 0.703336 0.684796 0.668778 0.655035 0.643363 0.633600 0.625613 0.619299 0.614577 0.611387 0.609692 0.609471 0.610720 0.613456 0.617711 0.623538 0.631010 0.640225 0.651306 0.664405 0.679714 0.697464 0.717942 0.714084 0.696519 0.681399 0.668498 0.657631 0.648649 0.641434 0.635893 0.631956 0.629574 0.628720 0.629382 0.631569 0.635306 0.640641 0.647640 0.656392 0.667012 0.679647 0.694474 0.711716 0.731643 0.754588 0.780962 0.811270 0.846148 0.886390 0.933010 0.968638 9805.000000 1.230629 0.756216
0.894006 0.942900 1.000000 0.985882 0.899832 0.829436 0.770977 0.721841 0.680133 0.644449 0.613728 0.587153 0.564086 0.544024 0.526565 0.511385 0.498223 0.486865 0.477137 0.468897 0.462032 0.456448 0.452074 0.448854 0.446748 0.445150 0.444379 0.444681 0.446058 0.448528 0.452120 0.456880 0.462868 0.470163 0.478864 0.489093 0.501003 0.514777 0.530646 0.548888 0.569850 0.593965 0.621775 0.620804 0.620088 0.620868 0.623153 0.626971 0.632368 0.639413 0.648196 0.658833 0.671470 0.686286 0.703504 0.723396 0.746295 0.748068 0.746009 0.745753 0.747297 0.750660 0.755882 0.763029 0.772190 0.783484 0.797062 0.813112 0.831867 0.853613 0.822105 0.782502 0.748259 0.718546 0.692708 0.670222 0.650668 0.633706 0.619060 0.606503 0.595852 0.586959 0.577619 0.556956 0.538973 0.523337 0.509776 0.498069 0.488037 0.479534 0.472441 0.466663 0.462124 0.458767 0.456550 0.455447 0.455443 0.456539 0.458749 0.462098 0.466630 0.472400 0.479484 0.487978 0.497999 0.509694 0.523243 0.538865 0.556831 0.577476 0.601215 0.622388 0.622123 0.623360 0.626112 0.630415 0.636321 0.643904 0.653263 0.664522 0.677838 0.693403 0.711454 0.732282 0.756242 0.783775 0.815428 0.851884 3384.000000 1.594598 0.757101
0.718505 0.690440 0.666030 0.644787 0.626320 0.610310 0.596499 0.584677 0.574672 0.566346 0.559586 0.554304 0.550436 0.547932 0.546761 0.546911 0.548382 0.552644 0.558616 0.566098 0.575187 0.586008 0.598713 0.613492 0.630578 0.650253 0.672869 0.698858 0.728763 0.763262 0.803221 0.849756 0.904326 0.968881 1.000000 0.954090 0.914316 0.879760 0.849693 0.823532 0.800806 0.781131 0.764197 0.749749 0.737582 0.727528 0.719454 0.713257 0.708858 0.706205 0.705264 0.706024 0.708495 0.712705 0.718708 0.715726 0.694371 0.675834 0.659809 0.646047 0.634344 0.624536 0.616489 0.610097 0.605280 0.601977 0.600148 0.599771 0.600841 0.603370 0.607391 0.612952 0.620124 0.628998 0.639694 0.634143 0.629468 0.626359 0.624779 0.624708 0.626145 0.629107 0.633632 0.639775 0.647613 0.657249 0.668811 0.682461 0.698397 0.716864 0.738161 0.762655 0.790800 0.823162 0.860447 0.903550 0.930221 0.893710 0.861955 0.834320 0.810293 0.789460 0.771484 0.756089 0.743051 0.732189 0.723358 0.716443 0.711356 0.708035 0.706438 0.706547 0.703263 0.698829 0.696118 0.695095 0.695749 0.698088 0.702140 0.707954 0.715604 0.725188 0.736830 0.750691 0.766966 0.785897 0.788196 0.750833 7806.500000 1.256734 0.799912
