55
1000 1000
4 31 48 83 0 160 42 91 110
3 45 42 92 59 35 87
7 44 24 59 -2 82 8 87 34 90 55 67 51 54 35
3 108 52 195 84 77 164
8 32 41 41 28 55 19 75 28 81 43 67 57 56 60 39 57
3 44 35 151 74 55 115
4 57 22 83 42 56 79 23 53
5 18 9 55 -9 87 30 55 66 24 42
8 12 35 23 13 49 0 96 11 120 33 99 75 52 74 23 67
4 87 -12 135 51 99 85 40 43
3 37 32 86 71 52 101
7 56 63 70 48 91 52 101 67 90 81 71 88 62 75
6 129 74 206 91 265 140 200 217 139 213 127 164
5 5 16 31 5 47 25 29 54 8 37
4 23 -5 69 27 26 63 -9 31
7 52 25 81 3 120 12 132 33 114 65 83 65 65 58
5 63 120 109 81 133 140 106 213 28 168
5 4 -3 62 -17 88 34 51 73 15 65
5 8 7 26 1 37 19 25 32 8 29
3 53 2 156 50 52 101
7 66 32 81 17 107 15 105 40 99 53 84 59 66 54
6 23 21 21 1 44 14 55 19 53 44 25 44
6 -3 18 13 10 33 2 31 23 28 34 13 30
5 61 66 178 50 238 111 185 178 76 168
3 172 41 286 83 153 171
5 29 78 59 82 87 101 56 118 29 119
3 27 49 75 80 26 95
4 41 26 141 109 43 146 -60 104
7 3 3 19 -2 29 -6 37 11 26 20 15 23 8 16
7 34 63 87 48 128 70 148 108 134 150 82 147 42 131
6 86 143 104 114 159 88 176 144 165 216 102 196
8 -8 64 29 36 47 35 85 39 85 65 70 84 47 107 23 88
4 117 44 181 156 102 232 16 145
3 30 24 130 90 23 127
4 -19 84 71 56 117 89 59 140
3 89 78 136 105 87 124
7 86 59 140 45 170 37 190 84 168 99 136 98 119 90
6 5 20 18 6 33 6 44 21 33 32 16 37
8 81 71 125 87 175 82 155 126 158 157 116 169 104 146 77 122
8 58 95 75 37 137 66 150 122 133 169 86 166 44 169 27 123
8 134 80 175 66 182 104 193 118 182 130 165 159 124 148 132 121
4 49 40 73 51 49 75 24 58
7 -31 24 23 -26 78 -22 91 40 69 111 16 99 -26 73
6 40 22 69 28 98 52 67 69 40 74 24 51
3 21 0 79 51 38 73
5 10 10 29 1 50 25 28 34 13 35
3 160 134 306 189 165 239
4 -1 29 28 8 63 29 25 62
4 24 140 120 76 233 153 113 233
3 88 -12 177 50 88 87
6 38 32 62 21 76 48 68 72 38 65 19 49
5 7 39 36 34 69 55 33 80 7 78
5 8 26 37 24 76 55 48 85 -5 70
6 16 5 32 9 48 26 33 39 11 39 -2 26
4 -11 5 24 -10 50 5 22 33
