60
1000 1000
4 34 173 93 136 160 186 98 243
4 20 62 79 25 105 58 64 111
8 79 61 71 41 100 29 120 43 142 62 134 92 106 93 69 92
8 12 23 18 12 39 16 37 29 38 48 21 44 10 43 12 32
6 87 14 143 26 192 75 147 132 78 157 58 87
8 61 61 70 51 82 38 97 48 99 63 99 78 79 81 50 81
3 30 12 158 56 34 104
8 4 42 40 25 55 37 69 59 53 82 41 109 8 87 -8 65
7 6 11 18 3 42 -6 52 16 42 38 24 33 9 28
3 43 23 90 54 36 84
6 49 60 59 38 76 49 100 67 80 84 57 82
8 6 6 27 3 39 16 53 33 43 46 18 64 7 46 9 34
5 92 60 163 34 177 86 174 148 90 121
8 3 11 12 11 21 13 23 22 25 33 9 41 0 31 -6 26
5 17 15 40 4 57 26 39 53 21 34
3 75 111 163 137 68 177
8 127 40 155 26 192 19 187 78 212 118 156 133 124 101 86 83
6 23 -3 54 -13 94 23 66 64 24 68 -13 34
6 47 10 100 6 126 55 82 87 44 80 25 52
8 -10 45 21 29 47 1 84 7 101 42 82 91 45 72 19 76
6 -14 64 12 38 48 40 90 66 62 122 -15 120
3 25 9 94 29 37 68
3 35 -14 104 37 41 66
5 12 47 48 18 75 67 43 97 2 95
4 18 -8 37 11 14 25 -6 12
5 22 33 54 26 65 45 51 71 23 63
6 62 -11 118 -27 159 23 116 70 46 90 18 44
5 45 6 100 -1 176 68 118 114 37 95
8 17 50 15 35 41 33 56 35 58 52 54 66 41 76 27 65
5 24 33 44 23 61 36 51 60 21 58
3 47 16 108 33 35 81
8 22 20 35 10 45 6 58 11 67 18 57 33 43 40 37 32
8 45 21 60 9 85 31 103 54 86 76 70 67 54 70 47 48
7 26 40 83 29 122 33 156 92 109 125 71 138 8 108
7 57 74 66 58 89 61 106 73 90 105 65 102 43 92
4 34 33 58 54 28 72 14 53
4 157 194 215 143 278 195 213 259
5 61 30 90 18 110 42 83 55 59 50
5 27 33 52 29 73 49 54 74 16 73
6 -39 65 36 23 120 13 160 68 89 141 10 156
3 84 45 136 73 88 86
4 159 90 271 122 169 224 88 157
7 40 54 75 35 89 52 111 63 99 85 64 105 49 79
5 69 52 130 33 148 77 125 119 84 104
3 11 3 74 27 11 69
8 23 36 29 10 52 -21 78 4 104 42 99 74 63 96 27 53
8 16 46 25 29 46 29 52 38 61 46 61 69 45 75 33 60
3 71 38 145 82 62 152
7 -8 15 7 -3 38 6 30 27 31 55 13 59 -5 35
6 -7 32 7 11 37 23 43 32 43 67 22 51
6 2 33 20 17 46 17 69 35 43 55 25 60
8 23 37 29 4 50 -3 71 8 90 42 71 64 47 88 27 61
3 99 38 141 58 98 75
5 45 50 68 42 80 67 72 79 44 81
4 67 -37 157 53 48 112 -30 50
8 35 63 35 47 45 45 56 54 72 62 61 78 50 86 32 85
4 47 -11 121 65 46 106 -16 60
4 31 3 73 52 28 71 -15 54
3 57 104 113 129 61 177
7 16 32 60 1 100 30 143 47 105 110 48 119 26 73
