60
1000 1000
4 53 70 124 -3 171 69 119 163
5 93 31 241 42 295 93 250 220 157 135
6 -2 15 14 9 29 8 46 16 25 29 11 33
3 32 80 131 168 49 231
8 29 42 42 37 59 44 64 60 63 80 44 82 33 76 24 64
8 23 9 42 11 58 13 68 24 52 31 40 44 36 36 19 28
3 60 32 119 101 52 143
6 26 34 55 33 50 52 47 67 23 76 14 56
3 24 15 73 66 15 115
7 3 21 12 17 19 18 24 24 25 38 10 45 -3 29
3 28 14 70 35 23 71
4 39 89 90 59 143 100 95 140
3 27 5 80 29 23 43
3 104 72 209 167 116 235
8 48 48 60 26 73 48 83 62 78 83 57 93 46 75 36 66
7 28 20 35 -12 75 -15 108 23 79 73 45 75 29 41
6 89 102 102 70 136 66 173 116 134 153 100 152
3 6 7 41 28 12 45
7 16 45 29 13 90 19 91 57 87 96 42 100 -8 86
8 73 39 134 16 181 45 227 89 176 159 141 162 55 138 44 102
8 1 33 17 20 33 10 55 3 56 35 42 52 27 58 9 56
3 182 42 232 82 183 107
7 4 12 14 7 25 9 36 18 25 31 15 29 5 27
6 -13 75 23 57 55 49 82 77 57 115 10 110
8 -1 17 17 10 29 0 49 0 46 22 43 32 31 39 16 34
3 67 89 243 226 67 291
8 21 36 43 8 90 20 97 73 77 88 44 108 26 84 -3 77
4 262 161 308 193 254 245 198 206
3 107 114 164 138 111 171
5 -44 18 75 -11 149 95 77 149 -11 129
4 45 67 75 24 134 71 66 121
4 76 17 108 39 73 64 43 50
4 -6 98 56 51 113 105 58 157
3 139 44 234 172 106 262
6 27 -13 68 4 103 43 69 93 14 88 -12 43
7 10 28 49 31 81 18 87 54 74 73 43 79 22 71
3 60 64 156 101 57 136
7 12 52 18 34 38 43 42 53 44 74 23 85 6 63
6 5 11 16 5 28 -8 36 16 25 25 11 27
6 79 8 118 31 133 54 134 83 89 74 62 56
4 46 14 91 42 48 60 13 41
4 34 21 55 4 74 23 57 38
5 72 76 133 65 252 131 133 177 77 179
4 62 26 103 89 58 148 29 91
7 35 43 58 28 110 37 117 70 99 123 59 105 4 89
6 -31 45 7 20 50 -6 58 57 42 89 11 76
8 -8 35 3 20 21 8 27 22 47 35 37 55 22 56 1 58
5 -1 23 50 0 84 43 53 82 -4 73
4 23 66 106 -30 188 61 78 197
3 189 52 306 90 171 165
5 140 29 195 16 257 77 191 117 138 111
6 42 -5 73 8 101 41 87 64 45 69 9 38
8 6 29 -2 12 24 17 43 5 51 27 45 53 28 52 4 49
4 34 42 64 64 38 81 16 65
7 13 16 38 9 54 15 60 30 57 55 35 54 20 45
8 -14 15 -2 -1 13 7 39 3 29 22 28 35 12 37 2 30
8 1 9 21 8 39 10 30 28 33 35 22 46 5 46 0 27
5 17 21 82 16 108 64 79 110 26 93
6 42 3 58 -6 70 15 58 35 41 37 20 21
5 8 1 30 5 40 12 32 28 5 24
