55
1000 1000
6 25 36 29 13 52 24 61 35 65 62 35 51
7 -7 19 30 20 49 17 73 53 52 75 18 90 -6 66
3 64 54 98 76 53 99
7 -5 13 18 12 34 6 31 24 33 35 15 42 3 31
3 53 33 105 77 60 102
8 -1 9 19 5 67 15 87 42 54 68 27 85 -2 80 -31 46
4 22 39 54 12 86 42 58 68
8 -16 31 2 24 26 7 46 6 53 37 46 62 18 71 -7 72
5 25 14 42 8 55 24 41 33 22 33
4 66 -11 84 25 59 51 34 26
7 163 77 207 74 238 78 282 118 245 138 196 176 188 126
7 141 147 187 104 214 153 239 182 222 232 176 232 139 210
3 93 -13 198 104 104 140
3 -1 -18 132 62 20 109
7 15 20 25 10 43 13 47 23 38 36 26 44 13 33
4 44 23 62 7 102 31 69 55
6 19 12 34 12 38 26 36 40 16 47 16 28
8 75 61 92 54 118 58 117 77 100 91 91 93 77 87 56 81
7 38 39 76 20 118 4 130 54 115 95 57 102 25 82
8 23 117 22 79 50 72 85 93 103 115 78 144 58 167 16 166
3 41 -3 80 25 33 70
7 95 77 116 37 155 64 162 89 157 112 118 130 104 109
7 47 39 54 33 65 33 82 44 67 60 48 68 46 49
3 12 -22 98 21 13 70
7 9 25 48 31 83 19 93 48 80 80 46 82 7 70
5 59 28 83 38 100 53 84 61 62 64
3 37 37 110 53 35 81
5 95 42 171 23 180 70 177 128 119 110
7 74 93 102 90 120 89 149 116 142 141 106 150 89 120
6 47 63 56 20 111 33 149 79 106 99 70 108
6 25 67 46 54 74 46 98 73 73 105 44 109
5 -5 2 80 1 156 47 65 111 1 106
7 2 9 16 9 30 -1 35 17 27 38 14 33 0 24
3 94 48 224 131 75 209
8 25 58 39 64 56 52 58 77 56 101 37 90 26 92 14 78
8 30 57 42 45 55 47 68 45 77 62 67 70 56 87 31 78
5 35 47 63 40 95 72 67 82 35 80
4 137 -14 213 88 148 156 95 78
4 73 14 102 47 83 80 42 51
5 14 33 48 34 75 65 48 78 18 76
4 36 -10 74 14 38 52 -3 26
3 19 15 57 33 22 50
4 54 85 120 141 68 176 17 137
4 24 56 75 21 111 61 89 117
5 37 121 100 87 128 139 94 229 -6 196
4 3 39 25 7 53 45 33 68
6 198 56 257 59 292 138 253 200 180 237 143 150
3 71 -11 259 97 137 153
5 -1 66 76 32 98 79 63 153 -2 118
3 170 36 263 103 161 158
7 2 4 19 -2 32 4 54 13 38 34 18 34 1 28
3 54 8 169 80 57 137
8 28 44 45 23 69 19 106 13 110 40 99 80 61 98 38 73
6 197 185 237 121 302 122 342 179 305 266 218 251
4 16 -6 46 14 11 33 -1 20
