0.817333 0.789645 0.765556 0.744634 0.726529 0.710956 0.697681 0.686517 0.677311 0.669940 0.664312 0.660355 0.658020 0.657280 0.658126 0.660566 0.664633 0.670374 0.677863 0.687195 0.698494 0.711915 0.727649 0.745931 0.767052 0.791365 0.818117 0.805352 0.794865 0.786518 0.780205 0.775847 0.773389 0.772803 0.774082 0.777240 0.782316 0.789374 0.798501 0.809815 0.823467 0.839644 0.858580 0.880560 0.905934 0.935134 0.968691 0.930167 0.892767 0.860252 0.831955 0.807344 0.785986 0.767530 0.751691 0.738234 0.726972 0.717751 0.710451 0.704979 0.701268 0.699271 0.698964 0.700345 0.703428 0.708253 0.714879 0.723389 0.733893 0.746532 0.761480 0.778954 0.799219 0.822602 0.849503 0.877550 0.842510 0.812043 0.785528 0.762468 0.742462 0.725181 0.710358 0.697777 0.687260 0.678667 0.671884 0.666826 0.663430 0.661654 0.661477 0.662897 0.665931 0.670615 0.677008 0.685191 0.695270 0.707379 0.721687 0.738401 0.757777 0.780127 0.805836 0.835377 0.869342 0.908466 0.953684 1.000000 0.962552 0.929967 0.901617 0.876994 0.855688 0.837361 0.821741 0.808606 0.797775 0.789107 0.782490 0.777841 0.775103 0.774244 0.775251 0.778139 0.782941 0.789717 0.798553 0.809560 1591.500000 1.221469 0.839831
1.000000 0.951065 0.908782 0.872111 0.840230 0.812486 0.788354 0.767410 0.749308 0.733768 0.720560 0.709497 0.700432 0.693244 0.687842 0.684159 0.682150 0.681791 0.683076 0.686023 0.690665 0.697062 0.705294 0.715466 0.727715 0.742210 0.759160 0.778823 0.801513 0.827619 0.857618 0.892104 0.855819 0.820301 0.789440 0.762587 0.739223 0.718929 0.701364 0.686250 0.673362 0.662516 0.653563 0.646385 0.640891 0.637011 0.634697 0.633922 0.634675 0.636967 0.640825 0.646296 0.653450 0.662377 0.673195 0.686054 0.701134 0.718663 0.738917 0.762235 0.789035 0.819836 0.855283 0.896191 0.887890 0.858824 0.833545 0.811611 0.792663 0.776407 0.762604 0.751062 0.741623 0.734166 0.728595 0.724841 0.722857 0.722621 0.724129 0.727399 0.732472 0.739409 0.748299 0.759257 0.772429 0.787998 0.806190 0.827282 0.851613 0.879603 0.911766 0.907492 0.859787 0.818721 0.783200 0.752370 0.725557 0.702223 0.681935 0.664341 0.649157 0.636150 0.625131 0.615945 0.608470 0.602608 0.598286 0.595450 0.594065 0.594114 0.595598 0.598536 0.602962 0.608932 0.616521 0.625829 0.636980 0.650131 0.665472 0.683242 0.703728 0.727286 0.754357 0.785487 0.821360 0.862845 0.911055 0.967440 3536.500000 1.164829 0.775145
0.675303 0.662176 0.651088 0.641886 0.634448 0.628677 0.624501 0.621869 0.620748 0.621124 0.623003 0.626407 0.631378 0.637977 0.646289 0.656423 0.665447 0.657746 0.651774 0.647454 0.644735 0.643582 0.643982 0.645940 0.649479 0.654643 0.661496 0.670125 0.680644 0.693195 0.707955 0.725143 0.745025 0.767930 0.794263 0.824522 0.859331 0.899471 0.945934 1.000000 0.971696 0.891247 0.824936 0.769534 0.722738 0.682857 0.648628 0.619087 0.593488 0.571242 0.551886 0.535045 0.520418 0.507761 0.496873 0.487592 0.479786 0.473348 0.468194 0.464258 0.461489 0.459855 0.459334 0.459922 0.461625 0.464463 0.468473 0.473703 0.480213 0.487980 0.497220 0.508064 0.520674 0.535249 0.552030 0.571319 0.593487 0.618995 0.648427 0.682524 0.722242 0.768835 0.823976 0.889948 0.969943 0.950193 0.907623 0.870713 0.838628 0.810708 0.786420 0.765335 0.747104 0.731443 0.718119 0.706945 0.697768 0.690469 0.684954 0.681154 0.679022 0.678534 0.679683 0.682482 0.686967 0.693191 0.701235 0.685038 0.667975 0.653277 0.640722 0.630130 0.621355 0.614280 0.608815 0.604891 0.602459 0.601490 0.601971 0.603910 0.607329 0.612270 0.618796 0.626988 0.636956 0.648834 0.662790 0.679032 1145.000000 1.252358 0.737326
0.890188 0.853426 0.821480 0.793683 0.769498 0.748494 0.730318 0.714685 0.701362 0.690159 0.680922 0.673530 0.667889 0.663928 0.661598 0.660871 0.661738 0.664210 0.668316 0.674107 0.678051 0.665617 0.655180 0.646600 0.639763 0.634581 0.630991 0.628948 0.628427 0.629422 0.631945 0.636027 0.641717 0.649089 0.658236 0.669279 0.668867 0.666075 0.664902 0.665332 0.667372 0.671047 0.676400 0.683500 0.692435 0.703325 0.716315 0.731590 0.749376 0.769949 0.793649 0.820895 0.852204 0.872738 0.856870 0.843565 0.832642 0.823957 0.817401 0.812891 0.810372 0.809814 0.811209 0.814575 0.819953 0.827408 0.837036 0.848959 0.863337 0.880368 0.900297 0.883566 0.847389 0.815945 0.788584 0.764781 0.744112 0.726236 0.710870 0.697787 0.686802 0.677764 0.670556 0.665085 0.661283 0.659102 0.658518 0.659522 0.646930 0.631428 0.618106 0.606766 0.597247 0.589421 0.583183 0.578456 0.575179 0.573312 0.572833 0.573735 0.576031 0.579747 0.584930 0.591644 0.599976 0.610037 0.621966 0.635932 0.652148 0.670870 0.692417 0.717179 0.745640 0.778406 0.816242 0.833748 0.838965 0.846300 0.855844 0.867721 0.882086 0.899137 0.919119 0.942331 0.969140 1.000000 0.981757 0.932608 5975.000000 1.359391 0.860218
0.892489 0.871148 0.852811 0.837204 0.824109 0.813346 0.804774 0.798284 0.793795 0.791251 0.790623 0.791902 0.795103 0.800266 0.807455 0.816759 0.828299 0.842228 0.858738 0.878065 0.900502 0.915373 0.884563 0.857759 0.834483 0.814346 0.797034 0.782287 0.769898 0.759696 0.751548 0.745350 0.741023 0.738515 0.737796 0.738856 0.741709 0.746389 0.752954 0.761486 0.772095 0.784922 0.800142 0.817973 0.838684 0.862603 0.890134 0.921774 0.958139 1.000000 0.994462 0.959617 0.929295 0.902939 0.880099 0.860407 0.843565 0.829329 0.817502 0.807927 0.800480 0.795066 0.791620 0.790099 0.790484 0.792780 0.797015 0.803242 0.811537 0.822006 0.834785 0.850049 0.868011 0.888937 0.913151 0.915329 0.883418 0.855649 0.831514 0.810603 0.792580 0.777173 0.764160 0.753360 0.744630 0.737857 0.732956 0.729866 0.728551 0.728992 0.731198 0.735193 0.741026 0.748772 0.758528 0.770422 0.784615 0.801307 0.820746 0.843233 0.869139 0.898922 0.933147 0.972516 0.983935 0.950965 0.922283 0.897379 0.875839 0.857325 0.841564 0.828331 0.817447 0.808769 0.802184 0.797612 0.794997 0.794306 0.795530 0.798686 0.803811 0.810968 0.820248 0.831770 0.845686 0.862189 0.881514 0.903953 1414.000000 1.087988 0.855709
0.717882 0.690800 0.667236 0.646733 0.628923 0.613505 0.600237 0.588919 0.579390 0.571520 0.565204 0.560361 0.556931 0.554871 0.554156 0.554778 0.556744 0.560078 0.564821 0.571033 0.578793 0.588203 0.599392 0.612519 0.627780 0.645416 0.665721 0.689059 0.715881 0.703063 0.690905 0.680772 0.672529 0.666068 0.661309 0.658191 0.656677 0.656749 0.658407 0.661672 0.666583 0.673201 0.681610 0.691921 0.704270 0.718832 0.735819 0.755492 0.778172 0.804254 0.834223 0.812842 0.783580 0.758115 0.735970 0.716760 0.700171 0.685947 0.673881 0.663804 0.655580 0.649102 0.644287 0.641076 0.639430 0.639329 0.640771 0.643774 0.648375 0.654631 0.662620 0.672446 0.684242 0.698170 0.714435 0.733284 0.755023 0.780027 0.808758 0.793307 0.759193 0.729576 0.703816 0.681398 0.661910 0.645016 0.630444 0.617971 0.607418 0.598637 0.591510 0.585947 0.581876 0.579247 0.578028 0.578203 0.579777 0.582766 0.587209 0.593160 0.597496 0.594230 0.592419 0.592042 0.593092 0.595584 0.599547 0.605031 0.612104 0.620857 0.631409 0.643902 0.658519 0.675480 0.695056 0.717581 0.743467 0.773222 0.807484 0.847059 0.892975 0.946565 1.000000 0.932400 0.875335 0.826730 0.785030 0.749053 1673.000000 1.208133 0.786703
0.602983 0.654536 0.717619 0.796282 0.896740 1.000000 0.911199 0.838740 0.778693 0.728306 0.685596 0.649094 0.617696 0.590552 0.567002 0.546524 0.528703 0.513205 0.499759 0.488146 0.478186 0.469733 0.462669 0.456899 0.452348 0.448957 0.446685 0.445503 0.445398 0.446368 0.448425 0.451594 0.455914 0.461440 0.468243 0.476415 0.486069 0.497346 0.510417 0.525493 0.542835 0.562762 0.585673 0.612066 0.642571 0.617859 0.592287 0.570067 0.550732 0.533910 0.519299 0.506655 0.495777 0.486505 0.478705 0.472270 0.467117 0.463179 0.460407 0.458766 0.458237 0.458813 0.460502 0.463323 0.467312 0.472518 0.479008 0.486869 0.496207 0.507156 0.519880 0.534580 0.551502 0.570952 0.593305 0.619031 0.648724 0.683137 0.723245 0.770329 0.826098 0.892892 0.973990 0.894784 0.794770 0.716419 0.653563 0.602181 0.559539 0.523715 0.493319 0.467322 0.444946 0.425593 0.408797 0.394191 0.381479 0.370426 0.360840 0.352566 0.345477 0.339469 0.334458 0.330377 0.327173 0.324806 0.323246 0.322474 0.322480 0.323266 0.324840 0.327221 0.330439 0.334536 0.339563 0.345589 0.352698 0.360994 0.370603 0.381682 0.394424 0.409066 0.425902 0.445303 0.467735 0.493801 0.524280 0.560209 856.000000 1.701424 0.542975
0.741807 0.736271 0.732569 0.730655 0.730507 0.732122 0.735520 0.740743 0.747855 0.756946 0.768134 0.781569 0.797438 0.815970 0.837451 0.862225 0.890722 0.921149 0.894828 0.872011 0.852332 0.835489 0.821239 0.809384 0.799766 0.792260 0.786772 0.783233 0.781600 0.781853 0.783996 0.788055 0.794078 0.802142 0.812349 0.824831 0.839757 0.857337 0.877829 0.901549 0.928887 0.960320 0.996440 0.966227 0.934859 0.907581 0.883919 0.863486 0.845969 0.831111 0.818704 0.808582 0.800612 0.794693 0.790752 0.788741 0.788635 0.790433 0.794157 0.799852 0.807589 0.817466 0.829610 0.844186 0.861394 0.853035 0.827812 0.805924 0.787010 0.770778 0.756989 0.745449 0.736002 0.728525 0.722922 0.719123 0.717083 0.716777 0.718200 0.721370 0.726326 0.733128 0.741864 0.752645 0.765616 0.780956 0.798887 0.819682 0.843676 0.871278 0.881941 0.871078 0.862532 0.856195 0.851988 0.849860 0.849783 0.851759 0.855811 0.861988 0.870366 0.881053 0.894186 0.909942 0.928540 0.950252 0.975409 1.000000 0.961285 0.927607 0.898300 0.872826 0.850750 0.831718 0.815440 0.801681 0.790251 0.780997 0.773800 0.768570 0.765240 0.763772 0.764146 0.766368 0.770465 0.770235 0.758680 0.749245 6572.500000 1.148082 0.880540
0.937081 0.909770 0.886079 0.865624 0.848089 0.833217 0.820801 0.810674 0.802704 0.796791 0.792860 0.790863 0.790776 0.792599 0.796354 0.799250 0.774010 0.752071 0.733059 0.716669 0.702651 0.690804 0.680963 0.672996 0.666802 0.662302 0.659440 0.658181 0.658511 0.660433 0.663970 0.669166 0.676086 0.684817 0.695474 0.708201 0.723178 0.740624 0.760811 0.780477 0.782259 0.785946 0.791584 0.799243 0.809020 0.821042 0.835469 0.852503 0.872391 0.895438 0.922018 0.952589 0.987717 1.000000 0.965532 0.935539 0.909478 0.886909 0.867472 0.850875 0.836879 0.825292 0.815960 0.808764 0.803613 0.800442 0.799215 0.799915 0.802552 0.807157 0.813788 0.822526 0.833483 0.846804 0.862669 0.842304 0.812939 0.787385 0.765176 0.745933 0.729348 0.715170 0.703195 0.693257 0.685223 0.678991 0.674481 0.671638 0.670427 0.670833 0.672863 0.676539 0.681907 0.689035 0.698012 0.708957 0.720089 0.724517 0.730771 0.738929 0.749097 0.761408 0.776032 0.793176 0.813098 0.836113 0.862608 0.893058 0.908029 0.888504 0.871857 0.857851 0.846295 0.837035 0.829954 0.824962 0.821998 0.821027 0.822035 0.825036 0.830067 0.837188 0.846489 0.858090 0.872143 0.888841 0.908423 0.931180 790.000000 1.196721 0.884289
0.741782 0.753112 0.757297 0.742405 0.729812 0.719343 0.710858 0.704248 0.699429 0.696342 0.694949 0.695233 0.697197 0.700866 0.706284 0.713519 0.722662 0.733834 0.747185 0.762903 0.759729 0.733717 0.711083 0.691420 0.674396 0.659741 0.647235 0.636701 0.627992 0.620994 0.615617 0.607521 0.595324 0.584988 0.576371 0.569355 0.563850 0.559786 0.557112 0.555797 0.555824 0.557193 0.559921 0.564042 0.569606 0.576684 0.585368 0.595775 0.608050 0.622372 0.638962 0.652380 0.664893 0.679564 0.696613 0.716310 0.738986 0.765047 0.794998 0.829471 0.869257 0.915369 0.969112 1.000000 0.954188 0.914497 0.880011 0.850005 0.823897 0.801218 0.781586 0.764692 0.750282 0.738150 0.728130 0.720091 0.713928 0.678702 0.643565 0.613292 0.587090 0.564339 0.544549 0.527327 0.512357 0.499384 0.488198 0.478630 0.470542 0.463822 0.458380 0.454145 0.451064 0.456435 0.464809 0.474661 0.486136 0.499413 0.514710 0.532296 0.552505 0.575751 0.602554 0.633575 0.669665 0.711933 0.761855 0.821435 0.893459 0.902142 0.870205 0.842412 0.818250 0.797302 0.779230 0.763759 0.750663 0.739761 0.730907 0.723985 0.718909 0.715616 0.714065 0.714238 0.716137 0.719784 0.725225 0.732527 3344.000000 1.194034 0.770064
0.902728 0.857608 0.818662 0.784908 0.755576 0.730052 0.707846 0.688561 0.671874 0.657524 0.645296 0.635016 0.626545 0.619769 0.614604 0.610984 0.608864 0.608219 0.609042 0.611341 0.615145 0.620501 0.624644 0.622011 0.620890 0.621266 0.623146 0.626550 0.631522 0.638123 0.646437 0.656573 0.668669 0.682895 0.699461 0.718625 0.740703 0.766085 0.795252 0.828804 0.867493 0.912277 0.964386 1.000000 0.972163 0.948057 0.927296 0.909570 0.894624 0.882252 0.872290 0.864610 0.859116 0.855740 0.854440 0.855202 0.858034 0.862971 0.870073 0.879429 0.891159 0.905416 0.904278 0.865346 0.831548 0.802151 0.776569 0.754328 0.735048 0.718417 0.704180 0.692132 0.682104 0.673964 0.667604 0.662946 0.659931 0.658523 0.658704 0.660477 0.663863 0.668904 0.675662 0.684223 0.694699 0.705208 0.694237 0.685229 0.678063 0.672650 0.668921 0.666831 0.666354 0.667485 0.670237 0.674643 0.680759 0.688661 0.698451 0.710259 0.724249 0.740620 0.759621 0.781555 0.806794 0.835799 0.869139 0.907527 0.926507 0.909739 0.895686 0.884158 0.875005 0.868109 0.863385 0.860774 0.860245 0.861791 0.865432 0.871212 0.879201 0.889501 0.902245 0.917602 0.935784 0.957053 0.981732 0.955289 4608.000000 1.348993 0.839666
0.552579 0.556752 0.562353 0.569455 0.578148 0.588551 0.600809 0.615102 0.631650 0.650725 0.672658 0.697861 0.726846 0.760253 0.798896 0.843820 0.821604 0.800043 0.781420 0.765446 0.751887 0.740553 0.731291 0.723981 0.718529 0.714868 0.712953 0.712761 0.714289 0.717557 0.722602 0.729490 0.738305 0.749164 0.762209 0.777624 0.795632 0.775055 0.756214 0.740008 0.726195 0.714578 0.704998 0.697330 0.691474 0.687359 0.684932 0.684164 0.685047 0.687591 0.691827 0.697806 0.705605 0.715322 0.727087 0.728263 0.701902 0.678961 0.659010 0.641699 0.626746 0.613919 0.603031 0.593928 0.586487 0.580612 0.576228 0.573280 0.577062 0.588849 0.602610 0.618556 0.636944 0.658093 0.682396 0.710339 0.742533 0.779752 0.822986 0.873523 0.933069 0.878222 0.818295 0.767755 0.724740 0.687858 0.656052 0.628505 0.604576 0.583756 0.565641 0.549900 0.536269 0.537443 0.552455 0.569741 0.589611 0.612445 0.638720 0.669034 0.704150 0.745051 0.793025 0.849790 0.917689 1.000000 0.992306 0.924892 0.868014 0.819585 0.778051 0.742225 0.711191 0.684230 0.660772 0.640361 0.622628 0.607275 0.594057 0.582776 0.573271 0.565412 0.559093 0.554235 0.550776 0.548674 0.548329 0.549783 5728.500000 1.115534 0.683245
0.568244 0.565227 0.563593 0.563321 0.564408 0.566868 0.573019 0.582389 0.593524 0.606584 0.621762 0.639299 0.659489 0.682694 0.709363 0.740056 0.775477 0.816526 0.864361 0.912487 0.852453 0.801642 0.758273 0.721002 0.688806 0.660886 0.636616 0.615495 0.597123 0.581175 0.567388 0.555548 0.545479 0.540741 0.544585 0.549818 0.556506 0.564737 0.574619 0.586291 0.599922 0.615721 0.633943 0.654902 0.678986 0.706677 0.738577 0.775450 0.818273 0.868316 0.927259 0.997363 1.000000 0.908788 0.834666 0.773447 0.722215 0.678883 0.641915 0.610159 0.582735 0.558958 0.538292 0.520308 0.504664 0.491081 0.479335 0.470516 0.469609 0.469835 0.471197 0.473711 0.477409 0.482336 0.488555 0.496147 0.505215 0.515887 0.528320 0.542706 0.559283 0.578342 0.600243 0.625434 0.654477 0.688087 0.727184 0.772964 0.827023 0.891521 0.911300 0.872498 0.838803 0.809492 0.783985 0.761816 0.742606 0.726046 0.711887 0.699924 0.689990 0.681955 0.675714 0.671188 0.668322 0.667080 0.667448 0.669430 0.673050 0.678352 0.685403 0.694292 0.705136 0.718082 0.733311 0.751049 0.750263 0.720043 0.693769 0.670905 0.651018 0.633759 0.618844 0.606041 0.595161 0.586053 0.578592 0.572681 3708.000000 1.029114 0.645036
0.809290 0.741207 0.685212 0.638514 0.599126 0.565599 0.536850 0.512056 0.490580 0.471925 0.455694 0.441571 0.429300 0.418674 0.409525 0.401713 0.395128 0.389679 0.385294 0.381916 0.379504 0.378026 0.377466 0.377817 0.379082 0.381277 0.384430 0.388578 0.393777 0.400093 0.407613 0.416444 0.426717 0.438592 0.452268 0.467989 0.486054 0.506841 0.530821 0.558595 0.590938 0.628864 0.673728 0.727371 0.792369 0.872432 0.973101 0.968884 0.897048 0.837006 0.786273 0.743026 0.705901 0.673855 0.646081 0.621945 0.600943 0.582671 0.566802 0.553072 0.541265 0.531204 0.522747 0.515778 0.510205 0.505957 0.502981 0.501240 0.500714 0.501395 0.503292 0.506428 0.510842 0.516589 0.523743 0.532398 0.542674 0.554717 0.568707 0.584867 0.603468 0.624847 0.649417 0.677699 0.710345 0.748189 0.720924 0.683939 0.652058 0.624454 0.600480 0.579624 0.561475 0.545703 0.532039 0.520266 0.510205 0.501711 0.494668 0.488981 0.484578 0.481403 0.479417 0.478595 0.478928 0.480419 0.483087 0.486965 0.492101 0.498560 0.506427 0.515808 0.526837 0.539677 0.554527 0.571634 0.591300 0.613899 0.639896 0.669878 0.704589 0.744985 0.792321 0.848263 0.915076 0.995918 1.000000 0.893516 1134.500000 1.478193 0.570433
0.710666 0.703601 0.698342 0.694822 0.692999 0.692850 0.694373 0.697587 0.702532 0.709268 0.717880 0.728481 0.741213 0.756251 0.773815 0.794173 0.817654 0.844663 0.875698 0.911381 0.952488 1.000000 0.984345 0.938178 0.898215 0.863512 0.833324 0.807054 0.784221 0.764436 0.747380 0.732796 0.720473 0.710240 0.701961 0.695529 0.690863 0.687905 0.686620 0.686991 0.689024 0.692743 0.698193 0.705442 0.714583 0.725736 0.739050 0.754715 0.772960 0.794070 0.818393 0.846355 0.878487 0.915448 0.898917 0.864781 0.835081 0.809238 0.786785 0.767342 0.750603 0.736314 0.724271 0.714309 0.706295 0.700128 0.695728 0.693043 0.692040 0.692705 0.695048 0.699097 0.704901 0.712533 0.722091 0.733701 0.747520 0.763745 0.782617 0.777546 0.766204 0.756986 0.749771 0.744470 0.741016 0.739366 0.739501 0.741423 0.745155 0.750742 0.758254 0.767787 0.779464 0.793442 0.809918 0.829132 0.851381 0.877028 0.906520 0.940409 0.979381 0.993267 0.944006 0.901470 0.864594 0.832544 0.804654 0.780391 0.759324 0.741104 0.725444 0.712112 0.700919 0.691713 0.684374 0.678806 0.674942 0.672732 0.672152 0.673192 0.675866 0.680207 0.686268 0.694126 0.703880 0.715661 0.729632 0.719624 4717.000000 1.111155 0.817688
0.720586 0.700798 0.683671 0.668934 0.656367 0.645791 0.637060 0.630060 0.624701 0.620915 0.618656 0.617897 0.618629 0.620859 0.624616 0.629945 0.636914 0.645611 0.656152 0.668680 0.683375 0.700455 0.720190 0.742911 0.769026 0.799038 0.833578 0.873438 0.919629 0.973454 1.000000 0.970048 0.944045 0.921563 0.902249 0.885819 0.872040 0.860724 0.851724 0.844925 0.840242 0.837617 0.837018 0.838439 0.841896 0.847432 0.855115 0.865041 0.877339 0.892173 0.909745 0.919635 0.877495 0.840985 0.809264 0.781663 0.757648 0.736786 0.718728 0.703187 0.689931 0.678770 0.669552 0.662155 0.656484 0.652468 0.650057 0.649222 0.649953 0.652259 0.656167 0.661727 0.669007 0.678100 0.689128 0.702239 0.717622 0.735505 0.756171 0.779964 0.799254 0.791033 0.784851 0.780630 0.778320 0.777891 0.779340 0.782683 0.787961 0.795240 0.804611 0.816196 0.830147 0.846660 0.865971 0.888373 0.914227 0.943972 0.933353 0.906384 0.882996 0.862812 0.845522 0.830873 0.818661 0.808724 0.800931 0.795184 0.791413 0.789570 0.789633 0.791604 0.795506 0.801386 0.809319 0.819403 0.831772 0.846590 0.864065 0.884452 0.908066 0.935289 0.920559 0.874239 0.834271 0.799640 0.769549 0.743366 5614.500000 1.304421 0.832255
0.919060 1.000000 0.999000 0.922924 0.859540 0.806119 0.760675 0.721727 0.688151 0.659077 0.633825 0.611857 0.595139 0.593353 0.593001 0.594081 0.596604 0.600602 0.606124 0.613239 0.622040 0.632644 0.645196 0.659879 0.676914 0.696574 0.719195 0.745191 0.775073 0.809483 0.849232 0.895354 0.949191 0.859462 0.774440 0.706274 0.650578 0.604373 0.565569 0.532652 0.504505 0.480282 0.462750 0.460366 0.459107 0.458957 0.459914 0.461991 0.465213 0.469619 0.475265 0.482225 0.490591 0.500479 0.512033 0.525429 0.540883 0.558660 0.579087 0.602572 0.629624 0.660885 0.697180 0.739578 0.789492 0.789684 0.777896 0.768278 0.760705 0.755081 0.751337 0.749426 0.749325 0.751034 0.754572 0.759983 0.767334 0.776719 0.788258 0.802107 0.818458 0.837550 0.859673 0.885188 0.914534 0.858652 0.808872 0.766292 0.729641 0.697941 0.670428 0.646500 0.625677 0.607572 0.591870 0.578318 0.566707 0.556869 0.544666 0.532092 0.521314 0.512172 0.504540 0.498315 0.493416 0.489781 0.487365 0.486137 0.486084 0.487205 0.489513 0.493036 0.497818 0.503919 0.511420 0.520420 0.531044 0.543448 0.557821 0.574856 0.594576 0.617238 0.643306 0.673367 0.708164 0.748656 0.796094 0.852141 798.500000 1.199942 0.629991
0.409441 0.403633 0.398934 0.395285 0.392640 0.390965 0.390241 0.390458 0.391619 0.393739 0.396843 0.400970 0.406173 0.412519 0.420095 0.429007 0.439387 0.451396 0.465232 0.481139 0.499418 0.520445 0.544689 0.572749 0.605396 0.643633 0.688798 0.742704 0.807875 0.887928 0.988234 0.987624 0.901799 0.831542 0.773168 0.724082 0.682403 0.646734 0.616018 0.589444 0.566376 0.546312 0.528851 0.513671 0.500510 0.489156 0.479434 0.471205 0.464353 0.458788 0.454435 0.451242 0.449167 0.448186 0.448288 0.449472 0.451754 0.455161 0.459736 0.465536 0.472638 0.481138 0.491153 0.502831 0.516353 0.508977 0.495978 0.484764 0.475166 0.467044 0.460285 0.454798 0.450514 0.447377 0.445349 0.444406 0.444535 0.445738 0.448029 0.451438 0.456006 0.461791 0.468869 0.477336 0.487309 0.498935 0.512394 0.527907 0.545744 0.566240 0.589813 0.616984 0.648417 0.684963 0.727733 0.778200 0.838357 0.910974 1.000000 0.947314 0.862609 0.793563 0.736394 0.688456 0.647843 0.613149 0.583317 0.557533 0.535167 0.515721 0.498798 0.484079 0.471307 0.460272 0.450803 0.442761 0.436033 0.430528 0.426174 0.422916 0.420714 0.419539 0.419379 0.420231 0.422105 0.425024 0.424717 0.416437 13654.000000 2.134001 0.587190
0.604246 0.634095 0.668740 0.709197 0.723880 0.690087 0.660829 0.635420 0.613315 0.594080 0.577363 0.562880 0.550399 0.539732 0.530725 0.523253 0.517218 0.512541 0.509163 0.507043 0.506155 0.506488 0.508046 0.510848 0.514929 0.520339 0.527148 0.535444 0.545340 0.556976 0.570523 0.586194 0.604246 0.625000 0.648848 0.676282 0.707920 0.744544 0.787164 0.837100 0.896105 0.933286 0.837704 0.761545 0.699625 0.648461 0.605631 0.569394 0.538473 0.511907 0.488962 0.469067 0.451773 0.436724 0.423633 0.412268 0.402441 0.393999 0.386817 0.380792 0.375844 0.371908 0.368932 0.366881 0.365728 0.365461 0.366075 0.367578 0.369988 0.373336 0.377663 0.383025 0.389493 0.397157 0.406126 0.416536 0.428554 0.442383 0.458276 0.476544 0.497577 0.521867 0.550044 0.582922 0.621573 0.667435 0.722484 0.789502 0.872542 0.977736 1.000000 0.910300 0.837219 0.776732 0.726027 0.683082 0.646403 0.614869 0.587618 0.563981 0.543431 0.525547 0.509992 0.496493 0.484828 0.474817 0.466311 0.459191 0.453362 0.448746 0.445284 0.442935 0.441669 0.441471 0.442338 0.444280 0.447323 0.451502 0.456871 0.463500 0.471476 0.480911 0.491940 0.504731 0.519490 0.536470 0.555982 0.578413 1703.000000 1.495118 0.568938
0.899298 0.859096 0.824234 0.793930 0.767559 0.744619 0.724706 0.707490 0.692704 0.680127 0.669584 0.660930 0.654053 0.648865 0.645300 0.643316 0.642888 0.644011 0.646698 0.650983 0.656919 0.664579 0.674063 0.679351 0.668304 0.659172 0.651836 0.646201 0.642197 0.639773 0.638901 0.639571 0.641789 0.645583 0.651001 0.658109 0.666998 0.677786 0.690620 0.705682 0.723197 0.743440 0.766749 0.793540 0.824330 0.859760 0.900640 0.947999 0.967716 0.938729 0.913566 0.891809 0.873118 0.857218 0.843883 0.832932 0.824222 0.817642 0.813109 0.810569 0.809989 0.811363 0.814708 0.820065 0.792650 0.767222 0.745114 0.725944 0.709402 0.695235 0.683237 0.673239 0.665110 0.658742 0.654056 0.650993 0.649517 0.649608 0.651269 0.654519 0.659398 0.665966 0.674308 0.684532 0.696774 0.711207 0.728042 0.747538 0.770012 0.783283 0.766461 0.752120 0.740057 0.730105 0.722134 0.716041 0.711751 0.709210 0.708388 0.709274 0.711880 0.716237 0.722398 0.730442 0.740470 0.752616 0.767000 0.758674 0.752320 0.747859 0.745234 0.744415 0.745391 0.748175 0.752800 0.759324 0.767827 0.778419 0.791241 0.806467 0.824316 0.845054 0.869011 0.896588 0.928283 0.964710 1.000000 0.945839 7314.000000 1.294707 0.849016
0.738454 0.728842 0.721191 0.715406 0.711412 0.709162 0.708628 0.709803 0.712702 0.717360 0.723834 0.732207 0.742585 0.755107 0.769946 0.781100 0.758943 0.739740 0.723185 0.709026 0.697057 0.687113 0.679062 0.672800 0.668247 0.665347 0.664066 0.664386 0.666313 0.669870 0.675100 0.682069 0.690864 0.701602 0.714427 0.729520 0.747103 0.767448 0.790892 0.817846 0.848818 0.835636 0.797422 0.764312 0.735543 0.710511 0.688731 0.669813 0.653438 0.639348 0.627332 0.617219 0.608870 0.602176 0.597050 0.593428 0.591266 0.590536 0.585927 0.580777 0.577094 0.574834 0.573968 0.574488 0.576398 0.579722 0.584501 0.590794 0.598682 0.608270 0.619686 0.633093 0.648691 0.666724 0.687491 0.711362 0.738795 0.770359 0.801936 0.809652 0.819511 0.831642 0.846207 0.863408 0.883495 0.906776 0.933627 0.964511 1.000000 0.969509 0.879341 0.806295 0.746114 0.695852 0.653409 0.617248 0.586218 0.559441 0.536239 0.516079 0.498537 0.483275 0.470018 0.458544 0.451409 0.456094 0.462002 0.469210 0.477816 0.487941 0.499734 0.513379 0.529100 0.547174 0.567944 0.591834 0.619381 0.651262 0.688352 0.731791 0.783095 0.844323 0.847055 0.821639 0.799575 0.780495 0.764103 0.750155 13251.000000 1.152833 0.738412
0.801733 0.770664 0.743638 0.720119 0.699677 0.681960 0.667689 0.656755 0.647708 0.640428 0.634823 0.630821 0.628375 0.627452 0.628043 0.630155 0.633813 0.639063 0.645969 0.654620 0.665131 0.677643 0.692336 0.709426 0.729183 0.717255 0.700722 0.686550 0.674533 0.664503 0.656325 0.649892 0.645123 0.641959 0.640361 0.640309 0.641804 0.644863 0.649523 0.655843 0.663902 0.673805 0.685684 0.699706 0.716075 0.735041 0.756912 0.782066 0.810971 0.844205 0.882498 0.905789 0.894522 0.885640 0.879029 0.874607 0.872321 0.872142 0.874068 0.878124 0.884357 0.892846 0.903697 0.917053 0.933090 0.952032 0.974155 0.915450 0.860228 0.813137 0.772699 0.737786 0.707522 0.681220 0.658332 0.638421 0.621130 0.606174 0.593316 0.582367 0.573170 0.565601 0.559559 0.554968 0.551770 0.549926 0.549413 0.550225 0.551217 0.552417 0.554962 0.558883 0.564229 0.571067 0.579486 0.589598 0.601545 0.615500 0.631675 0.650332 0.671792 0.696453 0.724805 0.757466 0.775250 0.781901 0.790588 0.801423 0.814548 0.830144 0.841208 0.839592 0.840001 0.842441 0.846942 0.853558 0.862373 0.873497 0.887078 0.903297 0.922385 0.944622 0.970352 1.000000 0.982866 0.926837 0.878855 0.837514 1788.500000 1.401850 0.822791
0.864459 0.829831 0.799722 0.773520 0.750731 0.730958 0.713875 0.699218 0.686772 0.676363 0.667849 0.661120 0.656089 0.652696 0.650897 0.650671 0.652016 0.654947 0.659501 0.665734 0.662392 0.650295 0.640147 0.631809 0.625172 0.620152 0.616686 0.614731 0.614263 0.615277 0.617786 0.621819 0.627426 0.634679 0.643670 0.654518 0.667374 0.682422 0.699890 0.720055 0.743261 0.769928 0.800581 0.835873 0.876629 0.923904 0.916570 0.865845 0.822317 0.784756 0.752210 0.723930 0.699323 0.677914 0.659317 0.643222 0.629374 0.617566 0.607630 0.599430 0.592858 0.587828 0.584279 0.582167 0.581466 0.582167 0.584279 0.582679 0.582448 0.583624 0.586219 0.590266 0.595814 0.602934 0.611718 0.622283 0.634775 0.649376 0.666307 0.685841 0.708313 0.734135 0.763822 0.798014 0.837523 0.883388 0.936954 1.000000 0.987545 0.912986 0.850801 0.798347 0.753696 0.715407 0.682385 0.653782 0.628935 0.607317 0.588506 0.576100 0.566569 0.558672 0.552305 0.547385 0.543850 0.541657 0.540779 0.541206 0.542943 0.546010 0.550446 0.556306 0.563664 0.572618 0.583288 0.595827 0.610419 0.627293 0.646728 0.669070 0.694745 0.724283 0.758352 0.797802 0.843725 0.897552 0.950561 0.904377 926.000000 1.056100 0.708061
0.601367 0.608948 0.618231 0.629341 0.642433 0.657700 0.675377 0.695753 0.719182 0.746105 0.777067 0.812753 0.854031 0.874371 0.842142 0.814096 0.789699 0.768519 0.750206 0.734473 0.721088 0.709862 0.700642 0.693307 0.687764 0.683944 0.681799 0.681304 0.682452 0.685258 0.689756 0.696001 0.704071 0.714072 0.726135 0.740427 0.757154 0.776568 0.798979 0.816316 0.800301 0.786762 0.775510 0.766396 0.759302 0.754138 0.750840 0.749369 0.749705 0.751855 0.755842 0.761717 0.769553 0.779448 0.791534 0.805972 0.822966 0.842766 0.865679 0.892082 0.922439 0.915457 0.862540 0.817268 0.778293 0.744578 0.715314 0.689863 0.667714 0.648457 0.631758 0.617348 0.605006 0.594551 0.585840 0.578754 0.573201 0.569113 0.566437 0.565141 0.570207 0.579435 0.590411 0.603293 0.618273 0.635585 0.655520 0.678433 0.704765 0.735066 0.770028 0.782725 0.774806 0.768879 0.764871 0.762732 0.762437 0.763982 0.767386 0.772690 0.779960 0.789288 0.800793 0.814631 0.830993 0.850115 0.872289 0.897872 0.927302 0.961121 1.000000 0.950288 0.886972 0.833449 0.787808 0.748615 0.714778 0.685448 0.659956 0.637774 0.618477 0.601720 0.587580 0.586291 0.586417 0.587960 0.590939 0.595389 8328.000000 1.127184 0.773488
0.921541 0.955300 0.994112 0.991541 0.975799 0.962832 0.952470 0.944580 0.939063 0.935852 0.934907 0.936217 0.939799 0.945694 0.953977 0.964751 0.978155 0.974182 0.938269 0.907016 0.879830 0.856228 0.835821 0.818289 0.803374 0.790863 0.780588 0.772413 0.766235 0.761976 0.759583 0.759029 0.760305 0.763428 0.768436 0.775390 0.784378 0.795516 0.808952 0.824870 0.843501 0.865124 0.890087 0.918812 0.951822 0.937116 0.911064 0.888504 0.869077 0.852492 0.838509 0.826938 0.817625 0.810450 0.805323 0.802181 0.800986 0.801723 0.804400 0.809051 0.815733 0.824529 0.835552 0.848946 0.864895 0.883623 0.905410 0.930597 0.947838 0.928400 0.911895 0.898093 0.886807 0.877889 0.871228 0.866739 0.864367 0.864085 0.865888 0.869798 0.875864 0.884159 0.894790 0.907893 0.923643 0.942260 0.964013 0.989234 1.000000 0.965313 0.935129 0.908899 0.886177 0.866600 0.849872 0.835754 0.824049 0.814603 0.807294 0.802030 0.798746 0.797402 0.797982 0.800492 0.804963 0.811451 0.820036 0.829631 0.812658 0.798249 0.786204 0.776359 0.768587 0.762788 0.758890 0.756846 0.756631 0.758242 0.761699 0.767044 0.774343 0.783688 0.795201 0.809036 0.825383 0.844482 0.866623 0.892162 1808.500000 1.181156 0.887263
0.792736 0.776282 0.762296 0.750582 0.740980 0.733365 0.727640 0.723734 0.721599 0.721208 0.722558 0.725664 0.730565 0.737321 0.746017 0.756765 0.769709 0.785028 0.802942 0.823724 0.847706 0.875299 0.907007 0.943457 0.983059 0.950010 0.921258 0.896292 0.874694 0.856127 0.840314 0.827031 0.816097 0.807368 0.800732 0.796106 0.793435 0.792684 0.793845 0.796933 0.801984 0.809061 0.818253 0.829678 0.843487 0.859870 0.879062 0.901352 0.902321 0.875870 0.852923 0.833103 0.816105 0.801679 0.789623 0.779776 0.772008 0.766221 0.762343 0.760326 0.760147 0.761802 0.765313 0.770721 0.778094 0.787525 0.799136 0.813083 0.829559 0.831185 0.816237 0.803719 0.793462 0.785332 0.779224 0.775064 0.772800 0.772404 0.773872 0.777222 0.782494 0.789754 0.799092 0.810631 0.824523 0.823256 0.811416 0.801815 0.794330 0.788867 0.785357 0.783758 0.784051 0.786239 0.790348 0.796429 0.804558 0.814838 0.827402 0.842422 0.860108 0.880719 0.904575 0.932067 0.963677 1.000000 0.975384 0.939610 0.908479 0.881400 0.857895 0.837577 0.820129 0.805293 0.792861 0.782664 0.774568 0.768470 0.764294 0.761989 0.761527 0.762903 0.766132 0.771255 0.778334 0.787459 0.798748 0.811901 4884.500000 1.077895 0.883102
0.510081 0.518603 0.528710 0.540547 0.554291 0.570163 0.588429 0.609422 0.633550 0.661327 0.693398 0.730587 0.772640 0.749424 0.729267 0.711836 0.696859 0.684113 0.673418 0.664629 0.657630 0.652332 0.648670 0.646597 0.646088 0.647139 0.649760 0.653985 0.659866 0.667475 0.676912 0.688302 0.701801 0.717603 0.699328 0.674106 0.652156 0.633067 0.616507 0.602205 0.589941 0.579535 0.570840 0.563741 0.558144 0.553979 0.551193 0.549754 0.549642 0.550857 0.553414 0.557343 0.562694 0.569534 0.577952 0.588061 0.600000 0.597287 0.585965 0.576427 0.568543 0.562208 0.557340 0.553879 0.551781 0.551022 0.551592 0.553497 0.556762 0.561427 0.567548 0.563411 0.554984 0.548106 0.542688 0.538661 0.535975 0.534598 0.534511 0.535715 0.538224 0.542069 0.547297 0.553974 0.562958 0.583017 0.606072 0.632612 0.663255 0.698786 0.740224 0.788906 0.846626 0.915839 1.000000 0.952040 0.857465 0.781695 0.719821 0.668517 0.625446 0.588922 0.557697 0.530832 0.507602 0.487445 0.469917 0.459487 0.454449 0.450593 0.447873 0.446254 0.445716 0.446254 0.447873 0.450593 0.454449 0.459487 0.465772 0.473389 0.482440 0.487604 0.487170 0.487911 0.489836 0.492968 0.497347 0.503027 2653.000000 1.303746 0.714894
0.904477 0.978034 1.000000 0.918536 0.851241 0.794918 0.747274 0.706625 0.671704 0.641545 0.615397 0.592669 0.572891 0.555685 0.540748 0.527831 0.516732 0.507288 0.499364 0.492853 0.487669 0.483746 0.481036 0.479504 0.479133 0.479918 0.481868 0.485007 0.489374 0.495023 0.502029 0.510482 0.520501 0.532229 0.545843 0.561559 0.579646 0.600431 0.624322 0.651829 0.683593 0.720437 0.763422 0.813948 0.873890 0.945822 0.977839 0.907275 0.848115 0.798003 0.755200 0.718398 0.686593 0.659006 0.635020 0.614146 0.595992 0.580237 0.566624 0.554941 0.545017 0.536712 0.529913 0.524532 0.520501 0.517769 0.516303 0.516086 0.517113 0.519399 0.522970 0.527871 0.534164 0.541930 0.551273 0.562322 0.575237 0.590214 0.607496 0.627376 0.650222 0.676485 0.706733 0.741684 0.782253 0.829633 0.885391 0.951643 0.894894 0.835048 0.784476 0.741364 0.704352 0.672403 0.644712 0.620648 0.599708 0.581490 0.565669 0.551981 0.540210 0.530181 0.521752 0.514808 0.509256 0.505027 0.502067 0.500340 0.499825 0.500515 0.502419 0.505560 0.509978 0.515726 0.522880 0.531533 0.541805 0.553842 0.567825 0.583976 0.602567 0.623932 0.648489 0.676754 0.709383 0.747209 0.791309 0.843101 5303.000000 1.090421 0.602901
0.983225 0.953192 0.927107 0.904533 0.885114 0.868559 0.854634 0.843147 0.833947 0.826916 0.821967 0.819037 0.818093 0.819122 0.822136 0.827173 0.834294 0.843589 0.855176 0.869210 0.846152 0.822221 0.801484 0.783608 0.768323 0.755408 0.744684 0.736009 0.729270 0.724383 0.721287 0.719944 0.720339 0.722475 0.726379 0.732099 0.739706 0.749297 0.760997 0.774964 0.791397 0.810536 0.832679 0.858192 0.887524 0.921229 0.940424 0.917585 0.897940 0.881198 0.867119 0.855511 0.846222 0.839132 0.834153 0.831223 0.830307 0.831394 0.834497 0.839653 0.846926 0.856408 0.868220 0.882518 0.899498 0.919402 0.942529 0.969246 1.000000 0.974902 0.939329 0.908372 0.881446 0.858078 0.837884 0.820549 0.805819 0.793487 0.783385 0.775382 0.769375 0.765290 0.763076 0.762708 0.764180 0.767511 0.772740 0.779933 0.780902 0.770636 0.762449 0.756237 0.751923 0.749452 0.748796 0.749946 0.752916 0.757742 0.764485 0.773228 0.784084 0.797197 0.812747 0.830958 0.852103 0.876520 0.904620 0.893186 0.875060 0.859684 0.846845 0.836369 0.828119 0.821992 0.817910 0.815825 0.815710 0.817564 0.821411 0.827296 0.835293 0.845503 0.858058 0.873127 0.890919 0.911693 0.935768 0.963533 1392.500000 1.131680 0.885561
0.635198 0.633888 0.634108 0.635861 0.639167 0.644067 0.650623 0.658917 0.669058 0.681183 0.695462 0.712104 0.731368 0.753568 0.779095 0.808427 0.842162 0.861905 0.830367 0.802921 0.779048 0.758328 0.740419 0.725043 0.711973 0.701024 0.692050 0.684931 0.679577 0.675923 0.673922 0.673551 0.674806 0.677700 0.682271 0.688573 0.696687 0.706718 0.686054 0.662277 0.641586 0.623607 0.608032 0.594614 0.583150 0.573475 0.565455 0.558986 0.553982 0.550380 0.548138 0.547226 0.547635 0.549369 0.552449 0.556912 0.562816 0.570234 0.579265 0.592924 0.611649 0.633171 0.657906 0.686372 0.719223 0.757294 0.801660 0.853732 0.915398 0.989234 1.000000 0.936268 0.882170 0.835886 0.796039 0.761569 0.731650 0.705629 0.682984 0.663295 0.646223 0.631491 0.618873 0.608186 0.599281 0.592039 0.586365 0.580541 0.576057 0.573011 0.571367 0.571104 0.572219 0.574726 0.578655 0.584055 0.590993 0.599561 0.609871 0.622067 0.636324 0.652861 0.671941 0.693893 0.719118 0.748117 0.781514 0.820101 0.821836 0.791186 0.764516 0.741313 0.721163 0.703730 0.688740 0.675969 0.665237 0.656397 0.649333 0.643954 0.640193 0.638004 0.637360 0.638253 0.640695 0.644714 0.642491 0.638054 632.500000 1.197915 0.759026
0.883187 0.845485 0.812748 0.784271 0.759489 0.737949 0.719282 0.703189 0.689424 0.677789 0.668124 0.660298 0.654212 0.649788 0.646971 0.645728 0.646042 0.647919 0.651381 0.656469 0.663248 0.671804 0.682249 0.694724 0.709404 0.726506 0.746295 0.769097 0.795313 0.761554 0.731436 0.705244 0.682450 0.662630 0.645439 0.630599 0.617881 0.607099 0.598104 0.590773 0.585012 0.580748 0.577928 0.576518 0.576500 0.577873 0.580656 0.584882 0.590602 0.597890 0.606841 0.617574 0.630239 0.645021 0.662146 0.681893 0.704604 0.730701 0.760708 0.795283 0.835259 0.881704 0.936005 1.000000 0.951010 0.900302 0.856688 0.818985 0.786276 0.757835 0.733083 0.711558 0.692882 0.676750 0.662913 0.651167 0.641349 0.633325 0.626992 0.622268 0.619095 0.617435 0.617266 0.618587 0.621414 0.625782 0.631744 0.639376 0.648776 0.660071 0.673418 0.689009 0.707083 0.727932 0.751914 0.771406 0.743440 0.719103 0.697937 0.679572 0.663706 0.650094 0.638537 0.628873 0.620970 0.614726 0.610061 0.606917 0.605257 0.605059 0.606322 0.609060 0.613307 0.619116 0.626560 0.635735 0.646764 0.659800 0.675032 0.692692 0.713066 0.736501 0.763432 0.794393 0.830056 0.871268 0.919117 0.926745 1911.500000 1.262275 0.764259
0.844472 0.867619 0.828562 0.794702 0.765272 0.739663 0.717384 0.698040 0.681311 0.666934 0.654695 0.644422 0.635975 0.629243 0.624140 0.620602 0.618586 0.618066 0.619038 0.621513 0.625520 0.631110 0.638352 0.647340 0.658193 0.671060 0.634048 0.601267 0.573022 0.548574 0.527345 0.508878 0.492808 0.478839 0.466735 0.456299 0.447374 0.439831 0.433565 0.428493 0.424549 0.421684 0.419861 0.419060 0.419270 0.420494 0.422746 0.426054 0.430460 0.436019 0.441866 0.448691 0.456847 0.466450 0.477640 0.490592 0.505517 0.522678 0.542398 0.565078 0.591224 0.621478 0.656661 0.697850 0.746470 0.804455 0.874491 0.960420 1.000000 0.927095 0.866043 0.814376 0.770278 0.732383 0.699649 0.671264 0.646589 0.625117 0.606439 0.590225 0.576208 0.564168 0.553929 0.545345 0.537775 0.525482 0.514951 0.506029 0.498592 0.492540 0.487794 0.484294 0.481997 0.480875 0.480913 0.482113 0.484490 0.488071 0.492902 0.499044 0.506577 0.511948 0.503306 0.496127 0.490314 0.485792 0.482505 0.480411 0.479486 0.479718 0.481110 0.483678 0.487454 0.492486 0.498837 0.506590 0.515851 0.526749 0.539445 0.554136 0.571063 0.590525 0.612889 0.638613 0.668271 0.702593 0.742517 0.789267 1605.000000 1.559215 0.694322
0.592363 0.587827 0.584758 0.583118 0.582888 0.584064 0.586661 0.590711 0.596264 0.603389 0.612180 0.622752 0.635254 0.649866 0.666809 0.686358 0.708847 0.700373 0.686379 0.674526 0.664650 0.656618 0.650325 0.645693 0.642664 0.641200 0.641284 0.642918 0.646120 0.650931 0.654247 0.658706 0.664838 0.672722 0.682458 0.694178 0.708043 0.724253 0.743055 0.764750 0.789710 0.818393 0.851366 0.889340 0.933212 0.885818 0.797116 0.726152 0.668268 0.620316 0.580088 0.545995 0.516864 0.491808 0.470149 0.451359 0.435021 0.420803 0.408438 0.397709 0.388442 0.380492 0.373744 0.368102 0.363490 0.367567 0.375943 0.385661 0.396876 0.409779 0.424607 0.441653 0.461282 0.483957 0.510269 0.540986 0.577116 0.620019 0.671560 0.734377 0.812317 0.911221 1.000000 0.941709 0.891869 0.848982 0.811897 0.779716 0.751730 0.727376 0.706198 0.687828 0.671968 0.658373 0.646844 0.637221 0.629374 0.623201 0.618624 0.615586 0.614050 0.613996 0.613542 0.614375 0.616697 0.620538 0.625944 0.632984 0.641747 0.652350 0.664938 0.677995 0.665437 0.654885 0.646194 0.639251 0.633967 0.630275 0.628130 0.627507 0.628397 0.630811 0.634779 0.639803 0.626631 0.615444 0.606083 0.598423 5675.500000 1.213038 0.676707
0.659210 0.660546 0.663489 0.668074 0.674360 0.682425 0.692373 0.704337 0.718484 0.735017 0.754189 0.776308 0.801753 0.830993 0.864609 0.903326 0.948065 1.000000 0.963771 0.907565 0.859510 0.818160 0.782404 0.751377 0.724396 0.700915 0.680496 0.662785 0.647493 0.634384 0.623267 0.613987 0.606419 0.600464 0.596047 0.593112 0.591625 0.591567 0.592937 0.595752 0.600046 0.605873 0.613306 0.622442 0.633403 0.646342 0.661447 0.678950 0.699135 0.691762 0.684234 0.678485 0.674443 0.672058 0.671302 0.672164 0.674657 0.678809 0.684673 0.692321 0.701852 0.713391 0.727097 0.743166 0.761837 0.783407 0.808238 0.836777 0.840829 0.821108 0.804185 0.789809 0.777779 0.767932 0.760140 0.754303 0.750349 0.748230 0.747919 0.749413 0.752730 0.757910 0.765018 0.774144 0.785404 0.786547 0.763967 0.744391 0.727502 0.713042 0.700801 0.690609 0.682329 0.675855 0.671103 0.668017 0.666556 0.666705 0.668465 0.671857 0.676922 0.683724 0.692349 0.702910 0.715548 0.730440 0.747806 0.735052 0.717543 0.702501 0.689705 0.678973 0.670159 0.663149 0.657851 0.654202 0.652155 0.651686 0.652789 0.655478 0.659785 0.665763 0.673488 0.676751 0.669904 0.664779 0.661314 0.659465 6602.000000 1.214079 0.845608
0.845211 0.788152 0.739979 0.698942 0.663733 0.633354 0.607032 0.584162 0.564262 0.546948 0.531909 0.518890 0.507688 0.498134 0.490091 0.483450 0.478124 0.474043 0.471156 0.469429 0.468839 0.469380 0.471059 0.473896 0.477925 0.483197 0.489780 0.497761 0.507248 0.518377 0.531314 0.546263 0.563474 0.583256 0.605991 0.613035 0.600809 0.590455 0.581831 0.574819 0.569330 0.565293 0.562659 0.561396 0.561488 0.562937 0.565759 0.569990 0.575682 0.582908 0.591760 0.602360 0.614854 0.629426 0.646300 0.665752 0.688120 0.713824 0.743382 0.777448 0.816848 0.862644 0.916218 0.979403 0.911867 0.847848 0.794016 0.748308 0.709190 0.675506 0.646363 0.621065 0.599061 0.579913 0.563265 0.548832 0.536380 0.525719 0.516694 0.509180 0.503076 0.498302 0.494799 0.492523 0.491447 0.491557 0.492854 0.495355 0.499090 0.504105 0.510465 0.518251 0.527569 0.538550 0.551354 0.566178 0.556877 0.546418 0.537616 0.530351 0.524526 0.520067 0.516918 0.515040 0.514411 0.515022 0.516881 0.520012 0.524451 0.530255 0.537499 0.546278 0.556711 0.568948 0.583172 0.599607 0.618528 0.640275 0.665268 0.694031 0.727225 0.765692 0.810516 0.863123 0.925418 1.000000 0.996525 0.913550 15969.000000 1.741242 0.678149
0.762188 0.818124 0.885221 0.908470 0.847864 0.796638 0.752959 0.715456 0.683078 0.655014 0.630624 0.609401 0.590936 0.574902 0.561032 0.549106 0.538948 0.530414 0.523387 0.517775 0.513506 0.510526 0.508800 0.508305 0.509037 0.511004 0.514229 0.518754 0.524633 0.531944 0.540782 0.551270 0.563557 0.577828 0.594309 0.613279 0.635081 0.660138 0.688982 0.722282 0.760890 0.805909 0.858790 0.885167 0.820478 0.766321 0.720499 0.681396 0.647800 0.618781 0.593620 0.571748 0.552715 0.536159 0.521786 0.509358 0.498682 0.489600 0.481983 0.475728 0.470753 0.466994 0.464405 0.462953 0.462621 0.463406 0.465316 0.468375 0.472620 0.478106 0.484902 0.493099 0.502810 0.514175 0.527366 0.542592 0.560114 0.580249 0.603395 0.630044 0.660821 0.696523 0.738184 0.787163 0.845284 0.915053 1.000000 0.941120 0.864186 0.800664 0.747517 0.702575 0.664239 0.631313 0.602880 0.578231 0.556808 0.538165 0.521947 0.507865 0.495687 0.485220 0.476309 0.468829 0.462678 0.457775 0.454057 0.451478 0.450006 0.449623 0.450324 0.452119 0.455029 0.459089 0.464352 0.470884 0.478772 0.488125 0.499077 0.511793 0.526476 0.543373 0.562792 0.585112 0.610808 0.640478 0.674887 0.715023 16661.500000 1.155634 0.599925
0.748018 0.733258 0.720772 0.710387 0.701964 0.695394 0.690594 0.687505 0.686089 0.686329 0.688227 0.691808 0.697113 0.704211 0.713190 0.724169 0.737294 0.752752 0.770767 0.791620 0.815653 0.843286 0.825588 0.789912 0.758945 0.732010 0.708571 0.688193 0.670524 0.655279 0.642224 0.631170 0.621964 0.614481 0.608625 0.604321 0.601517 0.600178 0.600288 0.601848 0.604877 0.609413 0.615511 0.623248 0.632655 0.631990 0.632849 0.635242 0.639200 0.644770 0.652023 0.661051 0.671975 0.684943 0.700142 0.717799 0.738194 0.761670 0.788651 0.819661 0.855354 0.896556 0.944318 1.000000 0.979782 0.917134 0.863973 0.818501 0.779359 0.745504 0.716122 0.690568 0.668330 0.648994 0.632226 0.617753 0.605354 0.594847 0.586087 0.578956 0.573584 0.569761 0.567346 0.566311 0.566642 0.568343 0.571435 0.575956 0.581962 0.589531 0.598760 0.609775 0.622731 0.637820 0.655276 0.675387 0.698507 0.725076 0.755638 0.790878 0.831669 0.879128 0.847142 0.817782 0.792233 0.770032 0.750800 0.734231 0.720076 0.708129 0.698227 0.690238 0.684059 0.679612 0.676843 0.675717 0.676222 0.678363 0.682166 0.687678 0.694967 0.704128 0.715279 0.728572 0.744196 0.762382 0.783413 0.765266 1251.000000 1.124762 0.782945
0.669381 0.675964 0.684342 0.694625 0.706951 0.721492 0.738459 0.758115 0.780778 0.806841 0.836790 0.871227 0.910910 0.956795 1.000000 0.967668 0.939553 0.915169 0.894118 0.876076 0.860781 0.848019 0.837618 0.829443 0.823391 0.819386 0.817379 0.817346 0.819288 0.823226 0.829209 0.837312 0.847638 0.860319 0.842877 0.817348 0.795179 0.776001 0.759513 0.745469 0.733671 0.723957 0.716200 0.710301 0.706185 0.703803 0.703124 0.704142 0.706868 0.697463 0.677365 0.659938 0.644900 0.632021 0.621114 0.612025 0.604635 0.598846 0.594586 0.591802 0.590460 0.590543 0.592052 0.595007 0.599479 0.606979 0.616172 0.627182 0.640163 0.655305 0.672841 0.693056 0.716303 0.743016 0.773735 0.809136 0.850079 0.897663 0.953324 0.961581 0.943770 0.928804 0.916478 0.906631 0.899136 0.893900 0.890859 0.889974 0.891237 0.894661 0.900289 0.908190 0.918463 0.931241 0.946692 0.913268 0.870343 0.833190 0.800929 0.772866 0.748444 0.727218 0.708822 0.692962 0.679398 0.667933 0.658407 0.650696 0.640812 0.627331 0.615859 0.606233 0.598322 0.592024 0.587256 0.583960 0.582096 0.581640 0.582587 0.584949 0.588754 0.594050 0.600902 0.609400 0.619655 0.631810 0.646039 0.662556 2191.000000 1.265112 0.840640
0.895753 1.000000 0.976651 0.875985 0.795869 0.730793 0.677063 0.632111 0.594098 0.561674 0.533826 0.509779 0.488932 0.470813 0.455045 0.441329 0.429419 0.419119 0.410266 0.402729 0.396403 0.391199 0.387051 0.383906 0.381723 0.380476 0.380150 0.380741 0.382257 0.384715 0.388145 0.392592 0.398113 0.404779 0.412684 0.421941 0.432689 0.445098 0.459380 0.475794 0.494659 0.516377 0.541455 0.570537 0.604460 0.644321 0.691596 0.748301 0.817282 0.772945 0.734851 0.701947 0.673416 0.648616 0.627034 0.608260 0.591963 0.577871 0.565767 0.555469 0.546834 0.539744 0.534105 0.529846 0.526914 0.525272 0.524902 0.525797 0.527970 0.531447 0.536270 0.542500 0.550218 0.559526 0.570552 0.583456 0.598432 0.615719 0.635612 0.658472 0.684749 0.715005 0.749948 0.790485 0.752408 0.695932 0.648797 0.609015 0.575136 0.546074 0.521002 0.499281 0.480410 0.463991 0.449705 0.437294 0.426549 0.417301 0.409411 0.402767 0.397276 0.392866 0.389482 0.387080 0.385630 0.385116 0.385530 0.386879 0.389178 0.392455 0.396752 0.402124 0.408641 0.416392 0.425488 0.436065 0.448287 0.462361 0.478538 0.497128 0.518521 0.543206 0.571804 0.605120 0.644207 0.690470 0.745827 0.812963 744.000000 1.475846 0.572622
0.781401 0.755467 0.732909 0.713328 0.696400 0.681861 0.669497 0.659132 0.650628 0.643871 0.638776 0.635280 0.633339 0.632930 0.634048 0.636707 0.640939 0.646796 0.654352 0.663704 0.674978 0.688327 0.703946 0.722070 0.742988 0.767058 0.794719 0.826514 0.863126 0.905415 0.920749 0.871536 0.829214 0.792633 0.760899 0.733306 0.709294 0.688410 0.670289 0.654635 0.641204 0.629801 0.620264 0.612464 0.606302 0.601697 0.598592 0.596951 0.596751 0.597993 0.600689 0.604874 0.610598 0.617935 0.626980 0.637852 0.650704 0.665720 0.683131 0.703217 0.726322 0.752872 0.783396 0.818555 0.859186 0.906358 0.961461 1.000000 0.945100 0.897964 0.857275 0.822007 0.791357 0.764687 0.741484 0.721335 0.703902 0.688913 0.676143 0.665412 0.656574 0.649511 0.644134 0.640376 0.638189 0.637548 0.638445 0.640891 0.644915 0.650567 0.657918 0.667062 0.678121 0.691246 0.706625 0.724489 0.745121 0.768870 0.753115 0.734931 0.719296 0.705978 0.694787 0.685572 0.678210 0.672608 0.668695 0.666424 0.665767 0.666716 0.669282 0.673496 0.679411 0.687101 0.696665 0.708228 0.721951 0.738029 0.756704 0.778272 0.803098 0.831628 0.864420 0.902167 0.930778 0.885015 0.845482 0.811201 9844.000000 1.112405 0.761133
