50
1000 1000
7 -4 44 22 34 65 40 98 59 47 91 29 105 -22 87
4 61 76 80 95 56 114 32 99
5 -16 82 92 31 148 117 79 200 -9 176
3 9 21 75 41 3 67
5 3 52 37 41 73 64 44 102 3 88
3 67 58 117 78 69 102
4 4 16 23 1 45 21 26 39
8 24 158 24 87 103 121 177 89 165 155 130 199 114 265 70 202
7 17 -11 69 -38 156 -41 147 47 124 102 80 129 38 65
7 -23 42 36 1 63 37 77 64 86 114 23 114 4 87
8 -10 18 15 -4 38 4 65 -8 80 33 56 41 39 55 19 45
4 78 22 142 69 80 115 -7 76
3 52 21 104 58 57 92
8 4 18 7 2 26 -5 40 4 57 24 42 37 30 41 9 35
7 12 7 32 -16 45 6 60 17 48 35 22 48 5 39
3 103 117 222 132 92 210
4 26 64 89 16 128 66 72 113
6 10 23 35 22 60 36 38 68 18 59 -9 42
6 -15 36 5 3 42 13 78 29 44 80 7 68
6 92 99 110 99 138 119 123 158 79 151 62 126
6 21 40 26 23 51 25 66 38 49 57 28 62
4 14 19 41 5 71 17 46 41
4 83 -9 117 41 84 59 64 34
5 10 27 65 13 111 59 80 104 11 82
8 -11 2 15 -7 29 8 41 17 31 43 17 35 3 30 -9 24
6 15 21 28 1 56 1 60 20 51 47 28 48
4 22 73 86 41 145 71 85 162
4 25 70 72 50 131 71 71 106
6 30 75 76 33 135 42 173 76 140 127 79 132
5 11 17 21 11 31 23 24 39 0 33
3 23 22 71 43 24 68
7 4 56 16 40 45 42 59 70 47 100 24 99 9 79
4 35 -2 65 24 31 39 12 21
7 7 20 26 12 43 12 42 26 35 40 25 41 10 34
4 177 251 227 297 186 348 86 299
5 205 97 277 50 302 119 270 176 223 144
6 8 4 56 5 73 34 61 69 12 77 -6 41
4 24 43 58 80 24 113 8 79
5 36 120 92 111 130 158 82 190 31 187
6 29 41 32 10 60 25 96 46 63 71 30 73
4 156 101 233 130 149 196 83 151
7 17 32 94 3 136 19 179 84 137 130 74 163 18 103
8 33 38 51 45 69 42 79 59 61 70 51 77 25 84 29 61
6 -19 53 52 7 107 19 161 50 139 132 57 129
6 70 123 113 111 137 158 102 186 61 188 40 157
6 62 80 73 10 116 41 155 79 139 133 58 143
6 63 42 84 33 92 58 79 79 63 73 48 58
5 33 22 59 9 81 35 64 56 25 63
7 34 41 53 23 66 31 77 53 68 72 49 72 33 60
8 25 32 39 15 66 30 59 53 57 63 36 75 23 63 6 52
