0.466746 0.457902 0.450451 0.444293 0.439345 0.435543 0.432840 0.431204 0.430613 0.431060 0.432552 0.435106 0.438754 0.443541 0.449528 0.456795 0.465440 0.475586 0.487385 0.501023 0.516726 0.534775 0.555517 0.579386 0.606926 0.638830 0.675993 0.719588 0.771179 0.832900 0.907739 1.000000 0.922747 0.850722 0.790894 0.740594 0.697891 0.661351 0.629888 0.602669 0.579042 0.558492 0.540609 0.525061 0.511581 0.499949 0.489989 0.481556 0.474531 0.468822 0.464354 0.461071 0.458932 0.457910 0.457994 0.459184 0.461495 0.464956 0.469608 0.475512 0.482744 0.491401 0.501605 0.513505 0.527284 0.522108 0.510895 0.501336 0.493294 0.486661 0.481347 0.477286 0.474426 0.472733 0.472184 0.472775 0.474512 0.477416 0.481523 0.486884 0.493569 0.501665 0.511283 0.522561 0.535667 0.550808 0.568239 0.588273 0.611298 0.637798 0.668382 0.703829 0.745141 0.793636 0.851077 0.919870 0.884285 0.826689 0.777896 0.736217 0.700378 0.669404 0.642537 0.619177 0.598848 0.581167 0.565824 0.552567 0.541191 0.531529 0.523445 0.516829 0.511596 0.507678 0.505028 0.503611 0.503412 0.504428 0.506671 0.510169 0.514965 0.521119 0.528710 0.537465 0.519067 0.503058 0.489151 0.477110 2409.000000 1.846645 0.658038
0.961836 0.968321 0.933914 0.903972 0.877940 0.855368 0.835891 0.819210 0.805084 0.793316 0.783747 0.776255 0.770743 0.767145 0.765415 0.765533 0.767500 0.771341 0.777101 0.784854 0.794696 0.806757 0.805171 0.776353 0.751275 0.729469 0.710556 0.694229 0.680238 0.668378 0.658483 0.650421 0.644088 0.639401 0.636305 0.634760 0.634748 0.636269 0.639341 0.644001 0.650309 0.658343 0.668208 0.680036 0.693992 0.710280 0.729150 0.750909 0.775933 0.804687 0.837750 0.875848 0.880562 0.853604 0.830188 0.809922 0.792485 0.777617 0.765106 0.754781 0.746505 0.740172 0.735703 0.733044 0.732161 0.733044 0.735703 0.740172 0.746505 0.754781 0.765106 0.777617 0.792485 0.809922 0.830188 0.853604 0.880562 0.911546 0.947155 0.988136 1.000000 0.941724 0.891896 0.849019 0.811942 0.779767 0.751787 0.727438 0.706264 0.687898 0.672042 0.658450 0.646925 0.637305 0.629462 0.623292 0.618718 0.615684 0.614151 0.614102 0.615535 0.618469 0.622938 0.628999 0.636728 0.646226 0.657619 0.671067 0.686766 0.704956 0.716192 0.712068 0.709691 0.709033 0.710084 0.712859 0.717391 0.723735 0.731971 0.742206 0.754575 0.769247 0.786434 0.806393 0.829442 0.855970 0.886457 0.921498 750.000000 1.250486 0.819365
1.000000 0.954323 0.914744 0.880354 0.850430 0.824395 0.801780 0.782207 0.765367 0.751008 0.738925 0.728953 0.720960 0.714844 0.710528 0.707959 0.707107 0.707959 0.710528 0.714844 0.720960 0.728953 0.711925 0.675060 0.643298 0.615807 0.591937 0.571173 0.553104 0.537398 0.523787 0.512051 0.503745 0.498233 0.494018 0.491047 0.489283 0.488704 0.489305 0.491091 0.494085 0.498324 0.503860 0.510766 0.519131 0.529070 0.540726 0.554272 0.569922 0.587940 0.608648 0.632447 0.659837 0.691449 0.728084 0.770779 0.820895 0.880248 0.891186 0.872748 0.857082 0.843965 0.833220 0.824707 0.818318 0.813974 0.811620 0.811228 0.812794 0.816336 0.821898 0.829548 0.839384 0.850946 0.816498 0.786552 0.760492 0.737824 0.718148 0.701139 0.686533 0.674115 0.663708 0.655171 0.648394 0.643289 0.639794 0.637864 0.637478 0.638629 0.641332 0.642372 0.621089 0.602576 0.586506 0.572616 0.560687 0.550545 0.542045 0.535074 0.529539 0.525370 0.522515 0.520939 0.520624 0.521564 0.523772 0.527274 0.532114 0.538352 0.546070 0.555370 0.566380 0.579259 0.594202 0.611448 0.623577 0.637337 0.653327 0.671800 0.693066 0.717508 0.745598 0.777928 0.815242 0.858489 0.908893 0.968062 778.500000 1.418843 0.789520
0.677924 0.758540 0.863279 1.000000 0.888656 0.801360 0.731285 0.673973 0.626390 0.586403 0.552466 0.523434 0.498442 0.476824 0.458061 0.441742 0.427541 0.415194 0.404487 0.395246 0.387331 0.380625 0.375035 0.370487 0.366922 0.364293 0.362569 0.361729 0.361762 0.362669 0.364461 0.367159 0.370798 0.375423 0.381094 0.387889 0.395901 0.405248 0.416073 0.428553 0.442906 0.459398 0.478362 0.500217 0.525491 0.554862 0.589215 0.573688 0.555054 0.538849 0.524792 0.512654 0.502247 0.493419 0.486047 0.480031 0.475294 0.471774 0.469429 0.468229 0.468161 0.469222 0.471427 0.474802 0.479389 0.485246 0.492448 0.501093 0.511301 0.523220 0.537032 0.552962 0.571284 0.592338 0.616545 0.644434 0.676672 0.714117 0.757882 0.809438 0.839948 0.740800 0.664018 0.602974 0.553429 0.512550 0.478367 0.449474 0.424837 0.403683 0.385420 0.369590 0.355832 0.343861 0.333446 0.324402 0.316578 0.309851 0.304122 0.299308 0.295346 0.292181 0.289774 0.288095 0.287123 0.286846 0.287261 0.288373 0.290196 0.292751 0.296072 0.300200 0.305190 0.311112 0.318049 0.326106 0.335411 0.346120 0.358429 0.372575 0.388860 0.407660 0.429457 0.454875 0.484732 0.520125 0.562555 0.614134 13305.500000 1.836600 0.527590
0.841012 0.821839 0.805418 0.791510 0.779921 0.770495 0.763112 0.757676 0.754121 0.752404 0.752503 0.754420 0.758178 0.763822 0.771424 0.781079 0.792914 0.807087 0.823796 0.843286 0.865858 0.891879 0.921801 0.956185 0.987105 0.940369 0.899929 0.864821 0.834284 0.807709 0.784607 0.764581 0.747307 0.732521 0.720011 0.709601 0.701153 0.694558 0.689731 0.686614 0.685168 0.685376 0.687240 0.690783 0.696049 0.703102 0.712032 0.722956 0.736021 0.751411 0.769351 0.790119 0.814054 0.841576 0.873201 0.909573 0.951498 1.000000 0.964109 0.931518 0.903163 0.878538 0.857230 0.838904 0.823287 0.810157 0.799335 0.790678 0.784075 0.779444 0.776727 0.775891 0.776928 0.779848 0.784688 0.791507 0.800390 0.811453 0.824840 0.840736 0.859367 0.881014 0.906018 0.895412 0.867273 0.842818 0.821629 0.803367 0.787756 0.774571 0.763629 0.754784 0.747924 0.742961 0.739834 0.738504 0.738957 0.741197 0.745251 0.751169 0.759026 0.768920 0.780982 0.795376 0.812303 0.827329 0.814018 0.803033 0.794228 0.787490 0.782736 0.779906 0.778967 0.779906 0.782736 0.787490 0.794228 0.803033 0.814018 0.827329 0.843148 0.861699 0.883261 0.908174 0.936856 0.918325 0.888854 0.863230 1768.000000 1.074619 0.843701
0.425967 0.427530 0.430146 0.433845 0.438675 0.444696 0.451989 0.460654 0.470814 0.482621 0.496261 0.511965 0.530013 0.550755 0.574628 0.602181 0.634113 0.671330 0.665096 0.660169 0.656886 0.655206 0.655108 0.656592 0.659676 0.664397 0.670814 0.679007 0.689084 0.701180 0.715461 0.732137 0.751463 0.773751 0.778086 0.756771 0.738323 0.722453 0.708922 0.697539 0.688147 0.680622 0.674868 0.670813 0.668408 0.667622 0.668446 0.670891 0.674986 0.668894 0.649558 0.632790 0.618317 0.605920 0.595415 0.586658 0.579531 0.573941 0.569817 0.567109 0.565783 0.565823 0.567230 0.570020 0.574228 0.579906 0.587126 0.595982 0.606593 0.619107 0.626301 0.617883 0.611142 0.605989 0.602362 0.600215 0.599523 0.600277 0.592905 0.582549 0.573907 0.566864 0.561327 0.557227 0.554512 0.553150 0.553124 0.554433 0.557094 0.561139 0.566618 0.573601 0.582177 0.586783 0.591653 0.598058 0.606078 0.615821 0.627418 0.641034 0.656872 0.675180 0.696264 0.720498 0.748348 0.780393 0.817362 0.860184 0.910054 0.968540 1.000000 0.885049 0.795520 0.724024 0.665791 0.617605 0.577220 0.543021 0.513815 0.488708 0.467014 0.448197 0.438483 0.433695 0.430035 0.427457 0.425930 0.425435 4796.500000 1.242838 0.746355
0.750372 0.732396 0.716948 0.703799 0.692762 0.683688 0.676457 0.670977 0.667179 0.665017 0.664465 0.665515 0.668182 0.672496 0.678511 0.686303 0.695973 0.707648 0.721489 0.737695 0.756511 0.778235 0.803235 0.831967 0.864991 0.903010 0.946912 0.997827 1.000000 0.934582 0.879186 0.831882 0.791216 0.756078 0.725602 0.699106 0.676049 0.655993 0.638588 0.623545 0.610633 0.599659 0.590470 0.582942 0.576976 0.572496 0.569446 0.567789 0.567505 0.568591 0.571058 0.574939 0.580280 0.587149 0.595635 0.605850 0.617937 0.632070 0.648463 0.667379 0.689142 0.714151 0.742901 0.776010 0.814261 0.858655 0.910489 0.971473 0.960988 0.917221 0.879292 0.846334 0.817656 0.792705 0.771034 0.752280 0.736148 0.722398 0.710833 0.701295 0.693658 0.687826 0.683724 0.681302 0.680531 0.681401 0.683924 0.688129 0.694068 0.701817 0.711473 0.723166 0.737055 0.753338 0.772259 0.794118 0.819281 0.848201 0.830544 0.801664 0.776533 0.754692 0.735770 0.719465 0.705530 0.693764 0.684004 0.676122 0.670015 0.665606 0.662842 0.661687 0.662130 0.664174 0.667844 0.673186 0.680266 0.689175 0.700029 0.712975 0.728197 0.745918 0.766417 0.790031 0.817177 0.822615 0.795096 0.771157 13023.000000 1.144345 0.759751
0.807759 0.766080 0.730163 0.699073 0.672075 0.648589 0.628151 0.610388 0.594996 0.581727 0.570382 0.560796 0.552837 0.546398 0.541397 0.537770 0.535473 0.534478 0.534772 0.536360 0.539260 0.543508 0.549157 0.556278 0.564966 0.575338 0.587539 0.601750 0.618192 0.637135 0.658914 0.683941 0.679783 0.657048 0.637270 0.620099 0.605248 0.592486 0.581623 0.572505 0.565010 0.559037 0.554511 0.551376 0.549592 0.549139 0.550010 0.552217 0.555785 0.560760 0.567203 0.575198 0.584851 0.596294 0.609692 0.625247 0.643207 0.663875 0.687627 0.714928 0.746359 0.782654 0.824746 0.873849 0.931555 1.000000 0.930069 0.865175 0.810571 0.764182 0.724466 0.690255 0.660649 0.634945 0.612587 0.593130 0.576217 0.561557 0.548913 0.538095 0.528944 0.521334 0.515163 0.510352 0.506840 0.504583 0.503554 0.503740 0.505143 0.507781 0.511686 0.516906 0.523509 0.531579 0.541226 0.552586 0.565825 0.581148 0.598807 0.604324 0.594683 0.586736 0.580379 0.575529 0.572127 0.570130 0.569514 0.570272 0.572413 0.575963 0.580965 0.587483 0.595600 0.605423 0.617087 0.630759 0.646644 0.664992 0.686114 0.710388 0.738288 0.770400 0.807466 0.850431 0.900518 0.959329 0.913652 0.856415 1665.500000 1.506864 0.713983
0.690055 0.750037 0.823611 0.915636 1.000000 0.907770 0.832953 0.771246 0.719666 0.676079 0.638921 0.607021 0.579485 0.555619 0.534879 0.516832 0.501131 0.487495 0.475697 0.465552 0.456909 0.449644 0.443658 0.438873 0.435228 0.432676 0.431187 0.430742 0.431337 0.432977 0.435683 0.439489 0.444443 0.450607 0.458063 0.466914 0.477286 0.489336 0.503253 0.519273 0.537684 0.558844 0.583201 0.611317 0.643912 0.681913 0.726541 0.707281 0.674248 0.645650 0.620813 0.599206 0.580404 0.564064 0.549907 0.537707 0.527279 0.518473 0.511168 0.505266 0.500691 0.497386 0.495310 0.494437 0.494757 0.496273 0.499005 0.502986 0.508265 0.514909 0.523006 0.532666 0.544024 0.557249 0.572547 0.590171 0.610430 0.633712 0.660494 0.691378 0.727131 0.768735 0.817478 0.875072 0.885643 0.799807 0.730744 0.674155 0.627103 0.587513 0.553880 0.525086 0.500284 0.478820 0.460185 0.443976 0.429871 0.417609 0.406980 0.397814 0.389970 0.383335 0.377817 0.373343 0.369854 0.367306 0.365667 0.364919 0.365051 0.366066 0.367975 0.370802 0.374582 0.379364 0.385209 0.392197 0.400425 0.410015 0.421115 0.433908 0.448616 0.465517 0.484956 0.507364 0.533291 0.563441 0.598732 0.640386 1578.500000 1.444465 0.574704
0.841435 0.873087 0.909490 0.951452 1.000000 0.989308 0.938594 0.894876 0.857023 0.824147 0.795546 0.770657 0.749029 0.730292 0.714149 0.700354 0.688710 0.679056 0.671264 0.665233 0.656249 0.647911 0.641307 0.636353 0.632989 0.631173 0.630883 0.632115 0.634885 0.639226 0.645191 0.652857 0.662321 0.673711 0.687184 0.702935 0.721203 0.742281 0.766532 0.794398 0.776277 0.757518 0.741388 0.727647 0.716100 0.706590 0.698990 0.693205 0.689161 0.686809 0.686120 0.687087 0.689720 0.694051 0.700135 0.708047 0.717890 0.729792 0.743919 0.760471 0.779698 0.801904 0.827464 0.856840 0.890602 0.887339 0.859855 0.835976 0.815298 0.797494 0.782294 0.769483 0.758883 0.750354 0.743787 0.739098 0.736231 0.735151 0.735843 0.738318 0.742604 0.748754 0.756846 0.766982 0.779297 0.793957 0.811171 0.831195 0.808075 0.778424 0.752621 0.730176 0.710694 0.693853 0.679390 0.667092 0.656785 0.648330 0.641617 0.636558 0.633092 0.631176 0.630786 0.631919 0.634587 0.638823 0.644679 0.652230 0.661572 0.672831 0.686160 0.700723 0.694148 0.689341 0.686242 0.684813 0.685037 0.686917 0.690474 0.695754 0.702821 0.711766 0.722704 0.735785 0.751190 0.769147 0.789934 0.813890 2440.500000 1.220622 0.836074
0.637432 0.659963 0.685859 0.715664 0.750066 0.767665 0.749793 0.734463 0.721450 0.710573 0.701684 0.694667 0.689434 0.685919 0.684079 0.683893 0.685357 0.688490 0.693329 0.699935 0.708391 0.718807 0.731322 0.746110 0.763385 0.783410 0.806511 0.833082 0.863616 0.898721 0.939159 0.888143 0.838561 0.796038 0.759361 0.727590 0.699990 0.675976 0.655081 0.636927 0.621209 0.607676 0.596126 0.586393 0.578344 0.571872 0.566893 0.563346 0.561187 0.560389 0.560942 0.562855 0.566148 0.570864 0.577061 0.584818 0.594238 0.605449 0.618609 0.633916 0.651609 0.671983 0.695402 0.722316 0.753284 0.759313 0.736196 0.716119 0.698747 0.683806 0.671074 0.660368 0.651544 0.644485 0.639100 0.635322 0.633105 0.632422 0.633264 0.635642 0.639584 0.645139 0.652377 0.661391 0.672299 0.685252 0.700435 0.718075 0.738450 0.761906 0.788863 0.819844 0.855505 0.896666 0.944379 1.000000 0.949643 0.885947 0.832137 0.786275 0.746909 0.712933 0.683489 0.657902 0.635638 0.616268 0.599444 0.584886 0.572365 0.561694 0.552720 0.545322 0.539401 0.534882 0.531709 0.529842 0.529258 0.529952 0.531930 0.535217 0.539854 0.545898 0.553428 0.562542 0.573366 0.586054 0.600797 0.617827 5592.000000 1.362495 0.753412
0.928699 1.000000 0.934615 0.878723 0.831028 0.790049 0.754655 0.723965 0.697287 0.674073 0.653878 0.636347 0.621189 0.608167 0.597089 0.587798 0.580168 0.574099 0.569513 0.566353 0.564582 0.564176 0.565131 0.567458 0.571187 0.576363 0.583050 0.591336 0.601331 0.613172 0.627029 0.643112 0.661679 0.683043 0.665718 0.644375 0.625818 0.609728 0.595844 0.583954 0.573885 0.565496 0.558675 0.553334 0.549406 0.546840 0.545607 0.545691 0.547094 0.549831 0.553938 0.559464 0.566480 0.575077 0.585371 0.597506 0.611659 0.628049 0.646943 0.668670 0.693636 0.722346 0.755434 0.793703 0.838183 0.890216 0.951582 0.948068 0.891753 0.843673 0.802346 0.766639 0.735672 0.708750 0.685322 0.664944 0.647257 0.631970 0.618844 0.607687 0.598341 0.590680 0.584603 0.580032 0.576912 0.575203 0.574886 0.575955 0.578425 0.582324 0.587702 0.594626 0.603186 0.613495 0.625697 0.639966 0.650089 0.629234 0.611103 0.595381 0.581814 0.570195 0.560354 0.552155 0.545488 0.540265 0.536422 0.533910 0.532699 0.532774 0.534136 0.536801 0.540803 0.546190 0.553032 0.561416 0.571457 0.583294 0.597101 0.613091 0.631523 0.652719 0.677075 0.705084 0.737363 0.774696 0.818086 0.868842 1182.500000 1.484660 0.726895
0.927875 0.976991 1.000000 0.943430 0.894958 0.853178 0.817006 0.785592 0.758263 0.734481 0.713813 0.695908 0.680477 0.667289 0.656153 0.646916 0.639454 0.633671 0.629495 0.626874 0.625776 0.626188 0.628115 0.631579 0.636625 0.643313 0.651731 0.661987 0.674222 0.688608 0.705358 0.724732 0.747051 0.772709 0.802193 0.836111 0.875225 0.872931 0.845178 0.821053 0.800140 0.782104 0.766669 0.753612 0.742752 0.733943 0.727072 0.722051 0.718820 0.717337 0.717586 0.719569 0.723311 0.728856 0.736275 0.745661 0.757137 0.770858 0.787017 0.805850 0.827649 0.852773 0.881659 0.914853 0.891970 0.853387 0.819898 0.790770 0.765422 0.743384 0.724275 0.707787 0.693666 0.681708 0.671746 0.663647 0.657306 0.652641 0.649597 0.648135 0.648238 0.649906 0.653161 0.658042 0.664610 0.672947 0.683163 0.695395 0.709814 0.726632 0.746107 0.768557 0.794373 0.824038 0.858151 0.897467 0.927875 0.885493 0.848768 0.816859 0.789093 0.764935 0.743952 0.725791 0.710165 0.696841 0.685630 0.676377 0.668961 0.663286 0.659281 0.656898 0.656107 0.656898 0.659281 0.663286 0.668961 0.676377 0.685630 0.696841 0.710165 0.725791 0.743952 0.764935 0.789093 0.816859 0.848768 0.885493 2560.000000 1.100722 0.776635
0.807824 0.735473 0.676512 0.627703 0.586782 0.552118 0.522509 0.497052 0.475051 0.455967 0.439374 0.424935 0.412376 0.401478 0.392061 0.383980 0.377115 0.371370 0.366668 0.362947 0.360159 0.358271 0.357258 0.357109 0.357822 0.359405 0.361878 0.365271 0.369628 0.375004 0.381471 0.389119 0.398058 0.408425 0.420387 0.434147 0.449959 0.468138 0.489074 0.513266 0.541347 0.574142 0.612738 0.658598 0.713737 0.781005 0.823677 0.774698 0.732884 0.696945 0.665895 0.638967 0.615558 0.595187 0.577468 0.562088 0.548794 0.537378 0.527674 0.519543 0.512875 0.507584 0.503602 0.500879 0.499382 0.499093 0.500008 0.502138 0.505509 0.510164 0.516159 0.523574 0.532507 0.543080 0.555448 0.569796 0.586355 0.605408 0.627302 0.652470 0.681453 0.714933 0.713970 0.664953 0.623640 0.588495 0.558373 0.532405 0.509918 0.490388 0.473397 0.458612 0.445763 0.434634 0.425046 0.416854 0.409941 0.404211 0.399589 0.396014 0.393442 0.391842 0.391193 0.391487 0.392729 0.394934 0.398127 0.402350 0.407656 0.414115 0.421815 0.430864 0.441396 0.453576 0.467606 0.483734 0.502267 0.523589 0.548181 0.576654 0.609797 0.648640 0.694554 0.749407 0.815801 0.897476 1.000000 0.898364 1863.500000 1.468625 0.572922
0.753738 0.801026 0.856847 0.923422 1.000000 0.941603 0.891680 0.848725 0.811584 0.779357 0.751332 0.726943 0.705734 0.687337 0.671451 0.657831 0.646280 0.636634 0.628764 0.622568 0.617967 0.614904 0.613342 0.613261 0.614661 0.617558 0.621989 0.628007 0.631317 0.614410 0.599792 0.587235 0.576553 0.567596 0.560242 0.554395 0.549980 0.546942 0.545243 0.544864 0.545799 0.548060 0.551674 0.556687 0.563160 0.571178 0.580847 0.592300 0.605703 0.621258 0.639213 0.659874 0.680157 0.666038 0.654038 0.643986 0.635747 0.629213 0.624301 0.620949 0.619116 0.618780 0.619938 0.622602 0.626806 0.632602 0.640062 0.649283 0.660388 0.673530 0.688899 0.706728 0.727303 0.750976 0.778179 0.809450 0.845462 0.887064 0.935342 0.897034 0.845867 0.802050 0.764300 0.731626 0.703257 0.678579 0.657104 0.638437 0.622260 0.608311 0.596379 0.586291 0.577908 0.571118 0.565833 0.561986 0.559530 0.558435 0.558687 0.560290 0.557905 0.543732 0.531510 0.521053 0.512210 0.504858 0.498899 0.494255 0.490869 0.488699 0.487717 0.487912 0.489287 0.491858 0.495656 0.500729 0.507141 0.514977 0.524341 0.535366 0.548213 0.563083 0.580217 0.599919 0.622557 0.648595 0.678612 0.713345 1847.000000 1.432443 0.756871
0.779484 0.789660 0.802064 0.816863 0.834266 0.848584 0.843373 0.840237 0.839139 0.840064 0.843025 0.848057 0.855223 0.864610 0.876341 0.882598 0.867100 0.854158 0.843599 0.835286 0.829113 0.825004 0.822908 0.822799 0.824678 0.828565 0.834509 0.842584 0.852891 0.865564 0.880774 0.898731 0.919698 0.943995 0.917032 0.889366 0.865343 0.844566 0.826708 0.811504 0.798738 0.788238 0.779864 0.773510 0.769097 0.766570 0.765899 0.767075 0.770113 0.775050 0.781946 0.790889 0.801993 0.815405 0.830100 0.809836 0.792401 0.777534 0.765024 0.754700 0.746425 0.740093 0.735625 0.732966 0.732083 0.732966 0.735625 0.740093 0.746425 0.754700 0.765024 0.777534 0.792401 0.809836 0.830100 0.853513 0.876761 0.869323 0.864075 0.860951 0.859914 0.860951 0.864075 0.869323 0.876761 0.886481 0.898608 0.913302 0.930765 0.951244 0.975047 1.000000 0.958450 0.922348 0.890936 0.863604 0.839863 0.819314 0.801630 0.786549 0.773855 0.763374 0.754967 0.748527 0.743974 0.741250 0.740323 0.741182 0.743837 0.748320 0.754686 0.763016 0.773416 0.786023 0.801009 0.818589 0.808804 0.795283 0.784064 0.774998 0.767968 0.762887 0.759690 0.758339 0.758817 0.761131 0.765309 0.771401 1997.500000 1.194915 0.908945
0.795884 0.827829 0.864617 0.907112 0.956425 0.963213 0.895326 0.838264 0.789829 0.748390 0.712714 0.681853 0.655065 0.631768 0.611493 0.593865 0.578580 0.564207 0.549250 0.536325 0.525230 0.515803 0.507909 0.501444 0.496322 0.492478 0.489864 0.488448 0.488213 0.489156 0.491289 0.494637 0.497898 0.494085 0.491505 0.490127 0.489933 0.490922 0.493105 0.496509 0.501176 0.507165 0.514554 0.523441 0.533949 0.533459 0.533021 0.533868 0.536012 0.539478 0.544309 0.550565 0.558328 0.567700 0.578810 0.591818 0.606919 0.624355 0.644421 0.667481 0.693987 0.724502 0.759738 0.800605 0.848278 0.904304 0.970758 1.000000 0.935572 0.880937 0.834230 0.794044 0.759296 0.729144 0.702925 0.680107 0.660265 0.643053 0.628190 0.612626 0.592437 0.574877 0.559638 0.546468 0.535164 0.525558 0.517515 0.510928 0.505709 0.501792 0.499129 0.497686 0.497447 0.495638 0.486937 0.479672 0.473745 0.469079 0.465615 0.463309 0.462134 0.462076 0.463133 0.465318 0.468658 0.473195 0.478986 0.486106 0.494651 0.504739 0.516517 0.530166 0.545907 0.564011 0.584814 0.608734 0.634291 0.637000 0.641283 0.647194 0.654807 0.664221 0.675560 0.688982 0.704680 0.722893 0.743911 0.768094 1614.500000 1.596871 0.730126
0.772949 0.779351 0.787422 0.796213 0.807169 0.820435 0.836192 0.854666 0.876132 0.900931 0.929480 0.962291 1.000000 0.966011 0.927686 0.894358 0.865355 0.840134 0.818257 0.799367 0.783174 0.769440 0.757975 0.748623 0.741263 0.735802 0.732172 0.730328 0.730248 0.731932 0.735399 0.740691 0.747876 0.757042 0.759366 0.754210 0.750921 0.749457 0.749803 0.751960 0.755957 0.761842 0.769687 0.779594 0.791691 0.806143 0.823151 0.842967 0.865898 0.892322 0.922702 0.957611 0.955977 0.921569 0.891624 0.865584 0.842996 0.823489 0.806765 0.792578 0.780729 0.771060 0.763443 0.757784 0.754011 0.752078 0.751962 0.756119 0.762588 0.771042 0.781590 0.794370 0.809559 0.827371 0.848074 0.871995 0.899534 0.931185 0.967561 0.941449 0.909519 0.881737 0.857608 0.836726 0.818762 0.803449 0.790567 0.779941 0.771431 0.764927 0.760349 0.757639 0.756766 0.757717 0.760506 0.765165 0.768751 0.761660 0.756505 0.753221 0.751769 0.752130 0.754311 0.758336 0.764255 0.772142 0.782098 0.794252 0.808769 0.825853 0.845756 0.868786 0.895324 0.923599 0.894992 0.870137 0.848614 0.830082 0.814262 0.800927 0.789893 0.781016 0.774180 0.769301 0.766316 0.765192 0.765913 0.768488 851.000000 1.175297 0.855440
0.771924 0.843405 0.919040 0.858822 0.807837 0.764305 0.726885 0.694554 0.666514 0.642137 0.620923 0.602471 0.586456 0.572615 0.560731 0.550630 0.542170 0.535235 0.529736 0.525602 0.522781 0.521240 0.520959 0.521936 0.524181 0.527722 0.532603 0.538886 0.546651 0.556003 0.567069 0.580011 0.595025 0.612351 0.632285 0.655192 0.681525 0.711850 0.746882 0.787536 0.748487 0.701584 0.661713 0.627561 0.598131 0.572655 0.550534 0.531290 0.514543 0.499988 0.487375 0.476503 0.467206 0.459351 0.452828 0.447551 0.443451 0.440478 0.438593 0.437775 0.438013 0.439311 0.441683 0.445159 0.449783 0.455612 0.462725 0.471216 0.481205 0.492840 0.506302 0.521812 0.539643 0.560133 0.583703 0.610880 0.642333 0.678926 0.721784 0.772404 0.832817 0.905850 0.995552 1.000000 0.897404 0.815682 0.749257 0.694383 0.648453 0.609600 0.576450 0.547971 0.523376 0.502051 0.483514 0.467384 0.453352 0.441170 0.430636 0.421585 0.413884 0.407422 0.402113 0.397887 0.394690 0.392481 0.391235 0.390935 0.391578 0.393172 0.395737 0.399303 0.403916 0.409636 0.416537 0.424716 0.434290 0.445403 0.458232 0.472996 0.489963 0.509465 0.531918 0.557848 0.587924 0.623015 0.664262 0.713197 6891.000000 1.394471 0.580356
0.912967 0.940827 0.972858 0.951782 0.928240 0.907969 0.890664 0.876078 0.864009 0.854299 0.846822 0.841484 0.838220 0.836990 0.837778 0.840595 0.845475 0.852478 0.861690 0.825920 0.782548 0.745211 0.712913 0.684880 0.660499 0.639281 0.620833 0.604837 0.591032 0.579207 0.569191 0.560843 0.554052 0.548729 0.544808 0.542240 0.541101 0.547100 0.554585 0.563653 0.574430 0.587069 0.601759 0.618732 0.638273 0.660731 0.686542 0.716247 0.750529 0.790257 0.836554 0.890893 0.955243 1.000000 0.970271 0.944469 0.922167 0.903020 0.886744 0.873111 0.861935 0.853071 0.846406 0.841857 0.839368 0.838908 0.840473 0.844080 0.849775 0.857627 0.867736 0.880232 0.895281 0.913092 0.933921 0.931295 0.886068 0.846975 0.813063 0.783576 0.757916 0.735598 0.716234 0.699505 0.685152 0.672965 0.662773 0.654438 0.647852 0.642930 0.639612 0.637856 0.637642 0.638967 0.641847 0.646318 0.652433 0.650100 0.648482 0.648430 0.649943 0.653041 0.657760 0.664160 0.672321 0.682350 0.694380 0.708580 0.725156 0.744362 0.766511 0.791984 0.817716 0.808115 0.800644 0.795208 0.791739 0.790196 0.790560 0.792835 0.797049 0.803254 0.811526 0.821971 0.834726 0.849963 0.867896 0.888789 1452.000000 1.216036 0.821065
0.801151 0.842005 0.889507 0.945103 0.939192 0.896889 0.860216 0.828341 0.800603 0.776473 0.755522 0.737402 0.721829 0.708571 0.697442 0.688289 0.680993 0.675460 0.671621 0.669429 0.668858 0.669900 0.672568 0.676894 0.682933 0.690759 0.700474 0.712206 0.726117 0.742407 0.761320 0.783158 0.808290 0.837173 0.870371 0.908590 0.952720 0.952108 0.900873 0.856829 0.818772 0.785764 0.757068 0.732095 0.710374 0.691522 0.675230 0.661244 0.649359 0.639406 0.631252 0.624789 0.619936 0.616631 0.614835 0.614525 0.615699 0.618369 0.622569 0.628350 0.635786 0.644973 0.656032 0.669117 0.684417 0.702165 0.722645 0.746207 0.773282 0.761372 0.748708 0.738207 0.729731 0.723170 0.718440 0.715485 0.714268 0.714773 0.717009 0.721000 0.726797 0.734472 0.744122 0.755874 0.769888 0.786362 0.805539 0.827719 0.853269 0.882640 0.916392 0.955220 1.000000 0.992606 0.929814 0.876478 0.830823 0.791501 0.757475 0.727936 0.702242 0.679882 0.660444 0.643594 0.629061 0.616621 0.606096 0.597340 0.590234 0.584687 0.580630 0.578011 0.576799 0.576979 0.578554 0.581542 0.585980 0.591923 0.599447 0.608650 0.619656 0.632620 0.647731 0.665223 0.685384 0.708565 0.735202 0.765838 3869.000000 1.199559 0.752694
0.833553 0.793228 0.758367 0.728122 0.701822 0.678935 0.659030 0.641762 0.626847 0.614055 0.603199 0.594127 0.586716 0.580869 0.576514 0.573594 0.572076 0.571939 0.573183 0.575823 0.579891 0.585437 0.592531 0.601265 0.611757 0.624152 0.638630 0.655412 0.674769 0.697034 0.722620 0.752036 0.785922 0.825087 0.813029 0.792698 0.775180 0.760212 0.747578 0.737104 0.728650 0.722108 0.717395 0.714454 0.713247 0.713762 0.716003 0.719998 0.725797 0.733471 0.743118 0.754866 0.768872 0.785336 0.804501 0.826667 0.852199 0.881550 0.915279 0.954082 0.998833 0.952853 0.895575 0.846717 0.804753 0.768516 0.737101 0.709796 0.686036 0.665366 0.647419 0.631897 0.618557 0.607201 0.597669 0.589830 0.583582 0.578845 0.575560 0.573686 0.573200 0.574097 0.576388 0.580100 0.585280 0.591991 0.600322 0.610381 0.622309 0.636275 0.652490 0.671213 0.692761 0.717523 0.745985 0.778752 0.816588 0.835170 0.810826 0.789709 0.771476 0.755845 0.742589 0.731522 0.722494 0.715390 0.710117 0.706612 0.704830 0.704752 0.706374 0.709718 0.714824 0.721756 0.730600 0.741473 0.754518 0.769920 0.787901 0.808736 0.832764 0.860400 0.892157 0.928670 0.970738 1.000000 0.935287 0.880433 7390.500000 1.331903 0.762529
0.720048 0.746272 0.776418 0.811140 0.851259 0.897828 0.952215 0.901985 0.855159 0.814821 0.779911 0.749602 0.723237 0.700293 0.680350 0.663063 0.648157 0.635402 0.624616 0.615648 0.608379 0.602715 0.598584 0.595935 0.594736 0.594972 0.596647 0.599779 0.604409 0.610593 0.618410 0.619136 0.606921 0.596587 0.587993 0.581022 0.575585 0.571613 0.569057 0.567886 0.568085 0.569658 0.572622 0.577015 0.582891 0.590324 0.599412 0.610278 0.623074 0.637987 0.655249 0.675143 0.698017 0.724302 0.754532 0.789380 0.829699 0.876584 0.931462 0.996232 1.000000 0.930591 0.872157 0.822493 0.779957 0.743307 0.711585 0.684039 0.660078 0.639226 0.621102 0.605396 0.591855 0.580274 0.570485 0.562353 0.555770 0.550651 0.546930 0.544563 0.543520 0.543788 0.545371 0.548288 0.552575 0.558285 0.565491 0.574286 0.584791 0.597153 0.611553 0.628217 0.647416 0.669491 0.694857 0.724033 0.757672 0.796603 0.841888 0.866657 0.824429 0.787934 0.756279 0.728756 0.704805 0.683973 0.665895 0.650275 0.636870 0.625482 0.615953 0.608153 0.601980 0.597355 0.594222 0.592541 0.592293 0.593474 0.596099 0.600199 0.605826 0.613051 0.621966 0.632690 0.645374 0.660199 0.677391 0.697228 12458.000000 1.222517 0.713774
0.845597 0.793398 0.748968 0.710872 0.678019 0.649563 0.624845 0.603339 0.584626 0.568367 0.554286 0.542162 0.531810 0.523082 0.515859 0.510045 0.505565 0.502362 0.500398 0.499648 0.500103 0.501769 0.504666 0.508829 0.514311 0.521182 0.529532 0.539474 0.551151 0.564734 0.580437 0.598522 0.619310 0.643200 0.670687 0.702395 0.739120 0.781884 0.832029 0.891340 0.962253 1.000000 0.913484 0.842614 0.783700 0.734140 0.692043 0.656007 0.624969 0.598111 0.574795 0.554513 0.536864 0.521521 0.508220 0.496749 0.486931 0.478624 0.471713 0.466106 0.461730 0.458530 0.456465 0.455512 0.455658 0.456906 0.459269 0.462778 0.467476 0.473422 0.480695 0.489392 0.499635 0.511575 0.525396 0.541325 0.559641 0.580687 0.604892 0.632794 0.665074 0.702608 0.746538 0.798379 0.860185 0.934803 0.992910 0.918570 0.856506 0.804113 0.759484 0.721195 0.688159 0.659537 0.634668 0.613030 0.594203 0.577849 0.563692 0.551509 0.541118 0.532370 0.525145 0.519348 0.514904 0.511759 0.509872 0.509222 0.509799 0.511612 0.514683 0.519048 0.524763 0.531901 0.540556 0.550846 0.562919 0.576953 0.593170 0.611842 0.633304 0.657968 0.686351 0.719105 0.757056 0.801274 0.853161 0.907488 14015.000000 1.153461 0.599955
0.620413 0.596134 0.575018 0.556641 0.540665 0.526814 0.514864 0.504634 0.495973 0.488762 0.482905 0.478325 0.474964 0.472782 0.471751 0.471858 0.473106 0.475508 0.479096 0.482592 0.476314 0.471319 0.467542 0.464937 0.463470 0.463125 0.463897 0.465796 0.468845 0.473081 0.478558 0.485345 0.493535 0.503238 0.514596 0.527778 0.542996 0.560509 0.580634 0.603766 0.630400 0.661159 0.696838 0.738468 0.787406 0.845471 0.915162 1.000000 0.966019 0.904636 0.852519 0.807921 0.769518 0.736293 0.707453 0.682369 0.660539 0.641561 0.625106 0.610909 0.598754 0.588462 0.579892 0.572928 0.567481 0.563481 0.560878 0.559641 0.553718 0.545620 0.539036 0.533880 0.530086 0.527608 0.526416 0.526494 0.527844 0.530483 0.534441 0.539770 0.546535 0.554827 0.564754 0.576458 0.590109 0.593190 0.581778 0.572148 0.564169 0.557734 0.552761 0.549188 0.546969 0.546079 0.546506 0.548256 0.551349 0.555824 0.561737 0.569162 0.578199 0.588968 0.601623 0.616352 0.631286 0.632637 0.635528 0.639995 0.646092 0.653897 0.663511 0.675063 0.688712 0.704657 0.723142 0.744464 0.768991 0.797175 0.829577 0.866903 0.910041 0.949142 0.875203 0.813769 0.762110 0.718246 0.680706 0.648381 7186.000000 1.555881 0.719872
0.869583 0.848742 0.830830 0.815584 0.802786 0.792262 0.783875 0.777517 0.773109 0.770596 0.769949 0.771159 0.774240 0.779232 0.786194 0.795215 0.806411 0.819930 0.835958 0.854726 0.876515 0.866715 0.846836 0.829802 0.815365 0.803325 0.793518 0.785819 0.780129 0.776377 0.774519 0.774530 0.776412 0.780188 0.776653 0.774350 0.773921 0.775358 0.778681 0.783928 0.791166 0.800485 0.812006 0.825882 0.842305 0.861512 0.883794 0.860093 0.837955 0.818852 0.802490 0.788633 0.777086 0.767695 0.760338 0.754922 0.751380 0.749669 0.749768 0.751678 0.747438 0.733168 0.721137 0.711180 0.703165 0.696989 0.692575 0.689868 0.688834 0.689463 0.691761 0.695755 0.701496 0.709055 0.718528 0.730041 0.743749 0.759848 0.778576 0.800227 0.825161 0.829434 0.830584 0.833748 0.838966 0.846300 0.855844 0.867721 0.882086 0.899137 0.919119 0.942331 0.969141 1.000000 0.966982 0.922456 0.883886 0.850379 0.821225 0.795858 0.773819 0.754737 0.738309 0.724289 0.712476 0.702708 0.694856 0.688818 0.684519 0.681906 0.679322 0.675527 0.673387 0.672877 0.673990 0.676740 0.681160 0.687305 0.695252 0.705103 0.716990 0.731076 0.747563 0.766700 0.788794 0.814218 0.843436 0.877020 5203.500000 1.168833 0.882824
0.678543 0.723970 0.777925 0.842762 0.921814 1.000000 0.917458 0.849394 0.792509 0.744445 0.703476 0.668307 0.637951 0.611642 0.588780 0.568886 0.551578 0.536546 0.523540 0.512354 0.502823 0.494809 0.488205 0.482923 0.478896 0.476072 0.474418 0.473913 0.474551 0.476340 0.479301 0.483472 0.488904 0.495667 0.503850 0.513566 0.524954 0.523486 0.514411 0.506845 0.500687 0.495858 0.492295 0.489955 0.488810 0.488844 0.490059 0.492470 0.496106 0.501011 0.507249 0.514900 0.524068 0.534879 0.547493 0.562103 0.578947 0.598318 0.620577 0.646172 0.675668 0.709777 0.749414 0.795770 0.827527 0.789728 0.756975 0.728516 0.703753 0.682208 0.663494 0.647297 0.633361 0.621479 0.611480 0.603228 0.596613 0.591552 0.587981 0.585855 0.585150 0.585855 0.587981 0.591552 0.596613 0.603228 0.611480 0.621479 0.633361 0.647297 0.663494 0.682208 0.655567 0.620279 0.589945 0.563734 0.541001 0.521237 0.504038 0.489078 0.476094 0.464873 0.455241 0.447054 0.440199 0.434581 0.430129 0.426784 0.424506 0.423266 0.423050 0.423854 0.425689 0.428577 0.432554 0.437669 0.443989 0.451599 0.460602 0.471130 0.483343 0.497435 0.513648 0.532280 0.553698 0.578364 0.606860 0.639931 4520.500000 1.600320 0.687062
0.803437 0.835036 0.871408 0.848568 0.812627 0.781414 0.754259 0.730629 0.710093 0.692303 0.676973 0.663872 0.652811 0.643638 0.636231 0.630494 0.626355 0.623762 0.622685 0.623111 0.625044 0.628507 0.633544 0.640217 0.648612 0.658837 0.671033 0.685371 0.702064 0.721371 0.743612 0.769180 0.798561 0.832361 0.871341 0.853648 0.827536 0.804855 0.785225 0.768337 0.753938 0.741823 0.731826 0.723816 0.717690 0.713370 0.710805 0.709962 0.710831 0.713423 0.717770 0.723925 0.731965 0.741993 0.754141 0.768577 0.785505 0.805179 0.827910 0.854079 0.884155 0.844164 0.803362 0.768089 0.737484 0.710871 0.687712 0.667571 0.650098 0.635007 0.622066 0.611084 0.601908 0.594415 0.588506 0.584106 0.581162 0.579637 0.579512 0.580786 0.583474 0.587609 0.593243 0.600447 0.609313 0.619961 0.632539 0.647230 0.664257 0.683896 0.706487 0.732445 0.762290 0.796671 0.836410 0.882560 0.936487 1.000000 0.955235 0.907515 0.866324 0.830623 0.799599 0.772603 0.749116 0.728719 0.711071 0.695894 0.682962 0.672092 0.663135 0.655973 0.650514 0.646691 0.644456 0.643782 0.644660 0.647102 0.651138 0.656816 0.664208 0.673409 0.684542 0.697757 0.713245 0.731238 0.752021 0.775943 7591.000000 1.155086 0.771721
0.764024 0.714176 0.671953 0.635890 0.604884 0.578089 0.554847 0.534640 0.517056 0.501761 0.488488 0.477019 0.467175 0.458813 0.451814 0.446084 0.441548 0.438148 0.435842 0.434602 0.434412 0.435270 0.437188 0.440187 0.444306 0.449596 0.456125 0.463981 0.473272 0.484134 0.496730 0.511264 0.527984 0.547198 0.569287 0.594726 0.624120 0.658238 0.698081 0.744968 0.800676 0.867647 0.949340 1.000000 0.916634 0.847984 0.790673 0.742293 0.701084 0.665729 0.635225 0.608797 0.585835 0.565856 0.548472 0.533372 0.520300 0.509051 0.499455 0.491377 0.484705 0.479351 0.475246 0.472339 0.470595 0.469991 0.470521 0.472191 0.475021 0.479047 0.484318 0.490902 0.498886 0.508379 0.519516 0.532464 0.547426 0.564652 0.584452 0.607207 0.633393 0.663610 0.698622 0.739415 0.787282 0.843949 0.839926 0.790027 0.747425 0.710806 0.679168 0.651730 0.627876 0.607118 0.589062 0.573391 0.559846 0.548216 0.538329 0.530048 0.523259 0.517873 0.513822 0.511056 0.509540 0.509257 0.510202 0.512388 0.515840 0.520602 0.526734 0.534314 0.543444 0.554249 0.566887 0.581548 0.598467 0.617934 0.640304 0.666019 0.695632 0.729842 0.769539 0.815882 0.870396 0.935130 0.895326 0.823487 8189.500000 1.203192 0.596900
0.761093 0.757874 0.756497 0.756945 0.759224 0.763361 0.769407 0.777438 0.787555 0.799892 0.814615 0.831931 0.836928 0.810620 0.787755 0.767945 0.750871 0.736274 0.723946 0.713714 0.705443 0.699027 0.694384 0.691457 0.690210 0.690629 0.692718 0.696503 0.702030 0.709368 0.718610 0.729878 0.743324 0.759138 0.777554 0.798857 0.797977 0.790719 0.785467 0.782156 0.780746 0.781219 0.783582 0.787864 0.794115 0.802416 0.812871 0.825616 0.840826 0.858715 0.879546 0.903644 0.931407 0.963323 1.000000 0.981836 0.918444 0.864698 0.818758 0.779236 0.745066 0.715418 0.689637 0.667201 0.647690 0.630764 0.616146 0.603612 0.592978 0.584095 0.576843 0.571128 0.566878 0.564039 0.562577 0.562474 0.563729 0.570845 0.582698 0.596522 0.612529 0.630981 0.652199 0.676581 0.704619 0.736935 0.774311 0.817757 0.868585 0.928536 0.975633 0.945505 0.919331 0.896668 0.877159 0.860509 0.846480 0.834881 0.825558 0.818390 0.813288 0.810189 0.809055 0.809872 0.812651 0.817425 0.824253 0.833220 0.810961 0.789821 0.771566 0.755916 0.742642 0.731558 0.722515 0.715395 0.710108 0.706588 0.704793 0.704700 0.706309 0.709638 0.714729 0.721645 0.730472 0.741327 0.754353 0.766194 586.000000 1.048618 0.816175
0.842033 0.782949 0.733263 0.691073 0.654966 0.623872 0.596970 0.573618 0.553306 0.535629 0.520262 0.506939 0.495445 0.485605 0.477275 0.470341 0.464708 0.460305 0.457075 0.454978 0.453989 0.454097 0.455301 0.457617 0.461073 0.465713 0.471594 0.478794 0.487410 0.497562 0.509399 0.523104 0.538901 0.557066 0.577939 0.601943 0.629611 0.661615 0.698820 0.742355 0.793713 0.854918 0.928776 0.947142 0.881924 0.826972 0.780236 0.740188 0.705668 0.675779 0.649821 0.627239 0.607588 0.590511 0.575716 0.562967 0.552072 0.542874 0.535246 0.529086 0.524315 0.520872 0.518716 0.517821 0.518174 0.519781 0.522661 0.526850 0.532399 0.539379 0.547883 0.558024 0.569948 0.583829 0.599884 0.618379 0.639641 0.664074 0.692181 0.724595 0.762121 0.805793 0.856965 0.902597 0.838756 0.785116 0.739599 0.700666 0.667154 0.638168 0.613012 0.591133 0.572094 0.555539 0.541182 0.528790 0.518174 0.509178 0.501677 0.495570 0.490779 0.487241 0.484915 0.483770 0.483793 0.484985 0.487359 0.490946 0.495789 0.501950 0.509508 0.518567 0.529251 0.541717 0.556157 0.572805 0.591951 0.613952 0.639250 0.668402 0.702112 0.741284 0.787094 0.841097 0.905400 0.982911 1.000000 0.913142 1332.000000 1.164839 0.599352
0.642079 0.643572 0.646634 0.651301 0.657631 0.665706 0.675629 0.687534 0.701586 0.717991 0.736999 0.758919 0.784130 0.813100 0.846409 0.884787 0.891519 0.834625 0.786338 0.745029 0.709468 0.678707 0.652009 0.628788 0.608581 0.591011 0.575776 0.562628 0.551365 0.541824 0.533872 0.529240 0.537817 0.548019 0.559990 0.573910 0.589997 0.608520 0.629810 0.654277 0.682432 0.714920 0.752559 0.796406 0.847848 0.887961 0.855435 0.827130 0.802509 0.781140 0.762668 0.746808 0.733324 0.722027 0.712764 0.705413 0.699882 0.696100 0.694022 0.693623 0.694897 0.697860 0.702548 0.709019 0.717355 0.727663 0.740080 0.754779 0.771970 0.791915 0.797266 0.755981 0.720412 0.689626 0.662895 0.639642 0.619407 0.601818 0.586575 0.573432 0.562190 0.552686 0.544789 0.538393 0.533415 0.529794 0.527483 0.526456 0.526698 0.532713 0.550175 0.570242 0.593311 0.619881 0.650584 0.686226 0.727855 0.776853 0.835081 0.905103 0.990546 1.000000 0.935188 0.880258 0.833319 0.792946 0.758046 0.727768 0.701440 0.678529 0.658603 0.645453 0.637524 0.631290 0.626671 0.623611 0.622073 0.622036 0.623502 0.626488 0.631029 0.637183 0.645028 0.654665 0.651712 0.646924 0.643745 0.642137 4709.000000 1.211134 0.684683
0.842446 0.887039 0.939006 1.000000 0.956821 0.907795 0.865532 0.828937 0.797154 0.769503 0.745442 0.724533 0.706420 0.690814 0.677479 0.666225 0.656894 0.649364 0.643538 0.639342 0.636724 0.635652 0.636114 0.638115 0.641680 0.646852 0.653695 0.662297 0.672771 0.685259 0.699937 0.717023 0.736784 0.759546 0.761238 0.736746 0.715451 0.696985 0.681047 0.667393 0.655825 0.646182 0.638333 0.632178 0.627638 0.624656 0.623197 0.623243 0.624794 0.627869 0.632506 0.638762 0.646717 0.656474 0.668164 0.681951 0.698035 0.716665 0.738144 0.762844 0.791227 0.823864 0.861475 0.904969 0.955513 0.928339 0.884115 0.845859 0.812652 0.783771 0.758638 0.736786 0.717838 0.701488 0.687486 0.675628 0.665748 0.657715 0.651424 0.646796 0.643772 0.642318 0.642414 0.644061 0.647281 0.652112 0.658614 0.666870 0.676987 0.689101 0.703382 0.720040 0.739329 0.761566 0.787136 0.816519 0.842446 0.803966 0.770623 0.741651 0.716442 0.694508 0.675456 0.658967 0.644780 0.632683 0.622504 0.614103 0.607370 0.602217 0.598582 0.596418 0.595699 0.596418 0.598582 0.602217 0.607370 0.614103 0.622504 0.632683 0.644780 0.658967 0.675456 0.694508 0.716442 0.741651 0.770623 0.803966 4819.500000 1.221349 0.766254
0.779211 0.744241 0.713921 0.687567 0.664633 0.644683 0.627363 0.612386 0.599518 0.588568 0.579382 0.571834 0.565827 0.561282 0.558144 0.556373 0.555949 0.556866 0.559135 0.562784 0.567858 0.574421 0.582557 0.592375 0.604009 0.617627 0.633434 0.651683 0.624865 0.597545 0.573838 0.553223 0.535282 0.519681 0.506149 0.494464 0.484447 0.475952 0.468860 0.463076 0.458523 0.455145 0.452899 0.451759 0.451710 0.452751 0.454895 0.458169 0.462613 0.468283 0.475253 0.483617 0.493490 0.505017 0.518373 0.533776 0.551492 0.571850 0.595256 0.622224 0.653400 0.689613 0.731943 0.781816 0.841158 0.912626 1.000000 0.932968 0.854034 0.789167 0.735105 0.689529 0.650751 0.617510 0.588851 0.564032 0.542474 0.523719 0.507399 0.493218 0.480935 0.470354 0.461317 0.453692 0.447376 0.442284 0.438351 0.435527 0.433778 0.433081 0.433430 0.434827 0.437290 0.440850 0.445550 0.451451 0.458630 0.467184 0.477235 0.488932 0.502458 0.518037 0.535945 0.556524 0.580201 0.607510 0.611618 0.603363 0.596748 0.591686 0.588113 0.585987 0.585281 0.585987 0.588113 0.591686 0.596748 0.603363 0.611618 0.621619 0.633504 0.647443 0.663644 0.682362 0.703912 0.728680 0.757146 0.789906 7812.000000 1.560190 0.698418
0.535020 0.521989 0.510778 0.501221 0.493182 0.486549 0.481237 0.477177 0.474318 0.472625 0.472077 0.472667 0.474404 0.477307 0.481413 0.486773 0.493456 0.501550 0.511166 0.522441 0.535544 0.550682 0.568110 0.588139 0.596122 0.599716 0.604819 0.611495 0.619830 0.629934 0.641946 0.656035 0.672413 0.691337 0.713126 0.738169 0.766949 0.800070 0.838292 0.882582 0.883912 0.844490 0.810304 0.780585 0.754722 0.732226 0.712699 0.695820 0.681325 0.669000 0.658672 0.650200 0.643475 0.638409 0.634940 0.633025 0.632641 0.633784 0.636467 0.640722 0.646604 0.654184 0.663563 0.658674 0.629871 0.604877 0.583142 0.564227 0.547779 0.533511 0.521192 0.510631 0.501674 0.494196 0.488096 0.483295 0.479732 0.477363 0.476158 0.476104 0.477199 0.479457 0.482905 0.487587 0.493560 0.500904 0.509716 0.520119 0.532264 0.546338 0.556782 0.562169 0.569046 0.577502 0.587649 0.599631 0.613619 0.629830 0.648526 0.670028 0.694737 0.723146 0.755877 0.793714 0.837663 0.889031 0.949548 1.000000 0.932126 0.874854 0.826087 0.784260 0.748180 0.716924 0.689771 0.666145 0.645589 0.627729 0.612267 0.598956 0.587598 0.578028 0.570117 0.563759 0.558873 0.555397 0.553290 0.550078 855.000000 1.569445 0.760713
