55
1000 1000
4 74 61 180 135 85 228 -39 164
6 25 46 30 30 52 26 71 50 55 69 27 72
5 -9 35 57 34 83 66 57 121 -16 109
8 10 48 20 42 33 29 50 31 63 50 53 66 39 72 18 64
6 -7 54 24 19 48 31 92 54 57 101 25 95
8 97 249 169 250 220 273 250 315 236 367 174 360 117 358 135 317
3 20 7 87 50 37 76
7 1 43 38 46 87 27 82 68 77 116 33 103 4 98
8 14 34 19 19 27 11 50 16 56 27 42 49 31 70 0 51
5 15 13 38 12 56 27 34 61 7 43
8 68 64 85 14 140 14 216 10 222 71 200 145 143 161 114 118
6 17 13 56 9 68 45 46 58 14 70 21 45
6 -18 31 18 14 61 -13 81 41 62 104 12 69
6 -4 28 21 15 35 18 56 32 41 55 17 55
7 7 13 40 -4 64 -1 103 32 65 55 43 48 5 38
3 16 66 143 107 23 174
3 143 161 229 243 147 278
3 58 42 105 74 64 97
3 63 28 108 52 43 94
4 6 38 34 12 67 41 34 88
8 7 24 25 19 58 18 93 61 67 78 32 85 1 79 -30 64
5 9 24 26 15 42 38 31 56 3 45
7 0 14 12 6 31 7 38 20 29 33 15 30 -2 29
4 43 8 73 49 43 82 -4 47
8 -5 17 1 6 15 -5 29 6 30 18 30 38 17 43 4 33
8 4 17 20 4 30 9 33 24 25 37 14 47 -2 45 -5 30
3 73 55 132 80 74 108
8 17 16 38 -3 68 20 69 49 83 86 46 73 15 76 12 51
6 87 107 167 49 207 170 209 256 86 219 66 163
8 49 84 79 34 131 23 161 50 211 90 192 158 147 149 61 133
8 50 298 102 272 151 220 217 256 239 301 201 351 148 408 104 364
5 69 62 92 49 118 77 97 100 68 89
4 19 -9 59 26 21 60 -12 32
3 44 4 94 48 32 96
5 -4 10 23 6 43 19 24 42 -4 38
6 -2 37 9 17 28 22 40 40 27 54 9 57
8 2 -1 30 -7 48 11 53 26 56 53 33 50 4 60 -5 28
8 37 38 52 41 68 33 63 52 58 61 50 66 38 70 32 52
5 1 1 84 -19 113 38 83 69 15 70
3 15 25 58 50 26 59
6 26 29 35 16 54 10 69 34 65 55 23 59
8 27 33 39 27 48 35 57 44 54 63 39 63 24 61 21 48
6 24 14 39 10 47 24 37 41 24 42 14 28
7 33 75 51 71 88 69 83 94 85 117 57 128 32 115
3 15 8 82 47 15 98
8 20 -1 39 -10 58 -4 79 11 68 35 47 43 26 30 3 22
8 -6 101 22 65 76 66 113 75 150 118 97 139 69 153 15 158
6 -25 63 -5 5 102 19 133 77 103 155 24 119
8 6 16 14 8 23 4 34 5 42 20 31 29 20 31 14 29
5 49 71 101 39 173 105 91 144 62 128
6 83 116 102 91 135 94 155 122 141 145 110 139
3 67 26 102 43 67 62
8 44 45 62 21 103 49 123 85 115 111 79 127 33 115 24 87
8 43 33 49 21 65 15 78 24 86 36 78 44 67 47 52 44
3 139 63 223 91 149 145
