0.813154 0.791597 0.772968 0.756976 0.743388 0.732011 0.722692 0.715309 0.709768 0.706000 0.703958 0.703619 0.704977 0.708050 0.712874 0.719510 0.728041 0.738577 0.751260 0.766263 0.783805 0.804151 0.827629 0.854640 0.885679 0.921361 0.905809 0.859112 0.818869 0.784033 0.753781 0.727465 0.704564 0.684660 0.667413 0.652548 0.639838 0.629100 0.620186 0.612977 0.607381 0.600737 0.593322 0.587486 0.583155 0.580275 0.578811 0.578745 0.580076 0.582821 0.587013 0.592703 0.599965 0.608892 0.619603 0.632249 0.642323 0.639581 0.638394 0.638746 0.640644 0.644109 0.649184 0.655932 0.664440 0.674819 0.687208 0.701784 0.718760 0.738401 0.761030 0.787046 0.778273 0.770331 0.764372 0.760322 0.758131 0.757774 0.759245 0.762562 0.767767 0.774922 0.784119 0.795476 0.809145 0.825315 0.844220 0.866146 0.891447 0.920555 0.954004 0.992456 1.000000 0.879535 0.786665 0.713088 0.653537 0.604510 0.563588 0.529049 0.499633 0.474399 0.452629 0.433768 0.431662 0.432904 0.435205 0.438593 0.443110 0.448814 0.455778 0.464098 0.473890 0.485298 0.498500 0.513713 0.531203 0.551300 0.574417 0.601069 0.631910 0.667784 0.709788 0.759384 0.818551 0.890043 0.866552 0.837994 11557.000000 1.175819 0.713425
0.795325 0.814058 0.835758 0.860776 0.889547 0.922608 0.960625 0.961658 0.934516 0.910998 0.890728 0.873399 0.858760 0.846610 0.836787 0.829164 0.823644 0.820161 0.818670 0.819155 0.821621 0.826099 0.832642 0.841332 0.852281 0.860072 0.830325 0.804439 0.781946 0.762463 0.745680 0.731344 0.719249 0.709228 0.701149 0.694907 0.690423 0.687643 0.686533 0.687079 0.689287 0.693185 0.698821 0.706264 0.715610 0.726982 0.740533 0.756457 0.774988 0.796417 0.821099 0.849472 0.868335 0.852094 0.838432 0.827163 0.818138 0.811240 0.806385 0.803511 0.802584 0.803594 0.806551 0.811492 0.818478 0.827597 0.838965 0.852732 0.869088 0.888265 0.910550 0.936296 0.965935 1.000000 0.991972 0.945202 0.904725 0.869581 0.839011 0.812408 0.789283 0.769241 0.751957 0.737170 0.724666 0.714270 0.705846 0.699282 0.694497 0.691432 0.690049 0.690331 0.692281 0.695924 0.701304 0.708488 0.717567 0.728660 0.741917 0.757524 0.775710 0.796758 0.821013 0.848900 0.880946 0.917803 0.921196 0.888318 0.859706 0.834829 0.813254 0.794633 0.778680 0.765161 0.753889 0.744712 0.737512 0.732196 0.728699 0.726979 0.727014 0.728805 0.732373 0.737763 0.745041 0.754299 0.765657 0.779269 501.500000 1.188162 0.844129
0.645554 0.655624 0.667646 0.681791 0.698267 0.717330 0.682595 0.649713 0.621281 0.596610 0.575157 0.556486 0.540251 0.526167 0.514006 0.503581 0.494738 0.487353 0.481329 0.476586 0.473188 0.475369 0.478729 0.483309 0.489167 0.496380 0.505043 0.515278 0.527233 0.541090 0.557073 0.575457 0.596583 0.620872 0.623856 0.625027 0.627717 0.631960 0.637807 0.645333 0.654635 0.665836 0.679091 0.694592 0.712575 0.733326 0.757202 0.784638 0.816178 0.852499 0.894458 0.943152 1.000000 0.898123 0.814802 0.747275 0.691623 0.645132 0.605865 0.572404 0.543686 0.518903 0.497427 0.479014 0.464130 0.451198 0.439997 0.430352 0.422115 0.415168 0.409418 0.404786 0.401213 0.398655 0.397080 0.396469 0.396814 0.398119 0.400401 0.403688 0.410290 0.424382 0.440575 0.459204 0.480686 0.505554 0.534494 0.568401 0.608466 0.656308 0.714184 0.785329 0.802685 0.778760 0.757992 0.740040 0.724624 0.711516 0.700531 0.691521 0.684368 0.678980 0.675291 0.673254 0.672846 0.674061 0.676915 0.681441 0.687696 0.695758 0.705733 0.717751 0.708559 0.690676 0.675260 0.662077 0.650937 0.641686 0.634201 0.628385 0.624165 0.621488 0.620322 0.620653 0.622484 0.625839 0.630757 0.637301 6602.500000 1.174768 0.703610
0.878879 0.839312 0.805010 0.775197 0.749253 0.726683 0.707087 0.690139 0.675574 0.663176 0.652769 0.644211 0.637391 0.632220 0.628635 0.626591 0.626064 0.627048 0.629553 0.633611 0.639272 0.646606 0.655709 0.666701 0.679733 0.694992 0.712709 0.733165 0.756707 0.783761 0.814858 0.850658 0.850220 0.808893 0.773173 0.742187 0.715246 0.691800 0.671409 0.653715 0.638428 0.625312 0.614174 0.604858 0.597237 0.591212 0.586707 0.583665 0.582050 0.581842 0.583038 0.585652 0.589717 0.595284 0.602421 0.611222 0.621804 0.634314 0.648933 0.665884 0.685440 0.707936 0.733787 0.763506 0.797738 0.837294 0.883217 0.936858 1.000000 0.940531 0.889288 0.845272 0.807261 0.774306 0.745662 0.720737 0.699053 0.680227 0.663946 0.649955 0.638047 0.628053 0.619838 0.613294 0.608336 0.604903 0.602954 0.602463 0.603426 0.605854 0.609777 0.615242 0.622319 0.631099 0.641698 0.654262 0.668972 0.686050 0.705767 0.728457 0.754534 0.753427 0.733186 0.715682 0.700644 0.687847 0.677111 0.668291 0.661270 0.655958 0.652291 0.650222 0.649726 0.650797 0.653449 0.657714 0.663644 0.671314 0.680822 0.692296 0.705892 0.721807 0.740281 0.761608 0.786151 0.814355 0.846774 0.884100 8866.000000 1.159793 0.764970
0.932986 0.854240 0.789506 0.735539 0.690034 0.651309 0.618110 0.589482 0.564689 0.543153 0.524416 0.508112 0.493945 0.481676 0.471109 0.462085 0.454474 0.448173 0.443096 0.439179 0.436373 0.434644 0.433969 0.434341 0.435764 0.438256 0.441847 0.446582 0.452522 0.459745 0.468348 0.478454 0.490213 0.503809 0.519467 0.537467 0.558151 0.581949 0.609401 0.641192 0.678206 0.721600 0.772916 0.834253 0.908542 1.000000 0.943619 0.870642 0.809954 0.758884 0.715494 0.678343 0.646340 0.618644 0.594597 0.573681 0.555478 0.539655 0.525941 0.514114 0.503995 0.495437 0.488322 0.482554 0.478059 0.474780 0.472677 0.471724 0.471909 0.473235 0.475718 0.479388 0.484290 0.490488 0.498062 0.507114 0.517772 0.530193 0.544568 0.561133 0.580180 0.602066 0.627239 0.656259 0.689837 0.728886 0.774600 0.828561 0.851141 0.799023 0.754633 0.716550 0.683695 0.655230 0.630498 0.608980 0.590256 0.573992 0.559912 0.547795 0.537458 0.528754 0.521565 0.515794 0.511367 0.508231 0.506344 0.505686 0.506247 0.508035 0.511071 0.515392 0.521053 0.528127 0.536706 0.546907 0.558876 0.572792 0.588873 0.607389 0.628670 0.653128 0.681273 0.713751 0.751380 0.795220 0.846660 0.907552 6519.000000 1.196542 0.597334
0.877489 1.000000 0.945596 0.842503 0.761333 0.695959 0.642349 0.597745 0.560194 0.528281 0.500949 0.477400 0.457017 0.439318 0.423922 0.410524 0.398879 0.388787 0.380086 0.372644 0.366354 0.361127 0.356896 0.353605 0.351212 0.349688 0.349014 0.349183 0.350196 0.352065 0.354814 0.358476 0.363099 0.368742 0.375483 0.383415 0.392656 0.403350 0.415671 0.429837 0.446115 0.464839 0.486426 0.511409 0.540468 0.574497 0.614679 0.662620 0.709118 0.678746 0.652376 0.629437 0.609476 0.592124 0.577085 0.564116 0.553020 0.543637 0.535836 0.529513 0.524587 0.520995 0.518693 0.517653 0.517862 0.519324 0.522054 0.526088 0.531474 0.538282 0.546601 0.556543 0.568248 0.581887 0.597672 0.615863 0.636778 0.660812 0.688454 0.720321 0.757194 0.756302 0.687332 0.631283 0.584990 0.546248 0.513479 0.485523 0.461508 0.440769 0.422788 0.407159 0.393558 0.381727 0.371455 0.362572 0.354939 0.348443 0.342992 0.338512 0.334944 0.332242 0.330373 0.329314 0.329052 0.329584 0.330915 0.333064 0.336055 0.339927 0.344729 0.350525 0.357396 0.365439 0.374776 0.385556 0.397961 0.412217 0.428604 0.447470 0.469256 0.494524 0.524003 0.558650 0.599750 0.649066 0.709079 0.783401 2678.500000 1.684165 0.549218
0.933954 0.909547 0.888470 0.870396 0.855062 0.842252 0.831795 0.823555 0.817426 0.813332 0.811224 0.811075 0.812885 0.816674 0.822490 0.830404 0.840516 0.852958 0.867896 0.885538 0.906140 0.930017 0.957556 0.989232 1.000000 0.974834 0.953144 0.934600 0.918936 0.905934 0.895423 0.887265 0.881359 0.877631 0.876037 0.876556 0.879195 0.883986 0.890987 0.900286 0.912003 0.926288 0.943338 0.919923 0.897939 0.879049 0.862973 0.849485 0.838400 0.829574 0.822894 0.818276 0.815663 0.815024 0.816352 0.819661 0.824993 0.832413 0.842016 0.853923 0.868293 0.885325 0.905263 0.928408 0.955129 0.950974 0.925765 0.903979 0.885279 0.869389 0.856085 0.845188 0.836554 0.830075 0.825669 0.823283 0.822887 0.824476 0.828071 0.833714 0.841476 0.851454 0.863778 0.878611 0.896159 0.916676 0.935612 0.923037 0.912965 0.905268 0.899850 0.896643 0.895609 0.896735 0.900035 0.905549 0.913345 0.923521 0.936206 0.951569 0.969821 0.991220 0.980391 0.949124 0.921943 0.898379 0.878052 0.860652 0.845926 0.833671 0.823722 0.815950 0.810257 0.806572 0.804851 0.805073 0.807240 0.811379 0.817540 0.825800 0.836264 0.849068 0.864385 0.882430 0.903467 0.927821 0.955892 0.962089 1083.500000 1.126668 0.897845
0.880735 0.829907 0.786417 0.748972 0.716579 0.688462 0.664007 0.642725 0.624222 0.608179 0.594336 0.582481 0.572441 0.564078 0.557279 0.551955 0.548041 0.545486 0.544260 0.544348 0.545751 0.548486 0.552586 0.558103 0.565106 0.573687 0.579858 0.573103 0.567856 0.564050 0.561639 0.560594 0.560901 0.562564 0.565604 0.570058 0.575981 0.583449 0.592560 0.603436 0.616231 0.631134 0.648376 0.668242 0.691082 0.717327 0.747516 0.782325 0.822613 0.869484 0.842904 0.811215 0.783641 0.759651 0.738812 0.720776 0.705259 0.692027 0.680893 0.671704 0.664339 0.658703 0.654727 0.652360 0.651574 0.652360 0.654727 0.658703 0.664339 0.671704 0.680893 0.692027 0.705259 0.720776 0.738812 0.759651 0.763496 0.734164 0.708646 0.686441 0.667143 0.650425 0.636019 0.623707 0.613313 0.604692 0.597730 0.592337 0.588446 0.586008 0.584993 0.585390 0.587203 0.590454 0.595183 0.601450 0.609333 0.618936 0.626294 0.613792 0.603204 0.594383 0.587211 0.581594 0.577461 0.574762 0.573463 0.573548 0.575019 0.577893 0.582205 0.588010 0.595380 0.604412 0.615228 0.627977 0.642848 0.660069 0.679921 0.702750 0.728982 0.759148 0.793914 0.834123 0.880857 0.935527 1.000000 0.940608 1574.000000 1.264428 0.779030
0.723933 0.665689 0.617496 0.577106 0.542903 0.513696 0.488587 0.466892 0.448074 0.431715 0.417478 0.405095 0.394348 0.385061 0.377088 0.370313 0.364640 0.359992 0.356309 0.353543 0.351661 0.350639 0.350464 0.351136 0.352661 0.355058 0.358358 0.362601 0.367843 0.374153 0.381619 0.390348 0.400474 0.412158 0.425600 0.441047 0.458805 0.479255 0.502882 0.530302 0.562319 0.599988 0.644731 0.698503 0.764069 0.845466 0.846183 0.794136 0.749822 0.711817 0.679035 0.650639 0.625969 0.604506 0.585829 0.569604 0.555555 0.543460 0.533138 0.524440 0.517247 0.511465 0.507019 0.503852 0.501927 0.501219 0.501720 0.503436 0.506388 0.510612 0.516161 0.523107 0.531539 0.541574 0.553354 0.567055 0.582890 0.601126 0.622086 0.646174 0.673891 0.705869 0.684696 0.642534 0.606640 0.575858 0.549308 0.526311 0.506332 0.488950 0.473825 0.460685 0.449306 0.439510 0.431148 0.424101 0.418272 0.413584 0.409977 0.407405 0.405837 0.405253 0.405647 0.407023 0.409398 0.412801 0.417275 0.422877 0.429681 0.437779 0.447286 0.458345 0.471127 0.485847 0.502767 0.522212 0.544585 0.570397 0.600296 0.635118 0.675956 0.724273 0.782057 0.852092 0.938387 1.000000 0.885004 0.795447 3421.000000 1.520066 0.566711
1.000000 0.965281 0.931769 0.902608 0.877265 0.855312 0.836395 0.820231 0.806586 0.795272 0.786139 0.779069 0.773972 0.770787 0.769474 0.770018 0.772424 0.776722 0.782966 0.791232 0.801626 0.814285 0.829380 0.847125 0.867781 0.891673 0.919194 0.910844 0.886418 0.865298 0.847154 0.831718 0.818772 0.808139 0.799681 0.793290 0.788885 0.786413 0.785844 0.787170 0.790408 0.795598 0.802803 0.812114 0.823651 0.837568 0.854056 0.873352 0.895748 0.921602 0.947754 0.918134 0.892393 0.870096 0.850886 0.834472 0.820619 0.809137 0.799871 0.792703 0.787543 0.784327 0.783016 0.783594 0.786068 0.790468 0.796848 0.805287 0.815894 0.828807 0.844202 0.862296 0.883358 0.907716 0.935774 0.946864 0.916226 0.889585 0.866477 0.846527 0.829429 0.814932 0.802833 0.792972 0.785218 0.779474 0.775668 0.773755 0.773710 0.775534 0.779247 0.784897 0.792552 0.802310 0.814298 0.828675 0.845644 0.865450 0.888398 0.914860 0.945294 0.940048 0.909088 0.882160 0.858791 0.838596 0.821262 0.806534 0.794205 0.784107 0.776109 0.770109 0.766032 0.763829 0.763473 0.764958 0.768304 0.773552 0.780765 0.790035 0.801482 0.815259 0.831555 0.850608 0.872706 0.898204 0.927539 0.961248 3766.500000 1.014088 0.862438
0.656402 0.707885 0.770143 0.846645 0.942543 0.911793 0.847530 0.793514 0.747665 0.708438 0.674667 0.645452 0.620095 0.598041 0.578849 0.562162 0.547693 0.535207 0.524513 0.515455 0.507908 0.501770 0.496962 0.493422 0.491107 0.489989 0.490053 0.491301 0.493749 0.497425 0.502375 0.508663 0.516370 0.525600 0.536481 0.549174 0.563873 0.580819 0.600305 0.622697 0.648447 0.678122 0.712442 0.735994 0.693871 0.657807 0.626742 0.599859 0.576519 0.556217 0.538549 0.523191 0.509879 0.498399 0.488575 0.480265 0.473355 0.467752 0.463383 0.460193 0.458143 0.457208 0.457376 0.458650 0.461045 0.464589 0.469329 0.475322 0.482649 0.491407 0.501721 0.513740 0.527652 0.543685 0.562119 0.583301 0.607664 0.635749 0.668243 0.706031 0.750264 0.802473 0.864730 0.939915 1.000000 0.891675 0.806277 0.737428 0.680924 0.633880 0.594257 0.560566 0.531703 0.506827 0.485293 0.466591 0.450323 0.436165 0.423861 0.413200 0.404012 0.396157 0.389522 0.384016 0.379565 0.376111 0.373612 0.372036 0.371364 0.371589 0.372711 0.374747 0.377719 0.381666 0.386638 0.392699 0.399932 0.408439 0.418346 0.429806 0.443010 0.458188 0.475631 0.495695 0.518832 0.545613 0.576775 0.613278 3287.500000 1.439397 0.574896
0.689552 0.700711 0.713985 0.729563 0.727993 0.703401 0.682005 0.663424 0.647347 0.633520 0.621738 0.611834 0.603672 0.597144 0.592167 0.588679 0.586637 0.586015 0.586808 0.589023 0.592688 0.597849 0.604569 0.612936 0.623060 0.635079 0.649166 0.665531 0.684435 0.706194 0.731203 0.759945 0.790856 0.787664 0.786384 0.787002 0.789524 0.793981 0.800427 0.808945 0.819641 0.832657 0.848168 0.866396 0.887610 0.912141 0.939312 0.891320 0.849942 0.814109 0.782985 0.755908 0.732346 0.711871 0.694137 0.678861 0.665812 0.654803 0.645683 0.638329 0.632649 0.628569 0.626040 0.625031 0.625530 0.627543 0.631094 0.636227 0.643005 0.651517 0.661872 0.674213 0.688713 0.705587 0.702062 0.682556 0.665665 0.651120 0.638703 0.628236 0.619576 0.612606 0.607238 0.603405 0.601058 0.600170 0.600729 0.602743 0.606236 0.611251 0.617850 0.626119 0.636165 0.648125 0.662169 0.678507 0.697393 0.719144 0.744145 0.772876 0.805934 0.844070 0.888242 0.939680 1.000000 0.986834 0.936926 0.893872 0.856575 0.824171 0.795977 0.771446 0.750134 0.731683 0.715802 0.702251 0.690837 0.681403 0.673825 0.668005 0.663871 0.661371 0.660474 0.661171 0.663470 0.667397 0.673003 0.680357 3474.500000 1.424409 0.808741
0.953554 1.000000 0.944835 0.897487 0.856624 0.821212 0.790439 0.763664 0.740367 0.720134 0.702625 0.687564 0.674727 0.663930 0.655026 0.647899 0.642456 0.638629 0.636372 0.635656 0.636474 0.638835 0.634112 0.624514 0.616666 0.610465 0.605833 0.602711 0.601062 0.600866 0.602120 0.604839 0.609057 0.614825 0.622217 0.631329 0.642282 0.655228 0.670354 0.687892 0.708124 0.731397 0.758141 0.788888 0.810880 0.796632 0.784735 0.775027 0.767382 0.761704 0.757922 0.755990 0.755883 0.757602 0.761166 0.766620 0.774030 0.783491 0.795125 0.809089 0.825576 0.844827 0.867136 0.886017 0.852596 0.823517 0.798216 0.776237 0.757211 0.740838 0.726872 0.715114 0.705402 0.697609 0.691634 0.687402 0.684862 0.683982 0.684752 0.687181 0.691298 0.697155 0.704825 0.714405 0.726023 0.739139 0.719887 0.703264 0.689013 0.676927 0.666837 0.658606 0.652128 0.647320 0.644123 0.642498 0.642425 0.643902 0.646949 0.651602 0.657919 0.665979 0.675888 0.687778 0.701815 0.718204 0.726113 0.715428 0.706731 0.699909 0.694875 0.691567 0.689945 0.689989 0.691699 0.695097 0.700223 0.707141 0.715940 0.726733 0.739666 0.754919 0.772715 0.793328 0.817093 0.844423 0.875827 0.911940 6545.500000 1.216222 0.853005
0.787196 0.767779 0.742459 0.720435 0.701321 0.684803 0.670623 0.658573 0.648483 0.640216 0.633665 0.628746 0.625398 0.623579 0.623268 0.624461 0.627173 0.631436 0.637303 0.644849 0.654169 0.665390 0.678666 0.694189 0.712195 0.732972 0.756877 0.784346 0.815924 0.852291 0.894305 0.943067 1.000000 0.968664 0.901792 0.845462 0.797564 0.756527 0.721159 0.690539 0.663948 0.640815 0.620685 0.603190 0.588032 0.574969 0.563802 0.554370 0.546544 0.540219 0.535314 0.531767 0.529533 0.528586 0.528915 0.530523 0.533430 0.537671 0.543299 0.550387 0.559026 0.569335 0.581457 0.595574 0.611903 0.630716 0.652343 0.677196 0.689213 0.679841 0.672319 0.666549 0.662460 0.660002 0.659143 0.659874 0.662204 0.666161 0.671794 0.679173 0.688393 0.699575 0.712872 0.728473 0.746611 0.767572 0.791706 0.819446 0.851325 0.888011 0.930343 0.979391 0.963128 0.900317 0.847112 0.801669 0.762597 0.728830 0.699541 0.674076 0.651915 0.632641 0.615914 0.601461 0.589058 0.578521 0.569703 0.562484 0.556771 0.552490 0.549588 0.548030 0.547797 0.548885 0.551309 0.555098 0.560298 0.566975 0.575216 0.585130 0.596855 0.610561 0.626455 0.644794 0.665892 0.690136 0.718007 0.750107 5807.000000 1.410216 0.732677
0.643794 0.638588 0.620187 0.604231 0.590463 0.578671 0.568684 0.560363 0.553596 0.548296 0.544396 0.541847 0.540618 0.540694 0.542076 0.544781 0.548842 0.554309 0.561253 0.569762 0.579952 0.591965 0.605977 0.622204 0.640911 0.662422 0.687140 0.715565 0.748324 0.786212 0.830247 0.881758 0.924322 0.879813 0.841328 0.807933 0.778892 0.753620 0.731643 0.712579 0.696119 0.682007 0.670038 0.660045 0.651893 0.645476 0.640712 0.637543 0.635930 0.635853 0.637310 0.640321 0.644921 0.651168 0.659141 0.668943 0.680705 0.694592 0.710805 0.729593 0.751259 0.776180 0.804815 0.794471 0.751092 0.713835 0.681664 0.653775 0.629535 0.608442 0.590092 0.574159 0.560378 0.548534 0.538451 0.529985 0.523022 0.517470 0.513258 0.510334 0.508661 0.508219 0.509004 0.511024 0.514304 0.518884 0.524822 0.532195 0.541100 0.551660 0.564026 0.578385 0.594964 0.614045 0.635973 0.661177 0.690192 0.723695 0.762547 0.807863 0.861112 0.924259 1.000000 0.982043 0.925815 0.877677 0.836212 0.800330 0.769177 0.742079 0.718498 0.697999 0.680230 0.664906 0.651793 0.640700 0.631475 0.623993 0.618159 0.613897 0.611156 0.609903 0.610121 0.611814 0.615002 0.619725 0.626040 0.634028 5970.000000 1.380623 0.728626
0.751924 0.727674 0.706589 0.688303 0.672519 0.658994 0.647532 0.637972 0.630187 0.624075 0.619558 0.616581 0.615108 0.615119 0.616616 0.619617 0.624158 0.630296 0.638108 0.647697 0.659190 0.672748 0.688570 0.706897 0.728029 0.752332 0.780257 0.812368 0.849370 0.892155 0.941868 1.000000 0.957952 0.908993 0.866782 0.830229 0.798479 0.770858 0.746822 0.725936 0.707845 0.692261 0.678949 0.667717 0.658412 0.650909 0.645111 0.640946 0.638363 0.637330 0.637834 0.639881 0.643498 0.648726 0.655633 0.664307 0.674860 0.687437 0.702216 0.719415 0.739303 0.762211 0.788544 0.818805 0.853620 0.893776 0.940273 0.933634 0.888520 0.849516 0.815675 0.786249 0.760641 0.738371 0.719050 0.702364 0.688055 0.675913 0.665768 0.657484 0.650952 0.646090 0.642838 0.641154 0.641020 0.642433 0.645411 0.649989 0.656226 0.664198 0.674011 0.685794 0.699713 0.715969 0.734810 0.756542 0.781539 0.810262 0.843287 0.854509 0.829901 0.808564 0.790153 0.774385 0.761032 0.749907 0.740862 0.733780 0.728570 0.725168 0.723533 0.723645 0.725504 0.729135 0.734580 0.741908 0.751212 0.762613 0.776264 0.792356 0.811125 0.832860 0.857915 0.886727 0.891434 0.848747 0.811829 0.779788 13923.000000 1.068407 0.770237
0.802422 0.781080 0.762634 0.746797 0.733335 0.722058 0.712814 0.705482 0.699968 0.696204 0.694143 0.693761 0.695053 0.698035 0.702742 0.709234 0.717592 0.727923 0.740366 0.743846 0.743977 0.745906 0.749656 0.755272 0.762824 0.772409 0.784150 0.798207 0.814776 0.834099 0.856474 0.882267 0.911927 0.908828 0.871136 0.838385 0.809888 0.785093 0.763557 0.744917 0.728880 0.715205 0.703698 0.694201 0.686590 0.682702 0.680820 0.680584 0.681991 0.685057 0.689820 0.696339 0.704696 0.715000 0.727388 0.742032 0.759144 0.778985 0.801875 0.828206 0.858464 0.893249 0.933316 0.979617 1.000000 0.964358 0.933340 0.906372 0.882985 0.862801 0.845511 0.830862 0.818651 0.808713 0.800921 0.795174 0.791402 0.789559 0.789623 0.791593 0.781336 0.757470 0.736741 0.718802 0.703371 0.690215 0.679149 0.670021 0.662710 0.657123 0.653190 0.650862 0.650111 0.650929 0.653324 0.657327 0.662986 0.670372 0.679580 0.690732 0.702818 0.706944 0.712848 0.720601 0.730303 0.742082 0.756099 0.772553 0.791688 0.813805 0.839274 0.868549 0.902191 0.940903 0.968695 0.945436 0.925444 0.908424 0.894134 0.882379 0.873004 0.865892 0.860951 0.858122 0.857370 0.858687 0.855280 0.827011 7760.500000 1.132748 0.849366
0.885213 1.000000 0.888110 0.789461 0.712081 0.649941 0.599104 0.556887 0.521401 0.491280 0.465509 0.443321 0.424128 0.407469 0.392979 0.380370 0.369407 0.359901 0.351698 0.344673 0.338722 0.333764 0.329732 0.326574 0.324249 0.322729 0.321996 0.322039 0.322861 0.324471 0.326888 0.330143 0.334276 0.339342 0.345410 0.352563 0.360906 0.370568 0.381706 0.394515 0.409233 0.426159 0.445665 0.468224 0.494444 0.525114 0.561283 0.604366 0.656325 0.719957 0.780510 0.737917 0.701335 0.669745 0.642360 0.618557 0.597845 0.579826 0.564181 0.550649 0.539020 0.529120 0.520810 0.513975 0.508527 0.504395 0.501528 0.499891 0.499465 0.500243 0.502235 0.505466 0.509975 0.515819 0.523074 0.531835 0.542223 0.554387 0.568510 0.584817 0.603585 0.625153 0.649943 0.678483 0.646552 0.601621 0.563798 0.531655 0.504129 0.480412 0.459885 0.442062 0.426558 0.413066 0.401339 0.391175 0.382412 0.374916 0.368580 0.363315 0.359051 0.355733 0.353319 0.351779 0.351095 0.351258 0.352270 0.354144 0.356902 0.360579 0.365222 0.370890 0.377662 0.385632 0.394917 0.405663 0.418044 0.432279 0.448637 0.467451 0.489143 0.514246 0.543444 0.577632 0.618000 0.666159 0.724352 0.795784 6361.000000 1.652678 0.552510
0.854472 0.802436 0.758095 0.720042 0.687203 0.658746 0.634019 0.612503 0.593783 0.577524 0.563453 0.551347 0.541027 0.532345 0.525182 0.519445 0.515058 0.511969 0.510138 0.509543 0.510177 0.512047 0.515177 0.519606 0.525387 0.532596 0.541328 0.551703 0.563867 0.578005 0.594338 0.605753 0.588957 0.574414 0.561892 0.551205 0.542198 0.534749 0.528758 0.524148 0.520862 0.518859 0.518115 0.518621 0.520382 0.523421 0.527774 0.533497 0.540662 0.549363 0.559719 0.571878 0.586019 0.602366 0.621190 0.642827 0.667693 0.696305 0.729314 0.767549 0.812081 0.864308 0.926099 1.000000 0.929987 0.867204 0.814199 0.769047 0.730306 0.696880 0.667918 0.642754 0.620859 0.601808 0.585259 0.570935 0.558609 0.548097 0.539248 0.531941 0.526080 0.521590 0.518414 0.516513 0.515864 0.516460 0.518307 0.521428 0.525861 0.531662 0.538906 0.547687 0.558126 0.570371 0.563023 0.549393 0.537672 0.527685 0.519290 0.512374 0.506844 0.502630 0.499680 0.497957 0.497440 0.498122 0.500013 0.503135 0.507527 0.513243 0.520357 0.528963 0.539180 0.551153 0.565062 0.581128 0.599621 0.620874 0.645301 0.673417 0.705873 0.743498 0.787364 0.838877 0.899923 0.973079 0.989845 0.916086 1524.000000 1.709633 0.682798
0.620959 0.633548 0.648253 0.645906 0.619634 0.596797 0.576924 0.559636 0.544628 0.531652 0.520504 0.511020 0.503066 0.496533 0.491337 0.487410 0.484703 0.483185 0.482835 0.483650 0.485640 0.488829 0.493256 0.498977 0.501193 0.496321 0.492718 0.490340 0.489158 0.489157 0.490337 0.492712 0.496313 0.501182 0.507383 0.514995 0.524121 0.534888 0.547453 0.562009 0.578793 0.598096 0.620276 0.645780 0.675168 0.709148 0.748629 0.794792 0.849203 0.913975 0.992031 1.000000 0.900403 0.820646 0.755541 0.701573 0.656276 0.617872 0.585045 0.556805 0.532388 0.511203 0.492781 0.476750 0.462808 0.450713 0.440269 0.431312 0.423714 0.417366 0.412185 0.408101 0.405064 0.403035 0.401990 0.401917 0.402814 0.404691 0.403109 0.402151 0.402164 0.403149 0.405116 0.408091 0.412110 0.417224 0.423499 0.431021 0.439893 0.450246 0.462238 0.476065 0.491966 0.510238 0.531249 0.555459 0.583455 0.615986 0.654026 0.698869 0.752259 0.816612 0.895363 0.893355 0.845809 0.804910 0.769551 0.738874 0.712198 0.688984 0.668796 0.651281 0.636154 0.623180 0.612171 0.602971 0.595457 0.589530 0.585116 0.582160 0.580625 0.580493 0.581763 0.584449 0.588584 0.594220 0.601428 0.610301 9784.000000 1.525564 0.650063
0.765458 0.748007 0.733061 0.720403 0.709855 0.701276 0.694556 0.689609 0.686373 0.684810 0.684900 0.686645 0.690065 0.695203 0.702122 0.710909 0.721681 0.734580 0.749788 0.767528 0.788072 0.773641 0.751242 0.731817 0.715050 0.700684 0.688510 0.678359 0.670093 0.663605 0.658814 0.655660 0.654105 0.654128 0.655732 0.658934 0.663776 0.670315 0.678636 0.688846 0.701083 0.715518 0.732361 0.748675 0.748364 0.749859 0.753178 0.758362 0.765474 0.774605 0.785872 0.799427 0.815456 0.834192 0.855919 0.880988 0.909827 0.942967 0.981066 1.000000 0.944070 0.896110 0.854747 0.818919 0.787796 0.760717 0.737155 0.716684 0.698957 0.683693 0.670662 0.659679 0.650591 0.643280 0.637650 0.633630 0.631172 0.630246 0.630840 0.632961 0.634810 0.635576 0.637882 0.641756 0.647247 0.654422 0.663375 0.674223 0.687114 0.702232 0.719804 0.740106 0.743943 0.736292 0.730540 0.726613 0.724465 0.724068 0.725418 0.728532 0.733447 0.740225 0.748950 0.759735 0.772724 0.788096 0.802710 0.792694 0.784792 0.778904 0.774957 0.772902 0.772714 0.774392 0.777956 0.783448 0.790938 0.800519 0.812316 0.826487 0.843229 0.862784 0.885452 0.902087 0.866648 0.835825 0.809002 0.785680 4652.500000 1.191433 0.860667
0.615142 0.617742 0.616084 0.615915 0.617232 0.620052 0.624408 0.630356 0.637970 0.647349 0.658618 0.671933 0.687489 0.705521 0.726322 0.750250 0.777745 0.809355 0.845768 0.887852 0.936718 0.993809 1.000000 0.942226 0.892797 0.850241 0.813428 0.781475 0.753685 0.729500 0.708473 0.690240 0.674507 0.661031 0.649618 0.640109 0.632375 0.626316 0.621857 0.618941 0.602296 0.586517 0.572888 0.561200 0.551280 0.542991 0.536219 0.530878 0.526899 0.524233 0.522846 0.522723 0.523862 0.526277 0.529996 0.535067 0.541553 0.549538 0.559129 0.570460 0.583695 0.599035 0.616730 0.637084 0.660472 0.687362 0.693841 0.685318 0.678617 0.673653 0.670364 0.668710 0.668672 0.670247 0.673457 0.678340 0.684956 0.693389 0.703749 0.716175 0.730839 0.747957 0.767789 0.790659 0.816961 0.847185 0.881937 0.921979 0.968273 0.976163 0.914619 0.862330 0.817559 0.778992 0.745615 0.716636 0.691429 0.669492 0.650424 0.633897 0.619644 0.607450 0.597137 0.588562 0.581612 0.576196 0.572245 0.569712 0.568565 0.568789 0.570389 0.573383 0.567354 0.559670 0.553507 0.548786 0.545448 0.543452 0.542773 0.543403 0.545350 0.548637 0.553305 0.559413 0.567038 0.576282 0.587270 0.600159 1746.500000 1.458098 0.775415
0.968873 0.994469 0.969279 0.936229 0.907473 0.882493 0.860870 0.842262 0.826389 0.813027 0.801991 0.793136 0.786348 0.781542 0.778659 0.777663 0.778544 0.781310 0.785997 0.792662 0.801387 0.812285 0.825500 0.841213 0.847036 0.834654 0.824587 0.816704 0.810905 0.807119 0.805299 0.805423 0.807493 0.811534 0.817595 0.825751 0.836106 0.848795 0.863989 0.881900 0.902790 0.926981 0.954868 0.986936 0.966657 0.943237 0.923096 0.905934 0.891507 0.879619 0.870112 0.862864 0.857786 0.854814 0.853913 0.855072 0.858304 0.863650 0.871174 0.880972 0.893168 0.907925 0.925445 0.945978 0.969832 0.951458 0.928205 0.908197 0.891135 0.876776 0.864923 0.855419 0.848143 0.843003 0.839936 0.838906 0.839898 0.842927 0.848027 0.855263 0.864724 0.876532 0.866709 0.844411 0.825170 0.808690 0.794734 0.783105 0.773649 0.766242 0.760791 0.757229 0.755511 0.755617 0.757549 0.761329 0.767005 0.774645 0.784348 0.796240 0.810481 0.827269 0.846851 0.869528 0.895670 0.925732 0.960276 1.000000 0.997496 0.971493 0.949039 0.929789 0.913462 0.899828 0.888705 0.879948 0.873445 0.869116 0.866907 0.866793 0.868772 0.872867 0.879129 0.887635 0.898493 0.911844 0.927867 0.946785 540.500000 1.108118 0.892300
0.653262 0.642085 0.632783 0.625231 0.619332 0.615011 0.612214 0.610908 0.611076 0.612721 0.615863 0.620539 0.626809 0.634751 0.644470 0.656096 0.669793 0.685761 0.704247 0.725553 0.750052 0.778204 0.810581 0.847899 0.891070 0.941263 1.000000 0.968002 0.910411 0.861246 0.818992 0.782486 0.750828 0.723306 0.699356 0.678524 0.660441 0.644811 0.631389 0.619978 0.610416 0.602574 0.596350 0.591664 0.588457 0.586691 0.586344 0.587411 0.589906 0.593859 0.599319 0.606354 0.615056 0.625541 0.637952 0.652470 0.669314 0.688754 0.711121 0.736824 0.766371 0.800395 0.839697 0.885301 0.938535 0.964545 0.911103 0.865247 0.825680 0.791397 0.761608 0.735689 0.713137 0.693548 0.676593 0.662004 0.649562 0.639091 0.630447 0.623515 0.618207 0.614457 0.612218 0.611463 0.612183 0.614386 0.618100 0.623370 0.630261 0.638863 0.649289 0.661682 0.676217 0.693113 0.712636 0.735112 0.760945 0.790634 0.824802 0.864232 0.877603 0.848674 0.823513 0.801676 0.782805 0.766605 0.752840 0.741315 0.731874 0.724393 0.718778 0.714958 0.712887 0.712540 0.713912 0.717020 0.721902 0.728618 0.737253 0.747919 0.760758 0.775946 0.771418 0.744147 0.720415 0.699784 0.681898 0.666469 909.500000 1.049258 0.748688
0.836924 0.871438 0.911210 0.957203 0.945126 0.904936 0.870035 0.839674 0.813254 0.790292 0.770395 0.753246 0.738584 0.726199 0.715918 0.707605 0.701152 0.696479 0.693528 0.692262 0.692666 0.694746 0.686876 0.668099 0.651849 0.637872 0.625958 0.615937 0.607673 0.601057 0.596003 0.592449 0.590352 0.589684 0.590439 0.592625 0.596269 0.601417 0.608131 0.616500 0.626632 0.638667 0.652778 0.669174 0.686545 0.677227 0.669749 0.664018 0.659960 0.657525 0.656685 0.657429 0.659766 0.663724 0.669352 0.676720 0.685923 0.697083 0.710351 0.725917 0.744013 0.764925 0.789001 0.816674 0.848476 0.885075 0.927308 0.976243 1.000000 0.945943 0.899486 0.859353 0.824549 0.794293 0.767964 0.745062 0.725183 0.707998 0.693240 0.680692 0.670175 0.661548 0.654697 0.649536 0.645999 0.644044 0.639803 0.628037 0.618157 0.610031 0.603550 0.598633 0.595217 0.593262 0.592742 0.593653 0.596004 0.599824 0.605162 0.612082 0.620676 0.631056 0.643366 0.657781 0.674520 0.693848 0.716092 0.706046 0.693803 0.683596 0.675289 0.668772 0.663965 0.660807 0.659259 0.659303 0.660940 0.664189 0.669090 0.675703 0.684113 0.694429 0.706790 0.721369 0.738377 0.758077 0.780790 0.806910 1332.500000 1.336007 0.821270
0.884084 0.857080 0.833625 0.813327 0.795866 0.780981 0.768459 0.758131 0.749858 0.743537 0.739086 0.736452 0.735603 0.736528 0.739239 0.743767 0.750171 0.758528 0.728261 0.696540 0.669011 0.645071 0.624237 0.606121 0.590409 0.576846 0.565223 0.555370 0.547151 0.540454 0.535194 0.531302 0.528731 0.527449 0.524987 0.522096 0.520484 0.520130 0.521032 0.523199 0.526659 0.531453 0.537643 0.545307 0.554549 0.565495 0.578303 0.593167 0.610324 0.630066 0.652754 0.678832 0.708860 0.743542 0.783778 0.830732 0.885942 0.951467 1.000000 0.966946 0.938195 0.913242 0.891673 0.873155 0.857414 0.844229 0.833420 0.824846 0.818398 0.813997 0.811587 0.811139 0.812649 0.816134 0.821638 0.793653 0.755207 0.721973 0.693140 0.668069 0.646251 0.627277 0.610814 0.596594 0.584397 0.574044 0.565389 0.558317 0.552734 0.548571 0.545775 0.544312 0.544164 0.545329 0.543988 0.543426 0.544175 0.546243 0.549657 0.554458 0.560706 0.568481 0.577887 0.589053 0.602138 0.617338 0.634894 0.637774 0.638801 0.641380 0.645541 0.651336 0.658837 0.668141 0.679372 0.692685 0.708270 0.726362 0.747250 0.771289 0.798914 0.830667 0.867225 0.909440 0.958402 0.991842 0.950792 0.915122 3828.500000 1.375333 0.795865
0.894850 0.868500 0.845637 0.825886 0.808940 0.794551 0.782518 0.772677 0.764901 0.759090 0.755172 0.753099 0.752846 0.754411 0.757811 0.763089 0.770310 0.779564 0.790972 0.804687 0.813934 0.800819 0.789992 0.781312 0.774666 0.769971 0.767171 0.766229 0.767136 0.769902 0.774561 0.781169 0.789811 0.800596 0.813667 0.829203 0.847425 0.868605 0.885500 0.859639 0.837206 0.817833 0.801224 0.787134 0.775366 0.765764 0.758200 0.752579 0.748832 0.746913 0.746798 0.748485 0.742279 0.733309 0.726281 0.721108 0.717725 0.716090 0.716185 0.718009 0.721585 0.726958 0.734193 0.743382 0.754645 0.768134 0.784037 0.802587 0.824069 0.848834 0.877312 0.910036 0.947668 0.991036 0.992357 0.954120 0.920857 0.891911 0.866753 0.844956 0.826170 0.810110 0.796545 0.785287 0.776187 0.769127 0.764018 0.760798 0.759426 0.759887 0.762185 0.766350 0.772431 0.780505 0.790674 0.803072 0.803816 0.782810 0.764669 0.749114 0.735916 0.724892 0.715892 0.708800 0.703525 0.700001 0.698187 0.698059 0.699616 0.701094 0.702887 0.706394 0.711660 0.718749 0.727752 0.738786 0.751999 0.767576 0.785745 0.806786 0.831041 0.858934 0.890985 0.927843 0.970320 1.000000 0.959960 0.925147 560.500000 1.052802 0.860591
0.936643 1.000000 0.987807 0.938665 0.896238 0.859461 0.827498 0.799685 0.775488 0.754477 0.736301 0.720676 0.707369 0.696191 0.686990 0.679645 0.674062 0.670172 0.667926 0.666275 0.640732 0.618511 0.599174 0.582370 0.567814 0.555273 0.544557 0.535512 0.528015 0.521964 0.517283 0.513912 0.511810 0.510950 0.511324 0.512934 0.515801 0.519961 0.525463 0.532380 0.540802 0.550843 0.562165 0.561906 0.563003 0.565469 0.569335 0.574648 0.581475 0.589904 0.600048 0.612047 0.626076 0.642346 0.661119 0.682717 0.707536 0.736068 0.768927 0.806893 0.850958 0.902415 0.962963 0.988128 0.941483 0.901116 0.866069 0.835584 0.809055 0.785994 0.766005 0.748767 0.734017 0.721541 0.711167 0.702756 0.696200 0.691415 0.688342 0.686944 0.687204 0.689125 0.692730 0.691880 0.665529 0.642603 0.622654 0.605321 0.590310 0.577383 0.566346 0.557039 0.549335 0.543132 0.538349 0.534928 0.532826 0.532016 0.532490 0.534253 0.537326 0.541748 0.547573 0.554876 0.563753 0.574325 0.586741 0.585197 0.582212 0.580649 0.580490 0.581731 0.584388 0.588494 0.594100 0.601276 0.610115 0.620735 0.633285 0.647945 0.664940 0.684545 0.707096 0.733009 0.762801 0.797119 0.836782 0.882836 937.500000 1.527366 0.776796
0.527039 0.535568 0.545713 0.557620 0.571466 0.587467 0.594939 0.595747 0.597999 0.601723 0.606965 0.613791 0.622289 0.632570 0.644777 0.659083 0.675702 0.694899 0.716997 0.742393 0.771582 0.805179 0.843960 0.888916 0.941327 1.000000 0.939134 0.887267 0.842753 0.804337 0.771048 0.742121 0.716951 0.695052 0.676031 0.659570 0.645410 0.633339 0.623184 0.614808 0.608100 0.602973 0.599364 0.597228 0.596539 0.597290 0.599488 0.603160 0.608353 0.615130 0.623580 0.633813 0.634641 0.620281 0.607989 0.597587 0.588929 0.581900 0.576410 0.572388 0.569785 0.568569 0.568725 0.570256 0.573180 0.577532 0.583367 0.590759 0.599804 0.610624 0.623371 0.638232 0.655436 0.675266 0.698067 0.724267 0.754399 0.762950 0.745316 0.730198 0.717376 0.706669 0.697933 0.691056 0.685949 0.682549 0.680815 0.680725 0.682279 0.685495 0.690413 0.697093 0.705620 0.716106 0.728689 0.743546 0.760892 0.780993 0.804176 0.830839 0.861478 0.896706 0.912832 0.850951 0.798729 0.754258 0.716112 0.683205 0.654698 0.629931 0.608382 0.589632 0.573343 0.559241 0.547102 0.536745 0.528021 0.520810 0.515018 0.510570 0.507410 0.505499 0.504814 0.505347 0.507104 0.510106 0.514390 0.520011 2043.000000 1.379520 0.774946
0.685182 0.666173 0.649714 0.635543 0.623447 0.613252 0.604819 0.598036 0.592816 0.589093 0.586821 0.585973 0.586538 0.588524 0.591954 0.596871 0.603335 0.611431 0.621263 0.632967 0.646708 0.662691 0.681166 0.702442 0.726898 0.755002 0.787340 0.824648 0.867862 0.918189 0.977212 0.972625 0.915207 0.866160 0.823987 0.787540 0.755924 0.728435 0.704514 0.683708 0.665654 0.650054 0.636667 0.625297 0.615783 0.607997 0.601837 0.597225 0.594104 0.592435 0.592198 0.593390 0.596025 0.600137 0.605775 0.613010 0.621938 0.632675 0.645372 0.660212 0.677421 0.697276 0.720117 0.746365 0.776539 0.745300 0.718139 0.694503 0.673946 0.656105 0.640688 0.627456 0.616214 0.606804 0.599099 0.592997 0.588422 0.585316 0.583641 0.583378 0.584522 0.587087 0.591106 0.596627 0.603721 0.612478 0.623016 0.635481 0.650053 0.666954 0.686454 0.708889 0.734669 0.764305 0.798438 0.837874 0.883648 0.937100 1.000000 0.956615 0.901810 0.854892 0.814480 0.779509 0.749148 0.722740 0.699758 0.679780 0.662462 0.647527 0.634745 0.623932 0.614938 0.607643 0.601951 0.597793 0.595115 0.593885 0.594089 0.595729 0.598824 0.603413 0.609552 0.617320 0.626819 0.638175 0.651549 0.667138 1584.000000 1.363749 0.741195
0.870327 0.907381 0.950121 0.944342 0.905572 0.871877 0.842557 0.817049 0.794898 0.775737 0.759263 0.745233 0.733447 0.723744 0.715997 0.700395 0.685879 0.673542 0.663210 0.654744 0.648032 0.642991 0.639556 0.637685 0.637357 0.638566 0.641328 0.645676 0.651664 0.659368 0.668887 0.680347 0.693908 0.709765 0.728159 0.744989 0.739913 0.736669 0.735216 0.735537 0.737637 0.741540 0.747294 0.754971 0.764669 0.776515 0.790668 0.807328 0.826739 0.849203 0.875089 0.904851 0.939050 0.978386 1.000000 0.941517 0.891526 0.848517 0.811332 0.779067 0.751010 0.726593 0.705360 0.686940 0.671033 0.657394 0.645824 0.636160 0.628272 0.622057 0.617437 0.614354 0.612771 0.612668 0.613007 0.613402 0.615281 0.618666 0.623599 0.630142 0.638378 0.648414 0.660388 0.674467 0.690861 0.709824 0.731670 0.756784 0.785644 0.818843 0.857127 0.901445 0.953017 0.996488 0.945227 0.901047 0.862797 0.829580 0.800684 0.775538 0.753684 0.734749 0.718430 0.704481 0.692701 0.682926 0.675027 0.668901 0.664472 0.661685 0.660505 0.660920 0.662932 0.666568 0.671872 0.677641 0.679837 0.683701 0.689278 0.696640 0.705879 0.717117 0.730508 0.746239 0.764546 0.785714 0.810095 0.838121 17298.500000 1.090336 0.782130
0.885246 0.845603 0.811229 0.781348 0.755346 0.732728 0.713092 0.696115 0.681530 0.669124 0.658719 0.650176 0.643381 0.638249 0.634714 0.632735 0.632286 0.633363 0.635979 0.640164 0.645972 0.653474 0.662768 0.673978 0.687257 0.702798 0.720834 0.741654 0.765612 0.793144 0.824791 0.861229 0.903313 0.906268 0.883934 0.864706 0.848298 0.834473 0.823043 0.813856 0.806794 0.801768 0.798717 0.797603 0.798413 0.801157 0.805868 0.812604 0.821449 0.832516 0.845951 0.861938 0.880703 0.902525 0.927749 0.938062 0.906904 0.879801 0.856273 0.835933 0.818462 0.803604 0.791147 0.780922 0.772797 0.766667 0.762456 0.760112 0.759607 0.760934 0.749362 0.726894 0.707388 0.690522 0.676032 0.663704 0.653363 0.644869 0.638111 0.633002 0.629479 0.627498 0.627035 0.628085 0.630660 0.634792 0.640532 0.647952 0.657147 0.668240 0.681384 0.696768 0.714623 0.735236 0.758956 0.786214 0.817546 0.853621 0.895284 0.943611 1.000000 0.992332 0.955671 0.923769 0.896017 0.871923 0.851087 0.833184 0.817949 0.805166 0.794661 0.786297 0.779966 0.775590 0.773115 0.772511 0.773771 0.776909 0.781964 0.788999 0.798101 0.809389 0.823012 0.839157 0.858057 0.879997 0.905326 0.931143 5071.000000 1.258802 0.823922
0.666655 0.677352 0.690087 0.705041 0.722437 0.742548 0.753883 0.725481 0.700767 0.679265 0.660586 0.644419 0.630506 0.618641 0.608653 0.600406 0.593790 0.588722 0.585137 0.582992 0.582259 0.582932 0.585017 0.588539 0.593543 0.600091 0.589654 0.577141 0.566484 0.557532 0.550164 0.544282 0.539811 0.536696 0.534897 0.534393 0.535179 0.537263 0.540671 0.545445 0.551645 0.559350 0.568663 0.579712 0.592654 0.593489 0.592877 0.593694 0.595952 0.599677 0.604915 0.611732 0.620216 0.630478 0.642661 0.656937 0.673521 0.692676 0.714725 0.740065 0.769190 0.802713 0.841411 0.886273 0.938576 1.000000 0.943628 0.851117 0.776830 0.716056 0.665589 0.623169 0.587163 0.556357 0.529835 0.506892 0.488145 0.476112 0.465752 0.456912 0.449463 0.443304 0.438353 0.434547 0.431838 0.430193 0.429591 0.430025 0.431500 0.434035 0.437661 0.442422 0.448380 0.455614 0.464221 0.474325 0.486075 0.499656 0.515296 0.533272 0.553930 0.577702 0.605128 0.636899 0.673904 0.717309 0.768670 0.830108 0.830449 0.798876 0.771406 0.747503 0.726736 0.708752 0.693266 0.680047 0.668903 0.659682 0.652262 0.646547 0.642466 0.639968 0.639023 0.639619 0.641764 0.645483 0.650823 0.657851 1925.000000 1.312159 0.717233
0.816932 0.771407 0.732360 0.698677 0.669499 0.644149 0.622093 0.602902 0.586229 0.571794 0.559368 0.548765 0.539833 0.532448 0.526515 0.521955 0.518713 0.516748 0.516037 0.516570 0.518354 0.521411 0.525779 0.531512 0.538683 0.547387 0.557742 0.569897 0.584031 0.600367 0.619178 0.640800 0.665648 0.694241 0.727231 0.765449 0.809965 0.862185 0.923982 0.997911 0.994110 0.907053 0.835867 0.776776 0.727125 0.684990 0.648949 0.617926 0.591092 0.567803 0.547548 0.529921 0.514595 0.501305 0.489833 0.480006 0.471679 0.464737 0.459086 0.454652 0.451381 0.449231 0.448176 0.448203 0.449312 0.451518 0.454846 0.459339 0.465053 0.472062 0.480461 0.490367 0.501925 0.515312 0.530747 0.548497 0.568893 0.592346 0.619373 0.650627 0.686945 0.729418 0.779491 0.839117 0.910996 0.998976 1.000000 0.925288 0.862897 0.810218 0.765338 0.726828 0.693599 0.664807 0.639790 0.618023 0.599083 0.582632 0.568393 0.556141 0.545693 0.536900 0.529641 0.523822 0.519366 0.516219 0.514341 0.513710 0.514318 0.516172 0.519295 0.523726 0.529520 0.536751 0.545514 0.555930 0.568147 0.582347 0.598754 0.617644 0.639355 0.664307 0.693023 0.726162 0.764564 0.809313 0.861832 0.870395 573.000000 1.215970 0.595884
0.625800 0.604841 0.586607 0.570776 0.557083 0.545315 0.535297 0.526886 0.519969 0.514455 0.510272 0.507370 0.505712 0.505278 0.506063 0.508076 0.511342 0.520948 0.532300 0.545502 0.560760 0.578331 0.598526 0.621735 0.648441 0.679254 0.714951 0.756531 0.805306 0.863026 0.932078 1.000000 0.957195 0.920029 0.887700 0.859566 0.835111 0.813916 0.795639 0.780003 0.766781 0.755790 0.746884 0.739947 0.734892 0.731656 0.730200 0.730506 0.732578 0.736441 0.742143 0.749753 0.743827 0.726049 0.710774 0.697775 0.686868 0.677904 0.670767 0.665364 0.661629 0.659516 0.658998 0.660071 0.644915 0.628062 0.613507 0.601027 0.590438 0.581593 0.574373 0.568682 0.564450 0.561623 0.560167 0.560065 0.561314 0.563931 0.567947 0.572824 0.574543 0.577669 0.582239 0.588310 0.595960 0.605289 0.616424 0.629521 0.644773 0.662419 0.682748 0.706120 0.732977 0.763871 0.799494 0.840727 0.888701 0.933537 0.903194 0.876808 0.853918 0.834151 0.817203 0.802826 0.790818 0.781017 0.773297 0.767559 0.763731 0.761768 0.761645 0.763361 0.766936 0.772415 0.779864 0.789379 0.784796 0.758990 0.736544 0.717066 0.700235 0.685790 0.673519 0.663249 0.654842 0.648187 0.643199 0.639818 7151.000000 1.200861 0.801771
0.638682 0.640543 0.636113 0.633259 0.631946 0.632158 0.633897 0.637186 0.642064 0.648592 0.656852 0.666953 0.679031 0.693255 0.709835 0.729026 0.751144 0.776576 0.805799 0.839408 0.878151 0.922975 0.975096 1.000000 0.974783 0.953045 0.934458 0.918753 0.905714 0.895165 0.886972 0.881030 0.877267 0.875637 0.876119 0.878720 0.873563 0.837717 0.806563 0.779453 0.755868 0.735389 0.717673 0.702443 0.689472 0.678577 0.669609 0.662450 0.657009 0.653217 0.651028 0.650415 0.651371 0.653908 0.658055 0.663866 0.671412 0.676194 0.682272 0.690138 0.699893 0.711667 0.725622 0.741958 0.760923 0.782817 0.808013 0.836968 0.865977 0.841088 0.819508 0.800890 0.784948 0.771450 0.760209 0.751074 0.743927 0.738678 0.735261 0.733635 0.733779 0.735697 0.739411 0.744966 0.752431 0.761902 0.773501 0.787386 0.803749 0.822832 0.844927 0.870397 0.867363 0.853333 0.841744 0.832445 0.825315 0.820266 0.817235 0.816185 0.817104 0.820003 0.824917 0.831906 0.841058 0.852490 0.866354 0.882837 0.902176 0.924658 0.897411 0.856540 0.821121 0.790344 0.763563 0.740263 0.720026 0.702514 0.687449 0.674609 0.663809 0.654902 0.647771 0.642325 0.638495 0.636233 0.635513 0.636327 1276.500000 1.180371 0.852402
0.739752 0.730477 0.723152 0.717684 0.714005 0.712070 0.711856 0.713361 0.716602 0.721618 0.728473 0.737252 0.748070 0.755661 0.738196 0.723223 0.710523 0.699918 0.691266 0.684454 0.679396 0.676029 0.674311 0.674222 0.675761 0.678947 0.683817 0.690434 0.692633 0.677893 0.665337 0.654786 0.646096 0.639154 0.633871 0.630179 0.628035 0.627412 0.628302 0.630716 0.634684 0.640254 0.647496 0.656504 0.667396 0.680323 0.695469 0.712531 0.715056 0.719338 0.725430 0.733408 0.743374 0.755460 0.769830 0.786690 0.806291 0.828941 0.855021 0.884995 0.919444 0.959086 1.000000 0.946669 0.900798 0.861146 0.826745 0.796833 0.770802 0.748163 0.728522 0.711555 0.697002 0.684648 0.674321 0.665881 0.659219 0.654248 0.650909 0.649159 0.644479 0.634507 0.626326 0.619826 0.614927 0.611566 0.609702 0.609313 0.610395 0.612959 0.617038 0.622682 0.629961 0.638970 0.646174 0.640898 0.637229 0.635124 0.634556 0.635519 0.638024 0.642102 0.647803 0.655199 0.664385 0.675482 0.688644 0.704058 0.721958 0.742627 0.766415 0.793753 0.825175 0.861348 0.903113 0.888262 0.869192 0.852935 0.839260 0.827980 0.818946 0.812041 0.807181 0.804304 0.799292 0.780657 0.764671 0.751099 15782.000000 1.270929 0.867487
0.935524 0.864457 0.805227 0.755297 0.712814 0.676398 0.645000 0.617811 0.594194 0.573648 0.555769 0.540233 0.526777 0.515186 0.505285 0.496932 0.490011 0.484432 0.480123 0.477028 0.475110 0.474346 0.474726 0.476254 0.478951 0.482848 0.487993 0.494454 0.502315 0.511682 0.522689 0.535497 0.550308 0.567368 0.586978 0.609514 0.635441 0.665345 0.699973 0.740285 0.787537 0.843402 0.910159 0.990984 1.000000 0.919147 0.852291 0.796289 0.748885 0.708420 0.673643 0.643598 0.617543 0.594893 0.575183 0.558038 0.543156 0.530291 0.519244 0.509851 0.501980 0.495523 0.490397 0.486536 0.483892 0.482432 0.482139 0.483010 0.485054 0.488297 0.492779 0.498556 0.505703 0.514315 0.524510 0.536437 0.550275 0.566246 0.584623 0.605740 0.630015 0.657968 0.690256 0.727721 0.771451 0.822882 0.883943 0.947783 0.883033 0.828432 0.781965 0.742126 0.707773 0.678020 0.652175 0.629690 0.610124 0.593124 0.578401 0.565721 0.554893 0.545762 0.538202 0.532113 0.527416 0.524054 0.521983 0.521180 0.521633 0.523349 0.526349 0.530669 0.536364 0.543506 0.552188 0.562530 0.574677 0.588810 0.605151 0.623971 0.645604 0.670464 0.699067 0.732061 0.770272 0.814762 0.866923 0.928610 1404.000000 1.120274 0.601709
0.814743 0.766031 0.724462 0.688747 0.657897 0.631149 0.607897 0.587663 0.570062 0.554783 0.541571 0.530222 0.520567 0.512470 0.505821 0.500532 0.496537 0.493785 0.492243 0.491892 0.492728 0.494760 0.498014 0.502529 0.508364 0.515591 0.524309 0.534637 0.546723 0.560751 0.576944 0.595577 0.616990 0.641604 0.669944 0.702674 0.740642 0.784948 0.837036 0.898847 0.963896 0.893854 0.835177 0.785505 0.743100 0.706654 0.675166 0.647859 0.624120 0.603461 0.585492 0.569895 0.556413 0.544837 0.534995 0.526748 0.519986 0.514619 0.510580 0.507817 0.506297 0.506001 0.506927 0.509084 0.512500 0.517216 0.523292 0.530807 0.539860 0.550577 0.563112 0.577655 0.594439 0.613751 0.635943 0.661453 0.690829 0.724763 0.764139 0.810103 0.864166 0.928356 0.964366 0.890151 0.828395 0.776402 0.732209 0.694359 0.661746 0.633517 0.609005 0.587682 0.569126 0.552997 0.539021 0.526971 0.516666 0.507957 0.500723 0.494867 0.490314 0.487007 0.484904 0.483981 0.484225 0.485640 0.488243 0.492066 0.497156 0.503579 0.511418 0.520779 0.531794 0.544626 0.559474 0.576581 0.596250 0.618852 0.644849 0.674823 0.709512 0.749866 0.797122 0.852928 0.919518 1.000000 0.941082 0.872315 7166.000000 1.053113 0.603994
0.626115 0.612385 0.600660 0.590772 0.582585 0.575991 0.570904 0.567261 0.565017 0.564144 0.564632 0.566487 0.569730 0.574404 0.580564 0.588291 0.597685 0.608875 0.622020 0.637313 0.654995 0.675360 0.698769 0.725670 0.756621 0.792324 0.833670 0.881812 0.938252 1.000000 0.933140 0.876639 0.828472 0.787119 0.751423 0.720485 0.693598 0.670202 0.649847 0.632171 0.616877 0.603726 0.592522 0.583105 0.575347 0.569146 0.564422 0.561117 0.559190 0.558617 0.559391 0.561522 0.565036 0.569976 0.576404 0.584403 0.594078 0.605562 0.619019 0.634652 0.652708 0.673492 0.697378 0.724831 0.756431 0.792909 0.835197 0.856872 0.821454 0.790677 0.763897 0.740597 0.720361 0.702849 0.687786 0.674947 0.664149 0.655245 0.648118 0.642675 0.638849 0.636593 0.635879 0.636699 0.639063 0.642999 0.648556 0.655804 0.664835 0.675769 0.688756 0.703981 0.721672 0.742109 0.765636 0.785849 0.762221 0.741706 0.723965 0.708720 0.695746 0.684859 0.675910 0.668782 0.663385 0.659650 0.657533 0.657006 0.658065 0.660721 0.665008 0.670977 0.678705 0.688290 0.699859 0.713573 0.729628 0.748266 0.769785 0.794548 0.823006 0.803393 0.766195 0.733980 0.705996 0.681650 0.660465 0.642057 637.000000 1.120139 0.756623
0.682967 0.648398 0.618578 0.592745 0.570302 0.550776 0.533785 0.519025 0.506245 0.495244 0.485857 0.477949 0.471412 0.466159 0.462122 0.459252 0.457513 0.456884 0.458521 0.470547 0.484420 0.500379 0.518716 0.539798 0.564084 0.592151 0.624741 0.662818 0.707653 0.760959 0.825100 0.903426 0.926938 0.901483 0.879452 0.860495 0.844329 0.830724 0.819493 0.810488 0.803594 0.798725 0.795819 0.794843 0.795783 0.798652 0.803485 0.810341 0.796692 0.756367 0.721581 0.691447 0.665267 0.642489 0.622669 0.605451 0.590543 0.577711 0.566760 0.557535 0.549909 0.543782 0.539073 0.535604 0.527950 0.521752 0.516928 0.513418 0.511179 0.510183 0.510418 0.511886 0.514607 0.518613 0.523954 0.530698 0.538933 0.548770 0.560348 0.573838 0.589256 0.594837 0.601989 0.610804 0.621401 0.633925 0.648560 0.665528 0.685102 0.707619 0.733493 0.763240 0.797504 0.837101 0.883073 0.936777 1.000000 0.994681 0.919100 0.856110 0.803011 0.757833 0.719108 0.685720 0.656807 0.631694 0.609845 0.590833 0.574313 0.560003 0.547677 0.550641 0.560369 0.571850 0.585251 0.600777 0.618680 0.639270 0.662930 0.690135 0.721481 0.757722 0.799825 0.849049 0.893914 0.826694 0.770602 0.723271 1610.500000 1.334571 0.653910
1.000000 0.890545 0.804434 0.735122 0.678311 0.631063 0.591300 0.557514 0.528585 0.503664 0.482096 0.463369 0.447080 0.432905 0.420583 0.409903 0.400694 0.392815 0.386152 0.380613 0.376124 0.372627 0.370077 0.368444 0.367707 0.367858 0.368897 0.370839 0.373706 0.377534 0.382373 0.388284 0.395349 0.403666 0.413357 0.424574 0.437499 0.452360 0.469437 0.489078 0.511721 0.537922 0.568393 0.604067 0.646179 0.696406 0.707537 0.676610 0.649774 0.626437 0.606127 0.588467 0.573147 0.559920 0.548582 0.538966 0.530939 0.524392 0.519240 0.515418 0.512878 0.511590 0.511537 0.512720 0.515152 0.518862 0.523899 0.530324 0.538221 0.547696 0.558882 0.571940 0.587071 0.604521 0.624591 0.647653 0.674169 0.704720 0.740039 0.781065 0.775537 0.705987 0.649321 0.602419 0.563101 0.529800 0.501357 0.476904 0.455771 0.437442 0.421505 0.407637 0.395575 0.385107 0.376061 0.368298 0.361702 0.356182 0.351661 0.348083 0.345400 0.343579 0.342599 0.342446 0.343121 0.344629 0.346991 0.350235 0.354401 0.359545 0.365735 0.373055 0.381613 0.391538 0.402990 0.416165 0.431304 0.448709 0.468754 0.491914 0.518796 0.550188 0.587130 0.631019 0.683780 0.748136 0.828066 0.929627 743.500000 1.585503 0.560331
0.809298 0.817898 0.795516 0.776146 0.759483 0.745278 0.733329 0.723472 0.715578 0.709545 0.705298 0.702785 0.701974 0.702857 0.689114 0.674201 0.661480 0.650768 0.641920 0.634818 0.629371 0.625510 0.623189 0.622379 0.623070 0.625271 0.629008 0.634327 0.641295 0.650001 0.660560 0.673116 0.687848 0.704976 0.724769 0.709781 0.684519 0.662534 0.643420 0.626845 0.612541 0.600290 0.589912 0.581264 0.574228 0.568715 0.564654 0.561995 0.560705 0.560769 0.562188 0.564978 0.569174 0.574828 0.587643 0.603939 0.622707 0.644281 0.669074 0.697598 0.730501 0.768605 0.812969 0.864980 0.926485 1.000000 0.989306 0.937803 0.893443 0.855057 0.821732 0.792745 0.767519 0.745590 0.726581 0.710186 0.696154 0.684283 0.674407 0.663506 0.633406 0.607318 0.584646 0.564918 0.547755 0.532850 0.519954 0.508864 0.499415 0.491474 0.484931 0.487169 0.491640 0.497404 0.504535 0.513127 0.523300 0.535199 0.549006 0.564940 0.583275 0.604344 0.628564 0.656453 0.688668 0.726048 0.769678 0.783252 0.764334 0.748068 0.734212 0.722569 0.712980 0.705319 0.699489 0.695415 0.693049 0.692361 0.693343 0.696007 0.700386 0.706532 0.714524 0.724465 0.736485 0.750749 0.767463 0.786877 4057.500000 1.275254 0.773187
0.899602 0.943243 0.993850 1.000000 0.966009 0.936436 0.910747 0.888514 0.869386 0.853075 0.839350 0.828022 0.818943 0.811996 0.807094 0.804176 0.803208 0.804176 0.807094 0.811996 0.818943 0.828022 0.839350 0.853075 0.869386 0.888514 0.910747 0.936436 0.943286 0.909063 0.879281 0.853379 0.830904 0.811487 0.794828 0.780682 0.768850 0.759174 0.751526 0.745809 0.741952 0.739909 0.739654 0.741184 0.744517 0.749695 0.756782 0.765866 0.777066 0.780168 0.769020 0.759992 0.752966 0.747853 0.744592 0.743141 0.743484 0.745624 0.749587 0.755422 0.763202 0.773025 0.785021 0.799351 0.816216 0.835866 0.858604 0.845682 0.835014 0.826578 0.820267 0.816003 0.813733 0.813430 0.815090 0.818733 0.824404 0.832173 0.842137 0.854427 0.869205 0.886678 0.907097 0.930774 0.958090 0.989514 0.989989 0.958640 0.931391 0.907774 0.887410 0.869989 0.855261 0.843019 0.833102 0.825381 0.819758 0.816164 0.814556 0.814913 0.817240 0.793422 0.769478 0.748687 0.730704 0.715248 0.702088 0.691038 0.681948 0.674699 0.669197 0.665374 0.663184 0.662598 0.663611 0.666235 0.670501 0.676462 0.684193 0.693794 0.705391 0.719145 0.735253 0.753956 0.775553 0.800408 0.828973 0.861806 5835.000000 1.170616 0.866018
1.000000 0.980698 0.937669 0.900335 0.867871 0.839619 0.815049 0.793735 0.775328 0.759543 0.746149 0.734960 0.725824 0.718623 0.713264 0.709682 0.707832 0.707692 0.709261 0.712557 0.717621 0.724515 0.733327 0.744170 0.757191 0.772569 0.790529 0.811346 0.835355 0.862970 0.859242 0.838892 0.821416 0.806557 0.794106 0.783892 0.775784 0.769676 0.765494 0.763185 0.762723 0.764100 0.767335 0.772465 0.779556 0.788695 0.800002 0.813626 0.829756 0.848624 0.836514 0.817602 0.801413 0.787714 0.776314 0.767062 0.759835 0.754545 0.751125 0.749533 0.749751 0.751780 0.755645 0.761394 0.769099 0.778856 0.790794 0.805073 0.821894 0.841503 0.864203 0.890366 0.920450 0.955019 0.920181 0.887033 0.858186 0.833100 0.811337 0.792544 0.776429 0.762758 0.751339 0.742017 0.734672 0.729211 0.725566 0.723691 0.723565 0.725185 0.728572 0.733767 0.740834 0.749862 0.760969 0.774304 0.790051 0.808440 0.829752 0.854332 0.871192 0.843671 0.819750 0.799020 0.781148 0.765863 0.752944 0.742212 0.733523 0.726766 0.721856 0.718732 0.717355 0.717709 0.719798 0.723648 0.729306 0.736842 0.746352 0.757961 0.771826 0.788141 0.807147 0.829140 0.854481 0.883615 0.917093 0.955602 3135.500000 1.059767 0.849022
0.962792 0.905764 0.857064 0.815197 0.779019 0.747640 0.720360 0.696619 0.675970 0.658049 0.642562 0.629269 0.617973 0.608515 0.600768 0.594630 0.590024 0.586891 0.585194 0.584911 0.586040 0.588594 0.592605 0.598121 0.605212 0.613971 0.614079 0.604170 0.595989 0.589428 0.584402 0.580848 0.578724 0.578002 0.578674 0.580749 0.584251 0.589224 0.595729 0.603851 0.613696 0.625399 0.639127 0.655084 0.673523 0.694753 0.719153 0.747194 0.779466 0.816707 0.859860 0.910144 0.924069 0.892430 0.864900 0.840983 0.820276 0.802451 0.787241 0.774427 0.763835 0.755324 0.748784 0.744133 0.741315 0.740295 0.741061 0.743621 0.748007 0.754274 0.762499 0.772787 0.785274 0.800131 0.803019 0.765158 0.732391 0.703941 0.679194 0.657659 0.638939 0.622714 0.608723 0.596753 0.586630 0.578215 0.571395 0.566082 0.562208 0.559727 0.558607 0.558835 0.560414 0.563363 0.567718 0.573534 0.580883 0.589863 0.600595 0.613229 0.627951 0.644990 0.664625 0.687200 0.713142 0.717665 0.708807 0.701835 0.696661 0.693220 0.691471 0.691392 0.692983 0.696262 0.701269 0.708067 0.716742 0.727407 0.740203 0.755311 0.772948 0.793386 0.816956 0.844064 0.875215 0.911031 0.952296 1.000000 665.500000 1.416100 0.801585
0.908334 1.000000 0.908638 0.834415 0.773124 0.721841 0.678471 0.641475 0.609698 0.582257 0.558467 0.537790 0.519796 0.504143 0.490553 0.478799 0.468697 0.460099 0.452882 0.446948 0.442219 0.438635 0.436151 0.434736 0.434373 0.435058 0.436799 0.439617 0.443548 0.448640 0.454959 0.462589 0.471635 0.482227 0.494524 0.508722 0.525061 0.543840 0.565423 0.590271 0.618964 0.652240 0.691056 0.708282 0.674337 0.644979 0.619500 0.597343 0.578060 0.561293 0.546752 0.534199 0.523443 0.514326 0.506720 0.500525 0.495659 0.492061 0.489685 0.488504 0.488503 0.489681 0.492053 0.495648 0.500511 0.506702 0.514304 0.523417 0.534169 0.546717 0.561253 0.578013 0.597289 0.619438 0.644907 0.674254 0.708186 0.747612 0.793711 0.848046 0.912727 0.859085 0.776820 0.710495 0.656062 0.610742 0.572569 0.540111 0.512304 0.488339 0.467593 0.449575 0.433902 0.420263 0.408409 0.398138 0.389286 0.381719 0.375327 0.370022 0.365734 0.362408 0.360001 0.358483 0.357837 0.358054 0.359137 0.361099 0.363965 0.367769 0.372561 0.378402 0.385373 0.393572 0.403120 0.414164 0.426889 0.441517 0.458327 0.477664 0.499962 0.525772 0.555804 0.590984 0.632546 0.682164 0.742169 0.815903 1395.000000 1.476515 0.570949
0.913091 0.841946 0.782836 0.733132 0.690928 0.654810 0.623708 0.596800 0.573441 0.553125 0.535445 0.520074 0.506747 0.495250 0.485407 0.477074 0.470135 0.464499 0.460092 0.456857 0.454756 0.453762 0.453863 0.455061 0.457370 0.460819 0.465449 0.471321 0.478510 0.487114 0.497252 0.509074 0.522762 0.538539 0.556682 0.577529 0.601503 0.629136 0.661099 0.698256 0.741731 0.793018 0.854133 0.927878 0.974236 0.901214 0.840259 0.788807 0.744984 0.707388 0.674952 0.646851 0.622435 0.601192 0.582708 0.566651 0.552751 0.540788 0.530584 0.521991 0.514893 0.509196 0.504826 0.501729 0.499867 0.499217 0.499771 0.501535 0.504532 0.508798 0.514387 0.521370 0.529839 0.539909 0.551725 0.565463 0.581338 0.599616 0.620625 0.644770 0.672555 0.704616 0.741763 0.785042 0.835823 0.895934 0.854616 0.800150 0.753917 0.714362 0.680308 0.650849 0.625280 0.603042 0.583689 0.566863 0.552273 0.539682 0.528899 0.519765 0.512155 0.505966 0.501117 0.497548 0.495213 0.494086 0.494151 0.495409 0.497877 0.501584 0.506576 0.512916 0.520688 0.529994 0.540967 0.553766 0.568588 0.585675 0.605325 0.627904 0.653869 0.683792 0.718399 0.758621 0.805669 0.861151 0.927239 1.000000 8711.000000 1.133195 0.601035
1.000000 0.942069 0.892515 0.849859 0.812964 0.780941 0.753092 0.728855 0.707782 0.689508 0.673736 0.660224 0.648776 0.639231 0.631463 0.625370 0.620874 0.617921 0.616474 0.616515 0.618013 0.620420 0.624355 0.629868 0.637027 0.645925 0.656680 0.669438 0.684384 0.701742 0.721786 0.744857 0.771371 0.801846 0.836926 0.877427 0.924388 0.979151 0.930045 0.862047 0.805122 0.756960 0.715862 0.680552 0.650054 0.623610 0.600624 0.580622 0.563221 0.548116 0.535054 0.523834 0.514288 0.513378 0.519462 0.526977 0.536023 0.546725 0.559238 0.573751 0.590499 0.609766 0.631907 0.657360 0.686673 0.720539 0.759844 0.805738 0.859737 0.845033 0.825438 0.808635 0.794378 0.782467 0.772743 0.765077 0.759374 0.755562 0.753594 0.753447 0.755118 0.758629 0.764022 0.771364 0.780747 0.792293 0.806158 0.822533 0.841657 0.863822 0.889386 0.850835 0.803898 0.763613 0.728844 0.698714 0.672532 0.649750 0.629929 0.612713 0.597815 0.585001 0.574078 0.564892 0.557316 0.551252 0.546621 0.543365 0.541444 0.540835 0.541530 0.543539 0.546885 0.551609 0.557771 0.569118 0.582932 0.598912 0.617321 0.638486 0.662806 0.690783 0.723044 0.760388 0.803841 0.854746 0.914886 0.986688 1769.500000 1.060228 0.683264
0.851792 0.819279 0.790992 0.766378 0.744990 0.726466 0.710511 0.696885 0.685391 0.675873 0.668202 0.662282 0.658037 0.655415 0.654383 0.654931 0.657063 0.660807 0.666208 0.673333 0.682274 0.693147 0.706102 0.721320 0.739029 0.759505 0.783088 0.763499 0.726421 0.694372 0.666569 0.642396 0.621359 0.603062 0.587187 0.573472 0.561705 0.551714 0.543358 0.536525 0.531125 0.527090 0.524370 0.522931 0.522755 0.523842 0.526203 0.529868 0.534881 0.541307 0.549229 0.558752 0.570009 0.583162 0.598412 0.616005 0.636243 0.654886 0.658367 0.663492 0.670325 0.678953 0.689489 0.702075 0.716888 0.734146 0.754117 0.777130 0.803588 0.833992 0.868962 0.909280 0.955936 1.000000 0.935782 0.881309 0.834730 0.794645 0.759981 0.729899 0.703739 0.680974 0.661177 0.644007 0.629184 0.616479 0.605707 0.596719 0.589392 0.583632 0.579366 0.576540 0.575121 0.575091 0.576449 0.565839 0.552909 0.541832 0.532448 0.524626 0.518261 0.513270 0.509590 0.507176 0.505997 0.506041 0.507307 0.509810 0.513582 0.518668 0.525134 0.533064 0.542564 0.553767 0.566837 0.581975 0.599427 0.619497 0.642559 0.669078 0.699639 0.734980 0.776051 0.824086 0.880723 0.948171 0.932445 0.889224 1590.500000 1.446104 0.751397
