0.622254 0.626699 0.632743 0.640463 0.649959 0.661358 0.674818 0.690536 0.708752 0.729760 0.753924 0.781690 0.813615 0.850395 0.892910 0.942289 1.000000 0.999744 0.971804 0.947605 0.926759 0.908954 0.893933 0.881489 0.871458 0.863710 0.858147 0.854702 0.853331 0.854019 0.856774 0.861629 0.849993 0.818837 0.791724 0.768140 0.747669 0.729974 0.714780 0.701861 0.691037 0.682159 0.675113 0.669808 0.666178 0.664178 0.663785 0.664993 0.667818 0.672293 0.678474 0.686439 0.696290 0.708159 0.722210 0.708949 0.695072 0.683342 0.673597 0.665707 0.659571 0.655111 0.652271 0.651017 0.651335 0.653227 0.656717 0.661847 0.668682 0.677308 0.687838 0.700415 0.715215 0.732457 0.752409 0.775398 0.801828 0.832200 0.867134 0.907412 0.902436 0.893395 0.886650 0.882114 0.879733 0.879478 0.881346 0.885359 0.891566 0.900045 0.910902 0.924278 0.940352 0.951731 0.909756 0.873343 0.841681 0.814128 0.790165 0.769373 0.751410 0.736000 0.722916 0.711974 0.703027 0.695958 0.690677 0.687118 0.685238 0.685014 0.686443 0.689543 0.694352 0.700928 0.706703 0.688746 0.673260 0.660011 0.648805 0.639489 0.631937 0.626052 0.621760 0.619008 0.617761 0.618005 0.617961 0.619353 1683.500000 1.352732 0.857811
1.000000 0.935548 0.880895 0.834173 0.793975 0.759217 0.729058 0.702832 0.680008 0.660161 0.642944 0.628077 0.615331 0.604519 0.595491 0.588124 0.582323 0.578014 0.575144 0.573678 0.573597 0.574901 0.577606 0.581744 0.587368 0.594547 0.603376 0.613972 0.626483 0.621498 0.602928 0.586808 0.572872 0.560902 0.550722 0.542188 0.535183 0.529617 0.525419 0.522535 0.520931 0.520587 0.521499 0.523678 0.527151 0.531960 0.538166 0.545849 0.555112 0.566081 0.578915 0.593809 0.611000 0.630781 0.653513 0.679642 0.709730 0.744481 0.784799 0.831852 0.887181 0.952853 0.996779 0.933206 0.879247 0.833084 0.793342 0.758965 0.729127 0.703176 0.680593 0.660957 0.643930 0.629237 0.616652 0.605991 0.597107 0.589880 0.584216 0.580044 0.577313 0.575988 0.576053 0.577511 0.580377 0.584687 0.590496 0.597875 0.606922 0.617758 0.630535 0.645439 0.662699 0.680363 0.654966 0.632867 0.613640 0.596943 0.582497 0.570074 0.559490 0.550594 0.543265 0.537406 0.532942 0.529817 0.527994 0.527449 0.528177 0.530185 0.533500 0.538160 0.544225 0.551773 0.560904 0.571742 0.584443 0.599198 0.616239 0.635856 0.658400 0.684311 0.714136 0.748565 0.788477 0.835010 0.889658 0.954420 1454.500000 1.554924 0.713231
0.930714 0.847535 0.779728 0.723582 0.676498 0.636607 0.602530 0.573226 0.547899 0.525929 0.506827 0.490204 0.475746 0.463200 0.452361 0.443060 0.435161 0.428554 0.423148 0.418873 0.415676 0.413515 0.412365 0.412212 0.413053 0.414900 0.417774 0.421711 0.426761 0.432990 0.440479 0.449334 0.459682 0.471681 0.485525 0.501450 0.519750 0.540788 0.565020 0.593021 0.625527 0.663495 0.708187 0.761300 0.825175 0.903126 1.000000 0.930108 0.859795 0.801159 0.751706 0.709613 0.673521 0.642395 0.615436 0.592018 0.571643 0.553914 0.538509 0.525170 0.513683 0.503875 0.495607 0.488764 0.483255 0.479011 0.475977 0.474117 0.473407 0.473839 0.475418 0.478163 0.482109 0.487304 0.493814 0.501726 0.511147 0.522211 0.535082 0.549962 0.567099 0.586796 0.609433 0.635478 0.665524 0.700323 0.740844 0.788359 0.808442 0.761362 0.721106 0.686464 0.656506 0.630510 0.607902 0.588228 0.571120 0.556281 0.543470 0.532490 0.523180 0.515410 0.509077 0.504096 0.500406 0.497961 0.496730 0.496699 0.497867 0.500248 0.503873 0.508784 0.515046 0.522739 0.531965 0.542855 0.555566 0.570294 0.587277 0.606809 0.629254 0.655061 0.684796 0.719173 0.759110 0.805799 0.860817 0.926293 11496.000000 1.265577 0.592023
0.681724 0.674747 0.669507 0.665941 0.664003 0.663670 0.664939 0.667825 0.672363 0.678609 0.686642 0.696565 0.708512 0.722646 0.739173 0.758343 0.780465 0.805915 0.781600 0.733492 0.692535 0.657409 0.627113 0.600870 0.578071 0.558235 0.540976 0.525980 0.512997 0.501818 0.492277 0.484237 0.479791 0.485136 0.491800 0.499871 0.509458 0.520700 0.533764 0.548856 0.566230 0.586199 0.609149 0.635562 0.666048 0.701380 0.742559 0.790900 0.848159 0.916736 1.000000 0.932162 0.854166 0.789971 0.736400 0.691193 0.652697 0.619677 0.591193 0.566517 0.545079 0.526426 0.510196 0.496097 0.483890 0.473382 0.464416 0.456864 0.450621 0.451879 0.461546 0.472800 0.485816 0.500809 0.518046 0.537853 0.560639 0.586917 0.617341 0.652749 0.694241 0.743278 0.801848 0.872719 0.901667 0.858823 0.821756 0.789580 0.761594 0.737239 0.716065 0.697708 0.681870 0.668309 0.656829 0.647269 0.639502 0.633427 0.621599 0.609288 0.598871 0.590201 0.583164 0.577668 0.573644 0.571042 0.569829 0.569992 0.571533 0.574469 0.578837 0.584692 0.592107 0.595876 0.599857 0.605359 0.612452 0.621228 0.631803 0.644323 0.658969 0.675963 0.695576 0.718144 0.729209 0.714108 0.701274 0.690528 10292.500000 1.031213 0.652644
1.000000 0.957523 0.889151 0.831763 0.783105 0.741514 0.705732 0.674795 0.647952 0.624611 0.604297 0.586632 0.571308 0.558074 0.546727 0.537100 0.529058 0.522494 0.517322 0.513477 0.510909 0.509589 0.509500 0.510641 0.513026 0.516683 0.521659 0.528016 0.535837 0.545226 0.556315 0.569263 0.584270 0.601577 0.621485 0.644360 0.670662 0.700962 0.735987 0.776665 0.824205 0.880203 0.848131 0.796271 0.752095 0.714193 0.681491 0.653157 0.628539 0.607119 0.588482 0.572292 0.558279 0.546219 0.535934 0.527275 0.520125 0.514389 0.509993 0.506882 0.505019 0.504380 0.504957 0.506758 0.509804 0.514133 0.519799 0.526875 0.535455 0.545654 0.557619 0.571528 0.587601 0.606106 0.627375 0.651819 0.679949 0.712410 0.750023 0.793849 0.845277 0.906164 0.979045 0.989398 0.903041 0.832394 0.773727 0.724415 0.682559 0.646748 0.615917 0.589247 0.566097 0.545964 0.528443 0.513209 0.500000 0.488601 0.478839 0.470570 0.463680 0.458076 0.453686 0.450455 0.448342 0.447320 0.447379 0.448519 0.450753 0.454109 0.458628 0.464369 0.471405 0.479831 0.489765 0.501352 0.514771 0.530241 0.548031 0.568473 0.591980 0.619071 0.650402 0.686817 0.729413 0.779644 0.839476 0.911635 19656.000000 1.191676 0.597589
0.909001 0.937738 0.970766 0.984674 0.956318 0.931731 0.910515 0.892345 0.876958 0.864139 0.853716 0.845555 0.839551 0.835631 0.833747 0.810900 0.788859 0.769789 0.753392 0.739423 0.727683 0.718014 0.710286 0.704403 0.700289 0.697894 0.697189 0.698166 0.700837 0.705234 0.711410 0.719445 0.729440 0.741529 0.755877 0.769454 0.772532 0.777516 0.784466 0.793471 0.804646 0.818139 0.834137 0.852868 0.874615 0.899724 0.928621 0.961830 1.000000 0.999357 0.964852 0.934828 0.908739 0.886143 0.866682 0.850060 0.836040 0.824429 0.815073 0.807851 0.802673 0.799475 0.798217 0.788445 0.778898 0.771416 0.765904 0.762293 0.760540 0.760623 0.762543 0.766324 0.772012 0.779677 0.789416 0.801358 0.810348 0.799349 0.790523 0.783758 0.778968 0.776095 0.775103 0.775981 0.778739 0.783411 0.790054 0.798751 0.809614 0.822786 0.838447 0.856820 0.878179 0.902861 0.931279 0.963179 0.926573 0.894724 0.867012 0.842934 0.822084 0.804131 0.788805 0.775887 0.765199 0.756599 0.749977 0.745250 0.742359 0.741269 0.741968 0.744462 0.748784 0.754986 0.763145 0.773366 0.780384 0.779462 0.780419 0.783269 0.788044 0.794805 0.803635 0.814649 0.827991 0.843844 0.862434 0.884039 632.500000 1.139462 0.880582
0.896571 1.000000 0.972417 0.892311 0.826237 0.771003 0.724327 0.684535 0.650372 0.620882 0.595322 0.573110 0.553781 0.536965 0.522362 0.509727 0.498863 0.489607 0.481828 0.475419 0.470297 0.466396 0.463666 0.462075 0.461604 0.462245 0.464008 0.466914 0.470998 0.476311 0.482923 0.490920 0.500412 0.511535 0.524456 0.539380 0.556558 0.576300 0.598990 0.625108 0.655258 0.690211 0.730963 0.778823 0.738064 0.702233 0.671262 0.644394 0.621033 0.600703 0.583022 0.567680 0.554427 0.543057 0.533403 0.525329 0.518727 0.513511 0.509615 0.506989 0.505602 0.505436 0.506491 0.508778 0.512326 0.517179 0.523397 0.531061 0.540275 0.551164 0.563889 0.578641 0.595660 0.615237 0.637733 0.663597 0.693387 0.727815 0.767785 0.814477 0.869447 0.934788 0.918575 0.831969 0.761964 0.704391 0.656377 0.615880 0.581409 0.551851 0.526360 0.504281 0.485102 0.468415 0.453895 0.441279 0.430354 0.420947 0.412916 0.406145 0.400542 0.396033 0.392560 0.390078 0.388558 0.387981 0.388339 0.389638 0.391892 0.395131 0.399393 0.404735 0.411225 0.418952 0.428026 0.438582 0.450786 0.464839 0.480994 0.499558 0.520918 0.545559 0.574099 0.607334 0.646306 0.692405 0.747524 0.814310 966.000000 1.391971 0.580111
0.672422 0.630392 0.594656 0.564040 0.537654 0.514811 0.494973 0.477716 0.462699 0.449648 0.438340 0.428593 0.420261 0.413224 0.407383 0.402662 0.398999 0.396349 0.394678 0.393966 0.394204 0.395396 0.397556 0.400711 0.404899 0.410174 0.416605 0.424279 0.433305 0.443816 0.455975 0.469984 0.486088 0.504594 0.525882 0.550430 0.578844 0.611906 0.650637 0.696392 0.751016 0.817074 0.898246 1.000000 0.924571 0.841635 0.774064 0.718138 0.671257 0.631551 0.597638 0.568482 0.543286 0.521432 0.502431 0.485896 0.471515 0.459034 0.448249 0.438993 0.431128 0.424545 0.419155 0.414887 0.411687 0.409515 0.408344 0.408160 0.408961 0.410757 0.413570 0.417433 0.422397 0.428525 0.435900 0.444622 0.454818 0.466644 0.480289 0.495987 0.514026 0.534764 0.558647 0.586242 0.618272 0.655674 0.699688 0.751978 0.804820 0.759709 0.721031 0.687677 0.658790 0.633697 0.611865 0.592868 0.576362 0.562067 0.549757 0.539245 0.530382 0.523045 0.517137 0.512582 0.509323 0.507320 0.506548 0.506998 0.508675 0.511600 0.515808 0.521353 0.528304 0.536755 0.546818 0.558638 0.572389 0.588288 0.606598 0.627645 0.651832 0.679661 0.711763 0.748941 0.792231 0.842989 0.782255 0.722321 3677.000000 1.345667 0.585500
0.609083 0.619133 0.617649 0.617657 0.619157 0.622166 0.626722 0.632881 0.640721 0.650344 0.661879 0.675488 0.691369 0.709765 0.730976 0.755370 0.783401 0.815633 0.852773 0.895718 0.856004 0.805595 0.762529 0.725492 0.693480 0.665709 0.641563 0.620550 0.602275 0.586418 0.572718 0.560965 0.550985 0.542638 0.535812 0.530418 0.526386 0.523668 0.522228 0.522052 0.523135 0.525491 0.528264 0.510605 0.495243 0.481906 0.470372 0.460460 0.452024 0.444944 0.439124 0.434487 0.430975 0.428543 0.427162 0.426815 0.427497 0.429698 0.435134 0.441788 0.449749 0.459129 0.470064 0.482724 0.497317 0.514096 0.533377 0.555551 0.581110 0.610675 0.645048 0.685270 0.732724 0.789283 0.857542 0.941208 1.000000 0.932635 0.875751 0.827284 0.785695 0.749807 0.718710 0.691690 0.668179 0.647723 0.629954 0.614576 0.601345 0.590063 0.580569 0.572734 0.566455 0.561277 0.549128 0.538764 0.530038 0.522829 0.517042 0.512604 0.509457 0.507565 0.506903 0.507464 0.509255 0.512296 0.516626 0.522299 0.529388 0.532307 0.524031 0.517235 0.511830 0.507748 0.504937 0.503363 0.503007 0.503864 0.505946 0.509276 0.513897 0.519866 0.527261 0.536179 0.546744 0.559108 0.573458 0.590022 9462.000000 1.473784 0.721562
0.956748 1.000000 0.923332 0.859506 0.805749 0.760044 0.720889 0.687145 0.657933 0.632565 0.610497 0.591293 0.574602 0.560141 0.547676 0.537020 0.528018 0.520546 0.514505 0.509817 0.506422 0.504279 0.503362 0.503659 0.505175 0.507926 0.511948 0.517291 0.524022 0.532229 0.542024 0.553545 0.566962 0.582483 0.600365 0.620924 0.644548 0.671722 0.703058 0.739328 0.781530 0.830964 0.845251 0.793864 0.750070 0.712482 0.680041 0.651928 0.627499 0.606243 0.587749 0.571686 0.557786 0.545829 0.535638 0.527067 0.519999 0.514340 0.510019 0.506981 0.505189 0.504621 0.505270 0.507144 0.510265 0.514673 0.520423 0.527588 0.536263 0.546566 0.558645 0.572682 0.588897 0.607563 0.629016 0.653673 0.682051 0.714805 0.752769 0.797019 0.848970 0.910511 0.984229 0.970711 0.884742 0.814565 0.756391 0.707563 0.666164 0.630778 0.600334 0.574013 0.551176 0.531317 0.514034 0.499005 0.485967 0.474708 0.465053 0.456862 0.450020 0.444435 0.440033 0.436760 0.434575 0.433450 0.433373 0.434341 0.436368 0.439477 0.443707 0.449113 0.455763 0.463747 0.473175 0.484186 0.496948 0.511666 0.528595 0.548048 0.570414 0.596180 0.625964 0.660556 0.700981 0.748598 0.805237 0.873425 1746.000000 1.238295 0.594194
0.582937 0.590466 0.599654 0.610628 0.623541 0.638584 0.655989 0.676045 0.699103 0.725599 0.756075 0.791214 0.831879 0.879185 0.934582 1.000000 0.986323 0.959238 0.935795 0.915624 0.898422 0.883945 0.871995 0.862414 0.855078 0.849896 0.846804 0.845765 0.846766 0.849819 0.854962 0.862256 0.871795 0.830762 0.795049 0.764044 0.737076 0.713607 0.693205 0.675519 0.660264 0.647208 0.636161 0.626970 0.619512 0.613690 0.609431 0.606682 0.605411 0.605600 0.607252 0.610389 0.615047 0.621285 0.629182 0.630672 0.632111 0.635091 0.639647 0.645836 0.653736 0.663450 0.675108 0.683441 0.682618 0.683441 0.685921 0.690087 0.695991 0.703707 0.713334 0.724998 0.738860 0.755117 0.774012 0.795843 0.820977 0.849865 0.883064 0.921272 0.939484 0.917400 0.898445 0.882339 0.868858 0.857817 0.849074 0.842516 0.838062 0.835658 0.835274 0.836905 0.839520 0.820289 0.803812 0.789850 0.778207 0.768728 0.761288 0.755795 0.752179 0.750397 0.750427 0.752270 0.755947 0.761503 0.769009 0.778558 0.784011 0.749962 0.720411 0.694711 0.672345 0.652898 0.636033 0.621478 0.609008 0.598442 0.589632 0.582461 0.576836 0.572684 0.569955 0.568615 0.568648 0.570055 0.572852 0.577074 4085.500000 1.291472 0.845187
0.892407 0.874897 0.860093 0.847790 0.837824 0.830066 0.824418 0.820811 0.819200 0.819566 0.821913 0.826270 0.832690 0.841253 0.852068 0.865276 0.881057 0.899631 0.921272 0.916902 0.876348 0.841170 0.810584 0.783968 0.760818 0.740729 0.723372 0.708477 0.695826 0.685241 0.676578 0.669725 0.664594 0.661122 0.659266 0.659004 0.660332 0.663266 0.667843 0.667265 0.662419 0.659219 0.657627 0.657623 0.659206 0.662398 0.667235 0.673779 0.682112 0.692342 0.704607 0.719078 0.735967 0.755531 0.778090 0.804034 0.833846 0.868125 0.874766 0.876474 0.880314 0.886333 0.894604 0.905233 0.918356 0.934149 0.952831 0.974670 1.000000 0.996842 0.953639 0.916139 0.883526 0.855144 0.830467 0.809069 0.790602 0.774785 0.761386 0.750220 0.741136 0.734016 0.728771 0.725336 0.723667 0.723746 0.725574 0.728944 0.715466 0.704143 0.694820 0.687376 0.681714 0.677764 0.675478 0.674827 0.675804 0.678421 0.682709 0.688721 0.696533 0.706245 0.717987 0.731918 0.748238 0.767194 0.789085 0.814282 0.825071 0.809544 0.796474 0.785681 0.777025 0.770392 0.765701 0.762894 0.761936 0.762816 0.765544 0.770153 0.776702 0.785270 0.795968 0.808938 0.824356 0.842443 0.863467 0.887762 4555.500000 1.256724 0.878993
0.753000 0.731871 0.713568 0.697798 0.684323 0.672949 0.663520 0.655909 0.650019 0.645776 0.643127 0.642040 0.642502 0.644519 0.648114 0.653333 0.660240 0.668923 0.679496 0.692103 0.706922 0.724173 0.744123 0.767105 0.793523 0.823882 0.858808 0.899088 0.945722 1.000000 0.969603 0.912292 0.863342 0.821255 0.784883 0.753335 0.725906 0.702036 0.681275 0.663258 0.647690 0.634329 0.622979 0.613480 0.605703 0.599547 0.594934 0.591806 0.590126 0.589871 0.591041 0.593647 0.597724 0.603320 0.610507 0.619377 0.630048 0.642670 0.657423 0.674533 0.694275 0.716986 0.743085 0.773087 0.807642 0.847568 0.893913 0.948034 0.947480 0.904114 0.866539 0.833892 0.805486 0.780770 0.759300 0.740717 0.724725 0.711087 0.699606 0.690126 0.682523 0.676697 0.672576 0.670110 0.669269 0.670042 0.672438 0.676487 0.682239 0.689765 0.699162 0.710555 0.724098 0.739984 0.758452 0.779792 0.804361 0.832599 0.829558 0.802962 0.779839 0.759789 0.742488 0.727671 0.715124 0.704670 0.696171 0.689516 0.684620 0.681424 0.679887 0.679992 0.681739 0.685151 0.690268 0.697154 0.705896 0.716609 0.729437 0.744558 0.762195 0.782619 0.806163 0.833237 0.864347 0.837369 0.805253 0.777313 1176.000000 1.071657 0.765774
0.854293 0.826327 0.802005 0.780901 0.762670 0.747029 0.733748 0.722643 0.713561 0.706386 0.701026 0.697414 0.695506 0.695278 0.696729 0.699876 0.704756 0.711431 0.719985 0.730528 0.743202 0.758182 0.775685 0.795979 0.819390 0.846320 0.877266 0.912844 0.882496 0.839908 0.803087 0.771138 0.743357 0.719179 0.698154 0.679915 0.664164 0.650658 0.639200 0.629628 0.621816 0.615659 0.611081 0.608025 0.606453 0.606346 0.607702 0.610539 0.614891 0.620811 0.628376 0.637682 0.648854 0.662048 0.677456 0.695313 0.715909 0.731893 0.723748 0.717491 0.713045 0.710354 0.709386 0.710129 0.712592 0.716805 0.722820 0.730712 0.740582 0.752560 0.766810 0.783534 0.802981 0.825457 0.851338 0.881085 0.915271 0.954610 1.000000 0.983380 0.929274 0.882827 0.842735 0.807989 0.777794 0.751520 0.728661 0.708809 0.691631 0.676859 0.664271 0.653689 0.644968 0.637994 0.632677 0.628950 0.626768 0.626104 0.626951 0.629318 0.633234 0.638747 0.637267 0.629284 0.622981 0.618278 0.615116 0.613457 0.613280 0.614583 0.617382 0.621712 0.627625 0.635197 0.644525 0.655735 0.668982 0.684458 0.702399 0.723095 0.746901 0.774258 0.805709 0.841937 0.883807 0.932422 0.923388 0.886429 7901.500000 1.207340 0.795161
1.000000 0.972298 0.916558 0.868842 0.827744 0.792181 0.761306 0.734451 0.711080 0.690764 0.673153 0.657963 0.644963 0.633964 0.624815 0.617392 0.611599 0.607364 0.604633 0.603374 0.603571 0.605227 0.608362 0.613014 0.610553 0.599098 0.589459 0.581504 0.575128 0.570249 0.566806 0.564757 0.564077 0.564757 0.566806 0.570249 0.575128 0.581504 0.589459 0.599098 0.610553 0.623987 0.639600 0.657641 0.648183 0.639863 0.633259 0.628289 0.624890 0.623020 0.622657 0.623796 0.626451 0.630655 0.636459 0.643937 0.653185 0.664326 0.677515 0.692940 0.710837 0.731492 0.755257 0.782567 0.813960 0.850110 0.891870 0.931758 0.892150 0.857754 0.827833 0.801794 0.779164 0.759556 0.742655 0.728207 0.716002 0.705872 0.697681 0.691325 0.686723 0.683819 0.682576 0.682981 0.685037 0.662548 0.637557 0.615812 0.596893 0.580457 0.566231 0.553987 0.543544 0.534751 0.527489 0.521662 0.517194 0.514030 0.512130 0.511472 0.512048 0.513865 0.516944 0.521324 0.527059 0.534223 0.542911 0.553241 0.565359 0.579448 0.586608 0.589105 0.593057 0.598515 0.605546 0.614242 0.624719 0.637120 0.651625 0.668454 0.687877 0.710224 0.735904 0.765424 0.799418 0.838686 0.884251 0.937440 1042.500000 1.412208 0.796061
0.956243 0.929984 0.907256 0.887700 0.871023 0.856988 0.845402 0.836112 0.829000 0.823977 0.820979 0.819972 0.820942 0.823902 0.828888 0.835960 0.845208 0.856749 0.870737 0.887363 0.904395 0.879636 0.858208 0.839775 0.824060 0.810840 0.799934 0.791199 0.784521 0.779819 0.777033 0.776130 0.777100 0.779953 0.784724 0.791473 0.800283 0.811269 0.824574 0.840381 0.858915 0.880455 0.905340 0.933988 0.945670 0.912037 0.882768 0.857320 0.835254 0.816212 0.799903 0.786090 0.774580 0.765220 0.757887 0.752488 0.748958 0.747252 0.747351 0.749254 0.752986 0.758592 0.766142 0.775731 0.787485 0.801560 0.818155 0.834831 0.823789 0.814973 0.808271 0.803597 0.800896 0.800134 0.801302 0.804414 0.809509 0.816648 0.825921 0.837449 0.851382 0.867914 0.887280 0.909771 0.935746 0.965642 1.000000 0.974130 0.944655 0.919060 0.896920 0.877886 0.861676 0.848060 0.836852 0.827905 0.821104 0.816365 0.813629 0.812863 0.814058 0.817228 0.822412 0.807856 0.788839 0.772515 0.758644 0.747030 0.737516 0.729977 0.724319 0.720470 0.718383 0.718033 0.719416 0.722548 0.727467 0.734235 0.742937 0.753685 0.766622 0.781928 0.799824 0.820581 0.844534 0.872090 0.903756 0.940159 815.000000 1.117549 0.882870
0.707410 0.683095 0.661937 0.643554 0.627636 0.613929 0.602229 0.592366 0.584206 0.577640 0.572585 0.568975 0.566768 0.565936 0.566470 0.568374 0.571674 0.576409 0.565452 0.547046 0.531040 0.517154 0.505162 0.494879 0.486154 0.478864 0.472913 0.468222 0.464731 0.462398 0.461194 0.461104 0.462127 0.464276 0.467576 0.472069 0.477812 0.484878 0.493363 0.503385 0.515088 0.528653 0.544298 0.562294 0.582972 0.606747 0.634136 0.665795 0.702563 0.745529 0.796136 0.856328 0.928785 1.000000 0.924322 0.861221 0.808008 0.762718 0.723887 0.690401 0.661399 0.636206 0.614288 0.595216 0.578644 0.564293 0.551934 0.541381 0.532483 0.525117 0.519185 0.514613 0.511341 0.509329 0.508554 0.509006 0.510689 0.513626 0.517851 0.523418 0.530397 0.538881 0.548984 0.560851 0.574656 0.574654 0.565440 0.557840 0.551753 0.547102 0.543827 0.541889 0.541264 0.541945 0.543939 0.547272 0.551983 0.558133 0.565799 0.575084 0.586114 0.599047 0.614076 0.631440 0.651428 0.655254 0.647644 0.641738 0.637461 0.634759 0.633599 0.633969 0.635872 0.639331 0.644388 0.651108 0.659575 0.669900 0.682223 0.696717 0.713598 0.733127 0.755626 0.781493 0.811217 0.804672 0.767529 0.735358 1402.000000 1.461664 0.751001
0.891256 0.948231 1.000000 0.919150 0.852294 0.796294 0.748891 0.708426 0.673649 0.643605 0.617551 0.594901 0.575191 0.558046 0.543164 0.530300 0.519253 0.509860 0.501989 0.495533 0.490407 0.486546 0.483902 0.482443 0.482150 0.483021 0.485066 0.488309 0.492791 0.498569 0.505716 0.514329 0.524525 0.536452 0.550291 0.566263 0.584640 0.579478 0.575002 0.571961 0.570320 0.570057 0.571170 0.573672 0.577594 0.582983 0.589909 0.598460 0.608751 0.620924 0.635156 0.651662 0.670707 0.692618 0.717796 0.746741 0.780077 0.818592 0.863296 0.915498 0.976924 0.966830 0.896927 0.838333 0.788709 0.746329 0.709894 0.678410 0.651101 0.627359 0.606697 0.588727 0.573131 0.559653 0.548085 0.538256 0.530028 0.523289 0.517951 0.513947 0.511226 0.509756 0.509518 0.510510 0.512743 0.516245 0.521058 0.527245 0.534884 0.544078 0.554954 0.567670 0.582417 0.599434 0.619011 0.641507 0.667369 0.697154 0.689699 0.668237 0.649588 0.633436 0.619525 0.607643 0.597621 0.589322 0.582634 0.577471 0.573770 0.571483 0.570584 0.571062 0.572921 0.576185 0.580894 0.587107 0.594903 0.604384 0.615680 0.628949 0.644390 0.662244 0.682807 0.706445 0.733608 0.764861 0.800909 0.842655 796.000000 1.561658 0.695464
0.814773 0.880687 0.823894 0.775738 0.734573 0.699156 0.668533 0.641963 0.618857 0.598749 0.581263 0.566094 0.552996 0.541765 0.532238 0.524282 0.517789 0.512675 0.508874 0.506341 0.505043 0.504966 0.506107 0.508482 0.512118 0.517061 0.523374 0.531138 0.540458 0.551463 0.564313 0.579205 0.596380 0.616134 0.638834 0.664933 0.695001 0.729758 0.770128 0.817311 0.872892 0.848359 0.785037 0.732152 0.687495 0.649447 0.616798 0.588624 0.564211 0.542999 0.524542 0.508483 0.494534 0.482462 0.472075 0.463218 0.455765 0.449614 0.444684 0.440911 0.438249 0.436665 0.436139 0.436665 0.438249 0.440911 0.444683 0.449612 0.455763 0.463216 0.472072 0.482459 0.494531 0.508479 0.524538 0.542994 0.564205 0.588617 0.616789 0.649438 0.687484 0.732140 0.785022 0.848340 0.925194 1.000000 0.910401 0.837389 0.776951 0.726282 0.683363 0.646704 0.615184 0.587945 0.564318 0.543775 0.525899 0.510350 0.496857 0.485198 0.475192 0.466692 0.459579 0.453756 0.449147 0.445693 0.443352 0.442096 0.441907 0.442786 0.444741 0.447797 0.451992 0.457379 0.464027 0.472025 0.481484 0.492540 0.505362 0.520157 0.537176 0.556734 0.579218 0.605113 0.635034 0.669765 0.710325 0.758058 6798.500000 1.196867 0.597445
0.998832 0.940969 0.891473 0.848867 0.812014 0.780029 0.752212 0.728004 0.706955 0.688702 0.672949 0.659453 0.648018 0.638485 0.630725 0.624639 0.626411 0.631142 0.637492 0.645542 0.655397 0.667190 0.681086 0.697288 0.716048 0.737671 0.762534 0.791105 0.823962 0.861833 0.905640 0.928339 0.873387 0.826457 0.786111 0.751246 0.721005 0.694714 0.671834 0.651934 0.634664 0.619739 0.606929 0.596045 0.586933 0.579471 0.573560 0.569126 0.566113 0.564485 0.564222 0.565320 0.575654 0.592954 0.612847 0.635707 0.661995 0.692290 0.727327 0.768048 0.815682 0.871853 0.866796 0.832102 0.801936 0.775684 0.752852 0.733042 0.715927 0.701245 0.688779 0.678353 0.669829 0.663093 0.658062 0.654671 0.652880 0.652666 0.654028 0.656982 0.661563 0.667829 0.675859 0.687337 0.705734 0.726943 0.751332 0.779357 0.811584 0.848725 0.891679 0.941603 1.000000 0.981794 0.904259 0.839950 0.785948 0.740146 0.700984 0.667285 0.638144 0.612857 0.590866 0.571729 0.555087 0.540653 0.528190 0.517508 0.508450 0.500889 0.494724 0.497824 0.504281 0.512158 0.521561 0.532623 0.545507 0.560413 0.577588 0.597333 0.620022 0.646122 0.676215 0.711046 0.751568 0.799029 0.855088 0.921995 2826.500000 1.117159 0.641589
0.636236 0.649948 0.665903 0.684352 0.705600 0.730026 0.720470 0.704995 0.691803 0.680705 0.671549 0.664216 0.658610 0.654662 0.652324 0.651566 0.652380 0.654775 0.658780 0.664446 0.671842 0.681064 0.692234 0.705504 0.721064 0.739147 0.760038 0.784088 0.811729 0.843497 0.849391 0.814151 0.783531 0.756888 0.733707 0.713572 0.696144 0.681150 0.668363 0.657603 0.648723 0.641603 0.636155 0.632308 0.630017 0.629252 0.630005 0.632285 0.636120 0.641557 0.648663 0.657530 0.668275 0.681046 0.696023 0.713431 0.733545 0.756702 0.783317 0.813905 0.849108 0.889733 0.860815 0.813175 0.772295 0.737019 0.706453 0.679893 0.656783 0.636676 0.619211 0.604095 0.591089 0.580000 0.570668 0.562967 0.556794 0.552071 0.548738 0.546754 0.546095 0.546754 0.548738 0.552071 0.556794 0.562967 0.570668 0.580000 0.591089 0.604095 0.619211 0.636676 0.656783 0.679893 0.706453 0.737019 0.772295 0.813175 0.860815 0.916730 0.982945 1.000000 0.938078 0.885387 0.840216 0.801267 0.767537 0.738238 0.712748 0.690567 0.671294 0.654601 0.640224 0.627944 0.617587 0.609009 0.602097 0.596761 0.592935 0.590572 0.589642 0.590134 0.592055 0.595427 0.600293 0.606712 0.614767 0.624564 1454.000000 1.170875 0.747515
0.816139 0.803957 0.794019 0.786195 0.780385 0.776517 0.774544 0.774442 0.776210 0.779869 0.785464 0.793063 0.802765 0.814693 0.829009 0.845911 0.865646 0.888515 0.914888 0.945223 0.980080 0.983536 0.918651 0.863749 0.816896 0.776640 0.741868 0.711717 0.685508 0.662701 0.642861 0.625639 0.610747 0.597956 0.587074 0.577949 0.570456 0.564498 0.559998 0.556900 0.555167 0.554776 0.555724 0.558022 0.561698 0.566796 0.577872 0.599248 0.623827 0.652147 0.684889 0.722926 0.767394 0.819795 0.882158 0.902323 0.873760 0.848931 0.827413 0.808859 0.792988 0.779569 0.768417 0.759384 0.752351 0.747232 0.743962 0.742501 0.742832 0.744959 0.748907 0.754726 0.762486 0.772288 0.783324 0.778500 0.775592 0.774565 0.775405 0.778125 0.782755 0.789355 0.798005 0.808817 0.821933 0.837533 0.855838 0.877121 0.901718 0.930039 0.962590 1.000000 0.996289 0.886808 0.800744 0.731514 0.674798 0.627647 0.587979 0.554283 0.528049 0.523486 0.520244 0.518283 0.517578 0.518122 0.519921 0.522997 0.527388 0.533148 0.540351 0.549093 0.559492 0.571697 0.585889 0.602291 0.621178 0.642887 0.667835 0.696543 0.729667 0.768041 0.812742 0.865182 0.891219 0.867987 0.847925 0.830726 12800.000000 1.086199 0.704884
0.796646 0.837213 0.884378 0.939573 0.929922 0.853767 0.790902 0.738317 0.693855 0.655935 0.623369 0.595250 0.570874 0.549688 0.531252 0.515214 0.501288 0.489242 0.478889 0.470073 0.462671 0.456581 0.451724 0.448037 0.445473 0.444003 0.443608 0.444282 0.446035 0.448888 0.452875 0.455501 0.456549 0.458709 0.462008 0.466487 0.472202 0.479228 0.487658 0.497611 0.509231 0.522696 0.538224 0.556084 0.576606 0.600203 0.627389 0.658817 0.695323 0.737995 0.788270 0.848087 0.920128 1.000000 0.933610 0.877469 0.829582 0.788452 0.752936 0.722147 0.695386 0.672099 0.651841 0.634251 0.619038 0.605963 0.594833 0.585489 0.577804 0.571678 0.567032 0.563809 0.561968 0.561487 0.562361 0.564600 0.568231 0.573299 0.579868 0.574206 0.565465 0.558310 0.552649 0.548409 0.545539 0.544002 0.543779 0.544869 0.547285 0.551056 0.556228 0.562867 0.571059 0.580913 0.592565 0.606185 0.621979 0.640202 0.661166 0.685256 0.699088 0.676796 0.657416 0.640616 0.626124 0.613719 0.603221 0.594484 0.587391 0.581851 0.577793 0.575168 0.573942 0.574102 0.575650 0.578603 0.582998 0.588891 0.596355 0.605488 0.616413 0.629284 0.644289 0.661659 0.681680 0.704702 0.731155 0.761578 1196.500000 1.331838 0.692212
0.758123 0.750528 0.744861 0.741051 0.739050 0.738836 0.740405 0.743777 0.748991 0.756114 0.765235 0.776472 0.789976 0.805933 0.824576 0.831692 0.817833 0.806338 0.797056 0.789866 0.784679 0.781429 0.780077 0.780608 0.783027 0.787363 0.793671 0.802028 0.812541 0.825349 0.840624 0.858583 0.879491 0.903674 0.931531 0.963557 0.905425 0.808078 0.731221 0.669187 0.618229 0.575770 0.539987 0.509546 0.483457 0.460966 0.447256 0.443872 0.441595 0.440397 0.440263 0.441191 0.443194 0.446295 0.450532 0.455960 0.462648 0.470686 0.480186 0.491285 0.504153 0.518996 0.536071 0.555692 0.578250 0.604233 0.634262 0.665465 0.672917 0.682200 0.693437 0.706781 0.722424 0.740599 0.761594 0.785763 0.813540 0.845464 0.882208 0.924620 0.973780 1.000000 0.968807 0.941702 0.918224 0.897998 0.880721 0.866143 0.854064 0.844323 0.836795 0.831385 0.828027 0.826679 0.827326 0.829974 0.834657 0.797868 0.732999 0.679399 0.634528 0.596565 0.564170 0.536338 0.512299 0.491456 0.473338 0.457572 0.443857 0.431950 0.421655 0.412811 0.409705 0.419022 0.429831 0.442307 0.456661 0.473157 0.492119 0.513954 0.539177 0.568442 0.602602 0.642777 0.690474 0.747763 0.779508 0.767741 5679.500000 1.276933 0.702576
0.952216 0.906488 0.866943 0.832626 0.802783 0.776812 0.754229 0.734641 0.717730 0.703237 0.690949 0.680694 0.672336 0.665765 0.660897 0.657673 0.656054 0.656019 0.657568 0.660719 0.665512 0.672006 0.680283 0.690450 0.702645 0.717036 0.733834 0.753296 0.775739 0.801550 0.831209 0.865312 0.857843 0.836464 0.818046 0.802314 0.789040 0.778043 0.769175 0.762323 0.757400 0.754346 0.753124 0.753718 0.756137 0.760409 0.766586 0.774747 0.784995 0.797464 0.812324 0.829786 0.850108 0.873608 0.872734 0.852906 0.835928 0.821554 0.809583 0.799855 0.792244 0.786654 0.783015 0.781283 0.781437 0.783479 0.787434 0.793350 0.801300 0.811386 0.823739 0.838525 0.855951 0.876273 0.882466 0.847649 0.817369 0.791018 0.768105 0.748234 0.731082 0.716386 0.703932 0.693546 0.685088 0.678448 0.673544 0.670312 0.668715 0.668733 0.670366 0.673633 0.678576 0.685254 0.693753 0.704184 0.716685 0.731433 0.748641 0.768575 0.791559 0.817991 0.848364 0.856680 0.836627 0.819419 0.804805 0.792579 0.782576 0.774666 0.768747 0.764746 0.762614 0.762326 0.763877 0.767287 0.772597 0.779873 0.789207 0.800719 0.814564 0.830932 0.850062 0.872245 0.897836 0.927277 0.961107 1.000000 3233.500000 1.188764 0.848689
0.888705 0.984491 1.000000 0.910757 0.837992 0.777728 0.727185 0.684358 0.647769 0.616304 0.589107 0.565513 0.545000 0.527147 0.511621 0.498149 0.486510 0.476525 0.468046 0.460954 0.455154 0.450571 0.447145 0.444835 0.443611 0.443460 0.444379 0.446379 0.449485 0.453736 0.459184 0.465901 0.473976 0.483521 0.494675 0.507607 0.522527 0.539689 0.559411 0.582084 0.608199 0.638378 0.673416 0.714344 0.762525 0.819395 0.774017 0.735079 0.701480 0.672367 0.647072 0.625061 0.605911 0.589277 0.574879 0.562491 0.551927 0.543037 0.535699 0.529815 0.525312 0.522131 0.520235 0.519600 0.520217 0.522096 0.525258 0.529743 0.535606 0.542923 0.551791 0.562330 0.574691 0.589059 0.605660 0.624773 0.646740 0.671986 0.701041 0.734571 0.773427 0.818705 0.871845 0.909394 0.828456 0.762434 0.707737 0.661851 0.622961 0.589731 0.561149 0.536442 0.515008 0.496370 0.480151 0.466045 0.453807 0.443235 0.434167 0.426469 0.420033 0.414774 0.410621 0.407523 0.405441 0.404349 0.404234 0.405094 0.406941 0.409797 0.413696 0.418689 0.424840 0.432231 0.440965 0.451168 0.462997 0.476642 0.492337 0.510373 0.531109 0.554994 0.582599 0.614652 0.652099 0.696191 0.748613 0.811687 939.500000 1.335955 0.586116
0.655760 0.678341 0.704288 0.718064 0.709388 0.702592 0.697590 0.694319 0.692739 0.692832 0.694599 0.698061 0.703260 0.710261 0.719152 0.730051 0.743102 0.758489 0.776437 0.797222 0.821182 0.848737 0.880398 0.916808 0.872279 0.818343 0.772441 0.733088 0.699153 0.669762 0.644232 0.622021 0.602694 0.585900 0.571356 0.558831 0.548135 0.539115 0.531647 0.525632 0.520993 0.517671 0.515626 0.514832 0.515280 0.513134 0.506818 0.501851 0.498168 0.495725 0.494491 0.494451 0.495605 0.497967 0.501566 0.506446 0.512669 0.520316 0.529490 0.540318 0.552958 0.567603 0.584492 0.603917 0.626237 0.651901 0.681471 0.715656 0.755368 0.801792 0.856494 0.921589 1.000000 0.945482 0.894364 0.850433 0.812482 0.779571 0.750961 0.726064 0.704408 0.685610 0.669359 0.655404 0.643537 0.633592 0.625433 0.618953 0.614071 0.610725 0.608874 0.608496 0.609585 0.612157 0.616240 0.621887 0.629168 0.638178 0.649035 0.661890 0.676929 0.694378 0.714518 0.688452 0.664560 0.643770 0.625703 0.610052 0.596567 0.585044 0.575318 0.567254 0.560745 0.555707 0.552077 0.549810 0.548879 0.549272 0.550993 0.554065 0.558524 0.564426 0.571847 0.580883 0.591658 0.604323 0.619067 0.636118 1518.000000 1.372818 0.756429
0.754837 0.725210 0.699442 0.677017 0.657520 0.640615 0.626028 0.613536 0.602956 0.594142 0.586976 0.581365 0.577237 0.574542 0.573246 0.573335 0.574808 0.577684 0.573208 0.564273 0.556934 0.551093 0.546677 0.543630 0.541916 0.541512 0.542415 0.544635 0.548200 0.553153 0.559557 0.567493 0.577069 0.588414 0.601694 0.612162 0.618447 0.626388 0.636087 0.647676 0.661318 0.677213 0.695609 0.716807 0.741179 0.769186 0.801398 0.838534 0.881507 0.931487 0.990004 0.979924 0.929783 0.886555 0.849124 0.816612 0.788328 0.763715 0.742327 0.723801 0.707840 0.694204 0.682698 0.652111 0.612471 0.578689 0.549693 0.524668 0.502982 0.484137 0.467739 0.453472 0.441081 0.430359 0.421136 0.413274 0.406663 0.401211 0.396846 0.393514 0.391171 0.393397 0.401542 0.411042 0.422044 0.434727 0.449312 0.466072 0.485344 0.507555 0.533243 0.563098 0.598021 0.639203 0.688258 0.747418 0.819866 0.910295 1.000000 0.944544 0.896962 0.855908 0.820337 0.789431 0.762539 0.739141 0.718816 0.701223 0.686084 0.673173 0.662304 0.653330 0.646132 0.640617 0.641351 0.644143 0.648529 0.654562 0.662320 0.671901 0.683435 0.697080 0.713034 0.731539 0.752892 0.777458 0.805688 0.788970 2355.500000 1.380385 0.688367
0.684075 0.739030 0.805695 0.887931 0.919384 0.856525 0.803523 0.758419 0.719752 0.686409 0.657533 0.632450 0.610628 0.591639 0.575139 0.560850 0.548542 0.538031 0.529167 0.521826 0.515913 0.511349 0.508080 0.506063 0.505274 0.505705 0.507359 0.510257 0.514436 0.519946 0.526859 0.535264 0.545277 0.557040 0.570726 0.586551 0.604776 0.625727 0.649802 0.677502 0.709454 0.746456 0.743694 0.699061 0.660984 0.628276 0.600030 0.575541 0.554256 0.535734 0.519620 0.505631 0.493532 0.483136 0.474288 0.466863 0.460759 0.455897 0.452215 0.449666 0.448219 0.447858 0.448576 0.450384 0.453303 0.457369 0.462633 0.469163 0.477046 0.486390 0.497330 0.510029 0.524692 0.541566 0.560957 0.583246 0.608908 0.638540 0.672908 0.713001 0.760123 0.816018 0.883082 0.964688 1.000000 0.894576 0.811027 0.743390 0.687695 0.641200 0.601953 0.568524 0.539844 0.515101 0.493663 0.475037 0.458831 0.444730 0.432481 0.421877 0.412752 0.404968 0.398414 0.393001 0.388656 0.385325 0.382965 0.381547 0.381055 0.381481 0.382832 0.385123 0.388384 0.392654 0.397988 0.404457 0.412150 0.421174 0.431667 0.443791 0.457751 0.473797 0.492237 0.513457 0.537944 0.566316 0.599372 0.638159 3045.500000 1.408931 0.578469
0.935817 0.886431 0.843927 0.807168 0.775267 0.747525 0.723382 0.702388 0.684181 0.668463 0.654994 0.643577 0.634052 0.626292 0.620196 0.615686 0.612706 0.611221 0.606388 0.595145 0.585696 0.577913 0.571694 0.566958 0.563647 0.561719 0.561152 0.561939 0.564088 0.567627 0.572599 0.579065 0.587110 0.596840 0.608388 0.621920 0.637638 0.655793 0.656342 0.645325 0.636180 0.628783 0.623040 0.618879 0.616247 0.615113 0.615464 0.617303 0.620653 0.625554 0.632068 0.640278 0.650292 0.662244 0.676304 0.692678 0.691388 0.684436 0.679242 0.675743 0.673894 0.673674 0.675079 0.678128 0.682857 0.689324 0.697612 0.707828 0.720108 0.734622 0.751582 0.771245 0.793928 0.820022 0.814719 0.793102 0.774420 0.758382 0.744753 0.733341 0.723991 0.716581 0.711016 0.707228 0.705170 0.704818 0.706165 0.709230 0.698133 0.661505 0.629970 0.602692 0.579014 0.558421 0.540500 0.524919 0.511409 0.499750 0.489764 0.481307 0.474260 0.468775 0.466133 0.464633 0.464258 0.465003 0.466877 0.469902 0.474117 0.479573 0.486342 0.494514 0.504200 0.515539 0.528704 0.543903 0.561395 0.581496 0.604601 0.631201 0.661918 0.697544 0.739104 0.787949 0.845890 0.915408 1.000000 0.993566 2805.000000 1.276634 0.781044
0.912367 0.934699 0.900999 0.871671 0.846167 0.824041 0.804933 0.788547 0.774644 0.763029 0.753546 0.746071 0.740510 0.736792 0.734873 0.734730 0.736360 0.739784 0.745042 0.752202 0.732603 0.712337 0.694790 0.679686 0.666796 0.655937 0.646959 0.639744 0.634200 0.630256 0.627864 0.626995 0.627638 0.629801 0.633511 0.638813 0.632086 0.624970 0.619488 0.615572 0.613173 0.612262 0.612828 0.614878 0.618436 0.623546 0.630273 0.638702 0.648943 0.661138 0.675458 0.692116 0.711374 0.733551 0.759044 0.788340 0.791986 0.795720 0.801428 0.809183 0.819081 0.831252 0.845859 0.863105 0.883240 0.906574 0.933484 0.964435 1.000000 0.965428 0.916982 0.875174 0.838944 0.807463 0.780071 0.756238 0.735538 0.717623 0.702212 0.689074 0.678022 0.668905 0.661602 0.656021 0.652091 0.649764 0.649011 0.639323 0.625559 0.613823 0.603947 0.595796 0.589264 0.584265 0.580738 0.578638 0.577941 0.578638 0.580738 0.584265 0.589264 0.595796 0.603947 0.613823 0.625559 0.639323 0.655321 0.673804 0.695084 0.719541 0.747650 0.776214 0.768025 0.761822 0.757529 0.755093 0.754485 0.755697 0.758743 0.763661 0.770512 0.779381 0.790384 0.803665 0.819407 0.837838 0.859235 0.883938 2735.500000 1.362933 0.860871
0.840403 0.846461 0.837312 0.830338 0.825451 0.822592 0.821725 0.822840 0.825950 0.831094 0.838335 0.847763 0.859500 0.873701 0.890560 0.910319 0.933274 0.959789 0.990310 0.966904 0.909805 0.861032 0.819095 0.782852 0.751414 0.724081 0.700294 0.679605 0.661652 0.646140 0.636037 0.629010 0.623623 0.619807 0.617517 0.616724 0.617418 0.619609 0.623321 0.628603 0.635518 0.644157 0.654632 0.667087 0.681700 0.698688 0.718319 0.740922 0.766900 0.796756 0.831115 0.852216 0.838546 0.827270 0.818237 0.811334 0.806472 0.803593 0.802662 0.803666 0.806618 0.811555 0.818536 0.827649 0.839012 0.852775 0.869125 0.888296 0.910574 0.936313 0.965944 1.000000 0.982322 0.938110 0.899781 0.866466 0.837476 0.812257 0.790360 0.771422 0.755148 0.741295 0.729667 0.720106 0.712487 0.706712 0.702709 0.700429 0.699845 0.700949 0.703754 0.708295 0.714628 0.722832 0.733013 0.745306 0.759881 0.776945 0.770126 0.757948 0.747923 0.739919 0.733833 0.729590 0.727138 0.726446 0.727507 0.730332 0.734957 0.741439 0.749858 0.760324 0.772975 0.787984 0.804295 0.793951 0.785738 0.779552 0.775316 0.772978 0.772510 0.773905 0.777181 0.782377 0.789559 0.798816 0.810267 0.824066 1320.000000 1.131882 0.849679
0.925194 0.862735 0.810003 0.765083 0.726542 0.693288 0.664476 0.639441 0.617659 0.598706 0.582243 0.567993 0.555730 0.545272 0.536469 0.529199 0.523369 0.518902 0.515742 0.513851 0.513206 0.513798 0.515636 0.518740 0.523151 0.528922 0.536128 0.544864 0.555249 0.567431 0.581592 0.597956 0.616796 0.638450 0.663336 0.691975 0.725024 0.713388 0.693074 0.675467 0.660284 0.647294 0.636308 0.627174 0.619772 0.614003 0.609797 0.607100 0.605881 0.606123 0.607831 0.611024 0.615743 0.622045 0.630011 0.639744 0.651377 0.665073 0.681033 0.699505 0.720791 0.745265 0.773389 0.805735 0.843025 0.886172 0.936351 0.898462 0.846656 0.802326 0.764157 0.731136 0.702472 0.677542 0.655847 0.636985 0.620631 0.606520 0.594437 0.584206 0.575684 0.568758 0.563338 0.559354 0.556759 0.555520 0.555621 0.557065 0.559869 0.564067 0.569711 0.576873 0.585647 0.596149 0.608528 0.622965 0.620350 0.605482 0.592704 0.581828 0.572698 0.565190 0.559207 0.554671 0.551526 0.549734 0.549272 0.550135 0.552334 0.555895 0.560862 0.567297 0.575284 0.584928 0.596362 0.609751 0.625295 0.643243 0.663899 0.687636 0.714920 0.746331 0.782600 0.824664 0.873730 0.931390 0.999776 1.000000 1915.000000 1.473075 0.720855
0.658560 0.659923 0.662892 0.667503 0.673813 0.681902 0.691875 0.703865 0.718038 0.734599 0.753802 0.775955 0.801438 0.830721 0.864387 0.903164 0.947975 1.000000 0.951865 0.905579 0.865574 0.830871 0.800698 0.774440 0.751603 0.731787 0.714666 0.699975 0.687500 0.677063 0.668526 0.661775 0.656725 0.653315 0.651500 0.651261 0.652593 0.655513 0.660056 0.666279 0.674261 0.684104 0.695940 0.709934 0.726287 0.745249 0.767126 0.792292 0.821211 0.854457 0.892750 0.937000 0.970901 0.921492 0.878883 0.841979 0.809922 0.782031 0.757762 0.736676 0.718415 0.702689 0.689262 0.677941 0.668571 0.661026 0.655211 0.651053 0.648499 0.647519 0.648100 0.650251 0.653997 0.659384 0.666480 0.675374 0.686185 0.699058 0.714178 0.731768 0.752104 0.775524 0.802445 0.833381 0.830395 0.814863 0.801799 0.791022 0.782391 0.775795 0.771151 0.768403 0.767517 0.768482 0.771310 0.776035 0.782716 0.791436 0.802308 0.815474 0.831114 0.849453 0.870765 0.894807 0.861499 0.832515 0.807299 0.785402 0.766460 0.750174 0.736303 0.724650 0.715056 0.707394 0.701567 0.697502 0.695148 0.694478 0.695483 0.698176 0.702588 0.695083 0.684550 0.675935 0.669127 0.664038 0.660605 0.658786 5712.000000 1.054889 0.805679
0.864897 0.914052 0.971613 1.000000 0.935572 0.880937 0.834230 0.794044 0.759296 0.729144 0.702925 0.680107 0.660265 0.643053 0.628190 0.615449 0.604641 0.595617 0.588254 0.582457 0.578153 0.575287 0.573826 0.573750 0.575060 0.577770 0.581915 0.587546 0.594733 0.603570 0.609338 0.600644 0.593605 0.588130 0.584149 0.581613 0.580492 0.580771 0.582455 0.585563 0.590133 0.596224 0.603911 0.613296 0.624506 0.637697 0.653066 0.670849 0.691340 0.714899 0.741971 0.773110 0.802843 0.781143 0.762374 0.746241 0.732504 0.720970 0.711481 0.703912 0.698167 0.694174 0.691883 0.691267 0.692319 0.695051 0.699496 0.705710 0.713770 0.723780 0.735873 0.750215 0.767011 0.786515 0.809037 0.834957 0.864745 0.836820 0.795763 0.760293 0.729533 0.702792 0.679521 0.659279 0.641710 0.626523 0.613482 0.602394 0.593103 0.585484 0.579436 0.574883 0.571767 0.570051 0.569714 0.570751 0.573175 0.577016 0.582321 0.589157 0.597612 0.607799 0.619859 0.633965 0.630137 0.619503 0.610669 0.603516 0.597953 0.593909 0.591335 0.590198 0.590486 0.592201 0.595365 0.600016 0.606212 0.614033 0.623579 0.634981 0.648399 0.664030 0.682117 0.702959 0.726920 0.754454 0.786125 0.822640 522.000000 1.318861 0.790407
0.922362 0.880232 0.843726 0.812005 0.784405 0.760391 0.739532 0.721478 0.705946 0.692701 0.681556 0.672358 0.664986 0.659345 0.655364 0.650275 0.634988 0.621868 0.610720 0.601388 0.593745 0.587693 0.583153 0.580070 0.578405 0.578139 0.579267 0.581805 0.585782 0.589998 0.582201 0.575977 0.571245 0.567948 0.566045 0.565512 0.566343 0.568549 0.572155 0.577207 0.583768 0.591922 0.601777 0.613469 0.627165 0.643072 0.661441 0.682583 0.706880 0.734807 0.766954 0.781469 0.788155 0.796892 0.807794 0.821003 0.836700 0.855110 0.876507 0.901230 0.929692 0.962404 1.000000 0.967658 0.914695 0.869214 0.829947 0.795909 0.766326 0.740583 0.718188 0.698742 0.681920 0.667459 0.655145 0.644802 0.636289 0.629495 0.624333 0.620738 0.618666 0.618092 0.608245 0.596730 0.587031 0.579015 0.572575 0.567630 0.564117 0.561992 0.561231 0.561823 0.563776 0.567114 0.571877 0.578126 0.585939 0.595421 0.606701 0.618981 0.617557 0.617625 0.619184 0.622254 0.626872 0.633096 0.641005 0.650701 0.662315 0.676009 0.691984 0.710485 0.731814 0.743907 0.746606 0.751141 0.757567 0.765966 0.776444 0.789141 0.804229 0.821924 0.842491 0.866254 0.893612 0.925055 0.961191 0.971186 621.500000 1.417583 0.833342
0.840898 0.912474 1.000000 0.996782 0.916717 0.850454 0.794910 0.747868 0.707693 0.673153 0.643305 0.617416 0.594908 0.575320 0.558283 0.543498 0.530722 0.519756 0.510438 0.502638 0.496251 0.491192 0.487398 0.484821 0.483430 0.483207 0.484150 0.486271 0.489595 0.494164 0.500034 0.507283 0.516006 0.526324 0.538388 0.552379 0.568522 0.587095 0.608438 0.632973 0.661230 0.693877 0.731770 0.776019 0.828086 0.889941 0.858819 0.807941 0.764492 0.727140 0.694865 0.666871 0.642533 0.621353 0.602931 0.586943 0.573127 0.561266 0.551188 0.542750 0.535838 0.530361 0.526250 0.523453 0.521937 0.521683 0.522687 0.524963 0.528537 0.533454 0.539777 0.547585 0.556985 0.568105 0.581107 0.596189 0.613591 0.633612 0.656619 0.683067 0.713526 0.748716 0.789559 0.837248 0.893358 0.960008 0.917198 0.844792 0.784734 0.734300 0.691523 0.654946 0.623470 0.596252 0.572633 0.552093 0.534218 0.518674 0.505192 0.493552 0.483575 0.475116 0.468055 0.462299 0.457772 0.454417 0.452192 0.451070 0.451037 0.452094 0.454253 0.457539 0.461995 0.467676 0.474657 0.483030 0.492913 0.504449 0.517815 0.533229 0.550957 0.571327 0.594750 0.621736 0.652936 0.689181 0.731553 0.781481 3778.500000 1.183868 0.598188
0.812604 0.849564 0.892298 0.941948 1.000000 0.960072 0.901397 0.851413 0.808527 0.771524 0.739463 0.711606 0.687368 0.666278 0.647959 0.632102 0.618458 0.606820 0.597025 0.588937 0.582449 0.577479 0.573964 0.571861 0.569773 0.563600 0.558891 0.555588 0.553649 0.553051 0.553788 0.555867 0.559314 0.564172 0.570502 0.578384 0.587924 0.599251 0.612528 0.627954 0.645773 0.666284 0.689858 0.716952 0.748136 0.784132 0.825857 0.874497 0.931610 0.894137 0.858187 0.826931 0.799731 0.776073 0.755543 0.737802 0.722576 0.709641 0.698815 0.689952 0.682935 0.677675 0.674108 0.672188 0.671894 0.673221 0.676186 0.680824 0.687193 0.695374 0.705471 0.717621 0.731990 0.748788 0.768269 0.790747 0.767851 0.744595 0.724401 0.706931 0.691911 0.679118 0.668371 0.659523 0.652457 0.647083 0.643335 0.641165 0.640548 0.641475 0.643960 0.648030 0.653738 0.661153 0.670373 0.681518 0.694742 0.710234 0.728228 0.749008 0.772926 0.752959 0.728640 0.707494 0.689155 0.673323 0.659756 0.648256 0.638662 0.630845 0.624704 0.620162 0.617161 0.615664 0.615655 0.617132 0.620115 0.624638 0.630758 0.638553 0.648124 0.659599 0.673139 0.688941 0.707248 0.728356 0.752632 0.780528 5476.000000 1.148557 0.773928
0.718937 0.715299 0.713407 0.713239 0.714793 0.718088 0.723163 0.730082 0.738931 0.749827 0.762914 0.778374 0.796433 0.817365 0.841509 0.869280 0.901193 0.937883 0.932095 0.882952 0.840655 0.804073 0.772326 0.744716 0.720688 0.699796 0.681677 0.666036 0.652634 0.641275 0.631801 0.624084 0.618025 0.613545 0.610591 0.609125 0.609131 0.610607 0.607101 0.601754 0.597928 0.595576 0.594669 0.595197 0.597166 0.600600 0.605540 0.612050 0.620211 0.630131 0.641945 0.655375 0.664687 0.675919 0.689226 0.704800 0.722876 0.743742 0.767753 0.795346 0.827064 0.863583 0.905758 0.954683 1.000000 0.946369 0.900256 0.860405 0.825838 0.795783 0.769629 0.746881 0.727141 0.710083 0.695445 0.683011 0.672605 0.664087 0.655950 0.648840 0.643415 0.639609 0.637374 0.636683 0.637527 0.639918 0.643883 0.649472 0.656756 0.665826 0.676804 0.689840 0.705120 0.722873 0.743381 0.766987 0.794118 0.825300 0.812874 0.789126 0.768525 0.750735 0.735482 0.722543 0.711735 0.702915 0.695967 0.690802 0.687358 0.685591 0.685480 0.687024 0.690242 0.683630 0.677979 0.674031 0.671738 0.671071 0.672023 0.674605 0.678848 0.684806 0.692553 0.702187 0.713838 0.727664 0.731654 0.724366 14946.500000 1.135263 0.814001
0.863681 0.830329 0.801317 0.776070 0.754126 0.735112 0.718722 0.704707 0.692866 0.683034 0.675081 0.668904 0.664425 0.661589 0.660361 0.660727 0.662690 0.666275 0.671525 0.678507 0.687308 0.698045 0.682923 0.669826 0.658779 0.649630 0.642257 0.636567 0.632486 0.629966 0.628975 0.629501 0.631551 0.635149 0.640340 0.647188 0.655782 0.666233 0.678685 0.693313 0.710334 0.728966 0.715908 0.704977 0.696027 0.688940 0.683626 0.680020 0.678076 0.677771 0.679102 0.682085 0.686755 0.693172 0.701415 0.711592 0.723837 0.738322 0.755254 0.774892 0.797552 0.823620 0.853576 0.888013 0.927674 0.959356 0.918506 0.883033 0.852176 0.825323 0.801983 0.781759 0.764326 0.749420 0.736825 0.726367 0.717907 0.711336 0.706571 0.703553 0.702245 0.702632 0.704718 0.708528 0.714109 0.701358 0.679195 0.659930 0.643235 0.628842 0.616531 0.606125 0.597480 0.590481 0.585037 0.581080 0.578560 0.577447 0.577727 0.579405 0.582499 0.587048 0.593109 0.600759 0.610098 0.621252 0.634379 0.647201 0.649029 0.652445 0.657488 0.664223 0.672735 0.683135 0.695564 0.710196 0.727246 0.746979 0.769718 0.795863 0.825907 0.860462 0.900298 0.946392 1.000000 0.997941 0.946455 0.902087 6973.500000 1.280378 0.827256
1.000000 0.945301 0.897936 0.857058 0.821632 0.790848 0.764062 0.740758 0.720517 0.703001 0.687935 0.675093 0.664293 0.655387 0.644631 0.634276 0.625731 0.618885 0.613649 0.609958 0.607767 0.607048 0.607794 0.610013 0.613732 0.618998 0.625875 0.634452 0.644843 0.657189 0.671667 0.688493 0.707934 0.730314 0.723781 0.705758 0.690233 0.676971 0.665784 0.656516 0.649045 0.643274 0.639132 0.636565 0.635545 0.636057 0.638109 0.641725 0.646950 0.653848 0.662509 0.673045 0.685600 0.700352 0.717519 0.737370 0.760234 0.786517 0.785795 0.770121 0.756847 0.745790 0.736801 0.729762 0.724586 0.721209 0.719588 0.719704 0.721559 0.725175 0.730596 0.737890 0.747149 0.758494 0.772078 0.788090 0.806765 0.787377 0.766380 0.748229 0.732642 0.719389 0.708283 0.699173 0.691941 0.686494 0.682763 0.680704 0.680291 0.681520 0.684405 0.688981 0.695306 0.703457 0.707258 0.683195 0.662258 0.644072 0.628332 0.614788 0.603238 0.593518 0.585494 0.579060 0.574135 0.570655 0.568580 0.567882 0.568554 0.570604 0.574057 0.578955 0.585359 0.593353 0.603040 0.614242 0.624719 0.637120 0.651625 0.668454 0.687877 0.710224 0.735904 0.765424 0.799418 0.838686 0.884251 0.937440 1894.500000 1.269479 0.832238
0.957088 1.000000 0.972049 0.926552 0.887166 0.852962 0.823207 0.797315 0.774811 0.755312 0.738506 0.724138 0.712001 0.701928 0.693783 0.687463 0.682886 0.679998 0.676969 0.674487 0.673640 0.674418 0.676830 0.680906 0.686695 0.694270 0.703729 0.715196 0.728827 0.744818 0.763406 0.784885 0.809614 0.838038 0.870703 0.882377 0.850560 0.822872 0.798793 0.777904 0.759863 0.744393 0.731267 0.720301 0.711347 0.704289 0.699038 0.695527 0.693714 0.693577 0.695114 0.698345 0.703307 0.710064 0.718700 0.729327 0.742088 0.757160 0.774762 0.783065 0.784594 0.788031 0.793418 0.800822 0.810336 0.822083 0.836219 0.852942 0.872491 0.895165 0.921327 0.951426 0.949982 0.910629 0.876434 0.846680 0.820792 0.798307 0.778847 0.762105 0.747832 0.735824 0.725916 0.717978 0.711909 0.707632 0.705094 0.704265 0.705135 0.707714 0.712033 0.710029 0.702244 0.696286 0.692083 0.689581 0.688750 0.689581 0.692083 0.696286 0.702244 0.710029 0.719742 0.731511 0.745498 0.761901 0.780966 0.769876 0.758198 0.748646 0.741094 0.735448 0.731636 0.729612 0.729352 0.730851 0.734130 0.739226 0.746204 0.755152 0.766185 0.779451 0.795133 0.813460 0.834710 0.859225 0.887426 0.919832 1316.500000 1.167291 0.846567
0.824612 0.793034 0.765561 0.741655 0.720881 0.702887 0.687384 0.674140 0.662963 0.653700 0.646227 0.640449 0.636293 0.633707 0.632660 0.633139 0.635150 0.638718 0.643885 0.650718 0.659302 0.669752 0.682207 0.696845 0.713883 0.733586 0.749112 0.735581 0.724244 0.714947 0.707568 0.702015 0.698217 0.696127 0.695722 0.696995 0.699961 0.704659 0.711144 0.719499 0.729832 0.742281 0.757017 0.774252 0.794249 0.817328 0.843882 0.874396 0.909473 0.949865 0.996525 1.000000 0.951742 0.910019 0.873817 0.842337 0.814941 0.791117 0.770450 0.752602 0.737298 0.724314 0.713469 0.704616 0.697641 0.692453 0.688990 0.687209 0.687088 0.688626 0.691841 0.696772 0.703482 0.712054 0.722599 0.735260 0.750212 0.767672 0.787908 0.803540 0.778916 0.757526 0.739012 0.723083 0.709499 0.698066 0.688629 0.681062 0.675269 0.671177 0.668735 0.667915 0.668705 0.671116 0.675177 0.680938 0.688471 0.697872 0.709266 0.722808 0.738692 0.757155 0.778488 0.803048 0.801452 0.790410 0.781524 0.774682 0.769797 0.766809 0.765681 0.766401 0.768976 0.773438 0.779841 0.788267 0.798822 0.811645 0.826912 0.844838 0.865690 0.889795 0.917555 0.949464 0.986133 0.951658 0.902956 0.860969 8205.000000 1.258834 0.827825
0.542809 0.537501 0.533569 0.530963 0.529653 0.529622 0.530870 0.533412 0.537279 0.542519 0.549198 0.557404 0.567245 0.578860 0.592418 0.608125 0.626239 0.647071 0.671009 0.689450 0.664157 0.642146 0.623000 0.606382 0.592016 0.579679 0.569189 0.560398 0.553187 0.547461 0.543147 0.540193 0.538560 0.538230 0.539199 0.541478 0.545096 0.550095 0.554996 0.560243 0.566970 0.575262 0.585232 0.597016 0.610787 0.626754 0.645173 0.666363 0.690711 0.718704 0.750947 0.778245 0.756041 0.736794 0.720195 0.705990 0.693975 0.683981 0.675877 0.669557 0.664940 0.661971 0.660613 0.660849 0.662682 0.666134 0.671249 0.678088 0.686740 0.697317 0.709963 0.724853 0.742209 0.719228 0.674381 0.636242 0.603562 0.575394 0.551006 0.529826 0.511400 0.495366 0.481431 0.469359 0.458956 0.450065 0.442557 0.436330 0.431301 0.427404 0.424590 0.422825 0.422088 0.422368 0.423671 0.426011 0.433673 0.442900 0.453644 0.466073 0.480392 0.496854 0.515770 0.537531 0.562623 0.591668 0.625464 0.665054 0.711825 0.767662 0.835187 0.918162 1.000000 0.927876 0.867405 0.816179 0.772424 0.734801 0.702287 0.674083 0.649561 0.628221 0.609661 0.593555 0.579639 0.567766 0.557842 0.549560 2729.000000 1.347610 0.707421
0.720487 0.696471 0.675581 0.657444 0.641762 0.628289 0.616825 0.607209 0.599309 0.593023 0.588270 0.584990 0.583144 0.582709 0.583679 0.586067 0.589902 0.595231 0.602120 0.610659 0.620962 0.633169 0.647457 0.664042 0.665610 0.663575 0.663145 0.664316 0.667100 0.671533 0.677668 0.685583 0.695380 0.707190 0.721175 0.737538 0.756524 0.778439 0.803656 0.832633 0.865943 0.904299 0.948601 1.000000 0.971841 0.940408 0.913075 0.889368 0.868902 0.851361 0.836490 0.824080 0.813966 0.806015 0.800126 0.796228 0.788016 0.763836 0.742832 0.724652 0.709007 0.695664 0.684432 0.675158 0.667719 0.662020 0.657989 0.655576 0.654753 0.655509 0.657853 0.661815 0.667442 0.674805 0.681181 0.671988 0.664620 0.658982 0.655004 0.652636 0.651850 0.652636 0.655004 0.658982 0.664620 0.671988 0.681181 0.692320 0.705557 0.721081 0.739125 0.759972 0.783973 0.783810 0.771889 0.762134 0.754416 0.748639 0.744730 0.742642 0.742348 0.743847 0.747154 0.752312 0.759384 0.765673 0.762888 0.761952 0.762853 0.765604 0.770237 0.776808 0.785402 0.796127 0.809125 0.824574 0.842694 0.863756 0.888093 0.916111 0.948314 0.985323 0.966027 0.908193 0.858845 0.816449 0.779832 0.748083 974.000000 1.395167 0.841779
0.802030 0.797654 0.795230 0.794730 0.796148 0.799500 0.804827 0.812196 0.821699 0.833458 0.847630 0.864412 0.884044 0.906823 0.925842 0.901804 0.881052 0.863266 0.848186 0.835603 0.825347 0.817285 0.811315 0.807361 0.805378 0.805339 0.807245 0.811118 0.817007 0.824983 0.835149 0.847636 0.862612 0.880285 0.900914 0.924814 0.923199 0.900244 0.880472 0.863586 0.849344 0.837548 0.828043 0.820706 0.815446 0.812196 0.810918 0.811597 0.814239 0.818879 0.825571 0.834401 0.845480 0.858955 0.875008 0.893867 0.915812 0.941186 0.970410 1.000000 0.965137 0.934799 0.908432 0.885587 0.865897 0.849065 0.834847 0.823048 0.813511 0.806111 0.800757 0.797382 0.795944 0.796427 0.798836 0.803200 0.809574 0.804703 0.792685 0.782879 0.775157 0.769421 0.765601 0.763649 0.763541 0.765277 0.768877 0.774386 0.781872 0.791428 0.803181 0.817286 0.833940 0.853386 0.875921 0.901910 0.931802 0.929755 0.919163 0.910980 0.905102 0.901458 0.900002 0.900718 0.903613 0.908723 0.916111 0.925869 0.938121 0.939651 0.915368 0.894409 0.876452 0.861236 0.848548 0.838219 0.830115 0.824132 0.820196 0.818260 0.818299 0.820315 0.824331 0.830398 0.838589 0.827545 0.816882 0.808413 1969.500000 1.069401 0.908823
0.704567 0.739068 0.779096 0.825811 0.880742 0.926428 0.882354 0.844226 0.811129 0.782343 0.757292 0.735512 0.716628 0.700335 0.686383 0.674569 0.664729 0.656732 0.650473 0.645874 0.637821 0.625892 0.615857 0.607579 0.600950 0.595883 0.592317 0.590206 0.589525 0.590267 0.592439 0.596068 0.601200 0.607898 0.616248 0.621090 0.620310 0.621026 0.623247 0.627000 0.632331 0.639306 0.648016 0.658575 0.671127 0.685852 0.702969 0.722747 0.745519 0.771692 0.801771 0.836387 0.860246 0.807572 0.762708 0.724219 0.691013 0.662244 0.637248 0.615500 0.596577 0.580138 0.565908 0.553661 0.543214 0.534418 0.527152 0.521319 0.516846 0.513676 0.511770 0.515600 0.521519 0.528865 0.537735 0.548251 0.560563 0.574858 0.591363 0.610358 0.632187 0.657277 0.686163 0.719518 0.758200 0.803324 0.856352 0.919247 0.994698 1.000000 0.923635 0.860031 0.806440 0.760861 0.721805 0.688140 0.658991 0.633677 0.611654 0.592490 0.575835 0.561407 0.548974 0.538349 0.529378 0.521939 0.515931 0.511277 0.507920 0.505817 0.504942 0.505286 0.506852 0.509660 0.513743 0.519154 0.523302 0.528077 0.534238 0.541866 0.551062 0.561953 0.574695 0.589481 0.606548 0.626187 0.648755 0.674696 8320.500000 1.163300 0.688670
0.909320 0.883296 0.860736 0.841276 0.824618 0.810523 0.798793 0.789272 0.781837 0.776393 0.772874 0.771236 0.771460 0.773548 0.777525 0.783441 0.791368 0.801408 0.813691 0.828384 0.845692 0.865869 0.889226 0.916147 0.947102 0.982672 0.994320 0.954970 0.920749 0.890969 0.865073 0.842613 0.823222 0.806604 0.792514 0.780757 0.771174 0.763641 0.758062 0.754369 0.752515 0.752479 0.754260 0.757879 0.763381 0.770834 0.780333 0.792000 0.805993 0.822506 0.841781 0.864112 0.889862 0.919477 0.894764 0.872921 0.854128 0.838103 0.824619 0.813490 0.804571 0.797745 0.792929 0.790063 0.789111 0.790063 0.792929 0.797745 0.804571 0.813490 0.824619 0.838103 0.854128 0.872921 0.894764 0.889490 0.866284 0.846244 0.829063 0.814488 0.802317 0.792385 0.784563 0.778751 0.774878 0.772896 0.772781 0.774532 0.778170 0.783739 0.791308 0.800974 0.812861 0.827128 0.843975 0.863647 0.886444 0.912735 0.942975 0.977723 1.000000 0.958965 0.923302 0.892269 0.865271 0.841827 0.821547 0.804113 0.789265 0.776793 0.766527 0.758332 0.752102 0.747762 0.745256 0.744554 0.745649 0.748552 0.753301 0.759952 0.768590 0.779325 0.792301 0.807695 0.825727 0.846669 0.870854 0.898689 576.000000 1.041107 0.856607
0.894850 0.925147 0.959960 1.000000 0.971157 0.945106 0.922580 0.903229 0.886765 0.872956 0.861614 0.852591 0.845771 0.841070 0.838429 0.837817 0.839226 0.842673 0.848201 0.855877 0.865798 0.878092 0.880243 0.858754 0.840266 0.824502 0.811236 0.800288 0.791514 0.784799 0.780061 0.777241 0.776305 0.777241 0.780061 0.784799 0.791514 0.800288 0.811236 0.824502 0.840266 0.858754 0.880243 0.905070 0.933654 0.960605 0.932345 0.907825 0.886643 0.868471 0.853042 0.840142 0.829594 0.821261 0.815039 0.810849 0.808639 0.808384 0.810080 0.813748 0.819432 0.827203 0.837159 0.849428 0.864176 0.881606 0.898967 0.878214 0.860423 0.845335 0.832739 0.822465 0.814379 0.808379 0.804391 0.802365 0.802278 0.804127 0.807936 0.813751 0.821644 0.831714 0.844094 0.858948 0.876484 0.896956 0.920679 0.944263 0.922268 0.903401 0.887386 0.873998 0.863055 0.854416 0.847971 0.843640 0.841370 0.841132 0.842925 0.846770 0.852713 0.860829 0.871220 0.884021 0.899403 0.887140 0.861803 0.839841 0.820898 0.804687 0.790973 0.779564 0.770310 0.763089 0.757811 0.754411 0.752846 0.753099 0.755172 0.759090 0.764901 0.772677 0.782518 0.794551 0.808940 0.825886 0.845637 0.868500 4130.000000 1.064741 0.895457
0.914134 0.942030 0.945334 0.919081 0.896348 0.876773 0.860063 0.845978 0.834324 0.824947 0.817727 0.812573 0.809421 0.808233 0.808994 0.811714 0.816426 0.823188 0.832084 0.843228 0.829002 0.803623 0.781578 0.762498 0.746082 0.732085 0.720306 0.710586 0.702794 0.696832 0.692625 0.690121 0.689290 0.690121 0.692625 0.696832 0.702794 0.710586 0.720306 0.732085 0.746082 0.762498 0.781578 0.803623 0.829002 0.858172 0.891696 0.930277 0.923182 0.905755 0.891081 0.878958 0.869227 0.861762 0.856470 0.853286 0.852170 0.853110 0.856117 0.861227 0.868504 0.878038 0.889951 0.904400 0.921584 0.941745 0.965186 0.992275 1.000000 0.950862 0.908413 0.871602 0.839602 0.811755 0.787533 0.766506 0.748330 0.732720 0.719445 0.708319 0.699191 0.691941 0.686476 0.682729 0.680653 0.680224 0.680047 0.677996 0.677585 0.678809 0.681682 0.686240 0.692539 0.700659 0.710703 0.722806 0.737136 0.753897 0.773346 0.795792 0.821618 0.851297 0.885414 0.924699 0.970078 0.961318 0.930907 0.904472 0.881563 0.861810 0.844914 0.830630 0.818761 0.809148 0.801668 0.796224 0.792752 0.791207 0.791571 0.793849 0.798069 0.804281 0.812564 0.823022 0.835793 0.851049 0.869005 0.889925 788.000000 1.143829 0.851560
0.839190 0.826665 0.816446 0.808401 0.802427 0.798449 0.796421 0.796316 0.798134 0.801896 0.807649 0.815463 0.825438 0.837704 0.852424 0.869804 0.890095 0.913610 0.940729 0.971920 0.952350 0.923195 0.897870 0.875951 0.857093 0.841013 0.827482 0.816314 0.807364 0.800515 0.795682 0.792805 0.791850 0.792484 0.792201 0.793830 0.797391 0.802926 0.810506 0.820224 0.832208 0.846617 0.863651 0.883557 0.906637 0.933265 0.963896 0.999095 1.000000 0.973404 0.950415 0.930679 0.913901 0.899848 0.888328 0.879190 0.872319 0.867628 0.865060 0.864584 0.866194 0.869785 0.850860 0.834710 0.821102 0.809850 0.800806 0.793853 0.788904 0.785898 0.784798 0.785591 0.788287 0.792918 0.799541 0.808239 0.819124 0.832339 0.848063 0.866521 0.887987 0.912798 0.941369 0.974208 0.970786 0.944456 0.921678 0.902095 0.885416 0.871403 0.859866 0.850653 0.843647 0.838758 0.835929 0.835124 0.836333 0.839571 0.844877 0.836663 0.827097 0.819700 0.814378 0.811067 0.809725 0.810336 0.812908 0.817472 0.824085 0.832827 0.843812 0.857183 0.873123 0.891855 0.913658 0.938872 0.967916 0.955713 0.942793 0.932433 0.924502 0.918899 0.915557 0.914433 0.915516 0.892502 0.871875 0.854190 7236.500000 1.129039 0.895023
0.588444 0.598072 0.609098 0.622064 0.637163 0.654629 0.674752 0.697885 0.724468 0.755048 0.790310 0.831128 0.878624 0.934264 1.000000 0.947222 0.877068 0.818425 0.768869 0.726622 0.690352 0.659043 0.631908 0.608325 0.587805 0.569953 0.554449 0.541035 0.529500 0.519673 0.511413 0.504609 0.499170 0.495027 0.492128 0.491386 0.492109 0.494025 0.497159 0.501549 0.507249 0.514335 0.522898 0.533057 0.544958 0.558780 0.574741 0.593112 0.614224 0.638490 0.666424 0.698674 0.736067 0.728257 0.712540 0.699135 0.687853 0.678537 0.671065 0.665341 0.661294 0.658873 0.658050 0.658814 0.661174 0.665159 0.670819 0.678223 0.687468 0.698675 0.711996 0.727623 0.745788 0.766777 0.790943 0.818718 0.790740 0.763154 0.739148 0.718284 0.700207 0.684626 0.671305 0.660052 0.650712 0.643161 0.637300 0.633057 0.630379 0.629232 0.629604 0.631498 0.634938 0.639966 0.646645 0.641204 0.631255 0.623088 0.616597 0.611697 0.608329 0.606451 0.606040 0.607091 0.609617 0.613648 0.619235 0.626447 0.635378 0.646147 0.658902 0.654159 0.636378 0.620994 0.607766 0.596497 0.587027 0.579227 0.572993 0.568246 0.564927 0.562996 0.562427 0.563215 0.565370 0.568917 0.573900 0.580381 3241.500000 1.239568 0.772884
0.971536 0.946865 0.925591 0.907389 0.891997 0.879202 0.868831 0.860752 0.854863 0.851090 0.849387 0.849734 0.852135 0.856619 0.861261 0.840345 0.822354 0.807020 0.794127 0.783496 0.774989 0.768496 0.763936 0.761253 0.760414 0.761409 0.764251 0.768973 0.775634 0.784318 0.795135 0.808230 0.823780 0.842009 0.863190 0.887657 0.887816 0.876221 0.866986 0.859995 0.855159 0.852419 0.851742 0.853119 0.856568 0.862131 0.869875 0.879899 0.892331 0.907337 0.925122 0.945944 0.970115 0.998021 0.972490 0.946548 0.924123 0.904866 0.888491 0.874769 0.863512 0.854574 0.847841 0.843229 0.840681 0.840166 0.841678 0.845236 0.850882 0.858687 0.868749 0.881197 0.896197 0.913957 0.902627 0.880535 0.861525 0.845312 0.831665 0.820396 0.811356 0.804431 0.799533 0.796601 0.795601 0.796519 0.799368 0.804182 0.811019 0.819966 0.831137 0.844680 0.860779 0.879665 0.878519 0.863823 0.851628 0.841772 0.834129 0.828601 0.825121 0.823646 0.824158 0.826663 0.831192 0.837801 0.846571 0.857615 0.871077 0.887140 0.877934 0.868169 0.860669 0.855340 0.852117 0.850960 0.851857 0.854816 0.859875 0.867096 0.876568 0.888413 0.902788 0.919888 0.939957 0.963293 0.990264 1.000000 2009.500000 1.102684 0.918573
0.729019 0.742110 0.703767 0.670727 0.642128 0.617295 0.595692 0.576893 0.560553 0.546394 0.534187 0.523748 0.514926 0.507599 0.501669 0.497060 0.493713 0.491587 0.490657 0.490910 0.492351 0.494996 0.498877 0.504044 0.510562 0.518517 0.528015 0.539191 0.552209 0.567272 0.584628 0.604581 0.627510 0.653884 0.684294 0.719487 0.760428 0.808374 0.864998 0.932567 0.861807 0.783872 0.720455 0.668020 0.624102 0.586929 0.555197 0.527927 0.504369 0.483939 0.466180 0.450725 0.437281 0.425612 0.415525 0.406862 0.399496 0.393322 0.388258 0.384236 0.381205 0.379129 0.377980 0.377745 0.378422 0.380019 0.382554 0.386060 0.390581 0.396174 0.402914 0.410895 0.420231 0.431064 0.443567 0.457954 0.474486 0.493490 0.515373 0.540650 0.569978 0.604209 0.644467 0.692259 0.749658 0.819588 0.906316 1.000000 0.912028 0.840143 0.780505 0.730415 0.687924 0.651589 0.620319 0.593276 0.569808 0.549400 0.531639 0.516195 0.502800 0.491237 0.481326 0.472925 0.465915 0.460202 0.455712 0.452388 0.450189 0.449088 0.449072 0.450140 0.452305 0.455594 0.460048 0.465722 0.472692 0.481049 0.490912 0.502423 0.515759 0.531137 0.548822 0.569145 0.592513 0.619438 0.650568 0.686735 5426.500000 1.387254 0.580597
0.545737 0.550992 0.557705 0.565965 0.575881 0.587591 0.601266 0.617115 0.635394 0.656419 0.680578 0.708356 0.740356 0.777347 0.820308 0.870515 0.929655 1.000000 0.966186 0.933294 0.904676 0.879817 0.858300 0.839785 0.823995 0.810705 0.799733 0.790934 0.784196 0.779432 0.776586 0.775623 0.776530 0.779319 0.784024 0.790702 0.799438 0.810342 0.823560 0.839272 0.857701 0.853166 0.813453 0.779065 0.749199 0.723216 0.700606 0.680957 0.663937 0.649273 0.636743 0.626167 0.617401 0.610326 0.604852 0.600911 0.598452 0.597448 0.597884 0.599767 0.603120 0.607983 0.614418 0.622506 0.632353 0.638527 0.637288 0.637588 0.639429 0.642833 0.647843 0.654522 0.662952 0.673247 0.685543 0.700015 0.716875 0.736385 0.758866 0.784713 0.814413 0.848576 0.887962 0.933443 0.906012 0.882212 0.861652 0.844017 0.829045 0.816529 0.806298 0.798220 0.792191 0.788137 0.786009 0.785780 0.787447 0.791032 0.796576 0.804151 0.813850 0.825799 0.840159 0.857128 0.876954 0.899937 0.903566 0.848238 0.801114 0.760687 0.725808 0.695590 0.669335 0.646491 0.626615 0.609348 0.594402 0.581538 0.570565 0.561325 0.553693 0.547566 0.542868 0.539643 0.538248 0.538153 0.539357 0.541875 6175.000000 1.220367 0.794333
