60
1000 1000
7 -5 13 19 -2 45 10 59 23 39 46 21 44 9 37
6 5 18 6 2 28 8 38 20 39 46 12 30
3 49 -6 98 29 44 82
8 7 21 14 11 24 8 31 10 36 24 31 35 19 37 13 30
7 -5 16 17 3 45 6 45 34 31 43 14 55 -2 39
3 26 5 63 31 26 56
7 38 22 51 19 62 20 82 35 65 46 53 49 36 40
6 86 67 117 60 147 92 115 112 77 111 52 94
7 103 80 133 66 164 75 187 94 165 131 125 137 100 125
6 42 20 69 6 96 43 60 67 32 75 20 43
8 -3 20 10 11 22 8 41 5 38 21 38 37 22 40 -1 40
5 46 45 77 21 88 70 75 94 30 94
5 2 5 27 -12 47 15 27 45 6 26
3 53 169 213 319 70 419
6 66 90 85 63 128 53 142 102 127 142 99 127
6 11 -29 93 -1 132 66 83 101 29 104 -17 58
5 15 64 120 51 140 102 126 184 30 140
3 62 44 129 78 54 133
8 32 42 56 48 77 55 92 72 80 99 58 106 36 97 25 79
8 27 72 37 45 63 40 87 42 105 79 77 86 52 114 35 105
8 -10 14 -3 -4 24 -7 46 -12 47 19 35 31 24 55 -5 41
8 12 21 29 7 35 -3 47 13 55 21 61 37 37 49 28 35
3 113 116 230 182 112 266
6 -9 35 11 20 34 12 49 34 30 63 2 57
7 17 57 39 29 83 26 119 85 90 118 27 164 -24 112
7 1 13 20 -2 38 9 44 21 34 33 20 39 1 38
8 77 90 94 61 131 87 144 115 115 131 102 147 82 129 48 115
4 82 -22 186 67 104 140 -21 73
4 72 48 118 82 81 120 44 88
3 234 209 368 309 204 368
4 60 26 93 54 62 69 46 53
8 6 43 13 35 20 32 32 37 36 44 35 54 23 57 13 53
5 0 5 23 -1 44 20 25 49 -9 32
6 71 114 78 59 130 90 167 114 136 182 85 176
7 44 42 111 40 164 48 194 98 180 155 105 155 33 119
7 -4 13 7 7 23 -4 35 22 23 29 10 38 -7 26
4 38 46 85 25 109 55 89 78
8 14 17 13 -6 31 7 40 10 56 16 45 38 25 43 17 36
6 22 38 38 38 45 55 39 63 25 65 16 55
5 9 2 25 -1 36 16 24 25 7 20
8 33 52 42 43 52 41 66 39 70 57 76 71 54 71 46 68
5 72 88 138 87 172 135 144 192 85 148
7 131 66 160 50 203 23 234 93 203 139 161 150 107 105
4 204 92 275 128 206 200 130 156
5 -11 -1 44 4 86 36 41 59 -6 54
4 36 12 68 40 29 54 -1 42
8 14 51 32 44 45 36 51 46 58 57 55 72 43 84 21 71
4 54 -20 112 44 58 73 1 40
3 10 -6 49 15 13 33
8 -2 25 0 16 17 3 21 21 24 29 28 39 15 41 -5 44
7 96 40 113 2 168 16 192 51 161 86 130 94 80 79
7 32 61 54 32 82 51 103 75 77 89 53 120 32 86
5 -9 13 21 11 50 41 29 66 -10 52
6 24 16 66 17 93 47 60 81 20 76 -14 55
4 -1 17 15 6 33 16 12 35
7 65 45 83 34 97 43 105 57 110 75 80 76 68 58
3 33 61 108 97 37 128
8 15 29 31 1 50 -15 82 -2 94 28 78 66 58 83 20 61
8 110 184 126 157 158 142 196 160 198 190 198 218 162 227 126 217
8 33 8 51 5 61 8 78 23 63 42 49 46 32 41 10 30
