60
1000 1000
7 -1 -12 101 -15 165 7 205 60 182 111 114 115 34 77
6 1 40 -3 18 30 21 28 41 20 56 -3 66
3 0 29 127 107 25 144
3 61 102 103 124 47 158
5 0 2 33 -16 46 23 34 47 11 39
7 52 97 75 77 116 94 154 125 116 159 87 157 50 143
6 57 175 83 150 125 144 125 176 119 227 77 231
7 34 65 54 63 83 51 83 83 74 96 51 95 32 95
7 151 107 204 29 268 63 258 136 262 186 200 178 126 186
5 21 126 97 85 127 155 72 189 3 179
5 19 39 49 25 72 62 54 93 7 82
7 16 35 38 18 55 26 69 49 65 70 39 67 23 65
5 23 28 42 16 61 39 44 58 26 44
5 56 64 108 61 139 98 105 139 64 122
3 59 34 105 47 64 62
8 6 26 19 30 32 23 40 39 29 52 21 56 13 48 2 40
7 7 8 18 -4 34 3 43 12 31 31 16 33 0 23
7 78 59 95 55 113 62 128 77 130 104 94 107 81 83
3 179 14 339 85 162 176
3 10 20 77 55 -5 105
7 -3 42 33 28 58 28 92 48 65 90 19 93 6 67
8 16 36 24 4 63 0 101 -1 124 37 104 74 57 88 18 86
7 6 -5 48 -37 83 -1 124 35 90 79 45 83 14 61
4 71 106 88 69 139 101 99 155
5 12 18 42 21 58 35 54 68 13 53
3 98 108 186 155 96 201
4 65 -6 114 35 62 101 21 51
4 8 144 73 93 132 142 57 202
5 36 25 87 40 122 73 101 105 37 98
6 130 172 187 132 267 145 309 186 284 259 176 274
3 49 49 116 71 59 105
4 -12 27 10 10 23 24 8 49
7 8 51 28 44 45 44 58 61 45 71 26 71 10 69
6 180 260 238 230 290 226 318 270 279 287 239 290
5 1 20 26 12 50 41 29 57 4 45
8 6 30 38 33 53 35 73 60 74 90 32 97 14 88 -18 66
6 57 28 76 30 98 57 81 72 61 72 32 55
8 25 20 25 10 39 -2 60 -4 72 25 59 42 40 54 21 39
6 1 43 19 30 37 32 57 46 39 65 20 68
8 36 31 57 32 68 42 73 50 80 69 52 74 43 70 43 53
4 26 16 54 -9 85 21 61 42
6 -11 9 8 -4 34 -2 50 19 30 33 16 34
6 33 36 47 40 64 58 48 68 27 70 10 56
6 13 29 27 -1 79 -15 99 37 71 64 23 84
7 18 13 25 -13 56 -7 59 21 62 43 33 44 18 24
4 36 11 56 28 36 40 13 27
8 98 103 134 69 186 91 193 151 189 206 141 196 90 192 72 145
8 77 102 117 69 164 82 186 147 146 190 107 178 82 173 37 149
5 46 11 119 30 168 64 129 110 59 89
8 -3 5 11 -7 24 -4 40 -5 45 12 32 21 24 23 9 20
4 55 -6 134 52 63 100 -29 58
3 28 15 86 44 22 75
3 49 59 138 125 40 164
7 8 31 9 5 36 22 54 40 47 65 17 57 -4 62
7 52 36 68 31 91 22 93 44 89 65 66 75 44 55
4 54 -9 82 25 52 55 15 31
3 42 9 115 45 37 72
5 153 151 222 99 257 197 232 288 155 225
3 41 37 134 66 49 102
5 1 8 28 2 61 26 34 44 3 46
