0.669828 0.679770 0.691702 0.705792 0.722244 0.741309 0.763297 0.763627 0.750605 0.739772 0.730983 0.724125 0.719110 0.715877 0.714387 0.714620 0.716581 0.720292 0.725799 0.733172 0.742503 0.753914 0.767559 0.783629 0.768026 0.749696 0.733948 0.720547 0.709306 0.700070 0.692719 0.687160 0.683321 0.681158 0.680642 0.681769 0.684551 0.689023 0.695239 0.701783 0.692739 0.685555 0.680141 0.676428 0.674372 0.673946 0.675147 0.677988 0.682504 0.688751 0.696808 0.706778 0.718795 0.733024 0.749670 0.768985 0.791278 0.816930 0.846408 0.880292 0.919310 0.964379 0.994964 0.930967 0.876691 0.830284 0.790352 0.755822 0.725858 0.699801 0.677124 0.657406 0.640302 0.625534 0.612875 0.602140 0.593180 0.585872 0.580124 0.575860 0.573030 0.571597 0.571545 0.570338 0.569193 0.569421 0.571025 0.574026 0.578459 0.584380 0.591863 0.601008 0.611937 0.624804 0.639798 0.657152 0.677149 0.700142 0.726563 0.756952 0.791984 0.832520 0.879663 0.934852 1.000000 0.992633 0.939970 0.894661 0.855485 0.821492 0.791933 0.766208 0.743838 0.724432 0.707675 0.693308 0.681121 0.670944 0.662639 0.656098 0.651239 0.648001 0.646344 0.646249 0.647713 0.650756 0.655414 0.661745 16028.000000 1.042729 0.780900
0.946904 0.910013 0.877924 0.849999 0.825723 0.804681 0.786531 0.770999 0.757859 0.746929 0.738062 0.731144 0.726088 0.722830 0.721331 0.721573 0.723559 0.727314 0.732882 0.740333 0.749762 0.730243 0.711565 0.695452 0.681658 0.669984 0.660266 0.652376 0.646210 0.641692 0.638764 0.637391 0.637557 0.639263 0.642531 0.647400 0.653930 0.662205 0.672333 0.676560 0.674042 0.673159 0.673899 0.676272 0.680307 0.686052 0.693581 0.702989 0.714400 0.727971 0.743894 0.762407 0.783801 0.808435 0.836748 0.869287 0.906732 0.949939 1.000000 0.990467 0.946482 0.908333 0.875166 0.846304 0.821199 0.799411 0.780582 0.764418 0.750682 0.739180 0.729757 0.722289 0.716681 0.712864 0.710791 0.710436 0.711796 0.714886 0.719745 0.726432 0.735032 0.745656 0.758446 0.773578 0.791271 0.766223 0.742269 0.721452 0.703419 0.687883 0.674608 0.663403 0.654115 0.646620 0.640821 0.636644 0.634040 0.632976 0.633438 0.635433 0.638985 0.644137 0.650955 0.659523 0.669956 0.682395 0.697015 0.714033 0.733715 0.756387 0.782449 0.790643 0.783342 0.778032 0.774648 0.773147 0.773512 0.775747 0.779879 0.785958 0.794062 0.804292 0.816782 0.831702 0.849261 0.869718 0.893390 0.920667 19990.500000 1.256996 0.853897
0.952064 0.910608 0.874630 0.843341 0.816112 0.792435 0.771901 0.754175 0.738985 0.726110 0.715370 0.704333 0.684127 0.666609 0.651496 0.638557 0.627605 0.618487 0.611081 0.605292 0.601045 0.598289 0.596990 0.597131 0.598716 0.601763 0.606308 0.612410 0.620145 0.629614 0.637965 0.634821 0.633225 0.633160 0.634622 0.637632 0.642224 0.648457 0.656409 0.666183 0.677910 0.691754 0.707916 0.726644 0.748241 0.773081 0.801625 0.834444 0.872256 0.915969 0.923749 0.916502 0.911548 0.908824 0.908298 0.909963 0.913840 0.919977 0.928447 0.939360 0.952855 0.969112 0.955629 0.894287 0.842251 0.797755 0.759462 0.726346 0.697608 0.672616 0.650867 0.631955 0.615552 0.601391 0.589255 0.578966 0.570381 0.563384 0.557884 0.553812 0.551117 0.549766 0.549743 0.551047 0.553695 0.557718 0.563167 0.570110 0.586984 0.609356 0.635091 0.664768 0.699121 0.739096 0.785928 0.841260 0.907324 0.889140 0.858313 0.831488 0.808177 0.787984 0.770587 0.755722 0.743177 0.732777 0.724386 0.717895 0.713222 0.710309 0.709122 0.709645 0.711886 0.715814 0.721521 0.729091 0.738620 0.750232 0.764085 0.780376 0.799343 0.821283 0.846559 0.875616 0.909007 0.947418 0.991713 1.000000 16601.500000 1.273683 0.776138
0.919857 0.878575 0.842783 0.811672 0.784598 0.761047 0.740601 0.722920 0.707730 0.694803 0.683959 0.675049 0.667957 0.662592 0.658888 0.656798 0.656297 0.657379 0.660058 0.664366 0.670356 0.678103 0.687708 0.699297 0.713031 0.729107 0.747768 0.769311 0.794102 0.822591 0.855338 0.822206 0.789302 0.760693 0.735795 0.714141 0.695353 0.679122 0.665197 0.653375 0.643488 0.635405 0.629018 0.624247 0.621033 0.619336 0.619137 0.620431 0.623235 0.627584 0.633530 0.641150 0.650542 0.661831 0.675174 0.690764 0.708840 0.729691 0.753678 0.781241 0.812930 0.849431 0.891612 0.940587 0.997797 1.000000 0.946615 0.900701 0.861013 0.826582 0.796645 0.770591 0.747933 0.728273 0.711291 0.696722 0.684354 0.674012 0.665559 0.658882 0.653897 0.650543 0.648778 0.648581 0.649949 0.652899 0.657467 0.663710 0.671706 0.681560 0.693402 0.707397 0.723748 0.742704 0.764572 0.789726 0.791632 0.765462 0.742699 0.722942 0.705865 0.691203 0.678740 0.668299 0.659741 0.652952 0.647846 0.644359 0.642449 0.642093 0.643286 0.646043 0.650397 0.656403 0.664135 0.673694 0.685206 0.698832 0.714768 0.733255 0.754590 0.779137 0.807345 0.839772 0.877114 0.920251 0.970309 0.967655 6109.000000 1.220608 0.768106
0.676420 0.664825 0.655172 0.647333 0.641205 0.636712 0.633798 0.632427 0.632582 0.634266 0.637499 0.642321 0.648790 0.656991 0.667028 0.679039 0.693190 0.709690 0.728793 0.750812 0.776130 0.805224 0.838682 0.877247 0.921857 0.973719 0.955022 0.920251 0.889992 0.863674 0.840835 0.821100 0.804163 0.789775 0.777733 0.767875 0.760072 0.754225 0.750261 0.748131 0.747809 0.749292 0.752598 0.757767 0.764862 0.773974 0.785220 0.798750 0.814752 0.833457 0.847631 0.810610 0.778484 0.750547 0.726234 0.705093 0.686755 0.670922 0.657351 0.645843 0.636237 0.628405 0.622243 0.617675 0.614644 0.613112 0.613061 0.614490 0.617417 0.621877 0.627926 0.635639 0.645119 0.656490 0.669913 0.685582 0.703738 0.724674 0.748754 0.776424 0.777295 0.768169 0.761068 0.755900 0.752603 0.751136 0.751482 0.753645 0.757651 0.763549 0.771412 0.781341 0.793465 0.807949 0.824995 0.844856 0.867838 0.894321 0.924769 0.959757 1.000000 0.955755 0.910068 0.870552 0.836255 0.806427 0.780469 0.757900 0.738327 0.721434 0.706962 0.694700 0.684477 0.676156 0.669628 0.664812 0.661646 0.660094 0.660135 0.661771 0.665021 0.669925 0.676544 0.684961 0.695287 0.707660 0.706121 0.690119 4205.000000 1.312350 0.826984
0.838295 0.895894 0.948412 0.935829 0.925777 0.918127 0.912783 0.909680 0.908779 0.910071 0.913571 0.919321 0.927392 0.937885 0.950936 0.966716 0.985444 1.000000 0.916569 0.847873 0.790527 0.742122 0.700894 0.665525 0.635010 0.608572 0.585603 0.565617 0.548227 0.533121 0.520044 0.508790 0.499190 0.491106 0.484429 0.479069 0.480373 0.482889 0.486610 0.491583 0.497870 0.505554 0.514738 0.525551 0.538153 0.552738 0.569547 0.588872 0.611079 0.636621 0.666065 0.700134 0.739753 0.786133 0.840879 0.906168 0.912004 0.885532 0.862573 0.842753 0.825769 0.811371 0.799360 0.789573 0.781884 0.776196 0.772437 0.770561 0.770546 0.772393 0.776122 0.781780 0.789437 0.784162 0.779920 0.777586 0.777133 0.778555 0.781870 0.787116 0.794361 0.803694 0.815236 0.829142 0.845602 0.864855 0.887192 0.912972 0.942633 0.940538 0.875628 0.820949 0.774454 0.734618 0.700284 0.670560 0.644746 0.622290 0.602748 0.585764 0.571050 0.558369 0.547529 0.538374 0.530778 0.524640 0.519880 0.516439 0.514273 0.513358 0.513681 0.515246 0.518073 0.522196 0.527667 0.534250 0.542314 0.551976 0.563369 0.576662 0.592058 0.609808 0.630220 0.653675 0.680647 0.711729 0.747672 0.789443 1854.000000 1.394481 0.736020
0.514615 0.516028 0.518701 0.522669 0.527979 0.534699 0.542918 0.551261 0.558035 0.566358 0.576344 0.588130 0.601888 0.617830 0.636213 0.657356 0.681652 0.709587 0.724939 0.714327 0.705696 0.698936 0.693959 0.690705 0.689134 0.689226 0.690984 0.694428 0.699600 0.706564 0.715410 0.720718 0.716534 0.714110 0.713414 0.714439 0.717198 0.721723 0.728071 0.736321 0.746580 0.758982 0.773699 0.790942 0.810968 0.834097 0.860718 0.891312 0.926475 0.953674 0.876001 0.811837 0.758132 0.712703 0.673941 0.640643 0.611884 0.586950 0.565277 0.546417 0.529280 0.507309 0.488218 0.471608 0.457155 0.444601 0.433736 0.424386 0.416414 0.409704 0.404165 0.401005 0.403069 0.406138 0.410250 0.415457 0.421827 0.429447 0.438422 0.448885 0.460997 0.474957 0.491009 0.509454 0.530668 0.555120 0.583407 0.616297 0.654788 0.700207 0.754350 0.819707 0.899837 1.000000 0.979842 0.943082 0.911096 0.883267 0.859095 0.838177 0.820182 0.804842 0.791938 0.781294 0.772769 0.766254 0.761667 0.758953 0.758078 0.759031 0.761824 0.740758 0.705721 0.675403 0.649082 0.626187 0.606263 0.588943 0.573929 0.560980 0.549897 0.540521 0.532721 0.526393 0.521455 0.517845 0.515518 0.514446 2473.000000 1.279911 0.729591
0.939585 0.940503 0.919145 0.900857 0.885374 0.872481 0.862005 0.853809 0.847792 0.843877 0.842018 0.842191 0.844399 0.848668 0.855051 0.863627 0.874505 0.887827 0.903772 0.922563 0.944476 0.969848 0.976490 0.946084 0.919663 0.896780 0.877069 0.860234 0.846033 0.834270 0.824790 0.817470 0.812218 0.808969 0.807685 0.808349 0.810969 0.815578 0.822231 0.831012 0.842034 0.855440 0.871413 0.890179 0.889182 0.868837 0.851408 0.836641 0.824329 0.814307 0.806446 0.800645 0.796834 0.794964 0.795014 0.796984 0.800898 0.806804 0.814775 0.824912 0.837347 0.852248 0.869822 0.890326 0.914075 0.941456 0.972945 1.000000 0.977213 0.957698 0.941169 0.927398 0.916199 0.907428 0.900973 0.896754 0.894720 0.894845 0.897133 0.901610 0.908331 0.917380 0.928871 0.939730 0.910243 0.884617 0.862415 0.843281 0.826927 0.813117 0.801661 0.792405 0.785230 0.780047 0.776790 0.775421 0.775923 0.778301 0.782586 0.788828 0.797107 0.807528 0.820226 0.835375 0.853189 0.873930 0.897921 0.925559 0.947074 0.923531 0.903253 0.885934 0.871327 0.859230 0.849483 0.841960 0.836567 0.833237 0.831929 0.832629 0.835344 0.840107 0.846977 0.856039 0.867410 0.881238 0.897712 0.917065 5601.000000 1.114687 0.899576
0.801264 0.758488 0.721698 0.689897 0.662309 0.638321 0.617445 0.599290 0.583537 0.569929 0.558256 0.548345 0.540059 0.533285 0.527935 0.523941 0.521253 0.519839 0.519680 0.520777 0.523140 0.526800 0.531802 0.538209 0.546104 0.555592 0.566806 0.579907 0.595095 0.612617 0.632772 0.655932 0.671559 0.672369 0.674808 0.678907 0.684716 0.692307 0.701777 0.713253 0.726890 0.742884 0.761473 0.782950 0.807677 0.836097 0.868758 0.906347 0.949728 1.000000 0.974590 0.906519 0.849248 0.800598 0.758949 0.723075 0.692031 0.665080 0.641637 0.621235 0.603501 0.588128 0.574870 0.563523 0.553925 0.545941 0.539466 0.534414 0.530723 0.528347 0.527256 0.527438 0.528895 0.531644 0.535719 0.534248 0.529676 0.526438 0.524496 0.523826 0.524419 0.526282 0.529439 0.533929 0.539806 0.547147 0.556048 0.566632 0.579048 0.593483 0.610163 0.629367 0.651441 0.676808 0.706002 0.739689 0.778722 0.824201 0.877566 0.931397 0.890162 0.854395 0.823298 0.796235 0.772698 0.752272 0.734623 0.719476 0.706609 0.695842 0.687027 0.680051 0.674825 0.671283 0.669383 0.669100 0.670433 0.673396 0.678025 0.684380 0.692538 0.702607 0.714720 0.729045 0.745789 0.765208 0.787613 0.813388 1558.500000 1.404850 0.750180
0.817771 0.783475 0.753683 0.727762 0.705207 0.685611 0.668641 0.654029 0.641554 0.631038 0.622336 0.615333 0.609939 0.606086 0.603727 0.602833 0.603393 0.605414 0.608920 0.613955 0.620581 0.628883 0.638971 0.650982 0.665085 0.681492 0.700458 0.722301 0.747408 0.776260 0.778963 0.745623 0.716676 0.691495 0.669583 0.650536 0.634027 0.619792 0.607614 0.597316 0.588756 0.581820 0.576418 0.572482 0.569963 0.568831 0.569071 0.570686 0.573697 0.578141 0.584071 0.591564 0.600719 0.611657 0.624534 0.639539 0.656903 0.676913 0.699920 0.726357 0.756765 0.791820 0.832383 0.879561 0.934794 1.000000 0.981585 0.916897 0.862156 0.815437 0.775293 0.740616 0.710547 0.684409 0.661663 0.641877 0.624701 0.609852 0.597097 0.586248 0.577152 0.569685 0.563750 0.559270 0.556191 0.554473 0.554097 0.555058 0.557368 0.561053 0.566161 0.572756 0.580921 0.590767 0.602428 0.616074 0.631909 0.650187 0.671220 0.695390 0.712375 0.696505 0.682937 0.671473 0.661957 0.654261 0.648285 0.643955 0.641217 0.640037 0.640402 0.642316 0.645801 0.650901 0.657679 0.666222 0.676641 0.689078 0.703707 0.720745 0.740457 0.763167 0.789276 0.819279 0.853791 0.893585 0.903279 0.857367 1039.500000 1.301699 0.748384
0.879712 0.937581 1.000000 0.937354 0.884098 0.838480 0.799169 0.765140 0.735591 0.709885 0.687516 0.668073 0.651226 0.636704 0.624286 0.613794 0.605083 0.598036 0.592562 0.588592 0.586078 0.584989 0.585311 0.587048 0.590222 0.594871 0.601054 0.608849 0.618358 0.629709 0.643063 0.658617 0.676613 0.697347 0.721183 0.748575 0.780083 0.800263 0.766602 0.737362 0.711923 0.689787 0.670553 0.653895 0.639548 0.627296 0.616962 0.608406 0.601513 0.596195 0.592384 0.590034 0.589117 0.589620 0.591551 0.594932 0.599806 0.606233 0.614294 0.624097 0.635774 0.649491 0.665452 0.683905 0.705159 0.729590 0.757665 0.789967 0.827228 0.870378 0.912703 0.871881 0.836482 0.805712 0.778934 0.755641 0.735421 0.717940 0.702924 0.690152 0.679444 0.670654 0.663667 0.658393 0.654768 0.652746 0.652304 0.653435 0.656154 0.660493 0.666506 0.674269 0.683882 0.695473 0.709201 0.725264 0.713280 0.686784 0.663728 0.643669 0.626252 0.611186 0.598236 0.587208 0.577946 0.570325 0.564244 0.559625 0.556410 0.554561 0.554054 0.554884 0.557060 0.560609 0.565575 0.572021 0.580028 0.589703 0.601179 0.614622 0.630232 0.648257 0.669004 0.692847 0.720251 0.751798 0.788221 0.830456 1909.000000 1.261221 0.755314
0.703256 0.680459 0.660636 0.643441 0.628594 0.615867 0.605075 0.596065 0.588717 0.582935 0.578646 0.575796 0.574352 0.574295 0.575624 0.578356 0.582525 0.588181 0.595396 0.604264 0.614905 0.627465 0.642129 0.659120 0.678714 0.701250 0.727147 0.756922 0.791228 0.830887 0.876956 0.930808 0.901255 0.858748 0.821961 0.790021 0.762239 0.738061 0.717045 0.698829 0.683121 0.669681 0.658316 0.648866 0.641207 0.635240 0.630888 0.628098 0.626836 0.627087 0.628854 0.632158 0.637039 0.643559 0.651801 0.661871 0.673907 0.688076 0.704588 0.723698 0.745721 0.771042 0.800138 0.833603 0.872182 0.915172 0.875435 0.840947 0.810952 0.784850 0.762154 0.742472 0.725485 0.710933 0.698602 0.688322 0.679955 0.673391 0.668548 0.665365 0.663805 0.663847 0.665492 0.668761 0.673693 0.680349 0.688815 0.699199 0.711642 0.726317 0.743022 0.720549 0.701034 0.684154 0.669642 0.657284 0.646904 0.638361 0.631542 0.626360 0.622751 0.620669 0.620091 0.621008 0.623432 0.627392 0.632938 0.640138 0.649086 0.659899 0.672728 0.687754 0.705205 0.725358 0.748552 0.775208 0.805846 0.841115 0.881834 0.929048 0.984109 1.000000 0.935658 0.881089 0.834434 0.794288 0.759574 0.729451 1574.000000 1.120890 0.750216
0.859650 0.835047 0.813719 0.795322 0.779575 0.766249 0.755160 0.746159 0.739130 0.733984 0.730657 0.729108 0.729320 0.731293 0.735054 0.740646 0.748141 0.719993 0.695355 0.673917 0.655293 0.639169 0.625290 0.613447 0.603471 0.595226 0.588601 0.583513 0.579897 0.577709 0.576922 0.577526 0.579529 0.582955 0.587847 0.594266 0.602293 0.612034 0.623623 0.637224 0.653039 0.671319 0.683280 0.694413 0.707649 0.723175 0.741223 0.762078 0.786089 0.813686 0.845402 0.881902 0.924022 0.972828 1.000000 0.961550 0.928100 0.898991 0.873695 0.851778 0.832892 0.816750 0.803120 0.791813 0.782680 0.775602 0.770491 0.767283 0.765939 0.766443 0.768801 0.769736 0.742759 0.719282 0.698877 0.681193 0.665947 0.652906 0.641883 0.632726 0.625311 0.619543 0.615349 0.612678 0.611497 0.611791 0.613564 0.616839 0.621653 0.628069 0.636167 0.646053 0.657861 0.671758 0.687947 0.687857 0.684432 0.682678 0.682573 0.684115 0.687324 0.692239 0.698921 0.707454 0.717948 0.730546 0.745421 0.762790 0.782919 0.784399 0.776651 0.770893 0.767055 0.765089 0.764971 0.766700 0.770296 0.775805 0.783293 0.792856 0.804617 0.818735 0.835406 0.854872 0.877431 0.903448 0.920471 0.887950 1096.500000 1.342118 0.862397
0.953887 0.900731 0.855137 0.815808 0.781737 0.752138 0.726384 0.703976 0.684508 0.667653 0.653144 0.640763 0.630333 0.621711 0.614783 0.609459 0.605673 0.603379 0.602548 0.603171 0.605254 0.608824 0.613924 0.620618 0.628991 0.639154 0.651246 0.665438 0.681942 0.684607 0.681726 0.680501 0.680918 0.682982 0.686717 0.692171 0.699410 0.708528 0.719642 0.732905 0.748503 0.766666 0.787678 0.811885 0.839713 0.871692 0.908478 0.950898 1.000000 0.959412 0.919621 0.885048 0.854965 0.828790 0.806055 0.786378 0.769448 0.755012 0.742865 0.732839 0.724804 0.718655 0.714317 0.711734 0.710877 0.711734 0.714317 0.718655 0.724804 0.732839 0.742865 0.755012 0.769448 0.786378 0.766501 0.741620 0.719983 0.701214 0.685008 0.671113 0.659328 0.649488 0.641459 0.635138 0.630444 0.627320 0.625726 0.625643 0.627071 0.630027 0.634547 0.640687 0.648524 0.658161 0.669726 0.683380 0.699323 0.717798 0.739105 0.763611 0.791770 0.824148 0.861450 0.871023 0.846935 0.826081 0.808129 0.792810 0.779905 0.769237 0.760665 0.754078 0.749394 0.746555 0.745527 0.746298 0.748875 0.753292 0.759602 0.767884 0.778244 0.790819 0.805780 0.823340 0.843760 0.867361 0.894538 0.925775 1809.500000 1.258136 0.820712
0.529565 0.518623 0.509326 0.501543 0.495170 0.490122 0.486336 0.483765 0.482376 0.482154 0.483095 0.485211 0.488528 0.493087 0.498945 0.499898 0.499486 0.500279 0.502286 0.505532 0.510058 0.515919 0.523191 0.531972 0.542381 0.554568 0.568717 0.585054 0.603854 0.625460 0.650294 0.678884 0.711898 0.750187 0.794852 0.847343 0.909603 0.958069 0.912358 0.872816 0.838496 0.808647 0.782670 0.760085 0.740501 0.723600 0.709123 0.696860 0.686640 0.678326 0.671811 0.667010 0.663866 0.662339 0.662412 0.664085 0.666239 0.647736 0.631713 0.617917 0.606139 0.596212 0.587998 0.581389 0.576300 0.572667 0.570445 0.569607 0.570143 0.572059 0.575380 0.580144 0.586413 0.594266 0.603807 0.615165 0.628502 0.623117 0.608387 0.595739 0.584986 0.575978 0.568592 0.562732 0.558323 0.555309 0.553655 0.553339 0.554359 0.556726 0.560469 0.565635 0.572288 0.578953 0.583233 0.589005 0.596344 0.605345 0.616129 0.628846 0.643683 0.660867 0.680679 0.703463 0.729643 0.759748 0.794441 0.834560 0.881183 0.935711 1.000000 0.968827 0.906540 0.853710 0.808539 0.769670 0.736057 0.706890 0.681525 0.659451 0.640257 0.623607 0.609233 0.596911 0.586463 0.574067 0.557067 0.542314 14534.000000 1.413064 0.751976
0.851023 0.797917 0.752757 0.714062 0.680712 0.651837 0.626761 0.604947 0.585964 0.569466 0.555173 0.542855 0.532326 0.523436 0.516060 0.510101 0.505482 0.502144 0.500047 0.499166 0.499488 0.501019 0.503776 0.507794 0.513123 0.519830 0.528004 0.537755 0.549221 0.562148 0.566772 0.572865 0.580504 0.589789 0.600847 0.613834 0.628944 0.646414 0.666533 0.689659 0.716236 0.746814 0.782088 0.822940 0.870508 0.926280 0.992242 1.000000 0.953362 0.912983 0.877913 0.847405 0.820856 0.797784 0.777796 0.760573 0.745854 0.733427 0.723121 0.714799 0.708353 0.703702 0.700790 0.689680 0.672924 0.658512 0.646228 0.635898 0.627381 0.620564 0.615361 0.611705 0.609552 0.608876 0.609668 0.611939 0.615716 0.621044 0.627993 0.631167 0.616330 0.603595 0.592774 0.583716 0.576298 0.570424 0.566018 0.563025 0.561409 0.561150 0.562246 0.564709 0.568569 0.573875 0.580692 0.589110 0.599240 0.611223 0.625232 0.641480 0.660228 0.681796 0.706581 0.735074 0.767889 0.805803 0.849808 0.849325 0.830551 0.814509 0.800967 0.789740 0.780679 0.773665 0.768611 0.765455 0.764159 0.764706 0.767103 0.771379 0.777587 0.785804 0.796135 0.808715 0.823716 0.841349 0.861875 0.885615 1900.500000 1.459128 0.788702
0.790874 0.807011 0.825852 0.847684 0.841004 0.828405 0.818120 0.810015 0.803986 0.799960 0.797886 0.797740 0.799520 0.803247 0.808967 0.816751 0.826697 0.838934 0.853627 0.870978 0.891242 0.866217 0.844514 0.825814 0.809832 0.796339 0.785149 0.776113 0.769114 0.764065 0.760902 0.759588 0.760107 0.762464 0.766689 0.772833 0.780973 0.791213 0.803686 0.818563 0.836053 0.856415 0.879966 0.907097 0.938286 0.974126 1.000000 0.959288 0.923900 0.893104 0.866316 0.843059 0.822949 0.805672 0.790972 0.778640 0.768511 0.760450 0.754354 0.750149 0.747782 0.747223 0.748468 0.751530 0.756448 0.763281 0.758002 0.753748 0.751342 0.750753 0.751976 0.755025 0.759936 0.766771 0.775616 0.786584 0.799822 0.815511 0.833876 0.855196 0.879810 0.903487 0.878985 0.857789 0.839566 0.824045 0.811006 0.800271 0.791699 0.785180 0.780633 0.778002 0.777254 0.778382 0.781397 0.786338 0.793265 0.802266 0.813454 0.826980 0.843029 0.861830 0.883666 0.908884 0.937909 0.971266 0.977408 0.938617 0.904884 0.875528 0.850000 0.827856 0.808736 0.792344 0.778442 0.766835 0.757367 0.749914 0.744382 0.740703 0.738831 0.738744 0.740440 0.743940 0.749288 0.756548 0.765814 0.777205 4436.500000 1.021283 0.871464
1.000000 0.971166 0.946164 0.924588 0.906109 0.890457 0.877415 0.866807 0.858496 0.852376 0.848373 0.846437 0.846544 0.848697 0.852920 0.859266 0.867813 0.859874 0.836221 0.815748 0.798129 0.783103 0.770454 0.760008 0.751629 0.745208 0.740665 0.737944 0.737012 0.737857 0.740491 0.744944 0.751273 0.759555 0.769897 0.782436 0.797342 0.814829 0.835157 0.858647 0.885692 0.916776 0.939031 0.910970 0.886610 0.865551 0.847463 0.832079 0.819182 0.808597 0.800185 0.793839 0.789480 0.787054 0.786532 0.787907 0.791197 0.796441 0.803705 0.813078 0.824684 0.838675 0.855244 0.874632 0.897130 0.923098 0.952979 0.987317 0.963270 0.932190 0.905165 0.881727 0.861495 0.844159 0.829466 0.817211 0.807229 0.799390 0.793595 0.789773 0.787877 0.787883 0.789792 0.793627 0.799434 0.807286 0.817282 0.829553 0.844262 0.861616 0.881867 0.905327 0.881846 0.861447 0.843957 0.829121 0.816731 0.806620 0.798658 0.792742 0.788799 0.786781 0.786664 0.788447 0.792150 0.797819 0.805524 0.795370 0.784771 0.776296 0.769837 0.765313 0.762668 0.761871 0.762912 0.765803 0.770579 0.777299 0.786049 0.796939 0.810114 0.825754 0.844085 0.865379 0.889975 0.918288 0.950826 0.988224 14908.000000 1.075192 0.881162
0.959360 0.908820 0.865319 0.827695 0.795042 0.766644 0.741930 0.720442 0.701807 0.685721 0.671939 0.660259 0.650519 0.642587 0.636361 0.631763 0.628733 0.627237 0.627255 0.628788 0.631854 0.636492 0.642758 0.650732 0.660517 0.672245 0.686080 0.686415 0.667990 0.652059 0.638372 0.626727 0.616958 0.608934 0.602549 0.597721 0.594391 0.592517 0.592077 0.593065 0.595494 0.599392 0.604808 0.611811 0.620489 0.630960 0.643366 0.657887 0.674742 0.694199 0.716589 0.742320 0.771896 0.805949 0.845275 0.890892 0.944118 0.946646 0.908044 0.874490 0.845292 0.819893 0.797841 0.778771 0.762385 0.748441 0.736740 0.727125 0.719468 0.713672 0.709665 0.707397 0.706841 0.707990 0.710858 0.715480 0.721914 0.730239 0.740563 0.753023 0.752098 0.726246 0.703752 0.684208 0.667284 0.652712 0.640272 0.629786 0.621110 0.614130 0.608755 0.604918 0.602571 0.601687 0.602254 0.604279 0.607787 0.612821 0.619443 0.627739 0.637818 0.649817 0.663906 0.680295 0.677771 0.669485 0.662977 0.658164 0.654988 0.653408 0.653407 0.654983 0.658156 0.662965 0.669470 0.677752 0.687920 0.700110 0.714493 0.731277 0.750721 0.773140 0.798923 0.828551 0.862619 0.901874 0.947263 1.000000 4468.500000 1.337672 0.807461
0.779844 0.778717 0.779468 0.782106 0.786664 0.793197 0.801788 0.812546 0.825612 0.841165 0.859425 0.880665 0.905216 0.927239 0.908578 0.892762 0.879571 0.868825 0.860388 0.854150 0.850035 0.847993 0.847998 0.850051 0.854177 0.860427 0.868877 0.879635 0.892840 0.908670 0.927347 0.949141 0.941982 0.921219 0.903482 0.888515 0.876112 0.866109 0.858375 0.852815 0.849360 0.847967 0.848620 0.851326 0.856118 0.863056 0.872226 0.883744 0.897762 0.914471 0.922380 0.890929 0.863564 0.839793 0.819216 0.801509 0.786405 0.773689 0.763187 0.754760 0.748300 0.743727 0.740983 0.740036 0.740874 0.743507 0.747967 0.754309 0.762612 0.772983 0.785558 0.800510 0.818052 0.838444 0.862009 0.858283 0.854439 0.852673 0.852966 0.855319 0.859763 0.866352 0.875166 0.886320 0.888294 0.888242 0.890335 0.894598 0.901084 0.909872 0.921074 0.934835 0.951340 0.970820 0.993558 1.000000 0.966901 0.938111 0.913122 0.891522 0.872975 0.857206 0.843994 0.833161 0.824562 0.818091 0.813665 0.810677 0.803113 0.797594 0.794049 0.792436 0.792736 0.794952 0.799111 0.805263 0.813486 0.823884 0.836593 0.851784 0.863429 0.844596 0.828520 0.814972 0.803764 0.794750 0.787812 0.782864 3942.500000 1.184023 0.915084
1.000000 0.914782 0.844823 0.786565 0.737485 0.695749 0.659988 0.629165 0.602479 0.579304 0.559142 0.541598 0.526351 0.513141 0.501757 0.492027 0.483810 0.476993 0.471486 0.467218 0.464134 0.462197 0.461382 0.461681 0.463097 0.465647 0.469361 0.474288 0.480488 0.488045 0.497059 0.507658 0.520000 0.534276 0.550722 0.569628 0.591354 0.616346 0.645167 0.678531 0.717356 0.762843 0.816589 0.880766 0.958396 0.895050 0.835121 0.784485 0.741322 0.704269 0.672286 0.644568 0.620480 0.599520 0.581284 0.565447 0.551744 0.539960 0.529918 0.521476 0.514519 0.508955 0.504714 0.501741 0.500000 0.499470 0.500146 0.502034 0.505158 0.509556 0.515284 0.522415 0.531044 0.541288 0.553294 0.567243 0.583355 0.601901 0.623216 0.647714 0.675911 0.708459 0.746190 0.790176 0.841828 0.903032 0.874739 0.814703 0.764101 0.721053 0.684157 0.652348 0.624804 0.600881 0.580068 0.561957 0.546218 0.532586 0.520841 0.510808 0.502340 0.495323 0.489663 0.485286 0.482138 0.480180 0.479388 0.479753 0.481278 0.483983 0.487901 0.493080 0.499586 0.507506 0.516946 0.528040 0.540953 0.555885 0.573086 0.592858 0.615580 0.641720 0.671869 0.706778 0.747412 0.795035 0.851331 0.918588 7930.000000 1.096078 0.602696
0.718289 0.681627 0.650017 0.622641 0.598863 0.578176 0.560174 0.544532 0.530985 0.519315 0.509349 0.500941 0.493978 0.488366 0.484032 0.480924 0.479002 0.478242 0.478637 0.480189 0.482919 0.486860 0.492061 0.498588 0.506527 0.515987 0.527100 0.540033 0.554986 0.572209 0.592007 0.614759 0.640935 0.671127 0.706090 0.746794 0.794510 0.850928 0.918354 1.000000 0.917476 0.829574 0.758711 0.700556 0.652141 0.611363 0.576692 0.546989 0.521391 0.499231 0.479986 0.463245 0.448677 0.436015 0.425045 0.415589 0.407505 0.400677 0.395010 0.390428 0.386873 0.384299 0.382675 0.381981 0.382209 0.383361 0.385451 0.388506 0.392562 0.397672 0.403903 0.411339 0.420085 0.430270 0.442053 0.455627 0.471233 0.489166 0.509795 0.533583 0.561116 0.593153 0.630681 0.675014 0.727937 0.791935 0.870570 0.969135 0.941894 0.871835 0.813300 0.763855 0.721716 0.685549 0.654335 0.627285 0.603779 0.583326 0.565531 0.550075 0.536701 0.525196 0.515390 0.507143 0.500342 0.494897 0.490740 0.487816 0.486092 0.485545 0.486170 0.487973 0.490977 0.495218 0.500750 0.507644 0.515991 0.525905 0.537528 0.551033 0.566636 0.584596 0.605239 0.628963 0.656268 0.687784 0.724313 0.761056 3658.500000 1.408450 0.578155
0.747617 0.726554 0.708304 0.692577 0.679133 0.667779 0.658359 0.650746 0.644844 0.640577 0.637892 0.636758 0.637160 0.639103 0.642611 0.647726 0.654513 0.663058 0.663852 0.653504 0.645003 0.638239 0.633125 0.629596 0.627610 0.627143 0.628189 0.630760 0.634889 0.640625 0.648041 0.657233 0.668322 0.681462 0.696842 0.714693 0.735301 0.759015 0.786268 0.817593 0.853660 0.895312 0.943626 1.000000 0.949854 0.906556 0.869036 0.836433 0.808065 0.783382 0.761945 0.743392 0.727432 0.713827 0.702382 0.692941 0.685380 0.679602 0.675534 0.673127 0.672351 0.668371 0.655056 0.643781 0.634391 0.626759 0.620785 0.616396 0.613536 0.612170 0.612282 0.613873 0.616963 0.621589 0.627809 0.635701 0.645369 0.656943 0.670584 0.677863 0.680070 0.683945 0.689534 0.696909 0.706163 0.717417 0.730825 0.746577 0.764906 0.786098 0.774036 0.763590 0.755217 0.748811 0.744290 0.741599 0.740706 0.741599 0.744290 0.748811 0.755217 0.763590 0.774036 0.786693 0.784079 0.767452 0.753292 0.741399 0.731612 0.723800 0.717864 0.713731 0.711348 0.710688 0.711742 0.714524 0.719066 0.725425 0.733680 0.743939 0.756337 0.771043 0.788270 0.808276 0.831379 0.831720 0.799705 0.771853 647.500000 1.137576 0.859445
0.616763 0.598602 0.582844 0.569230 0.557551 0.547633 0.539340 0.532557 0.527197 0.523192 0.520492 0.519063 0.518889 0.519967 0.522311 0.525948 0.530925 0.537304 0.545167 0.554619 0.565793 0.578848 0.593986 0.611449 0.631537 0.654621 0.681159 0.711727 0.747052 0.788065 0.835973 0.892371 0.959409 1.000000 0.931938 0.874524 0.825647 0.783732 0.747581 0.716268 0.689066 0.665398 0.644804 0.626912 0.611419 0.598080 0.586693 0.577096 0.569157 0.562771 0.557855 0.554349 0.552209 0.551408 0.551937 0.553803 0.557028 0.561651 0.567731 0.575346 0.584595 0.595604 0.608531 0.623566 0.640947 0.644205 0.625084 0.608489 0.594147 0.581835 0.571371 0.562609 0.555429 0.549737 0.545462 0.542550 0.540965 0.540688 0.541716 0.544060 0.547751 0.552833 0.559370 0.567447 0.577172 0.588678 0.602133 0.617740 0.635750 0.656471 0.680282 0.707654 0.739177 0.775595 0.817860 0.867206 0.925261 0.968278 0.909096 0.858680 0.815425 0.778102 0.745765 0.717668 0.693221 0.671950 0.653472 0.637479 0.623716 0.611979 0.602098 0.593940 0.587396 0.582382 0.578836 0.576713 0.575989 0.576654 0.578716 0.582201 0.587151 0.593629 0.601716 0.611521 0.623176 0.636849 0.652742 0.637644 883.000000 1.539875 0.717922
0.736932 0.768004 0.803834 0.845307 0.850100 0.821751 0.797090 0.775680 0.757167 0.741261 0.727726 0.716372 0.707044 0.699619 0.694003 0.690126 0.687941 0.687419 0.688557 0.691366 0.695881 0.702159 0.710278 0.707263 0.677346 0.651362 0.628757 0.609087 0.591993 0.577184 0.564425 0.553523 0.544320 0.536690 0.530531 0.525765 0.522330 0.520185 0.519304 0.519675 0.521304 0.524209 0.528428 0.534012 0.541032 0.549581 0.559775 0.571757 0.581336 0.573463 0.567148 0.562311 0.558890 0.556845 0.556149 0.556795 0.558789 0.562158 0.566941 0.573199 0.581012 0.590484 0.601743 0.614950 0.630302 0.648041 0.668465 0.691940 0.718918 0.749965 0.785793 0.827309 0.875685 0.932454 0.999670 1.000000 0.919879 0.853549 0.797934 0.750821 0.710578 0.675975 0.646070 0.620129 0.597575 0.577948 0.560877 0.546063 0.533264 0.522280 0.512950 0.505143 0.498754 0.493699 0.489914 0.487352 0.485980 0.485784 0.486760 0.488920 0.492291 0.496914 0.502847 0.510168 0.518973 0.529386 0.541557 0.555670 0.571954 0.590686 0.588227 0.582868 0.578988 0.576540 0.575492 0.575833 0.577567 0.580714 0.585313 0.591422 0.599119 0.608504 0.619704 0.632877 0.648218 0.665966 0.686413 0.709920 2982.500000 1.539519 0.756903
0.745267 0.719650 0.697360 0.677993 0.661223 0.646783 0.634456 0.624066 0.615469 0.608552 0.603226 0.599423 0.597098 0.596222 0.596784 0.598790 0.602266 0.607254 0.613817 0.622038 0.632025 0.643915 0.657876 0.674116 0.692889 0.714508 0.702068 0.685507 0.671289 0.659205 0.649084 0.640790 0.634213 0.629271 0.625901 0.624062 0.623733 0.624909 0.627603 0.631850 0.637702 0.645232 0.654537 0.665743 0.679002 0.694508 0.712495 0.733253 0.757134 0.784577 0.816125 0.852455 0.894426 0.943134 1.000000 0.991551 0.930960 0.879344 0.835056 0.796844 0.763735 0.734967 0.709936 0.688158 0.669240 0.652865 0.638774 0.626757 0.616641 0.608290 0.601591 0.596459 0.592831 0.590660 0.589922 0.590606 0.592721 0.596294 0.601367 0.608005 0.616292 0.626337 0.638279 0.652287 0.647516 0.639159 0.632521 0.627514 0.624079 0.622171 0.621768 0.622865 0.625476 0.629632 0.635384 0.642806 0.651992 0.663065 0.676177 0.691518 0.709321 0.729868 0.753511 0.780681 0.791482 0.777303 0.765435 0.755717 0.748022 0.742252 0.738336 0.736225 0.735894 0.737339 0.740577 0.745648 0.752614 0.761564 0.772613 0.785908 0.801634 0.820019 0.841340 0.865942 0.893104 0.847733 0.808603 0.774710 4870.000000 1.321500 0.806620
0.945740 0.893153 0.848041 0.809123 0.775406 0.746112 0.720624 0.698447 0.679181 0.662503 0.648148 0.635902 0.625589 0.617068 0.610227 0.604976 0.601252 0.599007 0.598215 0.598866 0.600968 0.604545 0.609644 0.616326 0.624678 0.634810 0.646860 0.660999 0.677439 0.696438 0.718314 0.712514 0.705059 0.699426 0.695545 0.693368 0.692868 0.694040 0.696898 0.701476 0.707831 0.716043 0.726218 0.738491 0.753032 0.770049 0.789799 0.812598 0.838834 0.868983 0.903639 0.943541 0.910465 0.880153 0.853785 0.830894 0.811101 0.794099 0.779634 0.767502 0.757539 0.749615 0.743627 0.739501 0.737188 0.736658 0.737905 0.740944 0.745812 0.752570 0.761303 0.747045 0.724441 0.704813 0.687833 0.673237 0.660806 0.650364 0.641768 0.634907 0.629692 0.626057 0.623959 0.623372 0.624288 0.626719 0.630695 0.636264 0.643496 0.652484 0.663348 0.676236 0.691333 0.708867 0.729115 0.752420 0.779204 0.809988 0.844915 0.817584 0.793819 0.773206 0.755410 0.740158 0.727228 0.716437 0.707642 0.700728 0.695607 0.692216 0.690513 0.690478 0.692110 0.695430 0.700477 0.707314 0.716028 0.726732 0.739570 0.754720 0.772403 0.792891 0.816517 0.843688 0.874910 0.910811 0.952175 1.000000 6917.500000 1.249548 0.820824
0.698055 0.709190 0.685205 0.664337 0.646214 0.630531 0.617044 0.605549 0.595884 0.587917 0.581543 0.576680 0.573267 0.571262 0.570641 0.571397 0.573538 0.577091 0.582099 0.588625 0.596753 0.606591 0.618273 0.631966 0.647875 0.666253 0.687408 0.711721 0.739665 0.771827 0.808952 0.851984 0.902148 0.927844 0.882976 0.844188 0.810534 0.781271 0.755804 0.733657 0.714444 0.697849 0.683617 0.671539 0.661447 0.653203 0.646702 0.641859 0.638616 0.636932 0.636787 0.638179 0.641125 0.645661 0.651844 0.659750 0.669483 0.681174 0.694984 0.711114 0.729811 0.751376 0.728351 0.697689 0.671056 0.647885 0.627722 0.610202 0.595028 0.581959 0.570797 0.561381 0.553584 0.547300 0.542450 0.538972 0.536823 0.535978 0.536425 0.538171 0.541236 0.545658 0.551493 0.558815 0.567720 0.578329 0.590792 0.605295 0.622064 0.641378 0.663579 0.689092 0.718446 0.752304 0.791513 0.837161 0.890674 0.953950 1.000000 0.939324 0.887607 0.843212 0.804894 0.771685 0.742826 0.717715 0.695868 0.676894 0.660476 0.646355 0.634323 0.624206 0.615867 0.609197 0.604109 0.600540 0.598446 0.597802 0.598600 0.600850 0.604578 0.609831 0.616675 0.625198 0.635512 0.647759 0.662113 0.678791 6124.000000 1.368123 0.748639
0.837763 0.777434 0.726843 0.683981 0.647365 0.615879 0.588666 0.565060 0.544535 0.526674 0.511139 0.497659 0.486012 0.476019 0.467532 0.460432 0.454623 0.450030 0.446594 0.444272 0.443036 0.442870 0.443774 0.445757 0.448844 0.453074 0.458498 0.465189 0.473235 0.482747 0.493864 0.506754 0.521626 0.538734 0.558393 0.580994 0.607026 0.637107 0.672028 0.712816 0.760826 0.817883 0.886501 0.901162 0.843615 0.794776 0.752997 0.717032 0.685923 0.658923 0.635440 0.615005 0.597237 0.581829 0.568531 0.557140 0.547489 0.539444 0.532898 0.527764 0.523979 0.521496 0.520283 0.520326 0.521626 0.524199 0.528075 0.533304 0.539951 0.548103 0.557870 0.569387 0.582824 0.598387 0.616329 0.636962 0.660671 0.687935 0.719354 0.755687 0.797910 0.847293 0.881189 0.816272 0.761973 0.716065 0.676913 0.643289 0.614258 0.589091 0.567219 0.548185 0.531627 0.517250 0.504813 0.494123 0.485021 0.477377 0.471088 0.466070 0.462260 0.459610 0.458088 0.457674 0.458365 0.460168 0.463105 0.467213 0.472543 0.479163 0.487162 0.496649 0.507761 0.520665 0.535565 0.552714 0.572422 0.595074 0.621150 0.651258 0.686171 0.726888 0.774728 0.831452 0.899477 0.982201 1.000000 0.910622 1470.500000 1.209020 0.596610
0.686363 0.687191 0.689684 0.690782 0.693059 0.697036 0.702761 0.710307 0.719770 0.731273 0.744974 0.761067 0.779790 0.801437 0.826368 0.855026 0.887959 0.925850 0.933241 0.912616 0.894993 0.880118 0.867785 0.857831 0.850128 0.844579 0.841114 0.839693 0.840297 0.842934 0.847637 0.854462 0.863495 0.874851 0.888680 0.905168 0.924549 0.943293 0.909073 0.879293 0.853393 0.830920 0.811504 0.794847 0.780702 0.768872 0.759197 0.751550 0.745835 0.741980 0.739938 0.739685 0.741216 0.744551 0.749731 0.756819 0.765906 0.777108 0.790576 0.806495 0.825098 0.846667 0.871550 0.900174 0.879783 0.854996 0.833520 0.815012 0.799192 0.785831 0.774745 0.765787 0.758841 0.753820 0.750661 0.749326 0.749799 0.752085 0.756213 0.762233 0.770220 0.780275 0.792531 0.807154 0.824350 0.844373 0.867536 0.894219 0.908772 0.886680 0.867677 0.851480 0.837858 0.826625 0.817634 0.810767 0.805941 0.803095 0.802194 0.803229 0.806211 0.811176 0.818187 0.827330 0.838724 0.852517 0.868901 0.888108 0.910426 0.936209 0.965889 1.000000 0.970664 0.926327 0.887909 0.854528 0.825482 0.800210 0.778259 0.759260 0.742914 0.728976 0.717248 0.707568 0.699810 0.693873 0.689684 0.687191 1823.500000 1.070798 0.859393
0.986308 0.932225 0.885787 0.845698 0.810949 0.780749 0.754471 0.731609 0.711756 0.694581 0.679814 0.667237 0.656669 0.647968 0.641018 0.635731 0.632041 0.629902 0.629289 0.630193 0.632626 0.636618 0.642217 0.649495 0.658544 0.669484 0.682465 0.697674 0.715339 0.735741 0.759223 0.786209 0.757996 0.732907 0.711083 0.692140 0.675767 0.661707 0.649754 0.639739 0.631526 0.625008 0.620102 0.616746 0.614900 0.614541 0.615665 0.618285 0.622433 0.628162 0.635541 0.644668 0.655663 0.668679 0.683903 0.701565 0.721950 0.745404 0.772356 0.803338 0.839016 0.880229 0.928051 0.972898 0.923988 0.881783 0.845213 0.813436 0.785787 0.761731 0.740835 0.722750 0.707190 0.693922 0.682758 0.673543 0.666158 0.660507 0.656520 0.654146 0.653358 0.654146 0.656520 0.660507 0.666158 0.673543 0.682758 0.693922 0.707190 0.722750 0.740835 0.761731 0.785787 0.791902 0.759492 0.731323 0.706811 0.685487 0.666971 0.650956 0.637192 0.625473 0.615634 0.607540 0.601086 0.596188 0.592787 0.590839 0.590321 0.591228 0.593569 0.597374 0.602689 0.609581 0.618140 0.628477 0.640736 0.655093 0.671762 0.691011 0.713164 0.738623 0.767885 0.801572 0.840468 0.885573 0.938183 1.000000 1997.000000 1.274660 0.762809
0.855874 0.885922 0.920453 0.960193 1.000000 0.960762 0.926635 0.896935 0.871114 0.848725 0.829407 0.812863 0.798853 0.787182 0.777693 0.770264 0.764801 0.761236 0.759525 0.759648 0.761605 0.765422 0.771144 0.777306 0.756350 0.738227 0.722651 0.709393 0.698265 0.689115 0.681822 0.676295 0.672464 0.670281 0.669721 0.670776 0.673460 0.677804 0.683864 0.691714 0.701456 0.713218 0.727164 0.743493 0.762451 0.784340 0.809531 0.806091 0.802793 0.801445 0.802031 0.804557 0.809054 0.815578 0.824209 0.835059 0.848268 0.864018 0.882529 0.904077 0.892111 0.867109 0.845450 0.826791 0.810849 0.797394 0.786242 0.777244 0.770285 0.765276 0.762157 0.760888 0.761455 0.763864 0.768145 0.774350 0.782557 0.792870 0.805425 0.820392 0.837983 0.858458 0.872402 0.843818 0.818959 0.797388 0.778753 0.762764 0.749187 0.737831 0.728544 0.721203 0.715716 0.712013 0.710051 0.709805 0.711272 0.714470 0.719437 0.726236 0.734953 0.745699 0.758619 0.773892 0.791738 0.812431 0.807928 0.788155 0.771139 0.756627 0.744411 0.734324 0.726233 0.720035 0.715650 0.713026 0.712131 0.712953 0.715503 0.719811 0.725931 0.733940 0.743939 0.756061 0.770471 0.787375 0.807025 0.829732 7976.000000 1.151658 0.878602
0.884162 0.961445 1.000000 0.921477 0.856301 0.801539 0.755070 0.715322 0.681109 0.651517 0.625834 0.603498 0.584060 0.567159 0.552502 0.539851 0.529013 0.519829 0.512171 0.505937 0.501045 0.497433 0.495058 0.493889 0.493913 0.495130 0.497554 0.501215 0.506160 0.512449 0.520166 0.529414 0.540321 0.553048 0.567790 0.584787 0.604333 0.626794 0.652621 0.682383 0.716799 0.756790 0.803558 0.858691 0.924338 0.874819 0.820034 0.773460 0.733565 0.699185 0.669423 0.643580 0.621098 0.601534 0.584530 0.569795 0.557095 0.546236 0.537060 0.529443 0.523281 0.518496 0.515028 0.512832 0.511883 0.512170 0.513695 0.516476 0.520549 0.525964 0.532790 0.541116 0.551055 0.562747 0.576365 0.592120 0.610272 0.631140 0.655121 0.682705 0.714511 0.751324 0.794154 0.844319 0.903573 0.974295 0.929031 0.857449 0.797893 0.747757 0.705147 0.668656 0.637216 0.610002 0.586373 0.565819 0.547932 0.532384 0.518910 0.507293 0.497357 0.488958 0.481980 0.476329 0.471934 0.468737 0.466700 0.465799 0.466021 0.467370 0.469862 0.473527 0.478412 0.484578 0.492106 0.501098 0.511680 0.524009 0.538275 0.554714 0.573613 0.595331 0.620311 0.649111 0.682440 0.721208 0.766605 0.820208 2720.000000 1.117967 0.601778
0.701657 0.720194 0.718604 0.706195 0.695855 0.687446 0.680858 0.676008 0.672837 0.671304 0.671393 0.673103 0.676456 0.681492 0.688275 0.696889 0.707448 0.720093 0.735001 0.752391 0.772529 0.795745 0.822443 0.853120 0.888398 0.852499 0.783188 0.725918 0.677975 0.637413 0.602800 0.573063 0.547378 0.525107 0.505749 0.488903 0.474249 0.461527 0.450527 0.441077 0.433038 0.426294 0.420755 0.416349 0.413019 0.410723 0.409433 0.417097 0.429481 0.443724 0.460091 0.478909 0.500589 0.525652 0.554764 0.588791 0.628879 0.676574 0.734010 0.804220 0.891657 1.000000 0.947581 0.902450 0.863408 0.829519 0.800044 0.774394 0.752093 0.732757 0.716072 0.701782 0.689681 0.679600 0.671403 0.664984 0.660263 0.657180 0.655698 0.655799 0.657484 0.660774 0.665709 0.672350 0.658834 0.642152 0.627769 0.615466 0.605065 0.596424 0.589425 0.583980 0.580018 0.577492 0.576371 0.576640 0.578303 0.581381 0.585910 0.591948 0.599571 0.608879 0.619998 0.633084 0.648330 0.665972 0.686301 0.709673 0.722386 0.703554 0.687294 0.673353 0.661529 0.651655 0.643600 0.637258 0.632548 0.629413 0.627814 0.627731 0.629164 0.632130 0.636665 0.642825 0.650688 0.660357 0.671961 0.685661 1244.000000 1.160642 0.717758
0.819311 0.757696 0.706283 0.662899 0.625958 0.594272 0.566940 0.543262 0.522692 0.504794 0.489221 0.475692 0.463979 0.453895 0.445291 0.438042 0.432050 0.427235 0.423535 0.420904 0.419310 0.418732 0.419165 0.420612 0.423093 0.426636 0.431288 0.437106 0.444169 0.452571 0.462434 0.473902 0.487158 0.502421 0.519965 0.540127 0.563328 0.590096 0.621106 0.657228 0.699600 0.749742 0.809728 0.882459 0.972117 1.000000 0.919283 0.852523 0.796593 0.749243 0.708818 0.674073 0.644054 0.618020 0.595388 0.575693 0.558561 0.543692 0.530839 0.519803 0.510422 0.502562 0.496118 0.491005 0.487158 0.484529 0.483085 0.482810 0.483700 0.485765 0.489032 0.493539 0.499345 0.506524 0.515171 0.525406 0.537377 0.551266 0.567294 0.585736 0.606928 0.631289 0.659342 0.691749 0.729353 0.773252 0.824887 0.800594 0.756586 0.718807 0.686195 0.657930 0.633367 0.611993 0.593397 0.577249 0.563276 0.551261 0.541024 0.532419 0.525330 0.519662 0.515343 0.512320 0.510555 0.510026 0.510728 0.512668 0.515871 0.520376 0.526238 0.533535 0.542361 0.552839 0.565117 0.579381 0.595857 0.614821 0.636616 0.661666 0.690499 0.723783 0.762368 0.807353 0.860182 0.922788 0.986720 0.894178 629.500000 1.281329 0.590689
