35
1000 1000
6 209 159 285 110 317 227 277 274 221 269 145 214
6 191 244 293 250 339 314 282 381 215 383 133 344
8 249 150 273 111 322 152 372 194 332 236 279 263 204 261 177 212
4 -27 44 34 -3 95 41 40 97
5 44 4 82 -18 107 26 88 76 40 57
7 22 35 35 15 60 34 78 48 69 70 44 61 18 58
8 0 35 10 -2 37 16 38 48 36 64 18 71 -14 68 -6 45
6 68 206 89 176 142 174 163 214 140 255 93 250
5 46 17 66 -5 89 25 62 48 36 48
4 -3 21 28 4 49 20 27 44
4 42 43 73 26 110 56 67 81
4 -7 19 15 -2 52 9 23 50
7 5 4 22 -7 35 -6 47 8 37 24 16 26 1 23
5 23 32 55 16 77 43 50 65 23 66
7 3 55 48 33 127 11 118 83 98 127 34 192 -7 120
6 35 33 67 21 84 47 55 68 28 76 27 50
6 29 74 36 45 85 35 103 82 87 110 35 112
6 142 326 205 266 255 280 307 337 273 391 187 408
5 36 50 78 44 119 76 75 114 17 97
8 9 27 19 14 38 2 58 15 74 30 72 67 42 84 11 69
3 167 91 286 156 161 221
3 31 6 100 57 35 115
7 13 14 18 8 29 8 40 20 32 33 13 40 10 25
4 7 21 25 -4 41 20 23 48
5 2 54 63 56 87 86 61 110 26 99
5 116 141 154 129 187 161 151 209 86 197
5 193 126 245 87 304 138 244 187 191 177
4 220 266 261 334 212 394 165 339
3 37 30 94 50 41 83
6 -2 -10 29 -7 29 17 27 36 2 42 -18 16
4 33 0 74 27 39 56 3 30
6 52 16 112 12 152 72 110 105 55 100 31 73
3 16 10 87 54 15 86
6 10 23 34 21 44 41 32 65 14 49 -8 44
3 28 7 60 22 23 44
