30
1000 1000
3 86 84 219 136 93 222
5 8 16 45 2 67 27 44 48 6 46
8 0 43 19 29 28 17 59 25 57 48 49 63 33 59 10 68
6 205 174 268 181 302 229 294 310 217 284 149 245
6 3 14 13 3 25 3 35 14 27 26 14 26
4 2 8 25 -11 41 8 23 32
7 -22 97 30 31 115 41 145 116 105 170 55 195 30 143
3 19 -20 111 72 16 119
6 19 15 36 20 56 36 38 60 14 55 -4 41
7 -1 21 11 2 27 8 30 25 25 38 12 47 -5 35
5 -8 26 48 -6 67 56 55 85 9 76
7 -1 18 14 5 27 12 38 31 27 47 15 45 3 38
6 8 32 14 14 33 22 47 34 36 46 15 50
7 23 45 46 8 80 27 84 49 73 82 44 91 2 74
3 73 -1 215 69 86 108
3 17 3 61 35 20 57
4 7 41 39 17 70 39 45 71
3 40 -3 145 53 42 129
7 106 151 113 104 154 127 180 154 151 182 129 213 99 168
3 42 34 83 57 32 96
5 14 -1 46 -7 87 20 52 55 20 31
3 64 -4 154 54 49 83
8 18 35 31 2 61 -10 95 -4 115 32 95 63 53 92 27 72
3 50 54 80 70 44 106
3 29 22 87 48 35 79
5 92 181 154 171 192 216 181 273 84 244
7 -30 52 24 47 72 36 85 68 57 103 35 106 7 93
6 95 65 137 52 151 101 135 126 96 132 84 96
8 -15 49 45 25 100 59 117 108 106 155 60 159 1 152 -18 103
8 87 67 95 41 119 51 140 58 164 67 132 88 122 116 97 100
