50
1000 1000
8 38 22 63 18 76 24 80 42 78 63 61 67 51 53 48 43
4 134 122 175 91 203 120 174 188
4 8 22 46 -5 73 26 40 45
7 -14 7 10 -10 25 4 36 16 36 34 16 35 3 27
7 57 90 86 79 113 61 114 101 118 140 71 149 50 117
6 6 -4 23 -5 44 7 24 28 0 31 -21 11
4 55 38 80 52 58 71 29 56
4 59 63 104 37 131 66 100 103
7 95 127 131 109 173 117 228 144 175 187 136 199 92 178
4 -12 17 15 5 38 23 11 36
8 10 72 47 46 79 11 116 40 163 84 122 127 94 124 54 110
6 33 55 68 64 117 94 79 128 32 127 -9 99
7 19 50 34 34 45 44 55 63 54 86 28 79 19 63
6 4 29 13 10 35 0 56 31 35 52 6 57
8 99 82 128 34 203 61 233 127 181 167 145 191 75 191 48 136
8 195 98 220 46 260 62 309 34 335 96 310 138 267 143 206 176
6 80 -9 163 -46 201 50 178 124 73 108 15 71
4 36 29 64 52 34 65 3 50
5 62 77 121 56 124 96 110 136 59 133
3 157 169 334 300 169 377
4 31 95 146 55 243 108 141 172
5 25 22 72 2 134 49 70 105 16 92
4 90 86 139 122 102 169 61 129
6 44 27 72 30 81 56 69 66 47 68 37 56
6 27 3 42 2 52 15 39 27 23 28 12 15
7 1 26 19 22 35 28 49 47 34 57 15 58 2 51
7 4 11 27 -3 76 -27 97 17 66 59 34 60 -13 54
6 5 19 30 5 53 3 56 17 58 44 25 40
7 89 68 145 40 180 56 207 94 188 137 144 153 118 107
6 126 88 135 58 171 66 172 89 166 115 136 124
7 11 29 31 18 47 13 52 39 45 56 23 66 0 49
8 71 107 123 107 162 102 166 146 163 175 134 194 99 182 97 147
7 20 68 74 59 126 39 116 79 99 108 81 121 45 97
6 18 70 62 10 108 32 116 75 105 95 57 144
6 -21 34 -7 0 35 11 57 39 41 65 -10 66
5 12 1 29 -2 36 10 30 28 10 22
5 -11 10 25 -8 43 19 27 53 6 32
5 27 41 44 31 62 47 42 67 22 57
6 34 77 76 31 109 44 124 86 117 122 69 109
8 6 19 33 10 46 20 60 44 42 61 23 81 8 68 7 44
7 73 60 89 54 109 44 110 69 110 86 86 90 71 75
8 7 6 20 0 27 4 37 14 29 26 16 27 8 25 2 15
7 54 58 72 52 94 43 103 65 97 98 70 100 55 82
3 49 49 105 83 52 98
4 58 -18 82 28 48 46 29 26
4 62 3 119 95 62 163 -4 90
3 9 30 141 102 10 151
6 87 130 156 117 179 183 144 207 81 245 88 179
8 22 19 57 -7 91 32 88 50 96 74 64 82 22 91 31 55
4 24 12 38 36 19 53 3 34
