60
1000 1000
6 18 32 50 -1 85 -2 118 33 90 79 45 81
7 119 82 165 62 194 83 233 108 196 138 168 134 150 113
8 45 46 55 25 70 15 82 38 101 51 96 73 68 69 60 61
5 41 29 68 38 84 47 69 63 53 58
8 73 151 119 130 146 82 184 119 187 154 182 197 134 195 96 183
4 -10 68 64 5 118 76 61 127
4 434 11 529 140 443 214 369 148
6 56 47 52 8 112 10 163 64 101 81 67 88
8 43 32 64 17 98 11 110 57 79 79 54 112 21 91 6 60
5 32 37 56 35 63 48 55 68 35 58
7 5 6 39 -9 68 -10 115 18 79 59 38 64 10 46
5 29 10 92 0 149 44 97 97 38 86
4 53 27 127 87 53 127 -9 91
7 14 14 20 3 33 7 39 20 34 34 20 34 12 23
4 18 60 88 6 186 76 81 122
8 14 90 55 84 81 80 114 130 84 155 51 173 17 157 -10 131
3 15 22 67 50 15 70
5 2 13 79 6 97 56 85 138 28 85
8 14 28 16 18 24 17 33 20 46 32 34 42 23 40 9 45
8 5 18 14 11 19 9 27 11 42 19 34 30 22 35 10 29
6 119 114 163 114 178 150 155 188 98 191 88 157
3 31 54 71 78 22 99
3 29 3 61 26 30 40
7 13 7 36 1 60 10 70 28 58 54 40 54 16 35
7 105 131 161 120 219 118 246 179 225 248 161 260 87 203
4 27 86 130 24 229 99 144 211
5 5 2 32 -3 57 27 30 38 -4 36
8 -21 43 10 4 56 8 88 12 86 47 84 68 56 102 24 69
7 -37 29 21 9 65 25 101 41 64 88 11 101 -32 74
4 7 29 17 10 38 32 18 45
4 -9 35 36 9 64 42 33 66
7 1 31 14 29 29 25 42 41 35 61 11 62 3 52
5 3 7 43 -8 57 24 34 45 19 28
7 127 60 141 44 192 46 196 81 179 101 152 112 117 90
4 100 139 187 54 272 143 181 238
8 -4 5 5 -3 17 -6 27 0 34 8 31 25 19 30 7 23
8 -26 69 -3 47 38 36 69 46 107 64 76 115 42 121 8 113
3 15 -10 215 46 7 146
8 90 76 101 48 129 27 175 53 158 79 157 115 126 136 102 103
5 28 -8 80 -12 128 26 81 79 30 71
3 28 3 60 25 28 52
5 20 35 64 19 74 63 71 98 26 88
3 56 34 102 62 56 93
4 9 24 30 -8 69 34 41 57
4 195 41 225 141 186 177 107 143
5 53 35 75 23 92 40 76 65 43 56
3 90 34 142 73 94 91
3 82 59 152 90 86 109
4 14 34 44 17 77 41 41 58
3 39 6 85 39 38 62
7 14 37 42 17 64 34 98 58 71 98 38 106 5 87
8 95 60 119 48 160 44 178 84 160 135 120 138 88 140 93 93
7 113 67 138 37 154 60 183 75 161 123 134 120 116 95
3 30 19 139 73 43 142
6 32 62 53 78 64 87 55 108 30 118 27 91
6 28 18 29 1 49 0 54 22 47 34 32 34
7 26 56 33 44 44 49 49 57 48 71 28 80 27 62
5 20 67 113 56 153 103 111 186 33 163
5 21 10 52 -7 60 31 50 50 11 52
8 48 29 41 15 59 17 71 15 72 27 66 38 54 45 44 48
