0.773369 0.815759 0.828320 0.807606 0.789759 0.774510 0.761638 0.750967 0.742354 0.735689 0.730888 0.727891 0.726662 0.727186 0.729469 0.733539 0.739447 0.747265 0.757094 0.769063 0.783333 0.800106 0.790459 0.756233 0.726526 0.700689 0.678204 0.658655 0.641704 0.627076 0.614548 0.603937 0.595096 0.587905 0.582272 0.578126 0.575415 0.574105 0.574182 0.575646 0.578514 0.582823 0.588624 0.595993 0.605024 0.615840 0.628591 0.643465 0.650898 0.634369 0.620116 0.607921 0.597609 0.589037 0.582089 0.576676 0.572730 0.570203 0.569062 0.569294 0.570903 0.573907 0.578344 0.584268 0.591755 0.600903 0.611836 0.624706 0.639704 0.657062 0.677064 0.700062 0.726489 0.756884 0.791925 0.832471 0.879626 0.934831 1.000000 0.990450 0.924649 0.869009 0.821552 0.780794 0.745600 0.715090 0.688573 0.665498 0.645423 0.627993 0.612918 0.599960 0.588929 0.579667 0.572049 0.565974 0.561365 0.558164 0.556333 0.555848 0.556703 0.558910 0.562495 0.567503 0.573995 0.567520 0.558902 0.551851 0.546276 0.542105 0.539287 0.537786 0.537586 0.538683 0.541090 0.544838 0.549972 0.556557 0.564679 0.574446 0.585993 0.599487 0.615135 0.633188 0.653955 0.677819 0.705254 0.736854 13343.500000 1.425958 0.781237
0.883196 0.823572 0.773234 0.730353 0.693562 0.661817 0.634313 0.610415 0.589621 0.571529 0.555813 0.542210 0.530504 0.520520 0.512116 0.505177 0.499611 0.495347 0.492330 0.490525 0.492149 0.496728 0.502615 0.509886 0.518638 0.528993 0.541100 0.555143 0.571347 0.589990 0.611413 0.636040 0.664402 0.697170 0.735200 0.779606 0.831853 0.893915 0.893818 0.873511 0.856123 0.841401 0.829141 0.819178 0.811383 0.805658 0.801931 0.800157 0.800315 0.802407 0.806457 0.812516 0.820658 0.830988 0.843639 0.858782 0.876630 0.897443 0.875135 0.847547 0.823569 0.802791 0.784879 0.769563 0.756622 0.745875 0.737181 0.730426 0.725526 0.722420 0.721070 0.721460 0.723595 0.727500 0.733224 0.740837 0.750437 0.762149 0.738475 0.711945 0.688857 0.668780 0.651365 0.636328 0.623437 0.612505 0.603378 0.595934 0.590075 0.585728 0.582838 0.581370 0.581307 0.582647 0.585406 0.589620 0.595339 0.599046 0.602789 0.608054 0.614906 0.623433 0.633748 0.645993 0.660343 0.677012 0.696266 0.718428 0.743898 0.773172 0.806868 0.845765 0.890857 0.910199 0.903326 0.898705 0.896279 0.896020 0.897922 0.902011 0.908335 0.916974 0.928035 0.941663 0.958039 0.977391 1.000000 0.954606 1421.500000 1.334817 0.794592
0.707687 0.667368 0.632838 0.603086 0.577335 0.554975 0.535525 0.518598 0.503886 0.491136 0.480144 0.470741 0.462794 0.456191 0.450845 0.446686 0.443663 0.441737 0.440885 0.441097 0.442376 0.444737 0.448208 0.452834 0.458672 0.465800 0.474314 0.484333 0.496005 0.509512 0.525075 0.542968 0.563529 0.587179 0.614445 0.646000 0.682705 0.725685 0.776437 0.836990 0.910165 1.000000 0.970496 0.879173 0.805333 0.744589 0.693921 0.651178 0.614790 0.583585 0.556671 0.533359 0.513107 0.495486 0.480154 0.466834 0.455299 0.445368 0.436891 0.429747 0.423837 0.419084 0.415425 0.412816 0.411224 0.410629 0.411025 0.412416 0.414820 0.418265 0.422795 0.428468 0.435358 0.443559 0.453188 0.464388 0.477334 0.492243 0.509380 0.529074 0.551735 0.577878 0.608159 0.643426 0.684786 0.733717 0.792235 0.863155 0.886392 0.830673 0.783320 0.742767 0.707828 0.677587 0.651329 0.628488 0.608611 0.591334 0.576361 0.563451 0.552408 0.543073 0.535317 0.529036 0.524148 0.520593 0.518325 0.517319 0.517560 0.519053 0.521815 0.525881 0.531300 0.538142 0.546496 0.556476 0.568221 0.581905 0.597739 0.615985 0.636963 0.661069 0.688795 0.720762 0.757754 0.800783 0.811481 0.755128 1912.000000 1.304685 0.589028
0.889907 0.846323 0.808666 0.776008 0.747616 0.722908 0.701417 0.682764 0.666642 0.652800 0.641034 0.631179 0.623100 0.616692 0.611874 0.608585 0.606786 0.606453 0.607585 0.610193 0.614309 0.619986 0.627293 0.636327 0.647206 0.660081 0.675139 0.692607 0.712766 0.735960 0.762612 0.793251 0.828534 0.869294 0.916594 0.934431 0.891700 0.854675 0.822505 0.794513 0.770158 0.749003 0.730692 0.714936 0.701500 0.690191 0.680856 0.673370 0.667638 0.663588 0.661170 0.660354 0.661132 0.663511 0.667522 0.673213 0.680655 0.689945 0.701205 0.714588 0.730286 0.748533 0.769616 0.793890 0.821789 0.853851 0.890751 0.902018 0.866166 0.834990 0.807859 0.784266 0.763799 0.746125 0.730972 0.718117 0.707382 0.698621 0.691720 0.686593 0.683174 0.681423 0.681318 0.682858 0.686061 0.690967 0.697636 0.706153 0.716629 0.729203 0.744050 0.761388 0.781480 0.804652 0.827513 0.797503 0.771386 0.748672 0.728963 0.711937 0.697329 0.684926 0.674553 0.666070 0.659366 0.654357 0.650979 0.649193 0.648975 0.650324 0.653255 0.657804 0.664029 0.672006 0.681841 0.693663 0.707637 0.723966 0.742899 0.764739 0.789864 0.818735 0.851926 0.890158 0.934339 0.985633 1.000000 0.940612 1102.500000 1.093849 0.769633
0.973141 0.938616 0.908570 0.882448 0.859800 0.840259 0.823526 0.809358 0.797558 0.787969 0.780465 0.774952 0.771362 0.769650 0.769797 0.771803 0.775693 0.774929 0.767072 0.761187 0.757203 0.755069 0.754761 0.756274 0.759627 0.764860 0.772039 0.781254 0.792624 0.806302 0.822475 0.841379 0.857375 0.839301 0.823918 0.811007 0.800393 0.791936 0.785529 0.781091 0.778568 0.777929 0.779167 0.782297 0.787356 0.794408 0.803540 0.814870 0.828549 0.844765 0.863751 0.885794 0.911243 0.931405 0.914516 0.900358 0.888741 0.879512 0.872552 0.867776 0.865125 0.864567 0.866094 0.869726 0.875507 0.856230 0.838538 0.823507 0.810924 0.800620 0.792460 0.786339 0.782182 0.779938 0.779580 0.781102 0.784525 0.789888 0.797260 0.806732 0.818427 0.832502 0.843177 0.831890 0.822857 0.815963 0.811122 0.808273 0.807382 0.808439 0.811456 0.816470 0.823543 0.832763 0.844248 0.832956 0.815852 0.801327 0.789179 0.779243 0.771389 0.765518 0.761557 0.759456 0.759190 0.760758 0.764176 0.769487 0.776757 0.786077 0.797569 0.811385 0.821538 0.817708 0.815870 0.816002 0.818105 0.822205 0.828352 0.836622 0.847120 0.859983 0.875384 0.893539 0.914713 0.939232 0.967497 1.000000 5523.000000 1.096112 0.919098
1.000000 0.944338 0.896592 0.855403 0.819720 0.788719 0.761746 0.738277 0.717888 0.700236 0.685043 0.672080 0.661161 0.652137 0.644889 0.639324 0.635371 0.632983 0.632129 0.632801 0.635005 0.638769 0.644138 0.651181 0.659987 0.670673 0.679137 0.663225 0.649572 0.637974 0.628271 0.620331 0.614049 0.609347 0.606165 0.604466 0.604227 0.605446 0.608139 0.612337 0.618093 0.625479 0.634591 0.645551 0.658510 0.673657 0.691221 0.711485 0.730421 0.716389 0.704552 0.694745 0.686840 0.680735 0.676352 0.673637 0.672558 0.673102 0.675274 0.679102 0.684632 0.691934 0.701100 0.712251 0.725539 0.741152 0.759321 0.780330 0.804528 0.832344 0.864309 0.901085 0.943504 0.938458 0.886474 0.841869 0.803381 0.770032 0.741055 0.715842 0.693905 0.674850 0.658357 0.644166 0.632064 0.621879 0.613472 0.606731 0.601570 0.597925 0.595750 0.595019 0.595723 0.597871 0.601489 0.606621 0.613331 0.621707 0.631857 0.625382 0.612713 0.601969 0.592999 0.585683 0.579925 0.575653 0.572812 0.571370 0.571308 0.572625 0.575337 0.579478 0.585098 0.592270 0.601085 0.611663 0.624150 0.638729 0.655622 0.675103 0.697510 0.723257 0.752861 0.786969 0.826399 0.872201 0.925738 0.988816 3187.000000 1.332844 0.788289
0.874871 0.840532 0.810666 0.784676 0.762079 0.742485 0.725579 0.711100 0.698838 0.688622 0.680317 0.673813 0.669029 0.665905 0.664403 0.664506 0.666214 0.669547 0.674548 0.681277 0.689820 0.700289 0.712825 0.727602 0.734196 0.718703 0.705515 0.694444 0.685342 0.678087 0.672588 0.668775 0.666602 0.666043 0.667090 0.669756 0.674075 0.680098 0.687903 0.697588 0.709283 0.723149 0.739385 0.758235 0.780000 0.805047 0.833833 0.866919 0.905009 0.948992 1.000000 0.975224 0.936099 0.902082 0.872479 0.846732 0.824390 0.805087 0.788523 0.774454 0.762685 0.753054 0.745438 0.739738 0.735884 0.733828 0.733546 0.735035 0.738312 0.743417 0.750414 0.759390 0.770463 0.783779 0.799524 0.817925 0.839262 0.809825 0.780857 0.755646 0.733725 0.714714 0.698302 0.684239 0.672318 0.662374 0.654274 0.647911 0.643205 0.640098 0.638552 0.638548 0.640086 0.643184 0.647881 0.654235 0.662326 0.672260 0.684169 0.698221 0.714619 0.733616 0.755521 0.780712 0.809659 0.842944 0.827915 0.815186 0.804752 0.796476 0.790253 0.786006 0.783682 0.783252 0.784713 0.788082 0.793398 0.800730 0.810168 0.821835 0.835885 0.852514 0.871962 0.894522 0.920558 0.950513 0.960162 0.914431 3572.000000 1.267177 0.836191
0.822243 0.859109 0.901711 0.896549 0.852825 0.815039 0.782264 0.753769 0.728972 0.707404 0.688687 0.672513 0.658632 0.646839 0.636968 0.628887 0.622488 0.617692 0.614438 0.612687 0.612416 0.613623 0.616323 0.620549 0.626352 0.633805 0.643006 0.654078 0.667172 0.682479 0.700232 0.714870 0.694582 0.676999 0.661840 0.648874 0.637913 0.628806 0.621431 0.615694 0.611521 0.608861 0.607682 0.607969 0.609726 0.612975 0.617754 0.624124 0.632165 0.641983 0.653711 0.667513 0.683592 0.702199 0.723639 0.748290 0.776616 0.809196 0.846760 0.890229 0.940793 1.000000 0.944728 0.886608 0.837124 0.794686 0.758081 0.726372 0.698825 0.674858 0.654004 0.635886 0.620198 0.606692 0.595166 0.585453 0.577421 0.570963 0.565996 0.562458 0.560306 0.559513 0.560070 0.561983 0.565275 0.569987 0.576179 0.583929 0.593338 0.604537 0.617682 0.632971 0.650644 0.670994 0.694386 0.721267 0.752199 0.787885 0.829224 0.832625 0.799258 0.770246 0.744999 0.723040 0.703987 0.687525 0.673401 0.661407 0.651375 0.643168 0.636681 0.631830 0.628555 0.626816 0.626593 0.627881 0.630697 0.635076 0.641071 0.648758 0.658236 0.669633 0.683106 0.698851 0.717106 0.738168 0.762395 0.790236 5876.000000 1.225023 0.755331
0.556844 0.556919 0.560349 0.565192 0.571509 0.579380 0.588909 0.600227 0.613495 0.628913 0.646724 0.667227 0.690792 0.717875 0.749046 0.785024 0.826725 0.875332 0.932397 1.000000 0.969489 0.900173 0.842001 0.792685 0.750534 0.714273 0.682924 0.655725 0.632073 0.611490 0.593590 0.578062 0.564650 0.553150 0.543391 0.535238 0.528580 0.523332 0.519425 0.516812 0.515461 0.517487 0.523236 0.530407 0.539094 0.549415 0.561519 0.575586 0.591839 0.610549 0.632053 0.656768 0.685212 0.703971 0.700146 0.698035 0.697612 0.698871 0.701830 0.706523 0.713008 0.721367 0.731709 0.744170 0.758922 0.776180 0.796203 0.819312 0.845902 0.876458 0.911583 0.929472 0.874288 0.827171 0.786671 0.751678 0.721329 0.694945 0.671985 0.652014 0.634681 0.619699 0.606837 0.595904 0.586747 0.579241 0.572341 0.564994 0.559164 0.554775 0.551774 0.550123 0.549802 0.550808 0.553153 0.556865 0.561990 0.568593 0.576759 0.586597 0.598242 0.611863 0.627666 0.645904 0.666889 0.691003 0.718724 0.750645 0.787519 0.830306 0.880252 0.938999 0.892496 0.841225 0.797342 0.759549 0.726848 0.698460 0.673768 0.652280 0.633600 0.617406 0.603436 0.591478 0.581358 0.572936 0.566098 0.560757 7508.000000 1.140994 0.689911
0.908511 1.000000 0.904942 0.824114 0.758217 0.703649 0.657886 0.619112 0.585988 0.557503 0.532883 0.511526 0.492956 0.476796 0.462742 0.450546 0.440010 0.430969 0.423292 0.416871 0.411618 0.407465 0.404359 0.402263 0.401149 0.401005 0.401829 0.403630 0.406431 0.410267 0.415185 0.421250 0.428543 0.437164 0.447239 0.458920 0.472397 0.487901 0.505716 0.526197 0.549787 0.577047 0.608695 0.645661 0.689175 0.740891 0.803091 0.879003 0.845282 0.792992 0.748492 0.710342 0.677444 0.648954 0.624206 0.602675 0.583939 0.567660 0.553561 0.541418 0.531048 0.522303 0.515062 0.509229 0.504728 0.501505 0.499517 0.498743 0.499171 0.500808 0.503673 0.507801 0.513244 0.520072 0.528373 0.538262 0.549878 0.563393 0.579020 0.597018 0.617706 0.641480 0.668834 0.700386 0.736927 0.779470 0.789091 0.735169 0.689700 0.651005 0.617831 0.589224 0.564449 0.542928 0.524205 0.507912 0.493756 0.481496 0.470937 0.461920 0.454316 0.448020 0.442948 0.439036 0.436234 0.434508 0.433837 0.434212 0.435638 0.438132 0.441725 0.446463 0.452404 0.459629 0.468234 0.478341 0.490102 0.503699 0.519359 0.537361 0.558048 0.581849 0.609304 0.641099 0.678119 0.721521 0.772848 0.834200 1122.500000 1.285848 0.590600
0.518609 0.519234 0.521118 0.524283 0.528769 0.534631 0.541945 0.548957 0.548711 0.549791 0.552207 0.555990 0.561186 0.567861 0.576102 0.586018 0.597747 0.611457 0.627359 0.645706 0.666814 0.691070 0.718954 0.751068 0.757495 0.753109 0.750572 0.749852 0.750941 0.753852 0.758621 0.765305 0.773989 0.784785 0.797836 0.791198 0.761543 0.735739 0.713288 0.693789 0.676915 0.662400 0.650028 0.639622 0.631040 0.624170 0.618922 0.615231 0.613053 0.612360 0.613143 0.604765 0.578076 0.554923 0.534792 0.517273 0.502036 0.488816 0.477394 0.467595 0.459273 0.452314 0.446622 0.442124 0.438762 0.436494 0.435293 0.435143 0.436382 0.438862 0.442442 0.447168 0.453098 0.460312 0.468907 0.479005 0.490756 0.504344 0.519994 0.537983 0.558656 0.582441 0.609876 0.641644 0.678630 0.721985 0.773249 0.834512 0.908696 1.000000 0.985061 0.919826 0.864648 0.817574 0.777136 0.742214 0.711936 0.685619 0.662718 0.642796 0.625500 0.610542 0.597690 0.586751 0.577573 0.570029 0.564020 0.559471 0.556325 0.554542 0.554101 0.554996 0.557239 0.560857 0.565895 0.572415 0.580502 0.590263 0.588044 0.573689 0.561338 0.550807 0.541945 0.534631 0.528769 0.524283 0.521118 0.519234 12936.000000 1.439689 0.755540
0.935672 0.966116 1.000000 0.966071 0.936551 0.910912 0.888722 0.869633 0.853360 0.839670 0.828376 0.819330 0.812416 0.807546 0.804661 0.803726 0.794521 0.773862 0.756024 0.740735 0.727771 0.716950 0.708127 0.701187 0.696042 0.692629 0.690906 0.690851 0.692464 0.695765 0.700794 0.707614 0.716309 0.726995 0.739813 0.754943 0.772605 0.793069 0.816668 0.843810 0.835357 0.818772 0.804734 0.793046 0.783555 0.776135 0.770694 0.767164 0.765502 0.765687 0.767723 0.771633 0.777466 0.785294 0.795217 0.807364 0.821898 0.839023 0.858990 0.870006 0.865473 0.863054 0.862722 0.864472 0.868325 0.874328 0.882556 0.893112 0.906134 0.921794 0.940310 0.961950 0.942074 0.907260 0.876964 0.850609 0.827728 0.807941 0.790939 0.776470 0.764329 0.754351 0.746405 0.740390 0.736231 0.733876 0.733297 0.734487 0.737461 0.742254 0.748926 0.756470 0.743382 0.732475 0.723601 0.716645 0.711519 0.708161 0.706527 0.706600 0.708380 0.711887 0.717166 0.724282 0.733325 0.744412 0.757693 0.773354 0.791623 0.812781 0.837174 0.828612 0.818003 0.809589 0.803262 0.798942 0.796577 0.796139 0.797622 0.801043 0.806445 0.813895 0.823486 0.835342 0.849621 0.866521 0.886285 0.909213 4215.500000 1.256798 0.898292
0.810937 0.838899 0.871032 0.908000 0.950635 1.000000 0.989031 0.950060 0.916168 0.886673 0.861027 0.838787 0.819592 0.803147 0.789213 0.777596 0.768139 0.760720 0.755245 0.751647 0.749880 0.749924 0.751779 0.755468 0.761036 0.768552 0.778111 0.789837 0.803889 0.796243 0.777633 0.761666 0.748108 0.736767 0.727492 0.720161 0.714681 0.710983 0.709023 0.708776 0.710240 0.713432 0.718392 0.725180 0.733883 0.744612 0.757513 0.772762 0.790582 0.811243 0.835079 0.862499 0.894007 0.888110 0.862291 0.839897 0.820564 0.803994 0.789945 0.778221 0.768665 0.761152 0.755588 0.751902 0.750050 0.750010 0.751781 0.755384 0.760864 0.768288 0.777751 0.789375 0.803317 0.819770 0.838975 0.861225 0.886883 0.916392 0.889794 0.862956 0.839654 0.819499 0.802176 0.787429 0.775047 0.764863 0.756742 0.750581 0.746303 0.743855 0.743208 0.744354 0.747306 0.752101 0.758798 0.767481 0.778261 0.791282 0.806722 0.824804 0.845799 0.870041 0.884479 0.850594 0.821115 0.795463 0.773171 0.753862 0.737226 0.723012 0.711017 0.701075 0.693053 0.686849 0.682385 0.679604 0.678475 0.678981 0.681131 0.684950 0.690485 0.697804 0.707002 0.718199 0.731547 0.747235 0.765495 0.786613 10917.000000 1.110707 0.847509
0.849836 0.813258 0.781504 0.753885 0.729849 0.708954 0.690840 0.675214 0.661839 0.650521 0.641101 0.633454 0.627482 0.623108 0.620279 0.618960 0.619135 0.620806 0.623993 0.628735 0.635092 0.643144 0.652997 0.664782 0.678665 0.694850 0.713588 0.735184 0.760016 0.788550 0.821366 0.825620 0.792795 0.764251 0.739411 0.717809 0.699070 0.682888 0.669013 0.657243 0.647412 0.639389 0.633069 0.628371 0.625238 0.623631 0.623530 0.624935 0.627861 0.632346 0.638445 0.646235 0.655816 0.667318 0.680899 0.696759 0.715139 0.736337 0.760718 0.788735 0.820947 0.858058 0.900956 0.950781 1.000000 0.934434 0.878924 0.831530 0.790793 0.755597 0.725072 0.698536 0.675443 0.655356 0.637922 0.622853 0.609915 0.598917 0.589705 0.582152 0.576161 0.571655 0.568578 0.566893 0.566578 0.567631 0.570063 0.573905 0.579204 0.586026 0.594460 0.604619 0.616642 0.630703 0.647015 0.665841 0.687500 0.712390 0.741002 0.773951 0.812014 0.856183 0.832072 0.806325 0.783956 0.764586 0.747910 0.733674 0.721677 0.711753 0.703770 0.697627 0.693246 0.690572 0.689574 0.690239 0.692576 0.696612 0.702398 0.710005 0.719532 0.731103 0.744875 0.761046 0.779854 0.801596 0.826633 0.855412 2439.000000 1.172861 0.769428
0.968157 0.914713 0.860966 0.815040 0.775538 0.741392 0.711769 0.686011 0.663595 0.644100 0.627186 0.612575 0.600043 0.589404 0.580510 0.573241 0.567502 0.563220 0.560342 0.558833 0.558674 0.559863 0.562416 0.566362 0.571752 0.578652 0.587153 0.597368 0.609439 0.615308 0.620930 0.628182 0.637159 0.647980 0.660794 0.675787 0.693184 0.713264 0.736369 0.762921 0.793442 0.828586 0.869178 0.916274 0.971240 1.000000 0.942196 0.892743 0.850169 0.813340 0.781374 0.753573 0.729378 0.708342 0.690102 0.674361 0.660879 0.649459 0.639943 0.632202 0.626137 0.621671 0.618748 0.617333 0.617408 0.618974 0.622051 0.626676 0.632906 0.640821 0.650523 0.662143 0.675843 0.691825 0.710333 0.731670 0.756206 0.784401 0.816823 0.831497 0.801353 0.775120 0.752305 0.732509 0.715407 0.700736 0.688278 0.677861 0.669342 0.662612 0.657584 0.654195 0.652406 0.652192 0.653553 0.656505 0.661083 0.667344 0.675368 0.685258 0.697146 0.711198 0.727616 0.746652 0.740995 0.727093 0.715395 0.705740 0.698002 0.692081 0.687903 0.685416 0.684590 0.685416 0.687903 0.692081 0.698002 0.705740 0.715395 0.727093 0.740995 0.757299 0.776249 0.798143 0.823350 0.852320 0.885616 0.923934 1137.000000 1.154782 0.770705
0.723509 0.674665 0.633429 0.598301 0.568162 0.542157 0.519625 0.500048 0.483014 0.468193 0.455319 0.444175 0.434586 0.426407 0.419523 0.413838 0.409278 0.405785 0.403314 0.401835 0.401331 0.401794 0.403231 0.405659 0.409108 0.413621 0.419257 0.426088 0.432192 0.429161 0.427193 0.426266 0.426368 0.427500 0.429675 0.432922 0.437279 0.442802 0.449564 0.457655 0.467189 0.478305 0.491175 0.506010 0.523068 0.542669 0.565211 0.591193 0.621247 0.656186 0.697069 0.745300 0.802778 0.872140 0.957145 1.000000 0.924052 0.860754 0.807392 0.761988 0.723069 0.689512 0.660452 0.635211 0.613252 0.594143 0.577539 0.563157 0.550769 0.540187 0.531260 0.523865 0.517904 0.513299 0.509993 0.507945 0.507131 0.496385 0.481854 0.469249 0.458362 0.449026 0.441104 0.434486 0.429082 0.424821 0.421650 0.419529 0.418432 0.418346 0.419270 0.421216 0.424206 0.428277 0.433483 0.439889 0.447582 0.456668 0.467280 0.479580 0.493766 0.510083 0.528834 0.550392 0.564862 0.564442 0.565383 0.567697 0.571413 0.576575 0.583250 0.591523 0.601504 0.613330 0.627172 0.643238 0.661786 0.683129 0.707657 0.735850 0.768311 0.805799 0.849283 0.900020 0.959664 0.940745 0.853035 0.782008 1176.500000 1.969800 0.644896
0.941253 0.889925 0.845838 0.807767 0.774762 0.746074 0.721111 0.699394 0.680539 0.664232 0.650217 0.638288 0.628275 0.620042 0.613481 0.608508 0.605060 0.603097 0.602592 0.600152 0.590623 0.582775 0.576503 0.571727 0.568388 0.566445 0.565873 0.566666 0.568834 0.572402 0.577415 0.583937 0.578602 0.571281 0.565488 0.561150 0.558213 0.556640 0.556413 0.557528 0.560000 0.563858 0.569150 0.575944 0.584326 0.594408 0.606332 0.620268 0.636429 0.655076 0.676526 0.701176 0.729514 0.762152 0.799865 0.790918 0.771784 0.755330 0.741312 0.729531 0.719825 0.712067 0.706157 0.702022 0.699610 0.698893 0.699862 0.702529 0.706925 0.713105 0.721147 0.731154 0.743259 0.757627 0.774463 0.794022 0.816612 0.835843 0.792874 0.755839 0.723775 0.695930 0.671705 0.650625 0.632305 0.616433 0.602755 0.591063 0.581190 0.572999 0.566381 0.561251 0.557544 0.555215 0.547382 0.536082 0.526481 0.518446 0.511866 0.506657 0.502752 0.500102 0.498675 0.498453 0.499435 0.501631 0.505068 0.509790 0.515855 0.523342 0.532351 0.543007 0.555463 0.569910 0.586579 0.605756 0.627792 0.650402 0.667287 0.686770 0.709185 0.734943 0.764553 0.798655 0.838054 0.883782 0.937176 1.000000 7787.000000 1.316592 0.797383
0.844861 0.828339 0.814376 0.802777 0.793389 0.786090 0.780787 0.777416 0.775935 0.776327 0.778595 0.782768 0.788897 0.797058 0.807355 0.819922 0.834930 0.852590 0.873162 0.896966 0.924394 0.955927 0.956236 0.907677 0.865797 0.829521 0.798008 0.770590 0.746733 0.726005 0.708056 0.692602 0.679410 0.668291 0.659092 0.651692 0.645994 0.641929 0.639446 0.638514 0.639122 0.641277 0.645006 0.650355 0.657391 0.666202 0.676906 0.689648 0.704609 0.722012 0.742129 0.765295 0.791924 0.822526 0.857738 0.898360 0.945411 1.000000 0.960668 0.926461 0.896691 0.870808 0.848364 0.828994 0.812403 0.798348 0.786634 0.777104 0.769634 0.764130 0.760523 0.758769 0.758847 0.760759 0.764526 0.770195 0.777837 0.787549 0.799456 0.813720 0.830538 0.850158 0.829553 0.811442 0.795981 0.782949 0.772168 0.763494 0.756815 0.752048 0.749135 0.748039 0.748747 0.751269 0.755634 0.761896 0.770134 0.780452 0.792987 0.807909 0.825431 0.845812 0.834081 0.810761 0.790562 0.773163 0.758300 0.745761 0.735372 0.726996 0.720526 0.715878 0.712997 0.711847 0.712414 0.714706 0.718749 0.724594 0.732313 0.742005 0.753798 0.767851 0.784364 0.803581 0.825803 0.851398 0.880820 0.864179 7416.000000 1.139705 0.839798
0.528237 0.534460 0.542154 0.551420 0.562387 0.575212 0.590092 0.607263 0.627019 0.649722 0.675819 0.705873 0.740592 0.780881 0.827914 0.883241 0.948942 1.000000 0.891729 0.806366 0.737540 0.681050 0.634017 0.594400 0.560715 0.531855 0.506982 0.485448 0.466748 0.450481 0.436325 0.426278 0.423563 0.421892 0.421245 0.421614 0.423004 0.425431 0.428926 0.433532 0.439307 0.446328 0.454690 0.464512 0.475940 0.489152 0.504369 0.521860 0.541960 0.565087 0.591765 0.622660 0.658634 0.683027 0.664291 0.648074 0.634122 0.622225 0.612214 0.603952 0.597330 0.592262 0.588687 0.586559 0.585852 0.586559 0.588687 0.592262 0.597330 0.603952 0.612214 0.622225 0.634122 0.648074 0.664291 0.683027 0.694339 0.682743 0.673122 0.665349 0.659324 0.654971 0.652236 0.651086 0.651506 0.653503 0.657099 0.662340 0.669291 0.678040 0.688701 0.701420 0.716376 0.716332 0.684739 0.657332 0.633502 0.612764 0.594728 0.579078 0.565558 0.553960 0.544112 0.535876 0.529142 0.523821 0.519846 0.517168 0.515753 0.515584 0.516660 0.509365 0.500421 0.492952 0.486858 0.482061 0.478498 0.476127 0.474917 0.474854 0.475938 0.478182 0.481612 0.486272 0.492220 0.499535 0.508312 0.518676 4299.500000 1.365318 0.714813
0.632355 0.631565 0.630217 0.630391 0.632088 0.635329 0.640153 0.646621 0.654814 0.664840 0.676834 0.690963 0.707436 0.726506 0.748486 0.773759 0.802801 0.836200 0.874699 0.919234 0.971013 1.000000 0.972568 0.948826 0.928399 0.910981 0.896324 0.884228 0.874532 0.867114 0.861879 0.858763 0.857729 0.858763 0.807440 0.761868 0.722814 0.689148 0.659997 0.634680 0.612655 0.593488 0.576832 0.562404 0.549972 0.539349 0.530382 0.522948 0.516947 0.512303 0.508957 0.506867 0.506008 0.506371 0.507958 0.510789 0.513910 0.516684 0.520749 0.526156 0.532974 0.541292 0.551223 0.562906 0.576514 0.592259 0.610400 0.631256 0.655222 0.682789 0.714575 0.751364 0.794163 0.844289 0.903493 0.974149 0.974059 0.948667 0.926741 0.907944 0.892000 0.878687 0.867825 0.859273 0.852923 0.848696 0.846539 0.846428 0.831635 0.806116 0.783950 0.764763 0.748253 0.734171 0.722318 0.712530 0.704680 0.698665 0.694411 0.691864 0.690996 0.691793 0.694268 0.698448 0.704386 0.712157 0.721860 0.733622 0.739683 0.714643 0.692857 0.673936 0.657562 0.643479 0.631476 0.621381 0.613059 0.606397 0.601312 0.597740 0.595636 0.594976 0.595750 0.597969 0.601659 0.606867 0.613656 0.622115 2582.000000 1.494302 0.807328
0.884778 0.907947 0.864444 0.826821 0.794169 0.765772 0.741060 0.719573 0.700937 0.684850 0.671066 0.659383 0.649638 0.641700 0.635466 0.630857 0.627816 0.626306 0.626309 0.627824 0.630870 0.635483 0.641723 0.649666 0.659417 0.671107 0.684899 0.700993 0.719638 0.741135 0.765858 0.794267 0.789586 0.764441 0.742582 0.723633 0.707289 0.693299 0.681463 0.671614 0.663623 0.657384 0.652819 0.649872 0.648507 0.648708 0.650476 0.653832 0.658820 0.665499 0.673956 0.684300 0.696670 0.711242 0.728228 0.747891 0.770552 0.796610 0.826552 0.860988 0.900683 0.946605 1.000000 0.958348 0.900765 0.851645 0.809454 0.773021 0.741435 0.713982 0.690092 0.669310 0.651266 0.635660 0.622248 0.610832 0.601250 0.593371 0.587092 0.582333 0.579034 0.577154 0.576672 0.577581 0.579892 0.583633 0.588850 0.595609 0.603998 0.614126 0.626134 0.640195 0.656519 0.675367 0.697058 0.721986 0.750638 0.783624 0.821713 0.865886 0.863210 0.831734 0.804341 0.780516 0.759840 0.741972 0.726635 0.713604 0.702695 0.693761 0.686684 0.681376 0.677769 0.675819 0.675504 0.676818 0.679779 0.684422 0.690804 0.699006 0.709134 0.721323 0.735742 0.752599 0.772151 0.794711 0.820666 0.850491 5269.500000 1.188392 0.770103
0.919635 0.999883 0.993388 0.933483 0.882396 0.838526 0.800650 0.767817 0.739281 0.714450 0.692848 0.674090 0.657864 0.643916 0.632038 0.622061 0.613851 0.607298 0.602320 0.598853 0.596856 0.596304 0.597190 0.599525 0.603338 0.608675 0.589721 0.572086 0.556778 0.543543 0.532175 0.522506 0.514398 0.507743 0.502454 0.498461 0.495716 0.494186 0.493851 0.494707 0.496765 0.500050 0.504603 0.510480 0.517758 0.526533 0.536927 0.549088 0.563202 0.579493 0.598239 0.619781 0.622230 0.619146 0.617573 0.617492 0.618901 0.621819 0.626279 0.632339 0.640074 0.649585 0.661000 0.674477 0.690212 0.708446 0.729475 0.753662 0.781454 0.813410 0.850226 0.892786 0.942220 1.000000 0.981510 0.899977 0.832803 0.776702 0.729328 0.688965 0.654329 0.624442 0.598544 0.576041 0.556462 0.539426 0.524628 0.511821 0.500802 0.491406 0.483500 0.476975 0.471745 0.467743 0.464920 0.463239 0.462681 0.463239 0.464920 0.467743 0.471745 0.476975 0.483500 0.491406 0.491479 0.488133 0.485996 0.485040 0.485254 0.486642 0.489220 0.493019 0.498087 0.504488 0.512306 0.521647 0.532641 0.545452 0.560277 0.577360 0.597001 0.619570 0.645529 0.675457 0.710089 0.750370 0.797532 0.853213 1433.000000 1.696275 0.701722
0.804611 0.746696 0.698127 0.656977 0.621822 0.591592 0.565463 0.542798 0.523090 0.505940 0.491025 0.478082 0.466900 0.457305 0.449157 0.442342 0.436767 0.432359 0.429062 0.426836 0.425653 0.425499 0.426372 0.428282 0.431253 0.435321 0.440539 0.446972 0.454709 0.463855 0.474543 0.486936 0.501233 0.517681 0.536580 0.558309 0.583336 0.612256 0.645830 0.685046 0.731208 0.786071 0.852054 0.932582 1.000000 0.908169 0.833625 0.772109 0.720665 0.677177 0.640094 0.608250 0.580757 0.556926 0.536214 0.518192 0.502512 0.488897 0.477119 0.466994 0.458371 0.451128 0.445166 0.440406 0.436789 0.434268 0.432813 0.432405 0.433041 0.434727 0.437485 0.441347 0.446364 0.452599 0.460134 0.469074 0.479547 0.491709 0.505755 0.521920 0.540499 0.561852 0.586433 0.614812 0.647717 0.686090 0.731168 0.784609 0.848684 0.821070 0.773765 0.733285 0.698429 0.668272 0.642096 0.619328 0.599514 0.582288 0.567353 0.554468 0.543435 0.534093 0.526314 0.519994 0.515049 0.511418 0.509055 0.507932 0.508036 0.509367 0.511941 0.515790 0.520963 0.527523 0.535558 0.545175 0.556509 0.569726 0.585029 0.602670 0.622954 0.646263 0.673069 0.703963 0.739698 0.781238 0.829838 0.874550 1945.000000 1.240708 0.594362
0.718620 0.705312 0.694129 0.684920 0.677563 0.671964 0.668053 0.665782 0.665123 0.666068 0.668630 0.672838 0.678745 0.686425 0.695976 0.707526 0.721232 0.737292 0.755945 0.777488 0.802285 0.798936 0.775309 0.754806 0.737089 0.721884 0.708967 0.698157 0.689307 0.682301 0.677051 0.673492 0.671579 0.671290 0.672620 0.675587 0.680226 0.686595 0.694773 0.704867 0.717012 0.731376 0.748166 0.767637 0.790104 0.815950 0.845650 0.879794 0.919119 0.964556 1.000000 0.946077 0.899729 0.859684 0.824955 0.794763 0.768489 0.745635 0.725799 0.708655 0.693934 0.681421 0.670939 0.662346 0.655530 0.650404 0.646903 0.644985 0.644628 0.645825 0.648592 0.652963 0.658992 0.666754 0.676350 0.687908 0.701587 0.717585 0.718794 0.706643 0.696545 0.688367 0.682003 0.677373 0.674418 0.673104 0.673414 0.675352 0.678941 0.684227 0.691273 0.700170 0.711035 0.724014 0.739290 0.757087 0.777682 0.801414 0.828698 0.860052 0.896114 0.892961 0.864823 0.840367 0.819175 0.800908 0.785288 0.772090 0.761132 0.752267 0.745382 0.740389 0.737226 0.735856 0.736261 0.738447 0.742440 0.748288 0.756065 0.765870 0.777831 0.792111 0.808909 0.825402 0.797602 0.773416 0.752413 0.734243 1052.500000 1.166420 0.834790
0.415981 0.414736 0.414494 0.415253 0.417020 0.419819 0.423682 0.428660 0.434817 0.442233 0.451012 0.461281 0.473195 0.486944 0.502764 0.520944 0.541842 0.565907 0.593706 0.625963 0.663616 0.707905 0.760491 0.823659 0.821598 0.789499 0.761580 0.737283 0.716161 0.697849 0.682053 0.668531 0.657086 0.647561 0.639828 0.633785 0.629358 0.626491 0.625150 0.625317 0.626995 0.630204 0.634985 0.641395 0.649517 0.659456 0.671346 0.685354 0.701687 0.720594 0.742387 0.721168 0.683542 0.651138 0.623101 0.598761 0.577591 0.559167 0.543151 0.529266 0.517288 0.507035 0.498358 0.491136 0.485273 0.480693 0.477337 0.475164 0.474149 0.474278 0.475553 0.477989 0.481617 0.486481 0.492643 0.500184 0.509205 0.519833 0.532224 0.531537 0.527998 0.525765 0.524810 0.525121 0.526702 0.529572 0.533766 0.539337 0.546356 0.554914 0.565128 0.577141 0.591131 0.607316 0.625962 0.647399 0.672032 0.700368 0.733043 0.770863 0.814868 0.866415 0.927308 1.000000 0.935291 0.856276 0.791329 0.737191 0.691545 0.652703 0.619405 0.590694 0.565829 0.544231 0.525441 0.509090 0.494883 0.482578 0.471979 0.462927 0.455292 0.448969 0.443874 0.438241 0.431487 0.425948 0.421552 0.418244 1756.000000 1.474270 0.693826
0.655417 0.708410 0.772752 0.852208 0.952433 1.000000 0.915767 0.846503 0.788746 0.740036 0.698578 0.663031 0.632376 0.605825 0.582761 0.562695 0.545235 0.530064 0.516926 0.505612 0.495952 0.487808 0.481066 0.475639 0.471456 0.468465 0.466628 0.465924 0.466344 0.467892 0.470589 0.474466 0.479573 0.485975 0.493755 0.503020 0.513901 0.526559 0.541194 0.558048 0.577422 0.599686 0.625302 0.654853 0.689077 0.727142 0.690693 0.659237 0.631977 0.608289 0.587677 0.569744 0.554169 0.540690 0.529096 0.519213 0.510901 0.504046 0.498558 0.494366 0.491418 0.489677 0.489124 0.489749 0.491563 0.494585 0.498854 0.504424 0.511364 0.519769 0.529751 0.541455 0.555055 0.570765 0.588852 0.609638 0.633528 0.661024 0.692760 0.729543 0.772416 0.822749 0.882372 0.953789 0.947635 0.848447 0.769733 0.705942 0.653368 0.609448 0.572353 0.540743 0.513614 0.490202 0.469914 0.452284 0.436944 0.423598 0.412006 0.401974 0.393344 0.385987 0.379799 0.374694 0.370605 0.367481 0.365281 0.363980 0.363560 0.364017 0.365357 0.367595 0.370760 0.374890 0.380040 0.386276 0.393685 0.402372 0.412467 0.424130 0.437556 0.452987 0.470721 0.491132 0.514690 0.541993 0.573814 0.611170 840.000000 1.510663 0.566658
0.754384 0.728454 0.705891 0.686288 0.669313 0.654696 0.642218 0.631701 0.622999 0.615997 0.610606 0.606757 0.604403 0.603516 0.604085 0.606116 0.604186 0.596771 0.590942 0.586625 0.583768 0.582333 0.582306 0.583684 0.586486 0.590744 0.596512 0.603863 0.612892 0.623721 0.636501 0.651417 0.668698 0.688626 0.711545 0.737881 0.768163 0.803054 0.843394 0.890259 0.906615 0.893779 0.883400 0.875344 0.869509 0.865824 0.864242 0.864746 0.867342 0.872060 0.878959 0.888124 0.899673 0.913757 0.930565 0.950337 0.973362 1.000000 0.956795 0.872288 0.803275 0.746047 0.698001 0.657256 0.622423 0.592451 0.566536 0.544048 0.524493 0.507475 0.492676 0.479839 0.468754 0.459252 0.451192 0.444463 0.438974 0.434653 0.431445 0.434903 0.443073 0.452668 0.463829 0.476732 0.491591 0.508672 0.528301 0.550886 0.576940 0.607116 0.642256 0.683461 0.732200 0.790475 0.861082 0.909248 0.896256 0.885733 0.877544 0.871586 0.867784 0.866093 0.866492 0.868986 0.873605 0.880405 0.889472 0.881129 0.859643 0.841159 0.825399 0.812139 0.801198 0.792432 0.785728 0.781002 0.778197 0.777277 0.778232 0.781073 0.785835 0.792577 0.801382 0.812365 0.825669 0.841478 0.818495 0.784187 1502.500000 1.358348 0.767017
0.836151 0.899644 0.976117 0.960208 0.898344 0.845883 0.801035 0.762447 0.729082 0.700131 0.674954 0.653045 0.633992 0.617465 0.603194 0.590959 0.580581 0.571916 0.564847 0.559280 0.555147 0.552396 0.550992 0.550920 0.552177 0.554780 0.558760 0.564166 0.571068 0.579553 0.575467 0.555888 0.538853 0.524055 0.511248 0.500228 0.490830 0.482921 0.476392 0.471158 0.467150 0.464319 0.462630 0.462062 0.462609 0.464277 0.467087 0.471072 0.476283 0.482787 0.490669 0.500038 0.511026 0.523799 0.538557 0.555548 0.575076 0.597519 0.623348 0.653156 0.687697 0.727947 0.775185 0.831120 0.898088 0.979359 1.000000 0.928726 0.868890 0.818150 0.774772 0.737449 0.705178 0.677175 0.652825 0.631633 0.613205 0.597220 0.583417 0.571583 0.561546 0.553165 0.546327 0.540943 0.536946 0.534284 0.532927 0.532857 0.534073 0.536590 0.540440 0.545669 0.552344 0.560552 0.570402 0.582031 0.591424 0.572252 0.555581 0.541120 0.528635 0.517932 0.508855 0.501278 0.495098 0.490236 0.486629 0.484233 0.483018 0.482970 0.484088 0.486386 0.489891 0.494648 0.500716 0.508174 0.517122 0.527685 0.540017 0.554306 0.570785 0.589737 0.611515 0.636556 0.665406 0.698759 0.737502 0.782790 1980.000000 1.776642 0.673963
0.931660 0.902691 0.877520 0.855720 0.836945 0.820911 0.807388 0.796190 0.787169 0.780209 0.775222 0.772147 0.770946 0.771605 0.774131 0.778556 0.784933 0.793343 0.799844 0.769774 0.743609 0.720843 0.701069 0.683955 0.669230 0.656675 0.646109 0.637390 0.630401 0.625053 0.621280 0.619034 0.618288 0.619034 0.615723 0.612573 0.610919 0.610742 0.612039 0.614826 0.619137 0.625025 0.632564 0.641853 0.653016 0.666207 0.681617 0.699483 0.720091 0.743798 0.771038 0.790929 0.784082 0.779215 0.776266 0.775199 0.776002 0.778685 0.783280 0.789844 0.798459 0.809234 0.822312 0.837872 0.856134 0.877371 0.901916 0.930180 0.962666 1.000000 0.958511 0.912337 0.872412 0.837769 0.807644 0.781427 0.758628 0.738852 0.721776 0.707136 0.694718 0.684349 0.675890 0.669229 0.664284 0.660991 0.659312 0.659225 0.660730 0.663844 0.668607 0.675076 0.670045 0.656764 0.645525 0.636170 0.628576 0.622642 0.618296 0.615482 0.614166 0.614333 0.615985 0.619141 0.623840 0.630140 0.638122 0.647890 0.659575 0.673341 0.689391 0.707971 0.729387 0.754011 0.766347 0.765910 0.767322 0.770599 0.775780 0.782931 0.792141 0.803529 0.817246 0.833483 0.852474 0.874506 0.899933 0.929187 3314.000000 1.282247 0.866179
0.974022 0.925919 0.884374 0.848352 0.817042 0.789795 0.766093 0.745516 0.727722 0.712435 0.699427 0.688514 0.679549 0.672413 0.667015 0.663289 0.661188 0.660687 0.661780 0.664480 0.668820 0.674854 0.682657 0.692330 0.704001 0.717831 0.734020 0.752811 0.774504 0.799468 0.828156 0.836029 0.801459 0.771418 0.745279 0.722537 0.702784 0.685691 0.670988 0.658455 0.647913 0.639220 0.632260 0.626944 0.623205 0.620998 0.620296 0.621089 0.623389 0.627222 0.632636 0.639699 0.648501 0.659159 0.671819 0.686661 0.703908 0.723832 0.746768 0.773130 0.803426 0.838296 0.878543 0.925190 0.979561 1.000000 0.948487 0.904093 0.865661 0.832286 0.803253 0.777988 0.756029 0.737003 0.720605 0.706585 0.694743 0.684913 0.676966 0.670799 0.666333 0.663515 0.662310 0.662702 0.664697 0.668319 0.673612 0.680643 0.689501 0.700301 0.713191 0.728352 0.746007 0.766432 0.789964 0.814438 0.783718 0.756988 0.733730 0.713527 0.696039 0.680988 0.668150 0.657342 0.648415 0.641251 0.635759 0.631869 0.629534 0.628725 0.629433 0.631666 0.635451 0.640835 0.647884 0.656691 0.667370 0.680067 0.694964 0.712282 0.732295 0.755337 0.781821 0.812257 0.847284 0.887702 0.934533 0.989096 2822.000000 1.228192 0.768944
0.796365 0.857911 0.932201 0.887951 0.832522 0.785387 0.745003 0.710195 0.680060 0.653890 0.631123 0.611311 0.594093 0.579176 0.566320 0.555331 0.546051 0.538352 0.532131 0.527307 0.523822 0.521630 0.520706 0.521038 0.522630 0.525502 0.529689 0.535242 0.542234 0.550755 0.560921 0.572876 0.586795 0.602897 0.621446 0.642771 0.667276 0.695465 0.727972 0.765602 0.809390 0.860690 0.910372 0.842132 0.785168 0.737086 0.696133 0.661000 0.630689 0.604428 0.581612 0.561760 0.544487 0.529482 0.516493 0.505314 0.495777 0.487748 0.481114 0.475790 0.471706 0.468811 0.467070 0.466462 0.466978 0.468626 0.471426 0.475411 0.480632 0.487156 0.495068 0.504476 0.515516 0.528350 0.543182 0.560260 0.579888 0.602446 0.628405 0.658359 0.693065 0.733499 0.780941 0.837101 0.904312 0.985839 1.000000 0.913337 0.842364 0.783377 0.733763 0.691625 0.655559 0.624497 0.597620 0.574288 0.553993 0.536332 0.520978 0.507668 0.496187 0.486359 0.478043 0.471122 0.465504 0.461116 0.457902 0.455824 0.454856 0.454985 0.456214 0.458557 0.462043 0.466716 0.472634 0.479875 0.488537 0.498741 0.510636 0.524407 0.540280 0.558530 0.579501 0.603620 0.631421 0.663581 0.700974 0.744733 14871.500000 1.174754 0.598824
0.564636 0.532421 0.504834 0.481067 0.460497 0.442636 0.427100 0.413580 0.401828 0.391642 0.382860 0.375348 0.368996 0.363718 0.359442 0.356113 0.353690 0.352142 0.351451 0.351608 0.352614 0.354483 0.357237 0.360911 0.365550 0.371217 0.377986 0.385955 0.395239 0.405983 0.418363 0.432598 0.448954 0.467768 0.489457 0.514556 0.543749 0.577929 0.618285 0.666425 0.724588 0.795975 0.885331 1.000000 0.973808 0.882070 0.807907 0.746908 0.696032 0.653118 0.616588 0.585263 0.558247 0.534847 0.514519 0.496832 0.481443 0.468072 0.456494 0.446524 0.438014 0.430840 0.424904 0.420128 0.416451 0.413825 0.412220 0.411614 0.412001 0.413386 0.415786 0.419229 0.423759 0.429434 0.436328 0.444536 0.454174 0.465384 0.478344 0.493268 0.510424 0.530138 0.552822 0.578991 0.609302 0.644600 0.685993 0.709145 0.677790 0.650592 0.626944 0.606365 0.588467 0.572935 0.559516 0.548000 0.538220 0.530037 0.523341 0.518045 0.514081 0.511399 0.509968 0.509769 0.510801 0.513075 0.516620 0.521479 0.527714 0.535405 0.544655 0.555593 0.568376 0.583199 0.600301 0.619975 0.642582 0.668573 0.698508 0.733099 0.773253 0.820152 0.875352 0.849788 0.767766 0.701726 0.647584 0.602545 19881.500000 1.550295 0.563138
0.824713 0.794483 0.768176 0.745294 0.725432 0.708264 0.693521 0.680987 0.670484 0.661871 0.655034 0.649887 0.646364 0.644424 0.644043 0.645215 0.647956 0.652298 0.658295 0.666023 0.671653 0.659597 0.649503 0.641236 0.634686 0.629770 0.626427 0.624616 0.624316 0.625522 0.628249 0.632531 0.638420 0.645990 0.655340 0.666594 0.679907 0.695473 0.713528 0.734361 0.758330 0.781057 0.768490 0.758119 0.749807 0.743446 0.738957 0.736286 0.735399 0.736286 0.738957 0.743446 0.749807 0.758119 0.768490 0.781057 0.795990 0.813504 0.833860 0.857380 0.884457 0.884155 0.849644 0.819626 0.793503 0.770793 0.751106 0.734124 0.719589 0.707289 0.697053 0.688745 0.682256 0.677506 0.674435 0.673006 0.673201 0.675023 0.678494 0.683656 0.690574 0.699335 0.710054 0.722875 0.737978 0.755585 0.744985 0.723228 0.704354 0.688056 0.674082 0.662228 0.652328 0.644249 0.637885 0.633157 0.630004 0.628389 0.628292 0.629712 0.632666 0.637190 0.643341 0.651195 0.660855 0.668165 0.666433 0.666311 0.667798 0.670911 0.675688 0.682190 0.690497 0.700718 0.712990 0.727483 0.744408 0.764024 0.786648 0.812670 0.842572 0.876952 0.916559 0.962340 1.000000 0.945997 0.899585 0.859487 635.000000 1.224453 0.846089
0.785923 0.757115 0.732046 0.710239 0.691312 0.674951 0.660902 0.648957 0.638948 0.630740 0.624225 0.619319 0.615963 0.614114 0.613751 0.614868 0.617480 0.621617 0.627332 0.634697 0.643806 0.654780 0.667772 0.682968 0.700599 0.720948 0.744360 0.771265 0.802193 0.802241 0.758147 0.720293 0.687616 0.659295 0.634684 0.613268 0.594635 0.578454 0.564454 0.552415 0.542158 0.533537 0.526434 0.520755 0.516429 0.513401 0.511633 0.511104 0.511809 0.513754 0.516965 0.521480 0.527357 0.534670 0.543516 0.554018 0.566324 0.580620 0.597132 0.616139 0.637983 0.663089 0.691987 0.725346 0.764018 0.809105 0.862054 0.924802 1.000000 0.941979 0.887368 0.840656 0.800448 0.765671 0.735489 0.709239 0.686395 0.666533 0.649308 0.634440 0.621703 0.610910 0.601910 0.594583 0.588834 0.584590 0.581798 0.580425 0.580453 0.581883 0.584732 0.589035 0.594845 0.602237 0.611306 0.622174 0.634993 0.642918 0.626959 0.613214 0.601477 0.591580 0.583385 0.576785 0.571694 0.568049 0.565805 0.564934 0.565426 0.567286 0.570538 0.575220 0.581393 0.589134 0.598546 0.609756 0.622923 0.638243 0.655955 0.676355 0.699804 0.726751 0.757755 0.793519 0.834938 0.883163 0.857273 0.819061 972.000000 1.300010 0.735724
1.000000 0.922640 0.858309 0.804176 0.758184 0.718806 0.684884 0.655529 0.630041 0.607871 0.588578 0.571808 0.557271 0.544736 0.534010 0.524938 0.517395 0.511280 0.506514 0.503037 0.500311 0.496820 0.494561 0.493506 0.493642 0.494971 0.497508 0.501286 0.506351 0.512767 0.520618 0.530010 0.541074 0.553974 0.568907 0.586119 0.605910 0.628652 0.654806 0.684953 0.719828 0.724407 0.722529 0.722396 0.724008 0.727383 0.732563 0.739612 0.748618 0.759700 0.773005 0.788718 0.807067 0.828334 0.852862 0.861850 0.837902 0.817163 0.799306 0.784061 0.771210 0.760576 0.752018 0.745427 0.740719 0.737836 0.736744 0.737429 0.739900 0.744186 0.750340 0.758439 0.768586 0.734191 0.703537 0.676906 0.653734 0.633573 0.616057 0.600893 0.587839 0.576701 0.567317 0.559561 0.553329 0.548541 0.545138 0.543076 0.542332 0.542896 0.544774 0.542917 0.542149 0.542688 0.544541 0.547732 0.552298 0.558297 0.565806 0.574923 0.585774 0.598512 0.613326 0.630450 0.650168 0.672833 0.698880 0.711000 0.704801 0.700383 0.697690 0.696690 0.697370 0.699739 0.703825 0.709679 0.717374 0.727009 0.738709 0.752635 0.768984 0.788000 0.809981 0.835294 0.864389 0.897826 0.936299 0.980686 7174.500000 1.340571 0.803368
