0.778298 0.830508 0.840187 0.791293 0.749483 0.713502 0.682386 0.655384 0.631901 0.611465 0.593696 0.578283 0.564977 0.553574 0.543905 0.535838 0.529263 0.524094 0.520267 0.517734 0.516463 0.516439 0.517663 0.520148 0.523926 0.529042 0.535563 0.543572 0.553178 0.564513 0.577743 0.593072 0.610748 0.631076 0.654436 0.681295 0.712243 0.748024 0.789593 0.838193 0.895465 0.963631 0.931638 0.852524 0.787544 0.733409 0.687789 0.648983 0.615727 0.587058 0.562234 0.540674 0.521918 0.505596 0.491412 0.479126 0.468539 0.459494 0.451859 0.445529 0.440421 0.436468 0.433621 0.431844 0.431116 0.431428 0.432784 0.435200 0.438707 0.443346 0.449179 0.456281 0.464749 0.474703 0.486289 0.499689 0.515124 0.532868 0.553259 0.576717 0.603771 0.635093 0.671550 0.714272 0.764767 0.825084 0.898078 0.987852 1.000000 0.919659 0.853170 0.797439 0.750238 0.709928 0.675272 0.645325 0.619350 0.596767 0.577114 0.560021 0.545186 0.532367 0.521364 0.512015 0.504188 0.497779 0.492702 0.488894 0.486307 0.484909 0.484683 0.485627 0.487752 0.491084 0.495664 0.501550 0.508818 0.517565 0.527912 0.540008 0.554038 0.570227 0.588851 0.610253 0.634856 0.663192 0.695930 0.733928 14597.000000 1.245062 0.593735
0.855943 0.892033 0.843886 0.781368 0.729109 0.684950 0.647304 0.614985 0.587087 0.562907 0.541894 0.523610 0.507702 0.493888 0.481935 0.471657 0.462899 0.455539 0.449475 0.444627 0.440933 0.438348 0.436839 0.438706 0.442435 0.447316 0.453411 0.460799 0.469581 0.479884 0.491860 0.505699 0.521632 0.539945 0.560991 0.585212 0.613162 0.645549 0.683286 0.727570 0.780002 0.842766 0.918922 1.000000 0.948750 0.904570 0.866316 0.833092 0.804188 0.779036 0.757178 0.738243 0.721929 0.707990 0.696223 0.686469 0.678596 0.672503 0.668114 0.665374 0.664251 0.664730 0.666817 0.670538 0.656862 0.637087 0.619918 0.605069 0.592308 0.581446 0.572330 0.564834 0.558862 0.554336 0.551199 0.549415 0.548959 0.549829 0.552033 0.555598 0.560569 0.567008 0.574999 0.584646 0.596083 0.609474 0.611721 0.608116 0.606005 0.605362 0.606180 0.608467 0.612252 0.617582 0.624523 0.633164 0.643621 0.656035 0.670585 0.687489 0.707014 0.729490 0.755321 0.785009 0.763017 0.743815 0.727265 0.713116 0.701164 0.691244 0.683223 0.676999 0.672492 0.669648 0.668431 0.668827 0.670841 0.674496 0.679838 0.686934 0.695874 0.706774 0.719783 0.735084 0.752903 0.773516 0.797265 0.824568 5341.500000 1.237362 0.741062
0.952475 0.866693 0.796848 0.739068 0.690652 0.649659 0.614656 0.584569 0.558573 0.536027 0.516427 0.499369 0.484533 0.471656 0.460526 0.450971 0.442850 0.436048 0.430473 0.426052 0.422729 0.420463 0.419226 0.419002 0.419789 0.421596 0.424447 0.428375 0.433430 0.439678 0.447202 0.456106 0.466518 0.478597 0.492536 0.508573 0.527002 0.548187 0.572583 0.600768 0.633475 0.671660 0.716581 0.769930 0.834031 0.912172 1.000000 0.918243 0.850738 0.794262 0.746503 0.705766 0.670778 0.640565 0.614372 0.591607 0.571797 0.554563 0.539599 0.526658 0.515535 0.506067 0.498118 0.491581 0.486370 0.482418 0.479677 0.478111 0.477703 0.478447 0.480353 0.483443 0.487756 0.493345 0.500284 0.508663 0.518598 0.530232 0.543740 0.559337 0.577287 0.597915 0.621625 0.648922 0.680440 0.716991 0.759626 0.809727 0.811957 0.764188 0.723374 0.688272 0.657931 0.631610 0.608723 0.588807 0.571485 0.556455 0.543472 0.532333 0.522877 0.514969 0.508504 0.503397 0.499583 0.497015 0.495661 0.495505 0.496545 0.498793 0.502278 0.507041 0.513144 0.520665 0.529705 0.540389 0.552872 0.567345 0.584041 0.603246 0.625316 0.650688 0.679914 0.713689 0.752903 0.798713 0.852646 0.916759 1043.500000 1.238817 0.594178
0.788625 0.827948 0.873614 0.869707 0.825896 0.788094 0.755341 0.726884 0.702123 0.680578 0.661864 0.645665 0.631726 0.619837 0.609830 0.601567 0.594939 0.589860 0.586269 0.584119 0.583386 0.584059 0.586148 0.589678 0.594691 0.601252 0.609443 0.604791 0.586653 0.570907 0.557291 0.545593 0.535641 0.527292 0.520434 0.514977 0.510852 0.508006 0.506404 0.506028 0.506873 0.508949 0.512280 0.516910 0.522895 0.530312 0.539261 0.549865 0.562276 0.576681 0.593311 0.612447 0.634439 0.659717 0.688821 0.722433 0.761421 0.806913 0.860390 0.923843 1.000000 0.954311 0.886921 0.830290 0.782227 0.741113 0.705719 0.675105 0.648533 0.625424 0.605313 0.587827 0.572664 0.559577 0.548367 0.538870 0.530954 0.524512 0.519461 0.515737 0.513294 0.512101 0.512145 0.513427 0.515960 0.519777 0.524926 0.531470 0.539496 0.549110 0.560449 0.573677 0.588997 0.606660 0.626972 0.650312 0.677152 0.708082 0.743850 0.730265 0.703903 0.680962 0.661011 0.643702 0.628753 0.615933 0.605053 0.595962 0.588537 0.582681 0.578320 0.575399 0.573884 0.573755 0.575011 0.577667 0.581756 0.587329 0.594455 0.603227 0.613763 0.626208 0.640745 0.657594 0.677028 0.699382 0.725070 0.754603 4868.000000 1.387044 0.718537
0.905225 0.828682 0.765776 0.713344 0.669140 0.631528 0.599285 0.571485 0.547411 0.526499 0.508306 0.492476 0.478719 0.466805 0.456542 0.447777 0.440382 0.434257 0.429320 0.425508 0.422772 0.421079 0.420409 0.420753 0.422114 0.424511 0.427972 0.432541 0.438275 0.445251 0.453562 0.463327 0.474691 0.487831 0.502965 0.520362 0.540354 0.563355 0.589885 0.620606 0.656372 0.698297 0.747868 0.807108 0.878839 0.967121 0.960539 0.888164 0.827786 0.776847 0.733478 0.696284 0.664203 0.636414 0.612273 0.591268 0.572991 0.557113 0.543364 0.531527 0.521425 0.512912 0.505871 0.500210 0.495855 0.492753 0.490864 0.490166 0.490651 0.492323 0.495204 0.499329 0.504750 0.511535 0.519774 0.529580 0.541092 0.554481 0.569957 0.587778 0.608263 0.631804 0.658891 0.690143 0.726343 0.768505 0.817956 0.809227 0.761939 0.721515 0.686735 0.656664 0.630571 0.607880 0.588134 0.570962 0.556067 0.543204 0.532175 0.522820 0.515008 0.508633 0.503612 0.499882 0.497396 0.496124 0.496051 0.497175 0.499510 0.503085 0.507945 0.514149 0.521780 0.530939 0.541753 0.554381 0.569015 0.585892 0.605304 0.627610 0.653256 0.682804 0.716959 0.756631 0.802997 0.857619 0.922598 1.000000 11842.000000 1.254249 0.592919
0.822723 0.859610 0.864611 0.832106 0.803822 0.779213 0.757838 0.739338 0.723421 0.709848 0.698428 0.689002 0.681447 0.675667 0.671587 0.669160 0.668354 0.669160 0.671587 0.675667 0.652165 0.629374 0.609542 0.592305 0.577369 0.564494 0.553484 0.544182 0.536459 0.530211 0.525358 0.521839 0.519610 0.518644 0.518930 0.520470 0.523284 0.521600 0.518766 0.517201 0.516888 0.517821 0.520013 0.523490 0.528295 0.534489 0.542151 0.551384 0.562315 0.575102 0.580693 0.586903 0.594696 0.604174 0.615466 0.628731 0.644167 0.662014 0.682570 0.706200 0.733354 0.764595 0.800631 0.842362 0.890947 0.947902 1.000000 0.940412 0.889549 0.845838 0.808078 0.775333 0.746867 0.722096 0.700548 0.680322 0.650763 0.625109 0.602799 0.583382 0.566500 0.551860 0.539223 0.528397 0.519223 0.511574 0.505346 0.500460 0.496852 0.494479 0.493311 0.493335 0.494550 0.496971 0.500627 0.505566 0.510494 0.515716 0.522318 0.530385 0.540026 0.551377 0.564605 0.579915 0.597558 0.617843 0.641153 0.661793 0.651755 0.643544 0.637052 0.632199 0.628922 0.627182 0.626958 0.628247 0.631065 0.635446 0.641445 0.649136 0.658620 0.670024 0.683505 0.699259 0.717525 0.738598 0.762840 0.790697 1284.500000 1.357024 0.791339
0.909823 0.948792 0.977466 0.940717 0.908742 0.880921 0.856756 0.835841 0.817846 0.802502 0.789591 0.778935 0.770394 0.763859 0.759247 0.756502 0.755591 0.756502 0.759247 0.763859 0.770394 0.778935 0.789591 0.802502 0.817846 0.833410 0.823123 0.815027 0.809018 0.805023 0.802992 0.802900 0.804747 0.808555 0.814370 0.822265 0.832339 0.844723 0.859583 0.877127 0.897609 0.891334 0.863554 0.839415 0.818506 0.800496 0.785111 0.772132 0.761380 0.752711 0.746014 0.741206 0.738226 0.737038 0.737629 0.740004 0.744193 0.750248 0.758244 0.768283 0.780497 0.795052 0.812153 0.831746 0.813253 0.797444 0.784091 0.773009 0.764052 0.757102 0.752073 0.748903 0.747553 0.748006 0.750269 0.754368 0.760354 0.768302 0.778312 0.790516 0.805079 0.822207 0.842153 0.865226 0.891808 0.922368 0.957486 0.997882 1.000000 0.958880 0.923144 0.892048 0.864995 0.841502 0.821177 0.803701 0.788815 0.776306 0.766004 0.757774 0.751509 0.747133 0.744591 0.743852 0.744907 0.747769 0.752473 0.751295 0.739009 0.728847 0.720673 0.714382 0.709895 0.707157 0.706135 0.706816 0.709209 0.713342 0.719267 0.727057 0.736813 0.748661 0.762765 0.779324 0.798584 0.820848 0.846486 0.875956 935.000000 1.106883 0.866261
0.818505 0.888309 0.973694 1.000000 0.918579 0.851314 0.795013 0.747386 0.706749 0.671839 0.641688 0.615546 0.592823 0.573050 0.555848 0.540915 0.528001 0.516906 0.507466 0.499545 0.493038 0.487858 0.483939 0.481234 0.479707 0.479341 0.480132 0.482088 0.485235 0.489609 0.495268 0.502283 0.510747 0.520778 0.532520 0.546149 0.561883 0.579990 0.600798 0.624715 0.652252 0.684053 0.720939 0.763976 0.814564 0.874582 0.827859 0.780564 0.740068 0.705181 0.674988 0.648774 0.625971 0.606127 0.588878 0.573927 0.561036 0.550006 0.540679 0.532926 0.526643 0.521748 0.518181 0.515896 0.514866 0.515079 0.516537 0.519258 0.523274 0.528637 0.535414 0.543694 0.553589 0.565237 0.578811 0.594520 0.612622 0.633436 0.657352 0.684861 0.716573 0.753268 0.795946 0.845909 0.904892 0.975242 0.890333 0.820173 0.761965 0.713075 0.671602 0.636135 0.605613 0.579217 0.556310 0.536389 0.519052 0.503977 0.490903 0.479616 0.469943 0.461742 0.454901 0.449325 0.444944 0.441701 0.439556 0.438483 0.438469 0.439514 0.441631 0.444844 0.449195 0.454738 0.461546 0.469709 0.479342 0.490585 0.503610 0.518629 0.535902 0.555750 0.578573 0.604870 0.635275 0.670599 0.711899 0.760572 7704.000000 1.208395 0.596515
0.727051 0.693842 0.665066 0.640062 0.618306 0.599377 0.582935 0.568704 0.556461 0.546021 0.537236 0.529986 0.524175 0.519728 0.516590 0.514723 0.514103 0.514723 0.516590 0.519728 0.524175 0.529986 0.537236 0.546021 0.556461 0.568704 0.582935 0.599377 0.618306 0.640062 0.665066 0.693842 0.727051 0.765536 0.810385 0.863024 0.925361 1.000000 0.947921 0.899386 0.857544 0.821314 0.789846 0.762470 0.738647 0.717946 0.700013 0.684564 0.671364 0.660224 0.650990 0.643540 0.637778 0.633631 0.631048 0.629997 0.630467 0.632461 0.636006 0.641144 0.647939 0.656478 0.666873 0.679265 0.693830 0.710783 0.730389 0.741901 0.715235 0.692027 0.671847 0.654341 0.639226 0.626268 0.615277 0.606101 0.598615 0.592722 0.588348 0.585438 0.583956 0.583885 0.585224 0.587989 0.592213 0.597949 0.605270 0.614271 0.625072 0.637824 0.652712 0.669964 0.689860 0.712744 0.739039 0.769273 0.804106 0.844374 0.819087 0.793058 0.770431 0.750818 0.733902 0.719427 0.707183 0.697000 0.688741 0.682300 0.677596 0.674571 0.673186 0.673427 0.675295 0.678813 0.684025 0.690995 0.699811 0.710590 0.723476 0.738650 0.756335 0.776806 0.800397 0.827522 0.858691 0.863024 0.810385 0.765536 854.500000 1.275066 0.755219
0.555814 0.581946 0.612205 0.647428 0.688712 0.722174 0.689693 0.661534 0.637059 0.615760 0.597232 0.581145 0.567233 0.555278 0.545103 0.536563 0.529542 0.523949 0.519712 0.516777 0.515110 0.514689 0.515510 0.517582 0.520932 0.525599 0.531643 0.539141 0.548194 0.558925 0.571489 0.586076 0.602916 0.622297 0.644570 0.670171 0.699644 0.733678 0.773151 0.819198 0.873314 0.868723 0.783943 0.715811 0.660037 0.613698 0.574732 0.541646 0.513332 0.488950 0.467855 0.449543 0.433616 0.419756 0.407706 0.397259 0.388246 0.380529 0.373996 0.368557 0.364138 0.360683 0.358147 0.356500 0.355721 0.355800 0.356739 0.358549 0.361253 0.364883 0.369486 0.375121 0.381866 0.389814 0.399081 0.409811 0.422180 0.436402 0.452745 0.471539 0.493201 0.518258 0.547386 0.581468 0.621672 0.669583 0.727393 0.798234 0.886728 1.000000 0.989009 0.895096 0.819275 0.756976 0.705062 0.661301 0.624071 0.592161 0.564648 0.540824 0.520131 0.502129 0.486464 0.472851 0.461060 0.450902 0.442225 0.434903 0.428836 0.423943 0.420162 0.417444 0.415756 0.415078 0.415401 0.416729 0.419079 0.422479 0.426971 0.432614 0.439480 0.447664 0.457281 0.468474 0.481417 0.496325 0.513463 0.533156 2914.000000 1.544416 0.563856
0.623931 0.628995 0.635687 0.644090 0.654316 0.666503 0.680824 0.697491 0.716766 0.738966 0.764486 0.793813 0.827552 0.866467 0.813697 0.757454 0.710083 0.669808 0.635304 0.605568 0.579826 0.557472 0.538025 0.521102 0.506394 0.493650 0.482667 0.473276 0.465344 0.458760 0.454029 0.459848 0.466957 0.475453 0.485455 0.497110 0.510599 0.526143 0.544015 0.564552 0.588173 0.615404 0.646913 0.683558 0.726459 0.777104 0.837507 0.910471 1.000000 0.932730 0.856157 0.792968 0.740125 0.695457 0.657366 0.624658 0.596420 0.571942 0.550669 0.532157 0.516052 0.502068 0.489970 0.479571 0.470713 0.463273 0.457149 0.452259 0.464517 0.481781 0.501633 0.524509 0.550963 0.581702 0.617649 0.660027 0.710486 0.771312 0.845755 0.878495 0.832415 0.792743 0.758424 0.728636 0.702729 0.680183 0.660580 0.643583 0.628916 0.616354 0.605715 0.596850 0.589641 0.583994 0.579838 0.577121 0.575382 0.574464 0.574931 0.576789 0.580062 0.584788 0.591028 0.598861 0.608389 0.619743 0.633083 0.648606 0.666556 0.687231 0.710997 0.736705 0.714499 0.695218 0.678543 0.664211 0.652011 0.641769 0.633346 0.626631 0.621539 0.618005 0.615987 0.615460 0.616418 0.617968 0.618451 0.620431 6162.500000 1.076030 0.616598
0.876767 0.925089 0.981551 1.000000 0.939379 0.887704 0.843343 0.805053 0.771867 0.743028 0.717933 0.696101 0.677140 0.660734 0.646626 0.634604 0.624498 0.616170 0.609510 0.604433 0.600876 0.598794 0.598163 0.598975 0.601239 0.604984 0.610254 0.602013 0.594245 0.588073 0.583419 0.580225 0.578452 0.578077 0.579098 0.581526 0.585390 0.590739 0.597639 0.606180 0.616475 0.628667 0.642931 0.659483 0.678588 0.700570 0.725832 0.754870 0.788307 0.826927 0.871735 0.848546 0.820634 0.796358 0.775291 0.757087 0.741463 0.728190 0.717081 0.707986 0.700785 0.695388 0.691728 0.689758 0.689456 0.690818 0.693860 0.698619 0.705155 0.713549 0.723911 0.736378 0.751123 0.768360 0.788350 0.811415 0.837950 0.821152 0.788574 0.760244 0.735590 0.714151 0.695554 0.679497 0.665732 0.654058 0.644312 0.636363 0.630107 0.625465 0.622379 0.620811 0.620744 0.622175 0.625121 0.629621 0.635727 0.643520 0.653098 0.664591 0.678159 0.693999 0.682043 0.666188 0.652591 0.641051 0.631406 0.623528 0.617312 0.612681 0.609576 0.607959 0.607812 0.609132 0.611935 0.616255 0.622146 0.629683 0.638962 0.650109 0.663278 0.678660 0.696490 0.717057 0.740714 0.767898 0.799152 0.835155 5829.000000 1.236493 0.794900
0.898853 0.934931 0.943608 0.919332 0.898383 0.880442 0.865247 0.852587 0.842291 0.834227 0.828293 0.824414 0.822544 0.822660 0.824763 0.828879 0.835057 0.843376 0.853940 0.864405 0.840642 0.820074 0.802375 0.787281 0.774575 0.764085 0.755671 0.749226 0.744668 0.741942 0.741015 0.741875 0.744533 0.749021 0.755394 0.763732 0.774142 0.786762 0.801763 0.819360 0.839815 0.826646 0.805464 0.787189 0.771543 0.758298 0.747270 0.738311 0.731306 0.726165 0.722825 0.721245 0.721406 0.723310 0.726981 0.732462 0.739822 0.749155 0.760582 0.774258 0.790373 0.809163 0.830920 0.855998 0.884835 0.917971 0.956078 1.000000 0.975038 0.939769 0.909076 0.882382 0.859223 0.839218 0.822059 0.807494 0.795318 0.785369 0.777515 0.771657 0.767722 0.765663 0.765454 0.767092 0.770598 0.776014 0.783407 0.792871 0.804529 0.806317 0.796364 0.788531 0.782718 0.778853 0.776887 0.776799 0.778586 0.782270 0.787896 0.795534 0.805280 0.817262 0.831639 0.848613 0.827222 0.805201 0.786166 0.769823 0.755929 0.744289 0.734745 0.727172 0.721475 0.717581 0.715443 0.715036 0.716354 0.719413 0.724250 0.730926 0.739524 0.750155 0.762962 0.778120 0.795849 0.816418 0.840156 0.867467 4682.000000 1.146551 0.879850
0.601868 0.602594 0.604780 0.608454 0.613660 0.620463 0.628951 0.639235 0.651457 0.665791 0.682451 0.701700 0.723861 0.749331 0.778603 0.812291 0.845890 0.824029 0.805161 0.788995 0.775297 0.763875 0.754576 0.747279 0.741893 0.738349 0.736605 0.736640 0.738454 0.742070 0.747530 0.754903 0.764283 0.775792 0.789583 0.805851 0.824831 0.846817 0.820704 0.769749 0.726398 0.689243 0.657209 0.629470 0.605377 0.584416 0.566177 0.550327 0.536598 0.524771 0.514667 0.506141 0.499076 0.493377 0.488972 0.485804 0.483836 0.483043 0.483414 0.484956 0.487686 0.491638 0.496861 0.503423 0.511408 0.520927 0.532112 0.545130 0.560185 0.577526 0.597459 0.620366 0.636434 0.643455 0.652221 0.662849 0.675483 0.690303 0.707530 0.727437 0.750357 0.776700 0.806974 0.841815 0.882020 0.928608 0.982892 1.000000 0.942220 0.892786 0.850226 0.813410 0.781454 0.753662 0.729475 0.708446 0.690212 0.674477 0.661000 0.649585 0.640074 0.632339 0.626279 0.621819 0.618901 0.617492 0.610707 0.594971 0.581391 0.569759 0.559906 0.551695 0.545015 0.539779 0.535922 0.533395 0.532169 0.532227 0.533570 0.536216 0.540196 0.545559 0.552374 0.560730 0.570738 0.582539 0.596305 0.602594 670.000000 1.493863 0.789668
0.786864 0.728534 0.679781 0.638585 0.603468 0.573321 0.547298 0.524744 0.505145 0.488090 0.473252 0.460367 0.449217 0.439629 0.431460 0.424593 0.418934 0.414409 0.410961 0.408546 0.407134 0.406708 0.407263 0.408805 0.411355 0.414942 0.419612 0.425425 0.432458 0.440807 0.450591 0.461958 0.475087 0.490201 0.507570 0.527532 0.550510 0.577034 0.607782 0.643629 0.685725 0.735609 0.795386 0.868014 0.824243 0.777099 0.736735 0.701965 0.671875 0.645750 0.623026 0.603250 0.586060 0.571160 0.558310 0.547316 0.538017 0.530285 0.524017 0.519131 0.515566 0.513278 0.512238 0.512435 0.513870 0.516561 0.520542 0.525861 0.532585 0.540804 0.550628 0.562195 0.575675 0.591276 0.609255 0.629927 0.653682 0.681002 0.712498 0.748940 0.791320 0.817051 0.756670 0.706183 0.663511 0.627127 0.595886 0.568916 0.545539 0.525223 0.507544 0.492164 0.478807 0.467253 0.457319 0.448857 0.441748 0.435894 0.431219 0.427662 0.425179 0.423739 0.423326 0.423934 0.425571 0.428255 0.432022 0.436917 0.443004 0.450362 0.459095 0.469325 0.481208 0.494931 0.510727 0.528880 0.549744 0.573761 0.601488 0.633634 0.671119 0.715148 0.767339 0.829904 0.905954 1.000000 0.944791 0.857592 1362.500000 1.311056 0.588594
0.614996 0.600415 0.587893 0.577244 0.568320 0.560998 0.555182 0.550800 0.547795 0.546131 0.545789 0.546763 0.549066 0.552725 0.557787 0.564314 0.572390 0.582124 0.593650 0.607134 0.622779 0.640837 0.661615 0.685492 0.712939 0.744544 0.781050 0.823407 0.872844 0.930982 1.000000 0.938350 0.880857 0.831891 0.789885 0.753645 0.722249 0.694971 0.671237 0.650586 0.632646 0.617116 0.603750 0.592347 0.582745 0.574812 0.568443 0.563556 0.560091 0.558004 0.557270 0.557880 0.559842 0.563179 0.567932 0.574161 0.581946 0.591389 0.602620 0.615798 0.631119 0.648825 0.669212 0.692644 0.719573 0.750562 0.770028 0.741079 0.715889 0.693972 0.674935 0.658459 0.644283 0.632196 0.622024 0.613630 0.606901 0.601753 0.598120 0.595958 0.595240 0.595958 0.598120 0.601753 0.606901 0.613630 0.622024 0.632196 0.644283 0.658459 0.674935 0.693972 0.715889 0.741079 0.770028 0.803346 0.841796 0.886355 0.859445 0.822654 0.790710 0.762924 0.738743 0.717724 0.699507 0.683798 0.670358 0.658994 0.649547 0.641892 0.635929 0.631584 0.628802 0.627549 0.627812 0.629591 0.632910 0.637809 0.644349 0.652612 0.662708 0.674772 0.688974 0.705522 0.699305 0.673634 0.651295 0.631863 6183.000000 1.288829 0.752068
0.672369 0.658168 0.646079 0.635930 0.627583 0.620929 0.615883 0.612382 0.610383 0.609860 0.610810 0.613241 0.617185 0.622690 0.629825 0.638681 0.649377 0.662060 0.676911 0.694154 0.714064 0.736977 0.763310 0.793577 0.828421 0.868655 0.915313 0.969738 0.978505 0.932779 0.893191 0.858812 0.828903 0.802877 0.780258 0.760661 0.743773 0.729336 0.717144 0.707029 0.698855 0.692517 0.687935 0.685053 0.683836 0.684268 0.686356 0.690124 0.695619 0.702909 0.712087 0.723273 0.736619 0.752314 0.770588 0.791728 0.816081 0.803356 0.776224 0.752619 0.732118 0.714381 0.699127 0.686129 0.675202 0.666198 0.658998 0.653509 0.649662 0.647412 0.646729 0.647607 0.650055 0.654104 0.659802 0.667223 0.676460 0.687636 0.687837 0.679061 0.672105 0.666881 0.663323 0.661387 0.661051 0.662309 0.665178 0.669693 0.675908 0.683903 0.693781 0.705673 0.719744 0.736198 0.755283 0.777307 0.802645 0.831762 0.865234 0.903782 0.948316 1.000000 0.996386 0.943752 0.898456 0.859283 0.825289 0.795727 0.770000 0.747629 0.728226 0.711475 0.697119 0.684949 0.674794 0.666518 0.660013 0.655198 0.652011 0.650414 0.650389 0.651934 0.655068 0.659829 0.666277 0.674494 0.684585 0.688893 5005.500000 1.227037 0.799643
0.806784 0.841814 0.882247 0.929111 0.983736 1.000000 0.987585 0.977800 0.970523 0.965663 0.963160 0.962983 0.965132 0.965033 0.911653 0.865845 0.826315 0.792063 0.762300 0.736403 0.713871 0.694299 0.677361 0.662788 0.650363 0.639908 0.631281 0.624367 0.619078 0.615349 0.613132 0.612401 0.613147 0.615380 0.616985 0.617036 0.618577 0.621628 0.626225 0.632425 0.640308 0.649975 0.661556 0.675214 0.691148 0.709603 0.730879 0.755347 0.783462 0.815793 0.853050 0.896136 0.946206 0.932731 0.899938 0.871401 0.846595 0.825095 0.806554 0.790692 0.777278 0.766126 0.757088 0.750047 0.744913 0.741623 0.740138 0.740439 0.742530 0.746436 0.752204 0.759908 0.769645 0.781541 0.790708 0.782691 0.776688 0.772622 0.770446 0.770132 0.771676 0.775098 0.780439 0.787765 0.797168 0.808770 0.822727 0.839231 0.858521 0.880891 0.906700 0.936392 0.965686 0.909565 0.861571 0.820265 0.784542 0.753540 0.726579 0.703116 0.682715 0.665020 0.649746 0.636657 0.625562 0.616306 0.608765 0.602842 0.598460 0.595566 0.594125 0.594118 0.595546 0.598426 0.602793 0.608701 0.616226 0.625465 0.635198 0.642296 0.651141 0.661850 0.674569 0.689481 0.706807 0.726823 0.749865 0.776348 17403.500000 1.283552 0.803090
0.852701 0.829946 0.810274 0.793381 0.779016 0.766977 0.757100 0.749257 0.743346 0.739296 0.737055 0.736597 0.737917 0.741029 0.745973 0.752808 0.761622 0.772528 0.785671 0.801232 0.819437 0.840560 0.864939 0.892991 0.925227 0.962282 1.000000 0.960172 0.925539 0.895400 0.869189 0.846451 0.826813 0.809972 0.795683 0.783744 0.773996 0.766310 0.760590 0.756764 0.754786 0.754631 0.756298 0.759807 0.765200 0.772545 0.781935 0.793490 0.807367 0.823757 0.842899 0.865086 0.884222 0.852054 0.824059 0.799711 0.778583 0.760326 0.744659 0.731351 0.720215 0.711100 0.703887 0.698486 0.694827 0.692868 0.692583 0.693969 0.697044 0.701844 0.708430 0.716883 0.727314 0.739862 0.754701 0.772044 0.792157 0.815363 0.842059 0.872737 0.908004 0.948623 0.995557 0.995081 0.962771 0.934675 0.910302 0.889256 0.871213 0.855908 0.843127 0.832700 0.824489 0.818391 0.814329 0.812255 0.812143 0.813992 0.817824 0.823686 0.831650 0.827434 0.805376 0.786309 0.769936 0.756015 0.744350 0.734782 0.727187 0.721468 0.717553 0.715394 0.714966 0.716262 0.719300 0.724115 0.730767 0.739341 0.749946 0.762724 0.777851 0.795546 0.816076 0.839771 0.867034 0.898364 0.909055 0.878917 6428.000000 1.166073 0.842937
0.744887 0.722708 0.703457 0.686816 0.672527 0.660380 0.650201 0.641855 0.635231 0.630246 0.626836 0.624960 0.624596 0.625739 0.628403 0.632620 0.638442 0.645943 0.655220 0.666396 0.679626 0.695100 0.713053 0.733772 0.757611 0.785006 0.816497 0.852761 0.894651 0.943259 1.000000 0.994185 0.935596 0.885543 0.842501 0.805298 0.773026 0.744966 0.720547 0.699310 0.680882 0.664960 0.651300 0.639700 0.629996 0.622059 0.615785 0.611093 0.607926 0.606244 0.606028 0.607274 0.609998 0.614233 0.620031 0.627465 0.636633 0.647656 0.660687 0.675914 0.693571 0.713941 0.737373 0.764300 0.795257 0.830913 0.872116 0.919951 0.880216 0.844761 0.813937 0.787112 0.763781 0.743532 0.726033 0.711013 0.698249 0.687563 0.678810 0.671875 0.666670 0.663130 0.661212 0.660893 0.662169 0.665055 0.669586 0.675819 0.683831 0.693727 0.705639 0.719732 0.736208 0.755318 0.777370 0.802740 0.831894 0.865409 0.886061 0.852749 0.823764 0.798545 0.776639 0.757680 0.741368 0.727459 0.715755 0.706096 0.698353 0.692429 0.688249 0.685761 0.684935 0.685761 0.688249 0.692429 0.698353 0.706096 0.715755 0.727459 0.741368 0.757680 0.776639 0.798545 0.823764 0.833392 0.799687 0.770386 495.000000 1.108446 0.769856
0.917388 0.849273 0.792351 0.744261 0.703271 0.668086 0.637717 0.611398 0.588527 0.568626 0.551311 0.536273 0.523261 0.512070 0.502533 0.494514 0.487904 0.482616 0.478582 0.475751 0.474089 0.473575 0.474204 0.475983 0.478933 0.483091 0.488509 0.495256 0.503422 0.513119 0.514696 0.512835 0.512218 0.512835 0.514696 0.517822 0.522253 0.528042 0.535266 0.544019 0.554420 0.566619 0.580798 0.597179 0.616039 0.637715 0.662627 0.682556 0.664989 0.649828 0.636844 0.625847 0.616683 0.609231 0.603393 0.599095 0.596284 0.594926 0.595004 0.596520 0.599491 0.603048 0.596229 0.590971 0.587207 0.584890 0.583993 0.584505 0.586432 0.589797 0.594642 0.601027 0.609033 0.618767 0.630360 0.643977 0.659820 0.678136 0.699232 0.723480 0.751347 0.783409 0.820393 0.759814 0.704119 0.657507 0.618080 0.584442 0.555546 0.530591 0.508955 0.490148 0.473783 0.459546 0.447186 0.436498 0.427314 0.419498 0.412940 0.407550 0.403259 0.400475 0.398728 0.397951 0.398135 0.399281 0.401403 0.404528 0.408694 0.413954 0.420378 0.428051 0.437083 0.447605 0.459781 0.473812 0.489944 0.508481 0.529802 0.554383 0.582829 0.615917 0.654658 0.700402 0.754974 0.820913 0.901853 1.000000 6505.000000 1.286261 0.683110
0.604504 0.593093 0.583484 0.575546 0.569174 0.564286 0.560821 0.558735 0.558005 0.558621 0.560589 0.563936 0.568700 0.574943 0.582744 0.592206 0.594917 0.592227 0.590978 0.591156 0.592763 0.595817 0.600357 0.606439 0.614140 0.623561 0.634828 0.648100 0.663572 0.681482 0.702125 0.725860 0.753134 0.784501 0.820658 0.777864 0.738393 0.704348 0.674859 0.649241 0.626953 0.607558 0.590708 0.576118 0.563556 0.552834 0.543798 0.536323 0.530312 0.525686 0.522388 0.520377 0.514942 0.508378 0.503177 0.499271 0.496613 0.495169 0.494923 0.495870 0.498024 0.501410 0.506069 0.512061 0.519463 0.528374 0.538916 0.551243 0.562518 0.574602 0.588665 0.604929 0.623662 0.645196 0.669941 0.698411 0.731247 0.769268 0.813527 0.865402 0.926727 1.000000 0.868873 0.763456 0.682316 0.618113 0.566199 0.523494 0.487872 0.457821 0.432239 0.430991 0.432393 0.434855 0.438408 0.443095 0.448977 0.456130 0.464653 0.474666 0.486317 0.499789 0.515305 0.533142 0.553638 0.577220 0.604421 0.635921 0.672593 0.672928 0.665120 0.659061 0.654674 0.651905 0.650721 0.651106 0.653066 0.656625 0.661826 0.668733 0.677436 0.688047 0.700712 0.695800 0.672046 0.651378 0.633424 0.617881 16981.000000 1.145519 0.681653
0.742980 0.810215 0.840605 0.790963 0.748559 0.712099 0.680589 0.653256 0.629493 0.608812 0.590825 0.575217 0.561730 0.550157 0.540326 0.532099 0.525366 0.520039 0.516049 0.513347 0.511900 0.511690 0.512716 0.514988 0.518536 0.523402 0.529649 0.537357 0.546629 0.557593 0.570408 0.585270 0.602416 0.622142 0.644809 0.670868 0.700881 0.735560 0.775817 0.740629 0.690231 0.647716 0.611523 0.580485 0.553714 0.530526 0.510382 0.492856 0.477606 0.464356 0.452883 0.443005 0.434573 0.427467 0.421589 0.416861 0.413222 0.410627 0.409043 0.408452 0.408846 0.410230 0.412621 0.416048 0.420555 0.426198 0.433051 0.441209 0.450788 0.461929 0.474807 0.489637 0.506684 0.526274 0.548815 0.574820 0.604943 0.640023 0.681166 0.729839 0.788049 0.858597 0.945519 1.000000 0.894927 0.811605 0.744117 0.688522 0.642096 0.602897 0.569501 0.540845 0.516119 0.494694 0.476079 0.459881 0.445788 0.433546 0.422951 0.413834 0.406059 0.399516 0.394115 0.389784 0.386469 0.384127 0.382730 0.382260 0.382712 0.384092 0.386416 0.389713 0.394025 0.399405 0.405926 0.413677 0.422767 0.433334 0.445543 0.459600 0.475755 0.494322 0.515690 0.540350 0.568925 0.602224 0.641303 0.687578 1130.000000 1.399878 0.580171
0.824464 0.805668 0.789570 0.775935 0.764574 0.755334 0.748096 0.742767 0.739283 0.737599 0.737696 0.739575 0.743259 0.748793 0.756245 0.765710 0.777312 0.791206 0.807586 0.826693 0.848820 0.874329 0.903663 0.937370 0.924536 0.893141 0.865825 0.842099 0.821565 0.803899 0.788837 0.776165 0.765709 0.757331 0.750924 0.746407 0.743726 0.742847 0.743760 0.746475 0.751026 0.757469 0.765885 0.776381 0.789096 0.804204 0.821921 0.842512 0.866301 0.893688 0.925165 0.961341 1.000000 0.959948 0.925124 0.894818 0.868461 0.845591 0.825833 0.808881 0.794487 0.782448 0.772602 0.764820 0.759004 0.755081 0.753003 0.752745 0.754303 0.757697 0.762969 0.770182 0.779429 0.790829 0.804534 0.820735 0.839666 0.861616 0.886938 0.916068 0.887587 0.862512 0.840786 0.822058 0.806047 0.792520 0.781290 0.772209 0.765159 0.760050 0.756821 0.755431 0.755864 0.758124 0.762240 0.768262 0.776265 0.786351 0.798651 0.813333 0.830603 0.850717 0.873987 0.888265 0.869142 0.852835 0.839114 0.827790 0.818713 0.811768 0.806867 0.803950 0.802982 0.803950 0.806867 0.811768 0.818713 0.827790 0.839114 0.852835 0.869142 0.888265 0.910492 0.936173 0.933454 0.900255 0.871364 0.846245 3218.500000 1.067409 0.857077
0.826366 0.774579 0.730557 0.692849 0.660356 0.632228 0.607803 0.586556 0.568067 0.551996 0.538070 0.526066 0.515802 0.507128 0.499926 0.494099 0.489573 0.486289 0.484208 0.483304 0.483566 0.484997 0.487616 0.491453 0.496556 0.502991 0.510842 0.520215 0.531242 0.544086 0.558946 0.576068 0.595752 0.618371 0.644390 0.674390 0.709111 0.749506 0.796816 0.852694 0.919382 1.000000 0.990388 0.911481 0.846107 0.791262 0.744780 0.705059 0.670896 0.641364 0.615743 0.593465 0.574078 0.557217 0.542588 0.529952 0.519113 0.509912 0.502221 0.495935 0.490973 0.487271 0.484784 0.483481 0.483346 0.484378 0.486589 0.490006 0.494672 0.500645 0.508003 0.516844 0.527291 0.539495 0.553644 0.569964 0.588737 0.610310 0.635112 0.663681 0.696700 0.735039 0.779831 0.832573 0.895280 0.969259 0.900946 0.843527 0.794788 0.753089 0.717188 0.686133 0.659178 0.635734 0.615332 0.597593 0.582212 0.568939 0.557571 0.547943 0.539920 0.533395 0.528283 0.524521 0.522060 0.520871 0.520939 0.522266 0.524868 0.528776 0.534038 0.540722 0.548915 0.558726 0.570294 0.583786 0.599412 0.617426 0.638140 0.661943 0.689316 0.720861 0.757344 0.799747 0.849346 0.907836 0.961756 0.887864 1155.000000 1.102214 0.602475
0.799150 0.887294 1.000000 0.966388 0.876848 0.804268 0.744441 0.694455 0.652232 0.616249 0.585365 0.558710 0.535611 0.515539 0.498074 0.482879 0.469681 0.458260 0.448436 0.440062 0.433019 0.427212 0.422562 0.419011 0.416514 0.415041 0.414574 0.415106 0.416645 0.419209 0.422830 0.427552 0.433438 0.440563 0.449027 0.458950 0.470480 0.483800 0.499134 0.516757 0.537012 0.560323 0.587230 0.618416 0.654766 0.697441 0.718646 0.685916 0.657553 0.632907 0.611461 0.592802 0.576596 0.562572 0.550509 0.540226 0.531578 0.524445 0.518735 0.514373 0.511306 0.509495 0.508919 0.509570 0.511456 0.514601 0.519043 0.524838 0.532060 0.540804 0.551191 0.563368 0.577518 0.593865 0.612683 0.634311 0.659167 0.687776 0.720796 0.759068 0.803676 0.856046 0.876619 0.790678 0.721666 0.665208 0.618324 0.578917 0.545467 0.516849 0.492210 0.470897 0.452397 0.436307 0.422305 0.410131 0.399575 0.390466 0.382664 0.376056 0.370550 0.366072 0.362564 0.359981 0.358292 0.357476 0.357523 0.358434 0.360220 0.362901 0.366513 0.371100 0.376723 0.383457 0.391396 0.400656 0.411380 0.423743 0.437959 0.454295 0.473081 0.494731 0.519769 0.548870 0.582911 0.623052 0.670868 0.728533 1520.000000 1.514102 0.567332
0.530604 0.536515 0.543885 0.552810 0.563413 0.575845 0.590292 0.606983 0.626197 0.648281 0.673661 0.702872 0.736586 0.775660 0.821201 0.809323 0.778679 0.752016 0.728816 0.708661 0.691211 0.676190 0.663372 0.652573 0.643647 0.636473 0.630962 0.627042 0.624667 0.623806 0.624450 0.626607 0.630302 0.635582 0.642511 0.651180 0.661701 0.674219 0.688911 0.705997 0.725744 0.748483 0.774620 0.804656 0.792775 0.766881 0.744360 0.724822 0.707944 0.693467 0.681179 0.670907 0.662512 0.655885 0.650942 0.647622 0.645883 0.645705 0.647086 0.650042 0.654609 0.660844 0.668826 0.678658 0.690472 0.704431 0.720739 0.739643 0.724762 0.696139 0.671246 0.649583 0.630747 0.614410 0.600308 0.588225 0.577983 0.569440 0.562481 0.557016 0.552975 0.550309 0.548985 0.548986 0.550313 0.552982 0.557025 0.562494 0.569455 0.578002 0.588247 0.598541 0.609551 0.622502 0.637584 0.655033 0.675135 0.698246 0.724803 0.755352 0.790578 0.831351 0.878790 0.934358 1.000000 0.955970 0.888760 0.832254 0.784279 0.743227 0.707879 0.677299 0.650754 0.627666 0.607574 0.590106 0.574961 0.561893 0.550704 0.541229 0.533339 0.526926 0.522764 0.520901 0.520300 0.520954 0.522872 0.526075 7077.500000 1.179123 0.747333
0.845707 0.807918 0.775150 0.746664 0.721876 0.700313 0.681596 0.665414 0.651516 0.639697 0.629788 0.621657 0.615196 0.610324 0.606978 0.605119 0.604724 0.605788 0.608323 0.612362 0.617952 0.625166 0.634096 0.644861 0.641805 0.623683 0.607981 0.594447 0.582877 0.573102 0.564989 0.558428 0.553336 0.549648 0.547319 0.546320 0.546639 0.548280 0.551263 0.555625 0.561419 0.568720 0.573789 0.571016 0.569635 0.569630 0.571001 0.573764 0.577952 0.583619 0.590835 0.599695 0.610318 0.622851 0.637477 0.654422 0.673959 0.696429 0.722249 0.751938 0.786147 0.825702 0.871659 0.925394 0.988727 0.968513 0.912759 0.865045 0.823958 0.788410 0.757552 0.730713 0.707356 0.687051 0.669446 0.654257 0.641253 0.630245 0.621079 0.613633 0.607811 0.603538 0.600762 0.599449 0.599583 0.601165 0.604216 0.608772 0.602502 0.583786 0.567524 0.553441 0.541312 0.530956 0.522222 0.514992 0.509169 0.504679 0.501464 0.499486 0.498720 0.499158 0.500803 0.503677 0.507815 0.513267 0.520105 0.528418 0.538318 0.549947 0.558501 0.568012 0.579273 0.592445 0.607728 0.625368 0.645663 0.668986 0.695796 0.726668 0.762329 0.803707 0.852005 0.908808 0.976246 1.000000 0.940358 0.889452 4683.500000 1.444396 0.744446
0.415810 0.420483 0.428022 0.436909 0.447273 0.459273 0.473107 0.489014 0.507294 0.528315 0.552541 0.580563 0.613135 0.651240 0.696185 0.749732 0.814329 0.893462 0.992278 0.967673 0.931102 0.899281 0.871595 0.847543 0.826721 0.808799 0.793509 0.780632 0.769991 0.761447 0.754888 0.750234 0.747426 0.746431 0.747236 0.749851 0.754308 0.720571 0.681140 0.647279 0.618043 0.592700 0.570675 0.551508 0.534834 0.520356 0.507832 0.497065 0.487897 0.480197 0.473860 0.468803 0.464961 0.462285 0.460745 0.460319 0.461004 0.462808 0.465752 0.469873 0.475223 0.481870 0.490014 0.499779 0.511198 0.524444 0.539730 0.557316 0.577525 0.600757 0.627511 0.658419 0.694289 0.736169 0.785438 0.843955 0.914272 1.000000 0.986911 0.914584 0.854052 0.802848 0.759163 0.721635 0.689225 0.661125 0.636700 0.615446 0.601076 0.600224 0.600820 0.602872 0.606403 0.611458 0.618099 0.626412 0.636505 0.648518 0.662619 0.679019 0.697976 0.719806 0.744898 0.773733 0.806914 0.845195 0.889538 0.883782 0.810085 0.749399 0.698737 0.655972 0.619547 0.588296 0.561334 0.537974 0.517679 0.500019 0.484654 0.471307 0.459753 0.449809 0.441328 0.434186 0.428288 0.423554 0.419925 0.417354 7275.000000 1.426806 0.613206
0.827201 0.798767 0.774027 0.752531 0.733917 0.717890 0.704208 0.692675 0.683133 0.675456 0.669544 0.665323 0.662743 0.661770 0.662393 0.664621 0.668479 0.674015 0.643597 0.616294 0.592583 0.571956 0.554006 0.538406 0.524891 0.513244 0.503288 0.494881 0.487906 0.482271 0.477903 0.474746 0.472762 0.471927 0.472231 0.473677 0.476283 0.480080 0.485117 0.491457 0.499183 0.508400 0.519239 0.531859 0.546457 0.563275 0.579870 0.577214 0.575963 0.576103 0.577634 0.580577 0.584965 0.590855 0.598321 0.607460 0.618395 0.631280 0.646304 0.663698 0.683747 0.706800 0.733291 0.763756 0.798871 0.839489 0.886710 0.941965 1.000000 0.923333 0.859507 0.805751 0.760046 0.720892 0.687148 0.657936 0.632568 0.610500 0.591297 0.574606 0.560145 0.547680 0.537024 0.528022 0.520551 0.514510 0.509822 0.506427 0.504284 0.493883 0.484717 0.477013 0.470667 0.465594 0.461730 0.459026 0.457450 0.456981 0.457614 0.459358 0.462232 0.466273 0.471532 0.478075 0.485990 0.495384 0.506393 0.519182 0.533953 0.550955 0.566000 0.570074 0.575603 0.582658 0.591331 0.601737 0.614021 0.628363 0.644982 0.664148 0.686191 0.711520 0.740644 0.774198 0.812988 0.858046 0.897500 0.859881 1977.000000 1.597692 0.757768
0.968430 0.924195 0.885866 0.852561 0.823582 0.798368 0.776468 0.757513 0.741204 0.727298 0.715597 0.705940 0.698199 0.692276 0.688097 0.685609 0.684783 0.685609 0.675626 0.664943 0.656148 0.649126 0.643787 0.640065 0.637913 0.637306 0.638237 0.640716 0.644773 0.650459 0.657846 0.667027 0.678126 0.691293 0.679342 0.668961 0.660460 0.653728 0.648678 0.645248 0.643396 0.643100 0.644355 0.647178 0.651602 0.657682 0.665495 0.675142 0.686752 0.700485 0.704164 0.706916 0.711409 0.717701 0.725869 0.736018 0.748284 0.762834 0.779877 0.799670 0.822527 0.848834 0.879066 0.913815 0.953817 1.000000 0.988674 0.948126 0.912885 0.882220 0.855542 0.832376 0.812337 0.795111 0.780441 0.768120 0.757979 0.749886 0.743736 0.739454 0.736986 0.736302 0.718739 0.685098 0.655976 0.630685 0.608684 0.589539 0.572900 0.558482 0.546056 0.535432 0.526458 0.519778 0.520542 0.522570 0.525885 0.530529 0.536560 0.544055 0.553114 0.563862 0.576451 0.591072 0.607956 0.627390 0.649723 0.675393 0.704943 0.739058 0.778615 0.778559 0.774437 0.772210 0.771850 0.773352 0.776734 0.782039 0.789332 0.798704 0.810276 0.824204 0.840679 0.859941 0.882281 0.908059 0.937716 0.971795 838.500000 1.252842 0.831752
0.580772 0.623322 0.674353 0.729247 0.694752 0.664902 0.638988 0.616448 0.596832 0.579780 0.564998 0.552249 0.541338 0.532106 0.524427 0.518196 0.513334 0.509780 0.507488 0.506431 0.506597 0.507986 0.510617 0.514522 0.519748 0.526363 0.534452 0.544125 0.555518 0.568797 0.584169 0.601885 0.622255 0.645662 0.672583 0.703615 0.739517 0.703698 0.646392 0.599051 0.559427 0.525909 0.497310 0.472741 0.451522 0.433124 0.417133 0.403217 0.391112 0.380602 0.371514 0.363706 0.357062 0.351487 0.346907 0.343261 0.340503 0.338598 0.337522 0.337264 0.337819 0.339194 0.341406 0.344483 0.348463 0.353397 0.359351 0.366407 0.374666 0.384254 0.395322 0.408059 0.422696 0.439521 0.458891 0.481261 0.507208 0.537481 0.573066 0.615283 0.665947 0.727614 0.804002 0.900734 1.000000 0.882462 0.791354 0.718868 0.660004 0.611411 0.570764 0.536396 0.507084 0.481910 0.460174 0.441332 0.424955 0.410704 0.398306 0.387541 0.378230 0.370227 0.363413 0.357691 0.352984 0.349230 0.346380 0.344399 0.343263 0.342959 0.343481 0.344837 0.347043 0.350126 0.354126 0.359093 0.365093 0.372209 0.380543 0.390221 0.401396 0.414257 0.429037 0.446025 0.465582 0.488163 0.514348 0.544888 830.000000 1.620759 0.556722
0.649081 0.657944 0.664104 0.652636 0.643080 0.635309 0.629220 0.624738 0.621807 0.620391 0.620473 0.622054 0.625152 0.629806 0.636074 0.644036 0.653794 0.665480 0.679257 0.695328 0.706160 0.699737 0.695090 0.692160 0.690912 0.691331 0.693422 0.697211 0.702743 0.710088 0.719340 0.730620 0.744080 0.759910 0.778344 0.799669 0.824237 0.852482 0.876260 0.790133 0.721003 0.664468 0.617535 0.578094 0.544623 0.515990 0.491342 0.470023 0.451519 0.435426 0.421421 0.409244 0.398684 0.389571 0.381764 0.375150 0.372636 0.379289 0.387133 0.396284 0.406882 0.419099 0.433149 0.449293 0.467858 0.489253 0.513996 0.542753 0.576388 0.616050 0.663290 0.720255 0.790007 0.877056 0.988341 1.000000 0.939817 0.888485 0.844400 0.806333 0.773333 0.744651 0.719693 0.697980 0.679128 0.662821 0.648806 0.636874 0.626855 0.618614 0.612043 0.607056 0.603593 0.601609 0.594574 0.586091 0.579222 0.573880 0.569995 0.567521 0.566427 0.566699 0.568342 0.571375 0.575835 0.581778 0.589279 0.598436 0.609374 0.622246 0.637242 0.654595 0.674589 0.697578 0.696731 0.681713 0.668905 0.658127 0.649230 0.642096 0.636634 0.632776 0.630474 0.629701 0.630446 0.632719 0.636548 0.641979 682.500000 1.153919 0.691872
0.673964 0.685297 0.698731 0.711401 0.694726 0.680416 0.668261 0.658091 0.649767 0.643182 0.638250 0.634912 0.633126 0.632870 0.634142 0.636956 0.641347 0.647369 0.655099 0.664636 0.676108 0.689674 0.705529 0.723916 0.745130 0.767060 0.732556 0.702643 0.676643 0.654018 0.634335 0.617246 0.602468 0.589768 0.578958 0.569885 0.562427 0.556484 0.551982 0.546248 0.541405 0.537933 0.535787 0.534942 0.535387 0.537128 0.540186 0.544598 0.550420 0.557726 0.566612 0.577199 0.589637 0.604109 0.620844 0.640118 0.662273 0.687734 0.717026 0.750815 0.789942 0.835495 0.888896 0.952039 1.000000 0.926085 0.864284 0.812049 0.767512 0.729272 0.696259 0.667644 0.642776 0.621136 0.602310 0.585962 0.571819 0.559658 0.549301 0.540598 0.533431 0.527707 0.523352 0.520311 0.518548 0.515716 0.512290 0.510131 0.509211 0.509520 0.511061 0.513853 0.517931 0.523345 0.530163 0.538476 0.548396 0.560063 0.573650 0.589366 0.607474 0.628290 0.652211 0.679728 0.711458 0.748187 0.790923 0.840986 0.826539 0.795987 0.769401 0.746273 0.726193 0.708829 0.693908 0.681209 0.670554 0.661796 0.654821 0.649541 0.645888 0.643819 0.643307 0.644348 0.646953 0.651154 0.657003 0.664574 12458.000000 1.118321 0.748738
0.997540 0.954957 0.917981 0.885817 0.857827 0.833498 0.812414 0.794236 0.778689 0.765548 0.754631 0.745792 0.738918 0.733921 0.730740 0.729335 0.729691 0.731810 0.735720 0.741467 0.749124 0.758788 0.770585 0.784675 0.801256 0.820572 0.842924 0.868678 0.898289 0.874364 0.839355 0.808915 0.782424 0.759385 0.739395 0.722124 0.707308 0.694727 0.684205 0.675601 0.668801 0.663720 0.660295 0.658482 0.658262 0.659630 0.662603 0.667217 0.673531 0.681623 0.691598 0.703589 0.717763 0.734326 0.753529 0.760929 0.757359 0.755634 0.755734 0.757659 0.761433 0.767102 0.774736 0.784433 0.796318 0.810552 0.827333 0.846907 0.869576 0.895708 0.925759 0.960290 1.000000 0.956632 0.918481 0.885307 0.856438 0.831331 0.809550 0.790736 0.774602 0.760908 0.749465 0.740117 0.732744 0.727250 0.723568 0.721653 0.721482 0.723053 0.726384 0.731516 0.738513 0.747463 0.758483 0.771719 0.787356 0.805621 0.785831 0.762030 0.741361 0.723481 0.708109 0.695016 0.684016 0.674960 0.667728 0.662228 0.658391 0.656169 0.655537 0.656486 0.659027 0.663193 0.669033 0.676621 0.686056 0.697461 0.710993 0.726847 0.745260 0.766525 0.791001 0.819130 0.851460 0.888676 0.931641 0.981456 508.000000 1.211852 0.826399
0.639412 0.643145 0.648493 0.655524 0.653335 0.645981 0.640315 0.636267 0.633787 0.632846 0.633430 0.635549 0.639226 0.644509 0.651462 0.660174 0.670760 0.683364 0.698165 0.715384 0.727035 0.723839 0.722404 0.722712 0.724767 0.728594 0.734239 0.741774 0.751294 0.762924 0.776819 0.793177 0.812237 0.834296 0.859714 0.888939 0.922522 0.961148 0.976331 0.939073 0.906658 0.878452 0.853943 0.832716 0.814434 0.798820 0.785650 0.774744 0.765956 0.759174 0.754313 0.751311 0.750134 0.750766 0.753215 0.757511 0.763706 0.771879 0.770058 0.741026 0.715765 0.693786 0.674693 0.658167 0.643944 0.631814 0.621601 0.613167 0.606401 0.601214 0.597543 0.595342 0.594585 0.595261 0.597380 0.600967 0.606066 0.612741 0.621078 0.631186 0.643204 0.657302 0.673692 0.692632 0.714438 0.739501 0.768305 0.801453 0.817348 0.805869 0.796601 0.789424 0.784247 0.781007 0.779664 0.780203 0.782628 0.786971 0.793284 0.801646 0.812163 0.824974 0.840252 0.858213 0.879124 0.903309 0.931168 0.963196 1.000000 0.952924 0.904577 0.862877 0.826756 0.795377 0.768076 0.744320 0.723681 0.705810 0.690424 0.677291 0.666223 0.657069 0.649707 0.644042 0.640004 0.637542 0.636627 0.637248 18115.000000 1.332313 0.846088
0.848469 0.835907 0.822719 0.811865 0.803204 0.796625 0.792045 0.789409 0.788683 0.789860 0.792954 0.798002 0.805067 0.814237 0.825630 0.839398 0.855729 0.874857 0.897071 0.884638 0.832694 0.788306 0.750126 0.717121 0.688487 0.663589 0.641922 0.623078 0.606729 0.592607 0.580495 0.570213 0.561619 0.554597 0.549054 0.544921 0.542146 0.540695 0.540550 0.541710 0.544190 0.548018 0.553242 0.559929 0.568166 0.578061 0.589753 0.603412 0.619246 0.637510 0.658519 0.682660 0.710415 0.742388 0.755867 0.745708 0.737571 0.731353 0.726976 0.724385 0.723549 0.724459 0.727125 0.731580 0.737878 0.746099 0.756347 0.768759 0.783504 0.800792 0.820883 0.844094 0.870814 0.901524 0.936819 0.977441 1.000000 0.935619 0.881020 0.834341 0.794177 0.759448 0.729312 0.703106 0.680299 0.660467 0.643265 0.628411 0.615677 0.604878 0.595861 0.588506 0.582718 0.578422 0.575565 0.574113 0.574047 0.575368 0.578090 0.582248 0.587892 0.595095 0.603949 0.614574 0.627117 0.641761 0.658730 0.676142 0.666167 0.658045 0.651669 0.646959 0.643857 0.642325 0.642343 0.643913 0.647054 0.651803 0.658219 0.666385 0.676405 0.688416 0.702584 0.719116 0.738266 0.760346 0.785738 0.814917 2243.500000 1.465665 0.808555
0.981330 1.000000 0.915965 0.846841 0.789185 0.740550 0.699148 0.663645 0.633024 0.606501 0.583460 0.563414 0.545971 0.530816 0.517693 0.506393 0.496748 0.488618 0.481892 0.476482 0.472316 0.471946 0.478403 0.486225 0.495522 0.506425 0.519097 0.533738 0.550595 0.569968 0.592234 0.617858 0.647431 0.681701 0.721639 0.768513 0.824023 0.890489 0.971162 0.999146 0.980318 0.964467 0.951375 0.940870 0.932818 0.927117 0.923697 0.922516 0.923560 0.926842 0.932402 0.940308 0.950658 0.963587 0.979263 0.929769 0.860525 0.802681 0.753825 0.712192 0.676461 0.645626 0.618905 0.595686 0.575483 0.557905 0.542637 0.529424 0.518058 0.508369 0.500218 0.495186 0.499051 0.504201 0.510702 0.518639 0.528118 0.539274 0.552270 0.567309 0.584637 0.604560 0.627454 0.653786 0.684146 0.719280 0.760149 0.808005 0.864515 0.931937 0.902650 0.877018 0.854804 0.835651 0.819268 0.805418 0.793909 0.784588 0.777334 0.772056 0.768689 0.767191 0.767544 0.769753 0.773844 0.779868 0.787899 0.798040 0.810424 0.799916 0.790275 0.782726 0.777174 0.773551 0.771812 0.771937 0.773926 0.777805 0.783620 0.791443 0.801374 0.813543 0.828112 0.845286 0.865317 0.888512 0.915251 0.945998 667.000000 1.226622 0.704907
0.640565 0.687600 0.744026 0.812673 0.887712 0.831651 0.784026 0.743254 0.708134 0.677743 0.651357 0.628407 0.608434 0.591072 0.576022 0.563043 0.551936 0.542540 0.534726 0.528389 0.523446 0.519835 0.517512 0.516449 0.516631 0.518063 0.520760 0.524757 0.530102 0.536864 0.545131 0.555014 0.566653 0.580218 0.595920 0.614015 0.634821 0.658728 0.686225 0.717923 0.754596 0.742984 0.693918 0.652405 0.616981 0.586546 0.560259 0.537467 0.517654 0.500413 0.485416 0.472396 0.461138 0.451466 0.443238 0.436337 0.430668 0.426159 0.422751 0.420402 0.419083 0.418778 0.419483 0.421207 0.423971 0.427808 0.432768 0.438914 0.446328 0.455112 0.465393 0.477324 0.491099 0.506949 0.525164 0.546101 0.570208 0.598048 0.630343 0.668027 0.712328 0.764895 0.827993 0.904813 1.000000 0.969652 0.869798 0.790316 0.725745 0.672427 0.627815 0.590088 0.557906 0.530264 0.506394 0.485700 0.467714 0.452062 0.438446 0.426624 0.416400 0.407613 0.400134 0.393855 0.388693 0.384578 0.381460 0.379298 0.378065 0.377748 0.378342 0.379855 0.382304 0.385721 0.390147 0.395641 0.402274 0.410138 0.419347 0.430038 0.442382 0.456588 0.472914 0.491680 0.513283 0.538229 0.567160 0.600907 7745.000000 1.433057 0.576530
0.970075 0.910998 0.860659 0.817457 0.780175 0.747868 0.719796 0.695369 0.674117 0.655658 0.639683 0.625939 0.614223 0.604366 0.596235 0.589721 0.584741 0.581234 0.579155 0.578479 0.579199 0.581323 0.584876 0.589903 0.596467 0.604652 0.614565 0.626343 0.640154 0.654767 0.630461 0.609310 0.590909 0.574932 0.561112 0.549233 0.539118 0.530625 0.523636 0.518062 0.513829 0.510886 0.509196 0.508739 0.509509 0.511516 0.514783 0.519352 0.525279 0.532641 0.541536 0.552085 0.564441 0.578788 0.595355 0.614423 0.636336 0.661522 0.690516 0.723993 0.762812 0.808088 0.861282 0.924357 1.000000 0.979668 0.915233 0.860696 0.814144 0.774139 0.739579 0.709610 0.683557 0.660886 0.641165 0.624047 0.609248 0.596539 0.585732 0.576674 0.569242 0.563339 0.558890 0.555840 0.554150 0.553800 0.554787 0.557121 0.560833 0.565966 0.572587 0.580780 0.590654 0.602347 0.616025 0.631897 0.612889 0.596058 0.581491 0.568957 0.558268 0.549272 0.541847 0.535893 0.531334 0.528115 0.526193 0.525548 0.526170 0.528067 0.531262 0.535795 0.541722 0.549120 0.558085 0.568741 0.581239 0.595767 0.612552 0.631878 0.654089 0.679616 0.708994 0.742896 0.782183 0.827964 0.881692 0.945313 1975.000000 1.591109 0.708603
0.770011 0.790353 0.813814 0.840797 0.871803 0.809964 0.750947 0.701521 0.659690 0.623986 0.593305 0.566800 0.543817 0.523837 0.506451 0.491327 0.478199 0.466850 0.457102 0.448812 0.441864 0.436161 0.431631 0.428215 0.425870 0.424568 0.424294 0.425042 0.427695 0.432710 0.438913 0.446387 0.455237 0.465589 0.477599 0.491462 0.507411 0.525740 0.546810 0.569241 0.560462 0.553262 0.547547 0.543244 0.540300 0.538679 0.538360 0.539340 0.541630 0.545260 0.550273 0.556733 0.564723 0.574349 0.585745 0.599075 0.614540 0.631378 0.635908 0.642061 0.649915 0.659572 0.671162 0.684846 0.700823 0.719337 0.740690 0.765248 0.793468 0.825915 0.863297 0.906511 0.956705 1.000000 0.823010 0.700684 0.611297 0.543298 0.489974 0.447163 0.412146 0.383070 0.358633 0.337893 0.326600 0.321788 0.317871 0.314798 0.312528 0.311036 0.310301 0.310316 0.311080 0.312603 0.314903 0.318009 0.321961 0.326809 0.332618 0.339471 0.347467 0.356729 0.367407 0.379687 0.393798 0.410024 0.428722 0.450344 0.475468 0.504850 0.539487 0.580730 0.630445 0.691289 0.706298 0.699338 0.694170 0.690729 0.688974 0.688883 0.690456 0.693711 0.698687 0.705447 0.714077 0.724688 0.737422 0.752457 644.500000 1.519282 0.631536
0.935058 0.911059 0.890352 0.872621 0.857608 0.845104 0.834942 0.826991 0.821149 0.817344 0.815530 0.815684 0.817810 0.821931 0.828100 0.836392 0.846912 0.859798 0.875224 0.893405 0.914607 0.939158 0.967458 1.000000 0.998505 0.967123 0.939849 0.916218 0.895851 0.878441 0.863735 0.851531 0.841667 0.834014 0.828478 0.824989 0.823505 0.824007 0.826503 0.831022 0.837619 0.846378 0.857409 0.870857 0.886904 0.878620 0.858313 0.840903 0.826136 0.813806 0.803746 0.795826 0.789945 0.786030 0.784032 0.783929 0.785719 0.789422 0.795086 0.802779 0.812599 0.824673 0.839165 0.856274 0.876250 0.899399 0.918094 0.902728 0.889976 0.879669 0.871673 0.865889 0.862245 0.860697 0.861224 0.863835 0.868561 0.875459 0.884616 0.896148 0.910206 0.926981 0.946710 0.969684 0.975616 0.949832 0.927553 0.908433 0.892192 0.878600 0.867475 0.858671 0.852076 0.847608 0.845212 0.844859 0.846545 0.850290 0.856140 0.864167 0.874474 0.887191 0.895097 0.871317 0.850765 0.833120 0.818123 0.805563 0.795270 0.787109 0.780975 0.776794 0.774513 0.774105 0.775565 0.778910 0.784181 0.791444 0.800790 0.812340 0.826248 0.842705 0.861950 0.884275 0.910038 0.939678 0.973739 0.962738 7386.000000 1.099396 0.896255
0.722985 0.746786 0.737261 0.712777 0.691479 0.672991 0.657008 0.643279 0.631604 0.621816 0.613782 0.607399 0.602583 0.599275 0.597435 0.597041 0.598086 0.600585 0.604567 0.610082 0.617199 0.627577 0.639932 0.654392 0.671175 0.690549 0.712843 0.738463 0.767912 0.801819 0.840978 0.886404 0.939409 1.000000 0.957286 0.920197 0.887935 0.859859 0.835455 0.814306 0.796072 0.780476 0.767292 0.756337 0.728333 0.696739 0.669316 0.645467 0.624712 0.606666 0.591018 0.577512 0.565943 0.556142 0.547973 0.541324 0.536112 0.532269 0.529748 0.528517 0.528563 0.530260 0.535724 0.542622 0.551045 0.561107 0.572949 0.586746 0.602711 0.621108 0.642259 0.666564 0.694520 0.726750 0.764048 0.771923 0.755938 0.742355 0.730981 0.721662 0.714278 0.708733 0.704958 0.702908 0.702558 0.703902 0.706959 0.711764 0.718377 0.726882 0.737389 0.750037 0.765001 0.782499 0.802795 0.826215 0.853160 0.884123 0.919718 0.887929 0.845779 0.809310 0.777652 0.750117 0.726154 0.705322 0.687261 0.671680 0.658341 0.647049 0.637649 0.630013 0.624044 0.619666 0.616825 0.615034 0.613374 0.613197 0.614499 0.617297 0.621625 0.627537 0.635106 0.644433 0.655640 0.668884 0.684356 0.702294 13678.000000 1.242190 0.788463
0.730417 0.785433 0.851631 0.932468 1.000000 0.920680 0.854927 0.799739 0.752947 0.712951 0.678541 0.648792 0.622979 0.600533 0.580999 0.564012 0.549275 0.536549 0.525637 0.516379 0.508645 0.502332 0.497358 0.493658 0.491188 0.489917 0.489829 0.490924 0.493214 0.496729 0.501510 0.507620 0.515136 0.524160 0.534817 0.547262 0.561686 0.578322 0.597456 0.619443 0.644723 0.673846 0.707510 0.746608 0.792300 0.846120 0.797067 0.752060 0.713491 0.680245 0.651458 0.626456 0.604706 0.585779 0.569331 0.555082 0.542805 0.532313 0.523457 0.516113 0.510185 0.505596 0.502288 0.500220 0.499367 0.499718 0.501279 0.504068 0.508118 0.513482 0.520226 0.528440 0.538236 0.549750 0.563154 0.578657 0.596516 0.617046 0.640637 0.667778 0.699078 0.735314 0.777489 0.826909 0.885316 0.955076 0.953639 0.868790 0.799575 0.742231 0.694122 0.653348 0.618506 0.588538 0.562633 0.540158 0.520616 0.503610 0.488819 0.475987 0.464903 0.455395 0.447324 0.440578 0.435064 0.430711 0.427464 0.425283 0.424141 0.424023 0.424929 0.426869 0.429868 0.433961 0.439202 0.445657 0.453414 0.462580 0.473287 0.485700 0.500019 0.516489 0.535416 0.557175 0.582240 0.611208 0.644845 0.684144 4639.500000 1.244603 0.593702
0.834525 0.821125 0.810069 0.801211 0.794438 0.789665 0.786833 0.785908 0.786878 0.789756 0.794576 0.801398 0.810307 0.821418 0.834877 0.850868 0.869619 0.874253 0.842838 0.815500 0.791727 0.771105 0.753299 0.738035 0.725089 0.714281 0.705465 0.698526 0.693376 0.689952 0.688211 0.688132 0.689715 0.692979 0.697963 0.704729 0.713363 0.723977 0.710325 0.695426 0.682750 0.672117 0.663385 0.656438 0.651187 0.647567 0.645534 0.645063 0.646148 0.648802 0.653058 0.658968 0.666606 0.676072 0.687490 0.701018 0.716852 0.731357 0.736604 0.743731 0.752829 0.764015 0.777440 0.793291 0.811798 0.833244 0.857978 0.886425 0.919114 0.956698 1.000000 0.977452 0.937160 0.902145 0.871676 0.845168 0.822147 0.802228 0.785098 0.770502 0.758232 0.748121 0.740035 0.733871 0.729552 0.727024 0.726258 0.727243 0.729993 0.734539 0.723896 0.706936 0.692382 0.680021 0.669678 0.661214 0.654519 0.649507 0.646116 0.644304 0.644049 0.645349 0.648219 0.652694 0.658829 0.666702 0.676415 0.688097 0.696371 0.692500 0.690325 0.689821 0.690982 0.693820 0.698371 0.704691 0.712860 0.722982 0.735193 0.749660 0.766591 0.786244 0.808930 0.835036 0.865036 0.890852 0.869136 0.850453 566.500000 1.226896 0.876717
0.788659 0.731081 0.682871 0.642077 0.607263 0.577350 0.551511 0.529106 0.509630 0.492682 0.477939 0.465141 0.454076 0.444571 0.436486 0.429706 0.424140 0.419715 0.416373 0.414075 0.412790 0.412504 0.413213 0.414926 0.417663 0.421459 0.426361 0.432433 0.439755 0.448427 0.458576 0.470354 0.483950 0.499594 0.517572 0.538238 0.562033 0.589514 0.621396 0.658600 0.702342 0.754255 0.816579 0.892474 0.912567 0.851092 0.799181 0.754952 0.716999 0.684249 0.655871 0.631213 0.609758 0.591090 0.574876 0.560842 0.548767 0.538472 0.529808 0.522658 0.516928 0.512542 0.509448 0.507606 0.506995 0.507606 0.509448 0.512542 0.516928 0.522658 0.529808 0.538472 0.548767 0.560842 0.574876 0.591090 0.609758 0.631213 0.655871 0.684249 0.716999 0.754952 0.799181 0.806411 0.753733 0.709119 0.671017 0.638261 0.609955 0.585403 0.564057 0.545482 0.529325 0.515304 0.503187 0.492786 0.483950 0.476552 0.470494 0.465695 0.462096 0.459650 0.458329 0.458115 0.459007 0.461016 0.464165 0.468494 0.474057 0.480926 0.489193 0.498973 0.510406 0.523667 0.538968 0.556571 0.576800 0.600054 0.626836 0.657779 0.693693 0.735630 0.784977 0.843599 0.914063 1.000000 0.943989 0.858326 924.000000 1.273770 0.591483
0.646700 0.637415 0.629888 0.624023 0.619746 0.617003 0.615761 0.616005 0.617738 0.620981 0.625773 0.632175 0.640268 0.650157 0.661977 0.675892 0.692109 0.710877 0.732505 0.757373 0.785948 0.818814 0.856702 0.900542 0.925246 0.924104 0.925192 0.928522 0.934134 0.942099 0.952514 0.965514 0.981271 1.000000 0.998057 0.938006 0.886786 0.842795 0.804810 0.771881 0.743260 0.718355 0.696689 0.677876 0.661605 0.647620 0.635714 0.625718 0.617496 0.610940 0.605967 0.602513 0.600537 0.600015 0.600940 0.603324 0.601161 0.599792 0.599871 0.601399 0.604394 0.608894 0.614954 0.622651 0.632085 0.643383 0.656703 0.672240 0.690233 0.710976 0.734830 0.762239 0.793759 0.830084 0.872095 0.877766 0.858120 0.841316 0.827113 0.815312 0.805757 0.798325 0.792921 0.789479 0.787957 0.788336 0.790622 0.794841 0.801045 0.809312 0.819747 0.821128 0.810111 0.801290 0.794553 0.789816 0.787019 0.786129 0.787135 0.790050 0.794908 0.801770 0.810722 0.821878 0.835386 0.851430 0.870241 0.892100 0.871711 0.837849 0.808395 0.782763 0.760482 0.741171 0.724518 0.710271 0.698222 0.688206 0.680089 0.673765 0.669155 0.666201 0.664868 0.665140 0.667019 0.670529 0.671074 0.657868 1645.500000 1.364478 0.844791
0.587101 0.590277 0.585129 0.580414 0.577153 0.575307 0.574853 0.575786 0.578117 0.581875 0.587105 0.593874 0.602268 0.612400 0.624408 0.638466 0.654785 0.673625 0.695307 0.720223 0.748863 0.781836 0.792001 0.785679 0.781324 0.778883 0.778326 0.779648 0.782862 0.788010 0.795154 0.804385 0.815820 0.829614 0.845954 0.865077 0.887271 0.912892 0.942374 0.912011 0.873492 0.840037 0.810931 0.785604 0.763594 0.744529 0.728105 0.714072 0.702230 0.692415 0.684497 0.678374 0.673969 0.671227 0.670115 0.670620 0.672747 0.676523 0.681994 0.689228 0.698317 0.709381 0.722570 0.720656 0.698571 0.679388 0.662784 0.648498 0.636315 0.626061 0.617597 0.610811 0.605616 0.601946 0.599756 0.599020 0.599729 0.601891 0.605533 0.610700 0.617456 0.625887 0.636106 0.648251 0.662497 0.679055 0.698188 0.720215 0.745531 0.770584 0.765971 0.763242 0.762361 0.763320 0.766129 0.770823 0.777459 0.786120 0.796918 0.809996 0.825532 0.843748 0.864916 0.889372 0.917526 0.949883 0.987071 1.000000 0.937361 0.884112 0.838498 0.799191 0.765166 0.735619 0.709915 0.687548 0.668107 0.651262 0.636741 0.624325 0.613834 0.605124 0.598078 0.592606 0.588638 0.586125 0.585038 0.585362 4351.500000 1.385655 0.831877
0.790192 0.770638 0.753800 0.739426 0.727309 0.717283 0.709215 0.703001 0.698564 0.695847 0.694820 0.695468 0.697800 0.701845 0.707651 0.715292 0.724865 0.736496 0.750343 0.766603 0.785518 0.807384 0.832566 0.861511 0.894774 0.933048 0.912652 0.883779 0.858682 0.836931 0.818178 0.802137 0.788576 0.777307 0.768181 0.761078 0.755910 0.752612 0.751145 0.751491 0.753653 0.757658 0.763556 0.771418 0.781347 0.793471 0.807954 0.825000 0.844860 0.867842 0.894324 0.924771 0.959758 1.000000 0.966206 0.924721 0.888704 0.857376 0.830113 0.806413 0.785870 0.768152 0.752989 0.740162 0.729492 0.720838 0.714087 0.709153 0.705977 0.704518 0.704760 0.706705 0.710376 0.715820 0.723103 0.732318 0.743586 0.757058 0.772924 0.791416 0.812822 0.837490 0.865855 0.888213 0.864543 0.844082 0.826512 0.811574 0.799058 0.788793 0.780645 0.774510 0.770313 0.768001 0.767546 0.768943 0.772209 0.777384 0.784531 0.793741 0.805132 0.818857 0.835104 0.854108 0.855203 0.841025 0.829275 0.819796 0.812467 0.807195 0.803915 0.802587 0.803196 0.805748 0.810274 0.816831 0.825499 0.836390 0.849647 0.865449 0.884020 0.905635 0.930631 0.942480 0.902961 0.868631 0.838763 0.812773 911.000000 1.129182 0.846796
0.918652 1.000000 0.994607 0.918187 0.854585 0.801028 0.755501 0.716504 0.682900 0.653811 0.628551 0.606577 0.587456 0.570836 0.556434 0.544020 0.533404 0.524434 0.516986 0.510959 0.506278 0.502882 0.500729 0.499793 0.500064 0.501544 0.504251 0.508218 0.513495 0.520149 0.528267 0.537959 0.549362 0.562643 0.578009 0.595714 0.616068 0.631873 0.620039 0.610083 0.601868 0.595287 0.590255 0.586708 0.584604 0.583917 0.584638 0.586776 0.590357 0.595426 0.602045 0.610300 0.620300 0.632181 0.646113 0.662304 0.681011 0.702546 0.727298 0.755744 0.788484 0.826268 0.835373 0.799285 0.767959 0.740713 0.717002 0.696388 0.678515 0.663094 0.649889 0.638708 0.629397 0.621829 0.615907 0.611557 0.608724 0.607373 0.607489 0.609072 0.612142 0.616736 0.622912 0.630748 0.640345 0.651834 0.665375 0.681166 0.699451 0.720528 0.721803 0.684843 0.652981 0.625391 0.601428 0.580581 0.562440 0.546675 0.533020 0.521255 0.511203 0.502719 0.495688 0.490014 0.485626 0.482467 0.480499 0.479699 0.480055 0.481573 0.484271 0.488182 0.493355 0.499856 0.507771 0.517205 0.528294 0.541201 0.556129 0.573323 0.593088 0.615802 0.641932 0.672070 0.706963 0.747579 0.795177 0.851439 1863.000000 1.455510 0.715978
0.808614 0.761692 0.721560 0.687018 0.657142 0.631214 0.608665 0.589041 0.571978 0.557181 0.544408 0.533464 0.524189 0.516454 0.510156 0.505211 0.501558 0.499152 0.497962 0.497975 0.499190 0.501623 0.505303 0.510275 0.516604 0.524370 0.533679 0.544660 0.557474 0.572317 0.589432 0.609113 0.631730 0.657736 0.687702 0.685338 0.671641 0.660039 0.650371 0.642508 0.636348 0.631812 0.628845 0.627409 0.627489 0.629084 0.632215 0.636918 0.643254 0.651302 0.661166 0.672980 0.686909 0.703157 0.721973 0.743665 0.768610 0.797273 0.830235 0.868221 0.912154 0.963213 0.946204 0.878596 0.821853 0.773746 0.732627 0.697252 0.666668 0.640132 0.617057 0.596976 0.579513 0.564364 0.551280 0.540061 0.530542 0.522591 0.516098 0.510982 0.507175 0.504631 0.503320 0.503224 0.504343 0.506691 0.510295 0.515201 0.521471 0.529186 0.538450 0.549390 0.562167 0.576975 0.594055 0.613700 0.636274 0.662228 0.677300 0.663522 0.651833 0.642068 0.634096 0.627814 0.623142 0.620021 0.618414 0.618301 0.619680 0.622569 0.627002 0.633035 0.640744 0.650229 0.661616 0.675065 0.690770 0.708973 0.729967 0.754114 0.781861 0.813764 0.850517 0.893000 0.942339 1.000000 0.929738 0.863914 1193.500000 1.551604 0.723607
0.853759 0.882665 0.915880 0.895689 0.868178 0.844280 0.823594 0.805791 0.790606 0.777822 0.767264 0.758793 0.752299 0.747701 0.744942 0.743990 0.744832 0.747479 0.751963 0.758339 0.766686 0.777113 0.789756 0.804788 0.822423 0.842924 0.866614 0.893891 0.925242 0.909830 0.879632 0.853365 0.830563 0.810851 0.793921 0.779523 0.767453 0.757550 0.749681 0.743748 0.739675 0.737414 0.736937 0.738237 0.741332 0.746257 0.753075 0.761871 0.772759 0.780717 0.763771 0.749312 0.737133 0.727067 0.718981 0.712771 0.708360 0.705692 0.704736 0.705480 0.707932 0.712123 0.718104 0.725951 0.735762 0.747669 0.759171 0.762857 0.768440 0.775987 0.785596 0.797391 0.811530 0.828211 0.847677 0.870227 0.896228 0.926130 0.960490 1.000000 0.964236 0.924577 0.890112 0.860120 0.834028 0.811370 0.791767 0.774911 0.760553 0.748487 0.738549 0.730609 0.724565 0.720341 0.717886 0.717169 0.718182 0.720937 0.725468 0.731830 0.740103 0.750395 0.762840 0.777609 0.794915 0.815017 0.822230 0.801276 0.783203 0.767736 0.754652 0.743767 0.734938 0.728049 0.723013 0.719769 0.718276 0.718517 0.720495 0.724233 0.729777 0.737196 0.746585 0.758066 0.771794 0.787962 0.806806 0.828620 8672.500000 1.118957 0.864084
0.907661 0.954257 0.927264 0.880719 0.840551 0.805745 0.775500 0.749183 0.726286 0.706398 0.689187 0.674380 0.661757 0.651137 0.642376 0.635358 0.629993 0.626214 0.623975 0.623247 0.624022 0.626310 0.630139 0.635555 0.642627 0.651445 0.662125 0.674815 0.689694 0.706986 0.726964 0.749962 0.776395 0.755918 0.736150 0.719078 0.704438 0.692016 0.681639 0.673166 0.666487 0.661517 0.658195 0.656479 0.656350 0.657804 0.660861 0.665558 0.671952 0.680124 0.690181 0.702257 0.716520 0.733177 0.752483 0.774750 0.800362 0.829793 0.863631 0.902613 0.947671 1.000000 0.950412 0.896415 0.850161 0.810303 0.775800 0.745839 0.719775 0.697094 0.677381 0.660299 0.645575 0.632984 0.622346 0.613513 0.606368 0.600818 0.596793 0.594244 0.593139 0.593466 0.595228 0.598446 0.603160 0.609429 0.617332 0.626973 0.638483 0.652023 0.667794 0.686041 0.707063 0.731232 0.759005 0.790952 0.827788 0.870422 0.853120 0.820067 0.791315 0.766294 0.744546 0.725699 0.709448 0.695549 0.683800 0.674037 0.666132 0.659981 0.655508 0.652657 0.651393 0.651700 0.653584 0.657065 0.662188 0.669016 0.677636 0.688159 0.700730 0.715525 0.732761 0.752706 0.775688 0.802110 0.832473 0.867397 2127.000000 1.196402 0.766486
1.000000 0.913971 0.843442 0.784774 0.735393 0.693430 0.657496 0.626538 0.599744 0.576479 0.556242 0.538631 0.523324 0.510057 0.498617 0.488832 0.480558 0.473682 0.468112 0.463775 0.460618 0.458601 0.457699 0.457901 0.459211 0.461643 0.465228 0.470010 0.476051 0.483428 0.492243 0.502617 0.514706 0.528695 0.544815 0.563349 0.584647 0.609143 0.637384 0.670064 0.708074 0.752577 0.805120 0.867798 0.943524 0.913708 0.854527 0.804366 0.761500 0.724629 0.692755 0.665102 0.641057 0.620132 0.601934 0.586145 0.572508 0.560811 0.550882 0.542584 0.535804 0.530453 0.526464 0.523786 0.522388 0.522252 0.523377 0.525776 0.529478 0.534530 0.540995 0.548957 0.558523 0.569825 0.583027 0.598331 0.615985 0.636291 0.659625 0.686452 0.717355 0.753071 0.794545 0.843002 0.900064 0.871540 0.811649 0.761175 0.718241 0.681445 0.649725 0.622259 0.598404 0.577650 0.559591 0.543898 0.530303 0.518590 0.508582 0.500136 0.493133 0.487483 0.483111 0.479962 0.477999 0.477196 0.477545 0.479049 0.481727 0.485612 0.490751 0.497211 0.505076 0.514454 0.525476 0.538306 0.553144 0.570236 0.589884 0.612463 0.638439 0.668396 0.703081 0.743452 0.790762 0.846681 0.913479 0.994320 2243.000000 1.165226 0.599366
0.827240 0.820679 0.816171 0.813662 0.813121 0.814542 0.817941 0.823362 0.830869 0.840558 0.852554 0.867017 0.884145 0.904186 0.927442 0.929057 0.907677 0.889354 0.873819 0.860855 0.850290 0.841984 0.835833 0.831760 0.829716 0.829676 0.831640 0.835630 0.841697 0.849915 0.860388 0.873252 0.886719 0.869868 0.855668 0.843925 0.834483 0.827220 0.822047 0.818898 0.817735 0.818545 0.821338 0.826146 0.833030 0.842075 0.853397 0.867145 0.883507 0.902715 0.925054 0.950876 0.980612 0.988467 0.971274 0.956935 0.945258 0.936089 0.929315 0.924849 0.922639 0.922656 0.924902 0.929403 0.936215 0.945421 0.957139 0.926221 0.898605 0.874634 0.853912 0.836118 0.820987 0.808307 0.797905 0.789646 0.783424 0.779162 0.776807 0.776331 0.777728 0.781015 0.786232 0.793444 0.802741 0.814243 0.828104 0.844514 0.863711 0.857073 0.846736 0.838641 0.832687 0.828799 0.826930 0.827057 0.829183 0.832472 0.835493 0.840568 0.847759 0.857158 0.868883 0.883092 0.899976 0.919778 0.942793 0.969385 1.000000 0.994702 0.972807 0.954105 0.938326 0.925253 0.914712 0.906569 0.900720 0.897093 0.895644 0.896356 0.899237 0.904323 0.911675 0.894824 0.876123 0.860217 0.846883 0.835938 3191.500000 1.121129 0.919614
