0.961348 1.000000 0.919616 0.853096 0.797341 0.750124 0.709800 0.675134 0.645178 0.619197 0.596608 0.576950 0.559852 0.545014 0.532191 0.521184 0.511831 0.504001 0.497587 0.492506 0.488694 0.486102 0.484698 0.484467 0.485405 0.487523 0.490847 0.495419 0.501295 0.508553 0.517288 0.527622 0.539704 0.553717 0.569888 0.588491 0.609869 0.634444 0.662747 0.695446 0.733398 0.777714 0.829857 0.891797 0.839145 0.789714 0.747483 0.711166 0.679776 0.652545 0.628869 0.608265 0.590345 0.574796 0.561362 0.549837 0.540050 0.531864 0.525169 0.519878 0.515922 0.513253 0.511839 0.511661 0.512719 0.515024 0.518605 0.523506 0.529789 0.537535 0.546849 0.557858 0.570723 0.585639 0.602848 0.622643 0.645391 0.671543 0.701665 0.736474 0.776886 0.824092 0.879662 0.945710 0.933874 0.857625 0.794656 0.741967 0.697406 0.659393 0.626741 0.598545 0.574100 0.552852 0.534363 0.518279 0.504314 0.492236 0.481857 0.473023 0.465609 0.459513 0.454656 0.450975 0.448426 0.446975 0.446607 0.447316 0.449111 0.452013 0.456059 0.461300 0.467803 0.475653 0.484960 0.495857 0.508508 0.523115 0.539925 0.559243 0.581448 0.607011 0.636530 0.670765 0.710701 0.757634 0.813302 0.880089 1766.000000 1.174611 0.598736
0.924716 0.876366 0.834732 0.798711 0.767443 0.740246 0.716579 0.696003 0.678164 0.662773 0.649595 0.638440 0.629151 0.621604 0.615702 0.611371 0.608555 0.607221 0.607068 0.608334 0.611082 0.615343 0.621171 0.628640 0.637846 0.648911 0.661991 0.677274 0.694993 0.715433 0.738947 0.765967 0.797031 0.832812 0.874162 0.907938 0.887249 0.869530 0.854523 0.842020 0.831852 0.823888 0.818027 0.814197 0.812350 0.812464 0.814541 0.818606 0.824708 0.832923 0.843357 0.856143 0.871455 0.889506 0.908936 0.873948 0.843510 0.817023 0.794003 0.774059 0.756871 0.742178 0.729770 0.719475 0.711155 0.704704 0.700041 0.697107 0.695866 0.696305 0.698428 0.702261 0.707851 0.715267 0.724605 0.735986 0.749565 0.765534 0.784128 0.805637 0.828209 0.809328 0.793157 0.779460 0.768047 0.758766 0.751494 0.746142 0.742641 0.740950 0.741047 0.742935 0.746635 0.752194 0.759680 0.769189 0.771802 0.758247 0.746928 0.737693 0.730421 0.725021 0.721426 0.719591 0.719495 0.721135 0.724532 0.729728 0.736787 0.745798 0.756878 0.770175 0.785875 0.804207 0.805373 0.808210 0.813032 0.819898 0.828896 0.840140 0.853778 0.869997 0.889027 0.911153 0.936722 0.966162 1.000000 0.981214 14646.000000 1.134184 0.849522
0.840158 0.912037 1.000000 0.931468 0.868642 0.815596 0.770405 0.731629 0.698171 0.669181 0.643991 0.622074 0.603004 0.586440 0.572102 0.559766 0.549245 0.540390 0.533080 0.527219 0.522730 0.519559 0.517665 0.517026 0.517634 0.519497 0.522636 0.527091 0.532918 0.540191 0.549006 0.559484 0.571774 0.586059 0.602566 0.621570 0.643412 0.668514 0.697403 0.730741 0.769374 0.814390 0.867221 0.868737 0.812220 0.764337 0.723431 0.688255 0.657853 0.631479 0.608549 0.588593 0.571238 0.556177 0.543166 0.532002 0.522521 0.514590 0.508102 0.502972 0.499135 0.496543 0.495165 0.494983 0.495997 0.498217 0.501671 0.506401 0.512469 0.519951 0.528948 0.539584 0.552015 0.566428 0.583056 0.602185 0.624166 0.649437 0.678544 0.712178 0.751225 0.796833 0.850519 0.914322 0.991056 0.997209 0.909775 0.838293 0.778966 0.729122 0.686828 0.650653 0.619516 0.592585 0.569213 0.548886 0.531196 0.515815 0.502476 0.490963 0.481098 0.472739 0.465768 0.460091 0.455636 0.452346 0.450180 0.449111 0.449126 0.450226 0.452424 0.455748 0.460237 0.465949 0.472959 0.481359 0.491269 0.502832 0.516227 0.531670 0.549430 0.569838 0.593305 0.620346 0.651615 0.687949 0.730437 0.780524 12326.000000 1.187891 0.597869
0.727038 0.716397 0.707743 0.700964 0.695974 0.692713 0.691138 0.691233 0.692997 0.696452 0.701641 0.708627 0.717500 0.728375 0.741399 0.756752 0.774661 0.795401 0.819310 0.846804 0.878397 0.914727 0.956597 0.925507 0.884528 0.848981 0.818077 0.791182 0.767790 0.747490 0.729950 0.714897 0.702109 0.691407 0.682646 0.675712 0.670517 0.666995 0.665104 0.664821 0.666143 0.669084 0.673682 0.679993 0.686022 0.691508 0.698779 0.707928 0.719075 0.732371 0.748005 0.766206 0.787259 0.811512 0.839394 0.871433 0.908290 0.950795 1.000000 0.953071 0.893160 0.842244 0.798641 0.761074 0.728558 0.700325 0.675766 0.654394 0.635817 0.623524 0.617857 0.613757 0.611174 0.610076 0.610450 0.612301 0.615651 0.620540 0.627030 0.635205 0.645169 0.657060 0.671044 0.687328 0.706166 0.727868 0.752818 0.781488 0.814468 0.852499 0.843994 0.833725 0.825669 0.819722 0.815812 0.813890 0.813934 0.815943 0.819943 0.825981 0.834134 0.844504 0.857226 0.872472 0.890453 0.865465 0.834343 0.807259 0.783708 0.763278 0.745636 0.730512 0.717684 0.706973 0.698233 0.691353 0.686244 0.682842 0.681107 0.681018 0.682572 0.685790 0.690710 0.697393 0.705924 0.716413 0.729002 0.739809 6697.500000 1.061037 0.800834
0.906020 0.953979 0.925161 0.890379 0.860115 0.833783 0.810911 0.791115 0.774083 0.759560 0.747339 0.737254 0.729170 0.722984 0.718620 0.716022 0.715159 0.716022 0.718620 0.722984 0.729170 0.737254 0.747339 0.759560 0.774083 0.791115 0.768126 0.747077 0.728860 0.713187 0.699825 0.688583 0.679307 0.671874 0.666190 0.662183 0.659804 0.659024 0.659834 0.662243 0.666281 0.671997 0.679463 0.688774 0.700055 0.713458 0.729176 0.747443 0.768548 0.792845 0.783195 0.761702 0.743099 0.727093 0.713444 0.701959 0.692479 0.684879 0.679063 0.674957 0.672511 0.671695 0.672499 0.674933 0.679026 0.684829 0.692415 0.701880 0.713351 0.726982 0.742970 0.761552 0.783023 0.807742 0.836152 0.868803 0.906380 0.949746 1.000000 0.953536 0.905599 0.864234 0.828392 0.797248 0.770149 0.746571 0.726091 0.708366 0.693116 0.680112 0.669170 0.660139 0.652901 0.647362 0.643454 0.641128 0.640355 0.641128 0.643454 0.647362 0.652901 0.660139 0.669170 0.680112 0.693116 0.680428 0.669481 0.660446 0.653204 0.647663 0.643753 0.641426 0.640653 0.641426 0.643753 0.647663 0.653204 0.660446 0.669481 0.680428 0.693438 0.708695 0.726429 0.746918 0.770507 0.797618 0.828777 0.864636 900.000000 1.186916 0.823865
0.913323 1.000000 0.984106 0.897262 0.826332 0.767508 0.718117 0.676230 0.640417 0.609602 0.582956 0.559834 0.539727 0.522229 0.507012 0.493814 0.482417 0.472648 0.464363 0.457447 0.451806 0.447367 0.444074 0.441886 0.440776 0.440730 0.441749 0.443844 0.447041 0.451380 0.456916 0.463720 0.471883 0.481520 0.492771 0.505808 0.520842 0.538134 0.558003 0.580849 0.607171 0.637600 0.672947 0.714265 0.762947 0.820872 0.890638 0.889829 0.834180 0.786866 0.746332 0.711400 0.681159 0.654897 0.632052 0.612172 0.594894 0.579923 0.567019 0.555988 0.546669 0.538934 0.532681 0.527828 0.524315 0.522097 0.521149 0.521457 0.523027 0.525877 0.530042 0.535575 0.542544 0.551043 0.561185 0.573115 0.587008 0.603079 0.621595 0.642883 0.667344 0.695482 0.727929 0.765485 0.809183 0.860371 0.857698 0.796176 0.744564 0.700821 0.663442 0.631292 0.603501 0.579390 0.558426 0.540182 0.524315 0.510549 0.498657 0.488457 0.479798 0.472560 0.466645 0.461974 0.458490 0.456149 0.454922 0.454794 0.455764 0.457844 0.461058 0.465447 0.471066 0.477988 0.486306 0.496134 0.507617 0.520928 0.536282 0.553944 0.574240 0.597574 0.624453 0.655517 0.691586 0.733727 0.783347 0.842340 1551.000000 1.219549 0.595881
0.890822 0.916454 0.906726 0.889977 0.875909 0.864327 0.855082 0.848053 0.843154 0.840323 0.839528 0.840757 0.844026 0.849375 0.856870 0.866604 0.878704 0.893328 0.910679 0.931004 0.954610 0.981871 1.000000 0.956787 0.919278 0.886654 0.858262 0.833579 0.812177 0.793712 0.777899 0.764510 0.753359 0.744295 0.737202 0.731989 0.728592 0.726971 0.727104 0.728993 0.732283 0.728293 0.726086 0.725635 0.726934 0.730000 0.734870 0.741604 0.750287 0.761030 0.773978 0.789308 0.807241 0.828050 0.852067 0.879701 0.902924 0.894516 0.888383 0.884450 0.882669 0.883017 0.885501 0.890148 0.897017 0.906193 0.917793 0.931968 0.922272 0.901838 0.884374 0.869629 0.857399 0.847522 0.839870 0.834347 0.830885 0.829442 0.829999 0.832564 0.837169 0.843868 0.852747 0.863918 0.877528 0.893761 0.912846 0.905221 0.878873 0.856019 0.836287 0.819373 0.805032 0.793061 0.783300 0.775623 0.769931 0.766155 0.764248 0.764186 0.765970 0.769621 0.775183 0.782725 0.792343 0.804162 0.818340 0.835074 0.854610 0.861687 0.843553 0.828122 0.815173 0.804532 0.796057 0.789642 0.785206 0.782694 0.782077 0.783346 0.786518 0.791629 0.798745 0.807954 0.819374 0.833158 0.849496 0.868621 4103.500000 1.114024 0.900047
0.716380 0.703943 0.693573 0.685130 0.678506 0.673616 0.670399 0.668816 0.668848 0.670496 0.673779 0.678737 0.685433 0.693950 0.688971 0.683645 0.680026 0.678070 0.677754 0.679073 0.682043 0.686701 0.693105 0.701334 0.711496 0.723726 0.738193 0.755106 0.774723 0.797358 0.823399 0.853324 0.887725 0.927345 0.962767 0.927173 0.896198 0.869253 0.845859 0.825628 0.808244 0.793449 0.781034 0.770829 0.762702 0.756548 0.752290 0.749876 0.749277 0.750485 0.753515 0.758405 0.765214 0.774028 0.784960 0.773666 0.762513 0.753467 0.746410 0.741253 0.737933 0.736408 0.736660 0.738693 0.742531 0.748221 0.755834 0.765467 0.777244 0.791326 0.807910 0.827239 0.839805 0.809072 0.782328 0.759066 0.738875 0.721424 0.706441 0.693704 0.683035 0.674289 0.667352 0.662135 0.658573 0.656622 0.656260 0.657481 0.660300 0.664751 0.668272 0.670385 0.674141 0.679586 0.686787 0.695837 0.706854 0.719988 0.735424 0.753392 0.774171 0.798107 0.825622 0.857241 0.893617 0.935570 0.984145 1.000000 0.959499 0.924291 0.893653 0.867002 0.843868 0.823871 0.806697 0.792094 0.779856 0.769817 0.761844 0.755838 0.751722 0.749446 0.748984 0.750328 0.753495 0.758525 0.748189 0.731057 18476.500000 1.122623 0.854294
0.794485 0.781482 0.770725 0.762071 0.755409 0.750656 0.747751 0.746661 0.747372 0.749893 0.754254 0.760509 0.768736 0.779040 0.791557 0.806457 0.823952 0.844302 0.867826 0.870970 0.827095 0.789238 0.756438 0.727939 0.703142 0.681566 0.662825 0.646602 0.632643 0.620737 0.610715 0.602440 0.595802 0.590717 0.587120 0.584967 0.584233 0.585420 0.589493 0.595067 0.602211 0.611019 0.621608 0.634125 0.648752 0.665711 0.685276 0.707782 0.733644 0.763377 0.797624 0.837200 0.883147 0.936818 1.000000 0.996901 0.963588 0.934608 0.909447 0.887688 0.868990 0.853077 0.839722 0.828745 0.820001 0.813379 0.808795 0.806195 0.805545 0.806839 0.810091 0.782581 0.755270 0.731505 0.710850 0.692952 0.677526 0.664337 0.653196 0.643948 0.636470 0.630665 0.626461 0.623806 0.622666 0.623029 0.624899 0.628298 0.633269 0.639872 0.648193 0.658339 0.670449 0.684377 0.683971 0.685217 0.688127 0.692738 0.699107 0.707314 0.717465 0.729695 0.744173 0.761108 0.780757 0.803433 0.829525 0.859508 0.893974 0.876600 0.853224 0.833016 0.815663 0.800908 0.788544 0.778402 0.770350 0.764285 0.760132 0.757840 0.757380 0.758748 0.761960 0.767055 0.774096 0.783171 0.794399 0.807927 1554.000000 1.178145 0.832151
0.729138 0.716812 0.706570 0.698274 0.691819 0.687122 0.684125 0.682792 0.683107 0.685073 0.688714 0.694076 0.701224 0.710249 0.721271 0.734437 0.749933 0.767986 0.788878 0.812952 0.840630 0.872435 0.909017 0.951193 1.000000 0.960485 0.900792 0.850012 0.806491 0.768972 0.736484 0.708266 0.683718 0.662357 0.643794 0.627714 0.613860 0.602024 0.592035 0.583755 0.577075 0.571908 0.568189 0.565873 0.564931 0.565352 0.567141 0.570320 0.574927 0.581021 0.588678 0.598000 0.609113 0.622174 0.637377 0.654958 0.670766 0.665451 0.661800 0.659770 0.659336 0.660493 0.663255 0.667655 0.673748 0.681610 0.691342 0.703076 0.716971 0.733229 0.752095 0.773871 0.798928 0.827722 0.860821 0.898934 0.942954 0.994025 0.951384 0.907653 0.869769 0.836855 0.808218 0.783301 0.761654 0.742913 0.726781 0.713016 0.701421 0.691837 0.684138 0.678223 0.674020 0.671477 0.670562 0.671264 0.673593 0.677575 0.683261 0.690721 0.700051 0.693170 0.677386 0.663869 0.652421 0.642884 0.635130 0.629059 0.624592 0.621676 0.620274 0.620370 0.621964 0.625076 0.629745 0.636027 0.644003 0.653777 0.665479 0.679275 0.695365 0.713998 0.735478 0.760178 0.788561 0.780534 0.760765 0.743719 784.000000 1.289979 0.796601
0.926475 0.900479 0.877959 0.858556 0.841977 0.827983 0.816380 0.807016 0.799769 0.794549 0.791290 0.789952 0.790521 0.793002 0.797426 0.798396 0.744827 0.699575 0.661007 0.627903 0.599332 0.574571 0.553055 0.534333 0.518044 0.503897 0.491655 0.481125 0.472151 0.464603 0.458381 0.453400 0.449598 0.446928 0.445355 0.444861 0.445440 0.447100 0.459861 0.479844 0.502910 0.529645 0.560810 0.597400 0.640750 0.692683 0.755757 0.833679 0.932020 1.000000 0.955059 0.916095 0.882229 0.852758 0.827120 0.804862 0.785613 0.769073 0.754996 0.743183 0.733475 0.725742 0.719887 0.715836 0.713541 0.712972 0.714122 0.717007 0.721661 0.713704 0.694126 0.677181 0.662602 0.650171 0.639710 0.631077 0.624158 0.618863 0.615127 0.612903 0.612165 0.611579 0.612154 0.614211 0.617775 0.622891 0.629621 0.638052 0.648295 0.660490 0.674808 0.691465 0.710719 0.732893 0.758381 0.787672 0.821374 0.860254 0.871788 0.805021 0.749431 0.702605 0.662790 0.628678 0.599279 0.573827 0.551724 0.540759 0.539346 0.539236 0.540427 0.542935 0.546789 0.552038 0.558748 0.567006 0.576922 0.588635 0.602314 0.618168 0.636455 0.657488 0.681658 0.709447 0.741460 0.778462 0.821435 0.871652 4897.500000 1.104031 0.681868
0.655150 0.640680 0.628316 0.617881 0.609230 0.602249 0.596848 0.592958 0.590532 0.589541 0.589972 0.591830 0.595138 0.599937 0.606287 0.614267 0.623985 0.635570 0.649187 0.665037 0.683369 0.660389 0.624729 0.594080 0.567602 0.544639 0.524676 0.507304 0.492194 0.479078 0.467741 0.458006 0.449729 0.442794 0.437106 0.432592 0.429193 0.426868 0.425587 0.425336 0.426111 0.427921 0.430790 0.434751 0.439855 0.446169 0.453775 0.462779 0.473312 0.485532 0.499635 0.515660 0.533728 0.554493 0.578388 0.605961 0.637909 0.675130 0.718802 0.770500 0.832372 0.907424 1.000000 0.943403 0.872830 0.813906 0.764159 0.721782 0.685422 0.654050 0.626868 0.603251 0.582701 0.564821 0.549290 0.535846 0.524278 0.514411 0.506106 0.499248 0.493747 0.489533 0.486552 0.484768 0.477956 0.469228 0.461905 0.455889 0.451100 0.447478 0.444977 0.443566 0.443229 0.443961 0.445771 0.448681 0.452727 0.457960 0.464447 0.472275 0.481552 0.492410 0.505014 0.519564 0.536308 0.555551 0.577669 0.597199 0.597233 0.598711 0.601648 0.606082 0.612067 0.619680 0.629018 0.640209 0.653407 0.668806 0.686642 0.707206 0.730856 0.758030 0.789279 0.768755 0.739284 0.713645 0.691334 0.671946 1833.500000 1.561283 0.710132
0.848419 0.807029 0.771262 0.740238 0.713265 0.689792 0.669376 0.651659 0.636348 0.623208 0.612044 0.602699 0.595047 0.588989 0.584446 0.581363 0.579701 0.579440 0.580578 0.577284 0.560897 0.546694 0.534449 0.523975 0.515120 0.507763 0.501805 0.497169 0.493797 0.491646 0.490691 0.490921 0.492337 0.494957 0.498813 0.503953 0.510443 0.518367 0.527833 0.538974 0.551953 0.566973 0.584280 0.604178 0.606204 0.605125 0.605506 0.607351 0.610683 0.615543 0.621992 0.630111 0.640007 0.651814 0.665699 0.681867 0.700569 0.722115 0.746885 0.775349 0.808092 0.845850 0.889557 0.940417 1.000000 0.958551 0.893696 0.838954 0.792330 0.752332 0.717825 0.687929 0.661954 0.639354 0.619690 0.602607 0.587820 0.575092 0.564235 0.555093 0.547540 0.541477 0.536826 0.533529 0.531544 0.530848 0.531433 0.533305 0.526000 0.514230 0.504163 0.495654 0.488585 0.482861 0.478409 0.475173 0.473113 0.472202 0.472432 0.473803 0.476334 0.480054 0.485010 0.491266 0.498903 0.508024 0.518758 0.531263 0.545732 0.562405 0.581574 0.603601 0.625532 0.635348 0.647061 0.660835 0.676875 0.695430 0.716807 0.741382 0.769622 0.802107 0.839568 0.882930 0.933386 0.992494 0.952927 0.896560 6549.500000 1.661496 0.741980
1.000000 0.914734 0.844742 0.786459 0.737362 0.695612 0.659840 0.629009 0.602317 0.579136 0.558971 0.541422 0.526171 0.512958 0.501571 0.491837 0.483617 0.476797 0.471286 0.467014 0.463925 0.461983 0.461164 0.461457 0.462866 0.465409 0.469116 0.474034 0.480225 0.487770 0.496772 0.507359 0.519685 0.533944 0.550370 0.569254 0.590954 0.615917 0.644704 0.678026 0.716802 0.762230 0.815905 0.879991 0.957507 0.932101 0.866728 0.811752 0.765066 0.725111 0.690703 0.660933 0.635089 0.612611 0.593050 0.576044 0.561301 0.548582 0.537693 0.528477 0.520804 0.514574 0.509704 0.506133 0.503817 0.502728 0.502852 0.504191 0.506762 0.510595 0.515739 0.522258 0.530238 0.539786 0.551037 0.564154 0.579340 0.596845 0.616973 0.640102 0.666701 0.697359 0.732823 0.774053 0.822297 0.879214 0.898865 0.836718 0.784376 0.739874 0.701751 0.668896 0.640455 0.615756 0.594270 0.575572 0.559322 0.545242 0.533105 0.522730 0.513964 0.506689 0.500806 0.496240 0.492934 0.490846 0.489950 0.490237 0.491710 0.494386 0.498298 0.503496 0.510044 0.518030 0.527561 0.538771 0.551826 0.566930 0.584331 0.604336 0.627324 0.653767 0.684259 0.719552 0.760617 0.808718 0.865539 0.933368 8021.500000 1.109715 0.602136
1.000000 0.890087 0.803688 0.734190 0.677257 0.629927 0.590108 0.556285 0.527330 0.502391 0.480810 0.462074 0.445777 0.431595 0.419267 0.408580 0.399363 0.391474 0.384800 0.379249 0.374745 0.371231 0.368662 0.367006 0.366243 0.366365 0.367372 0.369276 0.372101 0.375883 0.380669 0.386521 0.393519 0.401760 0.411366 0.422486 0.435302 0.450037 0.466969 0.486443 0.508891 0.534862 0.565061 0.600407 0.642120 0.691853 0.677042 0.649783 0.626084 0.605460 0.587522 0.571955 0.558502 0.546954 0.537143 0.528929 0.522201 0.516872 0.512874 0.510156 0.508687 0.508447 0.509434 0.511660 0.515152 0.519953 0.526123 0.533744 0.542915 0.553765 0.566450 0.581162 0.598138 0.617669 0.640112 0.665912 0.695626 0.729956 0.769801 0.816328 0.737473 0.672860 0.620030 0.576179 0.539335 0.508070 0.481327 0.458308 0.438397 0.421117 0.406089 0.393011 0.381639 0.371777 0.363266 0.355973 0.349794 0.344642 0.340448 0.337157 0.334727 0.333129 0.332344 0.332361 0.333180 0.334812 0.337277 0.340605 0.344838 0.350031 0.356255 0.363596 0.372161 0.382083 0.393521 0.406676 0.421792 0.439174 0.459204 0.482365 0.509280 0.540755 0.577860 0.622042 0.675301 0.740485 0.821788 0.925653 18967.500000 1.626928 0.555318
0.892107 0.877274 0.820764 0.772843 0.731875 0.696626 0.666147 0.639700 0.616702 0.596687 0.579282 0.564185 0.551149 0.539973 0.530493 0.522578 0.516121 0.511038 0.507264 0.504752 0.503472 0.503408 0.504560 0.506941 0.510580 0.515523 0.521832 0.529589 0.538897 0.549888 0.562720 0.577589 0.594738 0.614462 0.637126 0.663185 0.693208 0.727915 0.768228 0.815348 0.870861 0.936908 0.947938 0.871649 0.808528 0.755629 0.710834 0.672582 0.639700 0.611286 0.586643 0.565219 0.546574 0.530357 0.516283 0.504120 0.493678 0.484804 0.477374 0.471286 0.466461 0.462837 0.460370 0.459029 0.458798 0.459674 0.461667 0.464803 0.469119 0.474671 0.481529 0.489786 0.499555 0.510978 0.524228 0.539518 0.557109 0.577324 0.600562 0.627324 0.658242 0.694124 0.736019 0.785310 0.843856 0.914214 1.000000 0.935574 0.867134 0.809843 0.761373 0.720015 0.684482 0.653792 0.627183 0.604052 0.583925 0.566415 0.551215 0.538071 0.526779 0.517172 0.509113 0.502494 0.497227 0.493245 0.490498 0.488954 0.488593 0.489410 0.491416 0.494635 0.499106 0.504887 0.512051 0.520694 0.530935 0.542920 0.556832 0.572892 0.591373 0.612611 0.637023 0.665130 0.697591 0.735244 0.779178 0.830825 1907.000000 1.117729 0.601785
0.921713 0.873767 0.832469 0.796731 0.765704 0.738716 0.715230 0.694814 0.677117 0.661854 0.648792 0.637743 0.628552 0.621098 0.615283 0.611035 0.608300 0.607045 0.607256 0.608934 0.612100 0.616793 0.623071 0.631014 0.640726 0.652337 0.653735 0.634735 0.618256 0.604029 0.591835 0.581498 0.572872 0.565841 0.560314 0.556221 0.553512 0.552152 0.552126 0.553433 0.556089 0.560126 0.565596 0.572566 0.581127 0.591395 0.603512 0.617655 0.634041 0.652936 0.674667 0.699637 0.728350 0.761432 0.799682 0.791032 0.771416 0.754523 0.740099 0.727937 0.717869 0.709763 0.703514 0.699043 0.696295 0.695238 0.695857 0.698161 0.702177 0.707955 0.715567 0.725111 0.736712 0.750527 0.766752 0.785629 0.807454 0.832588 0.860714 0.813080 0.772204 0.736932 0.706369 0.679813 0.656706 0.636601 0.619138 0.604024 0.591020 0.579931 0.570601 0.562900 0.556728 0.552005 0.548673 0.546689 0.546031 0.546689 0.546671 0.537859 0.530584 0.524750 0.520283 0.517127 0.515242 0.514607 0.515213 0.517067 0.520192 0.524627 0.530427 0.537667 0.546441 0.556871 0.569104 0.583323 0.599753 0.618669 0.640411 0.665397 0.694152 0.727337 0.765790 0.810599 0.863186 0.925454 1.000000 0.977719 530.500000 1.352648 0.770888
0.940637 1.000000 0.926235 0.864545 0.812394 0.767922 0.729733 0.696761 0.668180 0.643340 0.621725 0.602921 0.586592 0.572467 0.560325 0.549984 0.541299 0.534150 0.528444 0.524108 0.521088 0.519490 0.519906 0.521581 0.524534 0.528801 0.534437 0.541513 0.550121 0.560380 0.572434 0.586462 0.602682 0.621366 0.642842 0.667523 0.695917 0.728668 0.766591 0.775459 0.749043 0.726060 0.706095 0.688813 0.673942 0.661259 0.650583 0.641768 0.634697 0.629279 0.625447 0.623154 0.622372 0.623090 0.625319 0.629084 0.634433 0.641431 0.650170 0.660764 0.673358 0.688132 0.705305 0.725150 0.747997 0.774257 0.799936 0.772796 0.749182 0.728671 0.710921 0.695651 0.682634 0.671683 0.662648 0.655412 0.649881 0.645985 0.643678 0.642930 0.643733 0.646096 0.650049 0.655639 0.662938 0.672038 0.683059 0.696154 0.711507 0.729350 0.749079 0.715419 0.686236 0.660871 0.638797 0.619595 0.602924 0.588507 0.576119 0.565576 0.556729 0.549458 0.543667 0.539283 0.536250 0.534532 0.534108 0.534972 0.537134 0.540622 0.545479 0.551764 0.559560 0.568970 0.575675 0.583646 0.593291 0.604741 0.618160 0.633749 0.651756 0.672483 0.696305 0.723684 0.755198 0.791575 0.833745 0.882906 1451.000000 1.178907 0.758024
0.900315 0.878386 0.859522 0.843440 0.829911 0.818751 0.809811 0.802979 0.798168 0.795318 0.794396 0.795390 0.798312 0.803197 0.810107 0.819127 0.814955 0.785908 0.760630 0.738652 0.719593 0.703144 0.689053 0.677115 0.667163 0.659065 0.652714 0.648031 0.644957 0.643455 0.643507 0.645113 0.648292 0.653085 0.659549 0.667768 0.677847 0.689923 0.696545 0.699658 0.704504 0.711142 0.719657 0.730158 0.742787 0.757717 0.775166 0.795399 0.818742 0.845595 0.876451 0.911926 0.952785 1.000000 0.986320 0.949665 0.917769 0.890020 0.865925 0.845082 0.827165 0.811907 0.799093 0.788546 0.780129 0.773735 0.769282 0.766717 0.766009 0.767148 0.770148 0.775047 0.781904 0.790805 0.801866 0.811023 0.797635 0.786545 0.777607 0.770705 0.765754 0.762691 0.761480 0.762106 0.764577 0.768922 0.775195 0.783473 0.793864 0.797261 0.775117 0.755943 0.739432 0.725338 0.713457 0.703627 0.695717 0.689627 0.685278 0.682618 0.681615 0.682255 0.684548 0.688520 0.694221 0.701722 0.711118 0.722534 0.736124 0.744587 0.743628 0.744462 0.747101 0.751575 0.757940 0.766275 0.776688 0.789316 0.804330 0.821945 0.842425 0.866090 0.893338 0.924656 0.960648 0.988358 0.954827 0.925654 7279.500000 1.166225 0.871673
0.734697 0.782247 0.838539 0.896724 0.840261 0.792283 0.751200 0.715807 0.685175 0.658579 0.635444 0.615311 0.597811 0.582644 0.569565 0.558376 0.548916 0.541052 0.534680 0.529718 0.526103 0.523790 0.522752 0.522974 0.524462 0.527231 0.531316 0.536769 0.543658 0.552073 0.562128 0.573965 0.587758 0.603720 0.622113 0.643262 0.667563 0.695514 0.727737 0.765024 0.808391 0.859165 0.919106 0.902616 0.832021 0.773396 0.724118 0.682289 0.646501 0.615689 0.589035 0.565900 0.545779 0.528269 0.513044 0.499843 0.488452 0.478695 0.470432 0.463548 0.457949 0.453563 0.450335 0.448225 0.447207 0.447269 0.448411 0.450647 0.454005 0.458526 0.464269 0.471306 0.479734 0.489669 0.501258 0.514679 0.530151 0.547942 0.568386 0.591896 0.618990 0.650325 0.686745 0.729348 0.779588 0.839433 0.911609 1.000000 0.993949 0.911067 0.842819 0.785844 0.737749 0.696784 0.661638 0.631316 0.605045 0.582219 0.562359 0.545079 0.530068 0.517074 0.505891 0.496352 0.488321 0.481688 0.476364 0.472283 0.469392 0.467655 0.467053 0.467577 0.469234 0.472044 0.476042 0.481277 0.487817 0.495748 0.505179 0.516242 0.529105 0.543969 0.561082 0.580752 0.603358 0.629372 0.659391 0.694173 796.000000 1.199092 0.597259
0.913900 1.000000 0.992418 0.895123 0.816995 0.753079 0.700003 0.655390 0.617521 0.585123 0.557229 0.533100 0.512157 0.493942 0.478090 0.464308 0.452358 0.442045 0.433213 0.425732 0.419498 0.414429 0.410457 0.407533 0.405621 0.404698 0.404751 0.405782 0.407803 0.410839 0.414928 0.420122 0.426487 0.434110 0.443098 0.453581 0.465722 0.479717 0.495812 0.514306 0.535573 0.560083 0.588429 0.621374 0.659911 0.705356 0.759487 0.824770 0.904715 0.920296 0.859456 0.807987 0.764071 0.726343 0.693757 0.665505 0.640947 0.619576 0.600986 0.584847 0.570891 0.558901 0.548698 0.540140 0.533109 0.527513 0.523281 0.520360 0.518714 0.518323 0.519182 0.521303 0.524710 0.529445 0.535569 0.543160 0.552319 0.563173 0.575876 0.590622 0.607645 0.627234 0.649746 0.675622 0.705414 0.739819 0.779728 0.804143 0.751702 0.707282 0.669341 0.636719 0.608527 0.584073 0.562812 0.544310 0.528218 0.514253 0.502186 0.491830 0.483033 0.475671 0.469644 0.464874 0.461300 0.458878 0.457577 0.457383 0.458292 0.460316 0.463480 0.467822 0.473398 0.480279 0.488557 0.498348 0.509792 0.523063 0.538376 0.555993 0.576236 0.599508 0.626312 0.657281 0.693230 0.735212 0.784619 0.843323 6705.000000 1.338312 0.585703
0.949728 0.999478 0.947477 0.902686 0.863925 0.830275 0.801005 0.775533 0.753390 0.734196 0.717642 0.703475 0.691490 0.681521 0.673435 0.667127 0.662517 0.659549 0.658185 0.658410 0.660226 0.663656 0.668740 0.675543 0.684152 0.694677 0.707262 0.722083 0.739358 0.759354 0.782399 0.808895 0.839343 0.874361 0.914727 0.924107 0.892696 0.865366 0.841628 0.821082 0.803405 0.788332 0.775649 0.765181 0.756791 0.750371 0.745841 0.743145 0.742249 0.743145 0.745841 0.750371 0.756791 0.765181 0.775649 0.788332 0.803405 0.821082 0.841628 0.865366 0.892696 0.911988 0.871467 0.836323 0.805769 0.779180 0.756053 0.735981 0.718634 0.703743 0.691086 0.680488 0.671804 0.664920 0.659749 0.656226 0.654309 0.653974 0.655217 0.658053 0.662517 0.668664 0.676571 0.686340 0.698102 0.712019 0.728293 0.747170 0.768954 0.794016 0.822816 0.855924 0.894051 0.938100 0.989220 1.000000 0.949728 0.906347 0.868758 0.836096 0.807677 0.782950 0.761473 0.742884 0.726890 0.713253 0.701777 0.692306 0.684716 0.678907 0.674808 0.672369 0.671559 0.672369 0.674808 0.678907 0.684716 0.692306 0.701777 0.713253 0.726890 0.742884 0.761473 0.782950 0.807677 0.836096 0.868758 0.906347 860.000000 1.067930 0.776347
0.799136 0.733021 0.678519 0.632980 0.594512 0.561727 0.533588 0.509301 0.488254 0.469965 0.454051 0.440206 0.428180 0.417774 0.408823 0.401194 0.394778 0.389488 0.385253 0.382020 0.379748 0.378409 0.377987 0.378476 0.379883 0.382225 0.385531 0.389841 0.395212 0.401715 0.409437 0.418490 0.429010 0.441162 0.455152 0.471230 0.489708 0.510976 0.535524 0.563977 0.597142 0.636080 0.682208 0.737464 0.804571 0.887464 0.896149 0.838471 0.789557 0.747736 0.711752 0.680636 0.653636 0.630156 0.609723 0.591954 0.576542 0.563234 0.551826 0.542151 0.534074 0.527486 0.522301 0.518455 0.515898 0.514600 0.514545 0.515733 0.518177 0.521908 0.526971 0.533432 0.541373 0.550901 0.562150 0.575282 0.590499 0.608047 0.628231 0.651423 0.678090 0.708813 0.744331 0.743642 0.697341 0.657959 0.624212 0.595121 0.569933 0.548057 0.529025 0.512464 0.498072 0.485605 0.474862 0.465682 0.457932 0.451506 0.446318 0.442302 0.439406 0.437595 0.436847 0.437153 0.438517 0.440955 0.444497 0.449187 0.455085 0.462269 0.470835 0.480906 0.492629 0.506188 0.521808 0.539764 0.560397 0.584134 0.611510 0.643203 0.680088 0.723310 0.774391 0.835401 0.909223 1.000000 0.983427 0.880693 3599.500000 1.438999 0.575499
0.725062 0.796357 0.885567 1.000000 0.902006 0.819213 0.752000 0.696531 0.650142 0.610925 0.577483 0.548765 0.523971 0.502479 0.483800 0.467545 0.453405 0.441126 0.430504 0.421373 0.413597 0.407066 0.401690 0.397400 0.394140 0.391869 0.390559 0.390195 0.390773 0.392299 0.394791 0.398281 0.402812 0.408443 0.415248 0.423320 0.432777 0.443758 0.456440 0.471036 0.487810 0.507090 0.529284 0.554908 0.584620 0.619269 0.659974 0.708233 0.701584 0.669538 0.641770 0.617642 0.596648 0.578382 0.562516 0.548784 0.536969 0.526895 0.518418 0.511422 0.505814 0.501523 0.498495 0.496693 0.496095 0.496693 0.498495 0.501523 0.505814 0.511422 0.518418 0.526895 0.536969 0.548784 0.562516 0.578382 0.596648 0.617642 0.641770 0.669538 0.701584 0.738721 0.781999 0.832794 0.770461 0.704074 0.649661 0.604407 0.566322 0.533962 0.506254 0.482385 0.461728 0.443792 0.428191 0.414614 0.402812 0.392583 0.383763 0.376216 0.369834 0.364529 0.360229 0.356880 0.354438 0.352873 0.352167 0.352311 0.353307 0.355166 0.357912 0.361578 0.366211 0.371873 0.378638 0.386603 0.395885 0.406627 0.419005 0.433238 0.449592 0.468402 0.490088 0.515180 0.544362 0.578526 0.618856 0.666958 5557.500000 1.482623 0.571316
0.694070 0.725189 0.761150 0.747522 0.724811 0.705088 0.688023 0.673348 0.660846 0.650337 0.641679 0.634757 0.629484 0.625793 0.623638 0.622994 0.623852 0.626224 0.630137 0.635641 0.642804 0.651718 0.662501 0.675301 0.690302 0.707727 0.727855 0.751022 0.777648 0.808250 0.843475 0.884137 0.860576 0.819097 0.783232 0.752112 0.725051 0.701501 0.681021 0.663256 0.647915 0.634762 0.623606 0.614289 0.606686 0.600699 0.596251 0.593287 0.591771 0.591685 0.593027 0.595814 0.600079 0.605877 0.613279 0.622382 0.633308 0.646210 0.661274 0.678731 0.698597 0.675203 0.654851 0.637180 0.621897 0.608762 0.597580 0.588192 0.580473 0.574318 0.569651 0.566413 0.564563 0.564080 0.564958 0.567207 0.570855 0.575946 0.582546 0.590737 0.600631 0.612361 0.626097 0.642046 0.660461 0.681655 0.706011 0.734005 0.766234 0.803447 0.846604 0.896942 0.956095 1.000000 0.928037 0.867686 0.816552 0.772868 0.735302 0.702834 0.674668 0.650178 0.628866 0.610331 0.594247 0.580352 0.568430 0.558305 0.549837 0.542910 0.537433 0.533339 0.530574 0.529107 0.528918 0.530005 0.532383 0.536079 0.541139 0.547628 0.555629 0.565249 0.576622 0.589912 0.605322 0.623100 0.643551 0.667052 7518.000000 1.332036 0.747820
0.928995 0.903076 0.871896 0.844764 0.821189 0.800770 0.783183 0.768163 0.755494 0.745002 0.736547 0.730021 0.725342 0.722451 0.721315 0.721918 0.724269 0.728395 0.734348 0.742202 0.752057 0.764043 0.778323 0.795098 0.814618 0.837188 0.863183 0.893065 0.927404 0.966913 1.000000 0.941884 0.892184 0.849409 0.812416 0.780312 0.752393 0.728095 0.706968 0.688645 0.672827 0.659273 0.647783 0.638198 0.630390 0.624255 0.619718 0.616721 0.615228 0.615220 0.616699 0.619680 0.624202 0.630320 0.638112 0.647679 0.659148 0.672682 0.688475 0.706772 0.727870 0.752133 0.780014 0.812073 0.849014 0.867343 0.843390 0.822653 0.804804 0.789574 0.776747 0.766146 0.757631 0.751093 0.746450 0.743644 0.742642 0.743430 0.746020 0.750442 0.756751 0.765025 0.775371 0.787925 0.802858 0.820382 0.840759 0.864310 0.891427 0.922595 0.958415 0.999634 0.978756 0.922255 0.873911 0.832289 0.796282 0.765028 0.737845 0.714189 0.693622 0.675789 0.660400 0.647222 0.636062 0.626764 0.619204 0.613285 0.608930 0.606087 0.604721 0.604814 0.606368 0.609402 0.613954 0.620078 0.627854 0.637383 0.648792 0.662242 0.677929 0.696094 0.717035 0.741116 0.768787 0.800608 0.837281 0.879696 6520.000000 1.237155 0.771999
0.820214 0.870445 0.929614 1.000000 0.995276 0.938446 0.889784 0.847861 0.811579 0.780076 0.752673 0.728826 0.708098 0.690132 0.674640 0.661388 0.650182 0.640867 0.633320 0.627442 0.623160 0.620421 0.619191 0.619455 0.621216 0.624496 0.629336 0.635794 0.643954 0.653921 0.665832 0.679852 0.696190 0.715096 0.736883 0.761933 0.764120 0.741952 0.722726 0.706129 0.691907 0.679852 0.669796 0.661604 0.655168 0.650409 0.647266 0.645702 0.645697 0.647251 0.650384 0.655132 0.661557 0.669737 0.679781 0.691823 0.706030 0.722611 0.741819 0.763967 0.789439 0.818708 0.812465 0.785643 0.762313 0.742065 0.724565 0.709541 0.696772 0.686079 0.677315 0.670367 0.665147 0.661588 0.659649 0.659304 0.660550 0.663402 0.667894 0.674083 0.682047 0.691887 0.703736 0.717756 0.734152 0.753171 0.775118 0.800369 0.829386 0.862743 0.901157 0.938433 0.877893 0.826561 0.782682 0.744931 0.712291 0.683970 0.659343 0.637911 0.619273 0.603105 0.589143 0.577172 0.567016 0.558534 0.551611 0.546158 0.542104 0.539400 0.538012 0.537925 0.539135 0.541660 0.545528 0.550788 0.557507 0.565772 0.575693 0.587409 0.601090 0.616945 0.635230 0.656262 0.680430 0.708217 0.740230 0.777235 1425.000000 1.176070 0.749862
0.947391 1.000000 0.966334 0.904291 0.851662 0.806659 0.767930 0.734438 0.705374 0.680098 0.658102 0.638975 0.622386 0.608064 0.595789 0.585382 0.576699 0.569621 0.564057 0.559937 0.557658 0.557221 0.558129 0.560391 0.564037 0.569110 0.575675 0.583816 0.593641 0.605285 0.618916 0.634740 0.653009 0.674032 0.698192 0.725962 0.757935 0.794856 0.814305 0.803360 0.794594 0.787895 0.783179 0.780388 0.779489 0.780469 0.783341 0.788140 0.794925 0.803781 0.814822 0.828193 0.844078 0.862703 0.884347 0.909352 0.918215 0.870040 0.828565 0.792687 0.761545 0.734461 0.710890 0.690397 0.672627 0.657293 0.644160 0.633036 0.623767 0.616229 0.610324 0.605977 0.603134 0.599429 0.596471 0.594969 0.594904 0.596276 0.599100 0.603412 0.609264 0.616732 0.625912 0.636926 0.649929 0.665110 0.682701 0.702987 0.726319 0.753129 0.783956 0.819473 0.860531 0.908225 0.873621 0.839888 0.810543 0.785007 0.762813 0.743581 0.727003 0.712829 0.700852 0.690908 0.682865 0.676618 0.672089 0.669221 0.664075 0.659213 0.655991 0.654369 0.654328 0.655866 0.659003 0.663777 0.670247 0.678495 0.688628 0.700783 0.715128 0.731872 0.751273 0.773645 0.799375 0.828941 0.862936 0.902106 1788.500000 1.116377 0.768419
0.695898 0.677082 0.660806 0.646817 0.634905 0.624902 0.616673 0.610107 0.605123 0.601657 0.599667 0.599129 0.600035 0.602398 0.606246 0.611627 0.618607 0.627278 0.637752 0.650176 0.664727 0.681623 0.701134 0.723589 0.749395 0.747853 0.746641 0.747231 0.749628 0.753863 0.759988 0.768078 0.778238 0.790600 0.805332 0.822644 0.842791 0.866088 0.892923 0.923770 0.959218 1.000000 0.939939 0.888027 0.843475 0.805026 0.771708 0.742757 0.717565 0.695647 0.676610 0.660136 0.645963 0.633881 0.623718 0.615335 0.608621 0.603490 0.599878 0.597740 0.597051 0.597801 0.600001 0.603677 0.608874 0.615658 0.624114 0.634356 0.646523 0.652611 0.649764 0.648498 0.648797 0.650665 0.654123 0.659215 0.666004 0.674577 0.685045 0.697549 0.712267 0.729414 0.749256 0.772121 0.798409 0.828616 0.863361 0.903419 0.874075 0.847953 0.825277 0.805673 0.788835 0.774514 0.762508 0.752654 0.744822 0.738914 0.734856 0.732596 0.732110 0.733389 0.736450 0.741330 0.747772 0.737092 0.728443 0.721713 0.716818 0.713696 0.712310 0.712643 0.714698 0.718501 0.724099 0.731561 0.740982 0.752486 0.766227 0.782399 0.801241 0.823044 0.848167 0.842030 0.804037 0.771102 0.742477 0.717568 939.500000 1.274094 0.831395
0.781741 0.752106 0.726321 0.703886 0.684394 0.667517 0.652988 0.640588 0.630140 0.621501 0.614556 0.609216 0.605414 0.603102 0.602254 0.602859 0.604923 0.608473 0.613943 0.626027 0.640170 0.656584 0.675532 0.697337 0.722395 0.751197 0.784360 0.822659 0.867087 0.918928 0.979872 1.000000 0.959880 0.924997 0.894640 0.868238 0.845328 0.825533 0.808547 0.794121 0.782051 0.772176 0.764365 0.758519 0.754566 0.752458 0.748646 0.728819 0.711686 0.696981 0.684486 0.674027 0.665461 0.658678 0.653590 0.650134 0.648268 0.647970 0.649235 0.652079 0.655170 0.654956 0.656323 0.659287 0.663884 0.670172 0.678230 0.688161 0.700100 0.714211 0.730700 0.749816 0.771869 0.797238 0.826389 0.859904 0.898507 0.943119 0.994914 0.974898 0.928221 0.887851 0.852814 0.822344 0.795828 0.772771 0.752775 0.735516 0.720727 0.708194 0.697741 0.689229 0.682546 0.677608 0.674355 0.672745 0.667171 0.660600 0.655721 0.652474 0.650820 0.650737 0.652226 0.655303 0.660008 0.666397 0.674553 0.684580 0.696613 0.710820 0.727407 0.746629 0.768796 0.794292 0.823589 0.857275 0.896084 0.937123 0.916541 0.898964 0.884137 0.871858 0.861964 0.854327 0.848850 0.845468 0.844138 0.815854 5043.000000 1.016246 0.787324
0.936165 0.964128 0.939224 0.917730 0.899316 0.883713 0.870704 0.860115 0.851808 0.845677 0.841647 0.839668 0.839717 0.841794 0.845925 0.833699 0.812695 0.794591 0.779112 0.766035 0.755179 0.746399 0.739582 0.734643 0.731519 0.730174 0.730590 0.732773 0.736750 0.742568 0.750301 0.760048 0.771934 0.786123 0.802813 0.822251 0.844739 0.870648 0.895424 0.873565 0.854758 0.838721 0.825227 0.814090 0.805164 0.798334 0.793514 0.790645 0.789693 0.790645 0.793514 0.791284 0.772620 0.756597 0.742979 0.731573 0.722226 0.714815 0.709246 0.705450 0.703379 0.703009 0.704336 0.707374 0.712162 0.718759 0.727248 0.737738 0.750369 0.765316 0.782795 0.803070 0.826468 0.853388 0.884323 0.919884 0.960837 1.000000 0.969097 0.942248 0.919001 0.898987 0.881906 0.867512 0.855609 0.846039 0.838679 0.833436 0.830246 0.829070 0.829894 0.832727 0.837605 0.844587 0.818193 0.793725 0.772484 0.754120 0.738346 0.724930 0.713680 0.704446 0.697106 0.691566 0.687757 0.685632 0.685166 0.686353 0.689208 0.693764 0.700079 0.708232 0.718328 0.722914 0.722135 0.723097 0.725813 0.730316 0.736660 0.744926 0.755219 0.767677 0.782468 0.799806 0.819950 0.843218 0.870002 0.900785 11033.500000 1.080145 0.881986
0.952688 0.932033 0.914411 0.899570 0.887306 0.877458 0.869899 0.864533 0.861296 0.860147 0.861073 0.864085 0.869220 0.876540 0.886137 0.898134 0.901729 0.860541 0.824852 0.793841 0.766858 0.743381 0.722988 0.705339 0.690154 0.677206 0.666310 0.657318 0.650111 0.644596 0.640704 0.631644 0.620229 0.610665 0.602821 0.596595 0.591908 0.588701 0.586935 0.586589 0.587657 0.590154 0.594110 0.599573 0.606613 0.615320 0.625810 0.638228 0.652753 0.669605 0.689055 0.711434 0.737150 0.766712 0.800753 0.840076 0.885704 0.938965 1.000000 0.956698 0.919114 0.886425 0.857978 0.833244 0.811798 0.793291 0.777440 0.764015 0.752829 0.743731 0.736604 0.731357 0.727926 0.726268 0.726363 0.728214 0.731841 0.737290 0.744627 0.753947 0.765370 0.779051 0.795180 0.813993 0.835781 0.860898 0.889781 0.922970 0.961136 0.931376 0.876756 0.830077 0.789924 0.755212 0.725095 0.698908 0.676118 0.656298 0.639104 0.624252 0.611515 0.600706 0.591673 0.584294 0.578473 0.574137 0.571231 0.569720 0.569586 0.570826 0.573456 0.577509 0.583034 0.589622 0.596885 0.605807 0.616507 0.629135 0.643874 0.660952 0.680644 0.703292 0.729316 0.759240 0.793718 0.833581 0.879891 0.934032 1773.000000 1.207466 0.779419
0.891356 0.922649 0.958612 1.000000 0.979057 0.944549 0.914519 0.888414 0.865786 0.846270 0.829569 0.815441 0.803689 0.794158 0.786723 0.781291 0.777794 0.776190 0.776459 0.778605 0.782653 0.788654 0.796681 0.806837 0.819255 0.808872 0.789971 0.773756 0.759987 0.748471 0.739052 0.731608 0.726045 0.722292 0.720304 0.720057 0.721548 0.724795 0.729837 0.736738 0.745583 0.756488 0.769598 0.785095 0.803204 0.824201 0.816280 0.808187 0.802167 0.798144 0.796069 0.795918 0.797688 0.801401 0.807102 0.814861 0.824778 0.836981 0.851632 0.868936 0.889144 0.912565 0.901192 0.880872 0.863483 0.848772 0.836535 0.826610 0.818866 0.813207 0.809563 0.807889 0.808165 0.810394 0.814603 0.820844 0.829194 0.839760 0.852679 0.868126 0.886318 0.888861 0.860140 0.835166 0.813506 0.794807 0.778782 0.765198 0.753865 0.744630 0.737373 0.732003 0.728453 0.726680 0.726661 0.728397 0.731909 0.737239 0.744455 0.753646 0.764934 0.778468 0.794438 0.813077 0.834671 0.859570 0.841423 0.820829 0.803108 0.787994 0.775272 0.764767 0.756341 0.749885 0.745319 0.742586 0.741654 0.742510 0.745165 0.749652 0.756026 0.764366 0.774780 0.787405 0.802412 0.820017 0.840482 0.864130 6763.000000 1.133722 0.889067
0.861287 0.836637 0.815268 0.796836 0.781059 0.767708 0.756598 0.747580 0.740537 0.735381 0.732048 0.730496 0.730708 0.732686 0.736453 0.742056 0.749565 0.759075 0.770709 0.775300 0.744485 0.717689 0.694369 0.674090 0.656499 0.641308 0.628283 0.617234 0.608007 0.600477 0.594546 0.593854 0.594959 0.597512 0.601541 0.607098 0.614252 0.623095 0.633746 0.646352 0.661094 0.678196 0.697933 0.720641 0.746736 0.771727 0.765972 0.762125 0.760139 0.759988 0.761673 0.765213 0.770651 0.778054 0.787517 0.799162 0.813145 0.829660 0.848947 0.871302 0.897085 0.926741 0.960819 1.000000 0.952710 0.909193 0.871486 0.838722 0.810213 0.785409 0.763864 0.745216 0.729172 0.715492 0.703981 0.694480 0.686865 0.681039 0.676927 0.666055 0.655915 0.647616 0.641049 0.636131 0.632802 0.631019 0.630761 0.632025 0.634827 0.639201 0.645201 0.652902 0.662404 0.673834 0.687350 0.703149 0.721470 0.742607 0.746263 0.731588 0.719178 0.708862 0.700501 0.693987 0.689238 0.686196 0.684823 0.685103 0.687039 0.690654 0.695993 0.703123 0.712133 0.723142 0.736299 0.751787 0.767591 0.778236 0.791112 0.806398 0.824310 0.845119 0.869153 0.896818 0.928613 0.959683 0.922223 0.889641 1688.000000 1.228176 0.849923
0.849606 0.816259 0.787256 0.762016 0.740072 0.721044 0.704626 0.690565 0.678657 0.668737 0.660671 0.654355 0.649709 0.646675 0.645217 0.645317 0.646975 0.650212 0.655068 0.661603 0.669900 0.680067 0.692240 0.706590 0.723328 0.742710 0.765053 0.760659 0.750971 0.743296 0.737534 0.733615 0.731490 0.731133 0.732541 0.735730 0.740740 0.747631 0.756492 0.767436 0.780609 0.796194 0.814417 0.835553 0.859942 0.888001 0.920245 0.957312 1.000000 0.971821 0.924964 0.884451 0.849297 0.818729 0.792126 0.768992 0.748924 0.731594 0.716736 0.704132 0.693606 0.685015 0.678249 0.673221 0.669869 0.668152 0.668049 0.669559 0.672700 0.677510 0.684050 0.692401 0.702672 0.715001 0.729560 0.746560 0.766260 0.788981 0.815114 0.835486 0.815348 0.798036 0.783291 0.770905 0.760708 0.752568 0.746378 0.742063 0.739568 0.738865 0.739943 0.742817 0.747521 0.754114 0.762677 0.773322 0.786188 0.801454 0.819337 0.803885 0.785117 0.769016 0.755345 0.743912 0.734564 0.727177 0.721659 0.717941 0.715976 0.715742 0.717236 0.720475 0.725499 0.732371 0.741176 0.752030 0.765076 0.780497 0.798516 0.819407 0.843507 0.871230 0.903086 0.939711 0.981898 0.984016 0.932435 0.888025 1743.000000 1.131268 0.826118
0.802858 0.776677 0.753909 0.734156 0.717094 0.702462 0.690044 0.679666 0.671189 0.664502 0.659520 0.656181 0.654444 0.654289 0.655713 0.658733 0.663388 0.669733 0.677850 0.687843 0.699846 0.714027 0.730590 0.749790 0.771935 0.757246 0.730967 0.708099 0.688226 0.671010 0.656177 0.643502 0.632804 0.623933 0.616774 0.611232 0.607239 0.604746 0.603721 0.604153 0.606046 0.609424 0.614328 0.620820 0.628981 0.638920 0.650771 0.664701 0.680917 0.699672 0.721276 0.746111 0.774651 0.807483 0.845348 0.889186 0.940209 1.000000 0.983495 0.937327 0.897363 0.862662 0.832475 0.806206 0.783373 0.763587 0.746530 0.731944 0.719616 0.709378 0.701093 0.694652 0.689976 0.687007 0.685708 0.685152 0.670625 0.658255 0.647865 0.639315 0.632491 0.627307 0.623697 0.621617 0.621043 0.621966 0.624399 0.628370 0.633930 0.641147 0.650114 0.660951 0.673806 0.688863 0.706349 0.726542 0.749783 0.753510 0.735222 0.719494 0.706090 0.694819 0.685528 0.678095 0.672423 0.668443 0.666104 0.665380 0.666260 0.668755 0.672897 0.678736 0.686344 0.695821 0.707291 0.720911 0.736876 0.755425 0.776852 0.801517 0.829864 0.862445 0.899944 0.943229 0.953546 0.907418 0.867541 0.832943 5070.000000 1.297703 0.800023
0.805295 0.763255 0.727052 0.695728 0.668535 0.644884 0.624301 0.606407 0.590894 0.577512 0.566056 0.556360 0.548289 0.541735 0.536614 0.532860 0.530427 0.529286 0.529422 0.530838 0.533550 0.537591 0.543013 0.549883 0.558291 0.568351 0.580204 0.594023 0.610021 0.628462 0.649666 0.674031 0.702052 0.734349 0.771711 0.815147 0.865975 0.925942 0.997414 1.000000 0.951344 0.909291 0.872813 0.841096 0.813495 0.789490 0.768659 0.750661 0.735218 0.722101 0.711128 0.702149 0.695048 0.689733 0.686140 0.684224 0.683962 0.685351 0.688407 0.672611 0.646715 0.624186 0.604581 0.587543 0.572781 0.560059 0.549184 0.539999 0.532378 0.526219 0.521443 0.517989 0.515816 0.514895 0.515217 0.516786 0.519619 0.523752 0.529237 0.536143 0.544561 0.554605 0.566417 0.580171 0.596081 0.614410 0.635482 0.659696 0.687551 0.719672 0.756853 0.800119 0.850805 0.910689 0.982186 0.977522 0.926059 0.881762 0.843448 0.810196 0.781277 0.756110 0.734227 0.715250 0.698870 0.684837 0.672946 0.663030 0.654958 0.648623 0.643946 0.640869 0.639355 0.639384 0.640957 0.644093 0.648831 0.655230 0.663370 0.673358 0.685327 0.699444 0.715917 0.734998 0.756997 0.782296 0.811368 0.844797 6596.500000 1.407305 0.716729
0.700466 0.705833 0.713015 0.722101 0.707397 0.677425 0.651394 0.628748 0.609043 0.591917 0.577080 0.564296 0.553369 0.544144 0.536492 0.530313 0.525526 0.522071 0.519905 0.519003 0.519352 0.520958 0.523840 0.528033 0.533590 0.540581 0.549173 0.559980 0.572628 0.587308 0.604254 0.623755 0.646165 0.671925 0.701584 0.735837 0.775570 0.821932 0.876435 0.941109 0.956754 0.922939 0.893511 0.867929 0.845751 0.826621 0.810245 0.796387 0.784854 0.775492 0.768179 0.762824 0.759359 0.757743 0.757956 0.760000 0.763901 0.769706 0.777487 0.787343 0.789418 0.756233 0.727408 0.702329 0.680506 0.661544 0.645123 0.630980 0.618903 0.608718 0.600286 0.593495 0.588257 0.584507 0.582197 0.581301 0.581807 0.583721 0.587067 0.591885 0.598237 0.606202 0.614303 0.604663 0.596736 0.590419 0.585630 0.582309 0.580416 0.579929 0.580840 0.583161 0.586920 0.592164 0.598958 0.607391 0.617573 0.629645 0.643781 0.660192 0.679141 0.700949 0.726011 0.754817 0.787980 0.826273 0.870683 0.922487 0.983363 1.000000 0.952728 0.911821 0.876307 0.845416 0.818533 0.795164 0.774907 0.757436 0.742484 0.729836 0.719315 0.710782 0.704125 0.699260 0.696127 0.694689 0.694927 0.696845 7947.500000 1.380170 0.783093
0.838778 0.884319 0.937478 1.000000 0.988780 0.927986 0.876224 0.831829 0.793536 0.760364 0.731546 0.706473 0.684655 0.665701 0.649290 0.635162 0.623105 0.612946 0.604547 0.597795 0.592604 0.588909 0.586664 0.585842 0.586434 0.588445 0.591902 0.596845 0.603338 0.611463 0.621326 0.633063 0.646841 0.662864 0.681384 0.702711 0.727224 0.755394 0.787810 0.825209 0.808940 0.789556 0.772897 0.758718 0.746815 0.737029 0.729230 0.723318 0.719220 0.716886 0.716287 0.717416 0.720286 0.724933 0.731413 0.739809 0.750228 0.762809 0.777724 0.795189 0.815465 0.838876 0.813980 0.782691 0.755471 0.731785 0.711200 0.693366 0.677998 0.664863 0.653773 0.644574 0.637144 0.631387 0.627230 0.624623 0.623534 0.623948 0.625872 0.629329 0.634361 0.641031 0.649424 0.659649 0.671846 0.686187 0.702884 0.722197 0.744445 0.770021 0.799412 0.833223 0.872214 0.917351 0.909691 0.860552 0.818320 0.781834 0.750194 0.722688 0.698751 0.677930 0.659858 0.644236 0.630821 0.619415 0.609858 0.602019 0.595796 0.591110 0.587903 0.586134 0.585783 0.586846 0.589334 0.593279 0.598730 0.605754 0.614443 0.624912 0.637306 0.651804 0.668625 0.688038 0.710375 0.736044 0.765551 0.799529 2083.000000 1.094087 0.752895
0.994897 1.000000 0.941102 0.890783 0.847510 0.810107 0.777661 0.749449 0.724898 0.703546 0.685019 0.669012 0.655279 0.643618 0.633866 0.625889 0.619585 0.614873 0.611695 0.610012 0.609802 0.611065 0.613814 0.618084 0.623928 0.631419 0.623233 0.605629 0.590376 0.577228 0.565987 0.556491 0.548608 0.542233 0.537284 0.533699 0.531433 0.530458 0.530764 0.532353 0.535245 0.539475 0.545097 0.552181 0.560820 0.571132 0.583262 0.597388 0.613731 0.632560 0.654207 0.679081 0.707695 0.740689 0.778877 0.774911 0.761817 0.750936 0.742125 0.735269 0.730281 0.727101 0.725688 0.726027 0.728121 0.731996 0.737699 0.745301 0.754899 0.766619 0.780618 0.797094 0.816289 0.838502 0.864097 0.879446 0.829723 0.787117 0.750393 0.718596 0.690982 0.666959 0.646054 0.627886 0.612147 0.598584 0.586992 0.577206 0.569088 0.562532 0.557454 0.553788 0.551490 0.550532 0.550902 0.552604 0.555660 0.560107 0.566000 0.573415 0.572990 0.562943 0.554554 0.547712 0.542328 0.538332 0.535676 0.534327 0.534269 0.535500 0.538037 0.541909 0.547165 0.553872 0.562116 0.572008 0.583685 0.597319 0.613117 0.631335 0.652289 0.676367 0.704052 0.735948 0.772822 0.815654 0.865721 0.924710 4817.000000 1.492186 0.775997
0.905121 1.000000 0.962345 0.886381 0.823370 0.770457 0.725576 0.687200 0.654177 0.625620 0.600839 0.579288 0.560534 0.544226 0.530081 0.517868 0.507401 0.498525 0.491118 0.485079 0.480329 0.476809 0.474476 0.473299 0.473266 0.474375 0.476641 0.480091 0.484767 0.490729 0.498054 0.506841 0.517212 0.529318 0.543344 0.559519 0.578122 0.599498 0.624077 0.652397 0.685137 0.723172 0.767636 0.820031 0.810203 0.764592 0.725498 0.691793 0.662606 0.637255 0.615200 0.596008 0.579331 0.564886 0.552442 0.541811 0.532842 0.525409 0.519415 0.514783 0.511454 0.509387 0.508556 0.508953 0.510581 0.513461 0.517627 0.523132 0.530046 0.538460 0.548487 0.560271 0.573986 0.589845 0.608112 0.629111 0.653242 0.681004 0.713025 0.750101 0.793261 0.843847 0.903650 0.965259 0.877241 0.805713 0.746632 0.697189 0.655369 0.619690 0.589041 0.562572 0.539624 0.519677 0.502320 0.487220 0.474111 0.462774 0.453033 0.444742 0.437785 0.432068 0.427514 0.424067 0.421682 0.420331 0.419997 0.420676 0.422377 0.425120 0.428939 0.433881 0.440012 0.447411 0.456181 0.466449 0.478367 0.492128 0.507964 0.526162 0.547080 0.571163 0.598973 0.631229 0.668859 0.713087 0.765554 0.828508 3122.000000 1.259980 0.592547
0.780969 0.792337 0.806011 0.822181 0.820244 0.801390 0.785233 0.771537 0.760109 0.750798 0.743481 0.738067 0.734487 0.732699 0.732680 0.734431 0.737972 0.743346 0.750621 0.759889 0.771270 0.784916 0.776275 0.760701 0.747504 0.736502 0.727547 0.720521 0.715337 0.711929 0.710257 0.710300 0.712058 0.715554 0.720828 0.727948 0.737003 0.748111 0.761422 0.777121 0.775880 0.762856 0.752043 0.743299 0.736510 0.731590 0.728478 0.727138 0.727551 0.729724 0.733683 0.739477 0.747177 0.756881 0.768718 0.782846 0.799465 0.818821 0.841214 0.867013 0.896674 0.930758 0.969964 1.000000 0.953934 0.914029 0.879363 0.849201 0.822957 0.800156 0.780414 0.763417 0.748911 0.736687 0.726578 0.718450 0.712199 0.707746 0.705037 0.704037 0.704736 0.707141 0.698760 0.684159 0.671742 0.661331 0.652788 0.645998 0.640876 0.637359 0.635402 0.634982 0.636094 0.638751 0.642986 0.648852 0.656421 0.665792 0.677089 0.690468 0.706122 0.724288 0.745256 0.769382 0.797108 0.828978 0.865676 0.908061 0.957236 0.963155 0.928123 0.897636 0.871121 0.848111 0.828230 0.811169 0.796677 0.784550 0.774626 0.766773 0.760893 0.756912 0.754781 0.754475 0.755989 0.759343 0.764577 0.771755 6453.000000 1.129783 0.855313
0.564297 0.575067 0.587700 0.602384 0.619351 0.638885 0.661336 0.670579 0.670612 0.672264 0.675555 0.680527 0.687240 0.695780 0.706257 0.718813 0.733623 0.750903 0.770919 0.793996 0.820535 0.851031 0.839929 0.786398 0.740960 0.702085 0.668616 0.639664 0.614534 0.592678 0.573658 0.557121 0.542781 0.530407 0.519809 0.510833 0.510678 0.513460 0.517527 0.522929 0.529734 0.538032 0.547935 0.559583 0.573147 0.588840 0.606919 0.627703 0.651587 0.679061 0.710741 0.747411 0.790077 0.840056 0.899097 0.899370 0.821640 0.757957 0.705012 0.660469 0.622630 0.590237 0.562335 0.538190 0.517228 0.498995 0.483128 0.469335 0.457378 0.447066 0.438241 0.439203 0.442937 0.447824 0.453925 0.461321 0.470114 0.480428 0.492418 0.506273 0.522224 0.540558 0.561628 0.585876 0.613857 0.646281 0.684061 0.728396 0.780887 0.843722 0.919964 1.000000 0.934997 0.879920 0.832865 0.792399 0.757424 0.727083 0.700702 0.677744 0.657777 0.640452 0.625484 0.612642 0.601738 0.592617 0.585157 0.579261 0.574854 0.571880 0.570304 0.570107 0.571285 0.573853 0.564534 0.555433 0.547921 0.541896 0.537284 0.534024 0.532078 0.531422 0.532047 0.533962 0.537190 0.541770 0.547759 0.555235 718.500000 1.163987 0.644296
0.846985 0.835271 0.825840 0.818569 0.813368 0.810171 0.808941 0.809662 0.812343 0.817017 0.823741 0.832599 0.843704 0.857203 0.873278 0.892158 0.914123 0.939518 0.968765 0.984776 0.948745 0.917391 0.890118 0.866447 0.845987 0.828422 0.813490 0.800983 0.790731 0.782600 0.776485 0.772312 0.770028 0.769606 0.771042 0.774351 0.779576 0.786779 0.796053 0.807516 0.821322 0.832871 0.811278 0.792637 0.776662 0.763121 0.751824 0.742619 0.735388 0.730037 0.726502 0.724738 0.724724 0.726460 0.729968 0.735289 0.742491 0.751664 0.762927 0.776431 0.792366 0.810963 0.832508 0.857351 0.885922 0.918752 0.956502 1.000000 0.991989 0.965177 0.941985 0.922052 0.905079 0.890828 0.879103 0.869751 0.862652 0.857718 0.854888 0.854127 0.855426 0.858802 0.864295 0.871972 0.881931 0.894299 0.909241 0.889111 0.861211 0.836964 0.815956 0.797853 0.782379 0.769312 0.758471 0.749713 0.742924 0.738019 0.734937 0.733641 0.734115 0.736364 0.740417 0.746322 0.754154 0.764012 0.776026 0.790357 0.796599 0.789841 0.785073 0.782235 0.781292 0.782235 0.785073 0.789841 0.796599 0.805430 0.816448 0.829799 0.845665 0.864272 0.885898 0.910885 0.920395 0.897572 0.877917 0.861135 1846.500000 1.125077 0.884053
1.000000 0.931522 0.873791 0.824669 0.782562 0.746255 0.714814 0.687505 0.663745 0.643071 0.625106 0.609545 0.596142 0.584694 0.575037 0.567037 0.560490 0.544734 0.531083 0.519321 0.509269 0.500782 0.493743 0.488059 0.483656 0.480479 0.478489 0.477661 0.477985 0.479466 0.482121 0.485983 0.491100 0.497537 0.494944 0.493213 0.492677 0.493329 0.495177 0.498244 0.502568 0.508202 0.515220 0.523713 0.533798 0.545620 0.559355 0.575221 0.593485 0.614476 0.638601 0.666369 0.670477 0.673868 0.678938 0.685749 0.694388 0.704968 0.717630 0.732553 0.749955 0.770103 0.793329 0.820035 0.850724 0.868740 0.821676 0.781235 0.746301 0.716009 0.689677 0.666763 0.646830 0.629527 0.614567 0.601718 0.590789 0.581627 0.574106 0.568129 0.563618 0.560518 0.558791 0.555895 0.552834 0.551127 0.550753 0.551708 0.554004 0.557667 0.562744 0.569299 0.577415 0.587202 0.594861 0.574790 0.557328 0.542163 0.529043 0.517760 0.508147 0.500067 0.493411 0.488089 0.484035 0.481197 0.479541 0.479046 0.479707 0.482121 0.486429 0.492011 0.498937 0.507302 0.517219 0.528830 0.542312 0.557878 0.575792 0.596379 0.620042 0.647284 0.678741 0.715222 0.757776 0.807784 0.867095 0.938246 14093.000000 1.393191 0.750109
0.771558 0.779905 0.790358 0.803057 0.806763 0.809317 0.813854 0.820430 0.829127 0.840056 0.853359 0.869219 0.887859 0.909555 0.934646 0.924254 0.897401 0.874110 0.854003 0.836771 0.822163 0.809973 0.800039 0.792231 0.786450 0.782624 0.780708 0.780676 0.782530 0.786292 0.792007 0.799747 0.809608 0.806010 0.789905 0.776264 0.764898 0.755655 0.748413 0.743082 0.739596 0.737912 0.738009 0.739889 0.743574 0.749110 0.756566 0.766035 0.777641 0.791541 0.807929 0.827044 0.827625 0.814006 0.802731 0.793649 0.786644 0.781629 0.778540 0.777342 0.778018 0.780578 0.785052 0.791496 0.799989 0.810641 0.823591 0.839016 0.857134 0.878214 0.902586 0.930655 0.962921 1.000000 0.997077 0.953206 0.915146 0.882051 0.853250 0.828203 0.806472 0.787701 0.771600 0.757934 0.746511 0.737176 0.729809 0.724315 0.720626 0.718697 0.718505 0.720047 0.723342 0.728431 0.735375 0.744264 0.755211 0.765284 0.761843 0.760257 0.760505 0.762592 0.766541 0.772403 0.780248 0.790178 0.802322 0.816843 0.833946 0.853882 0.876958 0.903553 0.914205 0.885901 0.861310 0.840016 0.821681 0.806030 0.792839 0.781925 0.773145 0.766386 0.761563 0.758617 0.757511 0.758232 0.760789 0.765213 3146.000000 1.082328 0.885713
0.724642 0.729733 0.736684 0.745582 0.756543 0.769712 0.785273 0.803452 0.824527 0.821710 0.818267 0.816811 0.817327 0.819819 0.824319 0.830881 0.839587 0.850548 0.863909 0.879848 0.874816 0.850735 0.829890 0.811951 0.796650 0.783769 0.773130 0.764594 0.758050 0.753417 0.750637 0.749678 0.750526 0.753194 0.757712 0.764136 0.770570 0.768854 0.768995 0.770994 0.774874 0.780684 0.788496 0.798409 0.810551 0.825087 0.842220 0.862201 0.885337 0.912007 0.942675 0.977916 1.000000 0.966408 0.937184 0.911808 0.889857 0.870986 0.854917 0.841420 0.830311 0.821446 0.814709 0.810018 0.807314 0.806565 0.807762 0.810918 0.808225 0.784614 0.764132 0.746444 0.731279 0.718414 0.707669 0.698900 0.691992 0.686858 0.683434 0.681677 0.681568 0.683104 0.686304 0.691207 0.697874 0.706390 0.716863 0.729436 0.744283 0.761620 0.781712 0.804884 0.831536 0.862163 0.897375 0.892280 0.881687 0.873422 0.867381 0.863489 0.861699 0.861988 0.864360 0.868845 0.875496 0.884397 0.895660 0.909434 0.925903 0.945298 0.967906 0.955072 0.916925 0.883755 0.854888 0.829784 0.808003 0.789188 0.773050 0.759352 0.747901 0.738542 0.731155 0.725645 0.721944 0.720006 0.719807 0.721347 2109.500000 1.109189 0.884427
1.000000 0.972138 0.923978 0.882390 0.846336 0.814998 0.787729 0.764006 0.743409 0.725595 0.710286 0.697255 0.686317 0.677323 0.670156 0.665292 0.662936 0.662187 0.663034 0.665489 0.669582 0.675362 0.682902 0.692299 0.703677 0.717192 0.733037 0.751450 0.772720 0.797206 0.825348 0.857692 0.849290 0.828124 0.809890 0.794315 0.781173 0.770285 0.761506 0.754722 0.749848 0.746825 0.745615 0.746204 0.748598 0.747006 0.731287 0.717909 0.706683 0.697458 0.690111 0.684550 0.680704 0.678527 0.677992 0.679092 0.681841 0.686273 0.692442 0.700425 0.710325 0.697338 0.686079 0.676783 0.669326 0.663613 0.659572 0.657154 0.656329 0.657087 0.659437 0.663407 0.669048 0.676429 0.685644 0.696816 0.710097 0.725677 0.743788 0.764715 0.788809 0.816501 0.848327 0.884953 0.880381 0.870959 0.863796 0.858802 0.855915 0.855101 0.856349 0.859675 0.865119 0.872749 0.882659 0.877894 0.825928 0.781549 0.743394 0.710424 0.681827 0.656964 0.635328 0.616509 0.600177 0.586063 0.573949 0.563656 0.555040 0.547983 0.542393 0.538200 0.535351 0.533812 0.533562 0.541805 0.554411 0.569020 0.585869 0.605250 0.627520 0.653125 0.682623 0.716719 0.756319 0.802597 0.857108 0.921945 915.500000 1.099705 0.788362
0.893084 0.850631 0.813902 0.782020 0.754291 0.730159 0.709179 0.690989 0.675295 0.661858 0.650481 0.641006 0.633308 0.627285 0.622863 0.619985 0.618618 0.618743 0.620364 0.623499 0.628187 0.634486 0.642476 0.640796 0.633229 0.627332 0.623031 0.620273 0.619024 0.619269 0.621010 0.624269 0.629087 0.635522 0.643657 0.653598 0.665479 0.679467 0.695768 0.714635 0.736376 0.761374 0.754980 0.738229 0.723912 0.711821 0.701791 0.693687 0.687405 0.682867 0.680015 0.678816 0.679254 0.681336 0.685086 0.690550 0.697796 0.706918 0.718033 0.731294 0.746887 0.765042 0.786043 0.810237 0.838050 0.870011 0.906778 0.949176 0.909075 0.870670 0.837314 0.808294 0.783042 0.761098 0.742090 0.725713 0.711722 0.699914 0.690126 0.682230 0.676122 0.671727 0.668990 0.667878 0.668377 0.670493 0.674252 0.661399 0.642731 0.626556 0.612615 0.600696 0.590629 0.582272 0.575516 0.570273 0.566477 0.564081 0.563056 0.563390 0.565086 0.568165 0.572665 0.578642 0.586172 0.595354 0.606312 0.619201 0.634211 0.651575 0.671580 0.694111 0.698435 0.704522 0.712447 0.722312 0.734247 0.748417 0.765025 0.784318 0.806603 0.832255 0.861736 0.895620 0.934621 0.979641 1.000000 0.942386 1905.000000 1.290223 0.820681
0.668648 0.629479 0.596001 0.567202 0.542304 0.520702 0.501918 0.485570 0.471354 0.459021 0.448369 0.439235 0.431484 0.425008 0.419720 0.415551 0.412447 0.410371 0.409297 0.409211 0.410114 0.412015 0.414938 0.418919 0.424009 0.430273 0.437796 0.446681 0.457059 0.469088 0.482961 0.498919 0.517256 0.538339 0.562626 0.590699 0.623300 0.661397 0.706267 0.759630 0.823864 0.902339 1.000000 0.941174 0.857919 0.789944 0.733588 0.686281 0.646167 0.611877 0.582375 0.556867 0.534734 0.515487 0.498738 0.484172 0.471537 0.460626 0.451271 0.443335 0.436707 0.431299 0.427039 0.423873 0.421762 0.420681 0.420616 0.421567 0.423545 0.426573 0.430691 0.435949 0.442416 0.450179 0.459345 0.470048 0.482452 0.496758 0.513212 0.532119 0.553858 0.578903 0.607853 0.641479 0.680779 0.727074 0.782147 0.827480 0.779669 0.738763 0.703545 0.673081 0.646638 0.623640 0.603626 0.586225 0.571137 0.558116 0.546965 0.537519 0.529649 0.523248 0.518234 0.514543 0.512129 0.510962 0.511030 0.512331 0.514883 0.518717 0.523879 0.530436 0.538473 0.548098 0.559445 0.572681 0.588010 0.605680 0.626001 0.649351 0.676203 0.707148 0.742937 0.784533 0.833189 0.836332 0.769906 0.714851 1620.000000 1.303391 0.589290
