0.549719 0.554417 0.560558 0.568221 0.577506 0.588542 0.601485 0.616529 0.633911 0.653923 0.676923 0.703356 0.733777 0.768885 0.809569 0.856979 0.912623 0.978515 1.000000 0.924100 0.860837 0.807501 0.762118 0.723214 0.689670 0.660621 0.635389 0.613436 0.594334 0.577736 0.563359 0.550976 0.540400 0.531478 0.524088 0.518131 0.513532 0.510233 0.508191 0.507384 0.507800 0.509446 0.512340 0.516519 0.522035 0.525803 0.517314 0.510305 0.504682 0.500374 0.497328 0.495504 0.494882 0.495453 0.497225 0.500219 0.504472 0.510037 0.516986 0.525410 0.535424 0.547171 0.560827 0.576606 0.594773 0.615654 0.638716 0.637165 0.637153 0.638680 0.641763 0.646442 0.652773 0.660838 0.670740 0.682613 0.696622 0.712972 0.731914 0.753754 0.778873 0.807736 0.840925 0.879167 0.923383 0.928753 0.865630 0.812374 0.767032 0.728145 0.694603 0.665548 0.640307 0.618346 0.599237 0.582635 0.568261 0.555885 0.545323 0.536423 0.529063 0.523145 0.518594 0.515352 0.513379 0.512652 0.513162 0.503979 0.495830 0.489100 0.483700 0.479561 0.476630 0.474872 0.474265 0.474802 0.476490 0.479348 0.483413 0.488734 0.495381 0.503441 0.513023 0.524265 0.537334 0.543784 0.544434 0.546405 1147.000000 1.572942 0.731950
0.928071 0.960652 0.947399 0.913428 0.883865 0.858158 0.835860 0.816610 0.800110 0.786121 0.774446 0.764928 0.757444 0.751899 0.748224 0.746374 0.746326 0.740073 0.729063 0.720086 0.713024 0.707788 0.704313 0.702555 0.702495 0.704131 0.707482 0.712591 0.719520 0.728357 0.739217 0.752245 0.767623 0.785575 0.806376 0.830364 0.857952 0.889654 0.869449 0.848225 0.829963 0.814392 0.801289 0.790476 0.781808 0.775176 0.770496 0.767711 0.766786 0.767711 0.770496 0.775176 0.781808 0.790476 0.801289 0.814392 0.801047 0.786954 0.775184 0.765578 0.758011 0.752387 0.748636 0.746713 0.746593 0.748275 0.751781 0.757152 0.764455 0.773782 0.785256 0.799028 0.815291 0.834282 0.856291 0.881674 0.910869 0.944417 0.982989 1.000000 0.947002 0.901401 0.861971 0.827756 0.798003 0.772111 0.749595 0.730063 0.713199 0.698741 0.686479 0.676240 0.667888 0.661314 0.656433 0.653186 0.651533 0.651454 0.657493 0.666817 0.678067 0.691397 0.706999 0.725109 0.746015 0.770073 0.797720 0.829499 0.836187 0.820451 0.807205 0.796267 0.787494 0.780772 0.776018 0.773173 0.772202 0.773093 0.775858 0.780530 0.787166 0.795850 0.806693 0.819837 0.835463 0.853793 0.875101 0.899723 4150.500000 1.027223 0.847728
0.878018 0.801992 0.739722 0.687963 0.644425 0.607446 0.575792 0.548530 0.524940 0.504460 0.486647 0.471146 0.457670 0.445988 0.435911 0.427286 0.419989 0.413916 0.408988 0.405141 0.402325 0.400507 0.399663 0.399784 0.400872 0.402938 0.406009 0.410123 0.415332 0.421703 0.429324 0.438301 0.448765 0.460879 0.474840 0.490893 0.509340 0.530555 0.555009 0.583300 0.616194 0.654691 0.700118 0.754271 0.819645 0.899799 1.000000 0.915030 0.839977 0.778036 0.726232 0.682437 0.645089 0.613017 0.585327 0.561324 0.540463 0.522310 0.506517 0.492804 0.480942 0.470745 0.462061 0.454767 0.448765 0.443975 0.440335 0.437801 0.436341 0.435937 0.436585 0.438292 0.441079 0.444981 0.450047 0.456341 0.463947 0.472970 0.483539 0.495813 0.509986 0.526299 0.545047 0.566595 0.591400 0.620038 0.653246 0.691972 0.737469 0.791410 0.772262 0.730742 0.695048 0.664204 0.637452 0.614194 0.593954 0.576349 0.561071 0.547867 0.536534 0.526903 0.518840 0.512236 0.507003 0.503077 0.500406 0.498960 0.498720 0.499683 0.501862 0.505282 0.509986 0.516034 0.523503 0.532492 0.543128 0.555562 0.569985 0.586627 0.605774 0.627776 0.653069 0.682198 0.715852 0.754911 0.800520 0.854183 886.000000 1.291239 0.590105
0.589256 0.592335 0.599917 0.609182 0.620256 0.633293 0.648487 0.666071 0.686335 0.709634 0.736407 0.767200 0.802698 0.801491 0.778389 0.758357 0.741070 0.726265 0.713726 0.703278 0.694781 0.688124 0.683225 0.680021 0.678474 0.678565 0.680296 0.683686 0.688778 0.695635 0.704344 0.715017 0.727800 0.742870 0.760448 0.739368 0.716453 0.696544 0.679304 0.664459 0.651785 0.641101 0.632261 0.625146 0.619666 0.615752 0.613355 0.612447 0.613015 0.615068 0.618631 0.623746 0.630478 0.638912 0.649161 0.651131 0.651162 0.652767 0.655963 0.660790 0.667308 0.675600 0.685774 0.697966 0.712346 0.729125 0.748561 0.770969 0.796738 0.826349 0.860400 0.899637 0.945010 0.997733 0.960665 0.888094 0.827570 0.776521 0.733067 0.695806 0.663672 0.635839 0.611660 0.590624 0.572319 0.556415 0.542643 0.530785 0.520661 0.512126 0.505064 0.499381 0.495003 0.491876 0.489962 0.489236 0.489691 0.491331 0.494980 0.507843 0.522685 0.539760 0.559382 0.581939 0.607917 0.637933 0.672771 0.713452 0.761321 0.818189 0.886546 0.969917 1.000000 0.936777 0.883073 0.837101 0.797504 0.763240 0.733493 0.707619 0.685102 0.665528 0.648560 0.633925 0.621401 0.610804 0.601989 0.594837 861.500000 1.145624 0.694769
0.598930 0.636614 0.681108 0.734192 0.791410 0.748984 0.712505 0.680978 0.653631 0.629854 0.609163 0.591166 0.575550 0.562056 0.550476 0.540640 0.532409 0.525673 0.520343 0.516351 0.513648 0.512201 0.511992 0.513018 0.515293 0.518843 0.523713 0.529964 0.537677 0.546954 0.557926 0.570750 0.585621 0.602778 0.622517 0.645198 0.671274 0.701306 0.736008 0.776291 0.801675 0.735515 0.680957 0.635359 0.596833 0.563992 0.535801 0.511467 0.490377 0.472050 0.456103 0.442228 0.430179 0.419753 0.410787 0.403146 0.396723 0.391430 0.387196 0.383969 0.381706 0.380381 0.379978 0.380491 0.381926 0.384302 0.387648 0.392005 0.397429 0.403992 0.411784 0.420917 0.431528 0.443784 0.457891 0.474105 0.492740 0.514189 0.538948 0.567649 0.601107 0.640397 0.686953 0.742738 0.810509 0.894260 1.000000 0.934666 0.844546 0.771972 0.712465 0.662958 0.621284 0.585867 0.555537 0.529405 0.506787 0.487148 0.470064 0.455198 0.442276 0.431077 0.421421 0.413162 0.406181 0.400379 0.395681 0.392026 0.389367 0.387671 0.386918 0.387099 0.388215 0.390281 0.393322 0.397375 0.402493 0.408741 0.416205 0.424990 0.435224 0.447067 0.460714 0.476404 0.494433 0.515171 0.539080 0.566748 1640.000000 1.431092 0.577246
0.994362 0.937128 0.888148 0.845970 0.809478 0.777800 0.750248 0.726270 0.705425 0.687353 0.671761 0.658412 0.647112 0.637703 0.630060 0.623273 0.615572 0.609509 0.605008 0.602012 0.600485 0.600409 0.601783 0.604622 0.608963 0.614858 0.622383 0.631634 0.642737 0.655845 0.671149 0.688884 0.695925 0.690912 0.687616 0.685995 0.686032 0.687724 0.691095 0.696184 0.703055 0.711794 0.722516 0.735365 0.750520 0.768202 0.767530 0.761747 0.757863 0.755830 0.755624 0.757241 0.760702 0.766048 0.773346 0.782689 0.794197 0.808023 0.824361 0.843447 0.865573 0.891095 0.920453 0.954188 0.915435 0.881430 0.851839 0.826095 0.803742 0.784406 0.767785 0.753632 0.741746 0.731964 0.724160 0.718231 0.714106 0.711732 0.711082 0.712147 0.714940 0.719495 0.725869 0.718232 0.702812 0.689667 0.678610 0.669488 0.662183 0.656601 0.652671 0.650345 0.649595 0.641199 0.630571 0.621763 0.614658 0.609165 0.605214 0.602757 0.601763 0.602221 0.604136 0.607532 0.612450 0.618952 0.627120 0.637062 0.648912 0.662839 0.679048 0.697794 0.719386 0.744207 0.772730 0.805545 0.832775 0.835772 0.840824 0.847993 0.857368 0.869070 0.883253 0.900110 0.919884 0.942867 0.969425 1.000000 6085.000000 1.248632 0.857067
0.912713 0.964347 0.942108 0.903960 0.870798 0.841939 0.816836 0.795046 0.776211 0.760035 0.746282 0.734756 0.725301 0.717793 0.712138 0.708264 0.706124 0.705691 0.706961 0.709950 0.714692 0.721248 0.729699 0.740155 0.752754 0.767672 0.785122 0.805370 0.828739 0.855627 0.854016 0.815696 0.782472 0.753592 0.728461 0.706600 0.687620 0.671209 0.657108 0.645110 0.635045 0.626775 0.620193 0.615215 0.611778 0.609840 0.609378 0.610386 0.612876 0.616879 0.622444 0.629641 0.638562 0.649327 0.662083 0.677014 0.694346 0.714354 0.737379 0.763838 0.794253 0.829270 0.869709 0.916616 0.971344 1.000000 0.951048 0.908751 0.872068 0.840177 0.812425 0.788285 0.767334 0.749227 0.733680 0.720466 0.709399 0.700328 0.693134 0.687728 0.684039 0.682025 0.681659 0.682939 0.685879 0.690514 0.696904 0.705127 0.715290 0.727529 0.742013 0.758950 0.778599 0.801273 0.827361 0.857339 0.855668 0.818981 0.787129 0.759422 0.735311 0.714352 0.696185 0.680518 0.667112 0.655774 0.646346 0.638702 0.632743 0.628394 0.625601 0.624330 0.624567 0.626312 0.629589 0.634436 0.640915 0.649107 0.659120 0.671089 0.685181 0.701605 0.720614 0.742520 0.767707 0.796650 0.829938 0.868312 1786.000000 1.194654 0.775043
0.733134 0.724059 0.716911 0.711600 0.708061 0.706250 0.706145 0.707745 0.711069 0.716158 0.723074 0.731906 0.742768 0.755806 0.771200 0.754521 0.734601 0.717389 0.702619 0.690074 0.679577 0.670988 0.664193 0.659106 0.655663 0.653824 0.653565 0.654883 0.657795 0.662335 0.668560 0.676549 0.686404 0.698258 0.708811 0.714547 0.722130 0.731657 0.743254 0.757077 0.773322 0.792231 0.814097 0.839285 0.868239 0.901511 0.939790 0.958591 0.927333 0.900150 0.876566 0.856197 0.838727 0.823902 0.811512 0.801392 0.793408 0.787461 0.783475 0.781403 0.781218 0.782920 0.786527 0.792085 0.799663 0.809355 0.821288 0.835622 0.852555 0.872333 0.840710 0.792139 0.750583 0.714806 0.683857 0.656994 0.633630 0.613298 0.595620 0.580360 0.574799 0.570705 0.568028 0.566735 0.566810 0.568255 0.571086 0.575338 0.581065 0.588338 0.597253 0.607929 0.620516 0.635198 0.652201 0.671802 0.694342 0.720242 0.750027 0.784352 0.802301 0.813314 0.826653 0.842500 0.861081 0.882675 0.907623 0.936343 0.969352 1.000000 0.960596 0.926327 0.896505 0.870574 0.848087 0.828679 0.812051 0.797962 0.786216 0.776654 0.769153 0.763617 0.759978 0.758191 0.758236 0.760111 0.757574 0.744256 3312.000000 1.207589 0.837698
0.896345 0.934736 0.979028 0.944266 0.895125 0.852798 0.816171 0.784373 0.756713 0.732643 0.711719 0.693581 0.677938 0.664550 0.653224 0.643802 0.636159 0.630196 0.625838 0.623030 0.621738 0.621946 0.623658 0.626893 0.631692 0.632683 0.622504 0.614103 0.607370 0.602217 0.598582 0.596418 0.595699 0.596418 0.598582 0.602217 0.607370 0.614103 0.622504 0.632683 0.644780 0.658967 0.675456 0.694508 0.716441 0.741651 0.770623 0.803966 0.842446 0.887039 0.939006 1.000000 0.961144 0.920540 0.885273 0.854591 0.827893 0.804692 0.784595 0.767281 0.752487 0.740003 0.729655 0.721306 0.714849 0.710202 0.707309 0.706132 0.706660 0.708897 0.712871 0.718631 0.726249 0.735822 0.747475 0.761367 0.777694 0.755395 0.732051 0.711770 0.694209 0.679091 0.666187 0.655315 0.646323 0.639094 0.633534 0.629574 0.627164 0.626276 0.626898 0.629038 0.632723 0.637997 0.644926 0.653600 0.664132 0.676665 0.691379 0.708491 0.728271 0.751048 0.777228 0.807316 0.790891 0.771350 0.754526 0.740165 0.728061 0.718049 0.709996 0.703798 0.699378 0.696681 0.695674 0.696345 0.698702 0.702775 0.708611 0.716286 0.725897 0.737570 0.751465 0.767778 0.786753 0.808687 0.833946 0.862979 560.500000 1.234681 0.805301
0.685483 0.703592 0.724477 0.732978 0.709070 0.688279 0.670241 0.654661 0.641298 0.629958 0.620481 0.612738 0.606630 0.602079 0.599028 0.597439 0.597295 0.598592 0.601346 0.605592 0.611381 0.618787 0.627906 0.638860 0.651801 0.666917 0.684439 0.704649 0.727897 0.754610 0.785324 0.820704 0.861596 0.905228 0.867685 0.835064 0.806680 0.781984 0.760532 0.741966 0.725993 0.712372 0.700911 0.691452 0.683870 0.678069 0.673975 0.671539 0.670730 0.671539 0.673975 0.678069 0.683870 0.691452 0.700911 0.712372 0.725993 0.741966 0.760532 0.781984 0.806680 0.821274 0.777848 0.740479 0.708163 0.680120 0.655733 0.634510 0.616055 0.600049 0.586229 0.574384 0.564341 0.555960 0.549127 0.543755 0.539774 0.537135 0.535807 0.535773 0.537033 0.539602 0.543511 0.548808 0.555562 0.563859 0.573811 0.585557 0.599268 0.615153 0.633471 0.654539 0.678748 0.706584 0.738657 0.775737 0.818814 0.869173 0.928516 0.999139 1.000000 0.941603 0.891680 0.848725 0.811584 0.779357 0.751332 0.726943 0.705734 0.687337 0.671451 0.657831 0.646280 0.636634 0.628764 0.622568 0.617967 0.614904 0.613342 0.613261 0.614661 0.617558 0.621989 0.628007 0.635689 0.645135 0.656471 0.669856 1546.500000 1.306706 0.753548
0.902366 0.955066 0.921085 0.859628 0.807684 0.763394 0.725365 0.692535 0.664078 0.639347 0.617827 0.599105 0.582847 0.568781 0.556689 0.547202 0.543148 0.540446 0.539063 0.538982 0.540203 0.542739 0.546623 0.551901 0.558642 0.566932 0.576882 0.588631 0.602350 0.618249 0.636585 0.657675 0.681909 0.709772 0.741873 0.778981 0.822081 0.872455 0.931796 0.992802 0.912392 0.845916 0.790244 0.743127 0.702910 0.668350 0.638496 0.612607 0.590102 0.570518 0.553482 0.538695 0.525911 0.514931 0.505594 0.497767 0.491344 0.492188 0.495921 0.500928 0.507271 0.515033 0.524320 0.535260 0.548015 0.562782 0.579803 0.599373 0.621862 0.647725 0.677536 0.712021 0.752115 0.799032 0.854388 0.920367 1.000000 0.948285 0.897724 0.854235 0.816642 0.784027 0.755668 0.730988 0.709525 0.690903 0.674817 0.661020 0.649309 0.639519 0.631519 0.622074 0.611051 0.601836 0.594306 0.588362 0.583928 0.580949 0.579390 0.579231 0.580469 0.583121 0.587218 0.592812 0.599972 0.608792 0.619390 0.619075 0.613777 0.610025 0.607775 0.606998 0.607685 0.609844 0.613503 0.618704 0.625515 0.634022 0.644337 0.656601 0.670988 0.687715 0.707043 0.729297 0.754875 0.784271 0.818099 0.857135 6184.500000 1.118065 0.654704
0.705438 0.737523 0.739657 0.732144 0.726514 0.722699 0.720650 0.720343 0.721775 0.724962 0.729944 0.736782 0.745563 0.756399 0.769436 0.784855 0.802877 0.823778 0.847894 0.875637 0.882968 0.855936 0.832456 0.812134 0.794650 0.779741 0.767196 0.756842 0.748544 0.742194 0.737713 0.735046 0.734161 0.735046 0.737713 0.742194 0.735498 0.723803 0.714168 0.706466 0.700597 0.696490 0.694093 0.693377 0.694333 0.696974 0.701331 0.707457 0.715430 0.725353 0.737356 0.751603 0.758763 0.733896 0.712269 0.693503 0.677290 0.663379 0.651567 0.641686 0.633605 0.627216 0.622440 0.619216 0.617506 0.617288 0.618560 0.621337 0.625653 0.631561 0.639137 0.648478 0.659709 0.672985 0.688500 0.706489 0.727242 0.742653 0.736925 0.733037 0.730942 0.730613 0.732048 0.735263 0.740298 0.747215 0.756101 0.767071 0.780271 0.795885 0.814138 0.835307 0.859733 0.887833 0.920124 0.957246 1.000000 0.993622 0.921435 0.860960 0.809765 0.766059 0.728494 0.696040 0.667894 0.643426 0.622133 0.603612 0.587536 0.573640 0.561709 0.551565 0.543066 0.536098 0.534463 0.535745 0.538334 0.542260 0.547574 0.554340 0.562649 0.572611 0.584366 0.598084 0.613976 0.632301 0.653375 0.677592 8581.000000 1.241689 0.822450
0.446439 0.467593 0.492096 0.520632 0.554098 0.593691 0.641041 0.698427 0.754470 0.718145 0.686735 0.659480 0.635779 0.615153 0.597217 0.581658 0.568224 0.556708 0.546940 0.538785 0.532132 0.526896 0.523009 0.520424 0.519109 0.519047 0.520239 0.522699 0.526456 0.531557 0.538067 0.546070 0.555674 0.567013 0.580250 0.595590 0.613280 0.633626 0.657006 0.683888 0.714859 0.693120 0.638356 0.592936 0.554798 0.522453 0.494797 0.471000 0.450422 0.432565 0.417037 0.403523 0.391772 0.381579 0.372778 0.365234 0.358837 0.353497 0.349142 0.345716 0.343175 0.341488 0.340634 0.340603 0.341395 0.343018 0.345493 0.348851 0.353133 0.358396 0.364711 0.372164 0.380865 0.390947 0.402574 0.415946 0.431312 0.448979 0.469335 0.492868 0.520205 0.552161 0.589814 0.634619 0.688585 0.754570 0.836771 0.941616 1.000000 0.878669 0.785282 0.711388 0.651639 0.602489 0.561490 0.526904 0.497461 0.472211 0.450434 0.431570 0.415183 0.400926 0.388520 0.377741 0.368408 0.360372 0.353513 0.347732 0.342950 0.339104 0.336144 0.334032 0.332744 0.332263 0.332583 0.333709 0.335654 0.338442 0.342107 0.346697 0.352272 0.358908 0.366700 0.375762 0.386238 0.398301 0.412168 0.428103 7389.000000 1.688354 0.548989
0.739633 0.806385 0.888735 0.940335 0.870835 0.812725 0.763610 0.721732 0.685775 0.654733 0.627827 0.604444 0.584096 0.566394 0.551022 0.537723 0.526289 0.516550 0.508367 0.501629 0.496247 0.492152 0.489293 0.487636 0.487159 0.487858 0.489739 0.492828 0.497161 0.502792 0.509795 0.518262 0.528309 0.540081 0.553753 0.569543 0.587718 0.608605 0.632612 0.660246 0.692149 0.729136 0.754846 0.710303 0.672254 0.639536 0.611260 0.586731 0.565405 0.546846 0.530704 0.516697 0.504595 0.494210 0.485390 0.478010 0.471972 0.467195 0.463620 0.461202 0.459911 0.459732 0.460663 0.462714 0.465911 0.470293 0.475916 0.482852 0.491194 0.501058 0.512587 0.525955 0.541378 0.559121 0.579510 0.602949 0.629946 0.661142 0.697355 0.739651 0.789433 0.848592 0.919731 1.000000 0.894630 0.811116 0.743501 0.687822 0.641338 0.602098 0.568674 0.539998 0.515257 0.493821 0.475197 0.458992 0.444892 0.432644 0.422042 0.412918 0.405135 0.398583 0.393171 0.388829 0.385500 0.383143 0.381728 0.381239 0.381670 0.383025 0.385321 0.388587 0.392864 0.398205 0.404682 0.412383 0.421418 0.431922 0.444059 0.458034 0.474096 0.492556 0.513799 0.538312 0.566715 0.599808 0.638640 0.684611 7605.500000 1.377015 0.581548
0.856349 0.829180 0.805564 0.785094 0.767442 0.752339 0.739566 0.728947 0.720339 0.713630 0.708738 0.705600 0.704179 0.704457 0.706438 0.710146 0.715626 0.722947 0.728638 0.725966 0.725055 0.725892 0.728488 0.732874 0.739106 0.747259 0.757440 0.769782 0.784454 0.801665 0.821671 0.844790 0.871407 0.901999 0.937158 0.977619 0.991077 0.965982 0.944345 0.925838 0.910193 0.897194 0.886666 0.878474 0.872515 0.868715 0.867028 0.867433 0.869935 0.874565 0.881378 0.890461 0.901929 0.915931 0.932656 0.952341 0.938675 0.912605 0.890031 0.870593 0.854000 0.840013 0.828440 0.819129 0.811959 0.806840 0.803709 0.802529 0.803284 0.805984 0.810662 0.817375 0.816663 0.801341 0.788449 0.777808 0.769280 0.762754 0.758149 0.755408 0.754498 0.755408 0.758149 0.762754 0.769280 0.777808 0.788449 0.801341 0.816663 0.834632 0.855516 0.861266 0.844250 0.829853 0.817876 0.808159 0.800577 0.795033 0.791458 0.789810 0.790069 0.792236 0.796339 0.802428 0.810579 0.820895 0.833511 0.848597 0.866364 0.887075 0.911048 0.938677 0.970446 1.000000 0.983255 0.969359 0.958126 0.949411 0.943105 0.939129 0.937436 0.938005 0.940842 0.945983 0.953489 0.963455 0.923460 0.887568 764.000000 1.192254 0.894910
0.971238 1.000000 0.943631 0.895319 0.853670 0.817606 0.786283 0.759032 0.735319 0.714713 0.696862 0.681484 0.668345 0.657257 0.648066 0.640651 0.634916 0.630788 0.628218 0.627173 0.627642 0.629629 0.633159 0.638275 0.645041 0.653543 0.663893 0.676231 0.690733 0.707612 0.727132 0.749617 0.775464 0.805167 0.794608 0.756568 0.723668 0.695115 0.670283 0.648673 0.629883 0.613587 0.599521 0.587469 0.577256 0.568738 0.561802 0.556357 0.552334 0.549684 0.548374 0.548388 0.549726 0.552405 0.556458 0.561934 0.568903 0.577455 0.587707 0.599800 0.613911 0.630257 0.649103 0.670778 0.695683 0.724322 0.757323 0.795482 0.839821 0.891670 0.884683 0.859872 0.838379 0.819862 0.804040 0.790686 0.779616 0.770682 0.763770 0.758793 0.755689 0.754420 0.754972 0.757349 0.761583 0.767724 0.775849 0.786062 0.798496 0.788119 0.744463 0.707004 0.674681 0.646674 0.622340 0.601166 0.582743 0.566741 0.552890 0.540972 0.530809 0.522256 0.515195 0.509534 0.505200 0.502139 0.500312 0.499698 0.500289 0.502093 0.505131 0.509441 0.515077 0.522111 0.530635 0.540767 0.552650 0.566463 0.582423 0.600798 0.621917 0.646188 0.674121 0.706356 0.743711 0.787239 0.838325 0.898816 1364.000000 1.383671 0.740491
0.545243 0.542096 0.540279 0.539771 0.540564 0.542669 0.546112 0.550934 0.557196 0.564979 0.574385 0.585545 0.598618 0.613800 0.631333 0.651513 0.674704 0.701359 0.720500 0.708640 0.698820 0.690910 0.684808 0.680438 0.677746 0.676699 0.677284 0.679509 0.683400 0.689006 0.696395 0.705664 0.716932 0.730355 0.746122 0.764466 0.785676 0.810104 0.838183 0.870452 0.907578 0.950404 1.000000 0.948989 0.878157 0.819000 0.769047 0.726486 0.689964 0.658448 0.631140 0.607412 0.586766 0.568802 0.553199 0.539694 0.528075 0.518168 0.509831 0.502951 0.497436 0.493216 0.490239 0.488466 0.487878 0.487471 0.484794 0.483303 0.482982 0.483826 0.485846 0.489065 0.493524 0.499280 0.506405 0.514996 0.525169 0.537073 0.550887 0.566832 0.585180 0.606264 0.630500 0.658406 0.690638 0.728033 0.771674 0.822990 0.846242 0.830365 0.817006 0.805980 0.797142 0.790380 0.785609 0.782768 0.781825 0.782768 0.785609 0.790380 0.797142 0.805980 0.817006 0.830365 0.846242 0.864861 0.821302 0.782578 0.749066 0.719968 0.694658 0.672632 0.653486 0.636892 0.622582 0.610339 0.599986 0.591379 0.584404 0.578970 0.575008 0.572470 0.571325 0.571558 0.572184 0.563143 0.555700 0.549759 620.000000 1.401416 0.776460
0.747998 0.746969 0.747741 0.750325 0.724682 0.697530 0.673905 0.653350 0.635498 0.620049 0.606760 0.595434 0.585908 0.578053 0.571765 0.566963 0.563588 0.561598 0.560968 0.561692 0.563777 0.567250 0.572152 0.575204 0.569549 0.565353 0.562564 0.561147 0.561086 0.562379 0.565043 0.569110 0.574630 0.567267 0.557769 0.549886 0.543513 0.538570 0.534993 0.532738 0.531777 0.532100 0.533709 0.536625 0.540883 0.546537 0.553658 0.562339 0.572699 0.588878 0.608161 0.630320 0.655794 0.685134 0.719036 0.758389 0.804350 0.858442 0.922717 1.000000 0.997521 0.933742 0.879620 0.833326 0.793478 0.759011 0.729097 0.703082 0.680442 0.660756 0.643685 0.628951 0.616327 0.605631 0.596713 0.589453 0.583756 0.579070 0.563109 0.549291 0.537399 0.527255 0.518713 0.511656 0.505991 0.501646 0.498565 0.496711 0.496062 0.496609 0.498360 0.501334 0.505570 0.511120 0.518055 0.526466 0.536469 0.545900 0.543782 0.542983 0.543494 0.545321 0.548486 0.553028 0.559004 0.566490 0.575585 0.586412 0.599125 0.613914 0.631010 0.650698 0.673328 0.699334 0.729258 0.763779 0.803763 0.850327 0.872697 0.848564 0.827671 0.809685 0.794338 0.781409 0.770721 0.762133 0.755534 0.750841 1565.000000 1.446448 0.771905
0.721477 0.709594 0.699754 0.691827 0.685711 0.681329 0.678627 0.677573 0.678153 0.680375 0.684265 0.689871 0.697263 0.706537 0.717813 0.731244 0.747022 0.763203 0.738432 0.716892 0.698207 0.682073 0.668241 0.656509 0.646713 0.638721 0.632429 0.627758 0.624649 0.623064 0.622984 0.624408 0.627354 0.631857 0.637973 0.645779 0.655378 0.666897 0.680496 0.696375 0.714775 0.735996 0.760402 0.770392 0.770615 0.772701 0.776674 0.782583 0.790502 0.800530 0.812800 0.827477 0.844766 0.864920 0.888252 0.915144 0.938110 0.902908 0.872277 0.845627 0.822480 0.802448 0.785215 0.770524 0.758166 0.747971 0.739806 0.733565 0.729170 0.726567 0.725726 0.726634 0.729304 0.716178 0.690425 0.668013 0.648523 0.631617 0.617019 0.604504 0.593889 0.585025 0.577793 0.572099 0.567871 0.565057 0.563621 0.563547 0.564833 0.567496 0.571567 0.577097 0.584157 0.592837 0.600299 0.609171 0.619824 0.632407 0.647103 0.664135 0.683781 0.706378 0.732344 0.762199 0.796591 0.836344 0.882511 0.936460 1.000000 0.964939 0.927930 0.895734 0.867717 0.843369 0.822278 0.804105 0.788577 0.775471 0.764605 0.755834 0.749047 0.744157 0.741105 0.739852 0.740385 0.742709 0.746852 0.735568 7015.000000 1.311032 0.841894
0.781721 0.750864 0.724029 0.700675 0.680369 0.662758 0.647557 0.634531 0.623492 0.614285 0.606786 0.600899 0.596547 0.593679 0.592257 0.592266 0.593622 0.596382 0.600622 0.606393 0.613770 0.622847 0.633746 0.646619 0.661653 0.679078 0.699175 0.722291 0.748853 0.779393 0.805165 0.801310 0.799408 0.799438 0.801397 0.805311 0.811228 0.819220 0.829389 0.841868 0.856823 0.874465 0.895049 0.918893 0.946384 0.978000 1.000000 0.926207 0.864495 0.812328 0.767843 0.729644 0.696665 0.668077 0.643232 0.621612 0.602804 0.586471 0.572343 0.560197 0.549853 0.541164 0.534012 0.528303 0.523963 0.520939 0.519193 0.521441 0.526606 0.533171 0.541223 0.550869 0.562244 0.575515 0.590885 0.608605 0.628982 0.652398 0.679324 0.710354 0.746238 0.787939 0.836712 0.890834 0.874098 0.860014 0.848387 0.839065 0.831928 0.826886 0.823878 0.822867 0.823841 0.826811 0.831814 0.831106 0.805637 0.783514 0.764365 0.747889 0.733838 0.722014 0.712253 0.704426 0.698434 0.694202 0.691677 0.690828 0.691646 0.694139 0.698340 0.704298 0.712089 0.721813 0.728092 0.728917 0.731507 0.735896 0.742136 0.750305 0.760509 0.772883 0.787594 0.804852 0.824916 0.848101 0.858386 0.817276 5574.500000 1.154470 0.797401
0.532880 0.507484 0.485514 0.466445 0.449860 0.435427 0.422878 0.411997 0.402608 0.394566 0.387755 0.382081 0.377466 0.373851 0.371190 0.369451 0.368612 0.368663 0.369604 0.371447 0.374215 0.377942 0.382675 0.388475 0.395422 0.403611 0.413164 0.424226 0.436978 0.451643 0.468494 0.487872 0.510204 0.536033 0.566052 0.601167 0.642578 0.691905 0.751397 0.824253 0.915197 1.000000 0.876557 0.781918 0.707262 0.647041 0.597598 0.556421 0.521728 0.492223 0.466942 0.445150 0.426284 0.409898 0.395644 0.383240 0.372460 0.363121 0.355073 0.348194 0.342387 0.337570 0.333679 0.330664 0.328488 0.327123 0.326553 0.326770 0.327778 0.329589 0.332225 0.335718 0.340114 0.345469 0.351858 0.359369 0.368114 0.378229 0.389881 0.403277 0.418670 0.436378 0.456800 0.480441 0.507952 0.540187 0.578277 0.623763 0.678791 0.746440 0.821425 0.772843 0.731351 0.695678 0.664849 0.638110 0.614862 0.594630 0.577034 0.561763 0.548567 0.537242 0.527620 0.519566 0.512972 0.507751 0.503836 0.501180 0.499749 0.499527 0.500509 0.502709 0.506154 0.510885 0.516962 0.524464 0.533492 0.544170 0.556652 0.571129 0.587832 0.607049 0.629131 0.654517 0.683754 0.637474 0.596856 0.562379 1535.500000 1.629564 0.554657
0.660239 0.670255 0.682248 0.682562 0.681146 0.681375 0.683250 0.686795 0.692052 0.699088 0.707992 0.718879 0.731897 0.747229 0.765100 0.785785 0.777553 0.764651 0.753957 0.745329 0.738655 0.733852 0.730860 0.729644 0.730187 0.732498 0.736603 0.742553 0.750423 0.760312 0.772352 0.786704 0.803573 0.823207 0.845914 0.872070 0.902137 0.899999 0.862596 0.830097 0.801820 0.777217 0.755845 0.737346 0.721427 0.707851 0.696422 0.686986 0.679417 0.664070 0.648989 0.636076 0.625144 0.616041 0.608644 0.602857 0.598608 0.595844 0.594531 0.594653 0.596212 0.599227 0.603734 0.609789 0.617470 0.626876 0.638134 0.651402 0.666875 0.684789 0.678103 0.672603 0.668789 0.666616 0.666056 0.667103 0.669769 0.674086 0.680110 0.687913 0.697598 0.709293 0.723158 0.739394 0.758243 0.780007 0.805054 0.833838 0.866923 0.905012 0.948994 1.000000 0.948646 0.903895 0.865166 0.831541 0.802292 0.776838 0.754712 0.735535 0.718997 0.704848 0.692881 0.682932 0.674867 0.668582 0.663999 0.661059 0.659728 0.659988 0.661844 0.665318 0.670452 0.677311 0.685981 0.680656 0.668915 0.659133 0.651179 0.644950 0.640368 0.637374 0.635933 0.636028 0.637659 0.640846 0.645628 0.652065 4029.500000 1.149914 0.853701
0.779116 0.745711 0.716708 0.691480 0.669526 0.650442 0.633901 0.619635 0.607429 0.597105 0.588520 0.581560 0.576134 0.572174 0.569632 0.568475 0.568690 0.570279 0.573263 0.577677 0.583576 0.591035 0.593541 0.591565 0.591022 0.591904 0.594222 0.598005 0.603299 0.610171 0.618709 0.629026 0.641264 0.655599 0.672245 0.691468 0.713593 0.739019 0.768243 0.801885 0.840727 0.885766 0.938291 1.000000 0.999014 0.944450 0.897587 0.857123 0.822044 0.791556 0.765025 0.741945 0.721905 0.704571 0.689673 0.676989 0.666340 0.657580 0.650594 0.645294 0.641612 0.639504 0.638944 0.639925 0.636600 0.634252 0.633441 0.634158 0.636412 0.640230 0.645659 0.652767 0.661644 0.672409 0.685208 0.700223 0.717678 0.721050 0.713928 0.708635 0.705107 0.703300 0.703191 0.704780 0.708086 0.713150 0.720033 0.728824 0.738878 0.725015 0.713351 0.703724 0.696008 0.690103 0.685937 0.683457 0.682634 0.683457 0.685937 0.690103 0.696008 0.703724 0.712220 0.703154 0.695971 0.690581 0.686915 0.684930 0.684601 0.685923 0.688914 0.693608 0.700066 0.708367 0.718620 0.730960 0.745560 0.762629 0.782427 0.805272 0.831555 0.861757 0.896477 0.936463 0.976473 0.914867 0.862528 0.817717 799.500000 1.140902 0.798499
0.962613 0.888091 0.826125 0.773986 0.729690 0.691767 0.659100 0.630831 0.606287 0.584938 0.566359 0.550209 0.536211 0.524138 0.513808 0.505070 0.497803 0.491911 0.487318 0.483964 0.481809 0.480826 0.481003 0.482343 0.484862 0.488591 0.493576 0.499880 0.507586 0.516798 0.527645 0.540286 0.554918 0.571780 0.591168 0.613446 0.639070 0.668608 0.702784 0.742527 0.789050 0.843961 0.909441 0.979500 0.908057 0.848231 0.797603 0.754394 0.717265 0.685193 0.657382 0.633206 0.612168 0.593868 0.577982 0.564247 0.552451 0.542417 0.534005 0.527100 0.521612 0.517471 0.514626 0.513040 0.512696 0.513588 0.515729 0.519143 0.523873 0.529978 0.537538 0.546653 0.557448 0.570079 0.584737 0.601656 0.621125 0.643498 0.669215 0.698828 0.733029 0.772708 0.819015 0.873464 0.938089 0.913078 0.848725 0.794634 0.748720 0.709437 0.675618 0.646363 0.620970 0.598885 0.579665 0.562955 0.548465 0.535962 0.525253 0.516182 0.508625 0.502478 0.497663 0.494118 0.491800 0.490680 0.490744 0.491994 0.494445 0.498126 0.503084 0.509380 0.517098 0.526341 0.537238 0.549949 0.564669 0.581638 0.601152 0.623575 0.649361 0.679078 0.713446 0.753391 0.800115 0.855215 0.920847 1.000000 3934.500000 1.078033 0.603326
0.850281 0.834648 0.821524 0.810729 0.802121 0.795590 0.791056 0.788461 0.787775 0.788989 0.792119 0.797201 0.804299 0.813502 0.824929 0.838730 0.808316 0.775429 0.746843 0.721966 0.700327 0.681540 0.665297 0.651342 0.639469 0.629511 0.621332 0.614825 0.609907 0.606517 0.604613 0.604171 0.605187 0.607673 0.611659 0.612002 0.608186 0.605869 0.605021 0.605632 0.607710 0.611281 0.616387 0.623092 0.631484 0.641671 0.653794 0.668023 0.684572 0.703699 0.725725 0.751042 0.780137 0.813615 0.852241 0.896986 0.945081 0.924988 0.907873 0.893493 0.881652 0.872195 0.865001 0.859979 0.857067 0.856231 0.857461 0.860770 0.866201 0.873818 0.883719 0.896029 0.910913 0.928575 0.949268 0.973301 1.000000 0.905795 0.829637 0.766997 0.714753 0.670685 0.633172 0.601005 0.573262 0.549232 0.528357 0.510196 0.494392 0.480662 0.468772 0.458534 0.449795 0.442428 0.436333 0.438201 0.445045 0.453215 0.462827 0.474022 0.486975 0.501898 0.519055 0.538770 0.561448 0.587596 0.617861 0.653071 0.694310 0.743020 0.801155 0.871437 0.957765 0.940316 0.922071 0.906663 0.893879 0.883550 0.875542 0.869755 0.866116 0.864582 0.865133 0.867778 0.872547 0.879499 0.888721 0.868642 4153.000000 1.313561 0.762704
0.772740 0.819287 0.874043 0.939065 0.999034 0.940694 0.890819 0.847906 0.810801 0.778604 0.750606 0.726241 0.705053 0.686673 0.670802 0.657196 0.645656 0.636019 0.628157 0.621967 0.612812 0.599203 0.587571 0.577746 0.569595 0.563008 0.557900 0.554207 0.551883 0.550901 0.551247 0.552927 0.555961 0.560385 0.566256 0.573648 0.582657 0.593406 0.606047 0.620766 0.637792 0.657408 0.679958 0.705871 0.735680 0.770055 0.809846 0.777270 0.744062 0.715228 0.690146 0.668320 0.649347 0.632905 0.618729 0.606603 0.596353 0.587835 0.580938 0.575571 0.571666 0.569177 0.568071 0.568336 0.569976 0.573009 0.577473 0.583424 0.590938 0.600112 0.611070 0.623968 0.638994 0.656382 0.676418 0.699454 0.725925 0.756371 0.791474 0.832096 0.879346 0.934673 1.000000 0.964445 0.892138 0.831781 0.780835 0.737443 0.700219 0.668104 0.640280 0.616106 0.595073 0.576772 0.560874 0.547111 0.535267 0.525162 0.516654 0.509625 0.503983 0.499655 0.496586 0.494740 0.494093 0.494639 0.496382 0.499345 0.503564 0.509091 0.511588 0.511307 0.512259 0.514456 0.517926 0.522710 0.528870 0.536484 0.545654 0.556508 0.569201 0.583926 0.600919 0.620471 0.642938 0.668766 0.698509 0.732868 859.500000 1.318965 0.692486
0.824222 0.729253 0.655325 0.596309 0.548257 0.508505 0.475196 0.446992 0.422911 0.402211 0.384326 0.368814 0.355329 0.343593 0.333385 0.324526 0.316869 0.310295 0.304708 0.300028 0.296193 0.293151 0.290866 0.289307 0.288456 0.288302 0.288844 0.290088 0.292050 0.294753 0.298232 0.302532 0.307709 0.313836 0.321002 0.329313 0.338905 0.349941 0.362622 0.377200 0.393989 0.413383 0.435890 0.462167 0.493079 0.529791 0.573902 0.627676 0.694415 0.738296 0.704814 0.675795 0.650576 0.628631 0.609539 0.592959 0.578614 0.566279 0.555769 0.546936 0.539660 0.533843 0.529413 0.526313 0.524505 0.523967 0.524694 0.526693 0.529988 0.534622 0.540651 0.548154 0.557228 0.568000 0.580623 0.595286 0.612222 0.631717 0.654121 0.620906 0.572588 0.532437 0.498670 0.469996 0.445455 0.424321 0.406035 0.390162 0.376355 0.364340 0.353895 0.344839 0.337027 0.330339 0.324678 0.319966 0.316140 0.313149 0.310957 0.309535 0.308868 0.308945 0.309770 0.311350 0.313707 0.316869 0.320876 0.325780 0.331648 0.338562 0.346623 0.355956 0.366714 0.379083 0.393297 0.409643 0.428484 0.450279 0.475617 0.505266 0.540246 0.581936 0.632248 0.693913 0.770966 0.869624 1.000000 0.950260 1622.000000 1.973079 0.515558
0.558468 0.557724 0.558326 0.560280 0.563610 0.568358 0.574582 0.582363 0.591802 0.603029 0.616204 0.631522 0.649226 0.669610 0.693040 0.719966 0.750951 0.786703 0.828125 0.876379 0.932992 1.000000 0.953041 0.908961 0.870784 0.837620 0.808767 0.783661 0.761846 0.742955 0.726686 0.712794 0.701082 0.691386 0.683579 0.677561 0.673256 0.670610 0.669591 0.670188 0.672408 0.676277 0.681842 0.689174 0.698366 0.682392 0.661304 0.642983 0.627119 0.613462 0.601806 0.591984 0.583861 0.577331 0.572308 0.568731 0.566554 0.565751 0.566313 0.568247 0.571575 0.576340 0.582600 0.590435 0.599949 0.611271 0.624563 0.640021 0.657889 0.678465 0.702116 0.729295 0.760570 0.796652 0.838449 0.887130 0.892741 0.855682 0.823482 0.795465 0.771088 0.749913 0.731586 0.715816 0.702369 0.691051 0.681708 0.674218 0.668483 0.664432 0.662015 0.661203 0.661985 0.664372 0.668392 0.674095 0.681552 0.690859 0.702138 0.715545 0.731269 0.749546 0.770664 0.794978 0.822923 0.855039 0.890935 0.840930 0.798060 0.761094 0.729079 0.701270 0.677076 0.656024 0.637731 0.621888 0.608243 0.596590 0.586762 0.578625 0.572069 0.567011 0.563386 0.561151 0.560279 0.560757 0.562593 0.560566 6134.500000 1.206100 0.766599
0.746927 0.737681 0.730399 0.724989 0.721383 0.719538 0.719431 0.721061 0.724447 0.729632 0.736679 0.745677 0.756743 0.770026 0.785710 0.776553 0.752756 0.732084 0.714193 0.698798 0.685670 0.674621 0.665501 0.658188 0.652590 0.648635 0.646276 0.645483 0.646247 0.648577 0.652501 0.658068 0.665348 0.674434 0.685445 0.698533 0.713883 0.722646 0.688025 0.658082 0.632097 0.609498 0.589831 0.572730 0.557899 0.545097 0.534127 0.524830 0.517075 0.510758 0.505797 0.502130 0.499711 0.498511 0.498514 0.499721 0.502147 0.505820 0.510788 0.517112 0.524875 0.534181 0.545060 0.557588 0.572116 0.588878 0.608161 0.630320 0.655794 0.685134 0.719036 0.758389 0.804350 0.858442 0.922717 1.000000 0.946088 0.894602 0.850374 0.812177 0.779060 0.750275 0.725226 0.703436 0.684517 0.668158 0.654100 0.642138 0.631247 0.621307 0.613130 0.606607 0.601656 0.598215 0.596241 0.595710 0.596617 0.598971 0.602802 0.608156 0.615102 0.605650 0.590375 0.577208 0.565949 0.556436 0.548537 0.542147 0.537183 0.533583 0.531302 0.530313 0.530604 0.532177 0.535053 0.539266 0.544870 0.551934 0.560552 0.570841 0.582945 0.597043 0.613354 0.632147 0.653753 0.678580 0.707138 0.740067 2884.500000 1.437442 0.789661
0.776394 0.810211 0.849248 0.894500 0.947257 1.000000 0.943953 0.895898 0.854458 0.818567 0.787390 0.760265 0.736663 0.716155 0.698395 0.683100 0.670040 0.659029 0.649913 0.642574 0.636915 0.632867 0.630379 0.629420 0.626089 0.622295 0.620032 0.619271 0.620004 0.622239 0.626004 0.631346 0.638330 0.647046 0.657611 0.670167 0.684894 0.702012 0.721791 0.744563 0.770735 0.797281 0.769128 0.744628 0.723330 0.704867 0.688941 0.675310 0.663777 0.654180 0.646391 0.640310 0.635861 0.632987 0.631653 0.631845 0.633563 0.636829 0.641682 0.648184 0.656416 0.666487 0.678531 0.692718 0.709256 0.721219 0.716508 0.713566 0.712357 0.712867 0.715101 0.719088 0.724875 0.732535 0.742166 0.753893 0.767877 0.784315 0.803450 0.825580 0.851072 0.880378 0.914054 0.914794 0.865475 0.823083 0.786456 0.754691 0.727076 0.703044 0.682141 0.663999 0.648317 0.634854 0.623410 0.613823 0.605965 0.599732 0.595044 0.591844 0.590093 0.589768 0.590866 0.593401 0.597403 0.602921 0.610026 0.618809 0.624897 0.616568 0.609909 0.604834 0.601279 0.599200 0.598573 0.599390 0.601661 0.605412 0.610692 0.617565 0.626120 0.636470 0.648757 0.663157 0.679887 0.699209 0.721452 0.747014 5560.500000 1.267170 0.801946
0.918609 0.885722 0.857103 0.832217 0.810633 0.792000 0.776032 0.762496 0.751203 0.742000 0.734770 0.729419 0.725881 0.724114 0.724095 0.725825 0.729324 0.734636 0.741826 0.750985 0.762232 0.775719 0.791633 0.810206 0.817925 0.808530 0.801258 0.796015 0.792738 0.791386 0.791944 0.794418 0.798837 0.805257 0.813758 0.824447 0.837464 0.852988 0.871236 0.892479 0.917049 0.945352 0.974008 0.939715 0.909873 0.883931 0.861446 0.842054 0.825461 0.811426 0.799755 0.790292 0.782914 0.777529 0.774069 0.772493 0.772780 0.774936 0.778986 0.784979 0.792990 0.803122 0.815505 0.830308 0.847739 0.868053 0.891565 0.918661 0.949815 0.985615 0.999275 0.958995 0.923977 0.893502 0.866996 0.843991 0.824110 0.807043 0.792540 0.780395 0.770445 0.762560 0.756639 0.752608 0.750418 0.744116 0.735339 0.728501 0.723517 0.720323 0.718882 0.719176 0.721208 0.725003 0.730608 0.738092 0.747550 0.759107 0.772918 0.789177 0.808123 0.830050 0.855319 0.884372 0.917756 0.903643 0.886204 0.871486 0.859284 0.849438 0.841819 0.836333 0.832912 0.831514 0.832121 0.834742 0.839408 0.846177 0.855132 0.866388 0.880094 0.896434 0.915640 0.937996 0.963851 0.993634 1.000000 0.956425 2901.500000 1.021871 0.859845
0.929027 0.869417 0.818849 0.775606 0.738390 0.706206 0.678276 0.653987 0.632849 0.614469 0.598527 0.584765 0.572971 0.562973 0.554630 0.547832 0.542490 0.538536 0.535920 0.534612 0.534595 0.535868 0.538448 0.542366 0.547671 0.554429 0.562728 0.572681 0.584425 0.598132 0.612859 0.608280 0.605215 0.603628 0.603500 0.604828 0.607629 0.611938 0.617807 0.625310 0.634546 0.645637 0.658738 0.674039 0.691774 0.712230 0.735759 0.762796 0.793881 0.821101 0.790762 0.764360 0.741393 0.721453 0.704209 0.689393 0.676784 0.666204 0.657509 0.650586 0.645345 0.641722 0.639672 0.639169 0.640209 0.642803 0.646983 0.652800 0.660329 0.669665 0.680933 0.694288 0.709922 0.728070 0.749023 0.773135 0.800844 0.832694 0.836687 0.791440 0.752556 0.718964 0.689834 0.664511 0.642475 0.623306 0.606668 0.592284 0.579931 0.569427 0.560623 0.553400 0.547664 0.543341 0.540377 0.538736 0.538398 0.539359 0.541630 0.545240 0.550233 0.556672 0.564639 0.574241 0.582669 0.579027 0.576810 0.575993 0.576566 0.578534 0.581923 0.586774 0.593147 0.601124 0.610810 0.622337 0.635869 0.651608 0.669799 0.690748 0.714827 0.742498 0.774339 0.811074 0.853628 0.903190 0.961321 1.000000 12505.500000 1.246582 0.764236
0.682444 0.670714 0.660947 0.653010 0.646802 0.642243 0.639277 0.637868 0.637999 0.639671 0.642905 0.647740 0.654236 0.662476 0.672568 0.684646 0.698881 0.715480 0.734701 0.756856 0.782332 0.811606 0.845271 0.884073 0.898181 0.859158 0.825290 0.795835 0.770202 0.747915 0.728586 0.711904 0.697611 0.685500 0.675402 0.667180 0.660729 0.655967 0.652834 0.650485 0.643938 0.639046 0.635748 0.634003 0.633790 0.635107 0.637970 0.642413 0.648492 0.656283 0.665887 0.677433 0.691080 0.707027 0.725516 0.746846 0.771383 0.799578 0.831993 0.865039 0.849510 0.836509 0.825860 0.817422 0.811090 0.806783 0.804450 0.804062 0.805614 0.809125 0.814638 0.822220 0.831969 0.844009 0.858501 0.875646 0.818484 0.763347 0.716787 0.677119 0.643078 0.613705 0.588252 0.566137 0.546893 0.530150 0.515607 0.503020 0.492191 0.482957 0.475186 0.476753 0.486735 0.498370 0.511839 0.527361 0.545209 0.565718 0.589306 0.616495 0.647952 0.684529 0.727339 0.777861 0.838095 0.910818 1.000000 0.993118 0.949969 0.912520 0.879951 0.851608 0.826964 0.805592 0.787146 0.771342 0.757950 0.746783 0.737693 0.730559 0.725293 0.721829 0.720124 0.720158 0.721932 0.725466 0.712479 0.696298 825.500000 1.070807 0.744218
0.970536 0.945285 0.873419 0.813529 0.763045 0.720095 0.683280 0.651540 0.624055 0.600182 0.579412 0.561339 0.545634 0.532031 0.520313 0.510302 0.501856 0.494857 0.489213 0.484852 0.481718 0.479772 0.478991 0.479366 0.480901 0.483615 0.487540 0.492727 0.499241 0.507167 0.516614 0.527715 0.540634 0.555574 0.572782 0.592564 0.615296 0.641448 0.671613 0.706540 0.747198 0.794853 0.851192 0.918507 1.000000 0.998857 0.921148 0.856572 0.802262 0.756142 0.716669 0.682676 0.653264 0.627732 0.605524 0.586197 0.569396 0.554830 0.542265 0.531508 0.522404 0.514825 0.508672 0.503863 0.500338 0.498054 0.496983 0.497111 0.498440 0.500987 0.504782 0.509872 0.516323 0.524219 0.533665 0.544794 0.557770 0.572792 0.590108 0.610018 0.632896 0.659207 0.689534 0.724616 0.765402 0.813128 0.869437 0.936548 0.911852 0.852980 0.803066 0.760402 0.723698 0.691964 0.664429 0.640486 0.619650 0.601530 0.585811 0.572235 0.560595 0.550719 0.542470 0.535735 0.530428 0.526480 0.523844 0.522487 0.522391 0.523557 0.525998 0.529744 0.534842 0.541355 0.549369 0.558990 0.570353 0.583623 0.599003 0.616740 0.637143 0.660587 0.687542 0.718595 0.754489 0.796177 0.844895 0.902280 11253.500000 1.105073 0.602346
0.627481 0.628749 0.628456 0.629679 0.632433 0.636752 0.642690 0.650321 0.659743 0.671084 0.684498 0.700181 0.718371 0.739360 0.763507 0.791255 0.823154 0.859892 0.902337 0.951602 1.000000 0.910253 0.837139 0.776629 0.725908 0.682950 0.646262 0.614721 0.587464 0.563823 0.543268 0.525381 0.509824 0.496322 0.484655 0.474641 0.471077 0.480979 0.492519 0.505874 0.521264 0.538959 0.559293 0.582680 0.609641 0.640836 0.677116 0.697857 0.694382 0.692602 0.692496 0.694061 0.697316 0.702303 0.709081 0.717738 0.728386 0.741166 0.756257 0.773879 0.794301 0.817853 0.844943 0.861780 0.837484 0.816435 0.798293 0.782785 0.769687 0.758817 0.750033 0.743219 0.738291 0.735187 0.733870 0.734323 0.736552 0.740585 0.746470 0.754281 0.764117 0.776108 0.790416 0.758874 0.700734 0.652328 0.611556 0.576888 0.547188 0.521591 0.499431 0.480188 0.463447 0.448879 0.436218 0.425248 0.434867 0.451032 0.469621 0.491041 0.515811 0.544594 0.578255 0.617938 0.665189 0.722148 0.791862 0.878817 0.989904 0.950793 0.901250 0.858581 0.821660 0.789606 0.761726 0.737464 0.716372 0.698088 0.682317 0.668818 0.657397 0.647893 0.640180 0.634159 0.629753 0.626908 0.625588 0.625779 1296.500000 1.048292 0.639591
0.916986 0.864975 0.820418 0.782018 0.748775 0.719907 0.694794 0.672940 0.658958 0.653854 0.650384 0.648504 0.648192 0.649444 0.652276 0.656721 0.662835 0.670695 0.680402 0.692086 0.705909 0.722071 0.740816 0.762446 0.787331 0.815927 0.848801 0.886660 0.922884 0.897455 0.875441 0.856496 0.840335 0.826727 0.815486 0.806464 0.799544 0.794640 0.791691 0.790662 0.791540 0.794335 0.799083 0.805840 0.814692 0.825752 0.839167 0.855118 0.873833 0.895591 0.920736 0.949687 0.957384 0.931031 0.908218 0.888587 0.871842 0.857744 0.846102 0.836759 0.829598 0.824528 0.821486 0.820436 0.821364 0.824283 0.829228 0.836259 0.845464 0.856962 0.870904 0.863012 0.844433 0.828590 0.815259 0.804257 0.795438 0.788690 0.783929 0.781095 0.780154 0.781095 0.783929 0.788690 0.795438 0.804257 0.815259 0.815550 0.790288 0.768340 0.749334 0.732969 0.718998 0.707222 0.697479 0.689640 0.683603 0.679293 0.676658 0.675664 0.676300 0.684834 0.700125 0.717882 0.738389 0.761992 0.789117 0.820294 0.856183 0.897618 0.945661 0.984254 0.968208 0.954941 0.944277 0.936078 0.930242 0.926698 0.925401 0.926336 0.929514 0.934975 0.942785 0.953042 0.965876 0.981458 1.000000 0.978159 1364.000000 1.129766 0.836324
0.743973 0.783354 0.829247 0.883111 0.946898 1.000000 0.932554 0.875607 0.827093 0.785466 0.749547 0.718424 0.691382 0.667853 0.647381 0.629598 0.614206 0.600962 0.589668 0.580162 0.572315 0.566022 0.561204 0.557800 0.554734 0.542364 0.531786 0.522849 0.515428 0.509425 0.504762 0.501381 0.499239 0.498311 0.498586 0.500066 0.502770 0.506730 0.511997 0.518637 0.526736 0.536406 0.547782 0.561031 0.576361 0.594022 0.614327 0.637660 0.664500 0.695447 0.731265 0.772936 0.796615 0.772227 0.751043 0.732709 0.716935 0.703484 0.692166 0.682825 0.675338 0.669609 0.665566 0.663160 0.662361 0.663160 0.665566 0.669609 0.675338 0.682825 0.692166 0.703484 0.716935 0.732709 0.751043 0.772227 0.796615 0.768891 0.739957 0.714781 0.692877 0.673850 0.657381 0.643211 0.631127 0.620958 0.612563 0.605832 0.600679 0.597039 0.594867 0.594137 0.594840 0.596985 0.600597 0.605721 0.612422 0.620785 0.630921 0.642967 0.632697 0.613328 0.596503 0.581941 0.569413 0.558730 0.549740 0.542321 0.536375 0.531825 0.528614 0.526703 0.526069 0.526703 0.528614 0.531825 0.536375 0.542321 0.549740 0.558730 0.569413 0.581941 0.596503 0.613328 0.632697 0.654960 0.680545 0.709991 1738.000000 1.376542 0.765496
0.597376 0.620821 0.647806 0.678954 0.715057 0.696995 0.678855 0.663193 0.649767 0.638381 0.628876 0.621125 0.615026 0.610502 0.607497 0.605974 0.605915 0.607319 0.610202 0.614601 0.620570 0.628184 0.637542 0.648769 0.662023 0.677495 0.695424 0.716099 0.739879 0.767204 0.798622 0.834820 0.876667 0.869036 0.816846 0.772325 0.734084 0.701060 0.672430 0.647545 0.625890 0.607052 0.590696 0.576551 0.564395 0.554049 0.545365 0.538226 0.532537 0.528227 0.525242 0.523544 0.523113 0.523944 0.526047 0.529447 0.534188 0.540327 0.547944 0.557141 0.568043 0.580808 0.595627 0.612738 0.598311 0.585892 0.575337 0.566495 0.559249 0.553501 0.549180 0.546232 0.544621 0.544326 0.545345 0.547689 0.551388 0.556487 0.563050 0.571162 0.580932 0.592493 0.606014 0.621699 0.639799 0.660625 0.684556 0.712067 0.743747 0.780346 0.822818 0.872402 0.930731 1.000000 0.928333 0.859370 0.801742 0.753057 0.711562 0.675945 0.645204 0.618563 0.595412 0.575267 0.557741 0.542519 0.529347 0.518018 0.508363 0.500245 0.493552 0.488196 0.484109 0.481239 0.479552 0.479027 0.479657 0.481450 0.484428 0.488627 0.494101 0.500919 0.509172 0.518972 0.530460 0.543808 0.559227 0.576977 9975.000000 1.484829 0.721877
0.836606 0.814575 0.795541 0.779211 0.765345 0.753747 0.744263 0.736766 0.731163 0.727384 0.725382 0.725133 0.726635 0.729904 0.734982 0.741931 0.750839 0.761820 0.775023 0.790629 0.808866 0.830010 0.854404 0.882464 0.914710 0.951780 0.994479 0.978168 0.926372 0.881803 0.843265 0.809823 0.780741 0.755433 0.733425 0.714336 0.697853 0.683724 0.671742 0.661739 0.653582 0.647163 0.642401 0.639238 0.637634 0.637571 0.639047 0.642080 0.646708 0.652987 0.660997 0.670843 0.682655 0.696600 0.712879 0.731742 0.753496 0.778515 0.807264 0.840320 0.878406 0.922435 0.970247 0.925040 0.885896 0.851900 0.822325 0.796588 0.774223 0.754848 0.738154 0.723888 0.711846 0.701861 0.693800 0.687560 0.683063 0.680251 0.679093 0.679572 0.681696 0.685489 0.690999 0.698295 0.707468 0.718640 0.731962 0.747622 0.765853 0.786938 0.811227 0.839148 0.871234 0.908146 0.950716 1.000000 0.992381 0.940974 0.896685 0.858353 0.825069 0.796117 0.770922 0.749022 0.730042 0.713677 0.699679 0.687844 0.678008 0.670042 0.663842 0.659328 0.656447 0.655162 0.655458 0.657339 0.660827 0.665965 0.672818 0.681471 0.692039 0.704665 0.719525 0.736839 0.756875 0.779962 0.806506 0.837009 2000.000000 1.130996 0.771408
0.758403 0.793260 0.833580 0.880453 0.935298 1.000000 0.949380 0.902295 0.861637 0.826390 0.795755 0.769097 0.745906 0.725769 0.708353 0.693385 0.680642 0.669943 0.661144 0.654128 0.648807 0.645112 0.643000 0.642445 0.643439 0.637317 0.624739 0.614099 0.605250 0.598072 0.592472 0.588381 0.585748 0.584540 0.584743 0.586359 0.589407 0.593926 0.599972 0.607620 0.616972 0.628153 0.641320 0.656667 0.674430 0.694903 0.718442 0.745490 0.776599 0.797243 0.769836 0.745989 0.725269 0.707328 0.691879 0.678690 0.667573 0.658375 0.650974 0.645275 0.641206 0.638717 0.637778 0.638377 0.640522 0.644239 0.649573 0.656591 0.665383 0.676064 0.688780 0.703712 0.721080 0.741159 0.764282 0.790861 0.821405 0.856549 0.897093 0.940356 0.890286 0.847216 0.809983 0.777679 0.749589 0.725144 0.703885 0.685441 0.669511 0.655849 0.644254 0.634564 0.626648 0.620404 0.615752 0.612634 0.611012 0.610866 0.612195 0.615014 0.619359 0.625282 0.632859 0.642188 0.638735 0.624251 0.611852 0.601355 0.592617 0.585519 0.579970 0.575899 0.573256 0.572010 0.572144 0.573660 0.576578 0.580931 0.586776 0.594185 0.603255 0.614110 0.626899 0.641812 0.659078 0.678980 0.701865 0.728161 1983.000000 1.279618 0.783465
0.815338 0.780019 0.749362 0.722700 0.699496 0.679322 0.661829 0.646733 0.633803 0.622851 0.613725 0.606302 0.600485 0.596202 0.593399 0.592041 0.592113 0.593615 0.596566 0.601001 0.606976 0.614567 0.623871 0.635015 0.648155 0.663481 0.681231 0.701694 0.725225 0.752265 0.783359 0.799865 0.774013 0.751534 0.732037 0.715205 0.700781 0.688553 0.678350 0.670036 0.663502 0.658666 0.655468 0.653868 0.653847 0.655406 0.658562 0.663354 0.669842 0.678108 0.688259 0.700432 0.714797 0.731562 0.750985 0.773382 0.799139 0.828737 0.862771 0.901985 0.947325 1.000000 0.967019 0.909099 0.859679 0.817223 0.780554 0.748762 0.721127 0.697079 0.676159 0.657998 0.642293 0.628800 0.617319 0.607687 0.599774 0.593476 0.588713 0.585424 0.583570 0.583127 0.584092 0.586475 0.590306 0.595631 0.602518 0.611055 0.621356 0.633563 0.647851 0.664436 0.683583 0.705616 0.730936 0.760041 0.793021 0.770083 0.750192 0.733024 0.718316 0.705853 0.695462 0.687004 0.680369 0.675472 0.672253 0.670673 0.670712 0.672371 0.675670 0.680650 0.687371 0.695920 0.706408 0.718975 0.733797 0.751090 0.771121 0.794215 0.820774 0.851292 0.886385 0.926825 0.973588 0.959031 0.903596 0.856169 2399.000000 1.295833 0.761922
1.000000 0.962727 0.884576 0.819987 0.765908 0.720149 0.681097 0.647543 0.618559 0.593428 0.571582 0.552571 0.536034 0.521679 0.509267 0.498605 0.489535 0.481930 0.475686 0.470722 0.466973 0.464393 0.462951 0.462629 0.463423 0.465343 0.468412 0.472667 0.478164 0.484971 0.493181 0.502906 0.514286 0.527493 0.542738 0.560281 0.580440 0.603613 0.630295 0.661111 0.696860 0.738577 0.787626 0.845835 0.820443 0.773891 0.734011 0.699643 0.669891 0.644054 0.621578 0.602020 0.585021 0.570291 0.557596 0.546742 0.537573 0.529962 0.523808 0.519031 0.515571 0.513386 0.512448 0.512747 0.514286 0.517083 0.521174 0.526609 0.533456 0.541807 0.551774 0.563497 0.577150 0.592945 0.611142 0.632063 0.656103 0.683756 0.715644 0.752552 0.795495 0.845797 0.905217 0.909123 0.833504 0.771214 0.719198 0.675280 0.637865 0.605762 0.578061 0.554059 0.533204 0.515057 0.499269 0.485555 0.473684 0.463470 0.454760 0.447429 0.441377 0.436524 0.432808 0.430183 0.428615 0.428086 0.428590 0.430133 0.432733 0.436422 0.441247 0.447269 0.454569 0.463245 0.473421 0.485250 0.498917 0.514653 0.532739 0.553524 0.577445 0.605050 0.637039 0.674314 0.718059 0.769858 0.831871 0.907126 638.000000 1.231005 0.594936
0.835779 0.888214 0.950111 1.000000 0.950058 0.906949 0.869585 0.837116 0.808862 0.784281 0.762934 0.744464 0.728580 0.715047 0.703672 0.694300 0.686807 0.681097 0.677099 0.674763 0.674062 0.674987 0.677549 0.681780 0.687730 0.695476 0.705116 0.716778 0.730622 0.746847 0.765694 0.778648 0.748493 0.722262 0.699435 0.679594 0.662400 0.647575 0.634896 0.624178 0.615274 0.608065 0.602457 0.598380 0.595783 0.594636 0.594923 0.596648 0.599833 0.604516 0.610756 0.618632 0.628247 0.639731 0.653245 0.668990 0.687208 0.708201 0.732336 0.760070 0.791970 0.828750 0.871313 0.877431 0.845740 0.818161 0.794176 0.773368 0.755395 0.739981 0.726900 0.715968 0.707038 0.699993 0.694745 0.691228 0.689399 0.689235 0.690735 0.693917 0.698820 0.705504 0.714054 0.724581 0.737226 0.752164 0.769612 0.789837 0.813165 0.839999 0.870833 0.906285 0.869846 0.820127 0.777556 0.740883 0.709145 0.681590 0.657620 0.636762 0.618630 0.602914 0.589362 0.577767 0.567961 0.559809 0.553201 0.548053 0.544298 0.541891 0.540803 0.541019 0.542543 0.545394 0.549605 0.555231 0.562341 0.571029 0.581413 0.593638 0.607884 0.624371 0.643371 0.665217 0.690319 0.719191 0.752476 0.790989 4658.500000 1.259688 0.761515
0.683941 0.671800 0.661649 0.653351 0.646797 0.641904 0.638612 0.636880 0.636687 0.638030 0.640927 0.645412 0.651540 0.659391 0.669064 0.680689 0.694428 0.710480 0.729089 0.750557 0.775251 0.803627 0.836251 0.873830 0.917259 0.967683 1.000000 0.922528 0.858116 0.803921 0.757883 0.718469 0.684519 0.655141 0.629634 0.607448 0.588141 0.571357 0.556809 0.544262 0.533525 0.524442 0.516888 0.510761 0.505983 0.502492 0.500246 0.499218 0.499394 0.500778 0.503385 0.507247 0.512414 0.518950 0.526940 0.536493 0.547743 0.560855 0.576032 0.593522 0.613633 0.636742 0.663320 0.693958 0.729406 0.770626 0.818876 0.875822 0.921978 0.880876 0.845231 0.814244 0.787279 0.763823 0.743464 0.725866 0.710753 0.697905 0.687138 0.678308 0.671299 0.666021 0.662409 0.660419 0.660025 0.661224 0.664030 0.668477 0.674621 0.682537 0.692330 0.704129 0.718096 0.734434 0.753391 0.775268 0.800441 0.829368 0.791823 0.758756 0.730027 0.705032 0.683283 0.664388 0.648030 0.633948 0.621931 0.611808 0.603440 0.596716 0.591549 0.587876 0.585649 0.584843 0.585448 0.587471 0.590936 0.595887 0.602384 0.610512 0.620377 0.632115 0.645890 0.661910 0.680426 0.701746 0.714913 0.698242 4141.000000 1.286809 0.741143
0.626082 0.615415 0.606543 0.599346 0.593732 0.589629 0.586986 0.585772 0.585972 0.587589 0.590641 0.595166 0.601220 0.608881 0.618248 0.629448 0.642639 0.658012 0.675808 0.696317 0.719898 0.746995 0.778160 0.814084 0.855648 0.874154 0.842913 0.815726 0.792086 0.771584 0.753887 0.738723 0.725872 0.715153 0.706423 0.699569 0.694504 0.691165 0.689511 0.689521 0.691198 0.694559 0.699647 0.706525 0.715280 0.726025 0.738906 0.754101 0.771833 0.792373 0.816057 0.843294 0.874591 0.910580 0.952049 1.000000 0.957775 0.901568 0.853535 0.812218 0.776502 0.745514 0.718569 0.695121 0.674728 0.657036 0.641754 0.628647 0.617523 0.608225 0.600628 0.594634 0.590166 0.587169 0.585606 0.585457 0.586722 0.589415 0.593570 0.599237 0.606489 0.615420 0.626148 0.630465 0.626784 0.624642 0.624012 0.624888 0.627280 0.631216 0.636746 0.643938 0.652886 0.663707 0.676551 0.691600 0.709081 0.729272 0.752511 0.779220 0.809917 0.845252 0.886043 0.933333 0.988471 0.963396 0.930859 0.902552 0.877967 0.856696 0.838403 0.822816 0.809713 0.798915 0.790280 0.783697 0.779085 0.776386 0.775568 0.776620 0.779556 0.768883 0.738934 0.712883 0.690213 0.670506 0.653423 0.638690 10974.500000 1.308673 0.786989
0.636250 0.660943 0.689357 0.722142 0.760124 0.795765 0.777312 0.761488 0.748063 0.736846 0.727689 0.720470 0.715099 0.711509 0.709656 0.709518 0.711092 0.714398 0.719477 0.726390 0.735227 0.746100 0.759156 0.774576 0.792585 0.813458 0.837532 0.865222 0.897041 0.896323 0.843468 0.798315 0.759488 0.725930 0.696819 0.671509 0.649483 0.630326 0.613703 0.599341 0.587018 0.576552 0.567797 0.560634 0.554970 0.550732 0.547869 0.546345 0.546141 0.547255 0.549701 0.553509 0.558724 0.565414 0.573665 0.583588 0.595318 0.609028 0.624924 0.643264 0.664362 0.688606 0.716478 0.748581 0.782207 0.757564 0.736145 0.717585 0.701587 0.687908 0.676350 0.666754 0.658992 0.652963 0.648592 0.645825 0.644628 0.644985 0.646903 0.650404 0.655530 0.662346 0.670939 0.681421 0.693934 0.708655 0.725799 0.745635 0.768489 0.794763 0.824955 0.859684 0.899729 0.946077 1.000000 0.926281 0.863482 0.810487 0.765357 0.726647 0.693253 0.664324 0.639191 0.617324 0.598296 0.581766 0.567456 0.555137 0.544627 0.535773 0.528456 0.522578 0.518063 0.514855 0.512915 0.512219 0.512759 0.514540 0.517585 0.521932 0.527633 0.534763 0.543416 0.553709 0.565789 0.579836 0.596070 0.614764 1501.000000 1.381060 0.753288
0.732646 0.711541 0.693241 0.677451 0.663927 0.652474 0.642932 0.635173 0.629097 0.624626 0.621705 0.620300 0.620391 0.621982 0.625090 0.629754 0.636033 0.644004 0.653773 0.665471 0.679262 0.689252 0.687686 0.687780 0.689535 0.692973 0.698136 0.705088 0.713916 0.724737 0.737695 0.752972 0.770792 0.791428 0.815217 0.842574 0.874009 0.910158 0.951818 1.000000 0.991029 0.946589 0.908057 0.874564 0.845418 0.820064 0.798053 0.779020 0.762668 0.748756 0.737086 0.727499 0.719871 0.714104 0.710126 0.707887 0.707361 0.708542 0.711444 0.716101 0.722573 0.730939 0.723857 0.699792 0.678858 0.660686 0.644974 0.631479 0.619999 0.610374 0.602472 0.596190 0.591448 0.588187 0.586366 0.585964 0.586975 0.589412 0.593305 0.598701 0.605669 0.614299 0.624705 0.637030 0.651453 0.668190 0.687511 0.709743 0.735291 0.764658 0.798472 0.837526 0.862338 0.852807 0.845499 0.840323 0.837214 0.836135 0.837073 0.840039 0.845069 0.852225 0.861596 0.873304 0.887501 0.904383 0.887813 0.856051 0.828409 0.804374 0.783529 0.765534 0.750114 0.737043 0.726140 0.717257 0.710279 0.705118 0.701710 0.700013 0.700006 0.701690 0.705085 0.710232 0.717195 0.726062 0.736949 0.750002 17196.000000 1.395369 0.850636
0.618245 0.676875 0.749786 0.842575 0.848148 0.795214 0.750201 0.711633 0.678392 0.649612 0.624618 0.602875 0.583954 0.567511 0.553264 0.540987 0.530493 0.521631 0.514278 0.508338 0.503733 0.500406 0.498314 0.497434 0.497754 0.499277 0.502023 0.506026 0.511334 0.518016 0.526160 0.535875 0.547299 0.560600 0.575987 0.593712 0.614090 0.637506 0.602813 0.568783 0.539620 0.514480 0.492713 0.473808 0.457362 0.443050 0.430613 0.419838 0.410555 0.402622 0.395926 0.390374 0.385892 0.382423 0.379923 0.378361 0.377718 0.377986 0.379169 0.381280 0.384346 0.388405 0.393509 0.399725 0.407137 0.415849 0.425992 0.437722 0.451235 0.466768 0.484618 0.505154 0.528836 0.556255 0.588167 0.625562 0.669758 0.722547 0.786425 0.864980 0.963548 1.000000 0.869277 0.770421 0.693253 0.631519 0.581167 0.539454 0.504463 0.474808 0.449469 0.427676 0.408837 0.392494 0.378284 0.365917 0.355162 0.345830 0.337769 0.330855 0.324984 0.320077 0.316065 0.312897 0.310533 0.308942 0.308107 0.308016 0.308668 0.310072 0.312244 0.315212 0.319012 0.323695 0.329322 0.335972 0.343742 0.352749 0.363139 0.375091 0.388825 0.404615 0.422804 0.443824 0.468230 0.496743 0.530315 0.570226 11852.000000 1.784760 0.534572
0.699472 0.684412 0.671572 0.660767 0.651849 0.644702 0.639232 0.635373 0.633076 0.632313 0.633075 0.635372 0.639231 0.644700 0.651847 0.660764 0.671569 0.684409 0.699467 0.716969 0.737192 0.760473 0.787231 0.817983 0.853375 0.894220 0.941553 0.990248 0.948929 0.913032 0.881798 0.854622 0.831012 0.810572 0.792978 0.777966 0.765322 0.754871 0.746476 0.740029 0.735448 0.732678 0.731686 0.732458 0.735004 0.739355 0.745565 0.753712 0.763899 0.776260 0.790966 0.808224 0.828292 0.851485 0.864569 0.842456 0.823380 0.807050 0.793229 0.781725 0.772384 0.765084 0.759735 0.756269 0.754645 0.754842 0.756863 0.760732 0.766497 0.774230 0.784028 0.796020 0.810366 0.827269 0.830838 0.801038 0.775104 0.752554 0.732994 0.716107 0.701632 0.689359 0.679116 0.670765 0.664197 0.659330 0.656103 0.654476 0.654431 0.655965 0.659098 0.663868 0.670334 0.678578 0.688708 0.700858 0.715199 0.731939 0.751335 0.773701 0.799425 0.828984 0.862972 0.902132 0.947405 1.000000 0.986749 0.952928 0.923500 0.897934 0.875798 0.856741 0.840478 0.826775 0.815445 0.806338 0.799336 0.794352 0.791324 0.790216 0.791014 0.793727 0.798389 0.805057 0.787239 0.760480 0.737198 0.716975 7781.500000 1.188196 0.827490
0.883771 0.949591 0.914723 0.853562 0.801879 0.757818 0.719992 0.687339 0.659038 0.634444 0.613043 0.594424 0.578254 0.564265 0.552235 0.541986 0.533372 0.526275 0.520603 0.516282 0.513258 0.511495 0.510970 0.511678 0.513627 0.516841 0.521360 0.527239 0.534555 0.543404 0.553908 0.566217 0.580516 0.597032 0.616042 0.637890 0.663001 0.691904 0.725270 0.763950 0.809047 0.862010 0.924777 1.000000 0.982027 0.904750 0.840625 0.786758 0.741056 0.701971 0.668332 0.639238 0.613990 0.592032 0.572923 0.556308 0.541897 0.529458 0.518799 0.509764 0.502228 0.496089 0.491268 0.487703 0.485350 0.484180 0.484180 0.485349 0.487702 0.491267 0.496088 0.502226 0.509762 0.518796 0.529455 0.541894 0.556304 0.572919 0.592027 0.613984 0.639232 0.668324 0.701962 0.741046 0.786745 0.840610 0.904733 0.982007 0.982277 0.911076 0.851413 0.800894 0.757757 0.720678 0.688639 0.660852 0.636695 0.615673 0.597388 0.581518 0.567802 0.556026 0.546018 0.537636 0.530767 0.525321 0.521228 0.518438 0.516916 0.516644 0.517619 0.519852 0.523371 0.528219 0.534457 0.542166 0.551449 0.562434 0.575279 0.590180 0.607375 0.627158 0.649893 0.676027 0.706123 0.740892 0.781242 0.828351 5974.500000 1.085523 0.603066
0.889363 0.858309 0.831285 0.807798 0.787447 0.769905 0.754907 0.742235 0.731716 0.723209 0.716604 0.711817 0.708790 0.707487 0.707890 0.710005 0.713857 0.719495 0.713778 0.686943 0.663594 0.643278 0.625632 0.610359 0.597218 0.586014 0.576585 0.568804 0.562567 0.557795 0.554428 0.552423 0.551758 0.552423 0.554428 0.557795 0.562567 0.568804 0.576585 0.584440 0.585269 0.587517 0.591213 0.596402 0.603148 0.611539 0.621686 0.633727 0.647835 0.664223 0.683149 0.704934 0.729971 0.758746 0.791869 0.830108 0.815468 0.798260 0.783612 0.771316 0.761206 0.753148 0.747040 0.742805 0.740392 0.739770 0.740933 0.743895 0.748691 0.755382 0.764050 0.774808 0.787798 0.803198 0.821231 0.842168 0.819262 0.791163 0.766713 0.745471 0.727079 0.711245 0.697731 0.686343 0.676926 0.669355 0.663531 0.659383 0.656860 0.655929 0.656581 0.658823 0.634952 0.613790 0.595380 0.579399 0.565579 0.553707 0.543605 0.535131 0.528171 0.522632 0.518444 0.515554 0.513928 0.513546 0.514402 0.516508 0.520798 0.526690 0.534019 0.542881 0.553398 0.565720 0.580033 0.596563 0.615589 0.637455 0.662587 0.691516 0.724913 0.763632 0.808779 0.861807 0.924660 1.000000 0.966168 0.925060 1350.000000 1.258579 0.811745
0.885362 0.961907 0.941548 0.875430 0.819834 0.772628 0.732230 0.697443 0.667347 0.641221 0.618498 0.598723 0.581531 0.566626 0.553766 0.542756 0.533435 0.525674 0.519369 0.514438 0.510818 0.508466 0.507351 0.507462 0.508798 0.511377 0.515230 0.520404 0.526966 0.535001 0.544616 0.555948 0.569161 0.584460 0.602095 0.622374 0.645675 0.672472 0.703358 0.739083 0.780613 0.829205 0.886525 0.925298 0.859540 0.804318 0.757477 0.717425 0.682959 0.653154 0.627289 0.604796 0.585222 0.568201 0.553438 0.540692 0.529767 0.520504 0.512774 0.506472 0.501517 0.497845 0.495412 0.494187 0.494156 0.495317 0.497687 0.501292 0.506178 0.512407 0.520060 0.529239 0.540073 0.552718 0.567370 0.584265 0.603697 0.626025 0.651699 0.681280 0.715481 0.755211 0.801659 0.856392 0.921530 1.000000 0.944661 0.871148 0.810061 0.758688 0.715062 0.677724 0.645570 0.617750 0.593600 0.572594 0.554314 0.538422 0.524644 0.512758 0.502583 0.493971 0.486802 0.480980 0.476430 0.473095 0.470932 0.469916 0.470034 0.471288 0.473693 0.477278 0.482089 0.488185 0.495646 0.504574 0.515093 0.527358 0.541557 0.557923 0.576742 0.598366 0.623236 0.651900 0.685059 0.723608 0.768717 0.821935 7309.500000 1.095381 0.602714
0.681105 0.672837 0.666352 0.661571 0.658432 0.656898 0.656950 0.658589 0.661834 0.666726 0.673325 0.681714 0.692003 0.704331 0.718868 0.735829 0.754741 0.742621 0.732622 0.724611 0.718486 0.714169 0.711608 0.710771 0.711649 0.714251 0.718611 0.724781 0.732838 0.742886 0.755058 0.769520 0.786479 0.806188 0.828959 0.855173 0.885302 0.886673 0.859967 0.836778 0.816724 0.799489 0.784818 0.772504 0.762378 0.754308 0.748190 0.743949 0.741532 0.740909 0.742074 0.745041 0.749844 0.751210 0.744402 0.739481 0.736387 0.735083 0.735552 0.737800 0.741855 0.747766 0.755606 0.765477 0.777507 0.791859 0.808735 0.828386 0.844824 0.824539 0.807104 0.792261 0.779798 0.769547 0.761371 0.755168 0.750860 0.748393 0.747737 0.748886 0.751852 0.756671 0.737868 0.718451 0.701678 0.687288 0.675070 0.664852 0.656497 0.649895 0.644964 0.641641 0.639885 0.639676 0.641011 0.643854 0.648201 0.654195 0.661909 0.671445 0.682929 0.696519 0.712413 0.730851 0.752128 0.776609 0.804740 0.837079 0.874320 0.917342 0.967268 1.000000 0.962390 0.929666 0.901193 0.876461 0.855056 0.836638 0.820933 0.807717 0.796809 0.788065 0.776531 0.754092 0.734634 0.717840 0.703454 0.691265 4822.000000 1.167800 0.867405
0.827280 0.811327 0.797863 0.786703 0.777698 0.770733 0.765720 0.762597 0.761326 0.761892 0.764301 0.768583 0.774791 0.783001 0.793318 0.805879 0.820853 0.838452 0.858936 0.882627 0.909915 0.941285 0.977333 1.000000 0.967797 0.939797 0.915515 0.894558 0.876602 0.861388 0.848702 0.838375 0.830273 0.824292 0.820359 0.818426 0.818469 0.820489 0.824510 0.830581 0.838779 0.849205 0.861997 0.877326 0.895407 0.916503 0.940938 0.935528 0.910657 0.889162 0.870706 0.855020 0.841881 0.831111 0.822570 0.816149 0.811768 0.809374 0.808936 0.810450 0.813935 0.819432 0.827010 0.836763 0.848819 0.863338 0.875594 0.855797 0.838853 0.824514 0.812581 0.802896 0.795332 0.789795 0.786215 0.784549 0.784776 0.786900 0.790946 0.796964 0.805028 0.815242 0.827737 0.842683 0.860290 0.880815 0.904576 0.931961 0.931236 0.912967 0.897522 0.884687 0.874290 0.866198 0.860307 0.856545 0.854867 0.855252 0.857704 0.862253 0.868956 0.877895 0.889184 0.902971 0.919442 0.938829 0.917876 0.896715 0.878577 0.863196 0.850358 0.839890 0.831656 0.825551 0.821499 0.819452 0.819384 0.821295 0.825207 0.831168 0.839253 0.849563 0.862233 0.877432 0.895372 0.892645 0.867625 0.845952 15262.500000 1.090297 0.897795
1.000000 0.918119 0.850526 0.793985 0.746178 0.705405 0.670387 0.640151 0.613940 0.591159 0.571336 0.554090 0.539116 0.526164 0.515031 0.505553 0.497594 0.491046 0.485824 0.481860 0.479105 0.477525 0.477102 0.477829 0.479716 0.482786 0.487076 0.492640 0.499550 0.507898 0.517799 0.529393 0.542857 0.558404 0.576297 0.596859 0.620494 0.647702 0.679117 0.715546 0.758035 0.797895 0.783326 0.771105 0.761064 0.753072 0.747027 0.742854 0.740501 0.739940 0.741164 0.744188 0.749049 0.755806 0.764545 0.775378 0.788449 0.803939 0.822069 0.809086 0.769195 0.734740 0.704865 0.678896 0.656298 0.636639 0.619574 0.604818 0.592142 0.581359 0.572315 0.564888 0.558981 0.554519 0.551445 0.549722 0.549328 0.550261 0.552529 0.556162 0.561204 0.567718 0.575789 0.585523 0.597056 0.610552 0.626216 0.644297 0.665105 0.689016 0.716501 0.748146 0.784695 0.772889 0.740901 0.713105 0.688919 0.667876 0.649599 0.633782 0.620176 0.608576 0.598819 0.590770 0.584324 0.579398 0.575930 0.573878 0.573216 0.573937 0.576049 0.579578 0.584567 0.591080 0.599199 0.609032 0.620713 0.634410 0.650326 0.668714 0.689883 0.714212 0.742174 0.774356 0.811498 0.854546 0.904718 0.963616 901.500000 1.350885 0.729266
