30
1000 1000
5 15 0 45 -10 56 23 46 48 21 28
4 50 54 73 80 56 108 28 81
8 27 47 78 5 115 45 185 103 121 158 66 166 25 179 3 102
4 16 -4 31 14 17 30 -1 18
6 -13 35 17 16 60 -8 66 47 43 66 10 62
4 145 117 197 167 128 217 73 182
3 40 45 92 71 36 91
4 -14 31 64 -6 105 51 61 101
7 -20 31 19 6 58 22 81 56 52 89 23 97 -16 93
8 14 22 42 19 64 28 88 58 62 62 46 94 33 67 8 50
3 14 -10 143 43 5 78
6 24 20 33 12 51 2 66 22 53 42 26 44
4 57 28 107 52 61 77 27 55
4 62 0 126 56 74 94 14 60
6 -1 26 4 -3 29 10 48 30 39 53 6 47
6 75 52 91 51 108 77 99 93 69 99 51 77
7 20 43 42 -38 114 -12 160 76 131 127 36 133 -31 107
3 67 31 269 136 79 234
3 5 -7 38 13 0 33
7 38 48 52 31 98 27 100 58 83 100 58 99 22 74
8 20 24 33 -1 52 11 63 41 53 57 25 60 9 51 5 39
3 88 31 170 65 65 132
4 -6 32 44 -22 115 27 46 96
7 58 27 92 18 128 12 131 61 120 84 94 88 54 73
6 133 102 180 110 214 140 180 192 127 205 99 154
4 14 1 34 22 20 41 -5 22
8 -3 14 -3 4 9 -5 19 4 18 15 21 29 9 31 -3 25
7 195 146 236 124 269 136 285 183 285 231 239 235 178 207
4 1 35 30 15 58 33 27 58
6 24 -1 57 1 67 17 53 49 35 38 17 24
