50
1000 1000
5 197 225 257 219 310 266 252 294 197 284
4 6 43 31 32 53 47 29 61
8 8 23 19 16 28 11 44 10 40 23 35 31 23 42 14 38
6 9 6 25 7 36 22 27 39 15 29 -1 21
7 18 39 30 35 41 31 54 46 40 55 28 69 9 54
5 21 9 65 7 108 29 64 59 28 59
8 50 81 101 40 136 44 189 38 229 100 207 147 132 150 98 124
8 5 41 11 13 26 22 45 19 59 39 46 61 26 73 2 66
3 231 93 341 160 222 227
6 12 21 32 32 51 43 33 64 9 64 -7 47
7 2 27 22 21 32 24 39 34 35 48 17 52 7 42
5 10 14 23 3 37 22 24 35 11 32
3 75 17 106 30 72 54
4 8 125 80 89 112 135 74 179
8 38 18 61 14 72 32 75 38 84 61 64 61 45 61 44 41
7 8 18 35 3 71 14 82 37 77 72 32 71 15 61
8 151 134 166 119 209 102 215 161 228 201 165 225 113 202 109 167
8 -22 33 15 24 35 -2 55 5 54 37 55 60 34 69 -1 85
5 11 4 27 -3 38 15 27 28 2 25
7 14 18 25 12 37 8 35 23 35 40 17 42 7 31
3 120 158 220 222 128 283
3 24 20 56 48 32 61
5 -6 4 24 -1 35 14 35 43 5 33
6 69 199 87 168 126 170 173 193 157 251 78 260
4 71 86 106 44 169 86 114 143
6 56 8 94 7 115 43 108 91 70 71 37 51
6 24 26 48 29 80 53 44 70 20 73 -8 52
4 56 23 88 64 62 110 16 72
7 40 24 48 7 85 -10 87 26 78 55 45 74 27 39
5 96 143 154 136 238 184 187 299 86 233
4 69 52 152 115 55 167 -37 126
3 139 122 321 194 135 289
3 17 7 57 24 20 45
7 1 6 15 -5 31 -5 35 9 28 22 17 30 1 18
4 49 9 76 29 49 40 27 29
5 28 18 102 -14 138 53 81 93 20 90
6 21 10 61 1 82 38 52 56 21 63 22 37
5 1 8 25 16 33 27 25 52 5 37
3 90 52 186 146 116 221
7 26 46 76 35 115 31 128 81 122 112 79 141 39 104
6 -14 20 8 3 21 8 33 23 26 37 9 37
3 20 12 129 60 43 96
6 10 -2 22 -10 31 10 23 23 9 18 -6 8
8 27 -3 54 -8 112 5 97 41 80 59 58 65 23 79 4 45
4 61 62 109 36 158 73 97 122
4 35 118 63 61 110 121 68 176
6 25 31 53 26 64 48 55 68 28 77 18 52
5 31 22 87 -3 171 44 96 121 33 100
7 0 38 17 23 31 29 47 47 35 67 12 69 -1 59
6 1 48 11 31 28 40 35 52 28 62 10 67
