50
1000 1000
3 27 10 85 54 34 77
4 57 -26 153 53 52 146 -22 62
3 136 225 298 308 152 361
8 15 2 32 -5 40 5 49 15 37 20 25 32 19 23 17 14
6 -49 28 -3 -26 68 -15 156 55 85 90 8 115
8 15 36 34 28 42 35 53 51 43 69 31 74 9 68 3 54
3 38 60 84 73 30 93
3 14 63 90 107 24 125
6 134 65 172 69 197 103 169 120 138 124 118 103
3 91 61 216 134 100 180
7 83 109 113 91 141 104 161 123 146 162 112 172 75 144
4 241 239 315 167 445 243 326 329
7 13 56 36 48 51 64 73 75 57 93 36 87 22 86
5 16 21 29 9 40 25 27 47 16 32
7 -1 60 33 49 60 47 79 72 59 110 31 110 -2 93
7 21 34 54 -45 99 1 182 63 113 105 55 106 -4 98
4 26 -5 44 20 28 39 -2 20
5 17 43 121 19 142 90 149 194 25 149
6 18 62 49 44 92 21 119 66 86 112 45 118
6 31 67 56 43 96 32 144 72 108 119 47 147
5 -7 11 13 6 25 19 15 36 -4 28
7 26 45 55 31 77 41 84 57 85 83 55 77 43 69
6 28 40 49 16 79 15 118 36 89 77 30 91
6 36 32 41 20 54 17 57 34 56 48 38 50
6 114 32 176 48 210 85 176 110 120 120 77 81
6 -1 9 6 -5 29 -9 43 14 29 33 13 20
6 32 64 40 54 56 52 69 65 53 79 30 85
3 27 -6 70 20 23 47
8 9 27 3 5 32 -10 66 -4 55 28 59 63 32 59 -2 53
4 33 19 50 50 30 73 -4 47
5 18 31 47 20 62 41 45 58 21 49
5 179 189 232 171 287 203 223 281 169 235
4 41 -8 62 20 33 51 13 22
4 52 0 101 70 60 124 -1 71
7 -17 29 19 8 75 14 90 60 78 97 18 98 -8 78
6 94 56 143 43 188 84 148 140 95 126 72 96
7 10 11 20 0 33 3 44 13 33 26 24 41 5 28
3 37 -1 140 55 20 119
3 22 14 145 55 17 121
5 71 43 109 43 136 68 111 105 74 92
7 30 88 68 68 98 75 123 113 84 141 49 164 31 143
6 82 125 205 112 227 203 180 249 125 251 34 197
3 23 5 89 35 30 67
4 124 82 162 54 188 89 161 133
3 140 73 220 119 149 178
5 10 20 33 12 62 34 33 63 3 54
7 70 61 110 47 152 60 179 94 144 132 93 147 60 109
4 -10 21 9 8 31 22 10 35
6 -2 56 16 38 38 35 52 63 32 74 16 78
3 43 -7 91 29 38 57
