0.845130 0.869891 0.898376 0.931109 0.968739 1.000000 0.961865 0.928687 0.899816 0.874731 0.853005 0.834294 0.818314 0.804838 0.793680 0.776890 0.747132 0.721243 0.698714 0.679137 0.662179 0.647569 0.635087 0.624553 0.615823 0.608779 0.603332 0.599412 0.596972 0.595982 0.596430 0.586769 0.578510 0.571839 0.566670 0.562938 0.560596 0.559616 0.559986 0.561710 0.564811 0.569324 0.575308 0.582838 0.592012 0.602956 0.615824 0.630805 0.648135 0.668098 0.691047 0.717419 0.747757 0.782743 0.823244 0.870376 0.916659 0.899462 0.884990 0.873047 0.863474 0.856149 0.850981 0.847904 0.846883 0.847904 0.850981 0.856149 0.863474 0.873047 0.884990 0.891655 0.857032 0.826914 0.800705 0.777923 0.758177 0.741151 0.726584 0.714266 0.704027 0.695729 0.689266 0.684556 0.681541 0.680184 0.680468 0.682396 0.685994 0.691303 0.698391 0.699630 0.679732 0.662486 0.647615 0.634893 0.624136 0.615195 0.607950 0.602308 0.598198 0.595568 0.594387 0.594640 0.596331 0.599480 0.604125 0.610325 0.618158 0.627726 0.639160 0.652619 0.668301 0.686450 0.707365 0.731411 0.741264 0.739175 0.738874 0.740355 0.743637 0.748761 0.755788 0.764809 0.775940 0.789329 0.805163 0.823669 7600.000000 1.487605 0.852430
0.640418 0.611495 0.586423 0.564632 0.545671 0.529175 0.514851 0.502461 0.491810 0.482740 0.475123 0.468854 0.463851 0.460050 0.457405 0.455881 0.455461 0.456140 0.457926 0.460840 0.464919 0.470213 0.476792 0.484741 0.494171 0.505216 0.518043 0.532855 0.549903 0.569494 0.592013 0.617936 0.647864 0.682568 0.723040 0.770588 0.826963 0.894561 0.976758 1.000000 0.886456 0.797793 0.726845 0.668965 0.621010 0.580775 0.546674 0.517533 0.492468 0.470800 0.452002 0.435656 0.421431 0.409060 0.398327 0.389056 0.381104 0.374355 0.368713 0.364102 0.360464 0.357750 0.355928 0.354976 0.354881 0.355643 0.357271 0.359784 0.363214 0.367605 0.373012 0.379509 0.387185 0.396153 0.406548 0.418539 0.432332 0.448181 0.466404 0.487395 0.511655 0.539825 0.572738 0.611494 0.657574 0.713024 0.780740 0.864970 0.972198 0.925288 0.859187 0.803707 0.756670 0.716465 0.681877 0.651973 0.626026 0.603464 0.583829 0.566754 0.551941 0.539148 0.528179 0.518872 0.511098 0.504751 0.499748 0.496028 0.493542 0.492262 0.492170 0.493267 0.495565 0.499092 0.503893 0.510028 0.517576 0.526639 0.537342 0.549841 0.564328 0.581037 0.600255 0.622338 0.647729 0.676980 0.710790 0.673917 6881.500000 1.558252 0.561067
0.885432 0.796138 0.724791 0.666654 0.618530 0.578185 0.544012 0.514823 0.489727 0.468040 0.449228 0.432872 0.418638 0.406259 0.395516 0.386233 0.378266 0.371498 0.365834 0.361197 0.357526 0.354776 0.352911 0.351909 0.351758 0.352456 0.354010 0.356442 0.359779 0.364065 0.369355 0.375720 0.383247 0.392045 0.402249 0.414023 0.427567 0.443131 0.461024 0.481632 0.505442 0.533081 0.565358 0.603342 0.648473 0.702731 0.768920 0.799158 0.756532 0.719869 0.688176 0.660681 0.636774 0.615969 0.597875 0.582176 0.568615 0.556983 0.547109 0.538854 0.532108 0.526782 0.522808 0.520138 0.518738 0.518592 0.519697 0.522067 0.525732 0.530736 0.537142 0.545034 0.554518 0.565724 0.578816 0.593992 0.611499 0.631638 0.654778 0.681383 0.712030 0.738596 0.682421 0.635610 0.596153 0.562584 0.533812 0.509006 0.487526 0.468868 0.452637 0.438513 0.426239 0.415608 0.406449 0.398625 0.392023 0.386553 0.382141 0.378730 0.376278 0.374755 0.374142 0.374432 0.375627 0.377743 0.380806 0.384853 0.389937 0.396124 0.403499 0.412164 0.422250 0.433914 0.447348 0.462791 0.480538 0.500955 0.524504 0.551770 0.583510 0.620711 0.664689 0.717233 0.780840 0.859097 0.957352 1.000000 6546.000000 1.564596 0.562756
0.618861 0.634370 0.652287 0.672915 0.696622 0.723869 0.755227 0.778194 0.778935 0.781562 0.786107 0.792626 0.801201 0.811940 0.824986 0.840515 0.858749 0.879958 0.867091 0.851013 0.837502 0.826373 0.817480 0.810708 0.805973 0.803217 0.802406 0.803531 0.806604 0.811665 0.809239 0.803818 0.800385 0.798897 0.799337 0.801710 0.806045 0.812394 0.820838 0.831483 0.844468 0.859971 0.878209 0.899450 0.879448 0.820204 0.770177 0.727554 0.690978 0.659416 0.632068 0.608305 0.587628 0.569638 0.554012 0.540488 0.528852 0.518930 0.510581 0.503690 0.498167 0.493941 0.494526 0.498205 0.503161 0.509456 0.517172 0.526413 0.537309 0.550018 0.564736 0.581704 0.601216 0.623636 0.649420 0.679133 0.713497 0.753437 0.800154 0.855245 0.920864 1.000000 0.986237 0.961678 0.940524 0.922454 0.907210 0.894581 0.884401 0.876538 0.870892 0.867396 0.866005 0.866703 0.869499 0.874426 0.881546 0.890946 0.902747 0.876788 0.832620 0.794510 0.761491 0.732802 0.707839 0.686119 0.667253 0.650922 0.636869 0.624884 0.614795 0.605222 0.593887 0.584351 0.576483 0.570179 0.565359 0.561962 0.559947 0.559289 0.559979 0.562027 0.565457 0.570312 0.576652 0.584559 0.594137 0.605517 1237.500000 1.366668 0.796573
0.892277 0.866919 0.844941 0.825991 0.809780 0.796074 0.784684 0.775456 0.768273 0.763042 0.759700 0.758206 0.758542 0.760711 0.764740 0.752093 0.741122 0.732206 0.725228 0.720100 0.716758 0.715163 0.715294 0.717153 0.720762 0.726167 0.733433 0.742653 0.753948 0.767469 0.783405 0.801991 0.823511 0.848319 0.839455 0.818488 0.800425 0.784991 0.771966 0.761170 0.752459 0.745722 0.740874 0.737854 0.736626 0.737175 0.739507 0.743652 0.749660 0.757294 0.743062 0.731084 0.721195 0.713266 0.707194 0.702904 0.700342 0.699479 0.700302 0.702822 0.707071 0.713099 0.720983 0.730823 0.742750 0.756926 0.773554 0.792881 0.803348 0.805810 0.810245 0.816707 0.825277 0.836065 0.849211 0.864895 0.883336 0.904808 0.929646 0.958260 0.991154 0.957781 0.915268 0.878394 0.846337 0.818439 0.794174 0.773115 0.754916 0.739294 0.726019 0.714904 0.705799 0.698585 0.693170 0.689487 0.675182 0.662057 0.650971 0.641771 0.634334 0.628564 0.624389 0.621757 0.620636 0.621013 0.622891 0.626295 0.631264 0.637863 0.646173 0.656305 0.666300 0.676991 0.689720 0.704666 0.722053 0.742153 0.765300 0.791906 0.822482 0.857663 0.898249 0.945258 1.000000 0.993514 0.954975 0.921451 3500.000000 1.122895 0.851911
0.883240 0.863104 0.845859 0.831252 0.819081 0.809183 0.801428 0.795720 0.791986 0.790183 0.790287 0.792300 0.796246 0.802175 0.810158 0.819712 0.801487 0.785907 0.772747 0.761826 0.752997 0.746148 0.741192 0.738068 0.736737 0.737184 0.739414 0.743454 0.749353 0.757186 0.749897 0.743918 0.739801 0.737496 0.736976 0.738233 0.741284 0.746165 0.752937 0.761684 0.772520 0.785589 0.801071 0.819188 0.840215 0.864487 0.892416 0.924513 0.961406 0.995785 0.961404 0.931487 0.905491 0.882976 0.863584 0.847022 0.833052 0.821483 0.812160 0.804964 0.799804 0.796617 0.795364 0.796029 0.798621 0.803171 0.809736 0.818396 0.818581 0.800705 0.785444 0.772581 0.761939 0.753375 0.746782 0.742074 0.739196 0.738111 0.738806 0.741291 0.745594 0.750271 0.754196 0.760003 0.767764 0.777578 0.789572 0.803910 0.820792 0.840466 0.863237 0.889479 0.919651 0.954322 0.917430 0.884158 0.855204 0.830022 0.808172 0.789295 0.773100 0.759349 0.747849 0.738444 0.731012 0.725458 0.721714 0.719733 0.719492 0.720987 0.724237 0.729281 0.736181 0.745026 0.754539 0.765817 0.779344 0.795307 0.813939 0.835527 0.860421 0.889051 0.921949 0.959776 1.000000 0.964435 0.933484 0.906574 3293.500000 1.059498 0.867869
0.835931 0.777880 0.729010 0.687476 0.651906 0.621258 0.594731 0.571697 0.551661 0.534225 0.519069 0.505935 0.494611 0.484926 0.476739 0.469937 0.464430 0.460146 0.457031 0.455047 0.454170 0.454389 0.455706 0.458137 0.461714 0.466479 0.472493 0.479836 0.488606 0.498927 0.510951 0.524865 0.540897 0.559329 0.580509 0.604872 0.632960 0.665466 0.703277 0.747553 0.799834 0.862212 0.937592 1.000000 0.910781 0.838031 0.777779 0.727244 0.684423 0.647839 0.616376 0.589182 0.565591 0.545079 0.527229 0.511704 0.498233 0.486596 0.476611 0.468134 0.461044 0.455245 0.450663 0.447240 0.444931 0.443710 0.443561 0.444482 0.446486 0.449595 0.453849 0.459301 0.466023 0.474103 0.483654 0.494814 0.507754 0.522681 0.539853 0.559585 0.582270 0.608400 0.638596 0.673654 0.714606 0.762816 0.820120 0.889049 0.878509 0.822443 0.774858 0.734151 0.699107 0.668795 0.642485 0.619603 0.599690 0.582376 0.567362 0.554406 0.543307 0.533905 0.526069 0.519693 0.514695 0.511011 0.508597 0.507422 0.507472 0.508748 0.511265 0.515053 0.520161 0.526653 0.534613 0.544149 0.555393 0.568510 0.583702 0.601216 0.621357 0.644501 0.671114 0.701784 0.737253 0.778472 0.826684 0.883530 1498.500000 1.174154 0.598862
0.727196 0.741737 0.758738 0.761867 0.750712 0.741640 0.734533 0.729301 0.725879 0.724226 0.724321 0.726166 0.729783 0.735217 0.742534 0.751828 0.763219 0.776861 0.792944 0.811705 0.833431 0.858477 0.887279 0.920375 0.923282 0.897640 0.875436 0.856317 0.839996 0.826238 0.814855 0.805696 0.798644 0.793609 0.790529 0.789368 0.790111 0.792767 0.797368 0.784984 0.770409 0.758158 0.748064 0.739995 0.733847 0.729544 0.727032 0.726281 0.727282 0.730047 0.734609 0.741025 0.749375 0.759767 0.772338 0.787261 0.768493 0.746857 0.728111 0.711956 0.698148 0.686488 0.676814 0.668999 0.662941 0.658564 0.655814 0.654657 0.655080 0.657088 0.660704 0.665974 0.672962 0.681759 0.692479 0.705268 0.720306 0.737815 0.758068 0.781401 0.808224 0.839048 0.874506 0.915396 0.962730 1.000000 0.959190 0.923718 0.892850 0.865998 0.842684 0.822522 0.805197 0.790452 0.778078 0.767906 0.759804 0.753668 0.749421 0.747012 0.746410 0.747608 0.750622 0.755488 0.762265 0.771040 0.781924 0.795063 0.810637 0.810786 0.786776 0.765940 0.747934 0.732480 0.719349 0.708357 0.699355 0.692226 0.686879 0.683247 0.681286 0.680973 0.682302 0.685291 0.689975 0.696414 0.704687 0.714902 810.000000 1.204875 0.868179
0.616727 0.579187 0.547198 0.519744 0.496052 0.475521 0.457680 0.442157 0.428651 0.416920 0.406768 0.398034 0.390589 0.384327 0.379161 0.375023 0.371861 0.369635 0.368317 0.367892 0.368354 0.369710 0.371974 0.375176 0.379356 0.384566 0.390876 0.398373 0.407163 0.417378 0.429179 0.442764 0.458378 0.476323 0.496976 0.520813 0.548439 0.580638 0.618436 0.663207 0.716828 0.781932 0.862328 0.963737 1.000000 0.897754 0.816261 0.749989 0.695218 0.649361 0.610559 0.577445 0.548993 0.524417 0.503107 0.484583 0.468464 0.454441 0.442269 0.431744 0.422703 0.415013 0.408564 0.403269 0.399058 0.395879 0.393690 0.392466 0.392192 0.392863 0.394489 0.397089 0.400696 0.405353 0.411123 0.418081 0.426323 0.435968 0.447161 0.460083 0.474951 0.492038 0.511678 0.534292 0.560410 0.590710 0.626067 0.667637 0.716970 0.762197 0.724878 0.692634 0.664669 0.640358 0.619201 0.600799 0.584827 0.571022 0.559170 0.549096 0.540658 0.533742 0.528257 0.524134 0.521320 0.519782 0.519501 0.520473 0.522711 0.526241 0.531108 0.537372 0.545114 0.554438 0.565473 0.578377 0.593347 0.610622 0.630498 0.653339 0.679595 0.709831 0.744762 0.785297 0.832620 0.778934 0.714377 0.661172 2705.000000 1.489078 0.570982
0.940478 0.897520 0.860297 0.827954 0.799811 0.775325 0.754057 0.735649 0.719811 0.706306 0.694942 0.685564 0.678047 0.672295 0.668236 0.665821 0.665018 0.665821 0.668236 0.672295 0.678047 0.685564 0.694942 0.706306 0.719811 0.735649 0.754057 0.775325 0.799811 0.827954 0.860297 0.897520 0.940478 0.990261 0.983235 0.941473 0.905207 0.873657 0.846202 0.822342 0.801668 0.783850 0.768618 0.755754 0.745078 0.736448 0.729755 0.724913 0.721862 0.720565 0.721007 0.723192 0.727148 0.732923 0.740589 0.750243 0.762013 0.776057 0.792573 0.811806 0.834055 0.859688 0.889156 0.923018 0.904517 0.870752 0.841371 0.815810 0.793611 0.774405 0.757889 0.743817 0.731990 0.722245 0.714456 0.708521 0.704367 0.701942 0.701217 0.702184 0.704854 0.709260 0.715455 0.723518 0.733552 0.745690 0.760099 0.776984 0.796598 0.819254 0.845332 0.875303 0.909749 0.949399 0.975342 0.931867 0.894165 0.861389 0.832867 0.808058 0.786523 0.767909 0.751925 0.738335 0.726948 0.717609 0.710197 0.704616 0.700797 0.698694 0.698280 0.699551 0.702522 0.707230 0.713732 0.722111 0.732474 0.744960 0.759741 0.777030 0.797090 0.820241 0.846878 0.877488 0.912675 0.953195 1.000000 0.990261 1379.500000 1.043826 0.781126
0.845992 0.814077 0.786307 0.762146 0.741157 0.722988 0.707352 0.694015 0.682785 0.673510 0.666067 0.660360 0.656317 0.653890 0.653048 0.653781 0.656098 0.660027 0.665616 0.672937 0.682081 0.693170 0.706356 0.721826 0.739810 0.745174 0.726910 0.711192 0.697785 0.686497 0.677175 0.669693 0.663958 0.659896 0.657457 0.656613 0.657352 0.659684 0.663637 0.669260 0.676623 0.685820 0.696973 0.710234 0.725791 0.743878 0.764779 0.788843 0.816503 0.848290 0.884870 0.927082 0.932673 0.893867 0.860151 0.830815 0.805289 0.783116 0.763922 0.747404 0.733315 0.721452 0.711655 0.703793 0.697765 0.693496 0.690933 0.690046 0.690823 0.693273 0.697428 0.703337 0.711075 0.720740 0.732461 0.746397 0.762747 0.781755 0.793566 0.775786 0.760577 0.747719 0.737035 0.728382 0.721648 0.716748 0.713622 0.712232 0.712560 0.714611 0.718409 0.724002 0.731458 0.740873 0.752370 0.755830 0.734522 0.716060 0.700149 0.686547 0.675060 0.665527 0.657822 0.651846 0.647524 0.644802 0.643646 0.644044 0.645999 0.649536 0.654697 0.661548 0.670175 0.680692 0.693240 0.707998 0.725183 0.745062 0.767964 0.794293 0.824549 0.859353 0.899486 0.945943 1.000000 0.974264 0.925123 0.882725 620.500000 1.127717 0.822288
0.624982 0.654583 0.624453 0.595683 0.570762 0.549112 0.530275 0.513885 0.499645 0.487315 0.476700 0.467640 0.460006 0.453692 0.448616 0.444711 0.441929 0.440235 0.439610 0.440045 0.441545 0.444130 0.447830 0.452692 0.458778 0.466168 0.474964 0.485289 0.497298 0.511178 0.527163 0.545536 0.566650 0.590946 0.618976 0.651445 0.689262 0.733616 0.786095 0.848863 0.924946 1.000000 0.876927 0.782507 0.707982 0.647844 0.598451 0.557304 0.522629 0.493134 0.467858 0.446069 0.427202 0.410816 0.396561 0.384156 0.373376 0.364038 0.355992 0.349116 0.343313 0.338502 0.334619 0.331613 0.329448 0.328096 0.327541 0.327776 0.328804 0.330638 0.333299 0.336822 0.341251 0.346645 0.353075 0.360634 0.369434 0.379611 0.391333 0.404810 0.420296 0.438112 0.458658 0.482446 0.510133 0.542578 0.580925 0.626729 0.682158 0.750326 0.835868 0.945996 0.912739 0.843864 0.786415 0.737955 0.696701 0.661324 0.630813 0.604384 0.581426 0.561451 0.544070 0.528968 0.515892 0.504633 0.495022 0.486922 0.480220 0.474829 0.470679 0.467718 0.465909 0.465231 0.465675 0.467246 0.469964 0.473863 0.478990 0.485411 0.493211 0.502496 0.513398 0.526079 0.540739 0.557620 0.577024 0.599323 4410.500000 1.656086 0.548828
0.785378 0.824493 0.869914 0.909288 0.863877 0.824678 0.790704 0.761179 0.735489 0.713137 0.693726 0.676932 0.662489 0.650184 0.639841 0.631319 0.624505 0.619313 0.615678 0.613554 0.612917 0.613758 0.616088 0.619934 0.625345 0.632388 0.641154 0.651758 0.664346 0.679099 0.696237 0.716032 0.738817 0.765004 0.795101 0.829744 0.869734 0.916093 0.888674 0.851559 0.819315 0.791261 0.766850 0.745643 0.727283 0.711477 0.697990 0.686628 0.677236 0.669688 0.663889 0.659764 0.657265 0.656359 0.657037 0.659306 0.663194 0.668749 0.676040 0.685161 0.696231 0.709402 0.708903 0.688467 0.670747 0.655456 0.642359 0.631267 0.622024 0.614507 0.608618 0.604283 0.601448 0.600078 0.600157 0.601686 0.604683 0.609185 0.615247 0.622948 0.632386 0.643690 0.657016 0.672561 0.690563 0.711315 0.735180 0.762603 0.794138 0.830480 0.872511 0.921361 0.978503 1.000000 0.935249 0.880365 0.833462 0.793119 0.758243 0.727984 0.701674 0.678777 0.658865 0.641589 0.626667 0.613869 0.603006 0.593927 0.586510 0.580657 0.576294 0.573368 0.571842 0.571697 0.572932 0.575563 0.579620 0.585155 0.592237 0.600958 0.611434 0.623812 0.638271 0.655031 0.674364 0.696602 0.722156 0.751535 3222.000000 1.146994 0.745295
0.661049 0.662969 0.666511 0.671718 0.678654 0.687409 0.698096 0.710861 0.710380 0.710548 0.712434 0.716059 0.721468 0.728728 0.737932 0.749199 0.762682 0.778568 0.797092 0.818539 0.843259 0.871684 0.904347 0.900938 0.887697 0.876921 0.868472 0.862240 0.858150 0.856152 0.856221 0.858358 0.862588 0.868965 0.877566 0.888501 0.881835 0.866007 0.852755 0.841900 0.833300 0.826846 0.822457 0.820080 0.819685 0.821269 0.824849 0.830471 0.838202 0.848142 0.860417 0.875193 0.892673 0.875228 0.851219 0.830439 0.812561 0.797316 0.784488 0.773901 0.765416 0.758923 0.754341 0.751614 0.750708 0.751614 0.736682 0.721323 0.708262 0.697317 0.688337 0.681206 0.675833 0.672150 0.670113 0.669697 0.670896 0.673726 0.678220 0.684435 0.692448 0.702364 0.714313 0.728461 0.745012 0.764217 0.786382 0.811886 0.841194 0.874884 0.913678 0.917976 0.902155 0.888974 0.878259 0.869870 0.863700 0.859674 0.857741 0.857880 0.860091 0.864401 0.870863 0.879558 0.890594 0.904118 0.920309 0.939395 0.961656 0.987434 1.000000 0.948272 0.903702 0.865124 0.831627 0.802488 0.777131 0.755091 0.735990 0.719523 0.705438 0.693533 0.683643 0.675636 0.669408 0.664881 0.661999 0.660727 1597.500000 1.198580 0.882552
0.506393 0.498835 0.492669 0.487814 0.484209 0.481809 0.480585 0.480522 0.481618 0.483889 0.487360 0.492076 0.497354 0.499672 0.503230 0.508072 0.514259 0.521872 0.531011 0.541805 0.554411 0.569020 0.585869 0.605250 0.627520 0.653125 0.682622 0.716719 0.756319 0.802597 0.857108 0.921945 1.000000 0.999586 0.925125 0.862924 0.810390 0.765623 0.727204 0.694048 0.665317 0.640351 0.618628 0.599727 0.583311 0.569104 0.556882 0.546463 0.537699 0.530469 0.524677 0.520251 0.517134 0.515289 0.514692 0.515336 0.517230 0.520396 0.524873 0.530717 0.538004 0.546829 0.557314 0.569608 0.575131 0.575825 0.577914 0.581424 0.586399 0.592900 0.601010 0.610838 0.622517 0.636215 0.652134 0.670528 0.691704 0.712991 0.691135 0.672150 0.655718 0.641579 0.629521 0.619373 0.610995 0.604278 0.599134 0.595499 0.593329 0.592597 0.593295 0.595430 0.599029 0.604136 0.611046 0.623504 0.638050 0.654906 0.674345 0.696704 0.722397 0.751937 0.785971 0.825314 0.871013 0.896597 0.849398 0.808771 0.773631 0.743134 0.716611 0.693529 0.673459 0.656054 0.641032 0.628161 0.617256 0.608162 0.600759 0.594949 0.590661 0.587840 0.586451 0.569597 0.552979 0.538564 0.526116 0.515445 937.000000 1.349473 0.723584
0.942350 0.920867 0.902467 0.886883 0.873897 0.863336 0.855063 0.848972 0.844989 0.843065 0.843176 0.845324 0.849534 0.855859 0.864377 0.875196 0.888456 0.904337 0.923060 0.916489 0.881789 0.851597 0.825327 0.802504 0.782745 0.765736 0.751221 0.738994 0.728886 0.720764 0.714523 0.710086 0.707396 0.706423 0.707153 0.709597 0.713782 0.719762 0.727611 0.737428 0.749344 0.763521 0.780161 0.799511 0.799151 0.792372 0.787588 0.784741 0.783796 0.784741 0.787588 0.792372 0.799151 0.808011 0.819064 0.832458 0.848374 0.867041 0.888736 0.913804 0.942663 0.975832 1.000000 0.969447 0.942909 0.919943 0.900186 0.883343 0.869174 0.857486 0.848124 0.840968 0.835929 0.832945 0.831979 0.833020 0.836080 0.841197 0.848433 0.857879 0.869657 0.883922 0.881901 0.856418 0.834320 0.815249 0.798912 0.785070 0.773532 0.764142 0.756779 0.751349 0.747785 0.746044 0.746104 0.747966 0.751653 0.757209 0.764704 0.774233 0.785919 0.799921 0.816433 0.816555 0.800688 0.787286 0.776164 0.767175 0.760202 0.755157 0.751979 0.750628 0.751088 0.753364 0.757485 0.763501 0.771486 0.781543 0.793803 0.808432 0.825638 0.845673 0.868850 0.895551 0.926248 0.961522 0.995956 0.967245 774.000000 1.178852 0.887262
0.891572 0.880472 0.822954 0.774240 0.732638 0.696871 0.665964 0.639157 0.615850 0.595568 0.577927 0.562617 0.549387 0.538031 0.528382 0.520305 0.513689 0.508450 0.504519 0.501848 0.500405 0.500171 0.501145 0.503337 0.506775 0.511500 0.517573 0.525073 0.534098 0.544775 0.557256 0.571733 0.588438 0.607656 0.629740 0.655127 0.684366 0.718147 0.757355 0.803139 0.857012 0.921010 0.947525 0.871494 0.808561 0.755804 0.711117 0.672951 0.640136 0.611778 0.587181 0.565795 0.547184 0.530997 0.516950 0.504812 0.494394 0.485544 0.478137 0.472072 0.467271 0.463673 0.461232 0.459918 0.459717 0.460625 0.462653 0.465827 0.470185 0.475782 0.482691 0.491004 0.500836 0.512329 0.525658 0.541037 0.558730 0.579062 0.602435 0.629355 0.660458 0.696560 0.738721 0.788335 0.847282 0.918147 1.000000 0.919603 0.853073 0.797311 0.750088 0.709761 0.675092 0.645133 0.619149 0.596559 0.576900 0.559801 0.544961 0.532137 0.521129 0.511775 0.503943 0.497528 0.492446 0.488632 0.486039 0.484634 0.484401 0.485336 0.487452 0.490774 0.495343 0.501217 0.508471 0.517203 0.527533 0.539611 0.553619 0.569784 0.588380 0.609751 0.634317 0.662610 0.695298 0.733236 0.777535 0.829657 1615.500000 1.104656 0.602351
0.459735 0.459569 0.460743 0.463170 0.466753 0.471536 0.477581 0.484967 0.493793 0.504183 0.516290 0.530303 0.546450 0.565015 0.586348 0.610885 0.639172 0.671904 0.709971 0.754538 0.771394 0.758838 0.748458 0.740117 0.733708 0.729150 0.726388 0.725388 0.726137 0.728645 0.732943 0.739082 0.747140 0.757221 0.769456 0.784012 0.801098 0.820966 0.843929 0.870372 0.843548 0.807593 0.776373 0.749214 0.725580 0.705037 0.687236 0.671891 0.658768 0.647679 0.638469 0.631017 0.625225 0.621021 0.618353 0.616524 0.601748 0.589050 0.578240 0.569167 0.561707 0.555761 0.551253 0.548128 0.546348 0.545889 0.546747 0.548933 0.552472 0.557409 0.563806 0.571744 0.573364 0.571500 0.571020 0.571918 0.574203 0.577905 0.583069 0.589759 0.598062 0.608088 0.619975 0.633894 0.650054 0.668712 0.679407 0.675285 0.672824 0.671995 0.672786 0.675207 0.679288 0.685080 0.692654 0.702107 0.713565 0.727185 0.743159 0.761727 0.783182 0.807884 0.836274 0.868902 0.906452 0.949785 1.000000 0.944542 0.869009 0.806461 0.754007 0.709565 0.671598 0.638949 0.610730 0.586251 0.564967 0.546445 0.530335 0.516357 0.504280 0.493918 0.485119 0.477758 0.471737 0.466977 0.463417 0.461013 14320.500000 1.312060 0.779662
1.000000 0.937440 0.884251 0.838686 0.799418 0.765424 0.735904 0.710224 0.687877 0.668454 0.651625 0.637120 0.624719 0.614242 0.605546 0.598515 0.593057 0.589105 0.586608 0.585537 0.585879 0.587638 0.590836 0.595510 0.601720 0.610136 0.621220 0.634270 0.649479 0.667081 0.687367 0.710690 0.737491 0.768316 0.803851 0.844967 0.892783 0.938390 0.882529 0.834843 0.793860 0.758455 0.727751 0.701060 0.677832 0.657628 0.640091 0.624931 0.611912 0.600843 0.591567 0.583959 0.577918 0.573369 0.571341 0.572744 0.575544 0.579774 0.585488 0.592758 0.601679 0.612370 0.624981 0.639696 0.656740 0.676392 0.698992 0.724961 0.754823 0.789234 0.829025 0.861685 0.837682 0.816894 0.798992 0.783704 0.770813 0.760141 0.751546 0.744918 0.740173 0.737253 0.736123 0.736768 0.739196 0.743438 0.749545 0.757593 0.767685 0.779955 0.794568 0.811731 0.799443 0.759855 0.725669 0.696031 0.670271 0.647854 0.628353 0.611421 0.596778 0.584195 0.573484 0.564494 0.557103 0.551214 0.546752 0.543660 0.541902 0.541455 0.542314 0.544489 0.548766 0.557191 0.567266 0.579132 0.592965 0.608978 0.627433 0.648654 0.673038 0.701082 0.733408 0.770806 0.814290 0.865183 0.925239 0.996834 6618.500000 1.038882 0.715472
0.907222 0.931189 0.909170 0.867520 0.831435 0.800082 0.772802 0.749066 0.728447 0.710599 0.695239 0.682138 0.671109 0.661999 0.654690 0.649087 0.645121 0.642741 0.641920 0.642647 0.644931 0.647321 0.650950 0.656210 0.663166 0.671907 0.682548 0.695233 0.710142 0.727495 0.747564 0.770680 0.797254 0.821163 0.793972 0.770321 0.749793 0.732048 0.716810 0.703855 0.692999 0.684097 0.677031 0.671710 0.668070 0.666209 0.666393 0.668186 0.671612 0.676711 0.683548 0.692210 0.702808 0.715486 0.730422 0.747835 0.767994 0.791229 0.817946 0.848645 0.883952 0.924648 0.971726 1.000000 0.954328 0.914753 0.880366 0.850445 0.824412 0.801800 0.782229 0.765391 0.751033 0.738952 0.728982 0.720991 0.714876 0.710562 0.707995 0.707144 0.707999 0.698489 0.688508 0.680425 0.674134 0.669558 0.666637 0.665338 0.665645 0.667561 0.671109 0.676334 0.683299 0.688460 0.677682 0.668824 0.661767 0.656423 0.652724 0.650625 0.650101 0.651145 0.653770 0.658007 0.663910 0.671553 0.681033 0.692476 0.706041 0.721922 0.740358 0.761643 0.786139 0.814289 0.832156 0.823956 0.817866 0.813813 0.811745 0.811638 0.813491 0.817325 0.823189 0.831154 0.841321 0.853823 0.868826 0.886540 5551.000000 1.122607 0.842301
0.598048 0.610772 0.625588 0.642588 0.649927 0.659042 0.670053 0.683112 0.698406 0.716166 0.736673 0.760275 0.787399 0.818575 0.854464 0.895903 0.943955 1.000000 0.976302 0.915763 0.864254 0.820102 0.782034 0.749068 0.720434 0.695523 0.673845 0.655009 0.638694 0.624640 0.612635 0.602507 0.594117 0.587353 0.582127 0.578375 0.576050 0.575123 0.575584 0.577437 0.580706 0.585431 0.591670 0.599504 0.609034 0.602988 0.598148 0.594806 0.592922 0.592473 0.593453 0.595874 0.599766 0.605177 0.612174 0.620848 0.631315 0.643717 0.658234 0.675085 0.694539 0.716925 0.742651 0.772222 0.779812 0.762997 0.748657 0.736588 0.726625 0.718636 0.712519 0.708196 0.705616 0.704745 0.705575 0.708114 0.712395 0.718468 0.726411 0.736326 0.748342 0.762625 0.779378 0.798851 0.821352 0.806195 0.781595 0.760228 0.741738 0.725834 0.712276 0.700874 0.691470 0.683942 0.678191 0.674147 0.671760 0.671001 0.671860 0.674347 0.678494 0.684351 0.691992 0.701514 0.713044 0.726739 0.725641 0.697681 0.673358 0.652192 0.633796 0.617857 0.604120 0.592377 0.582457 0.574225 0.567571 0.562409 0.558673 0.556318 0.555315 0.555652 0.557333 0.560378 0.564825 0.570728 0.578164 0.587230 1050.500000 1.312682 0.815884
1.000000 0.926258 0.864585 0.812446 0.767984 0.729802 0.696837 0.668261 0.643425 0.621814 0.603013 0.586687 0.572565 0.560425 0.550087 0.541404 0.534258 0.528555 0.524222 0.521205 0.512580 0.496888 0.483257 0.471460 0.461310 0.452655 0.445372 0.439362 0.434544 0.430858 0.428257 0.426709 0.426195 0.426709 0.428257 0.430858 0.434544 0.439362 0.445372 0.452655 0.461310 0.471460 0.476267 0.479056 0.483047 0.488292 0.494858 0.502830 0.512317 0.523455 0.536409 0.551383 0.568625 0.588444 0.611221 0.637428 0.667665 0.702690 0.743484 0.791329 0.847940 0.915650 0.997724 0.935980 0.877991 0.828648 0.786350 0.749880 0.718296 0.690862 0.666994 0.646225 0.628178 0.612548 0.599084 0.587585 0.577885 0.569850 0.563375 0.558375 0.554787 0.552569 0.551691 0.544241 0.525742 0.509647 0.495666 0.483566 0.473155 0.464278 0.456809 0.450644 0.445703 0.441922 0.439254 0.437666 0.437139 0.437666 0.439254 0.441922 0.445703 0.450644 0.456809 0.464278 0.473155 0.483566 0.495666 0.502366 0.503576 0.506014 0.509709 0.514708 0.521074 0.528889 0.538258 0.549313 0.562214 0.577160 0.594393 0.614212 0.636985 0.663172 0.693346 0.728235 0.768771 0.816168 0.872032 0.938532 1718.500000 1.754568 0.687166
0.835090 0.773992 0.722847 0.679578 0.642657 0.610938 0.583542 0.559788 0.539140 0.521173 0.505542 0.491973 0.480240 0.470160 0.461583 0.454389 0.448479 0.443777 0.440222 0.437769 0.436389 0.436065 0.436793 0.438581 0.441453 0.445442 0.450599 0.456991 0.464703 0.473841 0.484536 0.496949 0.511280 0.527770 0.546721 0.568504 0.593585 0.622549 0.656147 0.695349 0.741432 0.796112 0.861740 0.941632 0.996358 0.921691 0.859360 0.806746 0.761933 0.723487 0.690318 0.661581 0.636613 0.614889 0.595987 0.579567 0.565353 0.553120 0.542685 0.533899 0.526641 0.520816 0.516348 0.513183 0.511280 0.510616 0.511185 0.512992 0.516059 0.520424 0.526143 0.533287 0.541952 0.552255 0.564344 0.578398 0.594639 0.613339 0.634832 0.659533 0.687959 0.720759 0.758764 0.803041 0.854994 0.831862 0.781607 0.738757 0.701965 0.670201 0.642668 0.618741 0.597919 0.579805 0.564075 0.550467 0.538768 0.528803 0.520431 0.513537 0.508032 0.503845 0.500922 0.499230 0.498746 0.499465 0.501396 0.504562 0.509003 0.514773 0.521948 0.530622 0.540914 0.552972 0.566977 0.583150 0.601766 0.623161 0.647751 0.676057 0.708735 0.746622 0.790802 0.842698 0.904214 0.977960 1.000000 0.909039 4652.000000 1.230534 0.594805
0.841466 0.815365 0.792688 0.773049 0.756138 0.741699 0.729526 0.719452 0.711342 0.705093 0.700625 0.697885 0.696838 0.697472 0.699795 0.703834 0.709640 0.717285 0.726866 0.738510 0.752376 0.768659 0.787602 0.809501 0.834722 0.863712 0.897028 0.935360 0.944256 0.908615 0.877604 0.850621 0.827182 0.806891 0.789428 0.774532 0.761989 0.751628 0.743311 0.736932 0.732412 0.729693 0.728744 0.729552 0.732128 0.736503 0.742731 0.750889 0.761082 0.773445 0.788146 0.787055 0.772904 0.761054 0.751345 0.743649 0.737869 0.733932 0.731791 0.731419 0.732812 0.735987 0.740982 0.747860 0.756707 0.767636 0.780795 0.796364 0.814570 0.835688 0.860057 0.888093 0.920311 0.957347 1.000000 0.983179 0.934271 0.892047 0.855445 0.823635 0.795954 0.771873 0.750962 0.732873 0.717323 0.704079 0.692955 0.683799 0.676490 0.670935 0.667064 0.664830 0.664206 0.665183 0.667775 0.672013 0.677948 0.685656 0.695235 0.706812 0.720546 0.736635 0.755320 0.776898 0.801733 0.830274 0.863079 0.900842 0.884278 0.864772 0.848106 0.834042 0.822386 0.812983 0.805711 0.800480 0.797224 0.795904 0.796505 0.799032 0.803518 0.810017 0.818610 0.829406 0.842548 0.858215 0.876626 0.871461 8102.000000 1.079164 0.835098
0.863474 0.810979 0.766242 0.727844 0.694704 0.665986 0.641030 0.619315 0.600423 0.584014 0.569814 0.557600 0.547189 0.538433 0.531213 0.525433 0.521018 0.517915 0.516084 0.515504 0.516167 0.518082 0.521271 0.525774 0.531648 0.538967 0.547830 0.558355 0.570696 0.585035 0.601600 0.620669 0.642585 0.667774 0.696765 0.730226 0.769009 0.786829 0.760677 0.737927 0.718179 0.701105 0.686439 0.673965 0.663506 0.654921 0.648095 0.642944 0.639402 0.637427 0.636993 0.638096 0.640749 0.644985 0.650855 0.658434 0.667819 0.679136 0.692540 0.708224 0.726425 0.747435 0.771611 0.799393 0.831328 0.868099 0.907201 0.856168 0.812424 0.774708 0.742047 0.713679 0.688998 0.667522 0.648860 0.632695 0.618771 0.606878 0.596843 0.588530 0.581828 0.576650 0.572931 0.570626 0.569707 0.570162 0.571996 0.575233 0.579911 0.586090 0.593848 0.603287 0.614535 0.627752 0.643133 0.660919 0.666130 0.649681 0.635519 0.623431 0.613244 0.604818 0.598042 0.592829 0.589112 0.586847 0.586005 0.586577 0.588570 0.592007 0.596930 0.603403 0.611506 0.621348 0.633061 0.646813 0.662807 0.681296 0.702587 0.727059 0.755183 0.787544 0.824878 0.868124 0.918490 0.977561 1.000000 0.925620 1791.000000 1.359597 0.740009
0.656235 0.654553 0.655245 0.659225 0.664865 0.672236 0.681432 0.692575 0.705817 0.721347 0.739397 0.760252 0.784262 0.811858 0.843572 0.848518 0.839689 0.833029 0.828453 0.825906 0.825357 0.826799 0.830250 0.835752 0.843373 0.853208 0.865384 0.880064 0.897450 0.917792 0.941399 0.968647 1.000000 0.993930 0.947332 0.906994 0.871966 0.841495 0.814979 0.791932 0.771962 0.754747 0.740027 0.727590 0.717264 0.708910 0.702421 0.697716 0.694736 0.693445 0.693826 0.695886 0.687613 0.679304 0.672794 0.668002 0.664868 0.663353 0.663441 0.665131 0.668444 0.673420 0.680123 0.688635 0.699069 0.711564 0.726296 0.743480 0.763380 0.786321 0.812702 0.843016 0.877876 0.859621 0.841041 0.825192 0.811850 0.800830 0.791988 0.785210 0.780412 0.777533 0.776540 0.777419 0.780182 0.784862 0.791518 0.800231 0.811114 0.824311 0.840001 0.858408 0.879806 0.904534 0.933005 0.965728 0.960595 0.925385 0.894744 0.868091 0.844957 0.824959 0.807788 0.793188 0.780955 0.770923 0.762959 0.756964 0.752862 0.750602 0.750157 0.751523 0.754715 0.759773 0.766758 0.775759 0.786892 0.800306 0.776004 0.753340 0.733681 0.716704 0.702148 0.689801 0.679488 0.671073 0.664444 0.659519 1517.000000 1.119130 0.859754
0.868648 0.835961 0.807520 0.782774 0.761279 0.742674 0.726666 0.713015 0.701526 0.692042 0.684438 0.678617 0.674505 0.672051 0.671227 0.672022 0.674445 0.678527 0.684316 0.691887 0.701335 0.712786 0.726396 0.742359 0.760914 0.782353 0.807037 0.835406 0.868010 0.905532 0.948834 0.960876 0.920114 0.884715 0.853919 0.827121 0.803831 0.783653 0.766264 0.751401 0.738849 0.728436 0.720023 0.713502 0.708789 0.705828 0.704582 0.705035 0.707194 0.711085 0.716755 0.724275 0.733740 0.745276 0.759038 0.775221 0.794063 0.815858 0.840967 0.869832 0.903002 0.941159 0.937029 0.898707 0.865399 0.836415 0.811201 0.789308 0.770373 0.754099 0.740245 0.728615 0.719049 0.711424 0.705640 0.701626 0.699333 0.698733 0.699818 0.702602 0.707119 0.713423 0.721596 0.731741 0.743993 0.758520 0.775532 0.795285 0.818092 0.844340 0.874505 0.909177 0.949092 0.922848 0.885255 0.852578 0.824143 0.799406 0.777931 0.759361 0.743406 0.729830 0.718441 0.709083 0.701635 0.696001 0.692110 0.689916 0.689391 0.690530 0.693345 0.697871 0.704164 0.712304 0.722394 0.734570 0.748998 0.765887 0.785491 0.808122 0.834166 0.864095 0.898497 0.938106 0.983847 1.000000 0.949684 0.906267 1149.000000 1.032113 0.783435
1.000000 0.946267 0.900071 0.860152 0.825528 0.795425 0.769228 0.746443 0.726669 0.709581 0.694914 0.682452 0.672019 0.663475 0.656707 0.651631 0.647521 0.644782 0.643610 0.643992 0.645930 0.649450 0.654594 0.661426 0.670034 0.680529 0.693055 0.707788 0.724945 0.744793 0.767661 0.793950 0.824159 0.858910 0.898981 0.945362 0.886315 0.834557 0.790309 0.752238 0.719320 0.690756 0.665917 0.644300 0.625503 0.609197 0.595117 0.586364 0.584288 0.583627 0.584374 0.586538 0.590145 0.595239 0.601885 0.610168 0.620196 0.632108 0.646073 0.662301 0.681048 0.702629 0.727432 0.755939 0.788749 0.795684 0.795775 0.797788 0.801747 0.807702 0.815726 0.825920 0.838418 0.853387 0.871037 0.891625 0.915470 0.942959 0.927780 0.886946 0.851520 0.820715 0.793908 0.770594 0.750367 0.732895 0.717908 0.705186 0.694552 0.685861 0.679001 0.673884 0.670447 0.668647 0.668463 0.657284 0.644088 0.632906 0.623583 0.615992 0.610036 0.605639 0.602747 0.601324 0.601353 0.602834 0.605786 0.610244 0.616264 0.623921 0.633317 0.644576 0.657857 0.665400 0.670584 0.677495 0.686220 0.696873 0.709598 0.724575 0.742024 0.762216 0.785483 0.812233 0.842972 0.878328 0.919090 0.966262 992.500000 1.142310 0.777775
0.681730 0.688462 0.648993 0.615207 0.586107 0.560925 0.539063 0.520048 0.503499 0.489114 0.476644 0.465888 0.456683 0.448896 0.442417 0.437161 0.433059 0.430060 0.428127 0.427235 0.427375 0.428548 0.430767 0.434061 0.438470 0.444050 0.450874 0.459035 0.468646 0.479849 0.487637 0.493439 0.500602 0.509221 0.519414 0.531331 0.545151 0.561098 0.579443 0.600524 0.624759 0.652670 0.684920 0.722353 0.766066 0.817506 0.878622 0.952092 1.000000 0.920053 0.853847 0.798324 0.751280 0.711090 0.676529 0.646657 0.620744 0.598213 0.578606 0.561553 0.546756 0.533972 0.523003 0.513689 0.505898 0.499525 0.494487 0.490720 0.488177 0.486828 0.486654 0.487656 0.489844 0.483405 0.472318 0.462819 0.454768 0.448053 0.442584 0.438290 0.435117 0.433025 0.431989 0.431997 0.433047 0.435154 0.438342 0.442651 0.448137 0.454869 0.462940 0.472460 0.483570 0.496440 0.511279 0.528344 0.547953 0.570502 0.596484 0.626528 0.661437 0.702256 0.750372 0.807656 0.876694 0.844868 0.810148 0.779974 0.753718 0.730875 0.711038 0.693878 0.679123 0.666556 0.655996 0.647301 0.640357 0.635073 0.631384 0.629245 0.628630 0.629531 0.631960 0.635945 0.641536 0.648803 0.657840 0.668765 19384.000000 1.680120 0.690472
0.744087 0.772725 0.805675 0.843683 0.837683 0.819218 0.803443 0.790132 0.779101 0.770204 0.763325 0.758379 0.755305 0.754065 0.754644 0.757049 0.761310 0.767478 0.775630 0.785872 0.798336 0.813193 0.830652 0.850972 0.874471 0.901538 0.932653 0.968409 0.956375 0.898144 0.848523 0.805938 0.769188 0.737343 0.709671 0.685592 0.664643 0.646447 0.630700 0.617153 0.605604 0.595889 0.587874 0.581455 0.576548 0.573092 0.571044 0.570381 0.571093 0.573190 0.576697 0.581656 0.588131 0.596204 0.605982 0.617492 0.618901 0.621819 0.626279 0.632339 0.640074 0.649586 0.661000 0.674477 0.690212 0.708446 0.729475 0.753662 0.781454 0.813410 0.850226 0.892786 0.942220 1.000000 0.968065 0.928656 0.894400 0.864591 0.838660 0.816147 0.796681 0.779957 0.765728 0.753792 0.743987 0.736185 0.730285 0.726215 0.723925 0.723386 0.724592 0.727558 0.732320 0.738937 0.747491 0.758093 0.770885 0.786041 0.803781 0.824372 0.816048 0.781728 0.751916 0.725980 0.703411 0.683801 0.666818 0.652190 0.639699 0.629165 0.620442 0.613415 0.607994 0.604111 0.601717 0.600784 0.601300 0.603272 0.606723 0.611696 0.618252 0.626477 0.636477 0.648389 0.662381 0.678662 0.697486 0.719166 4982.500000 1.281241 0.794784
0.931327 1.000000 0.997621 0.934590 0.881047 0.835209 0.795727 0.761562 0.731900 0.706099 0.683647 0.664128 0.647210 0.632618 0.620130 0.609567 0.600780 0.593652 0.588092 0.584029 0.581413 0.580212 0.580411 0.582013 0.585036 0.589520 0.595518 0.603107 0.612387 0.623482 0.636548 0.651778 0.669406 0.687721 0.665928 0.646985 0.630567 0.616409 0.604297 0.594056 0.585543 0.578645 0.573272 0.569357 0.566852 0.565726 0.565965 0.567572 0.570566 0.574985 0.580883 0.588336 0.597440 0.608319 0.621125 0.636048 0.653318 0.673219 0.696100 0.722393 0.752634 0.787498 0.827840 0.874760 0.929692 0.994542 0.948622 0.896015 0.850878 0.811933 0.778190 0.748871 0.723361 0.701165 0.681885 0.665196 0.650835 0.638587 0.628277 0.619763 0.612935 0.607703 0.604003 0.601788 0.601032 0.601726 0.603878 0.607515 0.612680 0.619439 0.627878 0.638109 0.650271 0.664538 0.681123 0.700287 0.677329 0.654752 0.635113 0.618063 0.603320 0.590654 0.579877 0.570837 0.563410 0.557501 0.553032 0.549949 0.548213 0.547804 0.548717 0.550962 0.554567 0.559576 0.566053 0.574081 0.583766 0.595242 0.608674 0.624265 0.642264 0.662976 0.686778 0.714137 0.745638 0.782016 0.824214 0.873450 1354.500000 1.476905 0.729589
0.812811 0.880726 0.843668 0.794593 0.752627 0.716511 0.685277 0.658173 0.634601 0.614088 0.596251 0.580780 0.567424 0.555978 0.546275 0.538179 0.531581 0.526396 0.522558 0.520019 0.518748 0.518730 0.519965 0.522467 0.526268 0.531413 0.537970 0.546021 0.555677 0.567071 0.580369 0.595776 0.613541 0.633973 0.657450 0.684446 0.715552 0.751515 0.793298 0.842148 0.894646 0.823880 0.765197 0.715928 0.674145 0.638424 0.607688 0.581112 0.558050 0.537996 0.520543 0.505367 0.492203 0.480836 0.471091 0.462826 0.455926 0.450298 0.445867 0.442579 0.440392 0.439280 0.439229 0.440238 0.442320 0.445500 0.449818 0.455328 0.462101 0.470229 0.479825 0.491028 0.504010 0.518982 0.536201 0.555987 0.578738 0.604949 0.635250 0.670447 0.711588 0.760058 0.817729 0.887183 0.972089 1.000000 0.910260 0.837152 0.776645 0.725927 0.682971 0.646285 0.614744 0.587489 0.563848 0.543295 0.525408 0.509851 0.496350 0.484683 0.474669 0.466161 0.459039 0.453207 0.448588 0.445123 0.442771 0.441501 0.441299 0.442161 0.444099 0.447136 0.451309 0.456672 0.463293 0.471260 0.480685 0.491704 0.504483 0.519228 0.536192 0.555686 0.578096 0.603905 0.633725 0.668337 0.708753 0.756312 17936.500000 1.231894 0.595021
0.522184 0.527646 0.512888 0.500104 0.489092 0.479685 0.471748 0.465172 0.459869 0.455771 0.452828 0.451001 0.450269 0.450624 0.452069 0.454622 0.458315 0.463193 0.469319 0.476773 0.485657 0.496095 0.508244 0.522292 0.538473 0.557074 0.578449 0.603041 0.631405 0.664248 0.702481 0.747294 0.800273 0.863577 0.901328 0.854829 0.814758 0.780071 0.749950 0.723747 0.700945 0.681127 0.663954 0.649151 0.636494 0.625800 0.616920 0.609738 0.604160 0.600115 0.597554 0.596446 0.596777 0.598551 0.601789 0.606532 0.612839 0.620789 0.630487 0.636779 0.602687 0.573371 0.548034 0.526055 0.506945 0.490315 0.475851 0.463300 0.452457 0.443152 0.435250 0.428639 0.423230 0.418953 0.415753 0.413591 0.412439 0.412284 0.413124 0.414969 0.417842 0.421778 0.426827 0.433055 0.440543 0.449397 0.459745 0.471743 0.485586 0.501511 0.519809 0.540847 0.565077 0.593076 0.625581 0.663546 0.708233 0.761340 0.825206 0.903144 1.000000 0.982139 0.908006 0.846174 0.794017 0.749618 0.711545 0.678708 0.650266 0.625558 0.604060 0.585355 0.569103 0.555030 0.542913 0.532569 0.523851 0.516637 0.510834 0.506366 0.503177 0.501228 0.500495 0.500969 0.502657 0.505577 0.509767 0.515279 7122.000000 1.818210 0.665291
0.874083 0.901249 0.878273 0.844303 0.814753 0.789037 0.766686 0.747317 0.730620 0.716340 0.704272 0.694248 0.686136 0.679830 0.675250 0.672341 0.671067 0.671411 0.673380 0.676995 0.682302 0.689367 0.698279 0.709156 0.722144 0.710920 0.692380 0.676369 0.662643 0.651000 0.641278 0.633345 0.627098 0.622458 0.619367 0.617787 0.617701 0.619105 0.622018 0.626474 0.632530 0.640261 0.649769 0.658311 0.656590 0.656456 0.657907 0.660959 0.665652 0.672042 0.680210 0.690263 0.702335 0.716593 0.733246 0.752547 0.774808 0.800414 0.829838 0.863668 0.902640 0.947686 1.000000 0.968439 0.923714 0.884975 0.851322 0.822044 0.796567 0.774432 0.755264 0.738758 0.724667 0.712789 0.702960 0.695050 0.688957 0.684605 0.681940 0.680930 0.681563 0.683845 0.687806 0.683343 0.664498 0.648184 0.634143 0.622164 0.612077 0.603743 0.597051 0.591917 0.588276 0.586082 0.585309 0.585949 0.588007 0.591511 0.596502 0.603043 0.611217 0.621134 0.632927 0.646765 0.662855 0.681449 0.702858 0.727466 0.755746 0.788289 0.801712 0.788507 0.777572 0.768764 0.761968 0.757099 0.754096 0.752925 0.753569 0.756038 0.760360 0.766590 0.774805 0.785109 0.797639 0.812564 0.830097 0.850497 5181.500000 1.294748 0.844311
0.639159 0.623591 0.610199 0.598782 0.589177 0.581254 0.582784 0.589704 0.598248 0.608531 0.620695 0.634917 0.651411 0.670444 0.692340 0.717502 0.746427 0.779500 0.761436 0.745946 0.732804 0.721827 0.712865 0.705802 0.700549 0.697041 0.695234 0.695107 0.696658 0.679604 0.662041 0.646882 0.633895 0.622890 0.613714 0.606243 0.600382 0.596054 0.593208 0.591807 0.591836 0.593294 0.596199 0.600586 0.607053 0.617779 0.630437 0.645211 0.662328 0.682066 0.704766 0.730851 0.760844 0.795403 0.835359 0.881777 0.936046 1.000000 0.988050 0.932172 0.884292 0.843022 0.807291 0.776259 0.749263 0.725771 0.705355 0.687668 0.672426 0.659399 0.648400 0.639277 0.631908 0.626198 0.622076 0.619490 0.618410 0.609209 0.598924 0.590379 0.583460 0.578078 0.574165 0.571673 0.570571 0.570845 0.572500 0.575555 0.580048 0.586034 0.593590 0.602814 0.613832 0.626799 0.641904 0.659384 0.679525 0.702681 0.729290 0.743302 0.733169 0.725031 0.718785 0.714352 0.711677 0.710728 0.711493 0.713982 0.718224 0.724272 0.732203 0.742116 0.754143 0.768448 0.785235 0.804753 0.827311 0.853284 0.883138 0.917446 0.887991 0.838935 0.796836 0.760504 0.729021 0.701663 0.677859 0.657148 1202.000000 1.213172 0.775265
0.923661 0.860075 0.806498 0.760930 0.721882 0.688223 0.659080 0.633770 0.611751 0.592590 0.575939 0.561513 0.549083 0.538461 0.529493 0.522056 0.516051 0.511400 0.508046 0.505946 0.505075 0.505423 0.506994 0.509806 0.506847 0.499608 0.493746 0.489184 0.485866 0.483750 0.482810 0.483036 0.484429 0.487007 0.490801 0.495859 0.502245 0.510042 0.519356 0.530317 0.543088 0.557867 0.574896 0.594474 0.616972 0.642849 0.672683 0.707208 0.747367 0.764590 0.733754 0.706946 0.683617 0.663325 0.645714 0.630493 0.617427 0.606322 0.597022 0.589402 0.583362 0.578824 0.575733 0.574050 0.573756 0.574845 0.577333 0.581248 0.586640 0.593576 0.602146 0.612464 0.624673 0.638949 0.655510 0.674620 0.696606 0.721871 0.750915 0.784363 0.823005 0.816263 0.758148 0.709353 0.667971 0.632591 0.602149 0.575825 0.552983 0.533119 0.515833 0.500800 0.487761 0.476503 0.466852 0.458667 0.451834 0.446260 0.441874 0.438620 0.436458 0.435360 0.433414 0.431775 0.431183 0.431631 0.433125 0.435682 0.439335 0.444128 0.450123 0.457399 0.466056 0.476216 0.488031 0.501686 0.517410 0.535483 0.556253 0.580153 0.607729 0.639675 0.676888 0.720540 0.772200 0.834003 0.908940 1.000000 4296.000000 1.277423 0.679068
0.961051 1.000000 0.959469 0.920389 0.886420 0.856859 0.831145 0.808820 0.789516 0.772930 0.758818 0.746978 0.737252 0.729510 0.723654 0.719611 0.717332 0.716789 0.717974 0.720904 0.715234 0.689639 0.667366 0.647998 0.631201 0.616700 0.604274 0.593741 0.584954 0.577794 0.572170 0.568009 0.565261 0.563890 0.563882 0.565235 0.567966 0.572109 0.577715 0.584854 0.593620 0.604130 0.616532 0.631005 0.647772 0.667105 0.689340 0.714890 0.744268 0.778120 0.817260 0.862735 0.915905 0.945835 0.914684 0.887591 0.864078 0.843759 0.826318 0.811499 0.799094 0.788934 0.780887 0.774850 0.770748 0.768531 0.768173 0.769667 0.773034 0.778314 0.785571 0.794899 0.806416 0.820277 0.836674 0.855844 0.878078 0.903733 0.918491 0.863944 0.817371 0.777340 0.742753 0.712756 0.686678 0.663984 0.644245 0.627113 0.612305 0.599591 0.588784 0.579732 0.572312 0.566426 0.562001 0.558980 0.557327 0.557022 0.558061 0.560456 0.564238 0.569451 0.576163 0.584460 0.594453 0.606279 0.620109 0.636153 0.654669 0.675972 0.700453 0.728594 0.761001 0.764234 0.762131 0.761870 0.763447 0.766882 0.772218 0.779519 0.788877 0.800416 0.814287 0.830684 0.849845 0.872061 0.897690 0.927172 822.000000 1.451715 0.805132
0.793834 0.762885 0.735964 0.712537 0.692171 0.674517 0.659290 0.646258 0.635231 0.626058 0.618614 0.612805 0.608556 0.605815 0.604549 0.604741 0.606395 0.609531 0.614187 0.620420 0.628310 0.637961 0.649501 0.663094 0.678938 0.697279 0.718417 0.742722 0.770651 0.802771 0.839797 0.882633 0.932440 0.990735 1.000000 0.958081 0.921666 0.889983 0.862415 0.838463 0.817721 0.799862 0.784616 0.771765 0.761132 0.752576 0.745988 0.741284 0.738407 0.737322 0.738015 0.740495 0.744793 0.750960 0.759074 0.769238 0.781587 0.796289 0.813552 0.833633 0.856846 0.883579 0.914307 0.909561 0.866715 0.829633 0.797435 0.769428 0.745056 0.723870 0.705508 0.689676 0.676131 0.664679 0.655160 0.647448 0.641443 0.637068 0.634271 0.633016 0.633289 0.635092 0.638449 0.643399 0.650005 0.658351 0.668545 0.680726 0.695064 0.711770 0.731105 0.753384 0.779000 0.808436 0.842292 0.881323 0.926488 0.934640 0.903413 0.876248 0.852663 0.832267 0.814741 0.799825 0.787308 0.777020 0.768825 0.762620 0.758326 0.755891 0.755285 0.756502 0.759555 0.764481 0.771343 0.780226 0.791244 0.804543 0.820307 0.838763 0.860188 0.884923 0.913390 0.946103 0.974395 0.918516 0.870683 0.829484 6852.000000 1.214780 0.775429
0.827799 0.805630 0.786462 0.769997 0.755992 0.744247 0.734605 0.726938 0.721149 0.717165 0.714938 0.714441 0.715667 0.718632 0.723371 0.729944 0.738432 0.748945 0.756880 0.730956 0.708399 0.688802 0.671835 0.657230 0.644766 0.634265 0.625584 0.618608 0.613247 0.609433 0.607120 0.606279 0.606901 0.608993 0.612580 0.617707 0.624437 0.632857 0.643077 0.655238 0.669511 0.686109 0.705294 0.727385 0.746635 0.748814 0.752825 0.758717 0.766562 0.776462 0.788545 0.802976 0.819956 0.839737 0.862626 0.888999 0.899179 0.874072 0.852327 0.833597 0.817600 0.804106 0.792929 0.783922 0.776967 0.771979 0.768894 0.767676 0.768310 0.770803 0.775186 0.781513 0.780447 0.765805 0.753484 0.743315 0.735165 0.728929 0.724528 0.721909 0.721039 0.721909 0.724528 0.728929 0.735165 0.717137 0.700577 0.686381 0.674342 0.664290 0.656090 0.649637 0.644848 0.641663 0.640044 0.639971 0.641443 0.644478 0.649114 0.655406 0.663436 0.671840 0.665401 0.660662 0.657562 0.656065 0.656151 0.657822 0.661099 0.666021 0.672650 0.681068 0.691388 0.703746 0.718316 0.735310 0.754992 0.777681 0.803772 0.833753 0.868230 0.907963 0.953916 1.000000 0.955241 0.916431 0.882695 0.853337 4128.500000 1.241858 0.870982
0.790016 0.816995 0.788148 0.763044 0.741220 0.722302 0.705984 0.692017 0.680199 0.670366 0.662386 0.656156 0.651597 0.648653 0.647287 0.647484 0.649246 0.652594 0.657569 0.664233 0.672670 0.682991 0.695335 0.709875 0.726824 0.746445 0.769058 0.795060 0.824938 0.859301 0.898910 0.944734 0.998014 0.964726 0.910125 0.863342 0.823019 0.788108 0.757790 0.731415 0.708463 0.688516 0.671235 0.656342 0.643613 0.632863 0.623945 0.616741 0.611156 0.607121 0.604585 0.603519 0.603909 0.605760 0.609093 0.613951 0.620394 0.628504 0.638386 0.650176 0.664039 0.680181 0.698852 0.720362 0.745090 0.772586 0.750200 0.730785 0.714026 0.699667 0.687498 0.677348 0.669082 0.662593 0.657797 0.654637 0.653072 0.653084 0.654674 0.657860 0.662681 0.669198 0.677492 0.687672 0.699875 0.714270 0.731068 0.750527 0.772963 0.798765 0.828414 0.862507 0.901793 0.947218 1.000000 0.972970 0.916418 0.868056 0.826433 0.790436 0.759196 0.732029 0.708386 0.687828 0.669998 0.654606 0.641417 0.630236 0.620909 0.613309 0.607339 0.602923 0.600005 0.598551 0.598542 0.599978 0.602877 0.607274 0.613225 0.620803 0.630108 0.641264 0.654428 0.669790 0.687588 0.708110 0.731711 0.758832 1230.000000 1.287032 0.760356
0.913325 0.843227 0.784878 0.735740 0.693965 0.658179 0.627341 0.600645 0.577463 0.557296 0.539747 0.524494 0.511278 0.499886 0.490146 0.481916 0.475085 0.469559 0.465269 0.462159 0.460192 0.459344 0.459604 0.460976 0.463475 0.467133 0.471996 0.474398 0.475535 0.477831 0.481314 0.486028 0.492032 0.499404 0.508244 0.518675 0.530848 0.544951 0.561212 0.579914 0.601404 0.626115 0.654588 0.687509 0.725757 0.770478 0.797391 0.779020 0.763274 0.749923 0.738780 0.729695 0.722551 0.717256 0.713745 0.711976 0.711926 0.713595 0.717003 0.722192 0.729226 0.738195 0.749214 0.762432 0.778033 0.762681 0.743104 0.726213 0.711748 0.699502 0.689301 0.681012 0.674524 0.669758 0.666653 0.665172 0.657788 0.632007 0.609584 0.590070 0.573105 0.558396 0.545704 0.534837 0.525635 0.517971 0.511743 0.506870 0.503289 0.500957 0.499845 0.499940 0.501242 0.503769 0.507549 0.512631 0.519080 0.526978 0.536432 0.547575 0.560570 0.575618 0.592963 0.591742 0.587216 0.584156 0.582523 0.582298 0.583479 0.586079 0.590130 0.595683 0.602807 0.611595 0.622164 0.634661 0.649266 0.666202 0.685742 0.708220 0.734049 0.763744 0.797946 0.837467 0.883345 0.936930 1.000000 0.998758 18475.000000 1.496288 0.757618
0.854821 0.825175 0.799377 0.776958 0.757537 0.740805 0.726509 0.714442 0.704439 0.696367 0.690121 0.685624 0.682818 0.681672 0.682170 0.684318 0.688143 0.693692 0.701033 0.710261 0.721496 0.697562 0.674799 0.655003 0.637828 0.622994 0.610270 0.599471 0.590446 0.583072 0.577253 0.572916 0.570007 0.568489 0.568345 0.569573 0.572188 0.576222 0.581724 0.588764 0.597434 0.607849 0.617585 0.615210 0.614327 0.614926 0.617014 0.620616 0.625777 0.632561 0.641056 0.651372 0.663650 0.678066 0.694832 0.714213 0.736531 0.762185 0.791666 0.825588 0.864724 0.910057 0.962854 1.000000 0.945128 0.898015 0.857343 0.822091 0.791455 0.764796 0.741603 0.721462 0.704037 0.689056 0.676293 0.665569 0.656738 0.649682 0.644312 0.640561 0.638382 0.637749 0.638654 0.641109 0.628307 0.613834 0.601429 0.590910 0.582132 0.574976 0.569348 0.565178 0.562413 0.561020 0.560983 0.562300 0.564987 0.569078 0.574623 0.581692 0.590377 0.600795 0.613090 0.627443 0.644072 0.663248 0.685303 0.709093 0.701318 0.695369 0.691171 0.688672 0.687843 0.688672 0.691171 0.695369 0.701318 0.709093 0.718794 0.730548 0.744516 0.760897 0.779937 0.801935 0.827261 0.856370 0.889823 0.888899 4579.500000 1.344415 0.826120
0.783833 0.798422 0.815565 0.788563 0.761760 0.738439 0.718182 0.700650 0.685566 0.672704 0.661880 0.652948 0.645789 0.640311 0.636445 0.634144 0.633380 0.634144 0.636445 0.640311 0.645789 0.652948 0.661880 0.672704 0.685566 0.679985 0.671592 0.664987 0.660084 0.656824 0.655167 0.655092 0.656599 0.659706 0.664451 0.670892 0.679111 0.689216 0.701341 0.715655 0.732366 0.751731 0.774063 0.799749 0.829263 0.863199 0.902298 0.947497 1.000000 0.953897 0.905043 0.862927 0.826459 0.794786 0.767230 0.743252 0.722415 0.704365 0.688814 0.675527 0.664313 0.655017 0.647517 0.641714 0.637537 0.634934 0.633873 0.634341 0.636343 0.639905 0.645070 0.651902 0.660489 0.670943 0.683405 0.698053 0.715104 0.734822 0.757536 0.783647 0.813652 0.785745 0.760472 0.738498 0.719443 0.702998 0.688910 0.676974 0.667025 0.658928 0.652578 0.647896 0.644823 0.643321 0.643373 0.644979 0.648158 0.652949 0.659412 0.667629 0.677706 0.689780 0.704018 0.720629 0.739869 0.762050 0.787558 0.816869 0.850575 0.889416 0.867776 0.843483 0.822441 0.804314 0.788827 0.775760 0.764931 0.756197 0.749445 0.744590 0.741573 0.740357 0.740927 0.743290 0.747474 0.753531 0.761537 0.771594 1370.000000 1.208393 0.824337
0.925534 0.869847 0.822350 0.781556 0.746331 0.715795 0.689254 0.666158 0.646066 0.628621 0.613532 0.600564 0.589523 0.580254 0.572629 0.566550 0.561938 0.558735 0.556903 0.556419 0.557277 0.559487 0.563078 0.568092 0.574592 0.582664 0.592412 0.603972 0.617510 0.633229 0.647243 0.633672 0.622127 0.612444 0.604491 0.598165 0.593385 0.590091 0.588242 0.587817 0.588810 0.591232 0.595115 0.600505 0.607470 0.616101 0.626511 0.638845 0.653280 0.670033 0.689373 0.711628 0.737202 0.766600 0.800447 0.839538 0.884883 0.937795 1.000000 0.990898 0.923940 0.867415 0.819268 0.777961 0.742321 0.711443 0.684614 0.661271 0.640960 0.623316 0.608044 0.594900 0.583690 0.574252 0.566457 0.560202 0.555408 0.552013 0.549977 0.549274 0.549896 0.551850 0.555160 0.559867 0.566030 0.573728 0.583062 0.594159 0.607179 0.622315 0.639805 0.659943 0.683088 0.709688 0.740300 0.749351 0.723936 0.701823 0.682617 0.665996 0.651698 0.639509 0.629256 0.620798 0.614024 0.608848 0.605203 0.603047 0.602351 0.603109 0.605328 0.609037 0.614280 0.621123 0.629655 0.639988 0.652263 0.666655 0.683381 0.702704 0.724948 0.750514 0.779897 0.813715 0.852745 0.897981 0.950704 0.991391 19379.000000 1.430592 0.726417
0.919061 1.000000 0.988056 0.903696 0.834460 0.776817 0.728263 0.686980 0.651612 0.621130 0.594742 0.571826 0.551890 0.534542 0.519465 0.506401 0.495142 0.485517 0.477387 0.470640 0.465186 0.460955 0.457893 0.455963 0.455141 0.455417 0.456795 0.459291 0.462935 0.467774 0.473869 0.481299 0.490166 0.500594 0.512737 0.526785 0.542970 0.561576 0.582957 0.607552 0.635913 0.668741 0.706940 0.751687 0.804551 0.867661 0.943982 0.928353 0.866499 0.814211 0.769623 0.731335 0.698279 0.669625 0.644723 0.623053 0.604201 0.587830 0.573669 0.561495 0.551127 0.542418 0.535250 0.529527 0.525177 0.522146 0.520396 0.519907 0.520671 0.522698 0.526014 0.530658 0.536690 0.544187 0.553247 0.563996 0.576588 0.591211 0.608099 0.627536 0.649874 0.675548 0.705103 0.739225 0.778789 0.824926 0.879127 0.882501 0.821601 0.770301 0.726677 0.689302 0.657089 0.629200 0.604980 0.583911 0.565576 0.549641 0.535835 0.523937 0.513767 0.505178 0.498051 0.492293 0.487827 0.484599 0.482568 0.481710 0.482014 0.483484 0.486138 0.490008 0.495142 0.501606 0.509485 0.518886 0.529940 0.542812 0.557702 0.574856 0.594576 0.617238 0.643306 0.673367 0.708164 0.748656 0.796094 0.852141 891.000000 1.166034 0.599294
0.911856 0.942241 0.977156 1.000000 0.946828 0.901087 0.861541 0.827230 0.797394 0.771429 0.748849 0.729261 0.712343 0.697835 0.685525 0.675241 0.666843 0.660222 0.655295 0.652000 0.650296 0.650164 0.651601 0.654625 0.659273 0.665602 0.673693 0.675732 0.677740 0.681405 0.686774 0.693914 0.702914 0.713894 0.727001 0.742420 0.760379 0.781157 0.805097 0.832619 0.864246 0.900625 0.942573 0.991123 0.972686 0.939584 0.910782 0.885764 0.864109 0.845477 0.829587 0.816214 0.805173 0.796321 0.789542 0.784752 0.781893 0.780928 0.781848 0.784662 0.768473 0.752797 0.739495 0.728378 0.719298 0.712137 0.706802 0.703228 0.701371 0.701209 0.702740 0.705982 0.710974 0.717779 0.726483 0.737198 0.750068 0.765272 0.783030 0.803614 0.827357 0.854666 0.886048 0.922128 0.936326 0.898387 0.865406 0.836706 0.811741 0.790070 0.771337 0.755249 0.741568 0.730101 0.720694 0.713222 0.707591 0.703730 0.701592 0.701150 0.702401 0.705358 0.710058 0.716559 0.724943 0.735318 0.747822 0.762627 0.779947 0.800044 0.811664 0.799647 0.789855 0.782162 0.776470 0.772708 0.770831 0.770815 0.772660 0.776389 0.782048 0.789706 0.799460 0.811438 0.825800 0.842746 0.862524 0.885436 7584.000000 1.115840 0.830147
0.776369 0.753913 0.734439 0.717632 0.703232 0.691031 0.680859 0.672579 0.666082 0.661288 0.658137 0.656590 0.656628 0.658253 0.661482 0.658659 0.652763 0.648519 0.645877 0.644803 0.645284 0.647327 0.650956 0.656216 0.663172 0.671914 0.682554 0.695240 0.710149 0.727502 0.733925 0.724845 0.717696 0.712385 0.708848 0.707041 0.706941 0.708548 0.711882 0.716982 0.723913 0.732761 0.743642 0.756702 0.772122 0.790126 0.810990 0.829703 0.806497 0.786397 0.769082 0.754292 0.741812 0.731473 0.723136 0.716694 0.712066 0.709195 0.708046 0.708605 0.710878 0.714895 0.720702 0.728375 0.738009 0.742157 0.733588 0.726947 0.722149 0.719134 0.717867 0.718333 0.720535 0.724502 0.730282 0.737947 0.747594 0.759351 0.773377 0.789869 0.809071 0.831282 0.856871 0.886287 0.881450 0.825080 0.777246 0.736331 0.701113 0.670652 0.644215 0.621223 0.601214 0.583817 0.568729 0.555707 0.554386 0.555054 0.557068 0.560452 0.565247 0.571513 0.579331 0.588805 0.600063 0.613266 0.628611 0.646342 0.666754 0.681517 0.689256 0.698876 0.710504 0.724300 0.740462 0.759232 0.780908 0.805857 0.834530 0.867486 0.905422 0.949219 1.000000 0.950768 0.905312 0.865995 0.831872 0.802195 1146.000000 1.063988 0.820745
0.962149 0.893669 0.836171 0.787406 0.745713 0.709838 0.678816 0.651897 0.628488 0.608116 0.590400 0.575034 0.561767 0.550394 0.540749 0.532697 0.526131 0.520964 0.517132 0.514586 0.513296 0.513245 0.514434 0.516876 0.516166 0.507365 0.500044 0.494104 0.489469 0.486080 0.483896 0.482889 0.483048 0.484374 0.486884 0.490608 0.495592 0.501900 0.509615 0.518839 0.529704 0.542368 0.557027 0.573921 0.593346 0.611427 0.614058 0.618208 0.623928 0.631290 0.640389 0.651346 0.664313 0.679476 0.697067 0.717367 0.740722 0.767561 0.798414 0.833944 0.874990 0.922623 0.978233 0.982188 0.910436 0.850362 0.799533 0.756156 0.718886 0.686695 0.658781 0.634518 0.613403 0.595036 0.579091 0.565305 0.553462 0.543388 0.534939 0.528002 0.522484 0.518317 0.515448 0.513841 0.512124 0.504778 0.498824 0.494185 0.490804 0.488638 0.487660 0.487859 0.489238 0.491812 0.495614 0.500691 0.507107 0.514947 0.524315 0.535345 0.548197 0.563072 0.580213 0.599921 0.596917 0.592187 0.588938 0.587132 0.586746 0.587775 0.590233 0.594148 0.599570 0.606567 0.615228 0.625670 0.638035 0.652503 0.669292 0.688671 0.710969 0.736593 0.766048 0.799964 0.839138 0.884587 0.937629 1.000000 4023.000000 1.577617 0.724351
0.718087 0.705801 0.695575 0.687274 0.680790 0.676040 0.672965 0.671530 0.671715 0.673523 0.676976 0.682117 0.689008 0.697739 0.708422 0.721202 0.736258 0.753810 0.774131 0.797551 0.824482 0.855427 0.891016 0.932038 0.979493 1.000000 0.966076 0.936560 0.910924 0.888738 0.869652 0.853381 0.839694 0.828403 0.819359 0.812447 0.807579 0.797343 0.770913 0.747923 0.727967 0.710716 0.695902 0.683305 0.672748 0.664088 0.657210 0.652029 0.648479 0.646516 0.646117 0.647277 0.650010 0.654349 0.660348 0.668082 0.677651 0.689183 0.689160 0.688099 0.688698 0.690964 0.694924 0.700628 0.708146 0.717575 0.729039 0.742692 0.758730 0.777390 0.798964 0.797725 0.792689 0.789607 0.788441 0.789177 0.791823 0.796413 0.803001 0.811672 0.822534 0.835732 0.851446 0.869897 0.891360 0.916173 0.944747 0.924824 0.889639 0.859026 0.832389 0.809245 0.789202 0.771944 0.757209 0.744787 0.734506 0.726232 0.719856 0.715300 0.712507 0.711443 0.712095 0.714471 0.718599 0.724532 0.732342 0.742129 0.754023 0.768186 0.784544 0.772281 0.762204 0.754180 0.748107 0.743909 0.741533 0.740953 0.742159 0.745168 0.750016 0.756761 0.765491 0.776316 0.789380 0.769225 0.749564 0.732604 11493.500000 1.143244 0.873122
0.878343 0.892661 0.909680 0.929645 0.952852 0.979668 1.000000 0.942048 0.892477 0.849807 0.812900 0.780868 0.753010 0.728767 0.707687 0.689407 0.673630 0.660113 0.639515 0.621036 0.605012 0.591182 0.579335 0.569297 0.560930 0.554122 0.548782 0.544845 0.542260 0.540997 0.541041 0.539914 0.535367 0.532168 0.530277 0.529671 0.530342 0.532299 0.535566 0.540182 0.546206 0.553715 0.562807 0.573609 0.586273 0.600989 0.617990 0.637562 0.660057 0.685909 0.708289 0.716793 0.727278 0.739883 0.754783 0.772194 0.792381 0.815670 0.842460 0.873245 0.908637 0.949404 0.932184 0.910756 0.892393 0.876827 0.863839 0.853256 0.844940 0.838786 0.834718 0.832685 0.832663 0.834651 0.838675 0.844782 0.853049 0.863581 0.876514 0.892021 0.835901 0.771702 0.718267 0.673271 0.635019 0.602253 0.574017 0.549575 0.528351 0.509887 0.493820 0.479855 0.467755 0.461176 0.457925 0.455809 0.454804 0.454896 0.456088 0.458393 0.461839 0.466470 0.472345 0.479539 0.488150 0.498298 0.510132 0.523835 0.539630 0.557792 0.578662 0.602664 0.630326 0.662323 0.699517 0.743033 0.794363 0.855526 0.857392 0.850078 0.844907 0.841813 0.840761 0.841736 0.844751 0.849842 0.857073 0.866533 5534.000000 1.464983 0.779549
