60
1000 1000
6 13 7 30 -2 43 13 26 25 12 27 -2 14
6 -9 22 2 -4 29 -4 46 25 33 47 6 52
5 55 42 105 -4 123 61 92 131 43 90
7 18 11 50 9 70 9 77 22 71 57 49 59 33 37
5 15 47 74 18 100 77 65 106 36 85
7 28 22 50 10 74 21 91 43 80 59 56 84 26 55
6 -9 28 14 15 39 18 56 29 34 48 17 49
7 44 58 58 31 82 37 86 60 74 82 57 82 31 81
7 21 40 70 20 103 22 141 49 118 105 65 93 46 82
4 -13 33 26 13 62 40 22 55
7 -2 11 13 8 26 7 32 22 23 32 11 34 -1 28
8 13 55 23 40 41 33 56 43 75 57 58 78 44 79 21 78
5 11 16 39 -10 54 27 35 52 3 38
4 32 -14 69 14 37 48 -3 17
6 42 83 95 46 138 38 208 78 158 148 93 139
6 178 101 192 68 225 83 256 98 229 133 181 152
5 58 36 101 33 124 65 100 84 75 66
4 17 60 45 35 70 61 44 85
4 3 26 31 10 59 27 37 58
6 5 11 24 1 43 -3 64 14 48 35 20 41
4 19 102 86 69 144 99 93 151
6 17 31 42 31 51 52 38 66 20 65 6 52
5 70 33 93 23 113 40 91 62 69 56
6 -36 38 4 12 42 8 61 45 36 74 0 63
3 44 48 80 71 48 89
5 10 81 44 41 55 91 47 137 -4 126
8 11 -6 35 -5 45 1 54 13 41 22 32 34 14 33 5 13
3 45 -8 157 58 31 114
6 241 78 289 67 348 127 282 170 228 182 186 130
5 -15 25 54 4 90 48 39 92 -9 78
3 37 22 217 89 60 188
7 21 133 40 93 89 111 138 158 116 195 57 221 22 175
7 -17 26 16 15 38 4 39 37 28 54 10 82 -3 43
3 8 30 64 54 19 75
4 37 -13 78 21 39 51 3 23
4 75 201 163 111 251 216 146 330
4 45 121 91 79 138 128 91 157
8 16 10 49 6 69 27 88 39 64 57 48 68 12 72 15 45
3 44 76 139 149 44 183
8 14 17 34 11 53 8 58 34 52 46 32 47 24 44 6 35
7 9 11 21 0 37 3 48 22 41 34 23 34 11 29
3 41 65 99 94 36 125
8 -2 -2 19 -1 48 -3 49 23 40 36 28 47 4 39 4 21
6 0 0 37 2 41 33 40 56 -1 64 3 33
8 3 12 12 -1 25 -8 41 3 49 14 39 26 26 31 17 24
6 16 7 33 6 44 30 36 48 14 46 0 29
3 -6 -10 43 23 3 39
8 8 47 50 53 90 59 103 93 78 119 42 150 20 128 -9 100
7 33 74 49 22 98 63 138 96 103 128 67 149 47 117
5 33 8 113 -23 124 51 105 85 37 97
4 9 45 40 25 76 47 44 68
3 36 26 85 56 37 81
6 93 54 122 62 134 90 116 100 99 106 73 83
5 -2 12 35 -4 52 36 32 61 3 58
7 146 236 228 196 271 227 364 286 269 320 195 366 169 298
8 -5 75 9 60 36 54 50 58 65 88 53 102 28 107 9 99
4 -48 36 34 -21 121 37 22 118
5 68 83 187 54 234 142 160 187 69 172
8 1 15 3 8 17 5 27 6 31 16 24 29 15 34 5 31
8 32 37 36 10 81 -20 92 17 119 47 99 63 69 100 27 76
