30
1000 1000
7 -2 33 21 38 31 37 38 50 30 62 18 69 -6 59
4 8 58 26 39 59 64 26 89
4 29 -2 61 17 27 43 -8 24
3 41 50 91 84 52 102
6 12 17 32 19 42 32 30 49 12 46 -2 33
5 24 18 86 5 126 53 96 94 21 90
5 23 12 70 -3 113 43 66 80 34 64
6 104 83 169 54 167 125 134 164 91 173 83 125
5 25 76 62 58 72 94 57 122 34 103
3 252 161 373 240 257 322
4 69 48 103 31 123 49 94 89
5 13 16 54 -24 86 40 48 59 8 66
7 83 47 110 -11 152 30 190 47 154 93 87 138 77 72
4 2 39 30 25 58 45 29 62
8 -9 51 11 21 36 20 77 24 96 47 71 81 44 92 6 75
8 1 76 32 45 57 44 77 54 77 74 93 98 50 129 23 103
7 -4 34 39 -22 91 -5 100 55 69 79 42 102 -4 72
8 64 48 81 42 101 62 126 69 99 88 87 102 73 85 61 77
5 63 84 125 88 195 125 129 157 82 142
6 138 96 188 116 221 154 180 171 132 188 111 153
4 27 29 59 55 29 74 4 55
8 11 11 42 5 73 11 63 43 64 59 33 63 4 78 8 40
4 5 110 66 50 96 106 74 177
3 102 14 196 44 94 128
8 26 48 38 17 64 18 112 10 110 52 111 94 67 82 47 74
6 25 77 48 57 69 55 80 81 66 101 46 99
7 20 29 47 33 70 15 74 51 65 77 47 94 12 63
5 17 45 50 32 73 57 50 82 23 73
4 -18 13 14 -6 33 15 16 44
5 105 65 196 32 248 126 180 187 84 167
