0.824971 0.815604 0.808372 0.803185 0.799980 0.798717 0.799380 0.801978 0.806542 0.813129 0.821820 0.832727 0.845993 0.861798 0.880366 0.901972 0.926955 0.955730 0.953621 0.890989 0.837972 0.792712 0.753813 0.720207 0.691064 0.665729 0.643682 0.624504 0.607858 0.593469 0.581113 0.570608 0.561805 0.554586 0.548855 0.544540 0.541586 0.539958 0.539637 0.540617 0.542911 0.546547 0.551569 0.558042 0.566048 0.575694 0.585500 0.588333 0.592628 0.598439 0.605838 0.614923 0.625815 0.638667 0.653665 0.671039 0.691073 0.714113 0.740588 0.771031 0.806109 0.846669 0.893792 0.948892 1.000000 0.958558 0.922548 0.891214 0.863953 0.840273 0.819780 0.802149 0.787116 0.774468 0.764031 0.755669 0.749273 0.744763 0.742085 0.741204 0.742112 0.744818 0.749357 0.755782 0.764176 0.774645 0.787328 0.802399 0.820072 0.792264 0.761372 0.734501 0.711117 0.690789 0.673168 0.657969 0.644960 0.633954 0.624796 0.617366 0.611566 0.607324 0.604587 0.603321 0.602159 0.595507 0.590406 0.586794 0.584625 0.583874 0.584532 0.586605 0.590120 0.595120 0.601667 0.609845 0.619762 0.631554 0.645388 0.661470 0.680056 0.701454 0.726049 0.754314 0.786841 0.824376 0.850630 0.836595 7804.000000 1.284974 0.799468
0.861001 0.790358 0.732057 0.683300 0.642082 0.606933 0.576750 0.550690 0.528101 0.508469 0.491385 0.476523 0.463617 0.452454 0.442857 0.434684 0.427819 0.422169 0.417660 0.414233 0.411846 0.410469 0.405930 0.401470 0.398055 0.395643 0.394203 0.393720 0.394186 0.395607 0.398001 0.401397 0.405837 0.411379 0.419843 0.434351 0.451022 0.470203 0.492325 0.517942 0.547763 0.582717 0.624042 0.673422 0.733206 0.806772 0.899155 1.000000 0.949728 0.906347 0.868758 0.836096 0.807677 0.782950 0.761473 0.742884 0.726890 0.713253 0.701777 0.692307 0.684716 0.673828 0.655859 0.640326 0.626987 0.615645 0.606141 0.598345 0.592155 0.587493 0.584301 0.582539 0.582186 0.583237 0.585706 0.589622 0.595035 0.589163 0.574598 0.562057 0.551351 0.542327 0.534862 0.528857 0.524234 0.520935 0.518919 0.518163 0.518656 0.520405 0.523432 0.527773 0.533482 0.540633 0.549319 0.554750 0.549133 0.544928 0.542083 0.540562 0.540349 0.541439 0.543847 0.547601 0.552749 0.559354 0.567503 0.577304 0.588894 0.602439 0.618146 0.636268 0.657116 0.681072 0.708613 0.740334 0.767369 0.770822 0.776184 0.783523 0.792930 0.804527 0.818470 0.834951 0.854210 0.876540 0.902301 0.931935 1311.000000 1.544340 0.715714
0.989331 0.934762 0.887925 0.847502 0.812472 0.782031 0.755544 0.732499 0.712484 0.695163 0.680265 0.667566 0.656887 0.648080 0.641030 0.635647 0.631863 0.629632 0.628926 0.629737 0.632075 0.635968 0.641464 0.648633 0.657565 0.668379 0.681224 0.696283 0.713780 0.733994 0.757263 0.757166 0.728628 0.703797 0.682192 0.663424 0.647179 0.633199 0.621276 0.611239 0.602950 0.596300 0.591205 0.587599 0.585438 0.584697 0.585366 0.587454 0.590985 0.596004 0.602573 0.610775 0.620721 0.632544 0.646414 0.662539 0.681171 0.702623 0.727279 0.755615 0.788224 0.825854 0.869457 0.920262 0.979879 1.000000 0.941791 0.892016 0.849182 0.812140 0.779995 0.752040 0.727713 0.706559 0.688211 0.672370 0.658794 0.647284 0.637679 0.629850 0.623695 0.619136 0.616117 0.614601 0.614569 0.616021 0.618975 0.623467 0.629551 0.637307 0.646833 0.658258 0.671742 0.687480 0.705715 0.726741 0.750447 0.724652 0.702207 0.682706 0.665819 0.651279 0.638866 0.628404 0.619747 0.612782 0.607419 0.603590 0.601249 0.600366 0.600932 0.602952 0.606453 0.611476 0.618084 0.626362 0.636418 0.648391 0.662449 0.678801 0.697705 0.719475 0.744498 0.773255 0.806343 0.844515 0.888728 0.940216 2006.500000 1.332802 0.754008
0.561788 0.566590 0.572866 0.580697 0.590186 0.601465 0.614692 0.630066 0.647829 0.668280 0.691785 0.718799 0.749888 0.785767 0.827344 0.875795 0.932661 1.000000 0.992699 0.931282 0.879016 0.834207 0.795569 0.762107 0.733040 0.707752 0.685747 0.666626 0.650067 0.635805 0.623625 0.613353 0.604848 0.597996 0.592709 0.588922 0.586587 0.585675 0.586177 0.588097 0.591459 0.596305 0.602695 0.599078 0.590444 0.583442 0.577980 0.573989 0.571420 0.570241 0.570439 0.572016 0.574990 0.579398 0.585296 0.592757 0.601880 0.612787 0.625632 0.640604 0.657933 0.677904 0.700868 0.727255 0.725077 0.714255 0.705426 0.698474 0.693312 0.689876 0.688123 0.688033 0.689603 0.692854 0.697824 0.704576 0.713195 0.723793 0.736511 0.751527 0.769060 0.789377 0.812808 0.839758 0.870726 0.835396 0.802471 0.773836 0.748917 0.727249 0.708459 0.692241 0.678346 0.666573 0.656757 0.648765 0.642495 0.637867 0.634824 0.633328 0.633361 0.634924 0.638036 0.642734 0.649077 0.657146 0.667045 0.678907 0.692898 0.709223 0.687045 0.663670 0.643331 0.625665 0.610374 0.597217 0.585998 0.576555 0.568761 0.562511 0.557726 0.554346 0.552330 0.551652 0.552305 0.554296 0.556388 0.558402 1453.500000 1.277079 0.792763
0.541637 0.539346 0.538366 0.538685 0.540307 0.543251 0.547554 0.553269 0.560469 0.569248 0.579726 0.592049 0.606401 0.623004 0.642132 0.664122 0.689392 0.718459 0.751978 0.790775 0.835917 0.888795 0.925469 0.908449 0.894158 0.882403 0.873029 0.865916 0.860976 0.858147 0.857396 0.858713 0.862113 0.867640 0.875360 0.885371 0.897802 0.912816 0.930622 0.951474 0.975686 1.000000 0.930148 0.871380 0.821458 0.778720 0.741909 0.710054 0.682398 0.658342 0.637408 0.619210 0.603436 0.589831 0.578188 0.568338 0.560145 0.553500 0.548316 0.544528 0.542089 0.540968 0.541154 0.542647 0.545467 0.549647 0.555239 0.562315 0.570967 0.581311 0.587514 0.589659 0.593254 0.598343 0.604991 0.613282 0.623326 0.635261 0.649256 0.665520 0.684312 0.705946 0.730810 0.759386 0.792274 0.830231 0.874219 0.925484 0.968316 0.944287 0.923593 0.905921 0.891020 0.878683 0.868748 0.861086 0.855601 0.852226 0.850919 0.851665 0.854473 0.859376 0.866435 0.875738 0.887404 0.901587 0.918479 0.938319 0.900936 0.847034 0.801039 0.761522 0.727390 0.697796 0.672071 0.649686 0.630212 0.613307 0.598689 0.586132 0.575448 0.566486 0.559126 0.553271 0.548845 0.545795 0.544081 0.543684 799.000000 1.457086 0.785801
0.936598 1.000000 0.902652 0.824386 0.760295 0.707031 0.662232 0.624186 0.591622 0.563578 0.539312 0.518247 0.499925 0.483980 0.470118 0.458101 0.447735 0.438862 0.431352 0.425102 0.420028 0.416064 0.413160 0.411281 0.410402 0.410515 0.411619 0.413728 0.416869 0.421080 0.426415 0.432943 0.440752 0.449952 0.460678 0.473095 0.487407 0.503864 0.522774 0.544521 0.569589 0.598587 0.632302 0.671756 0.718307 0.773793 0.743520 0.707502 0.676366 0.649353 0.625866 0.605425 0.587649 0.572225 0.558903 0.547476 0.537776 0.529668 0.523042 0.517811 0.513911 0.511291 0.509919 0.509780 0.510872 0.513207 0.516814 0.521739 0.528042 0.535806 0.545135 0.556157 0.569034 0.583962 0.601181 0.620988 0.643748 0.669915 0.700058 0.734895 0.775346 0.822608 0.847692 0.773079 0.712114 0.661539 0.619064 0.583034 0.552225 0.525711 0.502782 0.482885 0.465581 0.450522 0.437428 0.426071 0.416266 0.407863 0.400738 0.394793 0.389948 0.386138 0.383318 0.381450 0.380513 0.380494 0.381395 0.383225 0.386007 0.389776 0.394579 0.400478 0.407554 0.415904 0.425650 0.436942 0.449963 0.464938 0.482145 0.501932 0.524729 0.551087 0.581709 0.617509 0.659698 0.709910 0.770404 0.844393 1152.000000 1.400325 0.580065
0.936806 0.953551 0.943706 0.908227 0.877356 0.850496 0.827166 0.806973 0.789600 0.774786 0.762320 0.752032 0.743787 0.737477 0.733025 0.730375 0.729495 0.730375 0.733025 0.739864 0.751743 0.765885 0.782491 0.801807 0.824136 0.849851 0.879408 0.913376 0.952460 0.997549 0.963056 0.930290 0.901781 0.877017 0.855584 0.837141 0.821414 0.808178 0.797252 0.788492 0.781785 0.777047 0.774221 0.773271 0.774186 0.776977 0.781679 0.788348 0.797069 0.807953 0.813127 0.808968 0.806784 0.806551 0.808263 0.811944 0.817637 0.825412 0.835369 0.847636 0.862377 0.879797 0.870159 0.856825 0.845900 0.837243 0.830741 0.826316 0.823911 0.823499 0.825073 0.828654 0.834285 0.842035 0.852002 0.864316 0.879139 0.896677 0.917184 0.940971 0.968420 1.000000 0.963095 0.926887 0.895382 0.867970 0.844160 0.823553 0.805822 0.790704 0.777982 0.767483 0.759068 0.752629 0.748085 0.745381 0.744483 0.745381 0.739601 0.733927 0.730086 0.728028 0.727731 0.729190 0.732423 0.737469 0.744391 0.753276 0.764239 0.777426 0.793020 0.811248 0.832385 0.856772 0.884828 0.917067 0.921455 0.910320 0.901596 0.895174 0.890974 0.888945 0.889062 0.891327 0.895767 0.902436 0.911417 0.922824 835.500000 1.058096 0.871779
0.817528 0.838314 0.862316 0.889940 0.916745 0.908059 0.901688 0.897554 0.895604 0.895817 0.898194 0.902764 0.909583 0.918737 0.930340 0.944545 0.948663 0.885166 0.831514 0.785779 0.746517 0.712627 0.683256 0.657731 0.635520 0.616197 0.599415 0.584895 0.572409 0.561769 0.552825 0.545455 0.539561 0.535069 0.531061 0.527975 0.526186 0.525671 0.526423 0.528453 0.531785 0.536459 0.542535 0.550090 0.559225 0.570066 0.582766 0.597518 0.614554 0.634164 0.656700 0.682602 0.712418 0.746839 0.786746 0.833280 0.887939 0.952727 0.968049 0.959106 0.952600 0.948451 0.946609 0.947051 0.949783 0.954837 0.962276 0.972193 0.984713 1.000000 0.949374 0.900765 0.858859 0.822573 0.791057 0.763639 0.739780 0.719046 0.701087 0.685613 0.672393 0.661236 0.651988 0.644527 0.638756 0.634603 0.632015 0.630963 0.631433 0.633431 0.636981 0.640634 0.634366 0.629722 0.626644 0.625094 0.625055 0.626524 0.629521 0.634081 0.640262 0.648141 0.657821 0.669432 0.683135 0.699130 0.717663 0.739034 0.763613 0.791856 0.812625 0.795427 0.780783 0.768486 0.758370 0.750300 0.744174 0.739916 0.737472 0.736814 0.737933 0.740843 0.745579 0.752200 0.760789 0.771456 0.784344 0.799628 7266.500000 1.438361 0.815612
0.808168 0.745159 0.692813 0.648799 0.611429 0.579449 0.551911 0.528087 0.507406 0.489419 0.473765 0.460156 0.448357 0.438177 0.429461 0.422082 0.415937 0.410944 0.407039 0.404171 0.402307 0.401422 0.401506 0.402560 0.404597 0.407642 0.411732 0.416920 0.423272 0.430876 0.439837 0.450286 0.462385 0.476331 0.492367 0.510794 0.531986 0.556411 0.584663 0.617504 0.655929 0.701254 0.755263 0.820427 0.900271 1.000000 0.993148 0.904294 0.831873 0.771914 0.721638 0.679047 0.642665 0.611382 0.584345 0.560892 0.540501 0.522755 0.507322 0.493929 0.482357 0.472427 0.463993 0.456936 0.451162 0.446594 0.443174 0.440860 0.439624 0.439451 0.440338 0.442297 0.445350 0.449537 0.454910 0.461537 0.469509 0.478934 0.489951 0.502726 0.517465 0.534420 0.553904 0.576303 0.602102 0.631913 0.666518 0.706936 0.754506 0.811035 0.774520 0.735840 0.702452 0.673514 0.648367 0.626484 0.607446 0.590913 0.576608 0.564306 0.553825 0.545015 0.537757 0.531953 0.527531 0.524435 0.522627 0.522084 0.522801 0.524786 0.528063 0.532672 0.538672 0.546139 0.555173 0.565896 0.578463 0.593062 0.609924 0.629333 0.651640 0.677278 0.706789 0.740854 0.780345 0.826385 0.880454 0.885146 17943.000000 1.353665 0.584481
0.858607 0.875489 0.820411 0.758724 0.707249 0.663813 0.626825 0.595101 0.567734 0.544027 0.523431 0.505511 0.489918 0.476372 0.464644 0.454548 0.445934 0.438676 0.432677 0.427857 0.424153 0.438447 0.459800 0.484567 0.513461 0.547422 0.587709 0.636051 0.694883 0.767746 0.859994 0.980120 1.000000 0.938345 0.885862 0.840856 0.802042 0.768422 0.739217 0.713807 0.691697 0.672486 0.655852 0.641528 0.629301 0.618994 0.610466 0.603605 0.600614 0.601338 0.603520 0.607186 0.612381 0.619170 0.627640 0.637903 0.650100 0.664404 0.681029 0.700238 0.722352 0.747769 0.776980 0.810598 0.849396 0.843522 0.827323 0.813658 0.802339 0.793214 0.786168 0.781111 0.777981 0.776739 0.777371 0.779885 0.784311 0.790702 0.799140 0.809732 0.822616 0.779215 0.718962 0.668855 0.626688 0.590861 0.560186 0.533761 0.510892 0.491037 0.473766 0.458736 0.445671 0.434347 0.424581 0.416226 0.417757 0.428793 0.441521 0.456160 0.472982 0.492324 0.514607 0.540366 0.570287 0.605259 0.646459 0.695476 0.754503 0.826655 0.916508 0.909021 0.887340 0.868713 0.852864 0.839569 0.828649 0.819959 0.813388 0.808855 0.806304 0.805704 0.807047 0.810351 0.815654 0.823024 0.832551 0.844360 3680.000000 1.038400 0.612619
0.936697 0.967340 0.994301 0.919539 0.857154 0.804511 0.759684 0.721235 0.688068 0.659336 0.634375 0.612656 0.593759 0.577341 0.563128 0.550892 0.540452 0.531656 0.524386 0.518543 0.517240 0.517472 0.518956 0.521709 0.525764 0.531173 0.538003 0.546345 0.556311 0.568042 0.581709 0.597525 0.615750 0.636703 0.660781 0.688476 0.720405 0.757353 0.800328 0.850646 0.910055 0.945552 0.925370 0.908174 0.893719 0.881808 0.872284 0.865025 0.859941 0.856968 0.856072 0.857240 0.860487 0.865853 0.873403 0.883233 0.895468 0.910271 0.927844 0.948439 0.972365 1.000000 0.971315 0.905487 0.849934 0.802625 0.762044 0.727036 0.696708 0.670360 0.647434 0.627486 0.610157 0.595155 0.582241 0.571223 0.561943 0.554274 0.548113 0.543383 0.540024 0.537994 0.537268 0.537839 0.539712 0.542911 0.547475 0.553461 0.560946 0.570027 0.579004 0.589301 0.601445 0.615616 0.632029 0.650952 0.672714 0.697721 0.726477 0.759613 0.797930 0.842456 0.894527 0.955914 0.979336 0.947134 0.919126 0.894821 0.873820 0.855795 0.840484 0.827669 0.817178 0.808875 0.802652 0.798433 0.796167 0.795825 0.797404 0.800922 0.806422 0.813974 0.823671 0.835639 0.850038 0.867068 0.886974 0.910060 15270.000000 1.254571 0.738017
0.788864 0.752233 0.713976 0.680984 0.652408 0.627585 0.605988 0.587196 0.570868 0.556728 0.544552 0.534157 0.525393 0.518140 0.512302 0.507804 0.504589 0.502618 0.501866 0.502325 0.504000 0.506912 0.511096 0.516604 0.523508 0.531897 0.528729 0.525151 0.522872 0.521865 0.522117 0.523631 0.526426 0.530536 0.536013 0.542925 0.551363 0.561441 0.573302 0.587120 0.603109 0.621532 0.642714 0.667054 0.695050 0.727328 0.764683 0.808134 0.859015 0.919096 0.990780 1.000000 0.921976 0.857161 0.802668 0.756402 0.716812 0.682723 0.653232 0.627632 0.605367 0.585990 0.569144 0.554538 0.541936 0.531145 0.522008 0.514399 0.508215 0.503376 0.499822 0.497507 0.496404 0.496500 0.497794 0.500304 0.504060 0.509109 0.507468 0.502680 0.499173 0.496903 0.495843 0.495979 0.497314 0.499864 0.503660 0.508748 0.515195 0.523083 0.532519 0.543636 0.556597 0.571600 0.588894 0.608779 0.631628 0.657906 0.688196 0.723235 0.763974 0.811647 0.826656 0.796667 0.770569 0.747871 0.728177 0.711162 0.696564 0.684168 0.673801 0.665322 0.658621 0.653612 0.650234 0.648444 0.648221 0.649564 0.652486 0.657026 0.663237 0.671200 0.681017 0.692819 0.706770 0.723072 0.741974 0.763780 4482.500000 1.412755 0.726438
0.757370 0.784789 0.816309 0.852606 0.894537 0.943196 1.000000 0.939713 0.886992 0.841793 0.802817 0.769062 0.739740 0.714230 0.692033 0.672745 0.656041 0.641655 0.629369 0.619009 0.610431 0.603522 0.598192 0.594374 0.591573 0.583198 0.576425 0.571169 0.567361 0.564957 0.563925 0.564254 0.565947 0.569026 0.573527 0.579508 0.587044 0.596233 0.607201 0.620102 0.635126 0.652508 0.672533 0.695555 0.722010 0.717508 0.706887 0.698232 0.691433 0.686402 0.683078 0.681420 0.681407 0.683039 0.686337 0.691341 0.698112 0.706736 0.717326 0.730024 0.745006 0.762491 0.754396 0.745604 0.738773 0.733818 0.730677 0.729313 0.729709 0.731869 0.735819 0.741609 0.749311 0.759021 0.770869 0.785013 0.801653 0.821034 0.843458 0.843184 0.802273 0.766910 0.736232 0.709557 0.686344 0.666155 0.648638 0.633505 0.620524 0.609502 0.600287 0.592752 0.586801 0.582356 0.579364 0.577787 0.577607 0.578820 0.581443 0.585506 0.591060 0.598176 0.606945 0.617485 0.629941 0.644495 0.661369 0.680834 0.671900 0.659785 0.649635 0.641315 0.634715 0.629752 0.626362 0.624506 0.624159 0.625318 0.627998 0.632230 0.638067 0.645583 0.654875 0.666065 0.679310 0.694800 0.712770 0.733509 4464.500000 1.321605 0.821905
0.677220 0.656534 0.638568 0.623019 0.609644 0.598241 0.588650 0.580738 0.574401 0.569559 0.566149 0.564132 0.563481 0.564190 0.566266 0.569735 0.574640 0.581042 0.589023 0.598689 0.610172 0.623636 0.639282 0.657358 0.678167 0.702084 0.729570 0.761205 0.797717 0.840034 0.889354 0.947252 0.918776 0.887896 0.861032 0.837704 0.817524 0.800176 0.785402 0.772992 0.762777 0.754623 0.748425 0.744106 0.741614 0.740916 0.742006 0.744896 0.749622 0.756242 0.764839 0.775523 0.788436 0.803756 0.821701 0.842542 0.848907 0.809972 0.776240 0.746934 0.721434 0.699247 0.679973 0.663288 0.648928 0.636678 0.626363 0.617842 0.611001 0.605754 0.602034 0.599796 0.599012 0.599673 0.601786 0.605378 0.605180 0.598825 0.594018 0.590700 0.588829 0.588383 0.589356 0.591761 0.595626 0.600999 0.607948 0.616562 0.626956 0.639273 0.653690 0.670425 0.689744 0.711976 0.737524 0.766891 0.800702 0.839748 0.885040 0.937883 1.000000 0.980620 0.938638 0.902187 0.870480 0.842888 0.818904 0.798116 0.780190 0.764854 0.751886 0.741106 0.732370 0.725565 0.720605 0.717430 0.716000 0.716297 0.718326 0.722111 0.727699 0.735158 0.744585 0.756101 0.769863 0.759764 0.728319 0.700995 2101.000000 1.319697 0.794010
0.702197 0.683730 0.667777 0.654091 0.642472 0.632756 0.624812 0.618537 0.613851 0.610695 0.609031 0.608840 0.609750 0.606134 0.604006 0.603343 0.604134 0.606390 0.610139 0.615426 0.622318 0.630903 0.641295 0.653635 0.668102 0.684910 0.704327 0.726678 0.752366 0.781890 0.815871 0.855094 0.900557 0.878553 0.855425 0.835445 0.818303 0.803748 0.791575 0.781621 0.773754 0.767876 0.763912 0.761816 0.761560 0.763143 0.766583 0.771921 0.779226 0.788587 0.800128 0.814001 0.830400 0.849561 0.871778 0.836815 0.795996 0.760721 0.730125 0.703523 0.680374 0.660239 0.642766 0.627667 0.614708 0.603698 0.594482 0.586937 0.580962 0.576483 0.573443 0.571806 0.571551 0.572675 0.575191 0.579132 0.584545 0.584363 0.585474 0.588008 0.591996 0.597489 0.604554 0.613283 0.623793 0.636229 0.650771 0.667639 0.687104 0.709498 0.735233 0.764816 0.798885 0.838245 0.883923 0.937255 1.000000 0.974071 0.927281 0.886818 0.851705 0.821169 0.794596 0.771488 0.751446 0.734142 0.719312 0.706737 0.696243 0.687689 0.680963 0.675980 0.672678 0.671017 0.670976 0.680220 0.692861 0.707718 0.725011 0.745009 0.768045 0.794527 0.824958 0.845697 0.808417 0.776075 0.747954 0.723481 8541.500000 1.216742 0.784400
0.761600 0.775421 0.791696 0.810663 0.832617 0.857917 0.887006 0.893109 0.865813 0.842105 0.821587 0.803935 0.788887 0.776228 0.765784 0.757417 0.751022 0.746516 0.743846 0.742979 0.743903 0.746631 0.751195 0.757652 0.766082 0.776594 0.789326 0.804454 0.804065 0.793349 0.784780 0.778250 0.773676 0.771001 0.770194 0.771245 0.774167 0.778994 0.785787 0.794631 0.805639 0.818957 0.834767 0.853296 0.874821 0.899685 0.928304 0.944310 0.908925 0.878135 0.851346 0.828080 0.807946 0.790627 0.775865 0.763450 0.753211 0.745015 0.738756 0.734355 0.731759 0.730936 0.731877 0.734591 0.739113 0.745498 0.753826 0.764204 0.776769 0.791694 0.809191 0.829522 0.853009 0.880047 0.911122 0.898075 0.864995 0.836209 0.811168 0.789430 0.770635 0.754489 0.740754 0.729235 0.719777 0.712254 0.706572 0.702659 0.700468 0.699971 0.701163 0.704057 0.708691 0.715120 0.723425 0.733714 0.746123 0.760823 0.778027 0.797993 0.821041 0.847563 0.878041 0.913075 0.953413 1.000000 0.988947 0.946529 0.909702 0.877668 0.849792 0.825559 0.804554 0.786440 0.770939 0.757828 0.746925 0.738084 0.731191 0.726159 0.722925 0.721450 0.721716 0.723726 0.727506 0.733100 0.740579 0.750038 5292.000000 1.073857 0.840941
0.825374 0.803805 0.785177 0.769205 0.755653 0.744333 0.735092 0.727809 0.722393 0.718775 0.716912 0.716781 0.718380 0.721729 0.726868 0.733862 0.742799 0.753794 0.766995 0.782586 0.800793 0.821895 0.846232 0.874225 0.906392 0.880322 0.851850 0.827092 0.805619 0.787080 0.771192 0.757721 0.746481 0.737319 0.730118 0.724785 0.721254 0.719482 0.719448 0.721151 0.724612 0.729873 0.737000 0.746082 0.757238 0.770617 0.786406 0.804835 0.826187 0.850808 0.879125 0.911663 0.915187 0.891349 0.870767 0.853123 0.838158 0.825664 0.815473 0.807452 0.801499 0.797541 0.795529 0.795438 0.797268 0.801040 0.806801 0.814623 0.824603 0.836872 0.851595 0.868975 0.867295 0.832856 0.802907 0.776844 0.754179 0.734519 0.717542 0.702988 0.690643 0.680335 0.671925 0.665304 0.660387 0.657114 0.655445 0.655358 0.656854 0.659951 0.664685 0.671116 0.679326 0.689420 0.701535 0.715838 0.732538 0.751890 0.774209 0.799879 0.829376 0.863291 0.902365 0.947534 1.000000 0.991186 0.953532 0.920770 0.892263 0.867496 0.846049 0.827583 0.811820 0.798534 0.787542 0.778700 0.771892 0.767035 0.764067 0.762953 0.763680 0.766255 0.770712 0.777103 0.785509 0.796038 0.808828 0.824054 517.500000 1.141407 0.844448
0.924604 0.897119 0.873263 0.852645 0.834943 0.819895 0.807291 0.796960 0.788765 0.782604 0.778399 0.776099 0.775675 0.777123 0.780460 0.785727 0.792989 0.802337 0.813892 0.827809 0.844279 0.863540 0.885884 0.911671 0.941339 0.975432 0.934135 0.894646 0.860348 0.830511 0.804546 0.781983 0.762437 0.745597 0.731209 0.719064 0.708997 0.700873 0.694587 0.690061 0.687238 0.686084 0.686585 0.688748 0.692598 0.698183 0.705572 0.714860 0.726168 0.739650 0.755497 0.773943 0.795277 0.819851 0.839739 0.822331 0.807537 0.795147 0.784994 0.776945 0.770898 0.766778 0.764533 0.764137 0.765584 0.768893 0.774104 0.781281 0.790514 0.801923 0.815661 0.831916 0.850923 0.872972 0.898416 0.927690 0.961329 1.000000 0.990718 0.954258 0.922530 0.894931 0.870972 0.850258 0.832465 0.817330 0.804639 0.794221 0.785938 0.779685 0.775384 0.772982 0.772450 0.773782 0.776993 0.782123 0.789236 0.798420 0.799579 0.776517 0.756520 0.739263 0.724482 0.711962 0.701529 0.693043 0.686393 0.681496 0.678291 0.676739 0.676820 0.678536 0.681908 0.686977 0.693806 0.702482 0.713116 0.725853 0.740871 0.758389 0.778677 0.802065 0.828961 0.859866 0.895406 0.936363 0.983731 0.956203 17250.500000 1.187922 0.841169
0.669945 0.715762 0.770297 0.836009 0.916390 1.000000 0.920666 0.854903 0.799706 0.752909 0.712908 0.678496 0.648743 0.622928 0.600480 0.580944 0.563956 0.549218 0.536490 0.525577 0.516317 0.508583 0.502268 0.497292 0.493591 0.491119 0.489846 0.489757 0.490849 0.493138 0.496649 0.501428 0.507534 0.515047 0.524067 0.534720 0.547160 0.561578 0.578207 0.597334 0.619313 0.644583 0.673695 0.707346 0.746428 0.792101 0.805363 0.758129 0.717762 0.683038 0.653020 0.626976 0.604329 0.584621 0.567482 0.552613 0.539769 0.528755 0.519407 0.511595 0.505213 0.500179 0.496428 0.493914 0.492607 0.492489 0.493560 0.495833 0.499336 0.504112 0.510220 0.517742 0.526776 0.537449 0.549916 0.564366 0.581034 0.600207 0.622238 0.647568 0.676747 0.710472 0.749635 0.795395 0.849285 0.913368 0.990491 0.918298 0.837555 0.771571 0.716826 0.670844 0.631836 0.598478 0.569769 0.544941 0.523395 0.504657 0.488350 0.474171 0.461873 0.451257 0.442159 0.434446 0.428012 0.422769 0.418649 0.415600 0.413584 0.412577 0.412567 0.413552 0.415546 0.418573 0.422669 0.427888 0.434296 0.441980 0.451048 0.461630 0.473890 0.488027 0.504285 0.522967 0.544449 0.569201 0.597820 0.631070 556.500000 1.283155 0.590466
0.919532 0.852952 0.797153 0.749902 0.709553 0.674867 0.644896 0.618901 0.596301 0.576634 0.559528 0.544681 0.531851 0.520837 0.511477 0.503639 0.497218 0.492129 0.488307 0.485706 0.484292 0.484050 0.484975 0.487080 0.490390 0.494945 0.500804 0.508042 0.516755 0.527064 0.539118 0.553100 0.569234 0.587797 0.609128 0.633649 0.661889 0.694514 0.732379 0.776589 0.828604 0.890385 0.948275 0.882871 0.827773 0.780919 0.740774 0.706173 0.676216 0.650200 0.627567 0.607873 0.590756 0.575927 0.563147 0.552224 0.543000 0.535347 0.529164 0.524371 0.520908 0.518732 0.517816 0.518149 0.519736 0.522595 0.526762 0.532288 0.539245 0.547723 0.557837 0.569730 0.583577 0.599595 0.618048 0.639262 0.663640 0.691683 0.724021 0.761456 0.805019 0.856055 0.916359 0.955032 0.881031 0.819506 0.767742 0.723769 0.686124 0.653698 0.625638 0.601276 0.580086 0.561645 0.545615 0.531720 0.519736 0.509480 0.500805 0.493589 0.487737 0.483172 0.479837 0.477690 0.476706 0.476873 0.478192 0.480680 0.484366 0.489298 0.495537 0.503165 0.512285 0.523025 0.535542 0.550031 0.566730 0.585929 0.607991 0.633365 0.662615 0.696457 0.735809 0.781871 0.836235 0.901056 0.979329 1.000000 1018.000000 1.104850 0.602368
0.603818 0.617180 0.632705 0.650639 0.671284 0.695011 0.684785 0.669565 0.656554 0.645564 0.636445 0.629074 0.623356 0.619219 0.616613 0.615505 0.615882 0.617749 0.621128 0.626061 0.632609 0.640855 0.650908 0.662904 0.677012 0.693441 0.712446 0.734340 0.759511 0.788436 0.821708 0.843067 0.806429 0.774632 0.746978 0.722913 0.701988 0.683841 0.668178 0.654759 0.643387 0.633905 0.626184 0.620126 0.615653 0.612709 0.611258 0.611284 0.612786 0.615783 0.620311 0.626426 0.634206 0.643752 0.655192 0.668686 0.684432 0.702670 0.723698 0.747882 0.775670 0.807623 0.797065 0.755834 0.720309 0.689560 0.662861 0.639635 0.619424 0.601856 0.586632 0.573506 0.562280 0.552791 0.544908 0.538526 0.533562 0.529953 0.527656 0.526642 0.526899 0.528429 0.531253 0.535403 0.540932 0.547910 0.556428 0.566602 0.578575 0.592523 0.608663 0.627260 0.648641 0.673210 0.701470 0.734053 0.771760 0.815622 0.866984 0.927635 1.000000 0.933028 0.876356 0.828056 0.786597 0.750815 0.719805 0.692858 0.669410 0.649009 0.631291 0.615960 0.602773 0.591534 0.582083 0.574291 0.568055 0.563296 0.559953 0.557987 0.557372 0.558101 0.560184 0.563645 0.568528 0.574893 0.582822 0.592420 2365.000000 1.237486 0.748420
0.940339 0.886071 0.839638 0.799659 0.765074 0.735054 0.708944 0.686222 0.666467 0.649338 0.634558 0.621900 0.611182 0.602252 0.594993 0.589309 0.585130 0.582402 0.581093 0.581187 0.582685 0.585605 0.589983 0.595873 0.603350 0.612511 0.623481 0.636411 0.651492 0.668956 0.669188 0.664227 0.660920 0.659226 0.659124 0.660614 0.663713 0.668459 0.674911 0.683151 0.693285 0.705449 0.719813 0.736586 0.756023 0.778441 0.804225 0.833853 0.867919 0.907165 0.952533 0.934046 0.895038 0.861148 0.831662 0.806006 0.783717 0.764419 0.747807 0.733632 0.721690 0.711818 0.703886 0.697791 0.693456 0.690829 0.689878 0.690591 0.692976 0.697063 0.702902 0.710566 0.720153 0.731789 0.745633 0.761882 0.780778 0.780352 0.752918 0.729045 0.708293 0.690307 0.674797 0.661528 0.650307 0.640978 0.633418 0.627528 0.623234 0.620483 0.619241 0.619494 0.621245 0.624514 0.629342 0.635789 0.643936 0.653891 0.665787 0.679793 0.696113 0.715001 0.736767 0.761793 0.754036 0.741784 0.731659 0.723525 0.717280 0.712844 0.710163 0.709204 0.709956 0.712428 0.716649 0.722672 0.730572 0.740450 0.752437 0.766695 0.783428 0.802885 0.825373 0.851266 0.881027 0.915230 0.954588 1.000000 3471.000000 1.272209 0.814062
0.769620 0.723479 0.684112 0.650294 0.621088 0.595766 0.573756 0.554603 0.537941 0.523476 0.510967 0.500219 0.491072 0.483397 0.477090 0.472069 0.468268 0.465641 0.464155 0.463792 0.464548 0.466432 0.469467 0.473691 0.479156 0.485933 0.494111 0.503805 0.515151 0.528323 0.543530 0.561031 0.581142 0.604258 0.630872 0.661606 0.697254 0.738843 0.787726 0.845718 0.915307 1.000000 0.915266 0.839236 0.776596 0.724281 0.680104 0.642466 0.610168 0.582297 0.558147 0.537163 0.518905 0.503019 0.489220 0.477277 0.467002 0.458240 0.450868 0.444783 0.439906 0.436174 0.433541 0.431974 0.431454 0.431974 0.433541 0.436174 0.439906 0.444783 0.450868 0.458240 0.467002 0.477277 0.489220 0.503019 0.518905 0.537163 0.558147 0.582297 0.610168 0.642466 0.680104 0.724281 0.776596 0.839236 0.915266 0.892764 0.833305 0.783040 0.740176 0.703368 0.671589 0.644041 0.620100 0.599266 0.581142 0.565403 0.551789 0.540086 0.530119 0.521748 0.514858 0.509359 0.505180 0.502269 0.500591 0.500125 0.500865 0.502820 0.506015 0.510488 0.516296 0.523513 0.532235 0.542582 0.554702 0.568777 0.585032 0.603740 0.625240 0.649952 0.678399 0.711242 0.749323 0.793734 0.845907 0.824168 1617.000000 1.187047 0.597979
0.754719 0.742662 0.731197 0.721792 0.714326 0.708702 0.704851 0.702726 0.702300 0.703568 0.706546 0.711271 0.717799 0.726215 0.736626 0.749170 0.764022 0.781396 0.801553 0.824818 0.851587 0.882348 0.917709 0.921149 0.897920 0.877897 0.860776 0.846309 0.834297 0.824581 0.817033 0.811560 0.808094 0.806592 0.807036 0.809432 0.813808 0.820219 0.828744 0.839491 0.852602 0.868254 0.886667 0.906639 0.896698 0.889092 0.883724 0.880529 0.879468 0.880529 0.883724 0.889092 0.896698 0.906639 0.919042 0.934070 0.908795 0.874353 0.844386 0.818311 0.795657 0.776044 0.759159 0.744749 0.732608 0.722569 0.714499 0.708296 0.703880 0.701198 0.700216 0.700924 0.703329 0.707461 0.710919 0.705333 0.701510 0.699404 0.698990 0.700263 0.703237 0.707950 0.714458 0.722846 0.733219 0.745718 0.760514 0.777821 0.797901 0.821075 0.847739 0.878381 0.901022 0.890116 0.881570 0.875275 0.871153 0.869154 0.869253 0.871452 0.875777 0.882281 0.891046 0.902181 0.915833 0.932184 0.951464 0.973954 1.000000 0.997856 0.956557 0.920671 0.889445 0.862277 0.838680 0.818259 0.800692 0.785717 0.773119 0.762728 0.754405 0.748045 0.743568 0.740918 0.740064 0.740994 0.743721 0.748277 676.000000 1.221406 0.887651
0.829924 0.804910 0.783192 0.764407 0.748263 0.734520 0.722983 0.713495 0.705931 0.700195 0.696216 0.693943 0.693351 0.694431 0.697196 0.701681 0.707940 0.716053 0.726123 0.738285 0.752705 0.769590 0.789196 0.811833 0.837885 0.867825 0.902238 0.941856 0.987601 1.000000 0.961646 0.928280 0.899245 0.874013 0.852155 0.833322 0.817230 0.803647 0.792386 0.783297 0.776263 0.771196 0.768033 0.766735 0.767287 0.769695 0.773989 0.780221 0.788469 0.798839 0.811466 0.826521 0.844218 0.864819 0.888644 0.862283 0.833834 0.809088 0.787612 0.769051 0.753118 0.739576 0.728237 0.718946 0.711581 0.706050 0.702283 0.700234 0.699877 0.701210 0.704247 0.709027 0.715608 0.724072 0.734530 0.747121 0.762018 0.779438 0.799644 0.822962 0.849788 0.880616 0.916054 0.945473 0.921387 0.900613 0.882836 0.867796 0.855287 0.845140 0.837225 0.831440 0.827716 0.826006 0.826289 0.828569 0.832874 0.839256 0.847795 0.858600 0.845259 0.823857 0.805403 0.789619 0.776276 0.765189 0.756210 0.749224 0.744142 0.740901 0.739462 0.739807 0.741941 0.745889 0.751701 0.759447 0.769227 0.781169 0.795434 0.812223 0.831782 0.854417 0.880498 0.910484 0.944941 0.929738 0.891721 0.858678 2116.000000 1.148439 0.841710
0.902341 0.931510 0.965031 1.000000 0.960254 0.925692 0.895614 0.869457 0.846767 0.827174 0.810374 0.796124 0.784222 0.774509 0.766848 0.750793 0.737137 0.725685 0.716283 0.708807 0.703162 0.699278 0.697106 0.696621 0.697817 0.700708 0.705329 0.711737 0.720013 0.730264 0.742626 0.757270 0.774405 0.794292 0.811471 0.809402 0.809288 0.811128 0.814944 0.820782 0.828716 0.838846 0.851302 0.866252 0.883904 0.904515 0.928401 0.955947 0.987629 0.980514 0.957959 0.938630 0.922243 0.908569 0.897426 0.888667 0.882182 0.877891 0.875742 0.875707 0.877786 0.868359 0.839236 0.813899 0.791900 0.772871 0.756516 0.742590 0.730896 0.721276 0.713602 0.707777 0.703729 0.701406 0.700781 0.701847 0.704616 0.709122 0.715420 0.723591 0.733738 0.745996 0.755437 0.756628 0.759655 0.764556 0.771390 0.780245 0.791234 0.804502 0.820233 0.838651 0.860036 0.884727 0.913142 0.945797 0.938285 0.916081 0.897015 0.880804 0.867222 0.856083 0.847242 0.840586 0.836031 0.833524 0.833032 0.834550 0.838096 0.828918 0.813843 0.801202 0.790824 0.782573 0.776343 0.772056 0.769661 0.769127 0.770450 0.773643 0.778747 0.785825 0.794965 0.806286 0.819937 0.836108 0.855031 0.876991 5823.500000 1.090215 0.885987
0.816590 0.872493 0.939041 1.000000 0.920444 0.854520 0.799205 0.752318 0.712248 0.677781 0.647985 0.622134 0.599656 0.580094 0.563082 0.548323 0.535574 0.524641 0.515361 0.507606 0.501270 0.496272 0.492547 0.490049 0.488748 0.488628 0.489687 0.491938 0.495410 0.500144 0.506201 0.513659 0.522618 0.533202 0.545565 0.559896 0.576426 0.595441 0.617290 0.642410 0.671348 0.704794 0.743632 0.789012 0.842452 0.905998 0.982473 0.947425 0.879872 0.823163 0.775075 0.733966 0.698597 0.668014 0.641478 0.618402 0.598321 0.580857 0.565709 0.552628 0.541413 0.531900 0.523956 0.517474 0.512370 0.508579 0.506054 0.504763 0.504692 0.505840 0.508219 0.511861 0.516809 0.523125 0.530894 0.540217 0.551225 0.564079 0.578974 0.596152 0.615911 0.638615 0.664719 0.694794 0.729560 0.769941 0.817138 0.872739 0.938887 0.939188 0.872616 0.816694 0.769250 0.728674 0.693752 0.663549 0.637338 0.614544 0.594706 0.577457 0.562498 0.549584 0.538518 0.529139 0.521315 0.514942 0.509936 0.506234 0.503791 0.502576 0.502575 0.503787 0.506228 0.509927 0.514930 0.521301 0.529121 0.538498 0.549560 0.562469 0.577425 0.594669 0.614501 0.637289 0.663493 0.693686 0.728598 0.769161 1189.500000 1.041774 0.604219
0.909420 0.951414 1.000000 0.957555 0.914274 0.876757 0.844151 0.815778 0.791095 0.769661 0.751119 0.735179 0.721604 0.710202 0.700815 0.693323 0.687628 0.683659 0.681368 0.680727 0.667321 0.651528 0.637966 0.626436 0.616775 0.608851 0.602562 0.597827 0.594587 0.592803 0.592452 0.593530 0.596051 0.600045 0.605562 0.612671 0.621464 0.632057 0.644598 0.659267 0.676286 0.695928 0.718529 0.744500 0.774354 0.808733 0.815811 0.808378 0.802997 0.799601 0.798148 0.798621 0.801025 0.805390 0.811769 0.820242 0.830916 0.843932 0.859465 0.877735 0.899012 0.897604 0.862568 0.832093 0.805573 0.782518 0.762531 0.745291 0.730535 0.718047 0.707656 0.699221 0.692634 0.687812 0.684694 0.683243 0.683441 0.685291 0.688814 0.694055 0.701078 0.709973 0.720855 0.733871 0.749204 0.756159 0.738698 0.723730 0.711035 0.700436 0.691791 0.684986 0.679936 0.676578 0.674871 0.674794 0.676346 0.679547 0.684434 0.691069 0.699536 0.709944 0.722433 0.737178 0.754392 0.746316 0.731587 0.719128 0.708764 0.700359 0.693802 0.689011 0.685927 0.684513 0.684750 0.686642 0.690213 0.695504 0.702584 0.711540 0.722491 0.735584 0.751004 0.768975 0.789777 0.813751 0.841315 0.872990 681.000000 1.222263 0.854386
0.888699 0.839372 0.797051 0.760538 0.728903 0.701416 0.677500 0.656691 0.638615 0.622968 0.609503 0.598017 0.588348 0.580362 0.573954 0.569042 0.565565 0.563479 0.562759 0.563396 0.565398 0.568790 0.573613 0.579928 0.587815 0.597378 0.608749 0.622088 0.637596 0.655516 0.676149 0.699864 0.727117 0.758481 0.794674 0.836609 0.821787 0.788767 0.760059 0.735075 0.713346 0.694489 0.678195 0.664212 0.652333 0.642393 0.634256 0.627816 0.622991 0.619721 0.617966 0.617706 0.618935 0.621671 0.625945 0.631811 0.639343 0.648639 0.659821 0.673046 0.688504 0.706431 0.727115 0.750910 0.778254 0.809688 0.797159 0.773680 0.753307 0.735706 0.720605 0.707783 0.697059 0.688288 0.681357 0.676176 0.672682 0.670831 0.670602 0.671992 0.675016 0.679713 0.686140 0.694379 0.704536 0.716747 0.731181 0.748047 0.767603 0.790164 0.777929 0.742671 0.712112 0.685554 0.662445 0.642339 0.624880 0.609774 0.596785 0.585720 0.576421 0.568761 0.562640 0.557979 0.554720 0.552823 0.552265 0.553039 0.555155 0.558638 0.563530 0.569895 0.577812 0.587388 0.598754 0.612071 0.627540 0.645407 0.665973 0.689608 0.716773 0.748041 0.784138 0.825985 0.874778 0.932083 1.000000 0.946609 6654.000000 1.164310 0.756369
0.847431 0.822517 0.790748 0.763112 0.739062 0.718160 0.700047 0.684434 0.671084 0.659803 0.650437 0.642859 0.636974 0.632705 0.630001 0.628828 0.629172 0.631038 0.634448 0.639444 0.646088 0.654465 0.664684 0.676884 0.691237 0.707954 0.727295 0.749579 0.775198 0.733690 0.697888 0.666950 0.640114 0.616784 0.596480 0.578821 0.563496 0.550252 0.538886 0.529228 0.521144 0.514524 0.509282 0.505351 0.502681 0.501241 0.501013 0.501993 0.504195 0.507644 0.512383 0.518473 0.525992 0.535040 0.545742 0.558254 0.572764 0.589508 0.608771 0.630906 0.656352 0.685659 0.719520 0.758821 0.804715 0.858720 0.922878 1.000000 0.940429 0.882326 0.832873 0.790474 0.753910 0.722243 0.694735 0.670802 0.649976 0.631882 0.616211 0.602716 0.591194 0.581478 0.573435 0.566959 0.561966 0.558394 0.556199 0.555354 0.555848 0.557687 0.560895 0.565510 0.571590 0.579213 0.588478 0.599513 0.612473 0.627551 0.644983 0.665059 0.677229 0.658133 0.641587 0.627327 0.615136 0.604840 0.596296 0.589390 0.584033 0.580157 0.577715 0.576677 0.577031 0.578780 0.581945 0.586567 0.592702 0.600428 0.609847 0.621086 0.634304 0.649697 0.667502 0.688016 0.711599 0.738699 0.769873 0.805820 1949.500000 1.338526 0.743837
0.646698 0.640328 0.635599 0.632452 0.630848 0.630768 0.632211 0.635195 0.639755 0.645948 0.653853 0.663572 0.675236 0.689007 0.705086 0.723717 0.745204 0.769918 0.784350 0.765055 0.748446 0.734274 0.722336 0.712470 0.704544 0.698456 0.694131 0.691514 0.690575 0.691301 0.693702 0.697806 0.703665 0.711351 0.720962 0.732627 0.746502 0.750332 0.736872 0.725603 0.716374 0.709064 0.703579 0.699851 0.697835 0.697505 0.698860 0.701913 0.706703 0.713290 0.721755 0.732209 0.744791 0.750760 0.736845 0.725152 0.715521 0.707826 0.701967 0.697872 0.695490 0.694793 0.695772 0.698438 0.702824 0.708985 0.716997 0.726964 0.739017 0.753322 0.770084 0.789554 0.812040 0.837924 0.867670 0.901859 0.861834 0.812875 0.770937 0.734797 0.703513 0.676347 0.652715 0.632149 0.614275 0.598787 0.585436 0.574021 0.564375 0.556367 0.549889 0.544857 0.541209 0.539322 0.543703 0.549491 0.556760 0.565603 0.576143 0.588528 0.602941 0.619609 0.638806 0.660875 0.686234 0.715411 0.749063 0.788029 0.833389 0.886557 0.949414 1.000000 0.947640 0.902556 0.863553 0.829698 0.800252 0.774626 0.752347 0.733031 0.716364 0.702092 0.690007 0.679941 0.671760 0.665358 0.660653 0.654789 7282.000000 1.096165 0.794277
0.950428 0.930477 0.913501 0.899262 0.887565 0.878257 0.871219 0.866364 0.863631 0.862988 0.864427 0.867966 0.873646 0.881540 0.891745 0.904393 0.919653 0.937735 0.903109 0.863976 0.830009 0.800468 0.774759 0.752407 0.733025 0.716298 0.701972 0.697132 0.696014 0.696575 0.698822 0.702782 0.708504 0.716059 0.725544 0.737082 0.750832 0.766987 0.785788 0.807527 0.832567 0.861351 0.894427 0.898592 0.873119 0.851044 0.832013 0.815736 0.801979 0.790551 0.781301 0.774107 0.768880 0.765555 0.764092 0.764472 0.766701 0.770805 0.776835 0.784866 0.795000 0.807369 0.822141 0.839524 0.859774 0.883205 0.910203 0.941243 0.947894 0.937472 0.929492 0.923853 0.920487 0.919351 0.920433 0.923746 0.929330 0.937253 0.947615 0.960548 0.976224 0.994856 0.955868 0.914001 0.877673 0.846083 0.818592 0.794685 0.773946 0.756037 0.740683 0.727658 0.716780 0.707902 0.700910 0.695714 0.692250 0.690476 0.690369 0.691929 0.694843 0.690325 0.687511 0.686366 0.686878 0.689051 0.692913 0.698510 0.705913 0.715216 0.726541 0.740043 0.755911 0.774381 0.795741 0.820345 0.848629 0.859561 0.865014 0.872652 0.882570 0.894898 0.909798 0.927474 0.948181 0.972229 1.000000 0.973651 2268.000000 1.153955 0.867235
0.493929 0.488773 0.493906 0.500365 0.508237 0.517626 0.528667 0.541523 0.556392 0.573522 0.593215 0.615845 0.641878 0.671898 0.706651 0.747092 0.794473 0.850459 0.917312 0.998180 1.000000 0.909987 0.836690 0.776050 0.725235 0.682209 0.645470 0.613889 0.586601 0.562934 0.543257 0.532989 0.524341 0.517195 0.511457 0.507053 0.503928 0.502044 0.501376 0.501918 0.503676 0.506671 0.510941 0.516537 0.523533 0.532021 0.542115 0.553961 0.551987 0.549413 0.548179 0.548267 0.549680 0.552435 0.556565 0.562121 0.569175 0.577817 0.588165 0.600363 0.614590 0.631064 0.650056 0.671894 0.696988 0.725846 0.759105 0.752159 0.734816 0.719950 0.707344 0.696822 0.688242 0.681493 0.676488 0.673166 0.671487 0.671429 0.672993 0.676196 0.681079 0.687702 0.696149 0.706528 0.715675 0.698491 0.683721 0.671147 0.660590 0.651905 0.644980 0.639725 0.636075 0.633985 0.633430 0.634403 0.636915 0.640998 0.646702 0.654098 0.643373 0.631640 0.621797 0.613713 0.607280 0.602417 0.599063 0.597176 0.596735 0.597733 0.600183 0.604114 0.609576 0.616636 0.625386 0.635941 0.648449 0.663087 0.656570 0.628080 0.603352 0.581847 0.563131 0.546859 0.532748 0.520569 0.510136 0.501297 16196.000000 1.271291 0.736716
0.821425 0.794236 0.770586 0.750059 0.732315 0.717079 0.704125 0.693272 0.684372 0.677308 0.671992 0.668355 0.666355 0.665966 0.667184 0.670023 0.674519 0.680726 0.688723 0.698614 0.674869 0.649737 0.627868 0.608842 0.592321 0.578028 0.565739 0.555272 0.546478 0.539237 0.533453 0.529054 0.525983 0.524203 0.523692 0.524445 0.526470 0.529791 0.534451 0.540507 0.548038 0.557142 0.567945 0.580602 0.595303 0.612281 0.631822 0.654281 0.680093 0.709806 0.744108 0.783879 0.830253 0.884726 0.949295 1.000000 0.953860 0.913894 0.879176 0.848969 0.822685 0.799849 0.780075 0.763049 0.748515 0.736265 0.726130 0.717977 0.711700 0.707222 0.704485 0.703459 0.704128 0.706503 0.710612 0.716505 0.724256 0.733964 0.739627 0.708232 0.680968 0.657250 0.636611 0.618673 0.603132 0.589738 0.578289 0.568620 0.560597 0.554114 0.549087 0.545452 0.543166 0.542198 0.542540 0.544193 0.547179 0.551533 0.557311 0.564586 0.573453 0.584033 0.596474 0.610960 0.627718 0.647023 0.669217 0.677157 0.676376 0.677227 0.679719 0.683883 0.689771 0.697456 0.707036 0.718638 0.732422 0.748583 0.767364 0.789062 0.814040 0.842748 0.875742 0.913715 0.957542 0.930051 0.888609 0.852669 875.000000 1.504079 0.789890
0.801710 0.818766 0.838628 0.861605 0.858434 0.846712 0.837295 0.830064 0.824926 0.821819 0.820706 0.821572 0.824428 0.829308 0.836274 0.845412 0.856838 0.870704 0.887198 0.906556 0.929065 0.886930 0.847741 0.813745 0.784188 0.758465 0.736093 0.716681 0.699908 0.685517 0.673295 0.663070 0.654705 0.648090 0.643142 0.639798 0.638018 0.637780 0.639081 0.648606 0.660062 0.673581 0.689361 0.707644 0.728726 0.752972 0.780834 0.812870 0.849783 0.892459 0.942038 1.000000 0.982392 0.946250 0.914799 0.887440 0.863691 0.843158 0.825521 0.810519 0.797941 0.787616 0.779408 0.773213 0.768953 0.766577 0.766056 0.767382 0.770573 0.775666 0.782726 0.791841 0.803128 0.805330 0.790472 0.777993 0.767722 0.759524 0.753296 0.748958 0.746458 0.745766 0.746872 0.749790 0.754556 0.761229 0.769893 0.780658 0.793667 0.809100 0.827177 0.848170 0.872413 0.871056 0.848464 0.828961 0.812247 0.798078 0.786257 0.776625 0.769056 0.763455 0.759751 0.757901 0.757881 0.759691 0.763353 0.768912 0.776436 0.786022 0.797793 0.811908 0.809849 0.794106 0.780809 0.769774 0.760854 0.753933 0.748926 0.745769 0.744424 0.744876 0.747129 0.751211 0.757172 0.765086 0.775054 0.787207 7382.500000 1.017943 0.856318
