35
1000 1000
6 21 63 55 43 84 45 131 64 88 97 54 108
3 24 0 71 27 25 62
3 24 15 72 47 24 81
8 -1 13 16 20 33 14 33 36 23 44 19 61 -1 45 -1 33
3 17 10 81 53 19 72
3 94 191 244 252 106 302
6 14 44 26 -71 119 -1 147 57 101 112 26 166
8 25 27 27 7 43 10 65 8 68 32 63 56 41 42 24 47
3 64 34 163 76 53 107
4 81 21 221 57 96 130 -22 77
4 85 25 155 76 82 114 39 82
4 -7 84 41 66 74 90 39 114
4 59 12 107 46 59 85 10 53
8 -29 127 50 84 77 86 132 69 163 120 131 188 74 176 51 174
8 0 26 12 14 23 12 36 16 45 22 34 43 21 40 10 35
7 141 219 215 171 289 184 327 259 266 297 226 320 165 283
8 22 44 27 37 39 26 54 28 72 44 63 68 40 69 19 79
8 10 9 50 -1 88 14 99 33 76 77 38 87 13 66 -15 44
4 50 138 155 63 240 139 149 232
7 53 30 73 15 90 25 98 39 97 64 65 71 55 52
7 88 24 126 6 163 9 185 53 168 98 120 87 70 91
4 86 46 138 89 100 148 44 106
8 6 51 26 33 38 29 63 18 85 46 62 75 45 84 5 79
6 23 17 57 12 78 34 55 59 27 62 -5 47
3 237 142 349 185 221 257
6 7 16 37 22 55 40 38 55 3 72 2 43
4 32 1 58 38 37 70 2 39
7 16 14 31 8 40 9 52 21 48 32 29 36 7 28
6 43 44 80 44 119 71 83 101 52 101 19 78
7 2 28 17 8 30 16 44 39 31 54 15 52 5 44
5 8 22 31 15 46 45 36 79 -2 64
8 50 23 64 15 82 15 80 37 78 49 62 49 40 49 29 40
6 98 75 133 84 161 105 133 136 92 146 75 111
5 54 49 112 25 158 70 121 122 57 104
7 8 23 20 15 49 14 45 34 47 62 21 57 -6 56
