0.789074 0.812623 0.839705 0.819998 0.798731 0.780372 0.764638 0.751301 0.740173 0.731106 0.723981 0.718709 0.715223 0.713482 0.713464 0.715168 0.718616 0.723850 0.730934 0.739959 0.751041 0.764329 0.780010 0.784665 0.766166 0.750285 0.736788 0.725484 0.716222 0.708879 0.703363 0.699605 0.697557 0.697197 0.698518 0.701539 0.706294 0.712843 0.721268 0.731679 0.744214 0.759047 0.776391 0.796510 0.819727 0.846438 0.877133 0.912418 0.953054 1.000000 0.973213 0.923893 0.881352 0.844500 0.812486 0.784631 0.760394 0.739338 0.721106 0.705410 0.692015 0.680729 0.671396 0.663893 0.658124 0.654017 0.651520 0.650604 0.651257 0.653487 0.657322 0.662808 0.670014 0.679032 0.689981 0.703011 0.718306 0.736094 0.755880 0.742456 0.731230 0.722053 0.714804 0.709390 0.705746 0.703826 0.703607 0.705086 0.708281 0.713231 0.719998 0.728666 0.739349 0.752188 0.767363 0.785093 0.805648 0.829361 0.856638 0.887982 0.924017 0.965525 0.948464 0.907149 0.871294 0.840113 0.812978 0.789382 0.768918 0.751252 0.736113 0.723281 0.712575 0.703852 0.697000 0.691930 0.688580 0.686910 0.686898 0.688545 0.691871 0.696916 0.703743 0.712439 0.723116 0.735918 0.751023 0.768651 4720.500000 1.111179 0.829170
0.816437 0.807224 0.800123 0.795044 0.791925 0.790729 0.791439 0.794065 0.798640 0.805218 0.813883 0.824745 0.837946 0.853667 0.872131 0.893611 0.883048 0.861702 0.843346 0.827710 0.814569 0.803744 0.795094 0.788508 0.783903 0.781222 0.780433 0.781527 0.784517 0.789438 0.796352 0.805346 0.816535 0.830067 0.846128 0.848506 0.832782 0.819568 0.808685 0.799989 0.793369 0.788742 0.786052 0.785265 0.786372 0.789387 0.794346 0.801311 0.810368 0.821634 0.835259 0.851428 0.870375 0.866513 0.854539 0.844898 0.837468 0.832154 0.828892 0.827641 0.828386 0.831137 0.835927 0.842815 0.851886 0.863257 0.877078 0.893535 0.912863 0.935350 0.961346 0.984544 0.946909 0.914166 0.885675 0.860917 0.839473 0.821001 0.805222 0.791911 0.780883 0.771992 0.765124 0.760192 0.757136 0.755918 0.756523 0.758960 0.763256 0.766381 0.754901 0.745529 0.738143 0.732651 0.728982 0.727093 0.726960 0.728583 0.731980 0.737193 0.744287 0.753351 0.764503 0.777892 0.793705 0.812172 0.833574 0.858258 0.886650 0.919275 0.956786 1.000000 0.976078 0.948412 0.924437 0.903768 0.886090 0.871150 0.858739 0.848693 0.840882 0.835207 0.831598 0.830010 0.830426 0.832850 0.837310 0.827879 5557.500000 1.115849 0.898821
0.821880 0.799760 0.780630 0.764192 0.750203 0.738463 0.728814 0.721128 0.715308 0.711281 0.708998 0.708431 0.709572 0.712437 0.717058 0.723495 0.731827 0.742163 0.754638 0.762191 0.761944 0.763536 0.766986 0.772336 0.779653 0.789030 0.800586 0.814478 0.830897 0.850081 0.872324 0.897984 0.895119 0.876567 0.860800 0.847596 0.836776 0.828199 0.821756 0.817366 0.814976 0.814556 0.816102 0.819632 0.825189 0.832842 0.842688 0.854853 0.869500 0.886831 0.907097 0.930605 0.957733 0.922755 0.886483 0.854936 0.827482 0.803612 0.782914 0.765053 0.749754 0.736795 0.725996 0.717211 0.710328 0.705258 0.701939 0.700330 0.700413 0.702187 0.705674 0.710918 0.717982 0.726958 0.737961 0.751139 0.751665 0.748595 0.747344 0.747895 0.750256 0.754456 0.760545 0.768600 0.778724 0.791048 0.805742 0.823012 0.843114 0.866363 0.893142 0.923926 0.959302 1.000000 0.966197 0.929178 0.896973 0.868949 0.844596 0.823501 0.805326 0.789798 0.776693 0.765831 0.757067 0.750289 0.745410 0.742372 0.740621 0.740305 0.741774 0.745049 0.750167 0.757193 0.766215 0.777350 0.790747 0.806590 0.825110 0.846588 0.871369 0.899878 0.932638 0.970299 0.949025 0.910303 0.876646 0.847358 13665.500000 1.157975 0.854413
0.723188 0.728870 0.736431 0.745965 0.757599 0.771490 0.787832 0.806868 0.828893 0.854271 0.883446 0.916972 0.955536 1.000000 0.993713 0.950412 0.912834 0.880154 0.851714 0.826985 0.805537 0.787021 0.771154 0.757703 0.746480 0.737336 0.730150 0.722032 0.711540 0.703018 0.696355 0.691467 0.688294 0.686798 0.686959 0.688779 0.692282 0.697510 0.704527 0.713423 0.724313 0.737346 0.752702 0.770608 0.791339 0.815234 0.842711 0.874285 0.910596 0.952447 0.974851 0.944384 0.917908 0.894973 0.875214 0.858331 0.844082 0.832271 0.822740 0.815368 0.810060 0.806752 0.805404 0.805998 0.808543 0.813068 0.819631 0.828311 0.839221 0.852504 0.868339 0.886951 0.897644 0.866570 0.839530 0.816033 0.795680 0.778146 0.763168 0.750529 0.740056 0.731609 0.725080 0.720387 0.717471 0.716298 0.716852 0.719141 0.723193 0.729057 0.736806 0.746540 0.758386 0.772504 0.789096 0.808406 0.830736 0.843256 0.832425 0.823828 0.817355 0.812927 0.810488 0.810010 0.811486 0.814934 0.820396 0.827940 0.837661 0.849684 0.864170 0.881317 0.901375 0.924647 0.931717 0.895156 0.863358 0.835686 0.811627 0.790766 0.772766 0.757351 0.744297 0.733422 0.724581 0.717659 0.717199 0.719314 17406.500000 1.081908 0.840765
0.619169 0.586551 0.558475 0.534193 0.513118 0.494791 0.478841 0.464972 0.452945 0.442563 0.433668 0.426130 0.419844 0.414725 0.410707 0.407738 0.405783 0.404818 0.404829 0.405819 0.407798 0.410791 0.414835 0.419981 0.426296 0.433866 0.442795 0.453214 0.465283 0.479199 0.495202 0.513592 0.534737 0.559104 0.587279 0.620018 0.658302 0.703431 0.757161 0.821922 0.901171 1.000000 0.963187 0.866917 0.789873 0.727014 0.674928 0.631225 0.594183 0.562527 0.535297 0.511759 0.491336 0.473579 0.458125 0.444685 0.433025 0.422954 0.414316 0.406985 0.400857 0.395851 0.391901 0.388956 0.386981 0.385951 0.385853 0.386687 0.388462 0.391200 0.394936 0.399716 0.405601 0.412672 0.421026 0.430785 0.442097 0.455145 0.470154 0.487400 0.507229 0.530071 0.556470 0.587126 0.622944 0.665123 0.715277 0.775633 0.849348 0.805012 0.761597 0.724280 0.692039 0.664077 0.639769 0.618615 0.600215 0.584245 0.570441 0.558589 0.548514 0.540074 0.533155 0.527666 0.523538 0.520718 0.519172 0.518882 0.519844 0.522069 0.525585 0.530436 0.536681 0.544403 0.553703 0.564711 0.577585 0.592521 0.609757 0.629589 0.652378 0.678575 0.708743 0.743593 0.784034 0.755750 0.702252 0.657306 7790.000000 1.412835 0.578983
0.874041 0.849416 0.828080 0.809693 0.793976 0.780703 0.769689 0.760790 0.753889 0.748900 0.745762 0.744435 0.744905 0.747177 0.751278 0.757258 0.765193 0.775183 0.787359 0.801887 0.818971 0.838863 0.861874 0.846512 0.822391 0.801483 0.783453 0.768026 0.754978 0.744129 0.735334 0.728479 0.723477 0.720266 0.718808 0.719085 0.721100 0.724878 0.730464 0.737928 0.747366 0.758900 0.772687 0.788919 0.807836 0.824125 0.812231 0.802581 0.795051 0.789545 0.785995 0.784359 0.784615 0.786768 0.790843 0.796890 0.804984 0.815229 0.827758 0.842739 0.860384 0.880952 0.904760 0.932198 0.963747 1.000000 0.957072 0.919083 0.886047 0.857298 0.832297 0.810611 0.791886 0.775833 0.762218 0.750850 0.741576 0.734276 0.728857 0.725252 0.723417 0.723329 0.724987 0.728412 0.733645 0.740752 0.749821 0.741917 0.733822 0.727636 0.723280 0.720703 0.719872 0.720777 0.723429 0.727861 0.734128 0.742306 0.752503 0.764851 0.779521 0.796722 0.816711 0.839803 0.866388 0.848104 0.832029 0.818486 0.807291 0.798295 0.791383 0.786468 0.783490 0.782412 0.783221 0.785927 0.790563 0.797186 0.805878 0.816752 0.829950 0.845652 0.864081 0.885513 0.910283 0.938806 0.934937 0.902376 1705.500000 1.103426 0.880849
0.787576 0.835909 0.860131 0.824564 0.793659 0.766766 0.743369 0.723048 0.705462 0.690335 0.677441 0.666596 0.657652 0.650492 0.647222 0.652476 0.659418 0.668136 0.678745 0.691389 0.706246 0.723537 0.743533 0.766564 0.793039 0.823463 0.858465 0.898837 0.945583 1.000000 0.951581 0.887281 0.833001 0.786765 0.747097 0.712872 0.683219 0.657455 0.635038 0.615534 0.598590 0.583924 0.571302 0.560537 0.551473 0.543988 0.537982 0.533378 0.530118 0.528163 0.527488 0.528085 0.529962 0.533142 0.550086 0.572001 0.597234 0.626374 0.660176 0.699616 0.745979 0.800990 0.867014 0.871547 0.838424 0.809605 0.784528 0.762741 0.743875 0.727630 0.713762 0.702073 0.692402 0.684620 0.678628 0.674350 0.671735 0.670749 0.671381 0.673638 0.674254 0.675067 0.677516 0.681632 0.687463 0.695085 0.704594 0.716115 0.729807 0.745865 0.764529 0.786092 0.810918 0.839452 0.872244 0.909984 0.953539 0.976449 0.902565 0.840959 0.789005 0.744786 0.706874 0.674180 0.645863 0.621266 0.599865 0.581244 0.565064 0.551052 0.538985 0.528682 0.519995 0.519568 0.523305 0.528378 0.534852 0.542810 0.552359 0.563632 0.576794 0.592045 0.609633 0.629862 0.653108 0.679835 0.710628 0.746226 1411.500000 1.120175 0.670458
0.996298 1.000000 0.961191 0.927432 0.898055 0.872519 0.850387 0.831303 0.814977 0.801173 0.789699 0.780403 0.773165 0.767892 0.764520 0.763008 0.763336 0.765511 0.769556 0.775523 0.783486 0.793545 0.788263 0.775808 0.765556 0.757372 0.751151 0.746817 0.744315 0.743615 0.744709 0.747610 0.752353 0.758997 0.767625 0.778348 0.791308 0.806683 0.824694 0.845611 0.869767 0.897569 0.924486 0.902905 0.884391 0.868671 0.855526 0.844777 0.836285 0.829941 0.825667 0.823410 0.823143 0.824863 0.828590 0.834370 0.842275 0.852404 0.864889 0.879896 0.897634 0.918360 0.942389 0.964773 0.934183 0.907594 0.884548 0.864674 0.847672 0.833294 0.821341 0.811654 0.804108 0.798606 0.795082 0.793492 0.793817 0.796061 0.800251 0.806438 0.814700 0.825141 0.837898 0.853143 0.871090 0.859560 0.835981 0.815573 0.798014 0.783043 0.770444 0.760047 0.751713 0.745336 0.740837 0.738158 0.737269 0.738158 0.740837 0.745336 0.751713 0.760047 0.770444 0.783043 0.798014 0.815573 0.835981 0.859560 0.886706 0.880767 0.866547 0.854806 0.845387 0.838171 0.833068 0.830013 0.828971 0.829928 0.832896 0.837911 0.845035 0.854358 0.865997 0.880108 0.896883 0.916561 0.939435 0.965867 4741.000000 1.128984 0.891089
0.862445 0.896518 0.902197 0.886617 0.873635 0.863078 0.854807 0.848718 0.844736 0.842812 0.842923 0.845070 0.849280 0.855603 0.864118 0.874933 0.888190 0.904066 0.922783 0.944615 0.965702 0.920302 0.881006 0.846885 0.817204 0.791375 0.768924 0.749468 0.732693 0.718346 0.706218 0.696143 0.687985 0.681638 0.677025 0.674086 0.672786 0.673110 0.675061 0.678663 0.683961 0.691019 0.696346 0.688657 0.682764 0.678591 0.676087 0.675223 0.675987 0.678390 0.682459 0.688245 0.695822 0.705284 0.716759 0.730401 0.746406 0.765012 0.786513 0.811268 0.839721 0.872421 0.910051 0.953475 1.000000 0.964748 0.934071 0.907403 0.884287 0.864350 0.847288 0.832854 0.820849 0.811110 0.803514 0.797962 0.794388 0.792746 0.793018 0.795207 0.799338 0.805463 0.813659 0.824028 0.836707 0.851866 0.869718 0.883291 0.855184 0.830751 0.809571 0.791303 0.775668 0.762441 0.751437 0.742510 0.735543 0.730449 0.727165 0.725651 0.725889 0.727880 0.731650 0.737244 0.744733 0.754211 0.761314 0.745158 0.731399 0.719841 0.710328 0.702733 0.696961 0.692938 0.690616 0.689966 0.690980 0.693671 0.698071 0.704235 0.712240 0.722188 0.734212 0.748477 0.765188 0.784594 0.807006 0.832801 512.000000 1.192119 0.866558
1.000000 0.934017 0.878187 0.830543 0.789607 0.754248 0.723589 0.696938 0.673747 0.653572 0.636059 0.620917 0.607909 0.596843 0.587564 0.579944 0.573884 0.569306 0.566155 0.564390 0.563991 0.564952 0.567285 0.571020 0.576200 0.582893 0.591185 0.600680 0.588027 0.577259 0.568222 0.560794 0.554877 0.550396 0.547295 0.545535 0.545096 0.545971 0.548172 0.551725 0.556675 0.563082 0.571031 0.580626 0.592000 0.605316 0.620774 0.638622 0.659161 0.682764 0.709895 0.741130 0.777199 0.819032 0.836475 0.808551 0.784261 0.763172 0.744935 0.729265 0.715930 0.704741 0.695547 0.688226 0.682685 0.678854 0.676688 0.676159 0.677262 0.680008 0.684433 0.690591 0.698558 0.708438 0.720361 0.734493 0.751036 0.770239 0.781042 0.746666 0.716843 0.690911 0.668343 0.648717 0.631689 0.616980 0.604363 0.593654 0.584701 0.577385 0.571610 0.567302 0.564409 0.562894 0.562738 0.563942 0.566518 0.570498 0.575933 0.582889 0.584012 0.573963 0.565594 0.558792 0.553469 0.549558 0.547010 0.545795 0.545897 0.547318 0.550076 0.554203 0.559751 0.566790 0.575413 0.585735 0.597901 0.612089 0.628517 0.647454 0.669231 0.694254 0.723030 0.756196 0.794556 0.839146 0.891314 0.952845 3021.500000 1.348891 0.778611
0.869526 0.882582 0.898233 0.916696 0.905215 0.884892 0.867504 0.852802 0.840581 0.830678 0.822966 0.817346 0.813750 0.812133 0.812476 0.814782 0.819081 0.825425 0.833892 0.844590 0.857660 0.873277 0.891662 0.882836 0.862978 0.845987 0.831616 0.819667 0.809981 0.802431 0.796923 0.793388 0.791784 0.792090 0.794311 0.798473 0.804628 0.812852 0.823250 0.817272 0.812676 0.810072 0.809429 0.810738 0.814016 0.819302 0.826661 0.836187 0.848002 0.862262 0.879164 0.875367 0.858656 0.844567 0.832907 0.823522 0.816291 0.811122 0.807953 0.806745 0.807482 0.810174 0.814854 0.821579 0.830434 0.841530 0.855015 0.871072 0.889928 0.911864 0.937224 0.966429 1.000000 0.965000 0.932309 0.903867 0.879164 0.857787 0.839399 0.823726 0.810544 0.799674 0.790971 0.784325 0.779653 0.776896 0.776022 0.777019 0.779900 0.784700 0.791479 0.800320 0.811337 0.824677 0.840521 0.859096 0.848480 0.832899 0.819819 0.809063 0.800489 0.793987 0.789477 0.786902 0.786233 0.787460 0.790598 0.795686 0.802787 0.811989 0.823411 0.837205 0.853560 0.872711 0.894947 0.898113 0.882481 0.869443 0.858824 0.850485 0.844321 0.840255 0.838238 0.838245 0.840276 0.844357 0.850536 0.858890 18698.000000 1.055756 0.915814
0.969083 0.998001 0.956611 0.920646 0.889353 0.862126 0.838476 0.818008 0.800397 0.785380 0.772744 0.762316 0.753957 0.747561 0.743048 0.740362 0.739470 0.740362 0.743048 0.747561 0.753957 0.762316 0.772744 0.778662 0.757460 0.739115 0.723340 0.709898 0.698599 0.689288 0.681844 0.676170 0.672195 0.669872 0.669171 0.670084 0.672622 0.676816 0.682718 0.690402 0.699966 0.711537 0.725273 0.741372 0.760074 0.781676 0.806542 0.835119 0.867964 0.905770 0.949410 1.000000 0.980692 0.950668 0.924590 0.902019 0.882599 0.866040 0.852107 0.840607 0.831390 0.824338 0.819361 0.816399 0.815415 0.816399 0.819361 0.824338 0.831390 0.840607 0.852107 0.866040 0.882599 0.902019 0.876166 0.841269 0.810925 0.784518 0.761554 0.741631 0.724425 0.709670 0.697150 0.686690 0.678148 0.671414 0.666403 0.663050 0.661317 0.661182 0.662642 0.665716 0.670442 0.676877 0.685104 0.695229 0.707387 0.721748 0.738519 0.757959 0.780380 0.806169 0.835803 0.869875 0.900975 0.876564 0.855447 0.837294 0.821833 0.808846 0.798157 0.789623 0.783137 0.778617 0.776008 0.775277 0.776417 0.779441 0.784385 0.791311 0.800305 0.811483 0.824994 0.841023 0.859800 0.881606 0.906789 0.935773 651.000000 1.243856 0.842530
0.566007 0.549341 0.534879 0.522386 0.511668 0.502567 0.494955 0.488731 0.483812 0.480137 0.477658 0.476347 0.476188 0.477177 0.479328 0.482666 0.487233 0.493087 0.500303 0.508978 0.519231 0.531213 0.545105 0.561130 0.579566 0.600750 0.625104 0.653157 0.685575 0.723212 0.767177 0.818935 0.880456 0.954457 1.000000 0.928726 0.868890 0.818150 0.774772 0.737449 0.705178 0.677175 0.652825 0.631633 0.613205 0.597220 0.583417 0.571583 0.561546 0.553165 0.546327 0.540943 0.536946 0.534284 0.532927 0.532857 0.534073 0.536591 0.540440 0.545669 0.552344 0.560552 0.570402 0.582031 0.595609 0.611345 0.629491 0.615044 0.599626 0.586341 0.574986 0.565400 0.557448 0.551027 0.546052 0.542461 0.540210 0.539271 0.539634 0.541302 0.544295 0.548651 0.554424 0.561687 0.570535 0.581089 0.593498 0.607944 0.624654 0.643904 0.666033 0.691462 0.720716 0.754452 0.793506 0.838957 0.887341 0.845161 0.808669 0.776992 0.749441 0.725464 0.704619 0.686546 0.670953 0.657602 0.646298 0.636885 0.629236 0.623252 0.618858 0.615999 0.614640 0.614765 0.616375 0.619490 0.624148 0.630406 0.638345 0.648068 0.659705 0.673419 0.689412 0.695486 0.661710 0.632516 0.607191 0.585170 6140.000000 1.500777 0.721831
0.801451 0.831599 0.856086 0.831645 0.810459 0.792186 0.776549 0.763320 0.752317 0.743392 0.736429 0.731341 0.728065 0.726561 0.726810 0.728815 0.694687 0.652177 0.615969 0.584904 0.558102 0.534881 0.514705 0.497151 0.481877 0.468609 0.457123 0.447239 0.438808 0.431709 0.425847 0.421142 0.417535 0.414981 0.413447 0.412916 0.413381 0.414848 0.417981 0.423084 0.429360 0.436894 0.445790 0.456177 0.468215 0.482098 0.498067 0.516416 0.537513 0.561819 0.589916 0.622549 0.660689 0.705618 0.759066 0.823420 0.902072 1.000000 0.970126 0.931734 0.898346 0.869290 0.844024 0.822110 0.803192 0.786977 0.773231 0.761760 0.752410 0.745060 0.739617 0.733239 0.695489 0.662955 0.634789 0.610330 0.589052 0.570536 0.554443 0.540500 0.528483 0.518210 0.509532 0.502331 0.496510 0.491994 0.488726 0.486508 0.483001 0.480694 0.479559 0.479581 0.480762 0.483116 0.486671 0.491471 0.497578 0.505070 0.514049 0.524640 0.536997 0.551310 0.567813 0.586792 0.608600 0.633676 0.662574 0.695989 0.697231 0.685341 0.675450 0.667426 0.661164 0.656585 0.653633 0.652272 0.652485 0.654275 0.657664 0.662693 0.669424 0.677944 0.688363 0.700821 0.715495 0.732599 0.752397 0.775215 1222.500000 1.508387 0.750797
0.993099 1.000000 0.917418 0.849324 0.792418 0.744339 0.703358 0.668180 0.637817 0.611502 0.588634 0.568736 0.551424 0.536389 0.523380 0.512191 0.505461 0.500723 0.497260 0.495029 0.494002 0.494168 0.495528 0.498099 0.501912 0.507014 0.513472 0.521368 0.530809 0.541929 0.554889 0.569892 0.587182 0.607062 0.629906 0.637752 0.633998 0.631802 0.631136 0.631993 0.634382 0.638332 0.643894 0.651135 0.660150 0.670169 0.662653 0.656868 0.652743 0.650225 0.649286 0.649912 0.652112 0.655913 0.661361 0.668523 0.677493 0.688388 0.701356 0.716582 0.734291 0.754763 0.778337 0.805435 0.786680 0.741280 0.702435 0.668989 0.640055 0.614940 0.593097 0.574088 0.557561 0.543231 0.530866 0.520277 0.511310 0.503840 0.497767 0.493374 0.499056 0.506104 0.514611 0.524695 0.536500 0.550205 0.566028 0.584236 0.605162 0.629214 0.656906 0.688883 0.725971 0.769238 0.820090 0.878026 0.808755 0.751291 0.703033 0.662100 0.627098 0.596977 0.570929 0.548326 0.528669 0.511562 0.496687 0.483785 0.472646 0.463099 0.455004 0.448249 0.442743 0.438413 0.435206 0.439548 0.453567 0.469678 0.488195 0.509510 0.534117 0.562645 0.595910 0.634981 0.681291 0.736802 0.804270 0.887695 1180.000000 1.152410 0.619375
0.565195 0.570662 0.577898 0.586752 0.597343 0.609819 0.624364 0.641202 0.660609 0.682925 0.708567 0.738057 0.772049 0.811373 0.857093 0.910598 0.973730 1.000000 0.956376 0.918519 0.885597 0.856947 0.832034 0.810426 0.791771 0.775782 0.762226 0.750914 0.741693 0.734444 0.729075 0.725518 0.723732 0.723693 0.716082 0.709025 0.703785 0.700297 0.698518 0.698426 0.700020 0.703320 0.708365 0.715219 0.723968 0.734436 0.713720 0.695771 0.680302 0.667077 0.655907 0.646637 0.639144 0.633331 0.629124 0.626472 0.625343 0.625722 0.627615 0.631044 0.636051 0.637088 0.637954 0.640367 0.644356 0.649971 0.657282 0.666384 0.677395 0.690468 0.705789 0.723589 0.744148 0.767814 0.795013 0.826273 0.862254 0.867142 0.841341 0.818948 0.799592 0.782972 0.768843 0.757007 0.747303 0.739604 0.733811 0.729853 0.727682 0.727270 0.728612 0.731726 0.736649 0.743441 0.752189 0.763006 0.776035 0.791456 0.809492 0.830417 0.854565 0.882350 0.882140 0.841920 0.807068 0.776783 0.750431 0.727504 0.707590 0.690356 0.675530 0.662892 0.652260 0.643489 0.636464 0.631095 0.627314 0.617800 0.604940 0.594007 0.584845 0.577332 0.571369 0.566879 0.563807 0.562114 0.561782 0.562804 4581.500000 1.082365 0.817523
0.713352 0.730664 0.715128 0.698425 0.684094 0.671926 0.661750 0.653428 0.646852 0.641937 0.638624 0.636871 0.636658 0.637981 0.640856 0.645320 0.651426 0.659252 0.668900 0.680498 0.668179 0.647723 0.629955 0.614576 0.601345 0.590063 0.580569 0.572734 0.566455 0.561649 0.558258 0.556240 0.555570 0.556240 0.558258 0.561649 0.566455 0.572734 0.580569 0.590063 0.601345 0.614576 0.629955 0.647723 0.668179 0.691690 0.718710 0.749807 0.785695 0.827284 0.875750 0.932635 1.000000 0.965122 0.903620 0.851414 0.806748 0.768294 0.735029 0.706156 0.681044 0.659190 0.640190 0.623715 0.609497 0.597321 0.587008 0.578415 0.571426 0.565952 0.561922 0.559287 0.558015 0.558090 0.559513 0.562301 0.566489 0.572129 0.578410 0.569547 0.562285 0.556530 0.552209 0.549267 0.547669 0.547395 0.548441 0.550822 0.554564 0.559716 0.566342 0.574526 0.584380 0.596038 0.609669 0.625481 0.643727 0.664718 0.688841 0.716571 0.748506 0.785401 0.828221 0.878216 0.884911 0.847328 0.814691 0.786298 0.761590 0.740117 0.721512 0.705477 0.691770 0.680193 0.670586 0.662821 0.656798 0.652440 0.649696 0.648530 0.648929 0.650897 0.654459 0.659657 0.666558 0.675249 0.685843 0.698485 1022.000000 1.255698 0.771098
0.538707 0.538551 0.552906 0.569457 0.588491 0.610363 0.635514 0.664495 0.698009 0.736952 0.782493 0.836182 0.900108 0.977167 0.988620 0.907280 0.840178 0.784076 0.736662 0.696236 0.661528 0.631564 0.605594 0.583023 0.563384 0.546297 0.531459 0.518622 0.507585 0.498183 0.490282 0.483775 0.478577 0.479467 0.493213 0.509034 0.527215 0.548112 0.572169 0.599948 0.632161 0.669735 0.713887 0.766247 0.829050 0.905444 1.000000 0.962933 0.929848 0.901060 0.876048 0.854390 0.835741 0.819822 0.806405 0.795305 0.786375 0.779500 0.774594 0.771597 0.770472 0.771206 0.773807 0.752961 0.722805 0.696585 0.673767 0.653922 0.636703 0.621827 0.609063 0.598226 0.589162 0.581748 0.575890 0.571511 0.568558 0.566994 0.566800 0.567974 0.570531 0.574501 0.579933 0.586897 0.594632 0.602303 0.611667 0.622851 0.636013 0.651346 0.669088 0.689531 0.713035 0.740043 0.771109 0.806926 0.824082 0.808421 0.795224 0.784311 0.775535 0.768786 0.763978 0.761051 0.759971 0.760724 0.763319 0.767788 0.774185 0.782591 0.793114 0.805891 0.821097 0.838948 0.859709 0.855822 0.804728 0.761121 0.723650 0.691284 0.663218 0.638821 0.617590 0.599122 0.583090 0.569229 0.557324 0.547198 2969.000000 1.094597 0.661405
0.938782 0.887346 0.843180 0.805050 0.771998 0.743273 0.718278 0.696532 0.677649 0.661314 0.647270 0.635310 0.625262 0.616990 0.610386 0.605364 0.601862 0.599838 0.599266 0.600139 0.602469 0.606283 0.611628 0.618572 0.627204 0.637637 0.641699 0.629607 0.619427 0.611019 0.604273 0.599102 0.595440 0.593244 0.592486 0.593157 0.595265 0.598836 0.603914 0.610562 0.618866 0.628934 0.640906 0.654950 0.671277 0.690144 0.711866 0.736834 0.765527 0.798548 0.802423 0.779726 0.760057 0.743103 0.728606 0.716356 0.706184 0.697955 0.691562 0.686926 0.683988 0.682712 0.683084 0.685108 0.688808 0.694230 0.701441 0.710533 0.721625 0.734868 0.750447 0.768593 0.789587 0.813777 0.841586 0.873543 0.910301 0.882045 0.830387 0.786235 0.748252 0.715415 0.686923 0.662148 0.640588 0.621838 0.605572 0.591523 0.579477 0.569255 0.560715 0.553741 0.548244 0.544152 0.541416 0.540002 0.539892 0.541086 0.543597 0.547457 0.552713 0.559432 0.567700 0.577629 0.589357 0.592422 0.590488 0.589983 0.590901 0.593253 0.597068 0.602394 0.609296 0.617864 0.628211 0.640481 0.654848 0.671529 0.690790 0.712957 0.738431 0.767711 0.801420 0.840342 0.885480 0.938131 1.000000 0.999102 3556.000000 1.305735 0.774384
0.900960 1.000000 0.892546 0.807701 0.739213 0.682948 0.636067 0.596553 0.562938 0.534128 0.509290 0.487783 0.469103 0.452851 0.438709 0.426420 0.415775 0.406604 0.398769 0.392158 0.386678 0.382257 0.378839 0.376380 0.374850 0.374230 0.374513 0.375702 0.377812 0.380868 0.384909 0.389987 0.396167 0.403534 0.412192 0.422269 0.433923 0.447347 0.462779 0.480512 0.500912 0.524442 0.551686 0.583397 0.620563 0.664496 0.716982 0.700611 0.669469 0.642459 0.618977 0.598542 0.580768 0.565342 0.552010 0.540564 0.530836 0.522689 0.516012 0.510719 0.506741 0.504030 0.502552 0.502290 0.503239 0.505412 0.508834 0.513549 0.519616 0.527113 0.536140 0.546821 0.559312 0.573801 0.590522 0.609759 0.631866 0.657278 0.686543 0.720353 0.759589 0.805398 0.744068 0.681701 0.630382 0.587565 0.551439 0.520679 0.494298 0.471542 0.451830 0.434705 0.419805 0.406840 0.395577 0.385825 0.377429 0.370264 0.364227 0.359236 0.355223 0.352139 0.349943 0.348608 0.348120 0.348471 0.349666 0.351720 0.354657 0.358515 0.363342 0.369203 0.376178 0.384364 0.393885 0.404890 0.417562 0.432127 0.448866 0.468127 0.490350 0.516093 0.546077 0.581246 0.622862 0.672641 0.732988 0.807366 7997.000000 1.524258 0.567111
0.697575 0.691464 0.686784 0.683803 0.682484 0.682813 0.684792 0.688446 0.693820 0.700980 0.710018 0.721052 0.734231 0.749741 0.767809 0.788717 0.812809 0.840507 0.872335 0.908945 0.951154 1.000000 0.991781 0.960243 0.932826 0.909061 0.888564 0.871023 0.856184 0.843841 0.833829 0.826018 0.820310 0.816634 0.814946 0.815224 0.817473 0.821719 0.828015 0.836439 0.847097 0.860130 0.851207 0.821348 0.795365 0.772780 0.753206 0.736330 0.721894 0.709691 0.699550 0.691337 0.684946 0.680295 0.677328 0.669146 0.661531 0.655650 0.651427 0.648812 0.647771 0.648293 0.650385 0.654070 0.659396 0.666427 0.675254 0.685993 0.698790 0.713825 0.731323 0.751556 0.774859 0.801648 0.832432 0.867849 0.908701 0.949963 0.926478 0.906256 0.888994 0.874445 0.862409 0.852725 0.845271 0.839952 0.836702 0.835482 0.836278 0.839098 0.843978 0.850977 0.860183 0.862655 0.844501 0.829052 0.816089 0.805435 0.796952 0.790529 0.786088 0.783574 0.782956 0.784226 0.787401 0.792519 0.799643 0.808862 0.820295 0.834095 0.850450 0.855953 0.826544 0.800954 0.778721 0.759469 0.742892 0.728742 0.716815 0.706948 0.699010 0.692899 0.688538 0.685874 0.684874 0.685526 0.687838 0.691838 4436.500000 1.170449 0.869019
0.700377 0.726063 0.755594 0.789612 0.828928 0.874583 0.918176 0.879307 0.845550 0.816183 0.790627 0.768419 0.749179 0.732602 0.718435 0.706475 0.696558 0.688551 0.682352 0.677881 0.675085 0.673928 0.674397 0.676498 0.680255 0.678277 0.651227 0.627706 0.607237 0.589436 0.573992 0.560653 0.549213 0.539504 0.531390 0.524763 0.519534 0.515639 0.513029 0.511671 0.511550 0.512663 0.515025 0.518664 0.523625 0.529971 0.537784 0.547169 0.558256 0.571206 0.586217 0.603532 0.604857 0.605399 0.607406 0.610904 0.615934 0.622560 0.630867 0.640963 0.652986 0.667107 0.683535 0.702528 0.724402 0.749545 0.778439 0.811684 0.850034 0.894450 0.946168 1.000000 0.930404 0.871828 0.822054 0.779433 0.742714 0.710936 0.683343 0.659342 0.638455 0.620300 0.604564 0.590996 0.579388 0.569574 0.561416 0.554807 0.549660 0.545910 0.543512 0.542436 0.542670 0.544214 0.547090 0.551331 0.556991 0.564142 0.572876 0.583313 0.595598 0.609913 0.626479 0.645569 0.667518 0.662534 0.645157 0.630148 0.617274 0.606347 0.597215 0.589752 0.583864 0.579474 0.576528 0.574990 0.574841 0.576080 0.578721 0.582797 0.588359 0.595476 0.604241 0.614771 0.627212 0.641745 0.658592 0.678024 5429.000000 1.498096 0.773841
0.816252 0.772082 0.734124 0.701334 0.672900 0.648182 0.626673 0.607962 0.591721 0.577680 0.565621 0.555366 0.546770 0.539716 0.534112 0.529887 0.526988 0.525379 0.525041 0.525970 0.528176 0.531688 0.536548 0.542817 0.550577 0.559930 0.571005 0.571138 0.566394 0.563072 0.561133 0.560554 0.561326 0.563460 0.566981 0.571933 0.578378 0.586399 0.596101 0.607619 0.621116 0.636795 0.654905 0.675751 0.699708 0.727243 0.752866 0.743137 0.735405 0.729571 0.725564 0.723333 0.722853 0.724116 0.727138 0.731957 0.738631 0.747244 0.757908 0.770765 0.785992 0.803808 0.824483 0.848346 0.875806 0.907361 0.851926 0.801857 0.759073 0.722276 0.690468 0.662873 0.638879 0.617998 0.599838 0.584082 0.570471 0.558796 0.548885 0.540599 0.533827 0.526173 0.519669 0.514548 0.510745 0.508214 0.506922 0.506856 0.508013 0.510407 0.514069 0.519043 0.525392 0.533199 0.542569 0.553631 0.566546 0.581514 0.598775 0.618628 0.641441 0.663402 0.654433 0.647242 0.641737 0.637848 0.635527 0.634748 0.635499 0.637790 0.641649 0.647124 0.654283 0.663217 0.674045 0.686915 0.702010 0.719556 0.739830 0.763171 0.789997 0.820828 0.856310 0.897257 0.944707 1.000000 0.929145 0.868001 1229.000000 1.389351 0.781152
0.673499 0.678698 0.664527 0.652476 0.642374 0.634084 0.627498 0.622531 0.619123 0.617230 0.616831 0.617919 0.620509 0.624632 0.630339 0.637701 0.646814 0.657799 0.670808 0.686027 0.703688 0.724072 0.747528 0.774219 0.758844 0.745830 0.734995 0.726195 0.719316 0.714270 0.710996 0.709452 0.709622 0.711506 0.715127 0.720530 0.727782 0.736975 0.748228 0.761694 0.777562 0.796063 0.817483 0.842173 0.870563 0.903186 0.934423 0.853635 0.787451 0.732429 0.686139 0.646817 0.613156 0.584162 0.559073 0.537291 0.518345 0.501857 0.487524 0.475100 0.466199 0.461004 0.457013 0.454175 0.452455 0.451832 0.452299 0.453862 0.456539 0.460364 0.465384 0.471663 0.479285 0.488352 0.498995 0.511371 0.525676 0.542147 0.561080 0.582838 0.607874 0.636761 0.670226 0.709206 0.754932 0.809043 0.873779 0.952268 1.000000 0.953644 0.913499 0.878629 0.848291 0.821892 0.798954 0.779087 0.761975 0.747361 0.735033 0.724824 0.716598 0.710247 0.705694 0.702881 0.701774 0.702360 0.683165 0.663909 0.647225 0.632847 0.620556 0.610175 0.601561 0.594599 0.589200 0.585296 0.582837 0.581795 0.582157 0.583927 0.587126 0.591794 0.597989 0.605790 0.615299 0.626645 0.639988 0.655526 1924.000000 1.286846 0.747898
0.555057 0.552280 0.546024 0.541198 0.537740 0.535608 0.534777 0.535235 0.536989 0.540060 0.544485 0.550320 0.557640 0.566540 0.567432 0.549235 0.533414 0.519696 0.507859 0.497721 0.489136 0.481983 0.476167 0.471612 0.468261 0.466072 0.465018 0.465087 0.466280 0.467808 0.465871 0.465067 0.465384 0.466828 0.469414 0.473176 0.478160 0.484429 0.492067 0.501175 0.511883 0.524350 0.538770 0.555381 0.574477 0.596420 0.621664 0.650776 0.684479 0.723702 0.769660 0.823971 0.888833 0.967308 1.000000 0.882123 0.790810 0.718196 0.659250 0.610606 0.569926 0.535537 0.506212 0.481030 0.459290 0.440444 0.424066 0.409814 0.397415 0.386648 0.377334 0.369328 0.362509 0.356781 0.354125 0.352917 0.352564 0.353062 0.354416 0.356643 0.359770 0.363837 0.368895 0.375013 0.382273 0.390780 0.400662 0.412074 0.425210 0.440307 0.457659 0.477632 0.500690 0.527421 0.558589 0.595197 0.638585 0.690591 0.706625 0.694201 0.683824 0.675357 0.668687 0.663732 0.660429 0.658737 0.658637 0.660127 0.663225 0.667969 0.674418 0.682653 0.692781 0.704939 0.719294 0.707989 0.682267 0.659883 0.640415 0.623522 0.608926 0.596402 0.585765 0.576867 0.569586 0.563829 0.559521 0.556609 17674.500000 1.439148 0.673770
0.542324 0.527631 0.514920 0.503992 0.494686 0.486869 0.480435 0.475299 0.471394 0.468674 0.467103 0.466663 0.467349 0.469169 0.472146 0.476314 0.481728 0.488457 0.496590 0.506238 0.517541 0.530666 0.545825 0.563271 0.583322 0.606367 0.632895 0.663523 0.699035 0.740448 0.789098 0.846774 0.915926 1.000000 0.932672 0.869327 0.815881 0.770374 0.731343 0.697677 0.668514 0.643178 0.621134 0.601953 0.585289 0.570861 0.558441 0.547841 0.538910 0.531525 0.525589 0.521026 0.517777 0.515804 0.515083 0.515603 0.517372 0.520412 0.524759 0.530468 0.537612 0.546285 0.556605 0.568719 0.582808 0.586786 0.571156 0.557645 0.546043 0.536180 0.527916 0.521140 0.515762 0.511713 0.508945 0.507422 0.507127 0.508054 0.510217 0.513641 0.518369 0.524459 0.531991 0.541065 0.551807 0.564370 0.578947 0.595769 0.615125 0.637368 0.662937 0.692380 0.726392 0.765858 0.811927 0.866114 0.912107 0.860848 0.816906 0.779018 0.746207 0.717707 0.692912 0.671336 0.652588 0.636350 0.622363 0.610417 0.600340 0.591993 0.585266 0.580072 0.576345 0.574040 0.573128 0.573600 0.575459 0.578729 0.583450 0.589681 0.597502 0.607015 0.618349 0.631666 0.626768 0.601049 0.578696 0.559246 5172.000000 1.605865 0.704802
0.876849 0.856859 0.839738 0.825237 0.813154 0.803328 0.795629 0.789962 0.786256 0.784465 0.784568 0.786567 0.790485 0.787378 0.752064 0.721446 0.694832 0.671672 0.651525 0.634035 0.618911 0.605917 0.594862 0.585588 0.577970 0.571907 0.567323 0.564160 0.562380 0.561960 0.562896 0.565199 0.568897 0.574036 0.580680 0.588915 0.598851 0.610624 0.624403 0.633771 0.639550 0.647008 0.656242 0.667374 0.680558 0.695984 0.713886 0.734549 0.758325 0.785647 0.817054 0.853218 0.894987 0.943446 1.000000 0.980946 0.936743 0.898424 0.865119 0.836137 0.810924 0.789033 0.770099 0.753825 0.739971 0.728340 0.718774 0.711147 0.705361 0.701345 0.699049 0.698445 0.699526 0.702304 0.706815 0.713112 0.721276 0.717587 0.704587 0.693691 0.684751 0.677651 0.672299 0.668629 0.666596 0.666176 0.667362 0.670171 0.674635 0.680810 0.688775 0.698630 0.710508 0.724573 0.741027 0.760120 0.756898 0.733778 0.713698 0.696320 0.681371 0.668627 0.657907 0.649064 0.641982 0.636569 0.632759 0.630504 0.629777 0.630569 0.633924 0.638971 0.645666 0.654096 0.664370 0.676628 0.691043 0.707828 0.727245 0.749613 0.775329 0.804879 0.838872 0.878071 0.923447 0.957456 0.926729 0.900014 844.500000 1.262782 0.820873
0.922472 0.883093 0.848900 0.819156 0.793272 0.770774 0.751277 0.734467 0.720090 0.707938 0.697842 0.689669 0.683312 0.678691 0.675749 0.674450 0.674779 0.676739 0.680354 0.685669 0.692750 0.701687 0.696838 0.684405 0.674003 0.665492 0.658760 0.653722 0.650315 0.648498 0.648249 0.649563 0.652459 0.656969 0.663152 0.671084 0.680868 0.692635 0.706548 0.722808 0.741663 0.763417 0.788442 0.817198 0.836923 0.820104 0.805851 0.793966 0.784287 0.776691 0.771079 0.767384 0.765560 0.765584 0.767457 0.771202 0.776864 0.784514 0.794249 0.806195 0.820512 0.837401 0.857108 0.850089 0.823880 0.801112 0.781400 0.764432 0.749953 0.737757 0.727677 0.719578 0.713357 0.708936 0.706261 0.705298 0.706037 0.708486 0.712674 0.718654 0.726501 0.736314 0.748223 0.762390 0.779017 0.798352 0.820698 0.837723 0.804572 0.775741 0.750652 0.728835 0.709913 0.693576 0.679576 0.667705 0.657800 0.649727 0.643381 0.638682 0.635570 0.634009 0.633979 0.635480 0.638529 0.643165 0.649445 0.657449 0.667279 0.679069 0.692983 0.709104 0.711618 0.715879 0.721942 0.729882 0.739800 0.751827 0.766129 0.782908 0.802414 0.824956 0.850910 0.880740 0.915023 0.954475 1.000000 0.967967 7155.000000 1.227512 0.854129
0.894919 0.937193 0.986153 1.000000 0.929949 0.871030 0.820992 0.778164 0.741280 0.709366 0.681661 0.657563 0.636592 0.618361 0.602557 0.588923 0.577253 0.567376 0.559156 0.552483 0.547270 0.543452 0.540981 0.544781 0.555198 0.567413 0.581612 0.598016 0.616902 0.638609 0.663556 0.692267 0.725401 0.763798 0.808545 0.861065 0.923260 0.997730 0.990266 0.956982 0.928026 0.902882 0.881131 0.862432 0.846508 0.833131 0.822121 0.813331 0.806650 0.801994 0.799307 0.798554 0.799728 0.802842 0.807935 0.794361 0.767976 0.745025 0.725102 0.707877 0.693083 0.680500 0.669952 0.661294 0.654413 0.649222 0.645656 0.643671 0.643243 0.644367 0.647057 0.651345 0.657284 0.652555 0.649445 0.647918 0.647956 0.649559 0.652746 0.657556 0.664050 0.672309 0.682440 0.694581 0.708900 0.725607 0.744958 0.767269 0.792927 0.822409 0.856312 0.895379 0.940556 0.993054 0.951547 0.910691 0.875220 0.844367 0.817518 0.794178 0.773946 0.756497 0.741564 0.728931 0.718423 0.709900 0.703251 0.698313 0.688655 0.680879 0.674884 0.670595 0.667959 0.666944 0.667538 0.669748 0.673601 0.679144 0.686447 0.695602 0.706730 0.719983 0.735548 0.753657 0.774594 0.798705 0.826421 0.858272 1173.000000 1.144499 0.741810
0.447538 0.460700 0.474454 0.469300 0.465366 0.462602 0.460975 0.460465 0.461066 0.462784 0.465642 0.469673 0.474929 0.481476 0.489403 0.498817 0.509852 0.522674 0.537486 0.554537 0.574133 0.596655 0.622578 0.652499 0.687180 0.727606 0.775069 0.831299 0.898661 0.980472 0.911807 0.834985 0.771816 0.719144 0.674724 0.636916 0.604500 0.576546 0.552334 0.531303 0.513004 0.497082 0.483248 0.471267 0.460950 0.452141 0.444713 0.438565 0.433615 0.429799 0.427070 0.425393 0.424749 0.425130 0.426539 0.428995 0.432528 0.437181 0.443014 0.450104 0.458547 0.468463 0.461218 0.452599 0.445350 0.439371 0.434583 0.430926 0.428353 0.426832 0.426346 0.426888 0.428465 0.431097 0.434814 0.439665 0.445711 0.453033 0.461729 0.471926 0.483775 0.497463 0.513221 0.531331 0.552146 0.576102 0.603752 0.635798 0.673150 0.717000 0.768942 0.831156 0.906700 1.000000 0.979317 0.881062 0.802482 0.738404 0.685331 0.640817 0.603097 0.570869 0.543153 0.519197 0.498414 0.480344 0.464618 0.450942 0.439075 0.428823 0.420028 0.412560 0.406315 0.401209 0.397174 0.394159 0.392128 0.391054 0.390926 0.391741 0.393509 0.396253 0.400005 0.404814 0.410741 0.417866 0.426288 0.436129 2189.000000 2.198027 0.593100
0.870742 0.836774 0.807229 0.781517 0.759165 0.739789 0.723076 0.708771 0.696667 0.686595 0.678422 0.672041 0.667372 0.664356 0.662958 0.663160 0.664964 0.668393 0.673488 0.680313 0.688955 0.699526 0.712168 0.727060 0.744420 0.764516 0.787677 0.814308 0.844910 0.880104 0.920673 0.944405 0.893495 0.849736 0.811927 0.779137 0.750630 0.725823 0.704245 0.685517 0.669330 0.655432 0.643619 0.633724 0.625612 0.619179 0.614341 0.611039 0.609232 0.608899 0.610034 0.612653 0.616786 0.622486 0.629823 0.638892 0.649815 0.662743 0.677861 0.695400 0.715640 0.738927 0.765687 0.796450 0.831875 0.872799 0.920290 0.975731 1.000000 0.950862 0.908413 0.871602 0.839602 0.811755 0.787533 0.766506 0.748330 0.732720 0.719445 0.708319 0.699191 0.691941 0.686476 0.682729 0.680653 0.680224 0.681436 0.684303 0.688862 0.695167 0.703299 0.713363 0.725491 0.739853 0.756654 0.776149 0.798651 0.794966 0.770343 0.748949 0.730424 0.714473 0.700856 0.689378 0.679882 0.672241 0.666357 0.662157 0.659588 0.658620 0.659241 0.661457 0.665297 0.670807 0.678057 0.687138 0.698170 0.711305 0.726727 0.744666 0.765404 0.789286 0.816738 0.848285 0.884583 0.926459 0.955087 0.909869 1124.000000 1.122013 0.767940
0.904169 0.865765 0.832414 0.803401 0.778154 0.756212 0.737200 0.720815 0.706808 0.694977 0.685160 0.677224 0.671069 0.666616 0.663810 0.662617 0.663023 0.665033 0.668671 0.673981 0.681030 0.689908 0.700730 0.713645 0.728832 0.746518 0.766978 0.762144 0.743560 0.727571 0.713939 0.702470 0.693007 0.685425 0.679626 0.675538 0.673111 0.672316 0.673142 0.675599 0.679718 0.685549 0.693166 0.702666 0.714173 0.727847 0.743882 0.762517 0.784048 0.808835 0.837323 0.870064 0.907745 0.887951 0.855883 0.827975 0.803705 0.782650 0.764463 0.748866 0.735630 0.724568 0.715533 0.708405 0.703096 0.699538 0.697688 0.697524 0.699043 0.702265 0.707228 0.713995 0.722649 0.733305 0.746103 0.761223 0.778884 0.799354 0.822966 0.850126 0.881336 0.917217 0.888690 0.848232 0.813171 0.782705 0.756194 0.733130 0.713097 0.695762 0.680851 0.668141 0.657452 0.648638 0.641582 0.636194 0.632407 0.630174 0.629467 0.630279 0.632619 0.636516 0.642017 0.649191 0.658131 0.668955 0.681811 0.684415 0.682255 0.681746 0.682881 0.685675 0.690161 0.696396 0.704456 0.714446 0.726500 0.740782 0.757499 0.776902 0.799301 0.825078 0.854699 0.888748 0.927951 0.973224 1.000000 0.948529 1848.000000 1.149434 0.814421
0.855461 0.886390 0.898459 0.850182 0.808676 0.772810 0.741702 0.714655 0.691119 0.670647 0.652881 0.637528 0.624350 0.613153 0.603780 0.596103 0.590023 0.585461 0.582362 0.580687 0.580416 0.581545 0.577833 0.573095 0.569795 0.567893 0.567367 0.568209 0.570429 0.574056 0.579133 0.585724 0.593914 0.603812 0.615553 0.618091 0.615173 0.613753 0.613816 0.615361 0.618407 0.622992 0.629173 0.637027 0.646657 0.658194 0.671797 0.687666 0.706044 0.727233 0.751598 0.779597 0.811794 0.848897 0.891806 0.941674 1.000000 0.987375 0.923454 0.869273 0.822970 0.783142 0.748712 0.718840 0.692865 0.670260 0.650602 0.633547 0.618816 0.605891 0.594265 0.584459 0.576337 0.569792 0.564738 0.561114 0.558873 0.557990 0.558452 0.560266 0.563453 0.568053 0.574124 0.581742 0.591008 0.602048 0.615018 0.630111 0.647562 0.667662 0.690767 0.717318 0.747866 0.734187 0.716178 0.700680 0.687458 0.676326 0.667130 0.659749 0.654088 0.650076 0.647664 0.646822 0.647541 0.649828 0.653711 0.659239 0.666481 0.675529 0.686503 0.699552 0.714863 0.711686 0.707833 0.705713 0.705299 0.706587 0.709593 0.714352 0.720924 0.729392 0.739865 0.752482 0.767417 0.784887 0.805155 0.828547 19450.000000 1.289167 0.791177
0.714635 0.671156 0.634104 0.602303 0.574859 0.551077 0.530411 0.512429 0.496784 0.483196 0.471436 0.461320 0.452697 0.445444 0.439462 0.434671 0.431011 0.428436 0.426913 0.426425 0.426966 0.428541 0.431171 0.434887 0.439737 0.445782 0.453102 0.461798 0.471994 0.483842 0.497529 0.513286 0.531395 0.552209 0.576163 0.603811 0.635855 0.673203 0.717048 0.768984 0.831188 0.906720 1.000000 0.965906 0.896765 0.838746 0.789565 0.747533 0.711378 0.680121 0.653002 0.629421 0.608900 0.591054 0.575571 0.562198 0.550729 0.540996 0.532863 0.526219 0.520979 0.517075 0.514459 0.513100 0.512981 0.514100 0.516470 0.520122 0.525099 0.531465 0.539303 0.548717 0.559838 0.572828 0.587885 0.605253 0.625229 0.648185 0.674577 0.704980 0.740120 0.780927 0.828610 0.823159 0.774484 0.732912 0.697169 0.666281 0.639488 0.616195 0.595924 0.578292 0.562992 0.549770 0.538423 0.528783 0.520714 0.514108 0.508878 0.504957 0.502297 0.500866 0.500645 0.501632 0.503839 0.507294 0.512038 0.518132 0.525654 0.534705 0.545410 0.557924 0.572437 0.589182 0.608447 0.630585 0.656034 0.685345 0.719211 0.758520 0.804425 0.858445 0.922625 0.999781 0.994729 0.902489 0.827729 0.766112 19985.000000 1.280723 0.590691
0.987893 0.950170 0.900261 0.857296 0.820131 0.787873 0.759818 0.735404 0.714176 0.695768 0.679883 0.666276 0.654749 0.645142 0.637326 0.631199 0.620613 0.611147 0.603398 0.597263 0.592665 0.589547 0.587870 0.587615 0.588777 0.591372 0.595430 0.601003 0.608159 0.616992 0.627620 0.640190 0.654884 0.671924 0.691586 0.714206 0.740198 0.770080 0.804495 0.844259 0.890415 0.944316 1.000000 0.948402 0.903937 0.865447 0.832024 0.802949 0.777647 0.755656 0.736600 0.720174 0.706129 0.694261 0.684407 0.676436 0.670245 0.665755 0.662911 0.661679 0.662044 0.664009 0.654904 0.646535 0.639900 0.634913 0.631513 0.629658 0.629326 0.630512 0.633231 0.637516 0.643420 0.651018 0.660407 0.671712 0.685091 0.700736 0.718884 0.739827 0.763923 0.791612 0.823443 0.860099 0.902447 0.951591 0.935130 0.887887 0.847130 0.811821 0.781144 0.754452 0.731228 0.711052 0.693586 0.678553 0.665728 0.654927 0.646002 0.638836 0.633335 0.629433 0.627079 0.626246 0.626923 0.629120 0.632861 0.638194 0.645186 0.653925 0.653427 0.653092 0.654334 0.657166 0.661624 0.667763 0.675659 0.685416 0.697162 0.711061 0.727313 0.746165 0.767920 0.792949 0.821711 0.854774 0.892851 0.936841 7920.000000 1.080073 0.755747
0.869840 0.850010 0.833026 0.818641 0.806655 0.796906 0.789270 0.783648 0.779971 0.778195 0.778297 0.780280 0.784166 0.790005 0.797867 0.807853 0.820093 0.834752 0.852034 0.872193 0.895538 0.922450 0.953399 0.988961 0.973188 0.915869 0.866900 0.824787 0.788387 0.756811 0.729356 0.705463 0.684683 0.666652 0.651075 0.637711 0.626363 0.616871 0.609109 0.602974 0.598388 0.595295 0.593657 0.593453 0.594682 0.597358 0.601514 0.607201 0.614491 0.623478 0.634283 0.647056 0.661980 0.679285 0.699249 0.722214 0.748603 0.778942 0.813887 0.806917 0.798069 0.791299 0.786522 0.783678 0.782734 0.783678 0.786522 0.791299 0.798069 0.806917 0.817955 0.831330 0.847225 0.865867 0.887533 0.912566 0.941387 0.974511 1.000000 0.957063 0.919787 0.887363 0.859146 0.834617 0.813355 0.795018 0.779324 0.766049 0.755006 0.746049 0.739061 0.733955 0.730667 0.729158 0.729408 0.731421 0.735221 0.740855 0.727733 0.707523 0.690022 0.674953 0.662090 0.651247 0.642275 0.635057 0.629499 0.625531 0.623104 0.622190 0.622776 0.624870 0.628498 0.633703 0.640551 0.649130 0.659552 0.671960 0.686529 0.703476 0.723067 0.745628 0.771561 0.801363 0.835654 0.875214 0.919322 0.892820 1402.000000 1.348310 0.820005
0.864910 0.881233 0.900394 0.922679 0.948439 0.927467 0.905021 0.885718 0.869272 0.855449 0.844060 0.834956 0.828019 0.823163 0.820329 0.819482 0.820611 0.823730 0.828878 0.836118 0.845540 0.857265 0.871449 0.862989 0.851101 0.841535 0.834170 0.828912 0.825697 0.824485 0.825261 0.828036 0.832843 0.839741 0.848816 0.860184 0.873995 0.890437 0.909743 0.932200 0.958161 0.981239 0.965452 0.952422 0.941979 0.933989 0.928350 0.924994 0.923880 0.924994 0.928350 0.933989 0.941979 0.952422 0.965452 0.981239 1.000000 0.988354 0.952813 0.921884 0.894988 0.871657 0.851511 0.834239 0.819590 0.807357 0.797377 0.789520 0.783685 0.779801 0.777819 0.777717 0.779492 0.783167 0.775542 0.769021 0.764435 0.761728 0.760866 0.761840 0.764660 0.769362 0.776003 0.784667 0.795464 0.808537 0.824066 0.842271 0.863427 0.887866 0.916001 0.948336 0.985498 0.983432 0.965990 0.951407 0.939488 0.930077 0.923054 0.918332 0.915854 0.915588 0.917533 0.921710 0.928173 0.937000 0.948303 0.962228 0.978962 0.983764 0.953362 0.926950 0.904080 0.884391 0.867587 0.853427 0.841718 0.832303 0.825062 0.819904 0.816766 0.815609 0.816420 0.819207 0.824006 0.830874 0.839898 0.851194 700.500000 1.108831 0.906279
0.691123 0.683009 0.676694 0.672100 0.669168 0.667864 0.668172 0.670095 0.673656 0.678900 0.685892 0.694720 0.705500 0.718378 0.733535 0.751194 0.771628 0.795175 0.822248 0.853357 0.889138 0.880306 0.856157 0.835257 0.817275 0.801942 0.789039 0.778391 0.769856 0.763325 0.758717 0.755974 0.755063 0.755974 0.756751 0.743684 0.732795 0.723939 0.717001 0.711894 0.708554 0.706941 0.707034 0.708835 0.712366 0.717669 0.724812 0.733883 0.745003 0.758319 0.774019 0.792332 0.813539 0.837988 0.843429 0.826339 0.811844 0.799743 0.789871 0.782102 0.776336 0.772502 0.770553 0.770465 0.772237 0.775891 0.781472 0.789047 0.798715 0.810599 0.824859 0.841694 0.861348 0.867175 0.830334 0.798340 0.770507 0.746287 0.725237 0.706999 0.691280 0.677842 0.666492 0.657072 0.649458 0.643551 0.639276 0.636581 0.635434 0.634848 0.635595 0.637882 0.641738 0.647209 0.654365 0.663296 0.674120 0.686987 0.702078 0.719620 0.739889 0.763225 0.790046 0.820871 0.856345 0.897283 0.944722 1.000000 0.997625 0.953354 0.914956 0.881572 0.852521 0.827252 0.805323 0.786371 0.770104 0.756281 0.744708 0.735229 0.727718 0.722082 0.718249 0.716173 0.715829 0.717212 0.713199 0.701142 578.000000 1.069734 0.841049
0.780909 0.770857 0.762874 0.756860 0.752739 0.750460 0.749997 0.751343 0.754515 0.742079 0.721673 0.704010 0.688811 0.675849 0.664937 0.655927 0.648700 0.643163 0.639247 0.636903 0.636103 0.636837 0.639115 0.642963 0.648430 0.655584 0.664515 0.675343 0.688215 0.703314 0.720867 0.741149 0.764500 0.791340 0.822185 0.857682 0.898646 0.894040 0.863625 0.837162 0.814176 0.794280 0.777162 0.762564 0.750278 0.740137 0.732006 0.725782 0.721386 0.718763 0.717883 0.718735 0.721328 0.725695 0.731888 0.739987 0.750094 0.762342 0.776901 0.793976 0.813823 0.836755 0.863157 0.893502 0.928376 0.968511 1.000000 0.943430 0.894958 0.853178 0.817006 0.785591 0.758263 0.734481 0.713813 0.695908 0.680477 0.667289 0.656153 0.646916 0.639454 0.633671 0.629495 0.626874 0.625776 0.626188 0.628115 0.631579 0.636625 0.643313 0.651731 0.661988 0.674222 0.688608 0.689800 0.689907 0.691679 0.695141 0.700332 0.707319 0.716189 0.727058 0.740072 0.755414 0.773308 0.794030 0.817917 0.832119 0.824907 0.819777 0.816666 0.815535 0.816372 0.819186 0.824011 0.830907 0.839960 0.851286 0.865034 0.881391 0.900591 0.922918 0.894857 0.868170 0.845006 0.824982 0.807786 0.793164 4631.000000 1.197729 0.840297
0.871022 0.851550 0.834897 0.820822 0.809131 0.799668 0.792310 0.786965 0.783567 0.782074 0.782468 0.784754 0.788959 0.795136 0.803361 0.813738 0.826405 0.841531 0.859330 0.880064 0.904055 0.931698 0.963480 1.000000 0.961012 0.913859 0.873121 0.837793 0.807081 0.780355 0.757107 0.736928 0.719486 0.704508 0.691773 0.681103 0.672352 0.665405 0.660175 0.656595 0.654623 0.654234 0.655424 0.658206 0.662616 0.666013 0.657749 0.651237 0.646395 0.643162 0.641500 0.641387 0.642822 0.645823 0.650427 0.656690 0.664691 0.674535 0.686354 0.700311 0.716610 0.735500 0.757286 0.782344 0.811139 0.844246 0.882387 0.926474 0.935910 0.917726 0.902367 0.889621 0.879320 0.871329 0.865549 0.861908 0.860361 0.860890 0.863501 0.868226 0.875123 0.884278 0.895807 0.909862 0.926632 0.946355 0.956008 0.907246 0.865200 0.828787 0.797158 0.769640 0.745696 0.724889 0.706869 0.691349 0.678094 0.666914 0.657655 0.650194 0.644437 0.640309 0.637760 0.636760 0.635361 0.630108 0.626439 0.624306 0.623686 0.624571 0.626970 0.630913 0.636450 0.643649 0.652602 0.663429 0.676279 0.691334 0.708821 0.729018 0.752264 0.778981 0.809687 0.845033 0.885838 0.933145 0.919671 0.893608 19517.000000 1.220366 0.826327
1.000000 0.899894 0.819802 0.754470 0.700345 0.654938 0.616456 0.583572 0.555290 0.530841 0.509631 0.491188 0.475138 0.461180 0.449069 0.438608 0.429634 0.422017 0.415649 0.410444 0.406335 0.403270 0.401209 0.400128 0.400015 0.400867 0.402694 0.405520 0.409379 0.414320 0.420407 0.427721 0.436364 0.446461 0.458166 0.471669 0.487201 0.505048 0.525568 0.549205 0.576522 0.608240 0.645297 0.688930 0.740806 0.803223 0.781044 0.741344 0.707107 0.677452 0.651691 0.629278 0.609776 0.592831 0.578158 0.565523 0.554736 0.545643 0.538119 0.532063 0.527399 0.524068 0.522028 0.521255 0.521739 0.523486 0.526518 0.530872 0.536601 0.543780 0.552503 0.562888 0.575083 0.589269 0.605669 0.624556 0.646265 0.671213 0.699919 0.733034 0.771389 0.816054 0.797211 0.734451 0.682376 0.638633 0.601522 0.569785 0.542470 0.518847 0.498346 0.480517 0.465001 0.451510 0.439809 0.429708 0.421053 0.413716 0.407595 0.402609 0.398693 0.395796 0.393883 0.392930 0.392926 0.393871 0.395777 0.398666 0.402574 0.407552 0.413663 0.420990 0.429634 0.439723 0.451411 0.464887 0.480386 0.498195 0.518673 0.542270 0.569553 0.601252 0.638316 0.682001 0.734003 0.796667 0.873329 0.968900 1289.000000 1.406024 0.579762
0.496287 0.487539 0.480231 0.474264 0.471754 0.480818 0.491444 0.503792 0.518057 0.534477 0.553350 0.575040 0.600005 0.628819 0.662216 0.701143 0.746845 0.800983 0.865833 0.944585 0.927415 0.910069 0.895478 0.883442 0.873802 0.866436 0.861250 0.858180 0.857191 0.858269 0.861427 0.866705 0.874166 0.883905 0.896046 0.910751 0.928219 0.948700 0.972502 1.000000 0.977860 0.918162 0.867303 0.823663 0.786006 0.753379 0.725029 0.700361 0.678898 0.660255 0.644119 0.630235 0.618395 0.608762 0.600885 0.594625 0.589899 0.586651 0.584839 0.584442 0.585455 0.587890 0.591777 0.597165 0.604119 0.612732 0.623116 0.635416 0.649807 0.666509 0.685788 0.707971 0.733464 0.762767 0.788570 0.777311 0.768195 0.761102 0.755943 0.752655 0.751197 0.751552 0.753724 0.757739 0.763647 0.771521 0.781461 0.793597 0.808094 0.825155 0.845032 0.868033 0.894536 0.925008 0.913186 0.892840 0.875443 0.860745 0.848544 0.838675 0.831012 0.825459 0.821946 0.820431 0.820896 0.823346 0.827811 0.834346 0.843031 0.853979 0.867331 0.883269 0.902018 0.923853 0.944514 0.869552 0.807416 0.755266 0.711053 0.673262 0.640752 0.612644 0.588256 0.567050 0.548595 0.532545 0.518622 0.506598 6340.000000 1.229553 0.764225
0.724103 0.773379 0.832002 0.793433 0.749562 0.711913 0.679424 0.651272 0.626810 0.605524 0.587005 0.570919 0.556998 0.545021 0.534810 0.526218 0.519129 0.513449 0.509105 0.506043 0.504225 0.503629 0.504248 0.506089 0.509175 0.513543 0.519248 0.526364 0.534985 0.545228 0.557239 0.571199 0.587328 0.605895 0.627236 0.651762 0.679989 0.712566 0.750320 0.794319 0.845965 0.907131 0.845574 0.778900 0.723589 0.677135 0.637730 0.604034 0.575035 0.549958 0.528196 0.509271 0.492801 0.478480 0.466058 0.455335 0.446144 0.438352 0.431851 0.426551 0.422386 0.419301 0.417260 0.416235 0.416216 0.417203 0.419206 0.422250 0.426374 0.431629 0.438084 0.445825 0.454961 0.465624 0.477978 0.492223 0.508607 0.527433 0.549080 0.574022 0.602860 0.636362 0.675530 0.721688 0.776626 0.842814 0.923768 1.000000 0.911608 0.839431 0.779585 0.729344 0.686742 0.650321 0.618986 0.591892 0.568382 0.547937 0.530146 0.514674 0.501253 0.489664 0.479729 0.471301 0.464263 0.458521 0.454000 0.450642 0.448405 0.447263 0.447201 0.448219 0.450329 0.453557 0.457942 0.463541 0.470425 0.478688 0.488444 0.499835 0.513036 0.528260 0.545770 0.565890 0.589024 0.615677 0.646488 0.682275 5796.000000 1.246138 0.593818
0.461944 0.451161 0.441911 0.434057 0.427489 0.422118 0.417876 0.414706 0.412571 0.411444 0.411311 0.412171 0.414034 0.416923 0.420874 0.425936 0.432175 0.439674 0.448538 0.458896 0.470904 0.484756 0.500691 0.519002 0.540054 0.564303 0.592325 0.624861 0.662867 0.707612 0.760800 0.824783 0.902890 1.000000 0.965743 0.884910 0.818383 0.762868 0.716022 0.676131 0.641915 0.612400 0.586831 0.564618 0.545290 0.528473 0.513863 0.501214 0.490326 0.481035 0.473208 0.466739 0.461540 0.457547 0.454708 0.452988 0.452367 0.452838 0.454405 0.457088 0.460920 0.465948 0.472238 0.479872 0.488954 0.492303 0.481520 0.472314 0.464550 0.458124 0.452950 0.448960 0.446106 0.444351 0.443675 0.444069 0.445538 0.448099 0.451785 0.456642 0.462731 0.470132 0.478947 0.489299 0.501344 0.515269 0.531307 0.549741 0.570926 0.595300 0.623418 0.655982 0.693899 0.738356 0.790936 0.853793 0.929937 0.909746 0.849689 0.798876 0.755515 0.718260 0.686081 0.658180 0.633927 0.612822 0.594462 0.578524 0.564743 0.552905 0.542833 0.534387 0.527450 0.521932 0.517763 0.514891 0.513280 0.512911 0.513779 0.515895 0.519285 0.523990 0.530070 0.537603 0.524357 0.505351 0.488811 0.474426 1400.000000 1.977992 0.633551
0.756070 0.758115 0.756298 0.756308 0.758144 0.761828 0.767407 0.774948 0.784548 0.796332 0.810457 0.827120 0.846566 0.869092 0.895065 0.924934 0.954037 0.911540 0.874685 0.842646 0.814764 0.790512 0.769462 0.751266 0.735643 0.722361 0.711233 0.702109 0.694869 0.689420 0.685695 0.683648 0.683255 0.684510 0.687429 0.692047 0.705734 0.726943 0.751332 0.779357 0.811584 0.848725 0.891680 0.941603 1.000000 0.981606 0.943174 0.909747 0.880657 0.855367 0.833440 0.814523 0.798326 0.784614 0.773196 0.763919 0.756664 0.751339 0.747877 0.746236 0.746397 0.748361 0.752152 0.757816 0.765425 0.775074 0.786889 0.801030 0.801246 0.784927 0.771080 0.759511 0.750064 0.742617 0.737074 0.733367 0.731450 0.731301 0.732916 0.736317 0.741545 0.741228 0.742043 0.744657 0.749100 0.755426 0.763717 0.774076 0.786642 0.801586 0.819119 0.839505 0.863063 0.890189 0.901995 0.882971 0.866778 0.853187 0.842012 0.833107 0.826359 0.821683 0.819021 0.818342 0.819637 0.822921 0.828235 0.835645 0.845243 0.857153 0.854814 0.829681 0.807874 0.789036 0.772876 0.759157 0.747686 0.738309 0.730904 0.725375 0.721655 0.719698 0.719480 0.720999 0.724273 0.729341 0.736267 0.745139 18977.000000 1.112831 0.850680
0.754517 0.738678 0.725202 0.713897 0.704612 0.697222 0.691635 0.687780 0.685611 0.685101 0.686243 0.689052 0.693562 0.699828 0.707930 0.717971 0.730086 0.744440 0.761241 0.780742 0.803254 0.829160 0.813223 0.761394 0.717401 0.679762 0.647357 0.619326 0.594995 0.573834 0.555418 0.539407 0.525523 0.513543 0.503282 0.494591 0.487349 0.481459 0.476846 0.473449 0.476111 0.480195 0.485530 0.492184 0.500245 0.509823 0.521054 0.534108 0.549189 0.566551 0.586505 0.609439 0.635833 0.666294 0.701597 0.742739 0.791031 0.848225 0.875948 0.820921 0.774153 0.734100 0.699591 0.669721 0.643785 0.621223 0.601590 0.584524 0.569735 0.556984 0.546079 0.536861 0.529202 0.524880 0.526467 0.529344 0.533544 0.539121 0.546145 0.554709 0.564928 0.576947 0.590942 0.607133 0.625786 0.647230 0.671872 0.700218 0.732905 0.770741 0.814765 0.866337 0.927264 1.000000 0.947779 0.835195 0.748128 0.678982 0.622910 0.576676 0.538038 0.505393 0.477568 0.453683 0.444165 0.440421 0.437785 0.436225 0.435722 0.436269 0.437875 0.440558 0.444350 0.449301 0.455472 0.462947 0.471826 0.482237 0.494336 0.508313 0.524404 0.542898 0.564153 0.588615 0.616848 0.649571 0.687708 0.732478 1512.500000 1.121447 0.612915
0.952511 1.000000 0.938461 0.886068 0.841135 0.802379 0.768807 0.739643 0.714268 0.692188 0.673006 0.656396 0.642097 0.629892 0.619607 0.611101 0.604262 0.599001 0.595253 0.592971 0.592127 0.592712 0.594732 0.598211 0.603194 0.609741 0.617938 0.627890 0.639735 0.653641 0.646384 0.623279 0.603172 0.585688 0.570526 0.557437 0.546223 0.536718 0.528790 0.522333 0.517263 0.513515 0.511044 0.509819 0.509825 0.511062 0.513545 0.517305 0.522388 0.528859 0.536801 0.546322 0.557554 0.570662 0.585846 0.603353 0.623487 0.646622 0.673226 0.703880 0.739326 0.780510 0.828668 0.885433 0.953011 0.976066 0.919623 0.871336 0.829766 0.793808 0.762597 0.735452 0.711830 0.691291 0.673481 0.658111 0.644946 0.633795 0.624502 0.616942 0.611017 0.606652 0.603794 0.602407 0.602474 0.603997 0.606993 0.611500 0.617573 0.625289 0.634750 0.646081 0.659441 0.659766 0.634126 0.611824 0.592415 0.575544 0.560921 0.548312 0.537522 0.528398 0.520812 0.514664 0.509872 0.506378 0.504137 0.503123 0.503323 0.504740 0.507391 0.511308 0.516539 0.523153 0.531234 0.540892 0.552264 0.565515 0.580851 0.598525 0.618845 0.642196 0.669052 0.700013 0.735837 0.777499 0.826272 0.883846 7021.000000 1.576866 0.715192
0.566339 0.554210 0.543872 0.535178 0.528010 0.522273 0.517893 0.514816 0.513004 0.512435 0.513102 0.515014 0.518192 0.522677 0.528524 0.535810 0.544629 0.555103 0.567382 0.581649 0.598130 0.617102 0.638907 0.663968 0.692812 0.726105 0.764694 0.809675 0.862486 0.925051 1.000000 0.955096 0.883649 0.823994 0.773630 0.730728 0.693917 0.662156 0.634638 0.610727 0.589923 0.571822 0.556098 0.542488 0.530776 0.520787 0.512379 0.505436 0.499867 0.495601 0.492583 0.490777 0.490160 0.490726 0.492481 0.495447 0.499659 0.505171 0.512054 0.520397 0.530316 0.541951 0.555476 0.571105 0.589099 0.609781 0.633549 0.660902 0.663039 0.645352 0.630062 0.616932 0.605768 0.596412 0.588737 0.582643 0.578052 0.574907 0.573170 0.572819 0.573850 0.576275 0.580124 0.585446 0.592305 0.600792 0.611019 0.623128 0.637292 0.653727 0.672695 0.694520 0.719601 0.748432 0.781630 0.819978 0.864473 0.916408 0.883953 0.830647 0.785188 0.746151 0.712447 0.683231 0.657839 0.635744 0.616521 0.599830 0.585391 0.572980 0.562410 0.553533 0.546227 0.540396 0.535966 0.532881 0.531104 0.530613 0.531401 0.533479 0.536872 0.541621 0.547787 0.555448 0.564706 0.575689 0.588553 0.580441 1239.000000 1.553617 0.707820
0.763226 0.744454 0.728295 0.714507 0.702894 0.693296 0.685585 0.679664 0.675457 0.672914 0.672002 0.672711 0.675049 0.679046 0.684749 0.692231 0.701587 0.712941 0.726447 0.742297 0.760728 0.782029 0.806557 0.834749 0.867148 0.904430 0.947448 0.965094 0.948919 0.935493 0.924638 0.916215 0.910116 0.906267 0.904620 0.905156 0.907881 0.912828 0.920058 0.929661 0.941759 0.956511 0.974117 0.994824 0.953795 0.915594 0.882379 0.853473 0.828333 0.806520 0.787675 0.771506 0.757777 0.746294 0.736903 0.729481 0.723933 0.720191 0.718209 0.717963 0.719450 0.722687 0.727714 0.734595 0.743414 0.754287 0.767359 0.782811 0.800868 0.821803 0.845955 0.842435 0.826367 0.812821 0.801613 0.792592 0.785645 0.780682 0.777643 0.776491 0.777213 0.779816 0.784332 0.790817 0.799352 0.810046 0.823040 0.838511 0.843134 0.834656 0.828323 0.824054 0.821800 0.821531 0.823246 0.826963 0.832730 0.840617 0.850724 0.863182 0.878157 0.895857 0.916539 0.940517 0.968179 1.000000 0.970643 0.943509 0.920008 0.899764 0.882472 0.867883 0.855797 0.846054 0.838527 0.833122 0.829772 0.828437 0.829101 0.831771 0.836480 0.843286 0.852273 0.863557 0.871525 0.838556 0.809870 0.784910 1161.000000 1.269796 0.879224
0.898177 0.862659 0.831772 0.804891 0.781518 0.761246 0.743745 0.728747 0.716033 0.705425 0.696781 0.689989 0.684962 0.681638 0.679976 0.679956 0.681578 0.684862 0.689848 0.698176 0.710662 0.725383 0.742553 0.762437 0.785360 0.811719 0.842009 0.876840 0.850169 0.818744 0.791397 0.767608 0.746955 0.729093 0.713746 0.700685 0.689724 0.680716 0.673542 0.668111 0.664354 0.662225 0.661699 0.662769 0.665449 0.669770 0.675786 0.679528 0.683155 0.688488 0.695595 0.704565 0.715515 0.728594 0.743986 0.761918 0.782667 0.806575 0.834063 0.865650 0.901981 0.943869 0.953440 0.923709 0.897874 0.875497 0.856220 0.839754 0.825860 0.814349 0.805068 0.797896 0.792744 0.789547 0.788268 0.788890 0.791422 0.795893 0.802359 0.810900 0.801493 0.778912 0.759347 0.742486 0.728074 0.715902 0.705803 0.697642 0.691314 0.686739 0.683861 0.682645 0.683076 0.685159 0.688919 0.694404 0.701680 0.710841 0.711180 0.699715 0.690251 0.682661 0.676850 0.672744 0.670293 0.669466 0.670254 0.672666 0.676732 0.682502 0.690047 0.699465 0.710881 0.724449 0.740363 0.758861 0.777793 0.790189 0.804957 0.822306 0.842494 0.865837 0.892721 0.923626 0.959140 1.000000 0.986429 0.939104 1919.000000 1.153278 0.837632
0.618974 0.585097 0.556006 0.530889 0.509116 0.490194 0.473728 0.459403 0.446964 0.436205 0.426955 0.419078 0.412462 0.407018 0.402672 0.399370 0.397071 0.395746 0.395379 0.395966 0.397514 0.400041 0.403579 0.408173 0.413880 0.420778 0.428960 0.438545 0.449675 0.462529 0.477322 0.494324 0.513865 0.536360 0.562331 0.592446 0.627565 0.668824 0.717739 0.776393 0.847710 0.935937 1.000000 0.898048 0.816747 0.750602 0.695919 0.650123 0.611363 0.578280 0.549851 0.525291 0.503995 0.485481 0.469371 0.455357 0.443192 0.432676 0.423644 0.415963 0.409524 0.404241 0.400044 0.396879 0.394708 0.393503 0.393250 0.393945 0.395598 0.398228 0.401868 0.406564 0.412376 0.419381 0.427677 0.437382 0.448644 0.461643 0.476600 0.493788 0.513545 0.536296 0.562573 0.593061 0.628644 0.670488 0.720158 0.779804 0.804450 0.760106 0.722044 0.689194 0.660725 0.635986 0.614460 0.595731 0.579465 0.565389 0.553283 0.542964 0.534287 0.527133 0.521408 0.517037 0.513968 0.512161 0.511595 0.512262 0.514172 0.517348 0.521827 0.527667 0.534943 0.543750 0.554210 0.566471 0.580718 0.597176 0.616122 0.637896 0.662921 0.691724 0.724970 0.763504 0.808423 0.761877 0.705690 0.658699 6786.000000 1.382633 0.582066
0.747317 0.770405 0.796945 0.805861 0.785559 0.768059 0.753097 0.740456 0.729962 0.721475 0.714885 0.710110 0.707091 0.705790 0.706192 0.708302 0.712146 0.717770 0.725244 0.734665 0.746154 0.759869 0.776001 0.794789 0.816526 0.841569 0.870361 0.868834 0.827469 0.791685 0.760624 0.733609 0.710099 0.689659 0.671936 0.656643 0.643547 0.632457 0.623219 0.615708 0.609829 0.605505 0.602684 0.601331 0.601429 0.602981 0.606004 0.610536 0.616633 0.624373 0.633855 0.645208 0.658591 0.674200 0.692275 0.713110 0.737070 0.764601 0.796262 0.832751 0.874954 0.924008 0.981393 1.000000 0.939213 0.887408 0.842944 0.804569 0.771313 0.742415 0.717269 0.695392 0.676391 0.659948 0.645804 0.633749 0.623610 0.615250 0.608557 0.603446 0.599854 0.597736 0.597066 0.597836 0.600055 0.603751 0.608969 0.615774 0.624254 0.634521 0.646715 0.661010 0.677622 0.696811 0.718902 0.744290 0.773470 0.807054 0.845817 0.890746 0.943115 0.920773 0.877905 0.840788 0.808550 0.780504 0.756099 0.734890 0.716518 0.700689 0.687164 0.675749 0.666285 0.658647 0.652738 0.648481 0.645826 0.644739 0.645208 0.647238 0.650853 0.656099 0.663040 0.671765 0.682388 0.695055 0.709943 0.727274 1274.500000 1.048498 0.757549
1.000000 0.921105 0.833376 0.762582 0.704438 0.656001 0.615183 0.580463 0.550709 0.525060 0.502851 0.483563 0.466782 0.452180 0.439490 0.428498 0.419026 0.410933 0.404102 0.398438 0.393866 0.390328 0.387779 0.386187 0.385533 0.385810 0.387019 0.389177 0.392309 0.396456 0.401668 0.408016 0.415584 0.424481 0.434838 0.446815 0.460613 0.476474 0.494701 0.515669 0.539852 0.567849 0.600436 0.638622 0.683754 0.690186 0.660204 0.634182 0.611552 0.591857 0.574733 0.559883 0.547066 0.536085 0.526780 0.519022 0.512706 0.507751 0.504093 0.501687 0.500505 0.500531 0.501765 0.504224 0.507937 0.512949 0.519325 0.527147 0.536521 0.547578 0.560478 0.575421 0.592649 0.612461 0.635227 0.661406 0.691573 0.726457 0.766994 0.814399 0.808122 0.732034 0.670518 0.619916 0.577710 0.542108 0.511800 0.485811 0.463395 0.443980 0.427113 0.412438 0.399669 0.388575 0.378969 0.370697 0.363636 0.357685 0.352762 0.348801 0.345752 0.343576 0.342247 0.341748 0.342073 0.343227 0.345223 0.348086 0.351851 0.356567 0.362296 0.369116 0.377124 0.386438 0.397205 0.409604 0.423857 0.440236 0.459082 0.480823 0.506007 0.535334 0.569728 0.610416 0.659073 0.718037 0.790681 0.882043 2596.000000 1.551397 0.563553
0.911501 0.861225 0.818073 0.780830 0.748555 0.720510 0.696106 0.674874 0.656433 0.640476 0.626749 0.615050 0.605210 0.597096 0.590601 0.585641 0.582155 0.580099 0.579449 0.580196 0.582350 0.585937 0.591001 0.597605 0.605835 0.615799 0.627633 0.641507 0.657628 0.676252 0.652453 0.629216 0.608994 0.591412 0.576165 0.563007 0.551736 0.542188 0.534230 0.527756 0.522680 0.518940 0.516488 0.515294 0.515345 0.516641 0.519197 0.523044 0.528232 0.534824 0.542908 0.552591 0.564010 0.577330 0.592758 0.610544 0.630997 0.654500 0.681527 0.712672 0.748691 0.790550 0.839510 0.897238 0.965990 1.000000 0.926454 0.864925 0.812897 0.768519 0.730404 0.697493 0.668961 0.644163 0.622584 0.603811 0.587511 0.573413 0.561296 0.550981 0.542321 0.535198 0.529519 0.525212 0.522222 0.520512 0.520063 0.520868 0.522937 0.526296 0.530985 0.537065 0.544612 0.553728 0.564537 0.577194 0.591891 0.608861 0.628392 0.650836 0.636602 0.622355 0.610170 0.599869 0.591312 0.584383 0.578994 0.575076 0.572581 0.571477 0.571753 0.573412 0.576473 0.580973 0.586970 0.594539 0.603779 0.614816 0.627804 0.642936 0.660445 0.680620 0.703815 0.730469 0.761127 0.796474 0.837379 0.884961 2160.000000 1.489388 0.724339
0.777702 0.804579 0.835465 0.870999 0.868987 0.828420 0.793297 0.762794 0.736259 0.713167 0.693099 0.675713 0.660731 0.647925 0.637112 0.628143 0.620898 0.615283 0.611228 0.608683 0.607617 0.608017 0.609887 0.613252 0.618150 0.624645 0.632818 0.642777 0.654657 0.658713 0.651325 0.645639 0.641584 0.639110 0.638186 0.638802 0.640965 0.644700 0.650055 0.657095 0.665912 0.676620 0.689367 0.704332 0.721739 0.741860 0.765032 0.791666 0.822274 0.857493 0.898125 0.945189 1.000000 0.974523 0.917218 0.868253 0.826141 0.789740 0.758160 0.730701 0.706805 0.686023 0.667992 0.652415 0.639053 0.627709 0.618224 0.610470 0.604347 0.599775 0.596699 0.595080 0.594900 0.596155 0.598862 0.603052 0.608779 0.616114 0.616528 0.610911 0.606845 0.604278 0.603180 0.603538 0.605355 0.608653 0.613474 0.619877 0.627944 0.637780 0.649519 0.663326 0.679406 0.698007 0.719438 0.744076 0.772387 0.804955 0.842509 0.885977 0.927236 0.884191 0.846914 0.814536 0.786368 0.761856 0.740557 0.722108 0.706217 0.692642 0.681190 0.671702 0.664052 0.658142 0.653898 0.651268 0.650218 0.650737 0.652831 0.656525 0.661865 0.668917 0.677771 0.688544 0.701382 0.716466 0.734021 0.754321 1402.000000 1.148373 0.776954
