35
1000 1000
6 107 74 110 60 139 41 145 72 141 99 110 107
3 87 51 177 73 87 137
8 9 89 21 72 65 40 96 71 103 96 92 125 57 141 17 135
7 9 13 29 -5 47 5 60 23 57 47 27 41 19 32
7 6 1 35 -21 56 -6 84 31 61 54 31 47 -5 43
5 2 18 30 4 50 27 25 60 0 51
7 2 9 29 -9 54 6 70 29 47 44 24 49 11 36
4 128 144 232 190 126 236 77 195
8 57 77 97 67 126 90 170 123 157 194 100 163 63 154 23 129
3 33 -6 86 56 29 111
7 27 24 47 -12 83 -13 100 34 79 85 45 93 20 60
5 31 113 95 112 145 164 87 210 46 182
7 3 18 10 10 26 15 28 23 25 35 10 39 6 32
3 9 6 54 35 11 53
4 224 173 309 251 205 332 178 253
8 16 108 28 75 73 72 103 71 125 104 110 155 78 152 45 140
6 47 49 151 35 163 132 126 181 24 201 5 132
7 9 3 26 -6 52 0 66 17 56 48 29 53 5 42
3 43 72 100 103 41 134
5 -9 35 47 36 114 68 62 142 14 106
3 11 14 40 34 11 51
4 17 41 45 -6 72 44 52 90
4 -14 19 5 -1 24 23 4 46
5 9 24 25 7 47 29 27 62 9 45
8 -2 5 25 -21 56 -21 87 34 59 56 30 82 -1 61 -26 31
6 16 17 41 18 59 37 35 53 18 54 6 37
6 -2 61 20 38 46 36 53 63 39 91 19 79
3 115 139 309 193 109 267
7 1 7 19 -9 45 -6 43 17 38 38 26 51 2 27
7 13 25 46 20 74 27 108 60 82 79 48 91 18 64
5 28 46 66 41 74 70 72 105 40 79
6 12 -3 51 -1 67 29 53 59 14 47 -3 30
4 196 172 305 111 411 190 311 241
5 36 63 77 51 79 84 69 103 43 102
4 22 46 53 26 66 49 54 68
