40
1000 1000
3 28 3 74 22 32 49
8 -1 18 15 18 20 23 23 33 19 44 9 58 4 41 -12 37
8 -56 112 13 56 66 60 118 81 170 144 119 168 88 244 34 171
6 18 133 59 99 101 96 145 150 106 180 75 167
3 24 14 74 37 25 73
4 33 72 54 47 80 72 51 99
3 160 321 305 429 165 533
6 110 131 158 156 196 198 169 234 111 220 66 198
7 91 64 123 18 162 38 156 82 159 113 121 108 76 113
5 10 63 48 43 63 78 36 95 2 90
5 19 39 49 25 72 62 54 93 7 82
7 16 35 38 18 55 26 69 49 65 70 39 67 23 65
5 46 57 83 32 121 79 89 116 53 89
5 56 64 108 61 139 98 105 139 64 122
3 59 34 105 47 64 62
8 13 52 38 60 64 46 80 78 59 104 43 112 26 96 3 79
7 14 15 35 -7 68 6 87 23 61 63 31 65 1 47
7 39 29 48 28 57 31 64 38 65 52 47 54 41 42
3 53 4 101 25 48 52
3 10 20 77 55 -5 105
7 -1 21 17 14 29 14 46 24 33 45 10 47 3 33
8 8 18 12 2 31 0 50 -1 62 18 52 37 28 44 9 43
7 2 -1 13 -10 22 0 32 9 24 21 12 22 4 16
4 71 106 88 69 139 101 99 155
5 23 36 85 42 115 69 108 136 27 107
3 98 108 186 155 96 201
4 65 -6 114 35 62 101 21 51
4 8 144 73 93 132 142 57 202
5 60 43 146 67 205 123 170 177 63 165
6 40 53 58 41 83 45 96 58 89 81 55 85
3 49 49 116 71 59 105
4 -46 99 39 37 85 90 30 183
7 8 51 28 44 45 44 58 61 45 71 26 71 10 69
6 297 428 393 379 477 373 524 446 460 473 394 477
5 1 20 26 12 50 41 29 57 4 45
8 3 15 19 16 26 17 37 30 37 45 16 48 7 44 -9 33
6 57 28 76 30 98 57 81 72 61 72 32 55
8 25 20 25 10 39 -2 60 -4 72 25 59 42 40 54 21 39
6 3 143 61 99 123 106 190 152 130 216 67 224
8 72 63 114 63 137 84 145 99 159 138 104 148 85 139 86 106
