0.476624 0.475531 0.475585 0.476788 0.479154 0.482713 0.487508 0.493600 0.501070 0.510016 0.508281 0.505531 0.504018 0.503724 0.504645 0.506792 0.510193 0.514888 0.520937 0.528418 0.537430 0.548099 0.560577 0.575055 0.591764 0.610988 0.633080 0.658476 0.671301 0.661027 0.652612 0.645944 0.640940 0.637537 0.635693 0.635387 0.636613 0.639387 0.643744 0.649736 0.657439 0.666954 0.678406 0.691954 0.707794 0.726168 0.747368 0.771759 0.799788 0.789947 0.757186 0.728719 0.703949 0.682398 0.663679 0.647477 0.633537 0.621652 0.611650 0.603395 0.596779 0.591717 0.588144 0.586018 0.585312 0.586018 0.588144 0.591717 0.596779 0.603395 0.603115 0.588392 0.575725 0.564923 0.555834 0.548333 0.542321 0.537720 0.534474 0.532542 0.531900 0.532542 0.534474 0.537720 0.542321 0.539863 0.533003 0.527570 0.523495 0.520727 0.519233 0.518994 0.520007 0.522285 0.525856 0.530763 0.537068 0.544854 0.554223 0.564188 0.574153 0.585914 0.599641 0.615545 0.633884 0.654976 0.679213 0.707081 0.739190 0.776314 0.819443 0.869864 0.929283 1.000000 0.957809 0.859802 0.781698 0.718189 0.665707 0.621769 0.584593 0.552868 0.525611 0.502068 0.492966 0.487000 0.482324 0.478880 1998.500000 1.322672 0.738814
0.811853 0.766791 0.728130 0.694774 0.665874 0.640765 0.618917 0.599907 0.583394 0.569100 0.556799 0.546307 0.537473 0.530178 0.524324 0.519837 0.516660 0.514755 0.514097 0.514679 0.516508 0.519607 0.524013 0.529781 0.536986 0.545723 0.556110 0.568296 0.582463 0.598834 0.617682 0.639346 0.664244 0.692896 0.725958 0.764268 0.808903 0.790165 0.758450 0.730876 0.706879 0.686009 0.667898 0.652250 0.638822 0.627417 0.617874 0.610065 0.603887 0.599263 0.596134 0.594462 0.594228 0.595427 0.598075 0.602203 0.607864 0.615128 0.624089 0.634868 0.647613 0.662509 0.679782 0.699711 0.722637 0.748982 0.779269 0.814153 0.854461 0.901253 0.859891 0.814383 0.775224 0.741361 0.711977 0.686424 0.664186 0.644848 0.628075 0.613593 0.601180 0.590653 0.581867 0.574702 0.569066 0.564887 0.562113 0.560711 0.560662 0.561968 0.564643 0.568720 0.574250 0.581303 0.589971 0.600368 0.612642 0.614034 0.602139 0.592095 0.583764 0.577035 0.571822 0.568058 0.565697 0.564710 0.565086 0.566829 0.569960 0.574517 0.580558 0.588159 0.597421 0.608467 0.621456 0.636578 0.654069 0.674219 0.697383 0.724002 0.754624 0.789937 0.830818 0.878392 0.934133 1.000000 0.927423 0.864756 1927.500000 1.290153 0.726503
0.841188 0.789058 0.744702 0.706679 0.673895 0.645504 0.620844 0.599389 0.580720 0.564497 0.550447 0.538344 0.528007 0.519286 0.512063 0.506240 0.501744 0.498517 0.496520 0.495729 0.496133 0.497738 0.500563 0.504643 0.510030 0.516790 0.525014 0.534814 0.546327 0.559725 0.575217 0.593061 0.613572 0.637143 0.664262 0.695542 0.731764 0.773932 0.823362 0.881807 0.951650 0.997042 0.909745 0.838360 0.779104 0.729312 0.687058 0.650914 0.619802 0.592891 0.569535 0.549222 0.531544 0.516174 0.502845 0.491341 0.481486 0.473136 0.466174 0.460507 0.456062 0.452783 0.450628 0.449571 0.449600 0.450715 0.452930 0.456270 0.460779 0.466513 0.473546 0.481974 0.491914 0.503510 0.516943 0.532429 0.550238 0.570703 0.594235 0.621353 0.652712 0.689152 0.731770 0.782013 0.841843 0.913970 1.000000 0.923677 0.860103 0.806535 0.760974 0.721932 0.688277 0.659137 0.633830 0.611814 0.592655 0.576006 0.561582 0.549154 0.538533 0.529566 0.522131 0.516128 0.511479 0.508127 0.506029 0.505161 0.505511 0.507084 0.509900 0.513992 0.519411 0.526228 0.534530 0.544431 0.556071 0.569622 0.585295 0.603349 0.624104 0.647954 0.675392 0.707034 0.743667 0.786301 0.836258 0.895297 5023.000000 1.162144 0.599454
0.871868 0.902476 0.902525 0.879306 0.859270 0.842109 0.827576 0.815467 0.805620 0.797907 0.792231 0.788521 0.786732 0.786843 0.788855 0.792791 0.798701 0.806657 0.816761 0.829145 0.843974 0.861456 0.881847 0.905461 0.932684 0.963988 0.978572 0.953068 0.931046 0.912166 0.896153 0.882783 0.871875 0.863288 0.856912 0.852669 0.850507 0.850399 0.852344 0.856366 0.862514 0.870864 0.881522 0.894625 0.910350 0.928916 0.950593 0.975712 0.939639 0.900553 0.866593 0.837044 0.811334 0.789001 0.769669 0.753032 0.738841 0.726894 0.717028 0.709111 0.703042 0.698745 0.696167 0.695277 0.696064 0.698538 0.702728 0.708686 0.716488 0.726231 0.735906 0.744644 0.755433 0.768418 0.783778 0.801736 0.822564 0.846597 0.874247 0.906019 0.942545 0.978608 0.957366 0.939242 0.923976 0.911359 0.901223 0.893440 0.887910 0.884566 0.883367 0.884299 0.887373 0.892627 0.900124 0.909959 0.922258 0.937183 0.954936 0.975772 1.000000 0.979993 0.939265 0.903878 0.873087 0.846297 0.823026 0.802883 0.785549 0.770766 0.758322 0.748046 0.739804 0.733490 0.729023 0.726350 0.725438 0.726276 0.728873 0.733262 0.739496 0.747654 0.757840 0.770189 0.784869 0.802089 0.822106 0.845237 1153.500000 1.173096 0.860826
1.000000 0.915947 0.846811 0.789146 0.740505 0.699098 0.663591 0.632967 0.606441 0.583399 0.563350 0.545906 0.530749 0.517625 0.506324 0.496678 0.488547 0.481819 0.476407 0.472240 0.469266 0.467449 0.466765 0.467207 0.468781 0.471505 0.475413 0.480553 0.486992 0.494814 0.504126 0.515060 0.527778 0.542480 0.559411 0.578872 0.601236 0.626970 0.656657 0.691043 0.731088 0.778049 0.816770 0.769767 0.729540 0.694901 0.664930 0.638914 0.616286 0.596593 0.579474 0.564631 0.551826 0.540863 0.531583 0.523857 0.517581 0.512674 0.509074 0.506737 0.505633 0.505750 0.507089 0.509667 0.513514 0.518678 0.525226 0.533242 0.542835 0.554138 0.567318 0.582578 0.600167 0.620393 0.643634 0.670362 0.701169 0.736804 0.778230 0.826702 0.883884 0.952028 0.883262 0.808715 0.747433 0.696343 0.653264 0.616604 0.585174 0.558072 0.534601 0.514213 0.496475 0.481040 0.467628 0.456013 0.446009 0.437466 0.430262 0.424296 0.419490 0.415782 0.413126 0.411489 0.410850 0.411203 0.412550 0.414910 0.418310 0.422793 0.428417 0.435255 0.443400 0.452968 0.464101 0.476973 0.491798 0.508839 0.528422 0.550954 0.576944 0.607042 0.642086 0.683170 0.731755 0.789827 0.860162 0.946753 18217.500000 1.285178 0.590421
0.905429 0.867766 0.835042 0.806569 0.781796 0.760275 0.741647 0.725616 0.711942 0.700430 0.690922 0.683294 0.677446 0.673305 0.669826 0.666758 0.665313 0.665475 0.667244 0.670643 0.675712 0.682516 0.691140 0.701697 0.714328 0.729212 0.746566 0.766659 0.789818 0.816448 0.847048 0.882239 0.922801 0.969721 0.981546 0.940189 0.904267 0.873015 0.845820 0.822189 0.801722 0.784092 0.769034 0.756330 0.745808 0.737325 0.730775 0.726073 0.723163 0.722008 0.722595 0.724931 0.729044 0.734985 0.742827 0.752671 0.764647 0.778917 0.795683 0.815193 0.837754 0.851109 0.822821 0.798214 0.776854 0.758386 0.742523 0.729030 0.717717 0.708431 0.701049 0.695478 0.691647 0.689510 0.689042 0.690236 0.693106 0.697689 0.704039 0.712238 0.722391 0.734634 0.749134 0.766100 0.785790 0.808518 0.834671 0.864725 0.899271 0.939049 0.984991 1.000000 0.949830 0.906534 0.869015 0.836412 0.808044 0.783363 0.761926 0.743373 0.727414 0.713809 0.702364 0.692924 0.685363 0.679585 0.675518 0.673110 0.672334 0.673179 0.675657 0.679796 0.685649 0.692628 0.699841 0.708931 0.720018 0.733252 0.748820 0.766950 0.787925 0.812092 0.839874 0.871800 0.908525 0.950870 0.999283 0.948899 3466.500000 1.046550 0.785039
0.733296 0.667392 0.613714 0.569297 0.532071 0.500546 0.473626 0.450482 0.430485 0.413140 0.398060 0.384937 0.373523 0.363617 0.355057 0.347708 0.341463 0.336235 0.331952 0.328558 0.326010 0.324277 0.323337 0.323178 0.323800 0.325208 0.327422 0.330467 0.334382 0.339219 0.345041 0.351928 0.359982 0.369323 0.380101 0.392502 0.406753 0.423134 0.442001 0.463797 0.489094 0.518632 0.553385 0.594666 0.644280 0.704778 0.779888 0.875278 1.000000 0.911635 0.839476 0.779643 0.729413 0.686817 0.650402 0.619071 0.591980 0.568473 0.548031 0.530241 0.514771 0.501352 0.489765 0.479831 0.471404 0.464369 0.458628 0.454109 0.450753 0.448519 0.447379 0.447320 0.448342 0.450455 0.453686 0.458076 0.463680 0.470570 0.478839 0.488601 0.500000 0.513209 0.528443 0.545964 0.566097 0.589247 0.615917 0.645965 0.616046 0.590135 0.567627 0.548045 0.531006 0.516200 0.503377 0.492333 0.482902 0.474948 0.468362 0.463056 0.458963 0.456030 0.454222 0.453516 0.453904 0.455391 0.457995 0.461747 0.466695 0.472902 0.480449 0.489439 0.500000 0.512288 0.526495 0.542858 0.561667 0.583281 0.608150 0.636836 0.670057 0.708736 0.754081 0.807705 0.871800 0.949428 0.921782 0.815822 966.000000 1.682922 0.545321
0.666656 0.636205 0.609819 0.586893 0.566944 0.549587 0.534511 0.521463 0.510236 0.500663 0.492608 0.485960 0.480632 0.476555 0.473678 0.471965 0.471397 0.471965 0.473678 0.476555 0.480632 0.485960 0.492608 0.500663 0.510236 0.521463 0.534511 0.549587 0.566944 0.586893 0.609819 0.636205 0.666656 0.701944 0.743067 0.791333 0.848492 0.916931 1.000000 0.894164 0.806290 0.735756 0.678073 0.630184 0.589941 0.555788 0.526572 0.501421 0.479667 0.460786 0.444364 0.430074 0.417648 0.406874 0.397574 0.389608 0.382860 0.377234 0.372656 0.369066 0.366419 0.364682 0.363834 0.363865 0.364774 0.366573 0.369284 0.372940 0.377589 0.383289 0.390119 0.398173 0.407570 0.418453 0.430999 0.445428 0.462008 0.481074 0.503045 0.528453 0.557980 0.592513 0.633230 0.681719 0.740180 0.811748 0.901040 0.987874 0.907499 0.841093 0.785505 0.738479 0.698353 0.663879 0.634105 0.608289 0.585849 0.566322 0.549335 0.534588 0.521836 0.510880 0.501559 0.493739 0.487316 0.482205 0.478340 0.475673 0.474172 0.473818 0.474607 0.476549 0.479667 0.484000 0.489602 0.496545 0.504922 0.514849 0.526467 0.539952 0.555520 0.573434 0.594022 0.617686 0.644932 0.676397 0.712896 0.701944 826.500000 1.480082 0.570158
0.839636 0.856839 0.876918 0.900181 0.927006 0.957858 0.993309 0.952918 0.914650 0.881378 0.852424 0.827241 0.805388 0.786506 0.770302 0.756538 0.744494 0.724050 0.706355 0.691129 0.678145 0.667218 0.658197 0.650965 0.645428 0.641517 0.639183 0.638399 0.639154 0.641459 0.645340 0.650846 0.658046 0.667032 0.664654 0.662517 0.661983 0.663046 0.665719 0.670034 0.676045 0.683827 0.693480 0.705133 0.718946 0.735117 0.753890 0.775565 0.771989 0.763542 0.757082 0.752529 0.749825 0.748939 0.749859 0.752597 0.757185 0.763681 0.772166 0.782748 0.795567 0.810800 0.828662 0.849421 0.873405 0.884837 0.890367 0.898144 0.908264 0.920860 0.936096 0.954183 0.975378 1.000000 0.988832 0.927391 0.875123 0.830326 0.791707 0.758266 0.729221 0.703952 0.681964 0.662856 0.646305 0.632045 0.619862 0.609581 0.601059 0.594185 0.588868 0.585042 0.582661 0.581695 0.581973 0.581906 0.583245 0.586004 0.590219 0.595941 0.603242 0.612218 0.622988 0.635703 0.650547 0.667749 0.687586 0.710402 0.736619 0.766764 0.801494 0.841644 0.857585 0.840272 0.825595 0.813347 0.803364 0.795517 0.789705 0.785857 0.783926 0.783889 0.785744 0.789514 0.795246 0.803010 0.812905 0.825059 3264.500000 1.327934 0.839240
0.986366 0.953955 0.886087 0.829099 0.780766 0.739440 0.703880 0.673131 0.646447 0.623243 0.603049 0.585489 0.570258 0.557107 0.545835 0.536275 0.528296 0.521789 0.516671 0.512875 0.510355 0.509080 0.509035 0.510218 0.512646 0.516346 0.521365 0.527767 0.535634 0.545072 0.556213 0.540937 0.526316 0.513669 0.502799 0.493543 0.485771 0.479377 0.474277 0.470406 0.467715 0.466171 0.465756 0.466464 0.468305 0.471299 0.475486 0.480916 0.487660 0.495807 0.505470 0.516786 0.529927 0.545101 0.562564 0.582634 0.605702 0.632257 0.662918 0.698474 0.739942 0.788666 0.846441 0.915731 1.000000 0.980510 0.904997 0.842167 0.789273 0.744318 0.705816 0.672643 0.643929 0.618997 0.597309 0.578435 0.562030 0.547814 0.535557 0.525074 0.516213 0.508852 0.502892 0.498257 0.494888 0.492743 0.491796 0.492036 0.493465 0.496102 0.499978 0.505141 0.511658 0.519613 0.529114 0.540295 0.548865 0.534905 0.522865 0.512563 0.503849 0.496604 0.490729 0.486149 0.482806 0.480658 0.479680 0.479860 0.481200 0.483716 0.487438 0.492414 0.498706 0.506397 0.515591 0.526416 0.539032 0.553633 0.570461 0.589809 0.612041 0.637612 0.667090 0.701196 0.740859 0.787288 0.842090 0.907442 16861.000000 1.857965 0.656026
0.922127 1.000000 0.936443 0.863931 0.803638 0.752907 0.709810 0.672912 0.641129 0.613625 0.589745 0.568974 0.550899 0.535186 0.521566 0.509820 0.499769 0.491267 0.484197 0.478463 0.473992 0.470728 0.468629 0.467671 0.467841 0.469142 0.471590 0.475214 0.480060 0.486189 0.493681 0.502637 0.513184 0.525476 0.539703 0.556099 0.574951 0.596613 0.621528 0.650249 0.683480 0.722123 0.767357 0.820746 0.884411 0.961292 0.951958 0.883653 0.826351 0.777788 0.736291 0.700600 0.669748 0.642983 0.619710 0.599456 0.581842 0.566560 0.553359 0.542035 0.532422 0.524385 0.517816 0.512630 0.508760 0.506158 0.504793 0.504647 0.505719 0.508023 0.511585 0.516451 0.522682 0.530358 0.539582 0.550482 0.563217 0.577980 0.595010 0.614600 0.637110 0.662990 0.692802 0.727255 0.767259 0.813995 0.869024 0.934447 0.869211 0.812968 0.765292 0.724548 0.689499 0.659200 0.632912 0.610054 0.590161 0.572862 0.557853 0.544890 0.533772 0.524337 0.516452 0.510011 0.504931 0.501146 0.498609 0.497290 0.497173 0.498256 0.500552 0.504089 0.508911 0.515079 0.522674 0.531796 0.542572 0.555159 0.569749 0.586578 0.605936 0.628180 0.653754 0.683215 0.717266 0.756808 0.803011 0.857423 6280.000000 1.099765 0.602541
0.721043 0.654121 0.599889 0.555196 0.517862 0.486330 0.459461 0.436402 0.416502 0.399258 0.384274 0.371236 0.359892 0.350040 0.341513 0.334177 0.327924 0.322663 0.318323 0.314847 0.312190 0.310318 0.309210 0.308850 0.309236 0.310371 0.312270 0.314955 0.318461 0.322833 0.328127 0.334417 0.341793 0.350364 0.360267 0.371667 0.384769 0.399827 0.417157 0.437159 0.460341 0.487359 0.519074 0.556638 0.601626 0.656246 0.723690 0.808758 0.791901 0.747537 0.709498 0.676695 0.648283 0.623603 0.602131 0.583447 0.567213 0.553154 0.541047 0.530710 0.521995 0.514781 0.508973 0.504497 0.501296 0.499331 0.498577 0.499027 0.500684 0.503569 0.507718 0.513183 0.520033 0.528358 0.538273 0.549916 0.563462 0.579122 0.597158 0.617889 0.641713 0.623162 0.583291 0.549459 0.520521 0.495614 0.474071 0.455374 0.439114 0.424963 0.412659 0.401989 0.392779 0.384888 0.378201 0.372625 0.368085 0.364521 0.361890 0.360157 0.359303 0.359316 0.360197 0.361956 0.364615 0.368208 0.372778 0.378387 0.385109 0.393038 0.402290 0.413007 0.425364 0.439574 0.455903 0.474680 0.496316 0.521335 0.550407 0.584404 0.624480 0.672196 0.729711 0.800097 0.887878 1.000000 0.914554 0.805380 7683.500000 1.743062 0.540803
0.961720 0.922109 0.887687 0.857733 0.831674 0.809043 0.789462 0.772624 0.758278 0.746220 0.736285 0.728343 0.722292 0.718057 0.715584 0.714845 0.715830 0.718551 0.723042 0.722375 0.713195 0.705925 0.700472 0.696769 0.694769 0.694449 0.695804 0.698852 0.703630 0.710195 0.718632 0.729050 0.741586 0.756416 0.757390 0.750814 0.746133 0.743290 0.742249 0.742999 0.745549 0.749929 0.756193 0.764420 0.774714 0.787212 0.802084 0.819541 0.839843 0.863310 0.890331 0.921390 0.957084 0.998156 0.966750 0.939154 0.915233 0.894603 0.876948 0.862013 0.849590 0.839514 0.831655 0.825912 0.822216 0.820520 0.820805 0.823073 0.827353 0.833696 0.842182 0.852918 0.866045 0.881739 0.890772 0.858981 0.831314 0.807258 0.786396 0.768390 0.752963 0.739891 0.728991 0.720118 0.713155 0.708015 0.704633 0.702970 0.703004 0.704735 0.693559 0.684199 0.676697 0.670956 0.666905 0.664495 0.663694 0.664495 0.666905 0.670956 0.676697 0.684199 0.693559 0.704900 0.718377 0.734184 0.752555 0.773781 0.798218 0.826305 0.858584 0.895733 0.908841 0.898897 0.891292 0.885931 0.882749 0.881705 0.882788 0.886011 0.891413 0.899061 0.909050 0.921508 0.936600 0.954532 0.975561 1.000000 520.500000 1.185606 0.881432
0.848635 0.839349 0.832248 0.827243 0.824271 0.823296 0.824308 0.827317 0.832362 0.839502 0.848829 0.860462 0.874554 0.891299 0.910934 0.933755 0.960120 0.984139 0.950462 0.921160 0.895703 0.873663 0.854692 0.838505 0.824869 0.813598 0.804543 0.797588 0.792646 0.789655 0.788579 0.789405 0.792143 0.796826 0.803513 0.812285 0.823257 0.836573 0.852413 0.871004 0.892622 0.904129 0.892383 0.883037 0.875974 0.871104 0.868369 0.867736 0.869195 0.872765 0.878490 0.886440 0.896716 0.909449 0.924808 0.910884 0.894281 0.880354 0.868917 0.859817 0.852939 0.848198 0.845535 0.844918 0.846339 0.849815 0.855389 0.863131 0.873136 0.885534 0.900490 0.918210 0.938948 0.962978 0.936498 0.913577 0.893854 0.877032 0.862873 0.851181 0.841802 0.834617 0.829535 0.826494 0.825456 0.826409 0.829364 0.834358 0.841452 0.850735 0.843030 0.829309 0.817966 0.808851 0.801847 0.796868 0.793850 0.792757 0.793577 0.796319 0.801016 0.807727 0.816534 0.827552 0.840924 0.856834 0.875507 0.897222 0.922319 0.951219 0.984437 1.000000 0.971536 0.946865 0.925591 0.907389 0.891997 0.879202 0.868831 0.860752 0.854863 0.851090 0.849387 0.849734 0.852135 0.856619 0.863241 0.860223 952.000000 1.099301 0.909848
0.519467 0.504744 0.491984 0.480984 0.471576 0.467246 0.482281 0.499559 0.519419 0.542285 0.568689 0.599313 0.635041 0.677033 0.726847 0.786618 0.859357 0.850133 0.840448 0.832966 0.827592 0.824259 0.822928 0.823583 0.826230 0.830902 0.837657 0.846579 0.857782 0.871413 0.887657 0.906744 0.928957 0.954644 0.935317 0.916647 0.900835 0.887661 0.876950 0.868561 0.862390 0.858358 0.856418 0.856545 0.858742 0.863034 0.866431 0.796196 0.738138 0.689520 0.648376 0.613260 0.583085 0.557020 0.534417 0.514769 0.497670 0.488763 0.493157 0.498842 0.505893 0.514404 0.524491 0.536299 0.550006 0.565832 0.584044 0.604973 0.629030 0.656727 0.688711 0.725807 0.769086 0.819954 0.880298 0.952707 0.956662 0.926102 0.899533 0.876499 0.856627 0.839615 0.825214 0.813225 0.803487 0.795874 0.790290 0.786666 0.784958 0.785144 0.787227 0.791233 0.797210 0.805233 0.794052 0.780973 0.770143 0.761419 0.754687 0.749865 0.746891 0.745731 0.746369 0.748814 0.753096 0.759266 0.767402 0.777608 0.790018 0.804801 0.822166 0.842371 0.865732 0.892638 0.923566 0.959108 1.000000 0.962914 0.880298 0.812541 0.756161 0.708693 0.668348 0.633794 0.604021 0.578250 0.555873 0.536407 1835.500000 1.076819 0.699582
0.936196 0.882651 0.836807 0.797316 0.763140 0.733467 0.707657 0.685196 0.665671 0.648748 0.634154 0.621667 0.611105 0.602324 0.595204 0.589656 0.585607 0.583008 0.581828 0.582052 0.583683 0.586741 0.591262 0.597304 0.604944 0.614280 0.625439 0.638578 0.653890 0.671612 0.692035 0.715517 0.742500 0.732365 0.716765 0.703475 0.692307 0.683107 0.675755 0.670158 0.666244 0.663965 0.663295 0.664225 0.666765 0.670948 0.676825 0.684469 0.693978 0.705479 0.719129 0.735124 0.741729 0.725752 0.712129 0.700664 0.691202 0.683616 0.677811 0.673713 0.671271 0.670456 0.671259 0.673688 0.677774 0.683566 0.691138 0.700586 0.712035 0.725642 0.741600 0.760148 0.781579 0.806252 0.834610 0.867201 0.904709 0.911243 0.859744 0.815615 0.777577 0.744643 0.716040 0.691156 0.669503 0.650685 0.634383 0.620335 0.608330 0.598194 0.589788 0.583001 0.577743 0.573950 0.571575 0.570588 0.570977 0.572748 0.575922 0.580537 0.586652 0.594343 0.602466 0.596225 0.591522 0.588299 0.586516 0.586151 0.587201 0.589678 0.593612 0.599051 0.606065 0.614743 0.625202 0.637585 0.652071 0.668880 0.688280 0.710602 0.736254 0.765741 0.799696 0.838916 0.884422 0.937536 1.000000 0.999219 1169.000000 1.221408 0.778721
0.940758 0.890168 0.846677 0.809095 0.776500 0.748161 0.723500 0.702050 0.683434 0.667347 0.653537 0.641802 0.631977 0.623929 0.617552 0.612765 0.609509 0.607744 0.607448 0.608618 0.611268 0.615430 0.621156 0.628517 0.637610 0.648556 0.661505 0.676645 0.694205 0.714469 0.737782 0.764572 0.795368 0.830836 0.850227 0.816801 0.787730 0.762431 0.740434 0.721360 0.704900 0.690801 0.678859 0.668906 0.660810 0.654466 0.649792 0.646732 0.645248 0.645322 0.646954 0.650165 0.654994 0.661501 0.669768 0.679903 0.692042 0.706355 0.723051 0.742387 0.764679 0.790314 0.819771 0.853644 0.892681 0.937827 0.914554 0.873748 0.838361 0.807599 0.780829 0.757543 0.737331 0.719858 0.704853 0.692094 0.681401 0.672629 0.665664 0.660416 0.656820 0.654832 0.654428 0.655603 0.658371 0.662765 0.668841 0.676675 0.686368 0.698048 0.711877 0.728055 0.746826 0.768491 0.793419 0.771326 0.745281 0.722620 0.702941 0.685913 0.671270 0.658793 0.648305 0.639662 0.632751 0.627483 0.623792 0.621634 0.620981 0.621826 0.624179 0.628069 0.633543 0.640671 0.649544 0.660278 0.673022 0.687958 0.705309 0.725351 0.748421 0.774935 0.805408 0.840484 0.880972 0.927908 0.982626 1.000000 16434.000000 1.193043 0.768603
0.696273 0.716673 0.740141 0.767108 0.745540 0.721386 0.700382 0.682164 0.666434 0.652951 0.641518 0.631974 0.624192 0.618070 0.613531 0.610517 0.608994 0.608941 0.610358 0.613263 0.617691 0.623697 0.631357 0.640770 0.652062 0.665392 0.680952 0.698982 0.719774 0.743688 0.771166 0.769763 0.749951 0.732854 0.718211 0.705808 0.695474 0.687069 0.680485 0.675638 0.672468 0.670937 0.671025 0.672734 0.676085 0.681119 0.687897 0.696507 0.707060 0.719698 0.734599 0.751979 0.772106 0.795309 0.821992 0.852653 0.887911 0.922607 0.859205 0.805773 0.760323 0.721370 0.687791 0.658715 0.633462 0.611493 0.592375 0.575762 0.561370 0.548971 0.538377 0.529435 0.522022 0.516040 0.511412 0.508079 0.506000 0.505150 0.505519 0.507111 0.509946 0.514058 0.519498 0.526336 0.534662 0.544588 0.556256 0.569837 0.585544 0.603637 0.624436 0.648337 0.675833 0.707545 0.744260 0.786995 0.837075 0.896268 0.966977 1.000000 0.940946 0.890504 0.847132 0.809648 0.777134 0.748865 0.724264 0.702867 0.684299 0.668256 0.654488 0.642794 0.633008 0.624999 0.618661 0.613915 0.610702 0.608981 0.608732 0.609953 0.612657 0.616878 0.622668 0.630100 0.639270 0.650301 0.663345 0.678592 4528.000000 1.246025 0.742828
0.827949 0.859662 0.896146 0.916725 0.867356 0.824919 0.788251 0.756449 0.728801 0.704740 0.683813 0.665649 0.649951 0.636475 0.625021 0.615428 0.607567 0.601335 0.596652 0.593460 0.591719 0.591410 0.592528 0.595086 0.599116 0.604668 0.611811 0.620638 0.631266 0.643843 0.658550 0.675610 0.695298 0.717948 0.743977 0.773898 0.808357 0.830265 0.814147 0.800534 0.789239 0.780112 0.773034 0.767917 0.764698 0.763336 0.763817 0.766144 0.770348 0.776479 0.784613 0.794855 0.807338 0.822233 0.839748 0.860143 0.883735 0.910914 0.942160 0.921995 0.866210 0.818651 0.777818 0.742569 0.712017 0.685466 0.662362 0.642262 0.624807 0.609705 0.596720 0.585657 0.576361 0.568704 0.562585 0.557926 0.554669 0.552774 0.552218 0.552993 0.555110 0.558594 0.563488 0.569854 0.577773 0.587350 0.598716 0.612035 0.627505 0.645374 0.665941 0.689578 0.716745 0.748016 0.784115 0.825967 0.874764 0.932075 1.000000 0.955916 0.911448 0.872943 0.839500 0.810405 0.785087 0.763085 0.744027 0.727608 0.713580 0.701741 0.691928 0.684011 0.677888 0.673481 0.670737 0.669622 0.670122 0.672243 0.676012 0.681474 0.688698 0.697776 0.708826 0.722000 0.737483 0.755504 0.776345 0.800352 7722.000000 1.244273 0.756047
0.607961 0.603305 0.600155 0.598472 0.599602 0.604844 0.611665 0.620153 0.630419 0.642606 0.656887 0.673476 0.692637 0.714692 0.740039 0.769171 0.802704 0.834996 0.830290 0.827621 0.826954 0.828282 0.831621 0.837012 0.844520 0.854242 0.866300 0.880857 0.898112 0.918313 0.941765 0.968841 1.000000 0.973440 0.931646 0.895360 0.863798 0.836332 0.812456 0.791759 0.773909 0.758633 0.745711 0.734962 0.726243 0.719442 0.714472 0.711272 0.709803 0.710047 0.712007 0.715707 0.721192 0.728530 0.737815 0.733823 0.723354 0.714879 0.708286 0.703493 0.700440 0.699091 0.699428 0.701457 0.705201 0.710707 0.718043 0.727302 0.738606 0.752107 0.767996 0.786506 0.807925 0.832322 0.815896 0.802001 0.790443 0.781069 0.773756 0.768414 0.764974 0.763397 0.763661 0.765772 0.769753 0.775655 0.783550 0.793539 0.805752 0.820354 0.837550 0.857593 0.851314 0.835293 0.821807 0.810671 0.801739 0.794896 0.790056 0.787159 0.786170 0.787078 0.789893 0.794649 0.801406 0.810247 0.821285 0.834668 0.850576 0.869238 0.890931 0.915998 0.944859 0.978030 0.924421 0.874891 0.832302 0.795494 0.763565 0.735805 0.711647 0.690636 0.672403 0.656649 0.643131 0.631649 0.622042 0.614180 3552.500000 1.129321 0.850868
0.808868 0.826221 0.846420 0.850669 0.826172 0.804931 0.786602 0.770905 0.757612 0.746538 0.737533 0.730483 0.725296 0.721910 0.720282 0.720393 0.722244 0.725858 0.731279 0.738574 0.747836 0.759186 0.772775 0.788795 0.807480 0.829117 0.842593 0.832997 0.825584 0.820260 0.816960 0.815643 0.816294 0.818921 0.823555 0.830253 0.839099 0.850206 0.863719 0.879823 0.898745 0.920766 0.946230 0.975559 1.000000 0.964435 0.933484 0.906574 0.883240 0.863105 0.845859 0.831252 0.819081 0.809183 0.801428 0.795720 0.791986 0.790183 0.781174 0.759583 0.740891 0.724801 0.711071 0.699506 0.689946 0.682266 0.676366 0.672173 0.669635 0.668721 0.669420 0.671740 0.675710 0.681378 0.688816 0.698118 0.709408 0.722838 0.738601 0.756930 0.778115 0.802508 0.830547 0.862769 0.899847 0.932373 0.908788 0.888454 0.871063 0.856363 0.844151 0.834264 0.826574 0.820984 0.817425 0.815854 0.816252 0.818623 0.822996 0.829426 0.837991 0.848801 0.861998 0.877759 0.896307 0.917915 0.942918 0.940321 0.907743 0.879394 0.854760 0.833421 0.815037 0.799331 0.786076 0.775091 0.766229 0.759376 0.754446 0.751378 0.750135 0.750702 0.753084 0.757313 0.763438 0.771538 0.781714 0.794101 7454.500000 1.209231 0.877102
0.695827 0.681449 0.669233 0.659007 0.650633 0.644000 0.639026 0.635647 0.633823 0.633531 0.634767 0.637548 0.641906 0.647896 0.655593 0.665096 0.676533 0.690062 0.705878 0.724221 0.745387 0.769738 0.797720 0.829888 0.866936 0.867606 0.846145 0.827666 0.811891 0.798593 0.787591 0.778739 0.771922 0.767056 0.764080 0.762957 0.763675 0.766242 0.770690 0.777072 0.785469 0.795987 0.808767 0.823980 0.841844 0.862624 0.886646 0.914310 0.946108 0.923369 0.871484 0.827006 0.788655 0.755443 0.726595 0.701496 0.679657 0.660679 0.644243 0.630086 0.617994 0.607794 0.599346 0.592538 0.587281 0.583510 0.581179 0.580258 0.580737 0.582622 0.585935 0.590717 0.597028 0.604949 0.614583 0.626061 0.639547 0.655239 0.673384 0.694283 0.718306 0.745913 0.761514 0.754010 0.748438 0.744729 0.742836 0.742739 0.744434 0.747943 0.753309 0.760598 0.769902 0.781342 0.795072 0.811282 0.830208 0.852141 0.877435 0.906528 0.939958 0.978395 1.000000 0.948533 0.904177 0.865776 0.832427 0.803417 0.778171 0.756231 0.737220 0.720837 0.706831 0.695002 0.685185 0.677251 0.671097 0.666645 0.663840 0.662649 0.663057 0.665068 0.668707 0.674019 0.681070 0.689950 0.700775 0.712579 1132.000000 1.334107 0.821110
0.951861 1.000000 0.947284 0.900158 0.859471 0.824203 0.793552 0.766879 0.743675 0.723526 0.706096 0.691112 0.678350 0.667631 0.658808 0.651764 0.646410 0.642680 0.640526 0.639923 0.640863 0.643359 0.647440 0.653157 0.660581 0.669808 0.678810 0.669649 0.662307 0.656688 0.652724 0.650364 0.649581 0.650364 0.652724 0.656688 0.662307 0.669649 0.678810 0.689910 0.703101 0.718571 0.736552 0.757327 0.779968 0.770717 0.763502 0.758230 0.754836 0.753280 0.753541 0.755623 0.759552 0.765376 0.773166 0.783023 0.795074 0.809482 0.826450 0.846227 0.869119 0.895501 0.884367 0.853397 0.826447 0.803023 0.782723 0.765222 0.750255 0.737605 0.727097 0.718590 0.711977 0.707171 0.704115 0.702772 0.703124 0.705176 0.708953 0.714501 0.721889 0.731212 0.742591 0.732200 0.715738 0.701652 0.689740 0.679836 0.671808 0.665551 0.660988 0.658062 0.656737 0.656996 0.658844 0.662302 0.667413 0.674240 0.682871 0.693417 0.706022 0.720863 0.738157 0.758173 0.751631 0.736598 0.723863 0.713251 0.704618 0.697853 0.692870 0.689607 0.688025 0.688103 0.689844 0.693268 0.698417 0.705355 0.714170 0.724976 0.737920 0.753182 0.770985 0.791603 0.815373 0.842707 0.874117 0.910236 1523.500000 1.174681 0.860646
0.994094 0.917797 0.854288 0.800804 0.755335 0.716385 0.682819 0.653762 0.628530 0.606580 0.587479 0.570878 0.556492 0.544093 0.533491 0.524534 0.517098 0.511084 0.506414 0.503030 0.500889 0.499966 0.500249 0.501741 0.504462 0.508444 0.513737 0.520407 0.528544 0.538256 0.549681 0.562987 0.578382 0.596118 0.616509 0.639940 0.666893 0.697971 0.733943 0.775794 0.824813 0.882716 0.951827 0.937452 0.874308 0.820986 0.775556 0.736571 0.702930 0.673781 0.648452 0.626413 0.607238 0.590583 0.576167 0.563765 0.553189 0.544291 0.536947 0.531061 0.526557 0.523380 0.521489 0.520862 0.521492 0.523385 0.526566 0.531072 0.536961 0.544308 0.553211 0.563790 0.576196 0.590616 0.607277 0.626458 0.648503 0.673840 0.702998 0.736650 0.775647 0.821093 0.874434 0.937602 0.990574 0.913078 0.848725 0.794634 0.748720 0.709437 0.675618 0.646363 0.620970 0.598885 0.579665 0.562955 0.548465 0.535962 0.525253 0.516182 0.508625 0.502478 0.497663 0.494118 0.491800 0.490680 0.490744 0.491994 0.494445 0.498126 0.503084 0.509380 0.517098 0.526341 0.537238 0.549949 0.564669 0.581638 0.601152 0.623575 0.649361 0.679078 0.713446 0.753391 0.800115 0.855215 0.920847 1.000000 1725.500000 1.072616 0.603491
0.899245 0.874013 0.852155 0.833322 0.817230 0.803647 0.792386 0.783297 0.776264 0.771196 0.768033 0.766735 0.767287 0.769695 0.757860 0.729886 0.705543 0.684366 0.665981 0.650084 0.636425 0.624802 0.615052 0.607041 0.600665 0.595841 0.592511 0.590632 0.589902 0.584898 0.581367 0.579265 0.578568 0.579265 0.581367 0.584898 0.589902 0.596442 0.604601 0.614488 0.626237 0.640016 0.656031 0.674534 0.695837 0.711475 0.710355 0.710949 0.713264 0.717328 0.723191 0.730926 0.740631 0.752434 0.766497 0.783017 0.802241 0.824468 0.850068 0.879496 0.913314 0.898568 0.871719 0.848413 0.828264 0.810958 0.796239 0.783900 0.773774 0.765726 0.759656 0.755487 0.753168 0.752671 0.753989 0.757140 0.762161 0.769114 0.778086 0.789195 0.802586 0.793736 0.763079 0.736410 0.713202 0.693031 0.675552 0.660485 0.647602 0.636716 0.627677 0.620365 0.614685 0.610566 0.607956 0.606824 0.607157 0.602798 0.594501 0.587826 0.582687 0.579020 0.576780 0.575939 0.576487 0.578432 0.581796 0.586620 0.592966 0.600914 0.610569 0.622062 0.635557 0.648250 0.660530 0.674942 0.691701 0.711069 0.733371 0.759005 0.788464 0.822364 0.861478 0.906792 0.959579 1.000000 0.961646 0.928280 3881.000000 1.248068 0.848179
0.874728 0.845329 0.819752 0.797543 0.778331 0.761814 0.747748 0.735933 0.726208 0.718445 0.712544 0.708432 0.706059 0.705395 0.706433 0.709185 0.713684 0.719986 0.728171 0.738343 0.750637 0.765222 0.782307 0.802149 0.825063 0.851437 0.881746 0.916582 0.956684 0.980332 0.920538 0.869593 0.825877 0.788153 0.755466 0.727064 0.702350 0.680848 0.662171 0.646007 0.632099 0.620240 0.610261 0.602025 0.595424 0.590373 0.586809 0.584687 0.583983 0.584687 0.586809 0.590373 0.595424 0.602025 0.610261 0.620240 0.632099 0.646007 0.662171 0.680848 0.702350 0.727064 0.755466 0.788153 0.825877 0.869593 0.920538 0.980332 1.000000 0.954230 0.914572 0.880116 0.850135 0.824049 0.801389 0.781776 0.764898 0.750503 0.738386 0.728381 0.720356 0.714207 0.709858 0.707255 0.706367 0.707183 0.709712 0.713985 0.720056 0.727999 0.737918 0.749941 0.764235 0.781002 0.800494 0.823016 0.848947 0.841655 0.809425 0.781386 0.756987 0.735784 0.717418 0.701596 0.688078 0.676671 0.667217 0.659590 0.653693 0.649452 0.646813 0.645745 0.646234 0.648287 0.651929 0.657205 0.664179 0.672942 0.683608 0.696322 0.711263 0.728654 0.748766 0.771932 0.798562 0.829165 0.864371 0.904977 1504.000000 1.174057 0.769456
0.567449 0.556418 0.547101 0.539369 0.533119 0.528270 0.524761 0.522549 0.521607 0.521923 0.523502 0.526362 0.530539 0.536084 0.543069 0.551584 0.561746 0.573697 0.587614 0.603713 0.622051 0.612886 0.605426 0.599571 0.595249 0.592406 0.591007 0.591035 0.592491 0.595391 0.599772 0.605688 0.613214 0.622448 0.633514 0.646565 0.661794 0.679434 0.699772 0.723161 0.750037 0.780942 0.816555 0.822157 0.794550 0.770533 0.749678 0.731638 0.716131 0.702926 0.691836 0.682709 0.675426 0.669893 0.666042 0.663825 0.663215 0.664205 0.666806 0.671051 0.676992 0.684703 0.694284 0.705862 0.719594 0.735680 0.752913 0.710017 0.673280 0.641627 0.614230 0.590442 0.569748 0.551740 0.536088 0.522523 0.510828 0.500825 0.492370 0.485345 0.479657 0.475233 0.472016 0.469967 0.469061 0.469287 0.470647 0.473159 0.476852 0.481773 0.487985 0.495568 0.504626 0.515285 0.527704 0.541062 0.553684 0.568312 0.585181 0.604584 0.626879 0.652513 0.682047 0.716188 0.755844 0.802195 0.856801 0.921767 1.000000 0.941459 0.890009 0.845822 0.807670 0.774596 0.745850 0.720836 0.699075 0.680180 0.663837 0.649789 0.637828 0.627785 0.619522 0.612932 0.607929 0.604452 0.595324 0.580352 720.500000 1.425235 0.769708
0.877009 0.929984 0.992314 0.973972 0.932083 0.895717 0.864086 0.836559 0.812630 0.791885 0.773992 0.758677 0.745718 0.734935 0.726184 0.719351 0.714351 0.711121 0.709622 0.709835 0.711764 0.715432 0.720884 0.728187 0.737434 0.748746 0.762275 0.778212 0.796789 0.818295 0.796971 0.762208 0.732042 0.705808 0.682977 0.663125 0.645906 0.631041 0.618300 0.607499 0.598485 0.591138 0.585363 0.581085 0.578253 0.576831 0.576802 0.578166 0.580939 0.585155 0.590867 0.598147 0.607089 0.617814 0.630470 0.645243 0.662358 0.682095 0.704794 0.730876 0.760867 0.795423 0.835375 0.881790 0.936053 1.000000 0.978560 0.934384 0.896090 0.862808 0.833847 0.808652 0.786774 0.767850 0.751583 0.737732 0.726099 0.716527 0.708889 0.703089 0.699053 0.696732 0.696098 0.697143 0.699880 0.704342 0.710583 0.718684 0.728747 0.740906 0.755328 0.772220 0.791837 0.814489 0.840560 0.807613 0.771768 0.740678 0.713648 0.690126 0.669667 0.651911 0.636567 0.623395 0.612203 0.602832 0.595155 0.589073 0.584508 0.581403 0.579720 0.579439 0.580556 0.583084 0.587055 0.592518 0.599542 0.608216 0.618658 0.631011 0.645454 0.662207 0.681538 0.703778 0.729334 0.758714 0.792549 0.831640 7972.000000 1.321031 0.762552
0.841413 0.877483 0.919096 0.967300 1.000000 0.947641 0.902559 0.863557 0.829702 0.800257 0.774632 0.752354 0.733038 0.716371 0.702100 0.690015 0.679950 0.671770 0.665368 0.660663 0.657598 0.656134 0.656254 0.657959 0.661271 0.666229 0.672896 0.681355 0.691717 0.704122 0.718743 0.734454 0.728919 0.725201 0.723255 0.723056 0.724602 0.727912 0.733027 0.740009 0.748948 0.759958 0.773187 0.788819 0.807080 0.828250 0.852669 0.880759 0.913037 0.950146 0.943241 0.902369 0.866893 0.836039 0.809188 0.785842 0.765599 0.748129 0.733165 0.720490 0.709927 0.701335 0.694601 0.689641 0.686394 0.684818 0.684896 0.686629 0.690037 0.695162 0.702067 0.710841 0.721597 0.734481 0.749672 0.767392 0.763919 0.751286 0.740820 0.732382 0.725863 0.721181 0.718278 0.717119 0.717690 0.719998 0.724071 0.729958 0.737734 0.747498 0.759377 0.773534 0.790168 0.809527 0.831912 0.857696 0.887335 0.921395 0.927393 0.884659 0.847642 0.815483 0.787504 0.763158 0.742006 0.723692 0.707924 0.694466 0.683126 0.673746 0.666204 0.660403 0.656269 0.653751 0.652820 0.653463 0.655688 0.659523 0.665015 0.672231 0.681266 0.692237 0.705294 0.720623 0.738451 0.759058 0.782789 0.810066 11677.500000 1.028502 0.809715
0.757911 0.704176 0.659039 0.620746 0.587996 0.559811 0.535434 0.514280 0.495882 0.479872 0.465950 0.453876 0.443454 0.434522 0.426952 0.420636 0.415491 0.411450 0.408461 0.406488 0.405506 0.405503 0.406479 0.408446 0.411428 0.415463 0.420600 0.426908 0.434471 0.443393 0.453806 0.465869 0.479778 0.495775 0.514156 0.535292 0.559647 0.587807 0.620524 0.658780 0.703869 0.757543 0.822222 0.901352 1.000000 0.942719 0.868270 0.806521 0.754668 0.710689 0.673086 0.640728 0.612747 0.588465 0.567350 0.548974 0.532995 0.519135 0.507169 0.496911 0.488214 0.480954 0.475035 0.470379 0.466927 0.464637 0.463480 0.463443 0.464525 0.466739 0.470112 0.474686 0.480519 0.487686 0.496284 0.506433 0.518280 0.532008 0.547837 0.566044 0.586964 0.611019 0.638734 0.670776 0.707998 0.751510 0.802781 0.774821 0.733327 0.697646 0.666808 0.640058 0.616800 0.596560 0.578956 0.563681 0.550483 0.539157 0.529539 0.521492 0.514908 0.509700 0.505804 0.503169 0.501764 0.501572 0.502591 0.504832 0.508323 0.513108 0.519246 0.526818 0.535924 0.546690 0.559273 0.573864 0.590697 0.610063 0.632315 0.657898 0.687364 0.721412 0.760938 0.807104 0.861442 0.926016 0.901903 0.822669 5621.000000 1.295516 0.589501
0.913978 0.943339 0.977080 1.000000 0.941563 0.891608 0.848628 0.811466 0.779221 0.751181 0.726779 0.705559 0.687151 0.671255 0.657627 0.646066 0.636412 0.628533 0.622329 0.615678 0.605734 0.597523 0.590936 0.585889 0.582318 0.580180 0.579448 0.580114 0.582185 0.585688 0.590664 0.597176 0.605309 0.615168 0.626889 0.640639 0.656623 0.675092 0.696357 0.720799 0.748888 0.781213 0.818516 0.861739 0.912103 0.946737 0.910708 0.879361 0.852086 0.828386 0.807863 0.790191 0.775101 0.762380 0.751852 0.743377 0.736846 0.732177 0.729313 0.728219 0.728882 0.731309 0.735530 0.741597 0.749586 0.759599 0.771767 0.786257 0.803273 0.823069 0.845954 0.872311 0.902606 0.937422 0.977480 0.922117 0.870442 0.826137 0.787929 0.754838 0.726092 0.701083 0.679321 0.660413 0.644038 0.629936 0.617896 0.607744 0.599340 0.592574 0.587358 0.583627 0.581334 0.580453 0.580971 0.582896 0.586251 0.591077 0.597434 0.605404 0.615091 0.626627 0.640176 0.655939 0.674163 0.695151 0.719276 0.747001 0.778900 0.815697 0.826575 0.813612 0.802954 0.794461 0.788024 0.783563 0.781023 0.780374 0.781607 0.784737 0.789803 0.796867 0.806018 0.817373 0.831084 0.847338 0.866370 0.888466 18248.500000 1.275853 0.778042
0.785807 0.767299 0.751412 0.737911 0.726606 0.717344 0.710004 0.704493 0.700742 0.698705 0.698357 0.699694 0.702733 0.700931 0.691130 0.683222 0.677106 0.672704 0.669963 0.668849 0.669349 0.671468 0.675232 0.680688 0.687904 0.696971 0.708009 0.721167 0.736632 0.754633 0.775450 0.799429 0.826994 0.858671 0.895113 0.898979 0.887946 0.879272 0.872849 0.868596 0.866461 0.866420 0.868470 0.872637 0.878972 0.887554 0.898491 0.911925 0.928037 0.891096 0.857211 0.827730 0.802077 0.779789 0.760488 0.743869 0.729680 0.717720 0.707823 0.699858 0.693723 0.689341 0.686658 0.685641 0.686277 0.688576 0.692564 0.698290 0.705827 0.715269 0.726743 0.740403 0.756340 0.738555 0.723288 0.710317 0.699459 0.690566 0.683522 0.678238 0.674647 0.672707 0.673787 0.681877 0.691851 0.703842 0.718016 0.734579 0.753783 0.775937 0.801423 0.830708 0.864376 0.903157 0.947971 1.000000 0.970221 0.929531 0.894185 0.863432 0.836673 0.813423 0.793290 0.775953 0.761153 0.748676 0.738352 0.730044 0.723645 0.719074 0.716728 0.719660 0.724369 0.730912 0.739372 0.749858 0.762509 0.777499 0.795044 0.815409 0.838919 0.865972 0.897062 0.930365 0.892868 0.860268 0.831898 0.807223 4458.500000 1.163190 0.837282
0.906777 0.949964 1.000000 0.986321 0.947911 0.914501 0.885427 0.860152 0.838244 0.819349 0.803179 0.789500 0.778122 0.768894 0.761696 0.756436 0.753051 0.751498 0.751758 0.753836 0.757755 0.763565 0.771337 0.781170 0.793193 0.807567 0.824495 0.837389 0.813540 0.792869 0.775043 0.759791 0.746893 0.736169 0.727476 0.720703 0.715762 0.712594 0.711160 0.711442 0.713443 0.717189 0.722724 0.730118 0.739464 0.750886 0.764536 0.780608 0.799336 0.821012 0.845992 0.874712 0.868997 0.841603 0.817794 0.797162 0.779377 0.764169 0.751319 0.740648 0.732015 0.725309 0.720443 0.717360 0.716020 0.716408 0.718528 0.722407 0.728091 0.735651 0.745184 0.756815 0.770700 0.787037 0.806064 0.828079 0.853444 0.882605 0.916115 0.954660 0.999104 0.971180 0.932281 0.898459 0.869026 0.843427 0.821215 0.802026 0.785562 0.771582 0.759889 0.750327 0.742769 0.737119 0.733309 0.731290 0.731039 0.732552 0.735847 0.740966 0.747971 0.756950 0.768021 0.764487 0.745713 0.729555 0.715770 0.704162 0.694570 0.686869 0.680959 0.676766 0.674239 0.673347 0.674079 0.676444 0.680471 0.686209 0.693731 0.703131 0.714535 0.728098 0.744013 0.762517 0.783901 0.808524 0.836825 0.869349 6920.500000 1.131340 0.837203
0.809769 0.837581 0.854572 0.835597 0.819377 0.805678 0.794313 0.785128 0.778007 0.772859 0.769620 0.768251 0.768736 0.770846 0.762201 0.755547 0.750802 0.747907 0.746826 0.747546 0.750077 0.754448 0.760714 0.768953 0.779271 0.791802 0.806719 0.824232 0.844602 0.849300 0.834237 0.821643 0.811350 0.803222 0.797157 0.793079 0.790939 0.790709 0.792389 0.795997 0.801578 0.809201 0.818962 0.830988 0.845439 0.862517 0.882469 0.905599 0.892454 0.859354 0.830551 0.805494 0.783737 0.764919 0.748745 0.734975 0.723413 0.713903 0.706319 0.700564 0.696567 0.694082 0.682252 0.672412 0.664429 0.658201 0.653649 0.650716 0.649367 0.649584 0.651372 0.654752 0.659764 0.666471 0.674960 0.685339 0.697750 0.712367 0.729403 0.749124 0.771851 0.792680 0.798600 0.806567 0.816682 0.829076 0.843917 0.861411 0.881816 0.905445 0.932684 0.964007 1.000000 0.982136 0.942416 0.907885 0.877835 0.851697 0.829010 0.809399 0.792561 0.778245 0.766250 0.756414 0.748608 0.742732 0.738714 0.736504 0.736074 0.723311 0.711240 0.701227 0.693139 0.686871 0.682344 0.679503 0.678313 0.678760 0.680848 0.684603 0.690072 0.697322 0.706447 0.717564 0.730827 0.746420 0.764576 0.785576 2146.000000 1.142146 0.881000
0.880831 0.935512 1.000000 0.973109 0.917359 0.869632 0.828523 0.792949 0.762065 0.735201 0.711823 0.691500 0.673884 0.658691 0.645689 0.634690 0.625540 0.618119 0.612330 0.608100 0.605376 0.604125 0.604332 0.606000 0.609148 0.613816 0.620062 0.627964 0.637626 0.649178 0.662783 0.678640 0.696995 0.718149 0.717077 0.699616 0.684596 0.671792 0.661021 0.652137 0.645021 0.639583 0.635755 0.633489 0.632759 0.633554 0.635886 0.639782 0.645289 0.652478 0.661441 0.672295 0.685190 0.700309 0.717879 0.738177 0.761545 0.788401 0.819268 0.854792 0.895793 0.923691 0.878024 0.838586 0.804392 0.774671 0.748808 0.726309 0.706775 0.689883 0.675369 0.663017 0.652653 0.644136 0.637354 0.632221 0.628672 0.626664 0.626172 0.627191 0.629733 0.633829 0.639529 0.646905 0.656052 0.667092 0.680176 0.695493 0.713273 0.733801 0.757424 0.784571 0.815775 0.851701 0.828603 0.789138 0.754998 0.725365 0.699591 0.677162 0.657661 0.640752 0.626162 0.613667 0.603085 0.594269 0.587102 0.581489 0.577360 0.574665 0.573369 0.573457 0.574931 0.577808 0.582123 0.587930 0.595303 0.604338 0.615156 0.627908 0.642781 0.660005 0.679861 0.702693 0.728929 0.759100 0.793872 0.834088 1471.000000 1.214916 0.755205
