1.000000 0.895318 0.812247 0.744925 0.689443 0.643094 0.603947 0.570589 0.541960 0.517253 0.495844 0.477240 0.461052 0.446968 0.434735 0.424148 0.415041 0.407277 0.400746 0.395359 0.391044 0.387746 0.385425 0.384050 0.383607 0.384088 0.385501 0.387861 0.391200 0.395557 0.400989 0.407569 0.415385 0.424549 0.435199 0.447503 0.461668 0.477947 0.496657 0.518191 0.543044 0.571848 0.605420 0.644829 0.691507 0.747413 0.815290 0.772405 0.734303 0.701394 0.672860 0.648056 0.626472 0.607696 0.591397 0.577303 0.565195 0.554894 0.546254 0.539158 0.533513 0.529246 0.526305 0.524654 0.524272 0.525155 0.527313 0.530773 0.535577 0.541787 0.549481 0.558762 0.569759 0.582629 0.597567 0.614810 0.634653 0.657457 0.683668 0.713848 0.748701 0.789132 0.769460 0.710237 0.660958 0.619469 0.584205 0.554003 0.527979 0.505454 0.485895 0.468880 0.454074 0.441204 0.430051 0.420437 0.412214 0.405264 0.399491 0.394818 0.391184 0.388545 0.386866 0.386128 0.386322 0.387450 0.389526 0.392575 0.396635 0.401757 0.408010 0.415477 0.424264 0.434500 0.446344 0.459990 0.475680 0.493709 0.514447 0.538357 0.566028 0.598217 0.635912 0.680427 0.733543 0.797739 0.876562 0.975278 6722.000000 1.463374 0.573937
0.611664 0.651721 0.699195 0.727402 0.692429 0.662187 0.635944 0.613122 0.593261 0.575991 0.561011 0.548078 0.536992 0.527591 0.519744 0.513346 0.508313 0.504582 0.502106 0.500854 0.500813 0.501980 0.504372 0.508015 0.512957 0.519258 0.527002 0.536292 0.547257 0.560058 0.574889 0.591993 0.611664 0.634269 0.660259 0.690204 0.724824 0.765041 0.812053 0.776183 0.709635 0.655051 0.609627 0.571383 0.538875 0.511031 0.487040 0.466273 0.448240 0.432553 0.418902 0.407037 0.396755 0.387892 0.380312 0.373905 0.368585 0.364279 0.360932 0.358501 0.356957 0.356282 0.356466 0.357511 0.359432 0.362250 0.366002 0.370735 0.376511 0.383407 0.391522 0.400975 0.411913 0.424515 0.439004 0.455653 0.474803 0.496884 0.522438 0.552166 0.586981 0.628096 0.677159 0.736460 0.809283 0.900494 1.000000 0.896071 0.813486 0.746485 0.691220 0.645021 0.605979 0.572694 0.544118 0.519450 0.498070 0.479489 0.463321 0.449255 0.437039 0.426471 0.417383 0.409641 0.403134 0.397774 0.393490 0.390228 0.387946 0.386617 0.386224 0.386762 0.388239 0.390672 0.394091 0.398539 0.404073 0.410766 0.418710 0.428020 0.438834 0.451323 0.465700 0.482222 0.501212 0.523071 0.548304 0.577557 3024.500000 1.478349 0.571987
0.564618 0.565387 0.560337 0.556706 0.554449 0.553538 0.553963 0.555728 0.558855 0.563382 0.569366 0.576883 0.586032 0.596937 0.609753 0.624668 0.641917 0.661785 0.684625 0.710871 0.741066 0.775891 0.816215 0.863154 0.918167 0.983200 1.000000 0.957616 0.920806 0.888784 0.860918 0.836701 0.815721 0.797641 0.782189 0.769142 0.758320 0.749579 0.742807 0.737917 0.734851 0.733569 0.734057 0.736321 0.711787 0.680874 0.654046 0.630713 0.610407 0.592752 0.577441 0.564226 0.552905 0.543312 0.535314 0.528804 0.523696 0.519927 0.517450 0.516233 0.516263 0.517540 0.520080 0.521817 0.521188 0.521817 0.523710 0.526891 0.531399 0.537290 0.544640 0.553546 0.564130 0.576542 0.590969 0.607638 0.626828 0.648883 0.674232 0.703404 0.737071 0.776087 0.821554 0.874918 0.938114 0.979737 0.939020 0.903642 0.872860 0.846076 0.822811 0.802673 0.785344 0.770565 0.758124 0.747851 0.739611 0.733298 0.728833 0.726161 0.725249 0.726086 0.728683 0.733071 0.739304 0.747459 0.757643 0.769988 0.782166 0.746512 0.715616 0.688769 0.665408 0.645084 0.627430 0.612153 0.599011 0.587807 0.578383 0.570609 0.564383 0.559625 0.556275 0.554293 0.553654 0.554350 0.556390 0.559798 4080.000000 1.408897 0.774612
0.610644 0.606274 0.603410 0.602017 0.602077 0.603591 0.606578 0.611074 0.617135 0.624837 0.634282 0.645596 0.658937 0.674501 0.692526 0.713306 0.737203 0.764663 0.796240 0.832630 0.832868 0.812159 0.794322 0.779088 0.766239 0.755597 0.747022 0.740403 0.735657 0.732726 0.731573 0.732185 0.734569 0.738754 0.744792 0.718179 0.684770 0.655841 0.630715 0.608856 0.589835 0.573305 0.558987 0.546651 0.536112 0.527217 0.519845 0.513897 0.509296 0.505986 0.503924 0.503086 0.503462 0.505055 0.507887 0.511991 0.517418 0.524238 0.530840 0.537630 0.545927 0.555845 0.567523 0.581132 0.596883 0.615034 0.635904 0.659886 0.687468 0.719266 0.756057 0.798843 0.848929 0.908051 0.978558 1.000000 0.934446 0.878946 0.831559 0.790828 0.755637 0.725116 0.698583 0.675493 0.655409 0.637978 0.622911 0.609975 0.598979 0.589768 0.582218 0.576229 0.571725 0.568651 0.566926 0.564876 0.564196 0.564876 0.566926 0.570369 0.575249 0.581627 0.589583 0.599224 0.610681 0.624118 0.639735 0.657779 0.678553 0.702429 0.729869 0.719328 0.707873 0.698433 0.690884 0.685130 0.681097 0.678738 0.678022 0.678942 0.681509 0.685753 0.673125 0.657754 0.644587 0.633433 0.624137 0.616573 2032.500000 1.153564 0.774067
0.716818 0.733293 0.752399 0.774442 0.799801 0.828941 0.862441 0.901025 0.908478 0.884854 0.864458 0.846975 0.832150 0.819776 0.809686 0.801750 0.795867 0.791964 0.789992 0.789929 0.791772 0.795546 0.801295 0.809092 0.819034 0.831250 0.845906 0.863204 0.883398 0.906796 0.926755 0.889661 0.857408 0.829340 0.804929 0.783748 0.765450 0.749752 0.736424 0.725277 0.716163 0.708962 0.703582 0.699957 0.698041 0.697813 0.699269 0.702427 0.706576 0.698280 0.691824 0.687127 0.684130 0.682797 0.683111 0.685077 0.688718 0.694080 0.701227 0.710253 0.721274 0.734440 0.749936 0.767989 0.788881 0.812954 0.840632 0.872436 0.909018 0.951194 1.000000 0.976587 0.933851 0.896768 0.864521 0.836458 0.812054 0.790885 0.772606 0.756935 0.743643 0.732544 0.723488 0.716359 0.711065 0.707541 0.705743 0.705650 0.707261 0.710595 0.715692 0.722617 0.731457 0.742326 0.755370 0.770771 0.788752 0.809590 0.833621 0.861261 0.893021 0.929539 0.971611 0.962311 0.915440 0.874933 0.839796 0.809246 0.782660 0.759538 0.739472 0.722135 0.707256 0.694618 0.684043 0.675387 0.668538 0.663409 0.659936 0.658076 0.657807 0.659125 0.662047 0.666607 0.672864 0.680894 0.690803 0.702723 1061.500000 1.081383 0.811632
0.899629 0.874061 0.851902 0.832796 0.816452 0.802633 0.791149 0.781845 0.774602 0.769329 0.765959 0.764059 0.755242 0.748409 0.743474 0.740375 0.739075 0.739558 0.741830 0.745919 0.751874 0.759770 0.769708 0.781818 0.796263 0.813249 0.833026 0.855901 0.882254 0.912550 0.947364 0.987413 1.000000 0.956767 0.919240 0.886601 0.858197 0.833502 0.812090 0.793614 0.777793 0.764396 0.753236 0.744164 0.737063 0.731843 0.728438 0.726808 0.726932 0.728813 0.732472 0.737955 0.745330 0.754691 0.766158 0.779888 0.796071 0.810588 0.793895 0.779717 0.767853 0.758145 0.750464 0.744713 0.740821 0.738739 0.738443 0.739930 0.743216 0.748343 0.755373 0.764396 0.775528 0.788917 0.804750 0.823254 0.844713 0.869472 0.897954 0.897859 0.883561 0.871778 0.862356 0.855173 0.850140 0.847195 0.846302 0.847450 0.850654 0.855952 0.863409 0.873119 0.885207 0.892503 0.865485 0.842024 0.821729 0.804281 0.789421 0.776938 0.766662 0.758457 0.752219 0.747870 0.745356 0.744647 0.745734 0.748631 0.753372 0.760016 0.768646 0.766741 0.759820 0.754825 0.751694 0.750389 0.750894 0.753216 0.757383 0.763445 0.771479 0.781587 0.793901 0.808588 0.825857 0.845961 0.869214 0.896002 10010.500000 1.128722 0.883566
0.897218 0.849952 0.809268 0.774081 0.743543 0.716985 0.693872 0.673776 0.656347 0.641304 0.628414 0.617491 0.608382 0.600964 0.595141 0.590840 0.588007 0.586608 0.586625 0.588059 0.590926 0.592644 0.578519 0.566384 0.556060 0.547401 0.540289 0.534631 0.530354 0.527406 0.525750 0.525367 0.526250 0.528412 0.531878 0.536691 0.542912 0.550622 0.559921 0.570939 0.572427 0.564935 0.558965 0.554442 0.551309 0.549528 0.549077 0.549950 0.552158 0.555728 0.560705 0.567150 0.575146 0.584800 0.596245 0.609645 0.625201 0.643163 0.663833 0.687588 0.714891 0.746326 0.782624 0.824721 0.873830 0.931544 1.000000 0.938424 0.883809 0.837107 0.796917 0.762160 0.731999 0.705769 0.682943 0.663094 0.645878 0.631016 0.618278 0.607478 0.598467 0.591122 0.585348 0.581072 0.578241 0.575336 0.554899 0.537114 0.521652 0.508245 0.496676 0.486769 0.478379 0.471390 0.465708 0.461260 0.457988 0.455853 0.454828 0.454902 0.456074 0.458360 0.461786 0.466397 0.472249 0.479420 0.488006 0.498127 0.509931 0.523600 0.539357 0.557476 0.578297 0.602241 0.617685 0.628292 0.640841 0.655513 0.672530 0.692166 0.714758 0.740718 0.770561 0.804931 0.844640 0.890727 0.944540 0.952481 1366.000000 1.567811 0.749197
0.635533 0.623693 0.609960 0.598230 0.588333 0.580132 0.573520 0.568411 0.564740 0.562463 0.561552 0.561995 0.563799 0.566984 0.571590 0.577675 0.585316 0.594613 0.605694 0.618714 0.633866 0.651389 0.671571 0.659261 0.645068 0.632966 0.622782 0.614377 0.607641 0.602486 0.598849 0.596684 0.595965 0.596684 0.598849 0.602486 0.607641 0.614074 0.621223 0.630077 0.640753 0.653398 0.668194 0.685365 0.705186 0.727994 0.754203 0.784331 0.819020 0.859086 0.905567 0.959810 1.000000 0.912374 0.840729 0.781262 0.731297 0.688899 0.652634 0.621418 0.594419 0.570986 0.550607 0.532872 0.517452 0.504079 0.492551 0.483650 0.476191 0.470075 0.465220 0.461565 0.459065 0.457688 0.457418 0.458251 0.460198 0.463283 0.467544 0.473033 0.479823 0.488003 0.497687 0.509014 0.522155 0.537322 0.554773 0.574827 0.597880 0.624425 0.655089 0.690670 0.732204 0.780787 0.766159 0.753851 0.743695 0.735558 0.729335 0.724949 0.722344 0.721490 0.722377 0.725014 0.729434 0.735692 0.743866 0.754060 0.766410 0.781084 0.798291 0.794000 0.765627 0.740936 0.719466 0.700847 0.684775 0.671004 0.659333 0.649599 0.641672 0.635448 0.630849 0.627818 0.626318 0.626329 0.627854 0.630909 1828.500000 1.383729 0.767768
0.791658 0.776937 0.764561 0.754362 0.746206 0.739987 0.735629 0.733078 0.732303 0.733294 0.736063 0.740644 0.747094 0.755493 0.765949 0.778601 0.793622 0.811227 0.831679 0.855303 0.815128 0.775931 0.742037 0.712625 0.687047 0.664788 0.645433 0.628644 0.614148 0.601723 0.591186 0.582391 0.575220 0.569578 0.565395 0.562618 0.561213 0.561165 0.562471 0.565148 0.569228 0.574763 0.581822 0.587274 0.588420 0.590998 0.595038 0.600591 0.607726 0.616536 0.627138 0.639679 0.654340 0.671345 0.674531 0.676876 0.680884 0.686603 0.694106 0.703488 0.714873 0.728416 0.744310 0.762792 0.784152 0.808747 0.837017 0.869505 0.906890 0.950026 1.000000 0.947549 0.899430 0.857929 0.821981 0.790754 0.763584 0.739943 0.719403 0.701617 0.686302 0.673229 0.662211 0.653095 0.645761 0.640116 0.636087 0.633625 0.632701 0.631228 0.618983 0.608644 0.600065 0.593135 0.587762 0.583880 0.581440 0.580414 0.580787 0.582565 0.585770 0.590440 0.596635 0.604432 0.613934 0.625271 0.628119 0.624959 0.623326 0.623199 0.624576 0.627474 0.631928 0.637995 0.645749 0.655293 0.666753 0.680289 0.696098 0.714421 0.735555 0.759864 0.787797 0.819912 0.856910 0.852242 0.829024 0.808935 6693.500000 1.230869 0.830145
0.821152 0.879770 0.949863 0.993111 0.913340 0.847322 0.791983 0.745114 0.705086 0.670673 0.640936 0.615142 0.592717 0.573201 0.556227 0.541497 0.528767 0.517841 0.508558 0.500787 0.494423 0.489383 0.485603 0.483035 0.481649 0.481427 0.482367 0.484480 0.487792 0.492344 0.498193 0.505414 0.514105 0.524386 0.536405 0.535179 0.524506 0.515467 0.507938 0.501816 0.497024 0.493500 0.491201 0.490098 0.490179 0.491443 0.493907 0.497601 0.502570 0.508878 0.516606 0.525860 0.536767 0.549488 0.564220 0.581201 0.600729 0.623168 0.648972 0.678711 0.713108 0.753087 0.799858 0.855018 0.920733 1.000000 0.924161 0.859678 0.805421 0.759327 0.719863 0.685870 0.656452 0.630912 0.608695 0.589362 0.572556 0.557989 0.545426 0.534676 0.525583 0.518022 0.511891 0.507110 0.503620 0.501377 0.500355 0.500539 0.501934 0.504555 0.508435 0.513623 0.520183 0.528202 0.537788 0.549075 0.562230 0.577456 0.576276 0.560272 0.546414 0.534481 0.524294 0.515708 0.508604 0.502888 0.498486 0.495344 0.493423 0.492699 0.493163 0.494821 0.497694 0.501816 0.507239 0.514032 0.522285 0.532111 0.543647 0.557068 0.572581 0.590447 0.610983 0.634582 0.661736 0.693063 0.729347 0.771601 1589.000000 1.779613 0.668033
0.950698 0.970924 0.992389 0.956979 0.926163 0.899369 0.876133 0.856077 0.838895 0.824337 0.812198 0.802316 0.794563 0.788840 0.785077 0.783228 0.783270 0.785204 0.789053 0.794864 0.795522 0.781372 0.769538 0.759861 0.752213 0.746499 0.742646 0.740608 0.740359 0.741898 0.745242 0.750432 0.757533 0.766634 0.777853 0.791340 0.807282 0.821189 0.814044 0.808955 0.805859 0.804718 0.805517 0.808267 0.813002 0.819779 0.828683 0.839827 0.853360 0.869465 0.888370 0.910358 0.935774 0.965041 0.955957 0.935905 0.918846 0.904537 0.892785 0.883435 0.876369 0.871497 0.868761 0.868127 0.869587 0.873159 0.878886 0.886840 0.897120 0.909859 0.925225 0.943432 0.964740 0.989472 1.000000 0.952003 0.910495 0.874475 0.843150 0.815889 0.792184 0.771625 0.753875 0.738664 0.725768 0.715007 0.706237 0.699345 0.694242 0.690865 0.689173 0.689145 0.690782 0.694103 0.696732 0.696839 0.698630 0.702126 0.707370 0.714426 0.723385 0.734364 0.747509 0.763005 0.781079 0.802009 0.826136 0.853881 0.885762 0.922424 0.964678 0.982187 0.960350 0.941682 0.925913 0.912827 0.902249 0.894043 0.888104 0.884361 0.882766 0.883302 0.885974 0.890814 0.897883 0.907268 0.919089 0.933501 2780.000000 1.129130 0.880849
0.982485 0.944983 0.912356 0.883966 0.859296 0.837930 0.819527 0.803810 0.790553 0.779574 0.770727 0.763898 0.759001 0.755977 0.754787 0.755419 0.757878 0.762197 0.762473 0.737879 0.716495 0.697949 0.681940 0.668223 0.656598 0.646902 0.639005 0.632804 0.628222 0.625201 0.621035 0.618140 0.616750 0.616849 0.618438 0.621537 0.626183 0.632434 0.640369 0.650092 0.661733 0.675456 0.691462 0.709996 0.731361 0.755930 0.784162 0.816628 0.854045 0.843865 0.827617 0.813907 0.802546 0.793382 0.786298 0.781205 0.778040 0.776764 0.777362 0.779840 0.784231 0.790586 0.798985 0.809537 0.822378 0.837684 0.854541 0.834104 0.816543 0.801597 0.789056 0.778748 0.770538 0.764321 0.760021 0.757583 0.756979 0.758200 0.761263 0.766204 0.773084 0.767454 0.753820 0.742420 0.733099 0.725736 0.720237 0.716534 0.714582 0.714357 0.715855 0.719096 0.724119 0.730986 0.739784 0.750626 0.763659 0.753382 0.730587 0.710793 0.693671 0.678951 0.666415 0.655885 0.647218 0.640299 0.635040 0.631376 0.629261 0.628669 0.629594 0.632046 0.636056 0.641713 0.649086 0.658235 0.669282 0.682377 0.697709 0.715509 0.736062 0.759714 0.786895 0.818137 0.854106 0.895639 0.943809 1.000000 7853.000000 1.149764 0.862261
0.662466 0.676744 0.693357 0.688905 0.671600 0.656685 0.643937 0.633170 0.624237 0.617018 0.611420 0.607372 0.604826 0.603749 0.604129 0.605970 0.609295 0.614144 0.620578 0.628678 0.638552 0.650332 0.664186 0.680317 0.698977 0.720474 0.745187 0.773586 0.806255 0.801206 0.778220 0.758293 0.741101 0.726382 0.713924 0.703551 0.695127 0.688541 0.683710 0.680575 0.679097 0.679258 0.681060 0.684526 0.689697 0.696637 0.705436 0.716207 0.729096 0.744283 0.761990 0.782493 0.806124 0.833298 0.864522 0.846234 0.807188 0.773368 0.743988 0.718426 0.696184 0.676859 0.660126 0.645718 0.633418 0.623052 0.614476 0.607576 0.602265 0.598475 0.596159 0.595290 0.595857 0.587547 0.576915 0.568004 0.560695 0.554892 0.550520 0.547525 0.545870 0.545536 0.546518 0.548828 0.552494 0.557562 0.564095 0.572178 0.581919 0.593451 0.606941 0.622593 0.640658 0.661444 0.685331 0.712789 0.744407 0.780929 0.823305 0.872768 0.930939 1.000000 0.976753 0.921889 0.874856 0.834302 0.799180 0.768674 0.742132 0.719037 0.698970 0.681589 0.666618 0.653833 0.643048 0.634117 0.626920 0.621364 0.617380 0.614919 0.613951 0.614464 0.616464 0.619975 0.625041 0.631726 0.640113 0.650314 1763.000000 1.218366 0.786137
0.907302 0.870656 0.838797 0.811073 0.786958 0.766027 0.747936 0.732404 0.719201 0.708142 0.699076 0.691885 0.686477 0.682786 0.680765 0.680390 0.681657 0.684581 0.689198 0.695564 0.703761 0.713893 0.726096 0.740538 0.757429 0.777023 0.799636 0.825653 0.855551 0.889919 0.865996 0.829697 0.798164 0.770729 0.746857 0.726116 0.708156 0.692691 0.679489 0.668361 0.659154 0.651746 0.646042 0.641969 0.639479 0.638541 0.639142 0.641291 0.645014 0.650356 0.657385 0.666189 0.676885 0.689619 0.704571 0.721963 0.742069 0.765223 0.791838 0.822423 0.857615 0.898214 0.945238 1.000000 0.975855 0.928563 0.887683 0.852217 0.821379 0.794542 0.771202 0.750952 0.733460 0.718456 0.705719 0.695072 0.686369 0.679499 0.674374 0.670929 0.669123 0.668934 0.670360 0.673418 0.678145 0.684599 0.692863 0.703043 0.715276 0.729731 0.746618 0.766194 0.788777 0.814753 0.844603 0.869483 0.835253 0.805483 0.779575 0.757050 0.737516 0.720657 0.706215 0.693980 0.683780 0.675480 0.668971 0.664171 0.661021 0.659482 0.659535 0.661181 0.664440 0.669351 0.675977 0.684400 0.694731 0.707107 0.721703 0.738732 0.758455 0.781193 0.807342 0.837389 0.871941 0.911759 0.957804 0.949557 545.500000 1.133652 0.778773
0.852184 0.823868 0.799236 0.777855 0.759369 0.743491 0.729986 0.718664 0.709370 0.701983 0.696408 0.692577 0.690442 0.689977 0.691177 0.694056 0.698649 0.705013 0.713228 0.723400 0.735665 0.750191 0.750172 0.725357 0.703772 0.685037 0.668843 0.654938 0.643118 0.633215 0.625095 0.618653 0.613805 0.610493 0.608674 0.608327 0.609449 0.612051 0.616167 0.621846 0.629161 0.638206 0.649101 0.661997 0.677081 0.684763 0.678952 0.674852 0.672410 0.671598 0.672407 0.674845 0.678942 0.684749 0.692338 0.701807 0.713281 0.726917 0.742909 0.761496 0.782972 0.807696 0.836113 0.868771 0.906357 0.949733 1.000000 0.962269 0.915898 0.875803 0.841013 0.810759 0.784431 0.761535 0.741675 0.724525 0.709822 0.697350 0.686935 0.678437 0.671745 0.666775 0.663464 0.661772 0.656088 0.643817 0.633495 0.624980 0.618161 0.612949 0.609280 0.607109 0.606409 0.607172 0.609406 0.613139 0.618418 0.625308 0.633897 0.644299 0.656657 0.656417 0.648176 0.641666 0.636805 0.633531 0.631805 0.631606 0.632932 0.635798 0.640239 0.646311 0.654090 0.663677 0.675200 0.688818 0.704731 0.723179 0.744460 0.768941 0.797072 0.829414 0.866667 0.909719 0.959704 0.965322 0.922155 0.884722 3716.000000 1.269282 0.823113
0.781234 0.753856 0.730031 0.709322 0.691375 0.675902 0.662668 0.651482 0.642188 0.634663 0.628810 0.624555 0.621845 0.620647 0.620947 0.622748 0.626072 0.630427 0.620354 0.612050 0.605405 0.600332 0.596770 0.594674 0.594019 0.594796 0.597016 0.600705 0.605909 0.612692 0.621142 0.631371 0.643519 0.657759 0.674305 0.693418 0.715421 0.740708 0.769770 0.803221 0.841831 0.886584 0.938751 1.000000 0.998366 0.941080 0.892043 0.849810 0.813266 0.781540 0.753945 0.729930 0.709054 0.690957 0.675347 0.661986 0.650681 0.641274 0.633641 0.627681 0.623320 0.620503 0.619197 0.619386 0.621071 0.624274 0.629033 0.635407 0.643478 0.646116 0.642283 0.640027 0.639322 0.640158 0.642547 0.646518 0.652118 0.659419 0.668514 0.679523 0.692597 0.707923 0.725731 0.746302 0.769982 0.797198 0.828477 0.864478 0.901289 0.858504 0.821487 0.789352 0.761403 0.737080 0.715934 0.697601 0.681785 0.668245 0.656783 0.647241 0.639491 0.633432 0.628988 0.626104 0.624744 0.624892 0.626550 0.628541 0.631672 0.636375 0.642708 0.650752 0.660612 0.672420 0.686341 0.702580 0.721385 0.743064 0.767994 0.796641 0.829583 0.867547 0.911454 0.962485 0.939437 0.890833 0.848955 0.812708 961.000000 1.146129 0.758033
0.654387 0.679157 0.707648 0.740496 0.778509 0.822725 0.874500 0.849539 0.825283 0.804258 0.786124 0.770605 0.757477 0.746557 0.737699 0.730788 0.725739 0.722487 0.720993 0.721239 0.723229 0.726986 0.732556 0.740008 0.749438 0.760968 0.774754 0.766862 0.725582 0.690096 0.659434 0.632841 0.609721 0.589601 0.572101 0.556913 0.543787 0.532518 0.522941 0.514922 0.508350 0.503141 0.499228 0.496563 0.495112 0.494859 0.495799 0.497946 0.501323 0.505974 0.511957 0.519350 0.528250 0.535046 0.535049 0.536345 0.538948 0.542891 0.548223 0.555011 0.563343 0.573331 0.585115 0.598866 0.614796 0.633164 0.654288 0.678561 0.706472 0.738634 0.775822 0.819030 0.869553 0.929105 1.000000 0.997557 0.933117 0.878486 0.831791 0.791620 0.756890 0.726757 0.700554 0.677751 0.657920 0.640717 0.625859 0.613119 0.602309 0.593278 0.585905 0.580093 0.575768 0.572878 0.571386 0.571274 0.572542 0.575204 0.579293 0.584859 0.591974 0.600729 0.611241 0.623657 0.625177 0.607434 0.592056 0.578798 0.567458 0.557872 0.549907 0.543458 0.538439 0.534790 0.532463 0.531431 0.531682 0.533218 0.536058 0.540238 0.545807 0.552839 0.561425 0.571680 0.583749 0.597811 0.614082 0.632831 1919.500000 1.521184 0.757802
0.963374 0.955011 0.913776 0.877982 0.846850 0.819757 0.796202 0.775781 0.758161 0.743074 0.730301 0.719664 0.711021 0.704260 0.699294 0.696064 0.694528 0.694669 0.696489 0.700009 0.705272 0.712344 0.721314 0.732301 0.745450 0.760948 0.779019 0.799944 0.824065 0.851801 0.883672 0.920324 0.909091 0.871275 0.838419 0.809832 0.784958 0.763350 0.744646 0.728551 0.714821 0.703263 0.693717 0.686057 0.680186 0.676028 0.673535 0.672674 0.673435 0.675828 0.679882 0.685647 0.693194 0.702621 0.714052 0.727643 0.743588 0.762124 0.783543 0.808205 0.836551 0.869127 0.906615 0.949875 1.000000 0.987098 0.939505 0.898354 0.862648 0.831599 0.804578 0.781080 0.760697 0.743095 0.728003 0.715201 0.704509 0.695784 0.688911 0.683804 0.680400 0.678655 0.678551 0.680084 0.683275 0.688161 0.694803 0.703285 0.713718 0.726241 0.741029 0.758295 0.778306 0.801384 0.827928 0.858430 0.893499 0.933903 0.897582 0.863142 0.833181 0.807109 0.784451 0.764823 0.747911 0.733460 0.721261 0.711146 0.702982 0.696662 0.692107 0.689261 0.688089 0.688577 0.690731 0.694577 0.700163 0.707557 0.716854 0.728177 0.741679 0.757550 0.776026 0.797394 0.822009 0.850306 0.882823 0.920231 5146.000000 1.073035 0.782874
0.798602 0.772628 0.750040 0.730445 0.713524 0.699014 0.686704 0.676421 0.668028 0.661414 0.656496 0.653212 0.651523 0.651408 0.652866 0.655913 0.660588 0.666949 0.675075 0.685073 0.697076 0.711250 0.727804 0.746988 0.769114 0.794563 0.823807 0.857430 0.896166 0.882246 0.831578 0.788210 0.750860 0.718542 0.690486 0.666083 0.644847 0.626385 0.610381 0.596575 0.584758 0.574757 0.566435 0.559679 0.554402 0.550538 0.548038 0.546873 0.547027 0.548503 0.551319 0.555509 0.561126 0.568240 0.576945 0.587358 0.599624 0.613924 0.630479 0.649560 0.671500 0.696711 0.725705 0.759126 0.797788 0.842739 0.895344 0.957413 1.000000 0.947641 0.902559 0.863557 0.829702 0.800257 0.774632 0.752354 0.733038 0.716371 0.702100 0.690015 0.679950 0.671770 0.665368 0.660663 0.657598 0.656134 0.656254 0.657959 0.661271 0.666229 0.672896 0.681355 0.691717 0.704122 0.718743 0.725531 0.703043 0.683504 0.666584 0.652014 0.639576 0.629090 0.620413 0.613430 0.608051 0.604208 0.601855 0.600962 0.601518 0.603531 0.607025 0.612042 0.618646 0.626920 0.636975 0.648946 0.663003 0.679356 0.698260 0.720031 0.745056 0.773814 0.806904 0.845076 0.889289 0.902329 0.862771 0.828448 1341.000000 1.219047 0.751867
0.894732 0.864742 0.838652 0.815999 0.796405 0.779564 0.765227 0.753188 0.743286 0.735389 0.729397 0.725234 0.722851 0.722217 0.723326 0.726190 0.730844 0.737346 0.726272 0.709751 0.695603 0.683622 0.673643 0.665532 0.659182 0.654514 0.651471 0.650014 0.650126 0.651809 0.655083 0.659988 0.666585 0.674958 0.685216 0.697496 0.711971 0.728852 0.748401 0.770935 0.796848 0.826624 0.860866 0.900330 0.876129 0.852393 0.831861 0.814209 0.799177 0.786549 0.776156 0.767859 0.761553 0.757159 0.754623 0.753914 0.755024 0.757965 0.762775 0.769511 0.778259 0.789131 0.802272 0.817861 0.836122 0.857330 0.881821 0.910010 0.942405 0.979639 0.940212 0.898159 0.861694 0.829996 0.802411 0.778417 0.757587 0.739579 0.724110 0.710954 0.699923 0.690868 0.683670 0.678237 0.674503 0.672420 0.671964 0.665872 0.659266 0.654350 0.651063 0.649366 0.649238 0.650677 0.653701 0.658347 0.664671 0.672755 0.682703 0.694648 0.708757 0.725233 0.744330 0.766356 0.790965 0.779558 0.770303 0.763083 0.757806 0.754406 0.752841 0.753094 0.755167 0.759085 0.764897 0.772673 0.782514 0.794548 0.808937 0.825883 0.845635 0.868498 0.894848 0.925145 0.959960 1.000000 0.968848 0.929196 17167.500000 1.173403 0.845421
0.821024 0.784228 0.752324 0.724591 0.700458 0.679465 0.661240 0.645482 0.631944 0.620426 0.610766 0.602832 0.596520 0.591750 0.588462 0.586615 0.586188 0.587175 0.589588 0.593457 0.598828 0.605771 0.614374 0.624752 0.637047 0.651437 0.668139 0.687419 0.709606 0.682815 0.654730 0.630322 0.609083 0.590605 0.574559 0.560676 0.548740 0.538571 0.530026 0.522989 0.517365 0.513085 0.510093 0.508354 0.507845 0.508562 0.510512 0.513720 0.518225 0.524083 0.531369 0.540181 0.550639 0.562893 0.577126 0.593566 0.612487 0.634234 0.659227 0.687997 0.721210 0.759715 0.804611 0.857341 0.919839 0.994751 1.000000 0.927826 0.867317 0.816063 0.772285 0.734645 0.702116 0.673900 0.649369 0.628021 0.609453 0.593339 0.579416 0.567467 0.557317 0.548822 0.541868 0.536364 0.532240 0.529444 0.527943 0.527719 0.528768 0.531103 0.534752 0.539762 0.546194 0.554133 0.563684 0.574979 0.588183 0.598639 0.586214 0.575652 0.566806 0.559555 0.553805 0.549482 0.546533 0.544920 0.544626 0.545645 0.547991 0.551692 0.556794 0.563361 0.571478 0.581253 0.592821 0.606349 0.622043 0.640154 0.660991 0.684936 0.712462 0.744161 0.780780 0.823277 0.872889 0.931251 0.913210 0.863625 5135.500000 1.514022 0.709589
0.887788 0.907976 0.931399 0.958432 0.962596 0.935453 0.911935 0.891666 0.874339 0.859705 0.847560 0.837744 0.830129 0.824621 0.821150 0.819674 0.820177 0.822663 0.827162 0.833731 0.842451 0.853433 0.866821 0.861702 0.840334 0.821932 0.806219 0.792970 0.782003 0.773173 0.766365 0.761495 0.758502 0.757349 0.758024 0.760533 0.764909 0.771203 0.779495 0.789892 0.802528 0.817578 0.833416 0.823763 0.816276 0.810859 0.807446 0.805995 0.806489 0.808934 0.813358 0.819818 0.828392 0.839191 0.852355 0.868064 0.886538 0.908051 0.932938 0.961608 0.994569 1.000000 0.966600 0.937544 0.912318 0.890503 0.871757 0.855804 0.842418 0.831415 0.822653 0.816019 0.811430 0.808830 0.808188 0.809495 0.812768 0.818046 0.825394 0.834905 0.846702 0.860940 0.877816 0.897573 0.896743 0.869289 0.845443 0.824804 0.807047 0.791906 0.779165 0.768650 0.760222 0.753773 0.749222 0.746514 0.745614 0.746514 0.749222 0.753773 0.760222 0.768650 0.779165 0.791906 0.807047 0.824804 0.845443 0.869289 0.896743 0.928296 0.919337 0.897563 0.878866 0.862967 0.849645 0.838717 0.830041 0.823507 0.819032 0.816562 0.816067 0.817541 0.821001 0.826491 0.834077 0.843856 0.855954 0.870530 1160.000000 1.109600 0.892614
0.897168 0.856188 0.820679 0.789825 0.762978 0.739620 0.719331 0.701771 0.686662 0.673780 0.662939 0.653993 0.646822 0.641335 0.637463 0.635158 0.634393 0.635158 0.637463 0.641335 0.646822 0.653993 0.662939 0.673780 0.686662 0.701771 0.719331 0.739620 0.762978 0.787869 0.772173 0.758883 0.747813 0.738816 0.731775 0.726601 0.723230 0.721620 0.721752 0.723628 0.727270 0.732723 0.740055 0.749358 0.760755 0.774398 0.790478 0.809231 0.830946 0.855978 0.884762 0.917837 0.929783 0.898550 0.871378 0.847783 0.827374 0.809829 0.794887 0.782338 0.772010 0.763767 0.757503 0.753141 0.750627 0.749931 0.751043 0.753978 0.758771 0.765481 0.774193 0.785018 0.798100 0.813619 0.831797 0.804919 0.778544 0.755605 0.735700 0.718504 0.703750 0.691222 0.680743 0.672172 0.665398 0.660333 0.656916 0.655104 0.654875 0.656226 0.659175 0.663756 0.670027 0.678067 0.687980 0.699898 0.713986 0.730449 0.749538 0.771559 0.796892 0.823464 0.804913 0.789037 0.775608 0.764439 0.755382 0.748318 0.743158 0.739840 0.738322 0.738585 0.740634 0.744493 0.750209 0.757853 0.767523 0.779344 0.793477 0.810119 0.829516 0.851967 0.877841 0.907590 0.941775 0.981093 1.000000 0.944658 1101.500000 1.226313 0.841331
0.764200 0.784924 0.808805 0.816014 0.792365 0.771855 0.754151 0.738982 0.726125 0.715402 0.706669 0.699813 0.694745 0.691404 0.689749 0.689759 0.691436 0.694798 0.699887 0.706767 0.715524 0.726273 0.739157 0.718027 0.688129 0.662152 0.639550 0.619885 0.602801 0.588012 0.575284 0.564427 0.555285 0.547732 0.541670 0.537020 0.533724 0.531742 0.531048 0.531636 0.533512 0.536698 0.541235 0.547178 0.554604 0.563611 0.568216 0.571158 0.575523 0.581368 0.588765 0.597812 0.608630 0.621371 0.636223 0.653415 0.673228 0.696010 0.722189 0.752297 0.787003 0.827155 0.873843 0.928488 0.992974 1.000000 0.937437 0.884246 0.838679 0.799410 0.765415 0.735894 0.710213 0.687865 0.668442 0.651612 0.637106 0.624704 0.614228 0.605531 0.598499 0.593041 0.589088 0.586591 0.585519 0.585861 0.587619 0.581428 0.572282 0.564758 0.558759 0.554206 0.551044 0.549234 0.548753 0.549596 0.551772 0.555309 0.560250 0.566658 0.574613 0.584223 0.595619 0.608965 0.624461 0.642355 0.662948 0.686615 0.713817 0.745132 0.740975 0.726394 0.714062 0.703810 0.695499 0.689023 0.684300 0.681271 0.679900 0.680169 0.682083 0.685663 0.690955 0.698024 0.706960 0.717880 0.730930 0.746295 3888.000000 1.327491 0.799077
0.828429 0.898519 0.905177 0.846818 0.797332 0.755029 0.718633 0.687164 0.659858 0.636113 0.615449 0.597480 0.581892 0.568431 0.556890 0.547100 0.538925 0.532253 0.526999 0.523095 0.520494 0.519162 0.519085 0.520261 0.522705 0.526446 0.531530 0.538022 0.546007 0.555591 0.566907 0.580120 0.595433 0.613094 0.633406 0.656747 0.683583 0.714502 0.750242 0.791754 0.840272 0.897427 0.833687 0.777419 0.729914 0.689446 0.654723 0.624764 0.598805 0.576251 0.556626 0.539551 0.524719 0.511880 0.500833 0.491411 0.483480 0.476932 0.471681 0.467658 0.464813 0.463111 0.462533 0.463069 0.464728 0.467530 0.471508 0.476712 0.483210 0.491087 0.500451 0.511434 0.524202 0.538955 0.555941 0.575464 0.597900 0.623721 0.653518 0.688045 0.728277 0.775490 0.831390 0.898308 0.979507 1.000000 0.911361 0.839013 0.779046 0.728718 0.686050 0.649580 0.618207 0.591082 0.567548 0.547083 0.529274 0.513786 0.500350 0.488747 0.478796 0.470354 0.463300 0.457541 0.453001 0.449623 0.447365 0.446199 0.446111 0.447100 0.449178 0.452370 0.456716 0.462271 0.469106 0.477314 0.487008 0.498330 0.511452 0.526586 0.543995 0.563998 0.586998 0.613493 0.644118 0.679685 0.721249 0.770204 692.000000 1.194171 0.597595
0.417481 0.414443 0.412436 0.411435 0.411427 0.412413 0.414404 0.417425 0.421513 0.426721 0.433115 0.440782 0.449828 0.460385 0.472616 0.486720 0.502939 0.521577 0.543008 0.567702 0.596253 0.629426 0.668211 0.713923 0.746700 0.723031 0.702457 0.684626 0.669249 0.656094 0.644970 0.635722 0.628229 0.622391 0.618137 0.615413 0.614186 0.614441 0.616182 0.619429 0.624222 0.630621 0.638707 0.648585 0.660391 0.674288 0.690482 0.709224 0.730821 0.755653 0.749241 0.698026 0.654842 0.618092 0.586586 0.559418 0.535889 0.515451 0.497670 0.482198 0.468754 0.457110 0.447082 0.438518 0.431296 0.425315 0.420498 0.416781 0.414118 0.412476 0.411836 0.412189 0.413540 0.415905 0.419313 0.423806 0.429443 0.436297 0.443169 0.443327 0.444557 0.446873 0.450304 0.454893 0.460697 0.467792 0.476275 0.486265 0.497907 0.511383 0.526914 0.544771 0.565290 0.588890 0.616094 0.647570 0.684172 0.727016 0.777583 0.837879 0.910691 1.000000 0.916512 0.843704 0.783360 0.732720 0.689790 0.653099 0.621535 0.594248 0.570572 0.549985 0.532069 0.516488 0.502971 0.491297 0.481286 0.472791 0.465693 0.459896 0.455325 0.451923 0.449646 0.448467 0.440913 0.433225 0.426812 0.421586 3369.500000 1.587158 0.679194
1.000000 0.950917 0.893413 0.844385 0.802291 0.765952 0.734455 0.707082 0.683264 0.662541 0.644546 0.628978 0.622788 0.621391 0.621494 0.623098 0.626223 0.630907 0.637209 0.645207 0.655007 0.666740 0.680571 0.696702 0.715381 0.736913 0.761674 0.790127 0.785434 0.777429 0.771425 0.767348 0.765148 0.764797 0.766291 0.769650 0.774913 0.782145 0.791439 0.802913 0.816722 0.833056 0.852152 0.874299 0.862394 0.837906 0.816683 0.798384 0.782732 0.769499 0.758504 0.749599 0.742669 0.737627 0.734410 0.732979 0.733317 0.735427 0.739336 0.745092 0.752765 0.762454 0.774286 0.788420 0.790291 0.779692 0.771207 0.764727 0.760171 0.757483 0.756631 0.757603 0.760413 0.765093 0.771701 0.780322 0.791064 0.804070 0.819518 0.837629 0.858674 0.882986 0.875537 0.841791 0.812435 0.786888 0.764686 0.745448 0.728868 0.714693 0.702720 0.692782 0.684749 0.678515 0.674003 0.671157 0.669942 0.670344 0.672366 0.676035 0.681394 0.688511 0.697476 0.708407 0.721451 0.734010 0.730683 0.729134 0.729346 0.731320 0.735080 0.740673 0.748167 0.757659 0.769272 0.783162 0.799019 0.802285 0.807531 0.814821 0.824249 0.835935 0.850034 0.866740 0.886295 0.908993 0.935195 0.965348 15003.000000 1.135402 0.853663
0.931655 1.000000 0.912097 0.840260 0.780656 0.730592 0.688119 0.651798 0.620539 0.593505 0.570044 0.549641 0.531886 0.516446 0.503056 0.491496 0.481590 0.473193 0.466188 0.460480 0.455995 0.452677 0.450484 0.449390 0.449381 0.450457 0.452632 0.455931 0.460396 0.466083 0.473067 0.481440 0.491320 0.502851 0.516210 0.531613 0.549328 0.569684 0.593091 0.620061 0.651245 0.687475 0.729835 0.779761 0.839188 0.910797 0.918882 0.855810 0.802651 0.757427 0.718666 0.685250 0.656315 0.631182 0.609318 0.590292 0.573758 0.559437 0.547099 0.536558 0.527663 0.520291 0.514344 0.509746 0.506438 0.504380 0.503547 0.503929 0.505530 0.508371 0.512484 0.517923 0.524756 0.533074 0.542988 0.554640 0.568201 0.583884 0.601949 0.622716 0.646580 0.674034 0.705699 0.742361 0.785037 0.835054 0.894178 0.841207 0.785432 0.738261 0.698021 0.663457 0.633609 0.607732 0.585240 0.565668 0.548641 0.533858 0.521073 0.510086 0.500735 0.492886 0.486433 0.481292 0.477396 0.474697 0.473162 0.472772 0.473522 0.475422 0.478495 0.482778 0.488326 0.495210 0.503520 0.513373 0.524908 0.538301 0.553763 0.571558 0.592008 0.615514 0.642575 0.673823 0.710064 0.752341 0.802024 0.860955 18663.000000 1.140764 0.600690
1.000000 0.975137 0.915536 0.864763 0.821201 0.783614 0.751048 0.722752 0.698131 0.676710 0.658102 0.641995 0.628135 0.616314 0.606363 0.598147 0.591557 0.586507 0.582936 0.580799 0.580069 0.580739 0.582816 0.586325 0.583566 0.580030 0.577920 0.577211 0.577894 0.579978 0.583487 0.588466 0.594975 0.603100 0.612947 0.624650 0.638377 0.654332 0.672768 0.693993 0.718388 0.746425 0.778690 0.815926 0.823752 0.812098 0.802675 0.795362 0.790068 0.786726 0.785297 0.785762 0.788128 0.792422 0.798699 0.807035 0.817537 0.830343 0.845627 0.863603 0.884537 0.908755 0.936656 0.940900 0.890521 0.847200 0.809758 0.777280 0.749041 0.724466 0.703092 0.684546 0.668521 0.654772 0.643094 0.633325 0.625331 0.619010 0.614281 0.611084 0.609381 0.609150 0.610390 0.613115 0.617358 0.623172 0.630630 0.639829 0.636071 0.631144 0.627794 0.625980 0.625679 0.626887 0.629620 0.633911 0.639813 0.647400 0.656770 0.668049 0.681391 0.696991 0.715085 0.735964 0.759985 0.782247 0.768380 0.756786 0.747312 0.739831 0.734251 0.730500 0.728534 0.728329 0.729881 0.733210 0.738357 0.745384 0.754382 0.765466 0.778785 0.794523 0.812909 0.834224 0.858812 0.887094 0.919594 0.956959 891.000000 1.277066 0.818911
1.000000 0.953586 0.907897 0.868382 0.834088 0.804265 0.778310 0.755743 0.736170 0.719275 0.704798 0.692527 0.682292 0.673955 0.667408 0.662568 0.659374 0.657788 0.657791 0.659382 0.662581 0.667427 0.673980 0.682323 0.692564 0.704841 0.719326 0.736229 0.755811 0.778389 0.769347 0.755368 0.743648 0.734027 0.726379 0.720608 0.716640 0.714427 0.713943 0.715181 0.718156 0.722906 0.729487 0.737984 0.748505 0.761191 0.776216 0.793798 0.814201 0.837753 0.864853 0.895996 0.887543 0.866646 0.848709 0.833466 0.820704 0.810249 0.801964 0.795745 0.791514 0.789219 0.788832 0.790348 0.793786 0.799188 0.806621 0.816178 0.827982 0.842192 0.859004 0.878660 0.901460 0.927769 0.885971 0.845575 0.810570 0.780152 0.753685 0.730657 0.710656 0.693347 0.678456 0.665762 0.655083 0.646274 0.639218 0.633825 0.630027 0.627778 0.627050 0.627834 0.630141 0.633997 0.639451 0.646571 0.655448 0.666199 0.678972 0.693948 0.711353 0.731461 0.754609 0.781213 0.811790 0.846981 0.838245 0.822449 0.809151 0.798168 0.789355 0.782600 0.777817 0.774948 0.773958 0.774835 0.777589 0.782253 0.788886 0.797571 0.808418 0.821570 0.837208 0.855554 0.876882 0.901527 0.929903 0.962518 6022.500000 1.260295 0.842745
