60
1000 1000
6 50 10 70 6 83 26 70 40 54 42 37 27
3 32 20 72 37 30 61
7 21 39 26 22 60 28 56 47 63 76 32 63 14 59
5 16 25 44 22 67 33 44 55 20 50
8 20 26 46 16 95 20 111 50 98 93 56 108 21 85 -1 62
4 6 30 21 10 33 29 19 57
8 -6 54 15 37 38 23 79 37 70 59 74 87 46 105 3 90
6 3 34 27 11 52 14 59 36 53 66 22 62
4 35 61 75 28 94 63 74 92
7 22 16 30 5 58 8 49 29 52 45 38 41 15 35
3 20 38 78 63 28 95
7 47 174 63 146 116 164 109 203 117 232 77 239 53 209
7 21 54 39 45 64 48 77 67 66 86 43 98 16 84
8 34 36 40 -7 79 -50 141 -17 190 25 132 93 70 142 32 80
4 19 52 81 9 131 56 76 132
5 31 29 83 18 117 57 76 95 44 83
8 8 16 12 8 24 -2 44 -8 35 17 42 41 25 44 1 32
6 28 45 31 -18 98 19 107 53 104 107 44 106
8 129 142 141 113 176 108 203 105 228 151 209 184 162 198 128 184
8 34 39 83 47 114 51 157 95 117 132 94 152 47 123 17 98
7 -5 38 28 16 68 25 101 51 80 108 35 81 3 68
6 6 -8 22 -6 34 8 20 27 10 17 -7 10
8 26 40 23 23 46 23 56 26 61 36 58 53 48 71 29 56
6 79 24 122 -8 154 51 119 96 67 102 29 59
3 102 33 206 79 84 146
3 121 48 216 97 134 140
3 133 134 199 180 126 230
4 48 35 74 4 107 33 76 72
8 8 19 10 6 27 5 42 0 41 22 40 39 26 51 9 42
4 38 36 69 10 92 39 63 68
7 18 81 43 64 60 71 73 90 59 117 37 110 19 108
3 252 87 414 197 249 279
6 14 9 38 4 47 20 37 36 13 39 15 22
5 79 26 129 -8 151 55 110 86 62 100
8 54 54 44 27 77 2 129 33 123 61 125 114 97 114 50 102
5 41 27 61 14 72 40 57 59 42 47
4 269 31 316 107 254 215 161 119
7 24 76 74 53 113 78 122 104 101 140 61 157 19 134
6 17 20 49 9 70 49 48 77 11 70 -7 51
3 42 38 112 99 43 113
4 205 85 243 144 199 191 136 149
7 40 82 56 21 117 23 155 97 116 161 52 157 13 128
6 3 117 67 69 115 56 134 116 152 217 60 160
8 37 90 58 70 78 59 100 69 109 96 108 115 76 119 54 117
7 35 82 52 85 72 82 90 98 68 109 55 111 29 116
4 -13 32 16 15 29 31 11 61
3 68 13 216 80 55 152
7 13 12 33 -2 51 0 57 19 48 41 33 42 13 35
5 43 48 62 37 85 60 66 81 43 70
4 39 -1 81 22 40 45 1 24
7 12 21 28 12 54 20 49 37 51 58 28 56 13 49
4 106 29 186 73 115 110 31 76
3 19 7 82 40 19 69
8 -7 17 5 6 14 8 37 5 47 20 27 30 18 52 6 33
4 -9 43 20 30 36 48 23 61
3 35 82 254 158 55 263
4 107 62 175 114 102 159 29 115
8 57 170 76 129 124 114 168 126 231 174 173 217 141 239 83 211
8 42 81 37 68 55 59 68 74 83 81 75 108 50 118 37 102
8 25 18 36 15 57 17 55 29 49 42 36 50 22 44 15 32
