30
1000 1000
4 8 54 30 46 49 56 29 72
7 34 121 62 62 102 81 117 127 127 188 62 182 9 174
5 -1 28 26 27 45 45 36 72 10 55
3 56 45 169 123 6 213
7 37 118 68 97 109 94 135 134 98 171 68 179 26 160
3 11 -25 69 30 -11 81
4 53 73 97 43 136 83 93 108
3 3 -12 90 30 -6 77
8 9 33 16 20 26 11 38 25 42 33 38 45 27 50 19 48
8 59 100 57 83 81 60 101 83 133 100 111 134 95 172 50 133
4 21 -10 39 12 15 29 -3 11
4 17 155 167 88 292 185 162 219
7 96 74 134 50 160 62 194 111 181 149 134 169 95 117
4 10 38 39 14 70 45 37 57
5 52 85 70 79 100 94 74 114 38 114
8 -7 74 4 43 48 56 83 49 71 85 70 100 44 120 20 103
8 22 59 68 35 124 65 141 100 130 155 87 162 27 142 -6 104
3 48 30 128 73 40 103
3 37 97 164 162 42 194
4 32 32 49 59 25 79 8 59
5 10 11 29 3 35 19 24 35 8 30
5 0 2 24 7 38 15 22 43 0 31
4 -4 55 28 -6 109 73 34 111
8 -16 35 7 28 16 24 36 26 33 44 36 62 16 65 -5 65
8 -16 12 -2 -1 16 -4 30 -1 44 15 27 33 15 31 -4 28
3 75 70 162 117 76 173
6 -3 -7 87 -13 88 42 60 79 2 97 14 48
4 51 58 65 42 76 61 66 86
3 89 61 142 90 82 120
8 -10 44 -6 24 22 12 42 16 54 46 40 68 19 82 -9 65
