40
1000 1000
7 6 22 31 12 46 13 60 35 50 49 33 53 13 42
6 63 141 128 138 121 174 111 199 62 230 40 181
7 31 17 40 4 50 13 60 27 48 33 40 47 20 34
3 11 25 78 59 28 88
3 121 216 319 295 119 416
8 113 78 170 42 185 97 226 121 185 144 152 175 132 138 111 124
6 -18 47 -3 15 33 19 64 53 46 88 -4 83
4 38 23 61 73 39 102 17 67
8 14 36 48 38 70 37 93 78 76 96 42 114 15 100 -6 79
3 24 31 70 61 30 97
5 -22 19 60 16 80 63 64 124 -7 81
5 22 15 38 5 63 18 47 46 17 33
5 12 23 70 18 112 37 63 77 20 70
7 26 45 40 29 57 36 56 52 51 67 37 67 25 61
6 17 162 61 134 91 125 137 163 110 207 64 197
8 40 87 42 62 81 40 110 51 132 101 119 151 82 121 52 111
4 -3 75 58 31 139 96 62 139
3 51 16 101 40 44 64
5 32 58 84 8 132 85 74 139 0 124
6 7 17 31 14 39 31 25 41 13 42 -6 36
3 100 64 194 133 78 201
4 -8 17 28 5 56 13 28 45
5 24 15 76 0 136 40 71 84 25 76
5 34 57 78 40 132 73 79 125 33 118
6 98 120 123 83 172 78 191 120 172 164 104 179
3 40 38 91 62 29 99
6 19 52 32 25 82 9 91 59 87 105 44 105
3 16 -33 123 57 31 82
3 7 8 36 23 5 50
5 26 25 61 -10 101 38 59 85 17 57
6 16 14 40 13 46 34 39 48 17 47 7 34
8 37 52 20 10 68 -4 114 10 143 60 108 93 68 127 48 81
7 166 142 213 88 268 95 317 191 261 236 224 232 162 195
3 28 -6 105 29 34 48
6 16 39 82 4 146 106 77 157 12 169 -63 107
7 100 54 179 56 255 26 259 104 244 152 175 202 97 134
5 -5 9 18 1 51 24 21 39 -8 36
6 1 9 15 2 27 0 42 12 31 26 14 24
6 1 -1 18 -10 29 15 16 24 0 29 -5 13
3 81 12 132 37 81 58
