0.849777 0.763305 0.694324 0.638188 0.591769 0.552886 0.519973 0.491877 0.467731 0.446871 0.428780 0.413054 0.399369 0.387465 0.377132 0.368200 0.360530 0.354008 0.348543 0.344060 0.340501 0.337821 0.335985 0.334972 0.334769 0.335373 0.336793 0.339045 0.342157 0.346168 0.351131 0.357111 0.364190 0.372472 0.382080 0.393170 0.405930 0.420593 0.437449 0.456858 0.479278 0.505292 0.535657 0.571369 0.613768 0.664693 0.705803 0.676781 0.651560 0.629614 0.610520 0.593939 0.579595 0.567261 0.556755 0.547926 0.540656 0.534848 0.530427 0.527339 0.525545 0.525024 0.525769 0.527790 0.531111 0.535773 0.541834 0.549372 0.558488 0.569306 0.581981 0.596704 0.613707 0.633279 0.655771 0.681623 0.711381 0.745735 0.725364 0.660504 0.607635 0.563860 0.527153 0.496055 0.469490 0.446647 0.426904 0.409778 0.394888 0.381930 0.370660 0.360880 0.352430 0.345180 0.339022 0.333870 0.329655 0.326321 0.323826 0.322140 0.321240 0.321117 0.321769 0.323204 0.325440 0.328503 0.332433 0.337281 0.343111 0.350004 0.358059 0.367401 0.378178 0.390576 0.404823 0.421202 0.440067 0.461866 0.487171 0.516728 0.551517 0.592860 0.642576 0.703244 0.778633 0.874486 1.000000 0.960956 4027.500000 1.766127 0.539899
0.982391 0.925584 0.876984 0.835145 0.798954 0.767541 0.740221 0.716446 0.695774 0.677849 0.662380 0.649130 0.637907 0.628553 0.620944 0.614981 0.610589 0.607712 0.606316 0.606384 0.607917 0.610933 0.615469 0.621582 0.629349 0.633811 0.623159 0.614314 0.607160 0.601602 0.597572 0.595020 0.593914 0.594241 0.596005 0.599227 0.603948 0.610225 0.618138 0.627792 0.639317 0.652875 0.668666 0.686937 0.707987 0.732187 0.741810 0.730797 0.721820 0.714761 0.709532 0.706068 0.704326 0.704285 0.705944 0.709324 0.714467 0.721435 0.730317 0.741228 0.754315 0.769760 0.787789 0.808677 0.832764 0.860466 0.892299 0.880192 0.846927 0.817984 0.792800 0.770922 0.751983 0.735681 0.721773 0.710060 0.700382 0.692610 0.686644 0.682411 0.679857 0.678951 0.679684 0.682062 0.686117 0.691896 0.682945 0.661335 0.642552 0.626273 0.612237 0.600231 0.590080 0.581646 0.574814 0.569497 0.565627 0.563158 0.562057 0.562314 0.563929 0.566924 0.571334 0.577215 0.584642 0.593711 0.604545 0.617297 0.632154 0.643741 0.644134 0.646086 0.649619 0.654777 0.661625 0.670249 0.680762 0.693307 0.708061 0.725242 0.745117 0.768015 0.794339 0.824588 0.859384 0.899510 0.945956 1.000000 18317.500000 1.328284 0.827025
0.530669 0.524284 0.519288 0.515616 0.513223 0.512081 0.512175 0.514070 0.517611 0.522469 0.528704 0.536398 0.545654 0.556598 0.569391 0.584226 0.601342 0.621032 0.643659 0.669671 0.699631 0.707441 0.694232 0.683123 0.673962 0.666628 0.661027 0.657090 0.654767 0.654031 0.654872 0.657301 0.661347 0.667060 0.674512 0.683798 0.695041 0.708395 0.724051 0.724971 0.727568 0.731954 0.738182 0.746331 0.756504 0.768836 0.783495 0.800691 0.820681 0.843778 0.870371 0.900936 0.936062 0.976487 1.000000 0.892261 0.807236 0.738629 0.682286 0.635351 0.595802 0.562162 0.533334 0.508484 0.486967 0.468280 0.452023 0.437876 0.434747 0.432732 0.431771 0.431853 0.432978 0.435160 0.438426 0.442815 0.448385 0.455207 0.463374 0.472999 0.484224 0.497222 0.512205 0.529434 0.549231 0.571998 0.598237 0.628587 0.663866 0.705140 0.753822 0.768028 0.755741 0.745609 0.737498 0.731305 0.726951 0.724384 0.723572 0.724505 0.727195 0.731674 0.737997 0.746244 0.756521 0.768963 0.783741 0.801065 0.821196 0.844452 0.871223 0.901991 0.937353 0.951362 0.884457 0.828207 0.780452 0.739589 0.704404 0.673965 0.647543 0.624562 0.604563 0.587176 0.572101 0.559093 0.547955 0.538524 6404.000000 1.319299 0.715851
0.924979 0.859257 0.804065 0.757248 0.717217 0.682767 0.652976 0.627124 0.604642 0.585077 0.568064 0.553308 0.540568 0.529649 0.520392 0.512666 0.506368 0.501416 0.497748 0.495318 0.494096 0.494067 0.495231 0.497602 0.501210 0.506098 0.512329 0.519983 0.529164 0.539999 0.552646 0.567300 0.584197 0.603631 0.625962 0.651639 0.681223 0.715428 0.755164 0.801619 0.856362 0.921512 1.000000 0.966814 0.887822 0.822595 0.768019 0.721866 0.682496 0.648680 0.619479 0.594164 0.572161 0.553013 0.536356 0.521894 0.509386 0.498637 0.489487 0.481806 0.475491 0.470458 0.466642 0.463997 0.462489 0.462101 0.462828 0.464678 0.467674 0.471853 0.477268 0.483987 0.492102 0.501722 0.512986 0.526064 0.541165 0.558543 0.578514 0.601469 0.627896 0.658412 0.693801 0.735083 0.783595 0.841132 0.910155 0.994127 0.922087 0.860104 0.807753 0.763142 0.724855 0.691814 0.663181 0.638301 0.616652 0.597817 0.581457 0.567299 0.555120 0.544737 0.536003 0.528799 0.523029 0.518620 0.515516 0.513678 0.513086 0.513731 0.515622 0.518781 0.523247 0.529076 0.536344 0.545145 0.555601 0.567861 0.582108 0.598567 0.617515 0.639292 0.664321 0.693127 0.726373 0.764905 0.809815 0.862534 888.000000 1.132601 0.601081
0.622947 0.627954 0.634582 0.642918 0.653069 0.665175 0.679405 0.695971 0.700621 0.700715 0.702502 0.706003 0.711261 0.718342 0.727335 0.738357 0.751557 0.767119 0.785271 0.806292 0.830526 0.827467 0.821784 0.818136 0.816479 0.816792 0.819079 0.823368 0.829712 0.838189 0.848907 0.862007 0.877665 0.896101 0.917585 0.942452 0.971109 0.981406 0.949709 0.922148 0.898244 0.877608 0.859925 0.844936 0.832431 0.822243 0.814239 0.808318 0.804406 0.802456 0.802444 0.804370 0.808257 0.779055 0.747982 0.720963 0.697449 0.677000 0.659259 0.643936 0.630794 0.619640 0.610319 0.602705 0.596698 0.592222 0.589222 0.586362 0.584823 0.584697 0.585983 0.588695 0.592868 0.598553 0.605821 0.614767 0.625511 0.638202 0.653024 0.670204 0.690020 0.712813 0.739004 0.769117 0.803806 0.843902 0.890466 0.944878 1.000000 0.973081 0.949802 0.929798 0.912773 0.898486 0.886742 0.877388 0.870304 0.865401 0.862620 0.861927 0.863313 0.866795 0.872415 0.880243 0.890377 0.902948 0.918123 0.936110 0.929417 0.881754 0.840667 0.805092 0.774195 0.747316 0.723926 0.703599 0.685990 0.670817 0.657852 0.646907 0.637832 0.630506 0.624835 0.620746 0.618191 0.617137 0.617572 0.619501 5783.000000 1.284125 0.845470
0.882295 0.857836 0.836657 0.818424 0.802861 0.789746 0.778899 0.770176 0.763465 0.758682 0.755768 0.754687 0.755427 0.757996 0.762426 0.768770 0.777109 0.787549 0.800228 0.815317 0.833032 0.818790 0.806260 0.795997 0.787866 0.781764 0.777614 0.775367 0.774994 0.762916 0.740898 0.721805 0.705328 0.691214 0.679259 0.669295 0.661189 0.654835 0.650154 0.647087 0.645597 0.645666 0.647294 0.650502 0.655328 0.661833 0.670098 0.680232 0.692371 0.706685 0.723382 0.725838 0.729378 0.734731 0.741964 0.751168 0.762464 0.776003 0.791973 0.810608 0.832195 0.857084 0.885708 0.918598 0.956419 1.000000 0.988273 0.965550 0.946077 0.929568 0.915794 0.904570 0.895749 0.889221 0.884903 0.882743 0.882715 0.884819 0.860324 0.822993 0.790594 0.762415 0.737893 0.716572 0.698082 0.682125 0.668455 0.656874 0.647220 0.639364 0.633203 0.628659 0.625678 0.624221 0.624271 0.625829 0.628913 0.633562 0.636102 0.634001 0.633435 0.634397 0.636899 0.640971 0.646663 0.654047 0.663218 0.674297 0.687437 0.702826 0.720695 0.741330 0.765078 0.792370 0.823740 0.841224 0.844072 0.848992 0.856043 0.865314 0.876925 0.891027 0.907812 0.927520 0.950442 0.976940 0.942802 0.910447 13599.500000 1.234825 0.876800
0.914612 0.999607 0.928998 0.865587 0.812112 0.766598 0.727576 0.693924 0.664778 0.639460 0.617433 0.598266 0.581613 0.567190 0.554770 0.544165 0.535223 0.527821 0.521862 0.517267 0.513980 0.511960 0.511183 0.511639 0.513333 0.516286 0.520535 0.526133 0.533150 0.541680 0.551839 0.563769 0.577650 0.593697 0.612178 0.633422 0.657836 0.685925 0.718328 0.755855 0.799551 0.850785 0.911381 0.871276 0.814814 0.766959 0.726066 0.690893 0.660488 0.634110 0.611173 0.591213 0.573853 0.558792 0.545783 0.534624 0.525152 0.517234 0.510763 0.505656 0.501847 0.499288 0.497949 0.497813 0.498879 0.501159 0.504682 0.509491 0.515646 0.523228 0.532337 0.543102 0.555676 0.570253 0.587068 0.606410 0.628636 0.654189 0.683624 0.717643 0.757145 0.803297 0.857640 0.922253 1.000000 0.961551 0.883496 0.818987 0.764974 0.719271 0.680267 0.646754 0.617806 0.592706 0.570887 0.551899 0.535382 0.521044 0.508648 0.497999 0.488941 0.481345 0.475109 0.470150 0.466406 0.463830 0.462389 0.462068 0.462861 0.464778 0.467843 0.472094 0.477584 0.484383 0.492583 0.502296 0.513663 0.526854 0.542081 0.559602 0.579738 0.602883 0.629532 0.660311 0.696017 0.737685 0.786674 0.844814 866.000000 1.132001 0.601102
0.534557 0.532034 0.530807 0.530861 0.532198 0.534833 0.538799 0.544145 0.550939 0.559269 0.569247 0.581012 0.594738 0.610634 0.628960 0.650034 0.674251 0.702098 0.734190 0.771302 0.814434 0.864881 0.924366 0.995211 1.000000 0.906182 0.830286 0.767827 0.715712 0.671737 0.634293 0.602176 0.574473 0.550474 0.529625 0.511485 0.495701 0.481988 0.470115 0.459895 0.451173 0.443826 0.437751 0.432870 0.429118 0.426449 0.424831 0.424243 0.424678 0.426142 0.428652 0.432239 0.436949 0.442840 0.446327 0.447051 0.448861 0.451778 0.455839 0.461094 0.467612 0.475478 0.484802 0.495717 0.508387 0.523015 0.539849 0.559194 0.581431 0.607032 0.636595 0.670885 0.710888 0.757907 0.813685 0.880615 0.962068 0.930903 0.878008 0.832699 0.793656 0.759858 0.730509 0.704978 0.682761 0.663451 0.646718 0.632294 0.619961 0.609539 0.600886 0.593886 0.588449 0.584505 0.582007 0.580924 0.581242 0.582966 0.586116 0.590732 0.596869 0.604608 0.609646 0.594763 0.581958 0.571040 0.561853 0.554270 0.548193 0.543543 0.540261 0.538308 0.537660 0.538308 0.540261 0.543543 0.548193 0.554270 0.561853 0.571040 0.581958 0.593485 0.579935 0.568328 0.558495 0.550301 0.543634 0.538408 950.000000 1.498340 0.674678
0.788830 0.769875 0.753583 0.739711 0.728063 0.718480 0.710836 0.705033 0.701000 0.698687 0.698064 0.699126 0.701884 0.706373 0.712647 0.720785 0.730893 0.743104 0.757586 0.774547 0.794242 0.816984 0.843158 0.830452 0.812573 0.797328 0.784500 0.773913 0.765427 0.758934 0.754352 0.751625 0.750720 0.751625 0.754352 0.750770 0.745222 0.741528 0.739644 0.739547 0.741235 0.744729 0.750072 0.757329 0.766593 0.777984 0.791655 0.807796 0.826641 0.848479 0.873665 0.902632 0.935919 0.974191 1.000000 0.957265 0.920160 0.887882 0.859794 0.835379 0.814219 0.795976 0.780370 0.767178 0.756215 0.747337 0.740428 0.735400 0.732193 0.730766 0.731102 0.733206 0.737104 0.741659 0.732023 0.724357 0.718563 0.714569 0.712325 0.711805 0.713002 0.715931 0.720627 0.727149 0.735577 0.746022 0.758622 0.773550 0.791022 0.811300 0.830118 0.814888 0.802105 0.791594 0.783218 0.776868 0.772467 0.769960 0.769316 0.770529 0.773611 0.778602 0.785563 0.794580 0.805771 0.813558 0.804700 0.797934 0.793176 0.790366 0.789472 0.790482 0.793409 0.798288 0.805178 0.814167 0.825370 0.838935 0.855048 0.873938 0.895889 0.921247 0.950439 0.936689 0.898331 0.864992 0.835982 0.810744 685.500000 1.134596 0.877034
0.797095 0.750919 0.711419 0.677418 0.648009 0.622484 0.600285 0.580967 0.564170 0.549603 0.537031 0.526261 0.517142 0.517169 0.518445 0.520985 0.524821 0.530000 0.536588 0.544670 0.554356 0.565780 0.579109 0.594548 0.612349 0.632820 0.656343 0.683392 0.714562 0.750606 0.792489 0.841471 0.899215 0.882502 0.833947 0.792265 0.756287 0.725105 0.698008 0.674429 0.653916 0.636100 0.620685 0.607428 0.596132 0.586636 0.578810 0.572551 0.567779 0.564435 0.562477 0.555489 0.545195 0.536544 0.529419 0.523726 0.519392 0.516363 0.514602 0.514087 0.514812 0.516786 0.520032 0.524592 0.530521 0.537897 0.546816 0.557402 0.573463 0.593225 0.615933 0.642058 0.672189 0.707074 0.747677 0.795261 0.851504 0.918689 1.000000 0.962399 0.887863 0.825889 0.773744 0.729446 0.691522 0.658855 0.630585 0.606042 0.584693 0.566115 0.549965 0.535966 0.523893 0.513562 0.509511 0.506908 0.505544 0.505401 0.506479 0.508789 0.512360 0.517237 0.523480 0.531172 0.540414 0.551335 0.564094 0.578884 0.595946 0.615572 0.638124 0.664052 0.693248 0.688328 0.685116 0.683574 0.683681 0.685441 0.688873 0.694020 0.700946 0.709739 0.720512 0.733413 0.748619 0.766355 0.786894 0.810570 17802.500000 1.167642 0.674977
0.914041 1.000000 0.902916 0.824826 0.760855 0.707675 0.662936 0.624934 0.592401 0.564381 0.540134 0.519084 0.500774 0.484840 0.470989 0.458982 0.448625 0.439762 0.432264 0.426026 0.420965 0.417016 0.414129 0.412268 0.411410 0.411545 0.412674 0.414812 0.417985 0.422231 0.427605 0.434177 0.442036 0.451292 0.462081 0.474570 0.488963 0.505512 0.524529 0.546400 0.571612 0.600780 0.634696 0.674392 0.721239 0.777092 0.785521 0.742839 0.706170 0.674499 0.647039 0.623170 0.602399 0.584330 0.568644 0.555080 0.543426 0.533511 0.525194 0.518362 0.512925 0.508814 0.505977 0.504380 0.504004 0.504844 0.506909 0.510226 0.514835 0.520794 0.528180 0.537091 0.547650 0.560009 0.574353 0.590913 0.609970 0.631869 0.657041 0.686023 0.719494 0.758318 0.803618 0.847288 0.776037 0.717433 0.668557 0.627331 0.592237 0.562144 0.536191 0.513712 0.494184 0.477194 0.462410 0.449565 0.438443 0.428865 0.420689 0.413797 0.408095 0.403506 0.399972 0.397449 0.395905 0.395322 0.395693 0.397021 0.399324 0.402629 0.406978 0.412426 0.419046 0.426926 0.436180 0.446945 0.459388 0.473719 0.490191 0.509121 0.530902 0.556029 0.585132 0.619025 0.658769 0.705784 0.762002 0.830125 6551.000000 1.330326 0.586885
0.774194 0.746726 0.722823 0.702042 0.684024 0.668477 0.655165 0.643894 0.634507 0.626878 0.620908 0.616522 0.613666 0.612304 0.612420 0.614016 0.617111 0.621743 0.627969 0.635868 0.645544 0.657126 0.670777 0.686696 0.705130 0.726378 0.750812 0.778889 0.811177 0.848390 0.891432 0.941465 1.000000 0.976985 0.938015 0.904128 0.874638 0.848992 0.826742 0.807524 0.791042 0.777054 0.765363 0.755813 0.748279 0.742665 0.738901 0.736942 0.736763 0.738363 0.741761 0.746997 0.754139 0.763274 0.774522 0.788034 0.803997 0.822642 0.844255 0.869185 0.897861 0.930812 0.968697 0.967366 0.911953 0.864515 0.823654 0.788295 0.757596 0.730894 0.707657 0.687457 0.669947 0.654846 0.641922 0.630990 0.621897 0.614521 0.608768 0.604564 0.601859 0.600617 0.600826 0.602486 0.605619 0.610262 0.616473 0.624332 0.633941 0.645430 0.658959 0.674728 0.692980 0.714016 0.738202 0.765995 0.797959 0.834807 0.877438 0.927011 0.985036 0.988509 0.954804 0.925478 0.900003 0.877951 0.858975 0.842788 0.829161 0.817906 0.808876 0.801954 0.797053 0.794113 0.793098 0.793996 0.796818 0.801598 0.808395 0.817295 0.828410 0.841888 0.857912 0.876712 0.898567 0.884208 0.842155 0.805774 1307.000000 1.263450 0.768197
0.728938 0.671324 0.623542 0.583423 0.549397 0.520306 0.495275 0.473629 0.454847 0.438513 0.424298 0.411938 0.401216 0.391959 0.384023 0.377293 0.371675 0.367094 0.363489 0.360814 0.359038 0.358137 0.358102 0.358931 0.360635 0.363234 0.366761 0.371260 0.376791 0.383426 0.391258 0.400402 0.410997 0.423215 0.437268 0.453416 0.471983 0.493375 0.518105 0.546832 0.580413 0.619978 0.667058 0.723761 0.793089 0.879449 0.989589 0.989479 0.910605 0.845263 0.790447 0.743991 0.704296 0.670154 0.640641 0.615038 0.592775 0.573401 0.556551 0.541932 0.529304 0.518471 0.509275 0.501588 0.495304 0.490342 0.486640 0.484150 0.482843 0.482703 0.483729 0.485931 0.489338 0.493992 0.499951 0.507292 0.516114 0.526540 0.538720 0.552840 0.569128 0.587864 0.609394 0.634147 0.662660 0.695612 0.699365 0.665934 0.637018 0.611921 0.590095 0.571100 0.554584 0.540262 0.527901 0.517311 0.508338 0.500857 0.494768 0.489991 0.486467 0.484150 0.483014 0.483044 0.484241 0.486619 0.490207 0.495050 0.501209 0.508765 0.517818 0.528496 0.540953 0.555383 0.572019 0.591151 0.613135 0.638415 0.667546 0.701233 0.740380 0.786161 0.840134 0.904404 0.981884 1.000000 0.887495 0.799475 3189.000000 1.581196 0.558082
0.843155 0.929820 1.000000 0.908125 0.833550 0.772013 0.720553 0.677055 0.639963 0.608113 0.580615 0.556780 0.536065 0.518040 0.502358 0.488740 0.476960 0.466833 0.458208 0.450962 0.444997 0.440235 0.436614 0.434090 0.432631 0.432219 0.432850 0.434531 0.437283 0.441140 0.446149 0.452376 0.459902 0.468832 0.479294 0.491443 0.505474 0.521624 0.540183 0.561515 0.586071 0.614420 0.647290 0.685621 0.730649 0.784028 0.773869 0.733090 0.697991 0.667634 0.641288 0.618375 0.598435 0.581098 0.566062 0.553083 0.541962 0.532538 0.524678 0.518277 0.513251 0.509539 0.507092 0.505882 0.505893 0.507126 0.509595 0.513332 0.518382 0.524809 0.532696 0.542151 0.553304 0.566319 0.581395 0.598777 0.618768 0.641739 0.668153 0.698590 0.733785 0.774679 0.822499 0.878867 0.840268 0.770611 0.713205 0.665250 0.624748 0.590236 0.560616 0.535055 0.512905 0.493657 0.476910 0.462338 0.449682 0.438730 0.429307 0.421275 0.414517 0.408943 0.404478 0.401066 0.398663 0.397239 0.396779 0.397275 0.398735 0.401175 0.404626 0.409131 0.414748 0.421551 0.429633 0.439110 0.450123 0.462847 0.477494 0.494329 0.513677 0.535944 0.561645 0.591430 0.626145 0.666896 0.715164 0.772971 888.000000 1.322377 0.587391
0.910474 0.837512 0.777110 0.726466 0.683566 0.646921 0.615412 0.588182 0.564561 0.544025 0.526153 0.510609 0.497120 0.485465 0.475463 0.466968 0.459859 0.454040 0.449436 0.445989 0.443654 0.442404 0.442223 0.443110 0.445074 0.448141 0.452347 0.457746 0.464408 0.472422 0.481898 0.492974 0.505819 0.520638 0.537687 0.557278 0.579800 0.605740 0.635713 0.670506 0.711141 0.758965 0.815792 0.849936 0.799684 0.756763 0.719861 0.687971 0.660310 0.636260 0.615332 0.597129 0.581332 0.567682 0.555966 0.546014 0.537684 0.530864 0.525464 0.521417 0.518672 0.517196 0.516969 0.517990 0.520271 0.523839 0.528740 0.535034 0.542803 0.552151 0.563207 0.576131 0.591120 0.608414 0.628310 0.651173 0.677457 0.707728 0.742704 0.783302 0.830712 0.886504 0.850730 0.785134 0.730564 0.684628 0.645591 0.612160 0.583358 0.558429 0.536783 0.517954 0.501568 0.487326 0.474983 0.464340 0.455237 0.447541 0.441146 0.435967 0.431936 0.429004 0.427133 0.426300 0.426497 0.427725 0.429998 0.433345 0.437808 0.443444 0.450325 0.458545 0.468220 0.479492 0.492535 0.507566 0.524846 0.544704 0.567544 0.593877 0.624349 0.659793 0.701295 0.750297 0.808757 0.879393 0.966099 1.000000 670.000000 1.254822 0.593253
0.727288 0.724606 0.723680 0.724499 0.727074 0.731436 0.737638 0.745759 0.755901 0.768199 0.782821 0.799975 0.819917 0.842962 0.869494 0.899990 0.935037 0.975370 0.960977 0.941121 0.924250 0.910128 0.898562 0.889403 0.882533 0.877867 0.875348 0.874945 0.876653 0.880493 0.876722 0.857079 0.840276 0.826071 0.814267 0.804707 0.797268 0.791855 0.788401 0.786865 0.787228 0.789493 0.793690 0.799869 0.808106 0.818508 0.789457 0.763773 0.741438 0.722062 0.705329 0.690981 0.678808 0.668639 0.660337 0.653795 0.648929 0.645680 0.644006 0.643888 0.645325 0.648333 0.652950 0.659232 0.667260 0.677137 0.688996 0.703001 0.719357 0.723650 0.722375 0.722843 0.725060 0.729051 0.734868 0.742581 0.752289 0.764120 0.778233 0.794828 0.814151 0.836502 0.862251 0.891852 0.925868 0.964998 0.978629 0.972971 0.969700 0.968778 0.970192 0.973960 0.980128 0.988772 1.000000 0.969484 0.924405 0.885371 0.851467 0.821971 0.796305 0.774001 0.754681 0.738037 0.723817 0.711817 0.701872 0.693850 0.687646 0.678756 0.666039 0.655339 0.646511 0.639437 0.634028 0.630214 0.627950 0.627208 0.627978 0.630271 0.634114 0.639554 0.646659 0.655522 0.666257 0.679014 0.693973 0.711358 1424.500000 1.452370 0.883652
0.884292 0.815943 0.759100 0.711262 0.670617 0.635814 0.605833 0.579887 0.557359 0.537763 0.520710 0.505887 0.493039 0.481959 0.472481 0.464465 0.457801 0.452400 0.448192 0.445124 0.443158 0.442270 0.442450 0.443699 0.446033 0.449479 0.454083 0.459900 0.467009 0.475504 0.485505 0.497159 0.510647 0.526191 0.544062 0.564598 0.588217 0.615446 0.646953 0.683596 0.726493 0.777133 0.837530 0.910484 1.000000 0.973548 0.895568 0.831007 0.776874 0.731016 0.691844 0.658161 0.629051 0.603800 0.581845 0.562739 0.546122 0.531702 0.519243 0.508552 0.499471 0.491872 0.485654 0.480735 0.477052 0.474560 0.473228 0.473039 0.473992 0.476099 0.479384 0.483889 0.489670 0.496802 0.505380 0.515524 0.527379 0.541128 0.556989 0.575237 0.596206 0.620312 0.648076 0.680158 0.717400 0.760895 0.812088 0.872921 0.843893 0.794337 0.751989 0.715565 0.684078 0.656761 0.633008 0.612337 0.594360 0.578763 0.565291 0.553735 0.543926 0.535727 0.529027 0.523738 0.519795 0.517146 0.515761 0.515622 0.516727 0.519091 0.522741 0.527723 0.534101 0.541956 0.551393 0.562545 0.575572 0.590673 0.608092 0.628130 0.651155 0.677627 0.708120 0.743363 0.784286 0.832098 0.888398 0.955337 2493.000000 1.193913 0.597547
0.599744 0.594900 0.591548 0.589646 0.589171 0.590117 0.592496 0.596336 0.601686 0.608612 0.617203 0.627575 0.639868 0.654260 0.670969 0.690259 0.712459 0.737971 0.767295 0.801056 0.840041 0.885257 0.938005 1.000000 0.966338 0.925250 0.889569 0.858529 0.831518 0.808042 0.787701 0.770169 0.755179 0.742517 0.732007 0.723509 0.716913 0.712136 0.709120 0.707827 0.708242 0.710370 0.714236 0.719889 0.727398 0.736859 0.748396 0.762166 0.764373 0.735962 0.711238 0.689730 0.671053 0.654897 0.641009 0.629181 0.619247 0.611072 0.604546 0.599588 0.596135 0.594145 0.593593 0.594473 0.596795 0.600588 0.605899 0.612794 0.621362 0.631716 0.643999 0.658386 0.675095 0.694390 0.716598 0.742120 0.771454 0.805222 0.829444 0.807986 0.789465 0.773595 0.760146 0.748931 0.739797 0.732628 0.727331 0.723842 0.722117 0.722136 0.723900 0.727428 0.732765 0.739977 0.749155 0.760418 0.773918 0.789843 0.808426 0.829952 0.854771 0.883314 0.916112 0.953827 0.920683 0.870126 0.826721 0.789252 0.756775 0.728552 0.703993 0.682627 0.664072 0.648019 0.634216 0.622456 0.612574 0.604434 0.597929 0.592976 0.589513 0.587497 0.586904 0.587726 0.589974 0.593675 0.598875 0.605639 3216.000000 1.287315 0.799218
0.931576 0.901692 0.875709 0.853180 0.833738 0.817088 0.802987 0.791237 0.781683 0.774199 0.768691 0.765092 0.763356 0.763464 0.765416 0.769235 0.774969 0.782690 0.792493 0.804509 0.818897 0.835860 0.832851 0.826551 0.822312 0.820082 0.819834 0.821564 0.825295 0.831070 0.838962 0.849071 0.861527 0.876497 0.894189 0.914859 0.938823 0.966466 0.968292 0.954124 0.942602 0.933578 0.926937 0.922596 0.920503 0.920633 0.922986 0.927592 0.934507 0.943816 0.955639 0.970127 0.987478 0.997681 0.967381 0.941067 0.918301 0.898724 0.882044 0.868026 0.856477 0.847246 0.840215 0.835295 0.832425 0.831572 0.832725 0.835898 0.841129 0.848482 0.858051 0.869958 0.884360 0.875874 0.854084 0.835316 0.819286 0.805764 0.794564 0.785538 0.778569 0.773570 0.770479 0.769259 0.769894 0.772392 0.776785 0.783125 0.791491 0.801992 0.814763 0.829980 0.847858 0.868662 0.892717 0.896012 0.892002 0.890162 0.890471 0.892932 0.897575 0.904456 0.913663 0.925310 0.939551 0.956578 0.976629 1.000000 0.984947 0.963338 0.944884 0.929321 0.916434 0.906052 0.898042 0.892303 0.888765 0.887384 0.888144 0.891053 0.896148 0.903490 0.913172 0.925316 0.940084 0.957674 0.978338 0.965917 5972.000000 1.212757 0.915088
0.760636 0.752749 0.746804 0.742727 0.740469 0.740002 0.741321 0.744440 0.749399 0.756259 0.765105 0.776053 0.789248 0.804871 0.823149 0.808906 0.793048 0.779641 0.768501 0.759479 0.752457 0.747348 0.744089 0.742639 0.742981 0.745120 0.749080 0.754912 0.762686 0.772503 0.784491 0.798811 0.815665 0.783753 0.753271 0.726756 0.703682 0.683624 0.666239 0.651246 0.638417 0.627566 0.618544 0.611228 0.605526 0.601364 0.598691 0.597475 0.597701 0.599372 0.602508 0.592700 0.584486 0.577871 0.572767 0.569112 0.566861 0.565985 0.566474 0.568335 0.571590 0.576278 0.582459 0.590211 0.599636 0.610862 0.624049 0.639393 0.657133 0.677564 0.697219 0.697773 0.700016 0.703975 0.709698 0.717257 0.726748 0.738297 0.752060 0.768231 0.787051 0.808813 0.833879 0.848357 0.857696 0.869360 0.883504 0.900320 0.920048 0.942983 0.969486 1.000000 0.929318 0.846797 0.779461 0.723660 0.676837 0.637146 0.603225 0.574046 0.548821 0.526936 0.507906 0.491345 0.476942 0.464447 0.453655 0.444399 0.436544 0.429980 0.432550 0.437963 0.444599 0.452546 0.461915 0.472844 0.485500 0.500090 0.516868 0.536148 0.558318 0.583869 0.613419 0.647763 0.687936 0.735311 0.782670 0.770567 1778.500000 1.392458 0.787806
0.918351 0.889494 0.864415 0.842685 0.823957 0.807948 0.794426 0.783206 0.774136 0.767102 0.762013 0.758807 0.757445 0.757911 0.760210 0.764370 0.770442 0.778501 0.788651 0.801025 0.815789 0.833153 0.853373 0.876763 0.903710 0.934689 0.970288 0.960592 0.929783 0.902996 0.879769 0.859726 0.842561 0.828024 0.815912 0.806063 0.798350 0.792674 0.788966 0.787180 0.787294 0.789310 0.793252 0.799169 0.807133 0.817247 0.829642 0.844484 0.861981 0.882389 0.906023 0.910557 0.879606 0.852678 0.829287 0.809043 0.791625 0.776773 0.764275 0.753961 0.745694 0.739368 0.734905 0.732248 0.731366 0.732248 0.734905 0.739368 0.745694 0.753961 0.764275 0.776773 0.791625 0.809043 0.829287 0.852678 0.879606 0.910557 0.946127 0.987064 1.000000 0.966556 0.937461 0.912201 0.890354 0.871580 0.855601 0.842189 0.831162 0.822376 0.815718 0.811106 0.808482 0.807815 0.809097 0.812343 0.817592 0.824910 0.834389 0.846150 0.860349 0.875098 0.851092 0.830316 0.812440 0.797197 0.784371 0.773786 0.765302 0.758810 0.754228 0.751502 0.750597 0.751502 0.754228 0.758810 0.765302 0.773786 0.784371 0.797197 0.812440 0.830316 0.851092 0.875098 0.902735 0.934499 0.971004 0.951512 2479.000000 1.079478 0.853956
0.810625 0.789118 0.751070 0.718173 0.689629 0.664807 0.643206 0.624421 0.608126 0.594054 0.581989 0.571755 0.563207 0.556232 0.550738 0.546655 0.543933 0.542539 0.542455 0.543681 0.546232 0.550138 0.555448 0.561529 0.558054 0.555952 0.555199 0.555785 0.557717 0.561019 0.565731 0.571912 0.579642 0.589022 0.600180 0.613276 0.628503 0.646102 0.662054 0.678397 0.697290 0.719047 0.744055 0.772795 0.805863 0.844012 0.888199 0.939656 1.000000 0.998313 0.951509 0.910994 0.875811 0.845206 0.818573 0.795424 0.775366 0.758075 0.743291 0.730799 0.720427 0.712036 0.705519 0.688151 0.666219 0.647152 0.630623 0.616365 0.604161 0.593834 0.585240 0.578265 0.572817 0.568829 0.566251 0.559955 0.553815 0.549117 0.545802 0.543829 0.543174 0.543829 0.545802 0.549117 0.553815 0.559955 0.567615 0.576897 0.587927 0.600863 0.615898 0.633270 0.653269 0.676256 0.702673 0.721861 0.714350 0.708684 0.704791 0.702625 0.702157 0.703384 0.706320 0.711001 0.717484 0.725851 0.736210 0.748698 0.763489 0.780795 0.800878 0.824058 0.850732 0.840197 0.823409 0.809190 0.797342 0.787706 0.780157 0.774600 0.770966 0.769210 0.769312 0.771271 0.775113 0.780884 0.788656 0.798526 888.000000 1.401797 0.827388
0.943871 0.958108 0.929119 0.903946 0.882171 0.863451 0.847509 0.834118 0.823095 0.814296 0.807608 0.802948 0.800258 0.799505 0.800681 0.803800 0.808900 0.816043 0.825319 0.836848 0.850783 0.867314 0.886678 0.883111 0.847646 0.816812 0.789979 0.766641 0.746388 0.728889 0.713873 0.701117 0.690443 0.681707 0.674795 0.669618 0.666113 0.664236 0.663965 0.665296 0.668246 0.672850 0.679165 0.687271 0.697274 0.709305 0.723533 0.740164 0.759449 0.781699 0.807297 0.836711 0.831852 0.808736 0.788719 0.771482 0.756767 0.744362 0.734098 0.725837 0.719475 0.714930 0.712147 0.711092 0.711753 0.714137 0.718273 0.724212 0.732028 0.741821 0.753721 0.767888 0.784525 0.803877 0.826250 0.852015 0.881630 0.915664 0.954824 1.000000 0.996273 0.956033 0.921050 0.890607 0.864127 0.841145 0.821280 0.804224 0.789727 0.777583 0.767628 0.759732 0.753794 0.749740 0.747521 0.747110 0.748501 0.751712 0.756781 0.744497 0.722361 0.703148 0.686543 0.672285 0.660166 0.650014 0.641693 0.635092 0.630128 0.626740 0.624885 0.624541 0.625704 0.628388 0.632625 0.638469 0.645993 0.655294 0.666495 0.679752 0.695256 0.713242 0.733999 0.757880 0.785323 0.816871 0.853200 0.895169 691.500000 1.264621 0.832511
0.778765 0.734351 0.696317 0.663548 0.635186 0.610561 0.589139 0.570498 0.554294 0.540251 0.528143 0.517786 0.509030 0.501754 0.495860 0.491273 0.487936 0.485805 0.484856 0.485077 0.486471 0.489054 0.492859 0.497932 0.504338 0.512162 0.521508 0.532508 0.545324 0.560155 0.577245 0.596894 0.619472 0.645442 0.675383 0.710030 0.750330 0.797517 0.853230 0.919694 1.000000 0.953939 0.860517 0.785484 0.724092 0.673104 0.630243 0.593859 0.562729 0.535926 0.512739 0.492613 0.475109 0.459876 0.446632 0.435148 0.425239 0.416753 0.409566 0.403579 0.398710 0.394898 0.392094 0.390263 0.389383 0.389442 0.390443 0.392396 0.395326 0.399269 0.404276 0.410411 0.417757 0.426416 0.436516 0.448213 0.461696 0.477201 0.495017 0.515505 0.539118 0.566427 0.598169 0.635300 0.679092 0.731259 0.794180 0.871246 0.967456 0.965714 0.893372 0.832980 0.782000 0.738577 0.701324 0.669183 0.641336 0.617141 0.596090 0.577773 0.561862 0.548088 0.536235 0.526124 0.517611 0.510580 0.504937 0.500611 0.497546 0.495706 0.495067 0.495623 0.497379 0.500358 0.504596 0.510145 0.517077 0.525484 0.535480 0.547207 0.560841 0.576596 0.594736 0.615586 0.639548 0.667123 0.698942 0.735810 6055.000000 1.402969 0.578748
0.610026 0.598824 0.589420 0.581687 0.575522 0.570848 0.567605 0.565754 0.565273 0.566155 0.568411 0.572069 0.577174 0.583790 0.592002 0.601920 0.613678 0.627447 0.643434 0.661893 0.668375 0.663039 0.659362 0.657301 0.656831 0.657945 0.660657 0.665000 0.671028 0.678816 0.688466 0.700104 0.713893 0.730029 0.748757 0.770376 0.766890 0.726366 0.691492 0.661334 0.635162 0.612403 0.592596 0.575373 0.560435 0.547538 0.536485 0.527115 0.519295 0.512922 0.507912 0.504202 0.501746 0.500513 0.500489 0.501674 0.504082 0.507742 0.512699 0.519018 0.526778 0.522304 0.518387 0.515762 0.514396 0.514274 0.515392 0.517766 0.521424 0.526410 0.532789 0.540643 0.550077 0.556468 0.555859 0.556590 0.558671 0.562127 0.567000 0.573352 0.581264 0.590841 0.602214 0.615545 0.631034 0.648927 0.669524 0.693196 0.720402 0.751716 0.787861 0.829757 0.878594 0.935936 1.000000 0.867505 0.767645 0.689892 0.627815 0.577263 0.535439 0.500390 0.470712 0.445370 0.423586 0.404763 0.404484 0.405514 0.407534 0.410568 0.414654 0.419844 0.426205 0.433824 0.442805 0.453282 0.465414 0.479401 0.495485 0.513967 0.535220 0.559713 0.588041 0.620964 0.659475 0.656200 0.638497 0.623185 11905.500000 1.352466 0.699174
0.856576 0.875250 0.849695 0.817750 0.789955 0.765770 0.744764 0.726583 0.710940 0.697602 0.686378 0.677116 0.669691 0.664010 0.660001 0.657615 0.656823 0.657615 0.660001 0.664010 0.669691 0.662592 0.648292 0.636096 0.625830 0.617355 0.610556 0.605349 0.601667 0.599464 0.598715 0.599410 0.601557 0.605183 0.610333 0.617070 0.625481 0.635677 0.647797 0.662015 0.669722 0.671050 0.674011 0.678639 0.684994 0.693154 0.703226 0.715343 0.729674 0.746426 0.765854 0.788269 0.814057 0.843690 0.877756 0.916992 0.962326 1.000000 0.945773 0.899180 0.858934 0.824037 0.793701 0.767303 0.744340 0.724406 0.707171 0.692366 0.679772 0.669212 0.660542 0.653648 0.648443 0.643290 0.638937 0.636165 0.634940 0.635247 0.637089 0.640490 0.645491 0.652154 0.660564 0.670831 0.683094 0.697525 0.714337 0.733791 0.737494 0.716182 0.697700 0.681750 0.668086 0.656510 0.646860 0.639006 0.632848 0.628305 0.625324 0.623866 0.623915 0.625471 0.628553 0.633198 0.639464 0.647431 0.657202 0.668908 0.682714 0.698821 0.717476 0.738984 0.763718 0.792139 0.824821 0.817658 0.808552 0.801556 0.796582 0.793570 0.792482 0.793306 0.796052 0.800752 0.807465 0.816274 0.827293 0.840666 7427.500000 1.308126 0.846055
0.986179 0.941134 0.902102 0.868187 0.838676 0.813001 0.790699 0.771396 0.754789 0.740628 0.728712 0.718878 0.710996 0.704964 0.700708 0.698175 0.697334 0.698175 0.700708 0.704964 0.710996 0.718878 0.728712 0.740628 0.754789 0.771396 0.790699 0.813001 0.838676 0.868187 0.870233 0.851400 0.835335 0.821808 0.810634 0.801666 0.794787 0.789912 0.786981 0.785958 0.786831 0.789610 0.794329 0.801046 0.809845 0.820840 0.834174 0.850030 0.868634 0.890263 0.915258 0.944037 0.977115 0.984834 0.957818 0.934436 0.914319 0.897165 0.882730 0.870818 0.861269 0.853963 0.848807 0.845739 0.844720 0.845739 0.848807 0.853963 0.861269 0.870818 0.882730 0.897165 0.911893 0.872925 0.839089 0.809655 0.784042 0.761778 0.742484 0.725847 0.711617 0.699587 0.689591 0.681495 0.675194 0.670610 0.667685 0.666385 0.666692 0.668611 0.672164 0.677397 0.684373 0.693182 0.703939 0.716788 0.731912 0.749532 0.769922 0.793417 0.820430 0.851470 0.887174 0.928336 0.975970 1.000000 0.970615 0.945119 0.923096 0.904204 0.888167 0.874759 0.863800 0.855147 0.848690 0.844349 0.842070 0.841826 0.843613 0.847455 0.853396 0.861512 0.871905 0.884708 0.900094 0.918275 0.939517 0.964142 1451.500000 1.261900 0.848146
0.766262 0.706727 0.657245 0.615625 0.580277 0.550020 0.523963 0.501416 0.481842 0.464817 0.450001 0.437120 0.425955 0.416323 0.408079 0.401102 0.395297 0.390584 0.386904 0.384209 0.382467 0.381655 0.381765 0.382797 0.384765 0.387691 0.391613 0.396580 0.402658 0.409927 0.418491 0.428474 0.440032 0.453352 0.468668 0.486268 0.506509 0.529841 0.556831 0.588213 0.624938 0.668271 0.719925 0.764834 0.725953 0.692421 0.663378 0.638148 0.616198 0.597098 0.580502 0.566132 0.553757 0.543192 0.534286 0.526917 0.520986 0.516417 0.513153 0.511154 0.510395 0.510867 0.512576 0.515543 0.519803 0.525411 0.532439 0.540977 0.551143 0.563082 0.576969 0.593024 0.611513 0.632765 0.657189 0.685290 0.717708 0.755256 0.798980 0.759297 0.698357 0.647918 0.605634 0.569820 0.539231 0.512933 0.490206 0.470493 0.453354 0.438439 0.425466 0.414208 0.404480 0.396131 0.389038 0.383101 0.378240 0.374391 0.371506 0.369549 0.368495 0.368332 0.369058 0.370681 0.373222 0.376712 0.381195 0.386728 0.393387 0.401262 0.410468 0.421144 0.433463 0.447635 0.463921 0.482643 0.504206 0.529120 0.558037 0.591807 0.631546 0.678760 0.735518 0.804751 0.890740 1.000000 0.929366 0.838957 19185.000000 1.468192 0.573360
0.767221 0.702568 0.649407 0.605081 0.567699 0.535883 0.508605 0.485081 0.464707 0.447009 0.431611 0.418212 0.406571 0.396489 0.387807 0.380393 0.374143 0.368969 0.364802 0.361591 0.359293 0.357881 0.357338 0.357656 0.358841 0.360905 0.363875 0.367788 0.372694 0.378656 0.385757 0.394097 0.403800 0.415018 0.427937 0.442788 0.459854 0.479489 0.502140 0.528373 0.558919 0.594733 0.637092 0.687731 0.749076 0.824618 0.919569 0.921989 0.856590 0.801658 0.755056 0.715203 0.680904 0.651241 0.625499 0.603112 0.583630 0.566690 0.551997 0.539314 0.528445 0.519231 0.511545 0.505282 0.500361 0.496721 0.494315 0.493115 0.493106 0.494287 0.496674 0.500294 0.505194 0.511436 0.519099 0.528288 0.539130 0.551783 0.566443 0.583346 0.602785 0.625123 0.650809 0.680405 0.714625 0.680903 0.645233 0.614521 0.587951 0.564888 0.544830 0.527374 0.512197 0.499038 0.487684 0.477961 0.469727 0.462868 0.457293 0.452928 0.449720 0.447627 0.446624 0.446700 0.447855 0.450103 0.453471 0.458003 0.463754 0.470800 0.479235 0.489179 0.500776 0.514205 0.529685 0.547486 0.567941 0.591463 0.618574 0.649929 0.686376 0.729013 0.779300 0.839210 0.911477 1.000000 0.948413 0.847227 1191.000000 1.520240 0.565740
0.865480 0.903513 0.945242 0.907874 0.875376 0.847095 0.822504 0.801176 0.782764 0.766985 0.753610 0.742451 0.733359 0.726215 0.720929 0.717435 0.715690 0.715675 0.717387 0.720848 0.726101 0.733210 0.742265 0.753385 0.766718 0.782451 0.800812 0.822084 0.846611 0.874820 0.890267 0.856278 0.826708 0.800977 0.778619 0.759254 0.742575 0.728329 0.716314 0.706362 0.698342 0.692151 0.687711 0.684967 0.683886 0.684455 0.686681 0.690590 0.696230 0.703673 0.713013 0.724373 0.737907 0.753807 0.772309 0.793702 0.818341 0.846665 0.879213 0.916661 0.959855 0.996071 0.943711 0.898637 0.859649 0.825810 0.796381 0.770769 0.748501 0.729190 0.712525 0.698248 0.686153 0.676071 0.667867 0.661433 0.656689 0.653576 0.652056 0.652111 0.653740 0.656964 0.661823 0.668376 0.676707 0.686923 0.699163 0.713598 0.730438 0.749942 0.772428 0.798287 0.828002 0.862171 0.901547 0.947083 1.000000 0.981941 0.933296 0.891288 0.854870 0.823217 0.795672 0.771710 0.750905 0.732912 0.717448 0.704286 0.693237 0.684153 0.676913 0.671426 0.667622 0.665455 0.664899 0.665947 0.668611 0.672925 0.678940 0.686734 0.696405 0.708084 0.721929 0.738140 0.756962 0.778693 0.803703 0.832445 4377.000000 1.004156 0.776689
0.852534 0.870187 0.890778 0.914624 0.942113 0.973725 1.000000 0.951828 0.910175 0.874032 0.842603 0.815251 0.791466 0.770834 0.753018 0.737744 0.724789 0.713971 0.705146 0.698197 0.693037 0.689602 0.687850 0.687760 0.689329 0.695966 0.710554 0.727558 0.747239 0.769922 0.796002 0.825970 0.860438 0.900170 0.946139 0.946570 0.912439 0.882736 0.856905 0.834496 0.815143 0.798548 0.784467 0.772703 0.763098 0.755526 0.749893 0.746646 0.748427 0.752033 0.757508 0.764919 0.774360 0.785955 0.799858 0.816264 0.835412 0.857595 0.883174 0.912592 0.946396 0.985266 0.973034 0.934631 0.901233 0.872169 0.846896 0.824979 0.806061 0.789851 0.776112 0.764655 0.755323 0.747997 0.742584 0.739016 0.737249 0.737263 0.739058 0.739599 0.740618 0.743433 0.748079 0.754613 0.763116 0.773699 0.786500 0.801696 0.819504 0.840192 0.864086 0.891590 0.923200 0.925280 0.895586 0.869769 0.847382 0.828064 0.811519 0.797505 0.785828 0.776331 0.768892 0.763415 0.759833 0.758103 0.758203 0.760134 0.763920 0.769608 0.777267 0.786996 0.798920 0.813200 0.830036 0.823809 0.813856 0.806059 0.800319 0.796567 0.794755 0.794861 0.796888 0.800860 0.806824 0.814856 0.825058 0.837561 4089.500000 1.018853 0.824463
0.695208 0.743832 0.801847 0.831310 0.782041 0.739969 0.703801 0.672549 0.645443 0.621877 0.601370 0.583532 0.568051 0.554673 0.543188 0.533428 0.525256 0.518561 0.513256 0.509272 0.506561 0.505088 0.504837 0.505804 0.508001 0.511455 0.516208 0.522320 0.529871 0.538961 0.549715 0.562289 0.576874 0.593705 0.613069 0.635320 0.660899 0.690358 0.724392 0.763891 0.810010 0.863281 0.793512 0.735817 0.687488 0.646577 0.611653 0.581637 0.555706 0.533218 0.513669 0.496656 0.481858 0.469014 0.457911 0.448376 0.440270 0.433477 0.427906 0.423484 0.420154 0.417874 0.416618 0.416369 0.417125 0.418894 0.421699 0.425574 0.430567 0.436744 0.444186 0.452996 0.463302 0.475259 0.489059 0.504938 0.523184 0.544159 0.568312 0.596212 0.628586 0.666374 0.710818 0.763585 0.826967 0.904199 1.000000 0.921312 0.842200 0.777324 0.723347 0.677906 0.639286 0.606211 0.577713 0.553047 0.531629 0.512998 0.496785 0.482693 0.470480 0.459951 0.450945 0.443333 0.437009 0.431888 0.427905 0.425009 0.423165 0.422350 0.422554 0.423779 0.426041 0.429368 0.433799 0.439393 0.446223 0.454379 0.463978 0.475161 0.488101 0.503011 0.520154 0.539852 0.562510 0.588633 0.618864 0.654029 1579.500000 1.265563 0.592444
0.875220 0.819682 0.772522 0.732161 0.697405 0.667334 0.641230 0.618525 0.598766 0.581589 0.566696 0.553848 0.542849 0.533538 0.525787 0.519491 0.514569 0.510959 0.508616 0.507512 0.507632 0.508979 0.511569 0.515433 0.520620 0.527196 0.535246 0.544878 0.556228 0.569462 0.584784 0.602445 0.622752 0.646088 0.672925 0.703856 0.739636 0.781232 0.829903 0.887322 0.955749 0.883929 0.815624 0.758816 0.711007 0.670385 0.635602 0.605637 0.579705 0.557189 0.537603 0.520559 0.505744 0.492903 0.481830 0.472356 0.464345 0.457686 0.452289 0.448084 0.445020 0.443057 0.442171 0.442353 0.443604 0.445940 0.449389 0.453993 0.459813 0.466922 0.475419 0.485421 0.497077 0.510566 0.526111 0.543984 0.564521 0.588143 0.615375 0.646885 0.683532 0.726436 0.777084 0.837492 0.910462 1.000000 0.947397 0.874289 0.813475 0.762287 0.718790 0.681542 0.649451 0.621677 0.597562 0.576585 0.558330 0.542462 0.528710 0.516852 0.506708 0.498132 0.491005 0.485231 0.480736 0.477463 0.475372 0.474437 0.474647 0.476004 0.478525 0.482241 0.487199 0.493460 0.501107 0.510243 0.520998 0.533528 0.548029 0.564739 0.583950 0.606026 0.631418 0.660692 0.694566 0.733966 0.780097 0.834562 2009.000000 1.173877 0.598802
0.553292 0.556240 0.558258 0.561649 0.566454 0.572734 0.580569 0.590063 0.601345 0.614576 0.629954 0.647723 0.668179 0.691690 0.718710 0.749807 0.785695 0.827284 0.875750 0.932635 1.000000 0.924533 0.853735 0.794787 0.745133 0.702912 0.666740 0.635564 0.608574 0.585135 0.564745 0.547002 0.531581 0.518220 0.506704 0.496861 0.488547 0.481648 0.476072 0.471747 0.477711 0.486580 0.497005 0.509140 0.523174 0.539340 0.557923 0.579279 0.603847 0.632181 0.664987 0.703170 0.747917 0.800806 0.863984 0.835254 0.798703 0.766987 0.739407 0.715405 0.694533 0.676427 0.660793 0.647390 0.636022 0.626529 0.618784 0.612687 0.608159 0.605145 0.603607 0.603527 0.604905 0.601893 0.598290 0.596158 0.595471 0.596220 0.598414 0.602080 0.607263 0.614029 0.622463 0.632678 0.644812 0.659041 0.675575 0.694677 0.716668 0.741942 0.770989 0.799829 0.776494 0.756252 0.738773 0.723788 0.711078 0.700465 0.691806 0.684989 0.679927 0.676557 0.674838 0.674749 0.676289 0.679477 0.684352 0.690973 0.699426 0.709819 0.709956 0.682666 0.658925 0.638265 0.620311 0.604756 0.591352 0.579896 0.570223 0.562199 0.555719 0.550698 0.547072 0.544798 0.543848 0.544210 0.545888 0.548903 1044.500000 1.096739 0.719038
0.892500 0.942061 1.000000 0.931652 0.868641 0.815453 0.770151 0.731286 0.697756 0.668706 0.643467 0.621506 0.602399 0.585800 0.571431 0.559065 0.548516 0.539633 0.532296 0.526407 0.521890 0.518689 0.516764 0.516092 0.516666 0.515645 0.510167 0.506010 0.503123 0.501470 0.501031 0.501801 0.503788 0.507018 0.511529 0.517379 0.524643 0.533417 0.543822 0.556007 0.570156 0.586493 0.605296 0.626904 0.651741 0.680333 0.688604 0.679981 0.673174 0.668095 0.664681 0.662890 0.662702 0.664113 0.667141 0.671822 0.678215 0.686401 0.696484 0.708601 0.722920 0.739647 0.759039 0.781409 0.807140 0.836708 0.870702 0.909861 0.955116 0.890242 0.834088 0.786380 0.745533 0.710347 0.679896 0.653459 0.630462 0.610450 0.593054 0.577975 0.564972 0.553846 0.544436 0.534887 0.524296 0.515334 0.507876 0.501823 0.497095 0.493634 0.491397 0.490355 0.490498 0.491825 0.494354 0.498115 0.503155 0.509539 0.517349 0.526690 0.537695 0.550523 0.565374 0.582491 0.602172 0.624787 0.639641 0.631780 0.625599 0.621019 0.617983 0.616455 0.616416 0.617866 0.620821 0.625318 0.631413 0.639184 0.648730 0.660180 0.673694 0.689468 0.707745 0.728820 0.753059 0.780912 0.812938 0.849838 5115.500000 1.454265 0.752300
