35
1000 1000
3 203 136 385 211 204 313
3 30 10 102 35 38 55
3 12 3 63 37 12 59
7 55 45 74 26 105 15 113 50 99 74 81 85 63 62
6 80 15 147 11 171 75 139 106 95 107 67 64
3 8 -5 67 24 12 51
5 28 126 102 120 141 183 89 244 29 217
7 50 62 63 8 126 30 118 82 105 103 82 109 56 99
5 14 31 31 30 51 41 36 60 18 50
3 32 6 66 23 34 47
3 66 0 120 48 61 82
8 -5 12 6 7 11 -3 22 6 28 16 26 31 13 37 1 30
6 39 4 74 6 103 35 85 79 34 69 2 43
6 -7 145 33 107 75 105 120 156 78 192 20 194
7 -16 15 16 11 31 17 44 28 36 46 14 52 -14 45
7 22 20 38 12 57 12 65 29 47 41 33 50 16 36
8 9 8 19 1 36 6 35 22 37 38 18 51 2 42 -3 28
7 23 0 33 -36 77 -7 84 29 90 76 44 53 -4 41
5 94 89 124 56 142 114 128 134 74 137
3 74 35 221 106 40 177
3 82 -14 263 77 103 182
4 36 82 65 65 96 82 61 114
5 102 97 155 94 193 122 154 160 98 153
3 46 36 113 70 58 101
4 50 -21 66 35 42 68 -1 36
5 30 49 85 42 126 75 82 124 29 118
8 107 172 150 147 166 189 178 212 187 257 146 237 127 234 102 209
4 29 18 62 57 24 72 -11 55
3 198 139 304 216 212 275
4 49 6 62 28 49 48 31 34
6 29 21 72 20 101 55 73 85 34 114 24 66
4 -32 45 60 -10 153 49 51 138
3 22 17 58 39 31 52
7 21 34 51 19 72 30 98 43 79 73 52 82 20 71
5 44 19 76 -5 81 37 63 51 43 50
