55
1000 1000
3 35 138 162 191 57 265
5 38 28 58 28 70 46 56 59 44 51
8 52 104 100 87 120 116 126 144 138 187 92 185 70 182 62 147
8 33 28 47 21 67 29 77 43 62 59 45 61 37 56 21 44
3 15 3 44 28 13 36
5 15 25 46 14 59 41 41 78 7 63
6 8 7 42 17 96 37 39 68 9 70 -37 40
7 -10 9 12 -22 53 -9 70 38 63 63 10 74 -27 51
7 18 26 29 7 45 16 62 38 46 53 30 48 13 41
4 0 81 37 54 75 85 48 143
8 -18 38 19 11 46 3 69 13 100 32 71 70 39 78 10 69
4 42 54 62 72 34 100 9 78
5 49 50 116 44 142 87 120 145 58 109
4 48 20 96 72 50 100 -26 74
3 61 23 154 71 72 111
3 366 359 548 425 371 555
7 1 51 9 8 68 26 71 64 57 102 16 126 1 77
6 37 25 53 16 65 14 87 28 71 44 47 44
3 47 47 94 76 48 99
7 0 2 12 -3 21 0 32 13 23 25 11 23 -4 19
6 -4 26 16 11 37 16 57 21 35 39 11 47
7 22 80 39 70 52 78 70 94 58 114 40 108 10 110
5 10 8 37 4 42 23 39 46 20 32
4 15 101 62 52 90 108 56 174
7 28 13 39 3 56 15 64 24 59 40 42 42 26 42
5 43 22 73 23 102 48 79 66 47 57
3 19 30 199 149 47 233
3 42 30 111 62 34 83
4 104 80 142 52 182 74 146 122
3 105 -29 298 85 123 146
7 6 12 31 -23 64 -1 66 26 61 46 34 45 24 33
8 80 89 97 50 146 72 193 62 195 96 163 119 135 134 102 137
6 11 -14 36 -3 44 10 32 26 12 28 13 13
8 4 65 21 35 83 22 102 34 147 70 118 111 71 121 19 113
6 24 53 31 43 46 34 64 57 49 76 23 76
8 47 35 62 30 70 33 86 44 72 59 58 60 47 53 31 45
6 15 54 58 19 117 14 143 59 105 95 67 99
5 14 21 39 22 61 36 45 59 27 43
7 5 24 21 24 33 21 50 41 35 50 23 50 1 46
5 22 7 47 -3 69 18 46 51 24 35
6 180 144 216 153 246 178 213 208 177 206 128 178
5 45 55 72 29 95 69 71 94 46 81
4 12 27 26 13 44 31 25 44
5 103 25 152 30 193 64 163 116 103 100
5 5 0 62 -15 104 17 57 54 16 54
3 187 167 249 212 187 236
4 7 19 60 -4 104 27 54 53
4 28 12 67 42 27 64 -23 39
6 89 85 120 89 132 108 112 123 94 121 73 109
7 -48 12 50 -18 77 11 121 70 109 153 48 118 6 76
3 70 -1 213 108 87 217
7 13 9 55 -6 111 -10 95 33 103 80 63 80 10 64
6 8 11 29 8 34 28 29 44 14 40 -2 29
6 44 51 127 56 155 131 100 212 30 218 19 150
4 64 26 153 95 63 193 -24 109
