30
1000 1000
3 45 32 115 77 33 166
6 64 26 108 5 145 60 102 110 43 100 27 62
3 24 1 80 37 26 52
7 73 65 92 45 110 56 128 71 115 87 98 101 77 85
4 14 35 56 -22 106 42 67 94
6 14 47 19 31 48 21 54 52 43 72 22 66
5 -13 42 122 -1 184 115 97 153 13 135
7 108 168 146 144 192 155 213 189 195 232 145 238 115 219
8 27 30 35 19 53 19 77 8 80 34 78 56 57 69 29 54
3 153 68 263 106 156 203
5 -4 13 58 -10 89 46 48 65 7 63
4 53 92 91 44 135 94 107 163
6 65 39 90 41 103 69 88 83 64 96 56 67
8 18 40 40 31 56 11 62 36 68 42 61 60 48 67 26 67
8 41 10 56 2 78 8 77 28 71 40 63 56 44 45 36 34
6 31 -8 56 4 68 25 58 40 31 43 26 24
5 283 192 368 152 464 231 376 285 304 275
5 21 36 42 34 53 47 43 68 18 63
3 73 50 183 111 71 180
7 15 71 38 41 80 42 110 85 70 115 39 143 -18 118
8 87 100 145 59 191 64 233 70 288 118 247 155 200 164 148 157
4 58 77 81 96 58 126 29 102
5 -26 20 43 9 75 53 36 78 -4 75
6 136 163 173 94 244 90 269 159 270 258 154 268
8 15 -7 28 -3 48 -5 57 12 49 36 32 41 17 34 9 16
8 -3 21 5 17 9 3 27 11 22 23 22 34 15 42 1 37
3 43 103 89 139 37 171
6 52 33 67 13 88 24 104 38 96 65 65 62
8 -17 43 35 43 85 36 66 69 54 106 40 122 2 114 -10 80
6 12 34 52 37 69 78 55 111 11 108 -9 78
