45
1000 1000
6 1 9 30 -2 41 19 26 39 0 49 -3 24
8 1 12 6 -1 27 0 43 8 52 17 44 28 29 34 4 36
5 195 192 265 193 287 231 264 273 210 274
5 19 26 61 34 101 58 65 114 16 102
8 33 54 40 40 65 44 84 31 90 55 76 66 60 77 45 80
3 99 61 224 140 77 194
5 96 112 128 100 143 129 121 152 96 136
5 40 32 95 18 153 69 95 122 36 97
4 -13 24 10 4 33 26 12 46
8 26 41 17 24 44 27 62 24 62 41 63 60 36 69 14 68
6 17 10 66 13 85 46 52 80 11 93 -14 51
6 3 70 46 37 85 32 110 79 83 112 36 107
5 30 34 83 -18 116 61 81 115 24 89
3 50 29 236 143 86 206
8 46 32 64 29 77 37 73 50 79 71 58 63 52 58 42 51
7 80 86 110 86 147 88 171 124 148 146 118 147 80 142
6 62 206 110 149 170 124 182 212 158 272 100 276
8 296 268 309 216 345 197 413 194 409 256 389 317 350 371 267 336
5 -1 0 26 -6 53 22 26 38 -3 32
8 11 28 30 36 49 31 48 50 37 58 29 71 13 61 11 49
7 -5 6 10 -3 26 -1 28 17 28 32 4 34 -4 24
5 1 24 36 18 74 43 41 76 -4 82
3 25 -11 87 30 26 49
5 13 44 63 38 89 68 65 115 24 88
8 10 71 19 41 47 36 72 48 92 64 79 94 52 115 25 106
5 23 67 113 37 182 112 107 182 10 172
3 61 56 100 72 70 91
3 107 98 195 168 103 235
7 15 34 27 25 42 27 54 46 39 57 29 56 13 52
3 46 40 93 75 48 119
5 17 62 66 27 93 66 62 126 8 94
8 97 65 133 73 160 83 190 101 168 146 131 146 93 136 70 109
3 85 25 175 61 87 110
3 63 -10 159 46 97 80
6 98 6 160 13 152 55 144 108 91 105 49 70
3 -7 0 51 17 7 39
4 -39 20 25 -7 78 20 25 62
5 -5 2 15 -4 29 10 17 23 -2 21
6 -10 21 6 10 25 6 27 24 17 36 1 43
7 -6 15 23 11 38 22 59 31 50 62 22 57 8 48
3 131 139 306 267 167 363
4 57 68 87 51 112 75 90 94
5 27 11 48 5 57 25 47 51 27 32
6 45 62 71 58 83 73 65 100 46 94 29 78
6 73 94 113 70 149 70 181 112 151 142 108 145
