45
1000 1000
5 43 58 73 53 111 79 76 102 31 100
6 22 -14 51 -12 57 16 48 35 14 36 14 14
7 69 94 88 86 101 94 125 109 108 119 87 123 69 121
4 5 43 40 12 103 47 30 114
4 -7 78 28 39 107 59 40 143
4 14 32 32 23 60 41 33 55
4 33 49 66 13 108 49 58 123
5 23 6 55 -10 58 26 55 56 19 35
4 51 49 86 74 62 101 21 82
7 46 85 79 48 120 61 144 93 129 143 82 140 15 128
7 3 28 14 19 30 21 35 31 26 42 17 46 5 43
5 -6 35 69 20 87 76 61 127 -8 114
3 14 -4 44 16 15 38
3 48 55 146 93 39 161
6 0 43 18 23 34 29 52 41 36 64 15 61
3 27 82 138 136 55 205
5 89 134 190 101 281 181 198 243 107 238
5 33 18 59 22 66 33 65 57 36 42
5 60 -10 133 -23 225 30 141 105 46 113
4 80 35 165 83 99 141 28 98
7 64 128 102 94 134 113 150 147 139 176 105 176 80 154
7 38 49 52 30 72 36 81 57 72 66 55 68 39 68
6 23 20 48 16 62 36 50 55 25 61 12 38
4 -16 85 60 44 136 99 48 162
6 22 30 53 38 69 55 71 103 27 78 15 62
5 0 22 52 33 80 60 56 92 1 78
5 -9 40 58 29 83 67 52 106 12 94
4 33 131 91 58 187 135 99 209
4 0 35 29 22 54 37 26 67
7 27 48 46 46 57 46 68 62 62 85 40 87 22 69
5 39 -3 97 -2 152 47 89 74 45 70
8 0 36 20 33 72 31 119 84 77 123 29 121 1 115 -45 85
5 21 21 48 17 81 32 53 62 22 58
5 23 18 44 12 52 26 45 46 21 42
4 17 135 84 98 146 131 96 214
6 39 97 80 67 185 26 192 100 149 189 79 215
4 43 61 78 34 102 69 80 92
5 14 -9 81 -20 121 13 79 66 6 60
5 34 29 71 20 119 52 68 106 8 99
6 -5 27 6 6 36 16 40 29 36 47 17 41
4 127 28 175 94 114 153 54 105
3 11 -10 49 26 16 39
3 39 41 75 49 38 75
6 22 3 39 12 71 30 47 47 17 48 -2 31
3 26 3 104 47 33 64
