55
1000 1000
7 19 33 24 13 39 27 64 41 48 62 28 69 6 52
3 56 51 113 82 52 127
8 3 16 15 1 29 -3 56 -5 47 14 47 32 33 44 11 33
5 20 23 48 20 87 49 46 73 12 63
6 29 18 43 20 55 32 45 47 25 44 13 33
3 295 74 401 133 286 196
8 9 45 49 -7 102 -8 135 -3 176 47 134 96 104 112 46 95
7 8 132 34 72 131 100 127 165 107 219 57 224 -31 198
6 11 40 27 21 55 26 70 48 51 62 30 57
6 2 28 7 3 31 19 52 33 33 47 14 47
3 65 83 128 110 47 155
4 9 49 30 30 48 52 34 70
7 -3 47 54 25 89 17 134 75 100 100 62 109 14 87
7 22 39 60 32 100 43 122 64 104 100 58 135 24 94
7 21 17 21 -7 44 4 55 22 42 29 28 46 6 32
7 37 30 51 -20 105 17 98 45 92 80 64 103 7 78
5 19 33 72 40 139 67 91 136 41 85
4 68 -1 98 61 63 79 5 56
4 90 152 139 109 198 163 131 223
7 12 21 32 13 43 12 57 27 49 48 28 53 11 44
6 83 73 150 62 183 128 157 184 67 183 39 131
7 41 136 104 132 156 157 220 215 174 270 106 306 73 236
4 140 35 200 80 133 127 80 90
4 -27 45 47 6 142 56 59 107
3 10 13 70 40 21 62
6 -3 5 23 7 28 24 18 39 3 36 -8 25
8 39 45 61 35 79 45 81 69 77 83 62 81 48 76 49 65
3 28 14 77 44 30 65
7 5 9 21 3 30 9 45 16 34 33 21 30 8 22
6 62 96 145 83 153 144 128 219 61 212 25 165
7 37 10 54 -5 77 -8 78 21 65 37 49 56 35 31
3 19 -2 60 24 15 42
5 12 13 60 1 68 36 55 59 11 55
4 26 -13 46 17 23 36 1 16
4 -22 70 61 33 120 75 59 119
3 167 128 325 202 141 283
3 11 -10 50 18 15 35
8 19 -4 41 -8 80 -8 103 24 69 61 48 67 19 56 1 37
5 67 45 112 33 150 79 125 117 64 111
8 100 157 132 140 174 152 199 188 170 216 141 223 122 208 91 189
7 100 91 128 60 165 57 196 116 172 151 126 158 107 128
8 32 134 39 99 69 85 115 109 109 141 111 174 77 180 22 171
8 8 95 14 78 40 63 66 61 66 95 62 115 40 127 8 128
7 30 79 50 67 65 70 84 84 68 111 53 107 26 99
4 9 25 92 -26 150 38 83 79
8 37 38 56 37 80 41 87 53 75 75 52 79 29 76 37 58
6 55 123 86 94 120 93 150 122 124 167 75 166
7 60 61 69 50 89 57 92 69 91 91 77 88 50 78
6 14 -4 35 -2 57 29 32 42 9 48 -3 26
5 -4 14 97 7 148 82 101 200 -3 116
3 136 99 197 117 123 156
5 -5 6 15 -1 23 12 9 24 -6 23
3 86 23 168 79 80 135
6 14 -2 27 0 48 11 31 28 15 29 -6 15
8 38 61 64 55 85 66 108 92 91 117 69 132 32 117 16 99
