55
1000 1000
3 21 5 61 22 11 47
8 25 100 29 83 60 57 116 54 109 97 89 148 67 155 1 149
4 169 217 224 168 290 204 223 286
4 9 19 26 6 45 18 24 38
3 21 34 81 58 16 105
6 12 -4 44 -4 45 21 36 29 23 33 4 17
5 79 67 155 47 171 100 152 162 96 142
8 83 105 114 90 141 100 145 145 140 187 113 187 80 157 65 145
3 83 125 288 227 99 267
5 62 12 101 -21 139 45 97 86 48 60
6 63 28 85 29 101 55 84 69 54 71 43 56
3 97 32 185 56 101 101
3 209 114 331 176 211 228
8 14 9 27 5 50 15 54 31 47 40 30 43 12 43 4 27
4 35 -5 59 15 34 30 3 18
4 132 60 172 114 138 145 108 110
3 12 21 56 51 9 77
5 10 -7 71 -20 149 38 70 90 12 91
4 193 373 277 290 340 376 279 475
5 27 46 98 17 173 75 109 143 29 147
4 7 26 30 1 59 29 28 50
3 41 22 84 55 45 82
5 7 11 36 8 65 18 42 38 15 38
3 5 7 101 59 -4 105
3 121 43 166 63 116 120
6 36 19 94 23 107 70 108 107 36 115 14 72
6 21 3 42 6 62 20 42 38 23 44 4 25
3 15 2 56 30 9 63
3 79 66 174 111 49 178
5 83 29 108 27 136 36 114 79 77 54
7 4 -3 24 -12 31 1 36 11 37 30 21 25 12 18
3 0 2 67 37 13 49
5 31 14 59 2 85 26 53 46 23 53
6 38 55 55 32 88 25 116 61 86 85 55 88
5 64 61 83 52 99 76 85 87 65 83
4 96 122 152 181 89 233 28 189
6 45 -18 102 -29 148 39 91 64 60 74 27 45
6 29 16 53 -7 79 31 53 63 25 48 10 33
8 66 93 123 77 196 87 227 120 183 181 133 189 58 189 51 151
6 -1 -10 39 15 61 30 41 60 5 68 -15 33
6 10 14 36 -4 71 -5 101 18 69 54 36 50
6 18 32 23 13 55 12 57 34 56 64 28 58
8 1 11 14 6 22 12 29 18 21 27 13 34 3 33 -4 23
5 48 86 111 64 155 121 99 153 31 138
8 2 11 33 -21 39 8 51 27 40 54 27 50 4 50 -13 29
8 56 141 133 88 158 159 197 177 161 237 115 256 65 261 71 189
5 195 166 279 141 329 220 292 347 218 250
5 22 9 45 1 63 17 42 40 8 35
4 31 151 109 95 246 166 111 236
7 125 186 161 156 204 175 240 213 211 261 166 248 138 236
7 32 43 69 25 99 17 119 56 98 85 57 95 30 72
3 24 11 57 40 20 69
5 50 36 125 11 153 67 109 108 59 89
7 10 7 30 -1 42 9 63 18 38 33 29 39 3 28
8 7 15 20 5 28 23 33 35 28 41 23 58 7 51 6 34
