55
1000 1000
8 53 103 105 106 149 119 156 165 124 178 108 199 75 175 50 151
3 484 477 665 553 467 642
5 76 132 138 116 177 147 137 201 71 185
6 8 29 14 22 35 7 54 37 36 51 17 47
3 279 183 408 235 285 295
3 244 91 309 119 225 174
4 -32 32 28 -6 83 38 19 91
5 30 29 53 1 87 47 56 61 32 52
7 -7 25 27 -10 69 -4 89 32 75 67 24 85 -6 73
7 -5 7 22 3 37 10 45 26 37 42 21 40 -5 30
5 50 48 85 42 105 59 84 81 54 74
8 8 13 14 1 28 4 39 5 57 16 39 29 27 29 16 25
5 15 16 37 9 59 32 39 46 13 42
8 10 6 28 13 43 11 46 30 36 38 30 57 9 42 -6 29
5 17 35 77 11 101 67 64 109 17 85
5 3 36 23 34 35 49 24 65 1 57
5 25 54 76 37 154 61 70 125 0 110
4 24 38 60 10 86 42 60 72
6 21 15 38 8 60 34 34 50 20 46 -6 34
7 18 55 41 33 55 42 55 63 57 75 34 90 30 67
3 52 22 160 54 57 141
3 81 20 150 64 75 105
6 11 -9 32 6 49 26 36 44 11 44 1 22
6 38 57 86 84 136 110 98 170 45 141 6 122
8 19 18 46 6 81 13 103 42 72 72 45 79 21 72 -5 46
5 125 35 184 12 229 55 174 105 124 103
4 123 131 164 68 209 139 170 214
5 22 90 103 75 189 142 120 229 33 208
5 36 -1 81 -24 132 21 90 68 19 63
4 51 -26 155 61 57 150 -26 71
6 13 9 29 6 38 23 24 43 1 42 2 25
3 121 190 199 220 77 322
8 139 156 185 143 234 173 260 194 230 253 194 261 161 247 122 213
4 201 167 270 233 206 301 169 241
7 19 34 27 15 60 18 68 41 49 58 26 69 22 50
4 38 134 99 113 137 152 100 217
7 4 72 35 52 69 64 89 95 62 114 34 122 9 103
5 3 25 26 9 46 33 31 68 -1 56
7 239 253 271 195 354 197 380 264 320 338 279 380 210 302
4 17 89 77 -34 160 97 73 204
4 11 88 78 47 141 96 67 162
7 40 27 50 13 76 21 89 42 73 52 52 63 31 50
5 60 84 137 80 178 114 145 163 90 139
4 -11 30 12 15 34 28 14 53
7 -22 42 35 19 71 26 112 65 68 106 29 123 -21 86
4 3 19 38 -4 62 22 38 43
4 221 125 280 228 225 289 129 243
4 18 34 37 23 63 38 42 51
3 31 21 68 39 31 63
8 12 36 32 20 49 36 62 55 47 66 32 78 21 70 2 54
5 18 7 30 1 49 12 30 27 11 27
3 51 80 111 99 43 135
6 -19 -30 66 -11 87 30 47 77 7 68 -2 33
8 3 14 17 0 28 15 26 27 26 36 14 48 -6 40 -6 28
7 145 101 196 64 226 67 255 126 231 153 186 159 142 156
