40
1000 1000
4 45 54 98 10 137 67 103 127
6 117 54 159 49 190 87 157 130 127 126 106 91
8 15 60 50 55 91 58 72 87 85 119 51 143 33 104 3 99
7 16 11 24 -2 41 -1 41 15 33 27 24 40 13 20
3 27 18 116 72 10 135
7 9 11 16 4 27 9 42 11 35 28 20 27 9 22
7 0 15 14 12 25 14 31 26 27 35 11 37 3 29
3 55 16 181 104 61 142
5 110 41 200 8 225 82 191 133 116 109
5 131 92 211 75 271 155 200 204 106 194
5 8 17 29 10 43 30 27 48 6 41
6 16 45 96 24 108 89 81 172 7 127 -20 96
8 -4 51 -5 20 37 19 59 20 70 57 50 73 37 102 20 68
7 13 123 42 103 84 112 131 134 91 189 41 203 26 152
5 27 11 58 13 72 37 52 57 26 49
8 12 19 25 16 32 20 39 26 36 41 26 41 15 36 7 30
3 27 -31 119 39 36 89
5 70 211 158 190 210 270 160 392 76 339
8 36 88 57 34 125 68 135 117 91 143 54 168 7 155 30 112
8 -8 6 17 7 30 6 47 32 34 56 14 54 -2 49 -19 32
4 -5 25 30 5 58 30 32 50
7 45 60 81 48 124 38 139 76 139 124 89 123 37 99
7 17 23 36 1 53 16 62 27 54 39 34 59 15 44
7 169 65 194 54 244 50 232 87 222 111 180 151 156 122
6 120 166 131 132 172 138 197 179 184 217 138 217
6 16 41 28 35 36 35 54 40 41 57 20 63
7 14 15 22 5 46 9 51 23 42 40 24 41 11 36
4 -7 34 45 -20 71 45 52 83
4 104 67 130 82 102 101 78 89
7 14 16 26 10 44 9 60 22 46 46 26 38 4 40
7 13 13 34 -9 53 13 62 25 58 52 23 70 7 39
5 7 12 21 2 37 22 19 30 3 26
6 15 31 35 33 42 45 30 67 12 61 3 52
8 52 121 62 40 124 44 170 77 176 126 168 191 127 193 70 183
6 18 46 42 28 65 21 88 56 62 70 37 68
8 15 34 44 37 78 43 85 63 75 95 39 90 24 89 10 66
5 28 40 46 35 59 50 42 72 21 67
8 8 23 14 16 19 15 28 12 36 23 29 34 20 44 9 34
3 70 12 133 35 69 73
3 17 11 51 41 16 62
