55
1000 1000
4 5 20 27 5 61 24 27 56
3 64 39 96 60 69 80
8 -1 23 19 4 27 24 39 33 38 63 17 69 -9 58 -20 39
7 45 51 68 42 89 37 94 62 89 78 67 97 56 67
7 18 27 31 22 55 24 61 38 55 57 34 58 16 47
3 62 5 153 40 57 103
6 19 56 38 16 80 30 127 48 82 100 33 102
5 30 58 52 48 71 75 55 102 27 82
8 12 165 43 136 97 99 142 132 186 189 142 231 100 253 43 216
5 51 77 116 35 172 115 118 160 18 133
3 27 6 78 24 22 57
7 -15 24 29 -8 59 -3 67 37 56 62 17 74 -13 66
5 82 50 137 30 181 74 122 117 70 117
4 8 36 34 10 65 41 39 66
3 4 -5 121 60 21 106
4 13 64 53 36 100 77 60 103
5 13 9 34 8 46 19 34 36 14 29
6 38 88 57 76 74 80 80 92 73 110 56 115
6 36 39 43 11 84 24 111 46 95 77 63 62
5 -9 73 86 61 165 114 75 209 11 169
8 70 38 121 25 181 37 213 91 168 124 127 163 32 183 23 110
7 19 71 33 66 56 64 62 86 53 103 35 121 23 97
3 35 19 93 45 28 90
8 55 72 75 44 111 66 133 87 123 122 85 122 62 110 46 94
4 24 9 61 26 30 57 -2 33
3 31 -4 86 28 31 59
7 30 46 44 39 67 44 76 59 60 71 43 77 29 64
3 34 39 161 107 38 163
5 139 157 225 143 283 192 224 247 160 250
3 40 25 122 93 67 143
8 7 30 18 14 33 14 51 17 54 35 44 46 29 49 15 50
5 46 24 96 26 111 61 101 113 58 86
6 1 -8 24 4 47 26 25 44 -2 44 -6 24
5 41 54 74 29 109 73 76 136 10 122
8 21 221 74 173 127 169 161 180 183 212 188 299 110 330 59 297
3 42 101 147 166 51 226
3 79 59 135 76 76 104
6 63 -43 168 -24 211 26 166 114 94 97 21 54
6 34 22 55 29 56 41 51 56 36 59 30 42
5 204 184 263 165 321 206 252 239 218 219
5 12 7 66 -10 99 22 65 72 9 60
3 17 26 115 67 12 117
8 0 10 12 1 33 3 43 27 29 41 14 36 6 35 -1 25
7 3 10 12 -2 22 6 30 16 22 21 11 36 -1 20
3 5 14 92 60 30 97
6 3 0 51 24 88 51 52 74 23 68 11 49
4 69 51 78 32 100 46 79 79
6 1 0 52 13 76 48 56 93 6 84 3 50
7 19 18 27 5 49 10 45 25 41 36 28 48 13 34
4 1 27 40 5 63 37 39 63
4 313 169 405 72 534 207 417 254
6 14 44 42 16 92 4 120 50 86 97 43 96
5 10 8 27 -11 44 14 23 31 8 21
6 6 67 21 43 74 23 73 71 76 108 34 95
4 1 34 25 6 50 43 13 73
