0.892630 0.833530 0.783540 0.740891 0.704254 0.672614 0.645182 0.621338 0.600589 0.582539 0.566868 0.553317 0.541672 0.531762 0.523447 0.516613 0.511171 0.507051 0.504202 0.502589 0.502192 0.503006 0.505042 0.508324 0.512893 0.518805 0.526138 0.534988 0.545478 0.557758 0.572013 0.588471 0.607411 0.629177 0.654195 0.682998 0.716260 0.754839 0.799847 0.852747 0.915502 0.990803 0.971034 0.888766 0.821173 0.764847 0.717370 0.676977 0.642356 0.612508 0.586661 0.564211 0.544680 0.527684 0.512916 0.500123 0.489103 0.479688 0.471745 0.465162 0.459853 0.455750 0.452800 0.450968 0.450230 0.450579 0.452018 0.454565 0.458251 0.463122 0.469241 0.476687 0.485561 0.495990 0.508128 0.522165 0.538332 0.556917 0.578274 0.602845 0.631185 0.663999 0.702196 0.746966 0.799892 0.863127 0.939677 1.000000 0.924425 0.861400 0.808244 0.762997 0.724201 0.690742 0.661762 0.636588 0.614686 0.595627 0.579068 0.564729 0.552381 0.541839 0.532952 0.525597 0.519678 0.515117 0.511858 0.509861 0.509101 0.509569 0.511271 0.514227 0.518473 0.524064 0.531070 0.539583 0.549719 0.561622 0.575470 0.591478 0.609914 0.631105 0.655458 0.683479 0.715803 0.753242 0.796838 0.847960 19151.000000 1.176139 0.598599
0.797065 0.886006 1.000000 0.942044 0.854435 0.783461 0.724987 0.676151 0.634912 0.599776 0.569625 0.543607 0.521063 0.501474 0.484430 0.469600 0.456718 0.445570 0.435978 0.427799 0.420916 0.415236 0.410684 0.407200 0.404743 0.403280 0.402795 0.403281 0.404744 0.407203 0.410688 0.415241 0.420922 0.427805 0.435986 0.445579 0.456729 0.469612 0.484444 0.501491 0.521082 0.543629 0.569650 0.599805 0.634946 0.676191 0.725035 0.691934 0.662242 0.636463 0.614040 0.594527 0.577564 0.562861 0.550180 0.539329 0.530150 0.522515 0.516324 0.511496 0.507969 0.505701 0.504663 0.504844 0.506244 0.508882 0.512788 0.518014 0.524623 0.532703 0.542363 0.553739 0.566997 0.582343 0.600028 0.620363 0.643730 0.670604 0.701584 0.737427 0.779108 0.827897 0.858837 0.775502 0.708465 0.653544 0.607885 0.569472 0.536841 0.508906 0.484846 0.464025 0.445948 0.430225 0.416542 0.404648 0.394337 0.385445 0.377835 0.371396 0.366041 0.361697 0.358308 0.355831 0.354235 0.353502 0.353622 0.354596 0.356437 0.359167 0.362820 0.367442 0.373094 0.379852 0.387811 0.397087 0.407825 0.420200 0.434428 0.450779 0.469583 0.491260 0.516339 0.545501 0.579634 0.619918 0.667948 0.725941 3374.000000 1.511064 0.567898
0.586371 0.576191 0.567703 0.560792 0.555370 0.551367 0.548734 0.547438 0.547465 0.548813 0.551501 0.555559 0.561039 0.568011 0.576565 0.586815 0.598905 0.604093 0.610621 0.618799 0.628734 0.640562 0.654451 0.670606 0.689281 0.710788 0.735510 0.763919 0.796608 0.834319 0.847084 0.779243 0.723075 0.675979 0.636081 0.602000 0.572695 0.547368 0.525399 0.506297 0.489674 0.475217 0.462671 0.452024 0.455354 0.459851 0.465570 0.472586 0.480993 0.490908 0.502477 0.515878 0.531327 0.549095 0.569511 0.592987 0.620041 0.651325 0.687678 0.730192 0.780313 0.839994 0.911940 1.000000 0.955957 0.895518 0.844180 0.800232 0.762380 0.729625 0.701188 0.676453 0.654928 0.636216 0.619996 0.606005 0.588912 0.567967 0.549740 0.533893 0.520151 0.508293 0.498137 0.489535 0.482367 0.476538 0.471971 0.468609 0.466411 0.465348 0.465410 0.466595 0.468919 0.472411 0.476938 0.482718 0.489834 0.498382 0.508481 0.520276 0.533949 0.549719 0.567859 0.588704 0.612670 0.640278 0.672187 0.709242 0.752538 0.803527 0.864160 0.937133 0.927416 0.877583 0.834741 0.797719 0.765608 0.737690 0.713395 0.692264 0.673925 0.658077 0.644475 0.632917 0.623242 0.615318 0.609041 0.598384 3825.500000 1.142025 0.638538
0.619323 0.620967 0.624128 0.628843 0.635172 0.626585 0.619331 0.613705 0.609636 0.607073 0.605985 0.606359 0.608200 0.611530 0.616389 0.622839 0.630961 0.640863 0.652677 0.666571 0.682751 0.701467 0.723029 0.746279 0.730212 0.716512 0.704984 0.695470 0.687845 0.682010 0.677892 0.675442 0.674628 0.675442 0.677892 0.682010 0.687845 0.695470 0.704984 0.716512 0.730212 0.746279 0.764953 0.786528 0.811368 0.839917 0.813312 0.785641 0.761565 0.740651 0.722550 0.706976 0.693694 0.682516 0.673289 0.665891 0.660227 0.656226 0.653839 0.653036 0.653809 0.656166 0.660137 0.665769 0.673134 0.682326 0.693466 0.706707 0.722237 0.740289 0.761146 0.785160 0.812759 0.778766 0.743777 0.713442 0.687074 0.664129 0.644169 0.626839 0.611853 0.598976 0.588017 0.578822 0.571264 0.565246 0.560690 0.557539 0.555754 0.555315 0.556215 0.558465 0.562094 0.567145 0.573683 0.581791 0.591576 0.603175 0.616753 0.632516 0.650714 0.671656 0.695723 0.723386 0.755234 0.792012 0.834670 0.884436 0.942928 1.000000 0.942468 0.893231 0.850831 0.814146 0.782300 0.754602 0.730498 0.709542 0.691374 0.675700 0.662282 0.650924 0.641468 0.633788 0.627784 0.623380 0.620522 0.619175 1970.000000 1.210115 0.797834
0.645713 0.668245 0.694140 0.723937 0.758316 0.793899 0.771591 0.752265 0.735612 0.721381 0.709366 0.699403 0.691358 0.685127 0.680633 0.677820 0.676654 0.677120 0.679224 0.682991 0.688469 0.695724 0.704851 0.715967 0.729225 0.744811 0.762957 0.783944 0.808121 0.835914 0.867852 0.854122 0.814797 0.780731 0.751136 0.725387 0.702982 0.683517 0.666664 0.652155 0.639772 0.629339 0.620712 0.613777 0.608445 0.604649 0.602342 0.601496 0.602101 0.604164 0.607710 0.612783 0.619447 0.627786 0.637910 0.649958 0.664100 0.680547 0.699558 0.721450 0.746612 0.775529 0.763877 0.735393 0.710608 0.689044 0.670318 0.654117 0.640186 0.628319 0.618346 0.610132 0.603568 0.598570 0.595076 0.593044 0.592447 0.593280 0.595551 0.599290 0.604541 0.611371 0.619867 0.630142 0.642337 0.656627 0.673226 0.692397 0.714463 0.739823 0.768971 0.802522 0.841253 0.886155 0.938510 1.000000 0.974439 0.908277 0.852452 0.804918 0.764149 0.728983 0.698519 0.672054 0.649027 0.628991 0.611585 0.596514 0.583540 0.572468 0.563140 0.555427 0.549229 0.544464 0.541073 0.539015 0.538265 0.538813 0.540665 0.543845 0.548392 0.554362 0.561832 0.570900 0.581690 0.594356 0.609085 0.626109 6869.000000 1.273250 0.757020
0.849529 0.805856 0.768214 0.735625 0.707323 0.682702 0.661276 0.642656 0.626523 0.612621 0.600738 0.590703 0.582377 0.575651 0.570437 0.566669 0.564301 0.563305 0.563667 0.565393 0.568503 0.573036 0.579048 0.586615 0.595837 0.606840 0.619777 0.634841 0.652265 0.672339 0.692406 0.661886 0.635409 0.612388 0.592353 0.574929 0.559811 0.546751 0.535547 0.526035 0.518081 0.511578 0.506442 0.502606 0.500024 0.498663 0.498507 0.499555 0.501818 0.505325 0.510118 0.516260 0.523828 0.532924 0.543675 0.556236 0.570799 0.587598 0.606923 0.629129 0.654659 0.684067 0.718052 0.757510 0.803606 0.857875 0.922389 1.000000 0.960118 0.891472 0.833862 0.785023 0.743279 0.707369 0.676323 0.649387 0.625964 0.605580 0.587853 0.572474 0.559193 0.547803 0.538139 0.530064 0.523471 0.518273 0.514405 0.511817 0.510479 0.510374 0.511502 0.513875 0.517523 0.522490 0.528841 0.536656 0.546041 0.557126 0.560403 0.550051 0.541356 0.534198 0.528484 0.524140 0.521112 0.519363 0.518871 0.519631 0.521651 0.524957 0.529589 0.535606 0.543084 0.552122 0.562846 0.575408 0.589998 0.606846 0.626238 0.648524 0.674139 0.703626 0.737668 0.777139 0.823169 0.877240 0.941341 0.900501 1948.500000 1.540101 0.698539
0.660531 0.664958 0.671071 0.670304 0.666593 0.664516 0.664046 0.665178 0.667926 0.672323 0.678424 0.686304 0.696067 0.707841 0.721790 0.738112 0.757057 0.778925 0.804089 0.833007 0.866247 0.904520 0.948722 1.000000 0.970329 0.930343 0.895594 0.865357 0.839050 0.816204 0.796438 0.779439 0.764955 0.752779 0.742747 0.734725 0.728612 0.724329 0.717128 0.706274 0.697398 0.690385 0.685147 0.681616 0.679751 0.679529 0.680947 0.684022 0.688792 0.695316 0.703676 0.713980 0.726367 0.741008 0.758115 0.777948 0.800829 0.827150 0.857395 0.892166 0.932218 0.893860 0.857975 0.826776 0.799624 0.776009 0.755517 0.737811 0.722617 0.709711 0.698913 0.690075 0.683083 0.677849 0.674306 0.672411 0.672142 0.673494 0.676485 0.681152 0.687550 0.695763 0.705894 0.718081 0.732492 0.749335 0.768866 0.791401 0.817325 0.847115 0.831450 0.816932 0.804818 0.794945 0.787185 0.781439 0.777637 0.775730 0.775698 0.777538 0.781274 0.786951 0.794639 0.804436 0.816470 0.830900 0.847930 0.867806 0.890835 0.917389 0.917044 0.876168 0.840719 0.809903 0.783085 0.759759 0.739511 0.722010 0.706981 0.694203 0.683497 0.674716 0.667747 0.662500 0.658909 0.656931 0.656542 0.657738 10976.500000 1.153821 0.826747
0.772204 0.784470 0.799088 0.816266 0.836256 0.823712 0.805621 0.790171 0.777139 0.766346 0.757649 0.750936 0.746123 0.743149 0.741980 0.742601 0.745019 0.749264 0.755387 0.763466 0.773604 0.785933 0.800621 0.817877 0.837957 0.861173 0.887913 0.893024 0.879932 0.869282 0.860936 0.854788 0.850762 0.848810 0.848907 0.851054 0.855278 0.861630 0.870189 0.881064 0.894396 0.910365 0.929193 0.951157 0.976593 0.963808 0.916909 0.876376 0.841216 0.810645 0.784042 0.760903 0.740825 0.723477 0.708591 0.695949 0.685371 0.676716 0.669871 0.664748 0.661284 0.659436 0.659183 0.660520 0.663464 0.668051 0.674337 0.682403 0.692352 0.704317 0.718465 0.734999 0.754173 0.776293 0.801740 0.830982 0.864599 0.903319 0.948061 1.000000 0.993483 0.955562 0.922569 0.893861 0.868915 0.847310 0.828701 0.812808 0.799402 0.788300 0.779354 0.772449 0.767498 0.764439 0.763236 0.763875 0.766362 0.770729 0.777028 0.785338 0.795766 0.808448 0.823558 0.841308 0.861962 0.885844 0.913350 0.944969 0.965110 0.928200 0.896089 0.868147 0.843866 0.822834 0.804717 0.789241 0.776184 0.765365 0.756642 0.749901 0.745059 0.742055 0.740852 0.741437 0.743816 0.748019 0.754096 0.762123 609.500000 1.169811 0.837355
0.998977 0.930748 0.873212 0.824246 0.782264 0.746061 0.714707 0.687472 0.663776 0.643157 0.625241 0.609726 0.596364 0.584954 0.575332 0.567367 0.560952 0.556004 0.552463 0.550284 0.549440 0.549922 0.551735 0.554901 0.559459 0.565467 0.573000 0.582158 0.593065 0.605876 0.620782 0.638015 0.657863 0.680677 0.706895 0.737061 0.740694 0.718018 0.698322 0.681274 0.666607 0.654101 0.643577 0.634892 0.627930 0.622603 0.618845 0.616607 0.615865 0.616607 0.618845 0.622603 0.627930 0.634892 0.643577 0.654101 0.666607 0.681274 0.698322 0.718018 0.740694 0.766757 0.796709 0.831181 0.870964 0.917067 0.970793 0.940068 0.884554 0.837135 0.796362 0.761125 0.730559 0.703984 0.680857 0.660743 0.643288 0.628206 0.615264 0.604270 0.595071 0.587541 0.581584 0.577122 0.574101 0.572484 0.572250 0.573397 0.575939 0.579907 0.585350 0.592337 0.600958 0.611327 0.623590 0.637923 0.654544 0.673721 0.665743 0.649797 0.636093 0.624428 0.614638 0.606588 0.600174 0.595313 0.591945 0.590028 0.589540 0.590473 0.592840 0.596669 0.602008 0.608923 0.617504 0.627864 0.640147 0.654528 0.671223 0.690501 0.712685 0.738180 0.767484 0.801222 0.840178 0.885359 0.938063 1.000000 1784.000000 1.419139 0.735544
0.779130 0.762476 0.748284 0.736352 0.726517 0.718650 0.712650 0.708442 0.705974 0.705216 0.706159 0.708815 0.713215 0.719415 0.727491 0.737547 0.749717 0.764167 0.781103 0.800781 0.823510 0.849674 0.879744 0.914305 0.954084 1.000000 0.990108 0.947738 0.910949 0.878948 0.851100 0.826893 0.805913 0.787822 0.772345 0.759259 0.748381 0.739568 0.732704 0.727703 0.724504 0.723067 0.723375 0.725431 0.729261 0.734912 0.742453 0.751981 0.763621 0.777529 0.793901 0.812979 0.835056 0.860498 0.888712 0.869112 0.852367 0.838236 0.826525 0.817077 0.809772 0.804518 0.801249 0.799925 0.800532 0.803075 0.807587 0.814122 0.822761 0.833616 0.846829 0.862578 0.881088 0.902631 0.892320 0.859705 0.831321 0.806633 0.785206 0.766688 0.750789 0.737277 0.725961 0.716687 0.709334 0.703809 0.700043 0.697989 0.697624 0.698941 0.701958 0.706711 0.713259 0.721684 0.732095 0.744631 0.759465 0.776812 0.796935 0.820156 0.846873 0.877574 0.912866 0.953510 0.989781 0.955296 0.925287 0.899207 0.876610 0.857135 0.840488 0.826428 0.814761 0.805332 0.798020 0.792731 0.789402 0.787991 0.788480 0.790877 0.795210 0.801533 0.809924 0.820489 0.833369 0.846644 0.820875 0.798495 7367.500000 1.066942 0.841960
0.601767 0.609985 0.619944 0.631781 0.645664 0.661802 0.680448 0.701916 0.726589 0.754945 0.787579 0.825240 0.868882 0.919736 0.934382 0.915430 0.899354 0.885931 0.874980 0.866358 0.859955 0.855693 0.853519 0.853406 0.855354 0.859386 0.865551 0.860375 0.832444 0.808154 0.787084 0.768890 0.753292 0.740062 0.729014 0.720001 0.712903 0.707633 0.704124 0.702333 0.702239 0.703840 0.707156 0.712227 0.719116 0.727911 0.738725 0.751704 0.767027 0.784919 0.805653 0.829564 0.856835 0.825995 0.799157 0.775817 0.755571 0.738088 0.723098 0.710382 0.699762 0.691095 0.684269 0.679196 0.675815 0.674082 0.673979 0.675502 0.678670 0.683524 0.690121 0.689570 0.690421 0.692947 0.697176 0.703162 0.710979 0.720727 0.732536 0.746567 0.763020 0.782141 0.804232 0.829664 0.858895 0.892488 0.931151 0.975773 1.000000 0.954136 0.914400 0.879877 0.849839 0.823703 0.800998 0.781344 0.764428 0.749998 0.737847 0.727809 0.719751 0.713570 0.709188 0.710401 0.719646 0.730919 0.744372 0.760196 0.778623 0.799941 0.824502 0.852737 0.885184 0.922507 0.857651 0.784425 0.724327 0.674291 0.632146 0.596312 0.590228 0.586652 0.584517 0.583800 0.584491 0.586599 0.590148 0.595183 673.500000 1.112990 0.774111
0.934124 0.981266 0.974667 0.938024 0.906140 0.878399 0.854303 0.833448 0.815504 0.800204 0.787330 0.776705 0.768188 0.761672 0.757073 0.754336 0.753428 0.754336 0.757073 0.761672 0.768188 0.776705 0.787330 0.800204 0.815504 0.833448 0.854303 0.878399 0.868597 0.850478 0.835071 0.822156 0.811561 0.803146 0.796803 0.792453 0.790044 0.789546 0.790952 0.794281 0.799572 0.806891 0.816330 0.828010 0.842088 0.858758 0.878259 0.900888 0.927005 0.906347 0.868758 0.836096 0.807677 0.782950 0.761473 0.742884 0.726890 0.713253 0.701777 0.692307 0.684716 0.678907 0.674808 0.672369 0.671559 0.672369 0.674808 0.678907 0.684716 0.692307 0.701777 0.713253 0.726890 0.742884 0.761473 0.782950 0.807677 0.836096 0.868758 0.906347 0.949728 1.000000 0.998340 0.968220 0.942068 0.919449 0.900007 0.883455 0.869557 0.858126 0.849010 0.842093 0.837288 0.834537 0.833806 0.835087 0.838394 0.843769 0.851277 0.856252 0.825712 0.799135 0.776026 0.755986 0.738690 0.723872 0.711317 0.700850 0.692330 0.685647 0.680716 0.677476 0.675886 0.675929 0.677605 0.680933 0.685955 0.692732 0.701352 0.711925 0.724594 0.739536 0.756970 0.777163 0.800443 0.827217 0.857981 0.893357 1157.000000 1.168149 0.834746
0.787384 0.770406 0.755927 0.743741 0.733682 0.725615 0.719438 0.715074 0.712468 0.711589 0.712427 0.714991 0.719313 0.725445 0.728186 0.699884 0.675266 0.653843 0.635220 0.619079 0.605160 0.593251 0.583179 0.574805 0.568017 0.562727 0.558869 0.556395 0.555274 0.555494 0.557056 0.559980 0.552409 0.544164 0.537438 0.532142 0.528209 0.525591 0.524256 0.524187 0.525383 0.527860 0.531647 0.536791 0.543357 0.551431 0.561121 0.568963 0.572028 0.576523 0.582503 0.590044 0.599247 0.610234 0.623160 0.638218 0.655639 0.675712 0.698789 0.725307 0.755810 0.790981 0.831686 0.879040 0.934500 1.000000 0.951234 0.902908 0.861229 0.825128 0.793767 0.766482 0.742740 0.722113 0.704250 0.688870 0.675740 0.664673 0.655516 0.628866 0.605480 0.585131 0.567427 0.552053 0.538755 0.527322 0.517586 0.509408 0.502676 0.497302 0.493218 0.490372 0.488729 0.488191 0.488498 0.489987 0.492675 0.496596 0.501798 0.508348 0.516332 0.525858 0.537060 0.550103 0.565192 0.582574 0.602557 0.603649 0.603748 0.605306 0.608341 0.612890 0.619011 0.626780 0.636299 0.647696 0.661131 0.676799 0.694944 0.715860 0.739912 0.767549 0.799332 0.835962 0.878328 0.856157 0.829913 0.807116 4870.000000 1.349112 0.804894
0.942179 0.892712 0.850126 0.813288 0.781314 0.753506 0.729306 0.708265 0.690020 0.674275 0.660788 0.649365 0.639845 0.632100 0.626031 0.621561 0.618634 0.617214 0.614590 0.612866 0.612624 0.613861 0.616590 0.620847 0.626683 0.634172 0.643411 0.654523 0.667662 0.683019 0.700827 0.721373 0.745009 0.772170 0.803395 0.836508 0.800949 0.770069 0.743206 0.719830 0.699513 0.681909 0.666737 0.653765 0.642808 0.633713 0.626360 0.620654 0.616522 0.617402 0.627100 0.638671 0.652277 0.668121 0.686448 0.707562 0.731834 0.759727 0.791813 0.828813 0.871644 0.921484 0.979872 0.951990 0.920814 0.893700 0.870173 0.849849 0.832411 0.817605 0.805223 0.795096 0.787094 0.781115 0.777083 0.774950 0.774690 0.776300 0.763453 0.734811 0.709889 0.688206 0.669372 0.653074 0.639053 0.627101 0.617046 0.608753 0.602110 0.597034 0.593461 0.591346 0.590664 0.591407 0.593583 0.597220 0.602361 0.603343 0.605532 0.609210 0.614423 0.621234 0.629733 0.640030 0.652268 0.666619 0.683300 0.702573 0.724761 0.726226 0.724393 0.724311 0.725977 0.729412 0.734658 0.741780 0.750868 0.762040 0.775446 0.791272 0.809749 0.831160 0.855852 0.884252 0.916885 0.954407 0.997637 1.000000 992.000000 1.220849 0.791202
0.828032 0.797052 0.770096 0.746643 0.726274 0.708649 0.693490 0.680572 0.669709 0.660755 0.653591 0.648125 0.644290 0.642037 0.641339 0.642188 0.644595 0.648587 0.654216 0.661551 0.670686 0.681742 0.694872 0.710261 0.728141 0.748796 0.772572 0.799897 0.831303 0.867450 0.909174 0.957538 1.000000 0.945659 0.898974 0.858653 0.823692 0.793304 0.766859 0.743855 0.723885 0.706616 0.691779 0.679156 0.668566 0.659867 0.652944 0.647709 0.644097 0.642063 0.641583 0.642650 0.645278 0.649499 0.655365 0.662949 0.672349 0.683691 0.697130 0.712860 0.731118 0.752196 0.776451 0.804324 0.836364 0.867174 0.838299 0.813182 0.791377 0.772523 0.756327 0.742548 0.730991 0.721500 0.713950 0.708246 0.704314 0.702109 0.701602 0.702788 0.705681 0.710316 0.716750 0.725065 0.735367 0.747793 0.762516 0.779746 0.799743 0.822828 0.849393 0.879920 0.915010 0.899900 0.860592 0.826482 0.796819 0.771005 0.748558 0.729087 0.712276 0.697867 0.685647 0.675448 0.667131 0.660588 0.655737 0.652518 0.650890 0.650834 0.652349 0.655455 0.660188 0.666608 0.674795 0.684856 0.696926 0.711174 0.727806 0.747077 0.769301 0.794861 0.824231 0.858002 0.896911 0.941893 0.904817 0.863681 4820.000000 1.071401 0.776848
0.677194 0.648159 0.622951 0.601023 0.581941 0.565353 0.550976 0.538577 0.527967 0.518994 0.511532 0.505482 0.500766 0.497324 0.497246 0.498688 0.501350 0.505264 0.510480 0.517062 0.525099 0.534697 0.545993 0.559152 0.574380 0.591926 0.612098 0.635279 0.661941 0.692682 0.728257 0.769639 0.777575 0.761674 0.748177 0.736894 0.727674 0.720395 0.714966 0.711319 0.709410 0.709214 0.710731 0.713977 0.718994 0.725842 0.734609 0.745408 0.758384 0.742171 0.705404 0.673654 0.646128 0.622204 0.601385 0.583274 0.567549 0.553949 0.542262 0.532313 0.523963 0.517097 0.511625 0.507477 0.504602 0.502965 0.502544 0.503336 0.505350 0.514840 0.528018 0.543231 0.560738 0.580857 0.603983 0.630608 0.661356 0.697021 0.738633 0.787547 0.845580 0.915226 1.000000 0.921732 0.822833 0.744720 0.681652 0.629831 0.586646 0.550244 0.519273 0.493499 0.489173 0.486083 0.484191 0.483474 0.483923 0.485544 0.488356 0.492394 0.497708 0.504367 0.512457 0.522090 0.533401 0.546559 0.561770 0.579288 0.599423 0.622563 0.649188 0.679903 0.715478 0.741277 0.740658 0.741825 0.744793 0.749598 0.756299 0.764980 0.775754 0.788763 0.804186 0.822244 0.843210 0.795187 0.749695 0.710746 1554.000000 1.025194 0.663113
0.830205 0.767724 0.715593 0.671606 0.634154 0.602031 0.574323 0.550320 0.529468 0.511325 0.495538 0.481823 0.469949 0.459726 0.451002 0.443652 0.437575 0.432691 0.428936 0.426264 0.424642 0.424049 0.424480 0.425938 0.428443 0.432024 0.436726 0.442610 0.449752 0.458251 0.468228 0.479830 0.493240 0.508681 0.526431 0.546828 0.570299 0.597379 0.628750 0.665289 0.708148 0.758864 0.819531 0.893079 0.983734 0.988301 0.914679 0.853178 0.801236 0.756974 0.718987 0.686205 0.657798 0.633114 0.611635 0.592948 0.576717 0.562670 0.550586 0.540284 0.531618 0.524469 0.518744 0.514367 0.511285 0.509460 0.508869 0.509506 0.511378 0.514508 0.518934 0.524712 0.531916 0.540641 0.551006 0.563161 0.577285 0.593603 0.612389 0.633980 0.658794 0.687353 0.720314 0.758514 0.803037 0.841016 0.790166 0.746811 0.709587 0.677452 0.649599 0.625392 0.604329 0.586003 0.570090 0.556323 0.544485 0.534402 0.525929 0.518952 0.513377 0.509135 0.506172 0.504451 0.503952 0.504668 0.506609 0.509797 0.514273 0.520092 0.527329 0.536080 0.546465 0.558633 0.572766 0.589089 0.607877 0.629469 0.654286 0.682853 0.715831 0.754065 0.798646 0.851009 0.913075 0.987471 1.000000 0.906134 13132.000000 1.289511 0.589906
0.528329 0.532078 0.537184 0.543712 0.551745 0.561392 0.572787 0.586096 0.601521 0.619313 0.639777 0.663292 0.690328 0.721474 0.757475 0.799283 0.848139 0.905681 0.974115 1.000000 0.917091 0.848765 0.791689 0.743485 0.702408 0.667156 0.636734 0.610371 0.587464 0.567532 0.550189 0.535127 0.522091 0.510877 0.501316 0.493274 0.486639 0.481325 0.477262 0.474401 0.472707 0.472157 0.472747 0.474482 0.476013 0.475950 0.477036 0.479284 0.482722 0.487392 0.493354 0.500684 0.509482 0.519868 0.531996 0.546049 0.562257 0.580899 0.602319 0.626948 0.655324 0.688126 0.726226 0.770759 0.823222 0.885639 0.960802 0.926718 0.869742 0.821231 0.779624 0.743735 0.712647 0.685638 0.662139 0.641692 0.623928 0.608548 0.595307 0.584007 0.574486 0.566614 0.560287 0.555422 0.551959 0.549135 0.547237 0.546665 0.547411 0.549484 0.552911 0.557733 0.564010 0.571823 0.581276 0.592498 0.605650 0.620928 0.638576 0.658890 0.682236 0.709069 0.739954 0.775605 0.816934 0.826460 0.779546 0.739359 0.704726 0.674745 0.648710 0.626062 0.606353 0.589224 0.574381 0.561588 0.550650 0.541409 0.533737 0.527533 0.522717 0.519227 0.517021 0.516071 0.516367 0.517911 0.520723 0.524837 12827.500000 1.252264 0.649198
0.982735 0.932993 0.890084 0.852913 0.820620 0.792522 0.768075 0.746835 0.728447 0.712617 0.699110 0.687730 0.678324 0.670765 0.664957 0.659486 0.646557 0.635627 0.626545 0.619189 0.613464 0.609299 0.606642 0.605460 0.605739 0.607482 0.610711 0.615466 0.621804 0.629808 0.639581 0.651255 0.664996 0.681005 0.699531 0.703517 0.693216 0.684839 0.678276 0.673445 0.670285 0.668759 0.668847 0.670550 0.673890 0.678161 0.674067 0.671630 0.670821 0.671630 0.674067 0.678161 0.683963 0.691546 0.701006 0.712469 0.726092 0.742068 0.760636 0.782090 0.806790 0.835178 0.867804 0.905352 0.914366 0.883888 0.857376 0.834359 0.814457 0.797358 0.782809 0.770605 0.760580 0.752602 0.746570 0.742408 0.740065 0.739513 0.740744 0.743775 0.748642 0.754862 0.728390 0.705354 0.685331 0.667977 0.653015 0.640218 0.629399 0.620410 0.613130 0.607465 0.603345 0.600717 0.599550 0.599831 0.601561 0.604762 0.609474 0.615754 0.623684 0.619187 0.615075 0.612482 0.611378 0.611749 0.613599 0.616951 0.621847 0.628347 0.636533 0.646515 0.658425 0.670799 0.676966 0.684913 0.694743 0.706585 0.720605 0.737003 0.756029 0.777988 0.803253 0.832286 0.865661 0.904093 0.948487 1.000000 575.000000 1.234475 0.845365
0.810172 0.852079 0.900846 0.907457 0.864735 0.827760 0.795654 0.767727 0.743424 0.722299 0.703991 0.688205 0.674701 0.663284 0.653795 0.646109 0.640126 0.635770 0.632988 0.631745 0.632027 0.633836 0.637196 0.642146 0.648749 0.657089 0.667274 0.679443 0.693766 0.710455 0.729767 0.752022 0.777608 0.807009 0.804625 0.784267 0.766716 0.751704 0.739015 0.728473 0.719938 0.713298 0.708472 0.705398 0.704039 0.704380 0.706423 0.710194 0.715739 0.723127 0.732453 0.743837 0.757434 0.773436 0.792077 0.813648 0.838504 0.810174 0.774351 0.743276 0.716258 0.692746 0.672297 0.654552 0.639220 0.626063 0.614888 0.605539 0.597889 0.591837 0.587307 0.584243 0.582608 0.582380 0.583557 0.586155 0.590204 0.595754 0.602876 0.611662 0.622229 0.634723 0.649326 0.666259 0.685795 0.708270 0.734096 0.763786 0.797983 0.837498 0.883368 0.936943 1.000000 0.987456 0.925856 0.873471 0.828585 0.789898 0.756402 0.727313 0.702007 0.679986 0.660847 0.644267 0.629978 0.617766 0.607453 0.598898 0.591988 0.586632 0.582763 0.580334 0.579315 0.579694 0.581475 0.584680 0.589347 0.595537 0.603326 0.612818 0.624141 0.637455 0.652957 0.670888 0.691545 0.715292 0.742580 0.773972 2502.000000 1.094665 0.752878
0.904296 0.865940 0.832629 0.803650 0.778433 0.756518 0.737531 0.721168 0.707182 0.695372 0.685574 0.677659 0.671523 0.667090 0.664305 0.663134 0.663564 0.665598 0.669262 0.674600 0.670703 0.657053 0.645470 0.635795 0.627895 0.621669 0.617036 0.613941 0.612344 0.612226 0.613587 0.616442 0.620826 0.626794 0.634420 0.643805 0.655074 0.668382 0.683925 0.701939 0.722716 0.746613 0.748693 0.738953 0.731202 0.725342 0.721298 0.719022 0.718486 0.719682 0.722627 0.727355 0.733926 0.742421 0.752950 0.765653 0.780705 0.798323 0.818772 0.842379 0.869545 0.900764 0.936648 0.977964 0.970306 0.922060 0.880405 0.844298 0.812916 0.785609 0.761852 0.741223 0.723379 0.708039 0.694976 0.684004 0.674974 0.667766 0.662290 0.658477 0.656279 0.655670 0.656642 0.659208 0.663399 0.669266 0.676882 0.686347 0.697785 0.686117 0.670388 0.656912 0.645491 0.635966 0.628210 0.622121 0.617623 0.614659 0.613194 0.613210 0.614707 0.617703 0.622234 0.628357 0.636150 0.645714 0.657177 0.670699 0.686478 0.704756 0.714898 0.716944 0.720743 0.726341 0.733808 0.743240 0.754760 0.768522 0.784722 0.803597 0.825439 0.850609 0.879548 0.912801 0.951049 0.995144 1.000000 0.948599 11049.000000 1.329366 0.831897
0.791371 0.882473 1.000000 0.910516 0.829621 0.763616 0.708922 0.663030 0.624130 0.590887 0.562292 0.537572 0.516125 0.497476 0.481247 0.467133 0.454888 0.444311 0.435240 0.427541 0.421107 0.415851 0.411703 0.408613 0.406540 0.405460 0.405360 0.406238 0.408106 0.410985 0.414912 0.419936 0.426123 0.433555 0.442335 0.452590 0.464478 0.478191 0.493964 0.512089 0.532927 0.556932 0.584677 0.616894 0.654539 0.698166 0.665676 0.637543 0.613109 0.591852 0.573355 0.557280 0.543356 0.531359 0.521109 0.512458 0.505287 0.499501 0.495025 0.491802 0.489794 0.488975 0.489336 0.490880 0.493628 0.497612 0.502882 0.509505 0.517569 0.527182 0.538482 0.551634 0.566845 0.584365 0.604507 0.627652 0.654280 0.684989 0.720546 0.761931 0.810432 0.867760 0.813350 0.736528 0.674450 0.623408 0.580849 0.544958 0.514412 0.488222 0.465638 0.446077 0.429086 0.414303 0.401439 0.390262 0.380583 0.372247 0.365130 0.359128 0.354160 0.350160 0.347075 0.344869 0.343512 0.342989 0.343293 0.344429 0.346409 0.349259 0.353013 0.357720 0.363441 0.370255 0.378258 0.387569 0.398334 0.410732 0.424982 0.441359 0.460202 0.481938 0.507111 0.536423 0.570790 0.611436 0.660027 0.718889 6174.500000 1.526311 0.565721
0.966271 0.940485 0.918193 0.899050 0.882772 0.869129 0.857937 0.849049 0.842352 0.837762 0.835223 0.834704 0.836199 0.839726 0.845327 0.853074 0.844928 0.827871 0.813410 0.801342 0.791507 0.783775 0.778050 0.774259 0.772356 0.772319 0.774147 0.777861 0.783509 0.791158 0.800907 0.812882 0.827244 0.844193 0.819240 0.797417 0.778552 0.762354 0.748583 0.737044 0.727582 0.720073 0.714421 0.710555 0.708428 0.708014 0.709309 0.712328 0.717107 0.723706 0.732209 0.742723 0.755391 0.770386 0.787926 0.808275 0.831760 0.858781 0.889833 0.925528 0.966632 0.952096 0.919158 0.890496 0.865590 0.844017 0.825434 0.809559 0.796166 0.785069 0.776121 0.769207 0.764240 0.761158 0.759925 0.760525 0.762965 0.767276 0.773509 0.781743 0.792084 0.804665 0.819660 0.837279 0.857785 0.881497 0.908809 0.940204 0.976283 1.000000 0.950116 0.907054 0.869731 0.837295 0.809070 0.784515 0.763191 0.744741 0.728878 0.715363 0.704006 0.694651 0.687175 0.681483 0.677502 0.675186 0.674504 0.675449 0.678033 0.682287 0.688262 0.696036 0.705706 0.713978 0.716569 0.720921 0.727089 0.735150 0.745207 0.757392 0.771874 0.788857 0.808596 0.831403 0.857660 0.887838 0.922521 0.962436 773.500000 1.115315 0.848234
0.632809 0.620241 0.609603 0.600746 0.593553 0.587929 0.583804 0.581127 0.579865 0.589632 0.610139 0.633706 0.660823 0.692106 0.728340 0.770536 0.802462 0.777003 0.754873 0.735691 0.719150 0.704997 0.693028 0.683077 0.675010 0.668724 0.664140 0.661200 0.659868 0.660129 0.661985 0.651744 0.638967 0.628165 0.619189 0.611919 0.606262 0.602146 0.599520 0.598352 0.598628 0.600351 0.603542 0.608240 0.607519 0.604874 0.603699 0.603981 0.605723 0.608946 0.613691 0.620015 0.627999 0.637749 0.649395 0.663101 0.679070 0.697548 0.718841 0.743322 0.771452 0.803809 0.841113 0.884283 0.934496 0.901634 0.867976 0.838688 0.813207 0.791078 0.771932 0.755468 0.741441 0.729650 0.719936 0.712171 0.706254 0.702113 0.699695 0.698972 0.678319 0.652894 0.630771 0.611523 0.594805 0.580338 0.567894 0.557287 0.548365 0.541007 0.535117 0.530617 0.527453 0.525585 0.524990 0.524447 0.523816 0.524447 0.526350 0.529547 0.534078 0.539999 0.547386 0.556337 0.566974 0.579449 0.593948 0.610701 0.629988 0.652155 0.677631 0.706950 0.740787 0.780000 0.825696 0.879329 0.942843 1.000000 0.936544 0.882660 0.836544 0.796833 0.762474 0.732649 0.706707 0.684131 0.664504 0.647488 644.000000 1.203431 0.751213
0.845580 0.787547 0.738633 0.697021 0.661356 0.630608 0.603983 0.580857 0.560738 0.543231 0.528018 0.514840 0.503487 0.493789 0.485604 0.478821 0.473349 0.469119 0.466076 0.464184 0.463419 0.463772 0.465247 0.467862 0.471649 0.476656 0.482946 0.490602 0.499728 0.510454 0.522937 0.537372 0.554000 0.573115 0.595081 0.620352 0.649498 0.683245 0.722527 0.768566 0.822990 0.820442 0.772897 0.732228 0.697220 0.666940 0.640661 0.617805 0.597915 0.580621 0.565623 0.552679 0.541590 0.532193 0.524359 0.517982 0.512979 0.509287 0.506860 0.505668 0.505698 0.506949 0.509436 0.513191 0.518259 0.524704 0.532611 0.542087 0.553262 0.566301 0.581403 0.598816 0.618840 0.641850 0.668309 0.698800 0.734058 0.775030 0.822946 0.879435 0.946699 0.863043 0.794731 0.738088 0.690534 0.650209 0.615735 0.586074 0.560427 0.538172 0.518820 0.501979 0.487333 0.474630 0.463660 0.454255 0.446278 0.439617 0.434183 0.429905 0.426727 0.424612 0.423534 0.423478 0.424444 0.426445 0.429504 0.433660 0.438965 0.445488 0.453316 0.462558 0.473349 0.485855 0.500276 0.516864 0.535924 0.557839 0.583088 0.612275 0.646178 0.685803 0.732486 0.788026 0.854908 0.936662 1.000000 0.915226 516.000000 1.230282 0.594946
0.709187 0.727126 0.747845 0.771693 0.799101 0.815686 0.793310 0.773944 0.757282 0.743074 0.731119 0.721252 0.713344 0.707293 0.703023 0.700481 0.699637 0.700481 0.703023 0.707293 0.713344 0.721252 0.731119 0.743074 0.757282 0.773944 0.793310 0.815686 0.841447 0.836111 0.802193 0.772709 0.747051 0.724732 0.705358 0.688608 0.674222 0.661988 0.651731 0.643313 0.636625 0.631579 0.628115 0.626188 0.625776 0.626874 0.629495 0.633671 0.639454 0.646916 0.656153 0.667289 0.680477 0.695908 0.713814 0.734481 0.758263 0.785592 0.817006 0.853178 0.894958 0.943430 1.000000 0.960032 0.902797 0.853943 0.811961 0.775695 0.744246 0.716907 0.693117 0.672422 0.654459 0.638929 0.625592 0.614249 0.604742 0.596940 0.590742 0.586069 0.582863 0.581084 0.580710 0.581737 0.584177 0.588061 0.593436 0.600370 0.608953 0.619297 0.631547 0.645879 0.662510 0.681705 0.703792 0.729173 0.758349 0.791945 0.830749 0.875770 0.928315 0.990105 0.948172 0.900905 0.860101 0.824734 0.793998 0.767252 0.743983 0.723777 0.706295 0.691265 0.678461 0.667702 0.658841 0.651762 0.646374 0.642610 0.640424 0.639788 0.640695 0.643157 0.647203 0.652883 0.660268 0.669454 0.680561 0.693742 650.000000 1.039230 0.755356
0.629013 0.648264 0.670396 0.695828 0.709127 0.689713 0.672912 0.658459 0.646137 0.635771 0.627220 0.620371 0.615135 0.611448 0.609264 0.608556 0.609316 0.611553 0.615294 0.620586 0.627494 0.636107 0.646540 0.658934 0.673467 0.690356 0.709868 0.732330 0.758147 0.787818 0.821966 0.861378 0.895888 0.850982 0.812226 0.778641 0.749456 0.724062 0.701967 0.682778 0.666172 0.651887 0.639711 0.629470 0.621025 0.614263 0.609099 0.605467 0.603323 0.602640 0.603412 0.605646 0.609370 0.614631 0.621493 0.630045 0.640400 0.652700 0.667120 0.683877 0.703234 0.725519 0.718795 0.690567 0.666016 0.644651 0.626075 0.609968 0.596068 0.584165 0.574083 0.565683 0.558852 0.553501 0.549564 0.546991 0.545750 0.545827 0.547222 0.549953 0.554052 0.559572 0.566581 0.575171 0.585458 0.597585 0.611730 0.628111 0.646995 0.668711 0.693664 0.722359 0.755429 0.793676 0.838129 0.890129 0.951452 1.000000 0.930677 0.872308 0.822693 0.780197 0.743578 0.711882 0.684358 0.660415 0.639579 0.621470 0.605776 0.592248 0.580679 0.570902 0.562782 0.556212 0.551105 0.547398 0.545045 0.544016 0.544301 0.545901 0.548838 0.553145 0.558878 0.566109 0.574933 0.585469 0.597866 0.612306 1014.500000 1.342474 0.748375
0.908797 0.898040 0.866780 0.839578 0.815938 0.795456 0.777805 0.762718 0.749978 0.739408 0.730868 0.724248 0.719465 0.716459 0.715194 0.715654 0.717846 0.721795 0.727550 0.735183 0.744792 0.756501 0.770470 0.786897 0.806022 0.828146 0.853633 0.882933 0.916603 0.955335 1.000000 0.972410 0.923525 0.881341 0.844789 0.813029 0.785393 0.761349 0.740464 0.722388 0.706835 0.693574 0.682415 0.673206 0.665824 0.660176 0.656191 0.653818 0.653031 0.653818 0.656191 0.660176 0.665824 0.673206 0.682415 0.693574 0.706835 0.722388 0.740464 0.761349 0.785393 0.813029 0.844789 0.881341 0.923525 0.972410 0.960141 0.919360 0.883945 0.853137 0.826327 0.803026 0.782838 0.765439 0.750565 0.738002 0.727577 0.719151 0.712614 0.707886 0.704907 0.703640 0.704072 0.706206 0.710069 0.715708 0.723194 0.732622 0.744115 0.757829 0.773957 0.792739 0.814465 0.839496 0.868271 0.901338 0.939376 0.979299 0.933268 0.893425 0.858829 0.828735 0.802546 0.779783 0.760056 0.743048 0.728502 0.716206 0.705991 0.697721 0.691288 0.686612 0.683635 0.682319 0.682651 0.684633 0.688289 0.693665 0.700826 0.709866 0.720901 0.734081 0.749591 0.767660 0.788568 0.812660 0.840358 0.872187 1199.000000 1.076742 0.781535
1.000000 0.970037 0.910747 0.860240 0.816906 0.779516 0.747119 0.718972 0.694480 0.673170 0.654660 0.638637 0.624849 0.613090 0.603192 0.595019 0.588463 0.583440 0.579887 0.577761 0.577035 0.577702 0.579768 0.583259 0.588218 0.594707 0.602809 0.608170 0.613123 0.619662 0.627871 0.637857 0.649757 0.663739 0.680010 0.698825 0.720496 0.745406 0.774033 0.806968 0.844956 0.888945 0.940154 0.920155 0.881122 0.847223 0.817733 0.792071 0.769768 0.750446 0.733794 0.719561 0.707542 0.697570 0.689514 0.683269 0.678756 0.675921 0.674728 0.675162 0.677230 0.680956 0.686386 0.693587 0.694729 0.687823 0.682682 0.679241 0.677458 0.677312 0.678802 0.681944 0.686778 0.693363 0.701782 0.712145 0.724591 0.739292 0.756462 0.776364 0.799318 0.825721 0.856061 0.870494 0.833775 0.801882 0.774136 0.749992 0.729011 0.710839 0.695184 0.681811 0.670528 0.661179 0.653640 0.647814 0.643628 0.641030 0.639988 0.640491 0.642543 0.646171 0.651417 0.658349 0.667054 0.677647 0.675992 0.669181 0.664089 0.660654 0.658834 0.658605 0.659966 0.662933 0.667543 0.673851 0.681939 0.691910 0.703898 0.718069 0.734629 0.753829 0.775979 0.801460 0.830740 0.864402 0.903176 0.947982 7268.000000 1.074572 0.788026
0.945652 0.866705 0.801706 0.747451 0.701657 0.662655 0.629197 0.600331 0.575323 0.553596 0.534691 0.518242 0.503953 0.491583 0.480936 0.471854 0.464206 0.457887 0.452814 0.448922 0.446162 0.444501 0.443916 0.444403 0.445966 0.448625 0.452413 0.457375 0.463578 0.471101 0.480048 0.490546 0.502752 0.516858 0.533099 0.551767 0.573220 0.597908 0.626395 0.659400 0.697852 0.742967 0.761276 0.721806 0.687803 0.658373 0.632821 0.610594 0.591252 0.574438 0.559866 0.547301 0.536552 0.527463 0.519908 0.513788 0.509021 0.505549 0.503328 0.502332 0.502548 0.503978 0.506641 0.510569 0.515810 0.522432 0.530521 0.540186 0.551563 0.564819 0.580161 0.597840 0.618166 0.641522 0.668387 0.699358 0.735196 0.776878 0.825679 0.883293 0.905950 0.821156 0.752534 0.696044 0.648897 0.609106 0.575219 0.546150 0.521073 0.499347 0.480472 0.464049 0.449760 0.437346 0.426600 0.417350 0.409458 0.402811 0.397319 0.392908 0.389523 0.387119 0.385669 0.385154 0.385568 0.386915 0.389214 0.392491 0.396787 0.402158 0.408675 0.416426 0.425522 0.436098 0.448321 0.462394 0.478571 0.497161 0.518553 0.543237 0.571835 0.605150 0.644235 0.690495 0.745849 0.812981 0.895764 1.000000 3419.500000 1.373122 0.582232
0.911190 0.884224 0.826379 0.777396 0.735568 0.699610 0.668540 0.641592 0.618163 0.597775 0.580042 0.564651 0.551350 0.539932 0.530229 0.522104 0.515447 0.510172 0.506210 0.503513 0.502048 0.501797 0.502756 0.504938 0.508369 0.513092 0.519165 0.526668 0.535701 0.546388 0.558884 0.573378 0.590104 0.609347 0.631460 0.656880 0.686156 0.719977 0.759230 0.805061 0.858983 0.923030 1.000000 0.929504 0.857853 0.798244 0.748065 0.705421 0.668901 0.637436 0.610203 0.586556 0.565986 0.548086 0.532527 0.519043 0.507417 0.497472 0.489066 0.482081 0.476424 0.472022 0.468820 0.466778 0.465872 0.466089 0.467434 0.469921 0.473582 0.478462 0.484624 0.492147 0.501135 0.511712 0.524034 0.538294 0.554725 0.573617 0.595325 0.620294 0.649082 0.682395 0.721144 0.766517 0.820091 0.884006 0.961237 0.967578 0.896204 0.836513 0.786052 0.743021 0.706069 0.674166 0.646512 0.622477 0.601563 0.583368 0.567568 0.553901 0.542152 0.532147 0.523742 0.516825 0.511305 0.507109 0.504187 0.502501 0.502033 0.502775 0.504737 0.507943 0.512433 0.518262 0.525506 0.534261 0.544646 0.556812 0.570940 0.587255 0.606033 0.627614 0.652418 0.680971 0.713937 0.752161 0.796738 0.849105 6917.500000 1.107525 0.602222
0.790611 0.855494 0.934431 0.966982 0.898587 0.841121 0.792357 0.750647 0.714744 0.683691 0.656740 0.633301 0.612903 0.595167 0.579786 0.566511 0.555137 0.545499 0.537463 0.530921 0.525788 0.521998 0.519505 0.518279 0.518304 0.519580 0.522124 0.525967 0.531155 0.537755 0.545853 0.555558 0.567004 0.580359 0.595829 0.613665 0.634177 0.657747 0.684850 0.716081 0.752196 0.794162 0.843239 0.839800 0.786471 0.741189 0.702437 0.669068 0.640198 0.615137 0.593340 0.574371 0.557880 0.543582 0.531247 0.520685 0.511744 0.504300 0.498252 0.493522 0.490051 0.487795 0.486727 0.486833 0.488116 0.490591 0.494288 0.499253 0.505549 0.513258 0.522484 0.533356 0.546034 0.560713 0.577633 0.597088 0.619445 0.645155 0.674788 0.709065 0.748911 0.795533 0.850530 0.916066 0.995143 1.000000 0.908626 0.834394 0.773097 0.721810 0.678437 0.641438 0.609659 0.582217 0.558426 0.537748 0.519754 0.504100 0.490509 0.478754 0.468652 0.460053 0.452836 0.446901 0.442171 0.438586 0.436100 0.434684 0.434320 0.435004 0.436744 0.439561 0.443489 0.448579 0.454896 0.462524 0.471567 0.482155 0.494449 0.508643 0.524978 0.543750 0.565328 0.590169 0.618853 0.652119 0.690924 0.736525 5890.500000 1.238533 0.594248
0.827524 0.904532 1.000000 0.994666 0.908851 0.838527 0.780048 0.730841 0.689034 0.653240 0.622407 0.595724 0.572557 0.552406 0.534869 0.519625 0.506412 0.495018 0.485268 0.477022 0.470165 0.464606 0.460272 0.457110 0.455080 0.454157 0.454330 0.455601 0.457986 0.461513 0.466227 0.472188 0.479473 0.488181 0.498434 0.510383 0.521299 0.512899 0.505965 0.500405 0.496148 0.493142 0.491348 0.490745 0.491326 0.493097 0.496081 0.500314 0.505848 0.512756 0.521128 0.531078 0.542748 0.556314 0.571988 0.590033 0.610774 0.634611 0.662043 0.693700 0.730386 0.773134 0.823305 0.868078 0.824438 0.786780 0.754150 0.725797 0.701127 0.679662 0.661018 0.644881 0.630997 0.619159 0.609197 0.600976 0.594387 0.589344 0.585786 0.583669 0.582966 0.583669 0.585786 0.589344 0.594387 0.600976 0.609197 0.619159 0.630997 0.644881 0.614534 0.584292 0.558169 0.535516 0.515825 0.498689 0.483783 0.470844 0.459657 0.450049 0.441876 0.435025 0.429402 0.424932 0.421560 0.419243 0.417953 0.417673 0.418402 0.420147 0.422929 0.426784 0.431760 0.437920 0.445347 0.454143 0.464435 0.476378 0.490164 0.506028 0.524257 0.545212 0.569340 0.597208 0.629539 0.667270 0.711637 0.764296 2859.000000 1.750256 0.665650
0.478319 0.473804 0.470496 0.468355 0.467354 0.467481 0.470529 0.474978 0.480680 0.487711 0.496163 0.506154 0.517829 0.531366 0.546982 0.564947 0.585590 0.609322 0.636658 0.652938 0.657962 0.664677 0.673170 0.683550 0.695958 0.710568 0.727595 0.747303 0.770015 0.796129 0.826137 0.860649 0.900435 0.946468 1.000000 0.977420 0.922792 0.875946 0.835541 0.800544 0.770141 0.743689 0.720672 0.700675 0.683359 0.664799 0.641800 0.621787 0.604397 0.589333 0.576358 0.565273 0.555921 0.548173 0.541925 0.537097 0.533629 0.531477 0.530616 0.531035 0.532739 0.535749 0.540101 0.545851 0.553071 0.561856 0.562279 0.557044 0.553225 0.550777 0.549668 0.549886 0.551433 0.554328 0.558606 0.564321 0.571545 0.580373 0.590924 0.603345 0.617821 0.634575 0.653882 0.663955 0.665816 0.669304 0.674462 0.681354 0.690068 0.700718 0.713447 0.728435 0.745902 0.766118 0.789415 0.816201 0.846981 0.882382 0.923193 0.888926 0.858711 0.832422 0.809587 0.789824 0.772819 0.758320 0.746120 0.736051 0.727980 0.721804 0.717447 0.714853 0.713992 0.714853 0.717447 0.710834 0.673747 0.641807 0.614172 0.590181 0.569314 0.551154 0.535367 0.521681 0.509875 0.499769 0.491216 0.484098 4645.000000 1.477285 0.797598
0.896019 0.850745 0.811688 0.777852 0.748455 0.722876 0.700621 0.681287 0.664549 0.650143 0.637852 0.627501 0.618948 0.612080 0.606808 0.603066 0.600809 0.600009 0.600656 0.602759 0.606342 0.611449 0.618145 0.626516 0.636671 0.648749 0.662923 0.679403 0.698448 0.720378 0.721386 0.688624 0.660229 0.635554 0.614083 0.595403 0.579180 0.565143 0.553071 0.542784 0.534136 0.527010 0.521310 0.516964 0.513918 0.512134 0.511591 0.512281 0.514214 0.517413 0.521917 0.527783 0.535086 0.543923 0.554414 0.566711 0.580996 0.597497 0.616491 0.638321 0.663411 0.692289 0.725624 0.764265 0.809313 0.862212 0.924893 1.000000 0.950989 0.894133 0.845614 0.803927 0.767920 0.736699 0.709560 0.685944 0.665400 0.647565 0.632145 0.618899 0.607630 0.598179 0.590418 0.584246 0.579583 0.576372 0.574572 0.574163 0.575139 0.577511 0.581310 0.586581 0.593392 0.601829 0.612006 0.624061 0.608221 0.592092 0.578154 0.566189 0.556021 0.547508 0.540535 0.535009 0.530861 0.528040 0.526510 0.526253 0.527265 0.529560 0.533165 0.538125 0.544502 0.552378 0.561859 0.573076 0.586191 0.601403 0.618957 0.639152 0.662359 0.689037 0.719761 0.755257 0.796454 0.844557 0.901154 0.948795 6479.500000 1.460881 0.723139
