45
1000 1000
5 30 28 56 26 69 40 53 62 33 53
4 38 4 69 23 40 46 15 30
8 2 13 16 8 34 12 42 29 34 40 15 45 3 40 -4 28
7 22 4 36 -7 53 -7 71 17 51 38 27 40 16 30
6 -1 69 10 14 70 29 77 67 68 122 21 114
7 6 17 25 12 42 9 50 25 42 36 28 40 12 33
7 4 43 49 -32 119 -19 168 50 127 131 70 124 8 97
4 45 2 70 26 43 57 10 30
5 -8 12 30 17 46 39 33 61 12 54
6 88 119 94 87 125 89 133 115 138 155 94 160
4 63 28 87 55 54 85 27 58
7 69 59 103 38 132 40 167 86 136 118 94 122 68 99
7 3 40 54 37 83 44 108 89 90 114 49 141 24 94
5 120 184 207 102 267 242 223 295 108 280
3 135 221 259 273 133 332
3 307 260 462 406 317 488
8 -9 24 5 12 19 10 29 13 42 32 34 39 16 44 8 40
6 172 96 243 83 263 137 224 181 185 184 178 142
7 14 17 48 8 81 16 102 47 67 66 47 96 9 73
6 31 26 46 24 49 42 44 50 30 52 24 41
7 32 51 50 19 89 42 126 60 81 90 59 97 36 77
7 -8 0 10 -3 24 1 37 12 27 31 12 31 -3 17
6 -5 43 40 5 88 5 117 53 90 99 37 84
5 20 8 38 -8 58 15 35 35 8 27
5 39 7 76 -10 120 33 75 62 22 65
6 110 63 197 49 231 163 176 197 109 237 92 155
8 27 9 56 -8 95 -3 87 43 80 54 65 84 36 62 19 42
6 18 13 38 8 52 28 37 56 20 48 -5 35
5 217 123 290 100 319 154 268 207 219 183
5 25 18 89 -23 110 57 86 110 40 74
5 94 109 141 92 172 128 135 161 97 150
8 8 81 21 53 50 60 67 65 79 86 70 105 44 107 19 121
8 71 -4 128 -13 174 38 238 103 160 123 116 159 67 130 44 97
5 15 14 31 0 44 20 35 45 5 30
5 25 59 52 48 62 75 46 101 4 95
6 3 19 12 5 26 9 38 21 27 34 12 34
5 14 3 39 -3 51 9 39 25 18 20
8 25 -4 57 -13 66 0 74 19 86 53 48 57 21 45 31 24
4 177 67 229 125 184 154 146 132
3 2 60 90 113 16 157
7 63 20 103 -10 132 20 180 56 161 120 102 95 81 70
5 72 27 118 0 162 58 128 97 80 66
6 3 -5 18 -6 26 8 19 28 4 21 -1 10
8 57 77 77 65 93 60 108 65 118 83 108 95 92 106 64 100
5 9 23 39 15 65 37 34 54 15 50
