45
1000 1000
6 26 34 35 24 45 24 60 32 51 49 33 44
5 13 7 71 4 113 38 63 63 31 62
6 8 -5 44 23 79 52 58 82 4 90 -11 53
3 54 25 94 41 59 63
4 13 28 49 12 81 33 48 45
6 -14 61 39 -4 85 5 142 56 114 127 28 128
7 11 55 28 51 44 49 53 69 43 89 27 90 5 74
6 40 27 71 7 71 49 61 63 44 64 30 50
3 130 188 292 234 121 344
5 33 21 67 23 84 38 82 75 32 62
3 33 0 60 24 30 41
8 -9 24 12 14 22 -7 45 12 57 31 51 62 25 74 2 60
6 39 4 74 6 103 35 85 79 34 69 2 43
6 -7 145 33 107 75 105 120 156 78 192 20 194
7 -16 15 16 11 31 17 44 28 36 46 14 52 -14 45
7 44 39 75 24 114 23 130 58 93 82 66 100 33 72
8 9 8 19 1 36 6 35 22 37 38 18 51 2 42 -3 28
7 23 0 33 -36 77 -7 84 29 90 76 44 53 -4 41
5 94 89 124 56 142 114 128 134 74 137
3 74 35 221 106 40 177
3 51 -9 162 48 64 112
4 36 82 65 65 96 82 61 114
5 102 97 155 94 193 122 154 160 98 153
3 147 116 358 222 184 319
4 25 -11 33 17 21 34 0 18
5 15 25 43 21 63 38 41 62 14 59
8 107 172 150 147 166 189 178 212 187 257 146 237 127 234 102 209
4 59 37 123 115 49 145 -22 109
3 198 139 304 216 212 275
4 49 6 62 28 49 48 31 34
6 50 35 122 35 172 93 124 144 58 193 40 112
4 -19 27 36 -6 91 29 30 82
3 22 17 58 39 31 52
7 11 17 25 10 36 15 49 21 39 36 26 41 10 35
5 44 19 76 -5 81 37 63 51 43 50
6 26 29 26 0 55 3 72 31 57 56 25 62
5 50 62 76 61 87 77 71 100 51 90
3 25 15 70 37 28 55
7 52 29 59 17 77 18 75 33 75 52 59 52 49 44
6 88 37 117 53 139 72 108 91 87 95 63 72
8 75 292 129 290 194 260 221 353 161 386 124 437 80 386 54 347
4 59 62 85 52 113 66 86 81
3 86 29 201 89 71 148
6 33 7 95 4 122 46 77 76 39 75 9 44
4 -3 27 26 7 38 26 27 55
