60
1000 1000
8 -5 12 9 1 21 -5 33 0 47 15 36 30 20 35 0 31
3 71 54 129 77 78 104
8 2 73 43 44 67 46 91 49 127 85 92 107 63 112 30 106
5 119 150 196 165 249 212 199 245 155 228
8 9 39 21 19 42 10 55 22 53 41 57 64 34 69 23 58
7 -4 4 6 -2 24 -3 22 9 14 18 3 25 -4 13
6 19 47 48 24 84 22 117 60 77 95 44 95
6 -30 57 15 22 53 37 91 76 74 129 25 95
6 25 92 83 65 128 57 167 107 123 148 63 144
4 54 67 106 37 152 68 108 97
5 19 16 66 17 94 45 59 67 18 72
5 -26 15 45 1 92 54 37 86 -6 74
8 -2 23 10 12 21 8 33 11 44 23 33 40 20 40 4 36
5 -14 6 34 -5 71 34 32 63 -9 49
3 50 74 116 106 47 141
4 -17 39 23 10 66 49 27 99
4 31 113 97 52 172 125 95 188
3 16 8 43 35 11 53
4 107 53 134 69 108 91 82 75
8 22 36 50 28 79 40 99 65 67 87 48 88 25 86 7 68
5 -7 14 21 2 36 28 29 52 5 35
6 2 30 6 19 26 15 30 27 29 46 6 50
7 -3 15 51 19 91 2 83 41 90 96 46 92 19 58
8 31 -3 72 -25 109 -13 107 32 113 83 77 74 45 59 30 37
3 84 -30 221 61 67 114
7 -10 16 17 5 38 5 57 32 44 49 18 55 -4 41
8 112 46 142 45 162 58 180 86 158 112 132 123 121 104 95 88
8 0 60 18 44 30 20 48 48 65 60 61 85 32 89 9 84
7 27 37 51 3 92 17 102 49 83 79 55 81 27 63
4 54 5 116 58 49 112 -21 72
7 5 1 23 -4 42 -1 51 12 37 36 20 35 12 23
5 3 10 22 5 47 20 23 39 -6 34
7 11 16 26 14 41 18 63 29 48 45 23 55 8 40
6 -8 9 4 0 27 -9 38 18 31 33 2 30
3 106 -13 277 61 109 163
6 40 62 56 46 79 51 96 66 81 89 55 91
8 -24 35 9 26 23 -9 85 10 88 47 68 84 29 74 -4 73
5 21 19 35 9 50 26 34 44 13 37
5 24 28 44 28 61 38 42 54 19 55
5 63 49 89 47 102 69 96 96 55 86
6 -20 30 7 18 27 15 28 34 31 63 0 51
6 50 70 55 50 77 47 94 77 74 93 56 88
8 64 165 103 128 156 99 199 139 221 184 224 260 155 255 112 238
6 13 25 29 26 46 44 32 62 8 61 4 44
4 27 -18 67 26 30 61 -6 28
8 50 17 74 0 115 25 127 62 129 94 84 88 55 97 29 56
7 17 22 29 17 43 16 54 29 43 47 30 52 16 43
4 11 28 45 16 61 38 44 51
7 6 9 21 -10 44 -3 53 20 44 41 26 44 0 32
4 20 77 44 59 70 83 39 101
8 6 9 24 6 48 -5 57 18 38 35 20 48 -4 47 -13 24
4 90 -17 182 83 65 153 -33 84
3 63 67 197 149 48 212
8 -2 38 29 33 49 50 65 79 43 89 31 106 6 98 9 75
6 -18 20 3 11 14 10 34 25 18 34 4 32
5 33 47 71 46 97 62 73 82 42 88
3 122 209 278 274 143 349
5 32 50 58 36 77 62 57 95 29 78
8 89 324 117 277 174 246 240 292 244 323 210 388 167 425 123 386
7 9 56 38 45 61 48 81 65 57 98 33 101 8 91
