35
1000 1000
8 89 114 101 102 116 98 145 93 133 116 132 130 119 148 89 144
4 3 33 37 18 74 36 30 72
3 24 -28 112 26 27 88
6 26 101 27 89 47 83 63 107 49 127 27 122
3 112 49 325 139 145 234
6 5 -26 38 -4 59 12 39 34 13 59 -20 22
3 13 10 54 25 -1 52
3 50 37 83 61 54 90
8 45 33 44 14 80 9 108 7 123 46 105 56 81 62 60 58
4 -57 154 69 89 193 158 76 224
3 53 15 153 79 38 131
3 59 86 202 118 48 191
7 26 19 35 15 49 15 55 25 46 35 38 38 25 34
7 10 15 22 7 41 8 45 22 41 38 20 40 11 32
8 17 6 40 -3 71 5 58 26 63 42 42 53 26 44 29 28
5 53 13 79 12 103 26 74 49 57 40
4 93 315 181 241 291 314 181 407
4 135 57 170 120 131 157 79 131
4 148 20 204 97 128 144 78 106
7 16 22 40 1 80 9 74 42 73 64 48 81 20 52
6 53 16 111 14 134 71 98 113 49 115 37 79
5 18 18 38 8 49 32 39 54 13 50
6 29 32 51 28 73 51 49 69 30 69 16 53
3 76 47 134 76 79 108
8 14 9 42 8 64 16 90 30 71 61 47 66 21 66 -3 46
4 -11 28 19 8 45 32 23 62
6 28 42 45 31 59 24 60 42 54 56 36 61
4 170 199 235 145 310 211 248 260
5 31 75 90 32 164 123 87 167 25 159
3 98 86 193 129 84 198
5 89 235 230 215 280 297 216 333 120 362
8 12 32 25 21 44 -3 68 19 90 35 74 66 41 90 14 78
5 129 118 186 117 232 168 184 210 128 192
8 59 75 71 61 91 74 106 97 98 110 82 123 56 117 54 98
4 27 2 62 32 29 51 2 33
