45
1000 1000
7 18 23 39 20 57 16 58 33 65 55 38 50 26 41
6 -4 23 9 4 25 12 32 26 23 38 3 41
8 68 103 72 82 100 72 127 84 139 110 128 133 97 132 81 124
6 4 60 15 2 71 36 86 66 84 100 25 108
7 13 27 36 19 57 30 60 44 54 56 35 69 13 53
4 9 -1 23 19 12 30 -9 20
7 26 27 45 7 58 21 75 37 71 55 43 57 23 44
7 -8 9 7 8 31 9 43 25 28 43 7 45 -11 40
4 56 13 87 38 58 54 27 37
3 116 4 221 65 118 121
7 163 77 207 74 238 78 282 118 245 138 196 176 188 126
7 73 76 97 54 111 79 123 94 115 120 91 120 72 109
3 93 -13 198 104 104 140
3 -1 -9 66 31 10 55
7 30 40 50 20 86 26 94 47 77 72 52 87 26 65
4 44 23 62 7 102 31 69 55
6 38 23 67 23 76 51 71 81 31 94 32 57
8 75 61 92 54 118 58 117 77 100 91 91 93 77 87 56 81
7 38 39 76 20 118 4 130 54 115 95 57 102 25 82
8 23 117 22 79 50 72 85 93 103 115 78 144 58 167 16 166
3 83 -7 160 50 66 139
7 48 38 58 19 78 32 81 44 79 56 59 65 52 55
7 168 140 194 118 234 120 295 159 241 217 173 246 165 176
3 6 -11 49 11 6 35
7 5 13 24 15 41 9 46 24 40 40 23 41 4 35
5 118 57 166 76 200 105 168 122 124 128
3 37 37 110 53 35 81
5 155 69 279 38 293 114 289 208 195 180
7 136 171 188 166 222 163 275 213 261 259 195 276 165 220
6 47 63 56 20 111 33 149 79 106 99 70 108
6 25 67 46 54 74 46 98 73 73 105 44 109
5 -1 0 23 0 46 14 19 33 0 31
7 2 9 16 9 30 -1 35 17 27 38 14 33 0 24
3 54 27 128 74 42 119
8 49 117 78 128 112 104 116 153 112 202 75 180 53 183 28 156
8 101 187 138 147 184 155 224 149 255 207 220 231 184 287 103 260
5 35 47 63 40 95 72 67 82 35 80
4 137 -14 213 88 148 156 95 78
4 73 14 102 47 83 80 42 51
5 28 65 95 69 151 129 95 157 36 153
4 18 -5 37 7 19 26 -2 13
3 19 15 57 33 22 50
4 54 85 120 141 68 176 17 137
4 41 97 130 36 191 106 153 201
5 10 34 28 25 36 39 26 64 -2 55
