60
1000 1000
6 33 31 41 3 66 10 80 33 65 53 35 60
4 48 100 101 68 163 111 102 149
4 -13 30 22 19 53 37 18 68
4 -7 26 17 13 36 30 14 54
8 11 6 22 3 36 9 50 21 34 36 21 37 10 32 0 22
8 -18 9 -10 -4 10 -17 33 -5 27 11 25 28 12 31 -2 32
8 2 27 -3 12 17 10 27 17 28 27 33 42 12 51 4 38
5 42 8 99 -24 128 41 88 70 40 68
5 75 56 102 54 107 72 99 98 76 85
8 29 30 39 23 46 12 63 17 62 33 58 43 47 49 35 37
8 4 56 17 29 63 16 89 15 94 65 85 103 42 124 27 92
3 33 13 73 32 34 54
8 43 39 56 37 70 44 74 51 71 67 57 62 42 67 39 53
5 11 8 38 0 67 31 43 43 24 37
7 6 -1 19 -14 34 -2 39 13 32 20 20 21 5 15
6 71 87 128 113 158 138 132 183 84 182 75 146
7 25 30 40 10 69 16 78 43 59 55 37 79 19 49
5 -22 33 52 12 90 66 67 128 2 91
8 86 48 132 -2 176 -12 196 81 156 116 106 158 89 100 59 71
3 -5 -14 29 23 -7 48
8 -3 58 45 91 117 73 119 125 77 159 43 170 -19 169 -16 129
3 169 134 278 200 160 266
4 59 1 116 47 66 116 8 56
6 85 93 112 48 204 12 209 109 171 188 73 206
6 -14 24 23 -8 55 -11 81 27 58 62 19 67
7 65 68 96 27 133 56 184 71 151 128 107 147 57 98
4 60 2 109 58 55 84 11 56
6 -6 99 22 61 69 44 89 95 82 149 14 152
3 44 12 181 48 42 136
3 9 26 138 73 -8 132
8 14 6 32 0 39 8 45 21 44 40 29 32 18 34 14 22
3 86 58 184 112 69 190
8 56 93 48 63 94 47 112 64 124 96 123 144 86 141 57 126
4 102 169 163 129 199 181 160 224
6 35 32 62 33 75 54 60 69 36 86 27 62
3 14 -3 47 15 13 31
4 47 65 113 106 52 155 18 115
8 4 12 12 -4 23 5 32 21 21 28 16 44 2 31 -10 23
8 19 -8 47 -16 59 -4 88 17 68 42 41 50 28 36 15 21
5 2 29 29 27 55 40 35 70 9 60
5 -7 4 52 -6 85 28 60 83 20 58
7 66 83 70 62 97 73 107 90 102 112 75 122 55 110
6 8 10 16 -9 46 -20 45 13 50 44 11 52
8 6 6 24 0 42 6 50 17 35 39 21 44 1 35 -11 24
8 4 16 13 8 23 3 40 4 47 23 36 29 27 32 17 30
6 -7 179 41 131 161 90 140 190 121 249 16 284
8 45 60 83 55 98 82 109 102 116 127 69 164 39 136 30 106
7 158 168 157 119 207 143 228 191 201 218 157 244 121 220
3 46 15 94 44 43 70
4 -6 13 17 0 37 15 13 41
5 -26 5 36 -15 70 34 37 62 -20 82
3 34 40 67 63 39 76
8 27 19 44 27 70 29 65 48 60 59 45 75 32 58 28 49
8 0 37 -2 15 41 -8 68 1 84 39 61 76 46 94 6 83
3 116 29 263 118 133 215
3 264 86 459 151 237 266
4 62 55 75 77 58 95 43 77
8 160 172 223 139 260 97 303 127 369 148 337 217 268 222 203 258
7 2 0 14 -5 26 0 37 7 26 24 15 22 6 17
6 37 105 67 63 99 71 140 113 99 144 59 151
