45
1000 1000
7 -3 9 5 -2 17 8 31 15 18 26 11 32 -6 23
4 102 74 172 147 103 203 50 144
5 15 16 39 14 53 29 52 58 21 38
7 13 49 20 34 32 42 37 50 32 62 16 67 12 57
7 -15 21 54 -27 150 -10 125 70 115 134 35 153 18 91
5 8 1 41 -5 56 15 40 38 21 27
6 58 32 80 24 101 43 79 71 62 57 48 47
8 46 15 72 9 91 32 118 42 93 68 73 78 48 71 42 50
7 19 35 36 25 44 33 56 44 49 59 36 56 21 47
6 9 20 49 28 54 58 49 80 15 98 -11 62
3 83 65 164 115 90 153
4 96 234 180 154 257 244 177 305
6 28 -19 67 -16 107 9 62 52 26 57 -17 20
5 107 254 183 182 226 283 172 364 90 299
5 44 64 69 60 91 69 74 99 46 89
6 5 3 29 -4 56 20 32 42 5 51 -22 23
3 126 37 229 74 122 131
3 49 -10 163 24 56 88
3 38 68 81 104 34 132
6 7 1 27 -4 39 19 19 24 10 24 -2 18
8 83 100 113 94 156 116 170 148 153 179 108 192 84 183 64 148
7 -2 17 23 -3 41 11 56 28 35 40 23 48 3 34
7 4 10 16 -3 24 8 30 16 31 33 10 35 10 20
8 21 23 33 7 45 4 66 9 82 20 61 43 46 45 33 42
4 35 20 60 39 33 56 10 43
6 50 55 97 52 114 86 85 116 58 112 43 91
7 10 9 33 2 63 0 68 28 60 57 35 61 16 39
6 5 -4 32 -5 62 24 37 43 11 43 -20 23
4 43 -2 60 33 42 70 10 35
6 81 42 151 23 135 78 125 122 75 113 20 84
5 104 89 146 77 185 117 146 160 107 145
5 33 68 109 68 222 109 119 195 33 181
8 147 171 163 139 214 117 235 130 265 159 241 212 216 223 141 219
5 -3 6 34 -1 52 25 34 63 8 35
8 26 -3 50 -13 60 6 68 23 64 34 46 46 36 41 30 23
5 -6 23 64 -5 76 63 49 100 -1 116
4 29 42 63 17 81 48 53 80
8 75 156 96 121 158 61 190 114 188 150 196 191 133 238 71 224
8 28 31 62 10 81 23 92 54 75 79 61 96 40 70 28 58
6 7 6 47 17 72 61 41 74 4 85 0 52
7 -1 22 12 -8 50 6 63 29 38 47 14 59 -2 42
3 9 1 59 19 7 47
8 0 2 14 2 23 9 36 23 26 30 16 38 0 30 -3 23
4 27 34 64 57 25 73 -3 58
3 22 26 131 71 27 121
