30
1000 1000
4 128 85 155 57 212 76 147 135
8 18 58 34 51 50 26 72 38 70 66 60 73 43 81 27 81
3 137 14 279 95 146 131
7 14 13 24 -1 48 -1 61 25 49 45 25 49 11 31
4 66 -12 119 40 55 86 8 38
6 13 7 42 7 59 28 37 46 18 47 -7 32
8 21 38 27 13 67 7 104 15 132 43 115 87 82 92 44 74
4 59 37 106 64 61 95 18 74
6 41 35 62 22 71 48 63 76 46 67 23 56
8 49 36 66 34 81 34 102 52 83 67 69 69 56 65 31 52
3 378 434 532 540 397 585
5 264 145 352 94 377 182 317 238 267 233
6 21 -8 66 -9 108 35 65 67 17 75 -11 35
4 64 123 93 69 157 131 106 195
4 36 -20 47 13 26 43 -1 15
4 -13 51 45 11 86 47 41 112
8 154 132 225 118 288 125 298 178 259 246 210 281 173 244 110 189
3 123 120 248 174 105 214
4 75 21 154 51 84 105 9 64
5 26 14 41 -2 51 23 39 33 13 37
7 26 23 33 16 47 17 60 29 48 52 27 51 12 42
6 -16 62 9 -1 60 35 76 66 68 128 18 106
6 6 12 12 2 29 -1 36 13 26 24 13 25
4 41 12 55 27 44 56 14 32
6 36 114 76 92 113 87 150 133 113 159 71 157
7 2 3 18 -1 28 -1 45 9 33 27 19 26 -4 20
7 8 8 23 2 30 6 40 13 31 27 19 30 13 23
6 15 -1 76 3 142 58 89 97 28 93 -38 56
5 4 8 22 -1 28 20 23 34 7 23
4 161 75 198 141 157 208 102 143
