0.918649 0.874640 0.836578 0.803546 0.774819 0.749819 0.728081 0.709229 0.692955 0.679011 0.667192 0.657334 0.649305 0.643000 0.638339 0.635265 0.630811 0.614793 0.600979 0.589161 0.579167 0.570859 0.564126 0.558880 0.555056 0.552606 0.551501 0.551726 0.553285 0.556197 0.560496 0.566238 0.573494 0.571849 0.559258 0.548503 0.539428 0.531909 0.525847 0.521162 0.517797 0.515709 0.514874 0.515280 0.516934 0.519854 0.524077 0.529656 0.536662 0.545187 0.555346 0.567284 0.581057 0.596986 0.615336 0.636433 0.660675 0.688562 0.720719 0.757943 0.801256 0.851997 0.911945 0.983515 0.943152 0.895657 0.854677 0.819169 0.788318 0.761474 0.738117 0.717829 0.700268 0.685157 0.672269 0.661422 0.652465 0.645282 0.639780 0.635890 0.633564 0.630493 0.620759 0.612775 0.606437 0.601662 0.598393 0.596588 0.596227 0.597304 0.599832 0.601383 0.580754 0.562804 0.547210 0.533707 0.522082 0.512161 0.503800 0.496886 0.491326 0.487051 0.484004 0.482150 0.481466 0.481943 0.483587 0.486418 0.490407 0.495533 0.501989 0.509860 0.519253 0.530300 0.543164 0.558046 0.575191 0.594901 0.617551 0.643605 0.673649 0.708426 0.748891 0.796294 0.852294 0.919150 1.000000 0.969781 7286.000000 1.399385 0.740337
0.918826 0.898765 0.881639 0.867204 0.855262 0.845653 0.838255 0.832974 0.829746 0.828532 0.829315 0.832107 0.836941 0.843876 0.851446 0.813201 0.780043 0.751221 0.726141 0.704323 0.685381 0.669000 0.654925 0.642948 0.632897 0.624638 0.618061 0.613083 0.609642 0.607695 0.607218 0.608206 0.610671 0.614643 0.620170 0.627323 0.636193 0.641763 0.636894 0.633613 0.631881 0.631675 0.632994 0.635854 0.640289 0.646354 0.654127 0.663707 0.675222 0.688833 0.704737 0.723176 0.744447 0.768916 0.797034 0.829360 0.866595 0.909625 0.959583 0.957941 0.939511 0.923961 0.911076 0.900686 0.892656 0.886886 0.883304 0.881867 0.882557 0.885383 0.890380 0.897607 0.907156 0.919149 0.884105 0.843567 0.808445 0.777930 0.751380 0.728278 0.708210 0.690838 0.675886 0.663132 0.652394 0.643523 0.636402 0.630941 0.627070 0.624743 0.623930 0.624622 0.626828 0.630573 0.635905 0.642717 0.637681 0.634239 0.632350 0.631990 0.633155 0.635858 0.640134 0.646034 0.653634 0.663031 0.674350 0.674945 0.674718 0.676120 0.679168 0.683898 0.690369 0.698663 0.708888 0.721179 0.735708 0.752684 0.772367 0.795075 0.821196 0.851212 0.885720 0.925469 0.971402 1.000000 0.969032 0.942125 19329.500000 1.357943 0.853437
0.701994 0.726127 0.753858 0.767305 0.749055 0.733379 0.720045 0.708864 0.699685 0.692387 0.686878 0.683088 0.680972 0.680503 0.681675 0.684504 0.689022 0.695288 0.703378 0.713397 0.725479 0.739790 0.756537 0.775972 0.798406 0.824220 0.853885 0.887985 0.881491 0.850140 0.822857 0.799136 0.778568 0.760818 0.745617 0.732741 0.722012 0.713287 0.706451 0.701419 0.698129 0.696539 0.696630 0.698405 0.701884 0.707109 0.714147 0.723085 0.734041 0.747161 0.762630 0.741004 0.719665 0.701162 0.685196 0.671523 0.659944 0.650297 0.642453 0.636312 0.631794 0.628844 0.627426 0.627523 0.629135 0.632283 0.637005 0.643360 0.651428 0.661314 0.673152 0.687107 0.703383 0.722230 0.712662 0.702634 0.694536 0.688260 0.683730 0.680889 0.679701 0.680154 0.682252 0.686020 0.691506 0.698777 0.707926 0.719073 0.732370 0.748003 0.766205 0.787258 0.811511 0.839393 0.871432 0.908290 0.950794 1.000000 0.938932 0.885861 0.840384 0.801185 0.767245 0.737769 0.712126 0.689812 0.670420 0.653620 0.639144 0.626772 0.616326 0.607663 0.600667 0.595248 0.591338 0.588888 0.587869 0.588268 0.590090 0.593357 0.598110 0.604407 0.612329 0.621980 0.633491 0.647024 0.662779 0.681002 6884.500000 1.244486 0.825996
0.857668 0.870346 0.822684 0.781756 0.746421 0.715792 0.689172 0.666009 0.645857 0.628358 0.613220 0.600207 0.589124 0.579815 0.572152 0.566035 0.561385 0.558145 0.556275 0.555751 0.556568 0.558735 0.562280 0.567244 0.573692 0.581705 0.591390 0.602880 0.616340 0.631972 0.650024 0.653721 0.639811 0.627962 0.618006 0.609807 0.603257 0.598272 0.594790 0.592768 0.592181 0.593023 0.595303 0.599050 0.604309 0.611147 0.619651 0.629934 0.642137 0.656435 0.673043 0.692223 0.714301 0.739673 0.768835 0.802403 0.841155 0.886083 0.938469 1.000000 0.934979 0.869099 0.813723 0.766718 0.726501 0.691877 0.661925 0.635927 0.613316 0.593639 0.576530 0.561696 0.548895 0.537931 0.528646 0.520909 0.514617 0.509689 0.506061 0.503690 0.502546 0.502616 0.503899 0.506412 0.510186 0.515266 0.521719 0.529627 0.539098 0.550263 0.563286 0.578368 0.595754 0.615747 0.638720 0.665139 0.695586 0.730799 0.771726 0.814132 0.783872 0.757540 0.734632 0.714740 0.697533 0.682742 0.670145 0.659565 0.650858 0.643908 0.638628 0.634950 0.632831 0.632244 0.633182 0.635656 0.639697 0.645354 0.652698 0.661825 0.672854 0.685937 0.701262 0.719060 0.739613 0.763268 0.790453 0.821699 2506.500000 1.338199 0.739041
0.845415 0.818294 0.794715 0.774269 0.756626 0.741516 0.728718 0.718055 0.709385 0.702593 0.697595 0.694329 0.692754 0.692851 0.694622 0.698089 0.703292 0.710298 0.709131 0.702143 0.696954 0.693499 0.691737 0.691646 0.693225 0.696493 0.701489 0.708277 0.716941 0.727594 0.740379 0.755475 0.773099 0.793523 0.817077 0.844169 0.875299 0.911092 0.952329 1.000000 0.972772 0.946416 0.923616 0.904016 0.887323 0.873302 0.861760 0.852547 0.845544 0.840663 0.837846 0.837058 0.824153 0.798922 0.777006 0.758038 0.741718 0.727803 0.716093 0.706429 0.698684 0.692757 0.688574 0.686085 0.685258 0.686085 0.688574 0.692757 0.698684 0.706429 0.716093 0.727803 0.741718 0.758038 0.777006 0.798922 0.824153 0.843836 0.824333 0.807613 0.793431 0.781589 0.771927 0.764320 0.758672 0.754912 0.752994 0.752894 0.754613 0.758170 0.763609 0.770998 0.780429 0.792026 0.788210 0.781820 0.777391 0.774868 0.774220 0.775440 0.778543 0.783565 0.790570 0.799645 0.810907 0.824505 0.840627 0.859504 0.881420 0.892943 0.872305 0.854612 0.839604 0.827073 0.816849 0.808800 0.802823 0.798843 0.796814 0.796709 0.798527 0.802291 0.808047 0.815866 0.825846 0.838117 0.852845 0.870233 580.500000 1.197320 0.890644
0.915059 0.839564 0.777307 0.725272 0.681306 0.643827 0.611654 0.583883 0.559814 0.538898 0.520697 0.504863 0.491111 0.479212 0.468980 0.460261 0.452931 0.446891 0.442061 0.438379 0.435799 0.434289 0.433831 0.434420 0.436062 0.438778 0.442601 0.447578 0.453775 0.461272 0.470173 0.480605 0.492724 0.506723 0.522836 0.541355 0.562639 0.587138 0.615418 0.648200 0.686418 0.731297 0.784477 0.848202 0.925622 1.000000 0.920482 0.854585 0.799290 0.752418 0.712360 0.677903 0.648114 0.622269 0.599796 0.580239 0.563231 0.548475 0.535730 0.524800 0.515524 0.507772 0.501440 0.496445 0.492724 0.490231 0.488934 0.488819 0.489884 0.492142 0.495620 0.500362 0.506427 0.513894 0.522864 0.533459 0.545836 0.560181 0.576729 0.595762 0.617633 0.642779 0.671746 0.705227 0.744106 0.789536 0.843036 0.834051 0.783581 0.740553 0.703612 0.671722 0.644082 0.620062 0.599160 0.580975 0.565183 0.551521 0.539773 0.529765 0.521354 0.514426 0.508890 0.504674 0.501727 0.500011 0.499506 0.500206 0.502120 0.505270 0.509695 0.515451 0.522613 0.531274 0.541553 0.553598 0.567590 0.583750 0.602351 0.623728 0.648298 0.676579 0.709227 0.747077 0.791208 0.843039 0.904468 0.978094 708.000000 1.201436 0.596929
1.000000 0.959261 0.909352 0.866363 0.829163 0.796866 0.768774 0.744327 0.723075 0.704654 0.688765 0.675169 0.663666 0.654098 0.646338 0.640283 0.635859 0.633010 0.631701 0.631917 0.633660 0.636951 0.641831 0.648361 0.656623 0.666725 0.678803 0.693028 0.709608 0.728799 0.708668 0.681224 0.657351 0.636576 0.618518 0.602870 0.589378 0.577838 0.568084 0.559980 0.553419 0.548316 0.544605 0.542242 0.541198 0.541460 0.543030 0.545929 0.550192 0.555871 0.563039 0.571791 0.582243 0.594543 0.608873 0.625455 0.644562 0.666528 0.691771 0.720805 0.754280 0.793020 0.838082 0.890849 0.953159 0.979467 0.927946 0.883597 0.845237 0.811943 0.782988 0.757789 0.735880 0.716880 0.700482 0.686433 0.674531 0.664607 0.656531 0.650196 0.645522 0.642451 0.640947 0.640990 0.642581 0.645739 0.650504 0.656934 0.665110 0.675140 0.687157 0.701331 0.717867 0.706650 0.678736 0.654460 0.633333 0.614963 0.599031 0.585279 0.573494 0.563505 0.555172 0.548384 0.543053 0.539111 0.536508 0.535214 0.535212 0.536503 0.539102 0.543041 0.548369 0.555152 0.563481 0.573465 0.585245 0.598993 0.614918 0.633282 0.654400 0.678668 0.706572 0.738725 0.775902 0.819097 0.869604 0.929134 1004.000000 1.443594 0.740213
0.606217 0.602998 0.601254 0.600964 0.602124 0.604748 0.608869 0.614536 0.621822 0.630821 0.641653 0.654467 0.669449 0.686827 0.706879 0.729949 0.756459 0.744431 0.718728 0.696362 0.676929 0.660097 0.645600 0.633218 0.622775 0.614126 0.607156 0.601777 0.597919 0.595537 0.594600 0.595097 0.584793 0.572709 0.562443 0.553848 0.546810 0.541236 0.537055 0.534216 0.532682 0.532437 0.533476 0.535813 0.539476 0.544510 0.550979 0.558966 0.568578 0.579948 0.593240 0.608420 0.615117 0.623482 0.633626 0.645686 0.659834 0.676283 0.695290 0.717174 0.742327 0.771233 0.804500 0.842887 0.887366 0.939189 1.000000 0.923389 0.852644 0.793745 0.744133 0.701951 0.665812 0.634666 0.607702 0.584287 0.563917 0.546191 0.530785 0.517436 0.505932 0.496097 0.487790 0.480896 0.475323 0.471000 0.467871 0.465899 0.465059 0.465341 0.466749 0.469299 0.473023 0.477933 0.481200 0.485690 0.491461 0.498585 0.507159 0.517301 0.529157 0.542908 0.558776 0.577030 0.598007 0.622122 0.649895 0.681983 0.719227 0.762718 0.813893 0.874689 0.885179 0.844746 0.809712 0.779270 0.752783 0.729736 0.709718 0.692393 0.677486 0.664776 0.654080 0.645253 0.634933 0.625216 0.617256 0.610950 595.000000 1.233259 0.730187
0.734630 0.708733 0.686197 0.666606 0.649624 0.634977 0.622443 0.611840 0.603020 0.595866 0.590285 0.586207 0.583581 0.582375 0.582575 0.584183 0.587218 0.591718 0.597738 0.605356 0.614670 0.625806 0.638921 0.654207 0.671901 0.692293 0.715740 0.742682 0.773669 0.809389 0.850716 0.898771 0.955019 1.000000 0.950765 0.908236 0.871358 0.839301 0.811404 0.787138 0.766072 0.747860 0.732216 0.718910 0.707754 0.698595 0.691315 0.685820 0.682042 0.679935 0.679472 0.680649 0.683479 0.687997 0.694259 0.702343 0.712354 0.724426 0.738723 0.755453 0.774869 0.797280 0.823068 0.831369 0.797223 0.767548 0.741725 0.719259 0.699751 0.682874 0.668365 0.656007 0.645624 0.637076 0.630250 0.625059 0.621437 0.619341 0.618744 0.619639 0.622038 0.625970 0.631482 0.638644 0.647549 0.658314 0.671087 0.686051 0.703431 0.723503 0.746605 0.773155 0.803670 0.838797 0.879351 0.926369 0.897859 0.864948 0.836308 0.811396 0.789772 0.771081 0.755031 0.741385 0.729951 0.720574 0.713130 0.707526 0.703692 0.701580 0.701165 0.702441 0.705424 0.710152 0.716681 0.725094 0.735500 0.748038 0.762880 0.780240 0.800383 0.823629 0.850376 0.881113 0.884334 0.838325 0.798696 0.764403 1764.000000 1.200120 0.773261
0.845577 0.883005 0.926233 0.976386 1.000000 0.964007 0.932684 0.905445 0.881816 0.861411 0.843916 0.829076 0.816682 0.806567 0.798600 0.792680 0.788733 0.786712 0.786590 0.788368 0.792066 0.783136 0.758653 0.737376 0.718946 0.703066 0.689498 0.678047 0.668553 0.660892 0.654965 0.650697 0.648035 0.646947 0.647420 0.649459 0.653089 0.658355 0.657420 0.652171 0.648556 0.646530 0.646068 0.647165 0.649834 0.654107 0.660037 0.667699 0.677191 0.688640 0.702204 0.718078 0.736501 0.757768 0.782240 0.810363 0.842689 0.879909 0.922895 0.972761 0.986131 0.942032 0.903793 0.870553 0.841626 0.816464 0.794621 0.775737 0.759517 0.745721 0.734154 0.724660 0.717113 0.711419 0.707505 0.705324 0.704849 0.706074 0.709015 0.713707 0.720208 0.728601 0.738992 0.751520 0.766359 0.783722 0.803871 0.827129 0.853891 0.884645 0.919997 0.901748 0.860522 0.824801 0.793763 0.766757 0.743259 0.722849 0.705183 0.689983 0.677020 0.666111 0.657106 0.649885 0.644357 0.640453 0.638123 0.637340 0.638094 0.640395 0.644270 0.649767 0.650158 0.648160 0.647730 0.648862 0.651571 0.655889 0.661870 0.669589 0.679146 0.690667 0.704312 0.720277 0.738804 0.760189 0.784796 0.813073 13058.500000 1.128565 0.810453
0.540803 0.546190 0.553032 0.561417 0.571457 0.583295 0.597101 0.613091 0.631523 0.652719 0.677075 0.705084 0.737363 0.774696 0.818086 0.868842 0.928699 1.000000 0.977709 0.951981 0.929756 0.910688 0.894498 0.880959 0.869889 0.861142 0.854607 0.850203 0.847877 0.847600 0.849369 0.853205 0.859154 0.867292 0.877719 0.890572 0.906023 0.883896 0.862829 0.844731 0.829333 0.816418 0.805811 0.797372 0.790994 0.786597 0.784128 0.783555 0.784873 0.788097 0.785432 0.764764 0.746909 0.731591 0.718585 0.707709 0.698816 0.691789 0.686539 0.683002 0.681133 0.680910 0.682331 0.685413 0.690192 0.696729 0.705106 0.715432 0.727844 0.742514 0.759656 0.779530 0.802457 0.816255 0.798761 0.783851 0.771311 0.760970 0.752692 0.746371 0.741928 0.739308 0.738479 0.739432 0.742177 0.746748 0.753202 0.761619 0.772107 0.784805 0.799888 0.817569 0.838115 0.861849 0.889172 0.920574 0.956664 0.998203 0.981807 0.956859 0.935345 0.916937 0.901370 0.888427 0.877936 0.869760 0.863797 0.859973 0.858241 0.858580 0.860994 0.865513 0.872192 0.881115 0.858325 0.803737 0.757393 0.717737 0.683592 0.654052 0.628411 0.606109 0.586701 0.569828 0.555198 0.542575 0.534136 0.536801 866.500000 1.221019 0.822821
0.694222 0.721435 0.752755 0.788905 0.787887 0.764620 0.744429 0.726983 0.712012 0.699296 0.688657 0.679949 0.673060 0.667903 0.664412 0.662545 0.662280 0.663613 0.666561 0.671159 0.677464 0.685556 0.695540 0.707548 0.721748 0.738344 0.757590 0.779795 0.805339 0.834693 0.868438 0.907305 0.952216 0.932329 0.879940 0.835030 0.796308 0.762773 0.733645 0.708303 0.686251 0.667090 0.650494 0.636200 0.623991 0.613692 0.605162 0.598287 0.592980 0.589172 0.586818 0.585889 0.586372 0.588275 0.591621 0.596449 0.602822 0.610819 0.620546 0.632136 0.645752 0.661597 0.679918 0.701019 0.725276 0.742740 0.722122 0.704270 0.688898 0.675776 0.664716 0.655566 0.648205 0.642538 0.638495 0.636024 0.635097 0.635702 0.637845 0.641555 0.646875 0.653872 0.662636 0.673283 0.685956 0.700837 0.718146 0.738155 0.761198 0.787684 0.818121 0.853144 0.893547 0.940346 0.994848 1.000000 0.932861 0.876148 0.827815 0.786331 0.750529 0.719503 0.692542 0.669082 0.648671 0.630944 0.615603 0.602408 0.591160 0.581701 0.573900 0.567655 0.562886 0.559533 0.557556 0.556929 0.557645 0.559714 0.563159 0.568024 0.574370 0.582277 0.591852 0.603224 0.616555 0.632047 0.649943 0.670544 2103.000000 1.336099 0.754132
0.853381 0.819568 0.790163 0.764573 0.742320 0.723019 0.706355 0.692071 0.679959 0.669850 0.661607 0.655124 0.650318 0.647130 0.645521 0.645470 0.646978 0.650063 0.654763 0.661135 0.669260 0.679245 0.691222 0.705359 0.704056 0.691688 0.681360 0.672933 0.666297 0.661369 0.658087 0.656411 0.656320 0.657814 0.660911 0.665648 0.672085 0.680301 0.690406 0.702533 0.716851 0.733569 0.752943 0.775286 0.799247 0.778767 0.761099 0.745972 0.733167 0.722504 0.713843 0.707070 0.702100 0.698871 0.697344 0.697500 0.699342 0.702891 0.708191 0.715308 0.724332 0.735381 0.748603 0.764185 0.782354 0.803390 0.827638 0.855520 0.887559 0.905790 0.870159 0.839169 0.812201 0.788753 0.768420 0.750873 0.735842 0.723109 0.712496 0.703862 0.697093 0.692105 0.688836 0.687245 0.687313 0.689042 0.692451 0.697584 0.704503 0.713296 0.697749 0.680182 0.665040 0.652094 0.641158 0.632080 0.624740 0.619043 0.614916 0.612310 0.611191 0.611548 0.613383 0.616719 0.621598 0.628080 0.633685 0.634478 0.636808 0.640706 0.646217 0.653412 0.662383 0.673248 0.686156 0.701291 0.718880 0.739200 0.762593 0.789479 0.820379 0.855943 0.896988 0.944558 1.000000 0.989774 0.937409 0.892347 6423.000000 1.157556 0.832094
0.522691 0.489816 0.461878 0.437954 0.417341 0.399501 0.384011 0.370537 0.358811 0.348619 0.339786 0.332169 0.325654 0.320146 0.315569 0.311862 0.308976 0.306876 0.305536 0.304938 0.305076 0.305952 0.307576 0.309968 0.313158 0.317186 0.322105 0.327982 0.334899 0.342958 0.352285 0.363031 0.375387 0.389585 0.405916 0.424743 0.446531 0.471872 0.501544 0.536577 0.578370 0.628866 0.690846 0.768434 0.868009 1.000000 0.877608 0.774890 0.695197 0.631747 0.580191 0.537613 0.501983 0.471849 0.446141 0.424059 0.404989 0.388456 0.374086 0.361582 0.350703 0.341258 0.333090 0.326072 0.320098 0.315084 0.310962 0.307679 0.305192 0.303470 0.302492 0.302246 0.302729 0.303947 0.305915 0.308657 0.312207 0.316612 0.321929 0.328232 0.335612 0.344180 0.354071 0.365455 0.378537 0.393574 0.410885 0.430876 0.454060 0.481107 0.512894 0.550598 0.595835 0.650880 0.690671 0.661016 0.635270 0.612876 0.593388 0.576446 0.561761 0.549096 0.538257 0.529088 0.521461 0.515275 0.510448 0.506922 0.504651 0.503608 0.503781 0.505171 0.507796 0.511687 0.516893 0.523481 0.531535 0.541165 0.552506 0.565725 0.581026 0.598660 0.618935 0.642234 0.669029 0.665960 0.608697 0.561747 5317.500000 1.826667 0.533049
0.949916 1.000000 0.923274 0.859405 0.805616 0.759887 0.720713 0.686954 0.657730 0.632352 0.610275 0.591064 0.574367 0.559899 0.547428 0.536766 0.527758 0.520280 0.514233 0.509538 0.506136 0.503986 0.503060 0.503349 0.504854 0.507596 0.511606 0.516935 0.523652 0.531843 0.541620 0.553122 0.566516 0.582012 0.599866 0.620391 0.643977 0.671108 0.702392 0.738602 0.780732 0.830078 0.840391 0.789434 0.745997 0.708710 0.676524 0.648630 0.624390 0.603297 0.584945 0.569008 0.555218 0.543359 0.533253 0.524758 0.517757 0.512158 0.507889 0.504897 0.503145 0.502611 0.503290 0.505190 0.508333 0.512759 0.518522 0.525698 0.534380 0.544688 0.556769 0.570805 0.587017 0.605679 0.627127 0.651777 0.680151 0.712902 0.750868 0.795128 0.847102 0.908687 0.982482 0.971023 0.884651 0.814191 0.755813 0.706836 0.665325 0.629852 0.599342 0.572967 0.550085 0.530189 0.512874 0.497816 0.484751 0.473466 0.463786 0.455570 0.448701 0.443089 0.438659 0.435355 0.433136 0.431974 0.431857 0.432782 0.434761 0.437817 0.441989 0.447330 0.453908 0.461811 0.471150 0.482059 0.494706 0.509294 0.526074 0.545357 0.567526 0.593063 0.622577 0.656847 0.696887 0.744035 0.800091 0.867544 16559.000000 1.240464 0.594023
0.949105 0.878912 0.820226 0.770627 0.728339 0.692031 0.660688 0.633520 0.609910 0.589365 0.571491 0.555970 0.542541 0.533145 0.525339 0.518991 0.514018 0.510357 0.507963 0.506807 0.506874 0.508166 0.510698 0.514501 0.519622 0.526126 0.534098 0.543646 0.554901 0.559420 0.552247 0.546555 0.542273 0.539346 0.537740 0.537433 0.538424 0.540723 0.544359 0.549377 0.555839 0.563830 0.573455 0.584849 0.598174 0.613634 0.631476 0.652004 0.660242 0.654405 0.650222 0.647643 0.646636 0.647189 0.649308 0.653019 0.658369 0.665423 0.674272 0.685031 0.697849 0.712905 0.730424 0.750679 0.774008 0.800824 0.831641 0.795043 0.756915 0.723941 0.695325 0.670440 0.648782 0.629951 0.613618 0.599519 0.587436 0.577194 0.568650 0.561572 0.555886 0.551629 0.548749 0.547210 0.546994 0.548098 0.550535 0.554336 0.559546 0.566233 0.574482 0.584404 0.596136 0.609847 0.625748 0.630914 0.608926 0.589792 0.573162 0.558754 0.546337 0.535721 0.526756 0.519316 0.513302 0.508638 0.505264 0.503138 0.502235 0.502544 0.504068 0.506826 0.510852 0.516196 0.522926 0.531131 0.540921 0.552434 0.570997 0.594429 0.621428 0.652643 0.688908 0.731305 0.781269 0.840734 0.912377 1.000000 5392.000000 1.425829 0.737430
0.626537 0.610003 0.595718 0.583461 0.573050 0.564340 0.557213 0.551576 0.547357 0.544504 0.542982 0.542773 0.543873 0.546297 0.550073 0.555249 0.561890 0.570081 0.579933 0.591581 0.605195 0.620981 0.639194 0.660146 0.684223 0.711902 0.734410 0.701124 0.672274 0.647202 0.625386 0.606405 0.589922 0.575662 0.563399 0.552953 0.544174 0.536943 0.531165 0.526764 0.523688 0.521897 0.521370 0.522101 0.524098 0.527386 0.534019 0.542881 0.553398 0.565720 0.580033 0.596563 0.615589 0.637455 0.662587 0.691516 0.724913 0.763632 0.808779 0.861807 0.924660 1.000000 0.959222 0.875906 0.807696 0.751021 0.703362 0.662892 0.628257 0.598432 0.572627 0.550226 0.530743 0.513787 0.499047 0.486267 0.475242 0.465803 0.457813 0.451161 0.445758 0.441534 0.438436 0.436425 0.435476 0.435542 0.436077 0.437669 0.440338 0.444115 0.449050 0.455204 0.462659 0.471517 0.481904 0.493977 0.507925 0.523982 0.542438 0.563648 0.588059 0.616232 0.648882 0.686933 0.731596 0.784493 0.847837 0.831922 0.805390 0.782325 0.762330 0.745081 0.730316 0.717821 0.707421 0.698979 0.692384 0.687553 0.684426 0.682966 0.683154 0.684993 0.688505 0.693733 0.700743 0.692670 0.667497 0.645590 1205.500000 1.353308 0.691982
0.821770 0.901080 1.000000 0.983070 0.894686 0.822702 0.763140 0.713223 0.670952 0.634855 0.603825 0.577011 0.553755 0.533537 0.515942 0.500638 0.487357 0.475878 0.466025 0.457651 0.450640 0.444896 0.440343 0.436925 0.434599 0.433336 0.433120 0.433950 0.435834 0.438797 0.442875 0.448118 0.454596 0.462394 0.471620 0.482408 0.494921 0.509360 0.525972 0.545062 0.567007 0.592280 0.621478 0.655365 0.694931 0.741482 0.796776 0.797449 0.755403 0.719214 0.687916 0.660754 0.637132 0.616575 0.598700 0.583197 0.569815 0.558349 0.548631 0.540524 0.533922 0.528737 0.524905 0.522377 0.521122 0.521126 0.522389 0.524925 0.528766 0.533960 0.540572 0.548688 0.558417 0.569895 0.583290 0.598807 0.616698 0.637274 0.660917 0.688104 0.719431 0.755654 0.797741 0.846954 0.897627 0.818971 0.754661 0.701282 0.656432 0.618375 0.585822 0.557802 0.533566 0.512533 0.494240 0.478320 0.464479 0.452475 0.442114 0.433237 0.425716 0.419444 0.414338 0.410331 0.407373 0.405428 0.404470 0.404489 0.405485 0.407471 0.410469 0.414518 0.419668 0.425987 0.433560 0.442493 0.452915 0.464987 0.478906 0.494913 0.513306 0.534457 0.558829 0.587012 0.619762 0.658060 0.703209 0.756968 956.000000 1.339279 0.585949
0.917015 0.876569 0.841482 0.810973 0.784424 0.761333 0.741298 0.723990 0.709141 0.696533 0.685989 0.677368 0.670555 0.665466 0.662036 0.660223 0.660007 0.661383 0.664369 0.669001 0.675336 0.683454 0.693462 0.705491 0.719710 0.736323 0.755586 0.777807 0.803369 0.832742 0.866512 0.905410 0.932710 0.888620 0.850468 0.817344 0.788532 0.763459 0.741663 0.722770 0.706475 0.692531 0.680734 0.670922 0.662963 0.656754 0.652217 0.649296 0.647955 0.648178 0.649967 0.653344 0.658352 0.665051 0.673527 0.683890 0.696281 0.710874 0.727883 0.747570 0.770259 0.796348 0.826325 0.860803 0.900547 0.946530 1.000000 0.952288 0.909970 0.873268 0.841359 0.813591 0.789439 0.768477 0.750360 0.734808 0.721590 0.710521 0.701450 0.694260 0.688858 0.685178 0.683173 0.682821 0.684116 0.687075 0.691733 0.698147 0.706400 0.716597 0.728875 0.743402 0.760390 0.780095 0.802835 0.828997 0.844641 0.814919 0.789054 0.766570 0.747082 0.730276 0.715896 0.703734 0.693622 0.685424 0.679034 0.674372 0.671379 0.670021 0.670279 0.672157 0.675678 0.680886 0.687844 0.696641 0.707393 0.720244 0.735374 0.753008 0.773416 0.796935 0.823977 0.855051 0.890790 0.931990 0.979661 0.963809 5549.500000 1.105786 0.776728
0.837090 0.807070 0.780945 0.758227 0.738523 0.721511 0.706930 0.694567 0.684249 0.675837 0.669222 0.664320 0.661071 0.659434 0.659389 0.660937 0.664096 0.668905 0.675422 0.683731 0.693940 0.706185 0.720638 0.737508 0.757054 0.779594 0.805518 0.800872 0.780587 0.763096 0.748136 0.735488 0.724979 0.716467 0.709843 0.705023 0.701948 0.700580 0.700903 0.702920 0.706656 0.712157 0.719491 0.728751 0.740060 0.753568 0.769468 0.787991 0.809427 0.834127 0.862526 0.895159 0.932694 0.975968 1.000000 0.956712 0.919138 0.886459 0.858020 0.833294 0.811854 0.793354 0.777509 0.764089 0.752907 0.743815 0.736692 0.731451 0.728025 0.726372 0.726474 0.728330 0.731963 0.737418 0.744763 0.754091 0.765523 0.779213 0.795352 0.782134 0.760581 0.741925 0.725868 0.712171 0.700638 0.691111 0.683464 0.677598 0.673442 0.670942 0.670069 0.670813 0.673181 0.677204 0.682930 0.690431 0.699804 0.711171 0.724689 0.740549 0.758987 0.780296 0.804830 0.818989 0.805738 0.794792 0.786009 0.779274 0.774504 0.771639 0.770645 0.771510 0.774244 0.778881 0.785477 0.794115 0.804907 0.817993 0.833553 0.851808 0.873031 0.897557 0.925795 0.958251 0.995550 0.957392 0.911390 0.871610 16587.500000 1.235384 0.837924
0.531486 0.530594 0.530981 0.532654 0.535631 0.539950 0.545664 0.552847 0.561593 0.572019 0.584275 0.598540 0.615039 0.634043 0.655890 0.680995 0.709877 0.743187 0.738513 0.735307 0.733890 0.734243 0.736371 0.740301 0.746079 0.753779 0.763498 0.775363 0.789534 0.806212 0.825642 0.848124 0.874031 0.903815 0.938041 0.944311 0.891404 0.846040 0.806920 0.773038 0.743606 0.717999 0.695717 0.676357 0.659591 0.645153 0.632826 0.622432 0.613828 0.606902 0.601563 0.597745 0.595400 0.594500 0.595034 0.597009 0.600448 0.605394 0.611908 0.620075 0.620419 0.620664 0.622410 0.625676 0.630505 0.636954 0.645108 0.655071 0.666979 0.680999 0.697336 0.716245 0.714449 0.699130 0.686071 0.675088 0.666031 0.658779 0.653240 0.649345 0.647046 0.646314 0.647141 0.649538 0.653532 0.659173 0.666533 0.675705 0.682254 0.683272 0.685948 0.690315 0.696427 0.704359 0.714215 0.726125 0.740252 0.756799 0.776015 0.798205 0.823745 0.853096 0.886832 0.925667 0.970504 1.000000 0.930148 0.871380 0.821458 0.778720 0.741909 0.710054 0.682398 0.658342 0.637408 0.619210 0.603436 0.589831 0.578188 0.568338 0.560145 0.553500 0.548316 0.544528 0.542089 0.540968 0.537170 0.533669 1118.500000 1.250875 0.798325
0.828967 0.858979 0.893478 0.888745 0.861743 0.838293 0.818005 0.800558 0.785693 0.773199 0.762905 0.754676 0.748407 0.744018 0.741456 0.740690 0.741711 0.744530 0.749183 0.755727 0.764243 0.774841 0.787661 0.802880 0.820714 0.838822 0.813167 0.790884 0.771599 0.755008 0.740862 0.728960 0.719140 0.711272 0.705254 0.701013 0.698494 0.697668 0.698526 0.701076 0.705350 0.711401 0.719305 0.729163 0.741105 0.755294 0.771934 0.791272 0.813614 0.839336 0.868898 0.902874 0.941976 0.940375 0.906633 0.877268 0.851733 0.829585 0.810462 0.794071 0.780172 0.768571 0.759112 0.751671 0.746156 0.742496 0.740647 0.740588 0.742317 0.745854 0.751244 0.758554 0.767875 0.757588 0.740732 0.726321 0.714147 0.704043 0.695874 0.689534 0.684945 0.682048 0.680808 0.681212 0.683262 0.686986 0.692427 0.699654 0.708759 0.719861 0.733111 0.748695 0.766844 0.787839 0.812028 0.839837 0.871792 0.908551 0.950938 1.000000 0.953515 0.911076 0.874271 0.842274 0.814429 0.790209 0.769188 0.751018 0.735418 0.722157 0.711048 0.701942 0.694718 0.689285 0.685575 0.683543 0.683163 0.684433 0.687365 0.691998 0.698387 0.706613 0.716783 0.729031 0.743528 0.760483 0.780152 0.802851 1594.000000 1.026515 0.834529
0.943416 0.920835 0.889325 0.861907 0.838088 0.817466 0.799715 0.784569 0.771810 0.761264 0.752792 0.746284 0.741660 0.738861 0.737854 0.738627 0.741189 0.745571 0.751827 0.751845 0.749657 0.749282 0.750715 0.753973 0.759096 0.766148 0.775217 0.786420 0.799908 0.815865 0.834524 0.856168 0.881143 0.909876 0.900458 0.871358 0.846054 0.824108 0.805162 0.788926 0.775162 0.763678 0.754320 0.746967 0.741525 0.737926 0.736127 0.736105 0.737862 0.741417 0.746814 0.754120 0.751591 0.743184 0.736718 0.732113 0.729311 0.728278 0.729001 0.731490 0.735775 0.741908 0.749966 0.760052 0.772299 0.786874 0.803984 0.823883 0.846885 0.873372 0.903817 0.938804 0.979063 1.000000 0.962929 0.930671 0.902607 0.878241 0.857166 0.839053 0.823633 0.810687 0.800039 0.791549 0.785110 0.780639 0.778084 0.777411 0.778614 0.781707 0.779089 0.759756 0.743106 0.728888 0.716899 0.706973 0.698980 0.692815 0.688403 0.685687 0.684636 0.685236 0.687495 0.691440 0.697120 0.704606 0.713992 0.725404 0.738995 0.754959 0.773532 0.795006 0.819737 0.841939 0.833715 0.827625 0.823593 0.821570 0.821531 0.823476 0.827428 0.833436 0.841574 0.851945 0.864683 0.879961 0.897991 0.919035 3106.000000 1.095326 0.878731
0.949452 0.915268 0.885519 0.859649 0.837207 0.817827 0.801211 0.787115 0.775342 0.765733 0.758164 0.752538 0.748785 0.746861 0.746740 0.748422 0.751927 0.757299 0.764602 0.773931 0.785406 0.799180 0.815446 0.834439 0.856451 0.881837 0.894819 0.879507 0.866762 0.856416 0.848333 0.842411 0.838578 0.836787 0.837015 0.839266 0.843566 0.849970 0.858555 0.869431 0.882740 0.898662 0.917420 0.939288 0.964605 0.993784 1.000000 0.958084 0.921672 0.889992 0.862425 0.838475 0.817735 0.799877 0.784633 0.771783 0.761151 0.752597 0.746010 0.741308 0.738432 0.737348 0.738043 0.740525 0.744823 0.750992 0.759108 0.769275 0.781626 0.796330 0.813596 0.833679 0.856896 0.883633 0.914366 0.949684 0.934563 0.905587 0.880412 0.858611 0.839837 0.823810 0.810298 0.799116 0.790117 0.783183 0.778229 0.775192 0.774037 0.774749 0.777336 0.781831 0.788288 0.796788 0.807440 0.820384 0.835796 0.853894 0.874948 0.899288 0.927318 0.959538 0.996565 0.969713 0.938027 0.910470 0.886560 0.865908 0.848192 0.833153 0.820581 0.810306 0.802194 0.796141 0.792073 0.789939 0.789715 0.791396 0.795005 0.800583 0.808201 0.817956 0.829972 0.844411 0.861474 0.881407 0.904516 0.931173 5168.500000 1.110804 0.855716
0.531154 0.558956 0.591332 0.629299 0.674211 0.727915 0.792991 0.858037 0.808124 0.765441 0.728708 0.696941 0.669374 0.645400 0.624536 0.606394 0.590660 0.577076 0.565434 0.555565 0.547331 0.540620 0.535346 0.531442 0.528859 0.527566 0.527547 0.528802 0.531346 0.535210 0.540443 0.547110 0.555297 0.565116 0.576702 0.590226 0.605893 0.623959 0.644736 0.668611 0.696064 0.727695 0.764267 0.754345 0.700908 0.656016 0.617928 0.585353 0.557316 0.533067 0.512023 0.493721 0.477794 0.463945 0.451934 0.441567 0.432683 0.425154 0.418874 0.413760 0.409744 0.406775 0.404818 0.403848 0.403853 0.404833 0.406800 0.409779 0.413805 0.418931 0.425223 0.432765 0.441663 0.452046 0.464074 0.477942 0.493891 0.512218 0.533292 0.557576 0.585654 0.618279 0.656428 0.701395 0.754928 0.819445 0.898387 0.996817 1.000000 0.893567 0.809372 0.741310 0.685330 0.638641 0.599260 0.565737 0.536991 0.512199 0.490726 0.472072 0.455842 0.441720 0.429450 0.418825 0.409676 0.401866 0.395283 0.389835 0.385452 0.382077 0.379666 0.378192 0.377635 0.377989 0.379258 0.381458 0.384615 0.388770 0.393974 0.400298 0.407826 0.416666 0.426949 0.438836 0.452525 0.468261 0.486344 0.507151 5367.500000 1.469877 0.572998
0.887166 0.828388 0.778675 0.736264 0.699833 0.668371 0.641095 0.617386 0.596755 0.578808 0.563226 0.549750 0.538170 0.528315 0.520045 0.513246 0.507831 0.503730 0.500892 0.499281 0.498879 0.499680 0.501694 0.504946 0.509476 0.515341 0.522615 0.531397 0.541807 0.553993 0.568141 0.584475 0.603273 0.624875 0.649705 0.678292 0.711303 0.749589 0.794254 0.846747 0.866449 0.807458 0.757697 0.715336 0.679010 0.647680 0.620542 0.596968 0.576457 0.558610 0.543104 0.529677 0.518116 0.508247 0.499929 0.493047 0.487511 0.483249 0.480208 0.478350 0.477652 0.478107 0.479719 0.482509 0.486510 0.491773 0.498365 0.506372 0.515903 0.527095 0.540113 0.555162 0.572492 0.592412 0.615304 0.641644 0.672031 0.707229 0.748219 0.796289 0.853156 0.921161 1.000000 0.910757 0.837992 0.777728 0.727185 0.684358 0.647769 0.616304 0.589107 0.565513 0.545000 0.527147 0.511621 0.498149 0.486510 0.476525 0.468046 0.460954 0.455154 0.450571 0.447145 0.444835 0.443611 0.443460 0.444379 0.446379 0.449485 0.453736 0.459184 0.465901 0.473976 0.483521 0.494675 0.507607 0.522527 0.539689 0.559411 0.582083 0.608199 0.638378 0.673416 0.714344 0.762525 0.819793 0.888676 0.957404 1754.000000 1.150709 0.600130
0.939675 0.868492 0.809147 0.759105 0.716517 0.680006 0.648522 0.621254 0.597569 0.576962 0.559031 0.543451 0.529957 0.518336 0.508412 0.500043 0.493114 0.487533 0.483227 0.480144 0.478245 0.477506 0.477919 0.479489 0.482235 0.486191 0.491406 0.497946 0.505898 0.515370 0.526496 0.539441 0.554408 0.571646 0.591460 0.614231 0.640429 0.670650 0.705648 0.746397 0.794171 0.850669 0.918202 1.000000 0.941182 0.868068 0.807300 0.756186 0.712774 0.675615 0.643612 0.615921 0.591881 0.570971 0.552774 0.536955 0.523242 0.511413 0.501288 0.492720 0.485590 0.479803 0.475284 0.471976 0.469837 0.468842 0.468979 0.470249 0.472668 0.476265 0.481085 0.487189 0.494657 0.503590 0.514112 0.526379 0.540580 0.556947 0.575767 0.597392 0.622263 0.650931 0.684095 0.722655 0.767782 0.821029 0.884503 0.956845 0.888210 0.830629 0.781829 0.740128 0.704261 0.673257 0.646359 0.622971 0.602617 0.584916 0.569558 0.556292 0.544912 0.535253 0.527178 0.520578 0.515368 0.511481 0.508869 0.507499 0.507357 0.508438 0.510758 0.514343 0.519239 0.525508 0.533229 0.542508 0.553472 0.566280 0.581129 0.598258 0.617961 0.640601 0.666631 0.696615 0.731268 0.771505 0.818514 0.873866 5664.000000 1.098310 0.602623
0.701771 0.723685 0.748875 0.773097 0.774036 0.776852 0.781577 0.788271 0.797018 0.807929 0.821149 0.836858 0.855280 0.876691 0.901430 0.929910 0.962643 0.977061 0.923195 0.876961 0.837056 0.802475 0.772424 0.746276 0.723526 0.703768 0.686670 0.671963 0.659429 0.648888 0.640197 0.633242 0.627932 0.624201 0.622005 0.621315 0.622124 0.624442 0.628296 0.633734 0.640824 0.641431 0.629527 0.619522 0.611280 0.604691 0.599673 0.596161 0.594113 0.593504 0.594327 0.596591 0.600325 0.605573 0.612403 0.620901 0.631180 0.643381 0.657679 0.674288 0.693472 0.715554 0.740931 0.744689 0.738854 0.734867 0.732678 0.732260 0.733610 0.736742 0.741696 0.748533 0.757338 0.768226 0.781341 0.796864 0.815021 0.836085 0.860394 0.888364 0.920505 0.957453 1.000000 0.958396 0.903748 0.856949 0.816628 0.781730 0.751429 0.725070 0.702132 0.682194 0.664915 0.650016 0.637273 0.626499 0.617547 0.610297 0.604654 0.600549 0.597929 0.596764 0.597039 0.598757 0.601940 0.606625 0.612873 0.620761 0.630393 0.641900 0.642369 0.631861 0.623169 0.616176 0.610795 0.606956 0.604612 0.603735 0.604315 0.606357 0.609888 0.614951 0.621608 0.629945 0.640072 0.652126 0.666279 0.682741 3041.000000 1.439503 0.825399
0.798986 0.867903 0.936539 0.871009 0.815887 0.769068 0.728993 0.694477 0.664610 0.638682 0.616129 0.596503 0.579441 0.564651 0.551894 0.540974 0.531735 0.524047 0.517808 0.512937 0.509372 0.507070 0.506002 0.506155 0.507531 0.510147 0.514036 0.519244 0.525839 0.533906 0.543554 0.554919 0.568168 0.583504 0.601180 0.621505 0.644859 0.671719 0.702680 0.738498 0.780144 0.828884 0.818991 0.764991 0.719297 0.680301 0.646793 0.617850 0.592754 0.570938 0.551953 0.535439 0.521103 0.508709 0.498062 0.489006 0.481412 0.475178 0.470221 0.466479 0.463905 0.462467 0.462148 0.462944 0.464864 0.467933 0.472187 0.477681 0.484485 0.492689 0.502408 0.513780 0.526978 0.542213 0.559743 0.579888 0.603045 0.629708 0.660503 0.696228 0.737918 0.786935 0.845108 0.914949 1.000000 0.936785 0.855294 0.788594 0.733183 0.686593 0.647036 0.613186 0.584038 0.558821 0.536932 0.517893 0.501324 0.486920 0.474431 0.463656 0.454430 0.446618 0.440114 0.434828 0.430693 0.427657 0.425681 0.424742 0.424829 0.425941 0.428094 0.431313 0.435638 0.441124 0.447843 0.455885 0.465363 0.476415 0.489212 0.503963 0.520925 0.540417 0.562832 0.588666 0.618549 0.653285 0.693926 0.741864 1306.500000 1.225837 0.595291
0.637468 0.661885 0.689975 0.699565 0.689322 0.680992 0.674466 0.669662 0.666520 0.665002 0.665089 0.666784 0.670105 0.675094 0.681813 0.690346 0.700806 0.713332 0.728101 0.745327 0.765277 0.788275 0.814721 0.829754 0.803351 0.780398 0.760502 0.743341 0.728655 0.716229 0.705892 0.697506 0.690961 0.686176 0.683092 0.681669 0.681892 0.683763 0.687304 0.665133 0.642476 0.622762 0.605637 0.590814 0.578059 0.567181 0.558023 0.550462 0.544397 0.539751 0.536464 0.534497 0.533826 0.534442 0.536353 0.539583 0.544171 0.550174 0.557669 0.566756 0.577559 0.590230 0.582724 0.576494 0.571759 0.568459 0.566554 0.566020 0.566853 0.569060 0.572670 0.577726 0.584293 0.592454 0.602318 0.614021 0.627729 0.643650 0.662035 0.683196 0.707515 0.735467 0.767644 0.804792 0.847865 0.898095 0.957102 1.000000 0.929991 0.871105 0.821092 0.778284 0.741415 0.709514 0.681819 0.657730 0.636767 0.618543 0.602745 0.589118 0.577453 0.567582 0.559368 0.552701 0.547495 0.543683 0.541218 0.540071 0.540228 0.540296 0.532740 0.526645 0.521930 0.518537 0.516424 0.515566 0.515951 0.517584 0.520486 0.524691 0.530253 0.537243 0.545751 0.555894 0.567815 0.581690 0.597736 0.616220 584.500000 1.407379 0.798271
