0.881086 0.848789 0.820684 0.796238 0.775018 0.756676 0.740926 0.727535 0.716314 0.707112 0.699808 0.694309 0.690546 0.688473 0.688066 0.689318 0.692246 0.696885 0.703292 0.711548 0.698169 0.675769 0.656294 0.639407 0.624835 0.612355 0.601785 0.592977 0.585815 0.580205 0.576076 0.573377 0.572074 0.572153 0.573614 0.576475 0.580771 0.586554 0.593900 0.602902 0.613683 0.626393 0.641217 0.658386 0.678177 0.689893 0.682419 0.676718 0.672719 0.670373 0.669650 0.670542 0.673061 0.677236 0.683119 0.690784 0.700330 0.711881 0.725598 0.741676 0.760355 0.781932 0.806770 0.835316 0.868124 0.905886 0.949474 1.000000 0.944344 0.892112 0.847288 0.808609 0.775092 0.745969 0.720629 0.698581 0.679431 0.662856 0.648597 0.636439 0.626209 0.617767 0.611003 0.605828 0.602180 0.600011 0.599297 0.600028 0.602214 0.593887 0.584332 0.576446 0.570126 0.565289 0.561877 0.559845 0.559171 0.559845 0.561877 0.565289 0.570126 0.576446 0.584332 0.593887 0.605242 0.618559 0.634037 0.651921 0.672509 0.696172 0.718036 0.713509 0.710740 0.709695 0.710362 0.712750 0.716886 0.722822 0.730632 0.740416 0.752302 0.766453 0.783069 0.802397 0.824741 0.850472 0.880049 0.914039 4770.500000 1.360633 0.832153
0.929996 0.899803 0.860813 0.826971 0.797538 0.771923 0.749653 0.730342 0.713676 0.699402 0.687311 0.677234 0.669038 0.662614 0.657883 0.654785 0.653282 0.653356 0.655009 0.658260 0.663149 0.669737 0.678107 0.688368 0.700658 0.715149 0.732053 0.751630 0.774200 0.800154 0.829977 0.864273 0.903796 0.930664 0.895737 0.865345 0.838903 0.815937 0.796061 0.778962 0.764386 0.752123 0.742007 0.733904 0.727711 0.723349 0.720765 0.719927 0.720826 0.723473 0.727899 0.734159 0.742331 0.752521 0.764862 0.779525 0.796717 0.816697 0.839780 0.866353 0.896895 0.931995 0.890198 0.849815 0.814815 0.784399 0.757932 0.734905 0.714908 0.697606 0.682728 0.670052 0.659398 0.650620 0.643602 0.638256 0.634514 0.632329 0.631677 0.632548 0.634953 0.638922 0.644503 0.651766 0.660805 0.671739 0.684719 0.699929 0.717599 0.738007 0.761499 0.788498 0.819528 0.855246 0.896476 0.944274 1.000000 0.964096 0.920542 0.882788 0.849976 0.821424 0.796584 0.775015 0.756357 0.740318 0.726659 0.715187 0.705745 0.698209 0.692484 0.688496 0.686198 0.685561 0.686578 0.689261 0.693643 0.699777 0.707741 0.717637 0.729596 0.743783 0.760400 0.779699 0.801985 0.827635 0.857112 0.890993 1010.500000 1.104578 0.780730
0.688670 0.674281 0.662043 0.651784 0.643364 0.636673 0.631625 0.628159 0.626231 0.625817 0.626914 0.629533 0.633708 0.639489 0.646949 0.656186 0.667320 0.680507 0.695936 0.713840 0.734506 0.758285 0.785612 0.817023 0.853192 0.894968 0.943436 1.000000 0.939071 0.884351 0.837563 0.797302 0.762486 0.732274 0.706001 0.683136 0.663254 0.646009 0.631119 0.618357 0.607535 0.598503 0.591138 0.585345 0.581052 0.578203 0.576765 0.576720 0.578067 0.580824 0.585022 0.590716 0.597976 0.602759 0.601716 0.602126 0.603991 0.607336 0.612202 0.618648 0.626758 0.636637 0.648419 0.662272 0.678399 0.697053 0.718541 0.743244 0.771631 0.804287 0.841947 0.885546 0.936285 0.917209 0.873804 0.836245 0.803638 0.775276 0.750594 0.729137 0.710538 0.694495 0.680764 0.669147 0.659481 0.651639 0.645517 0.641040 0.638150 0.636814 0.637015 0.638756 0.642057 0.646959 0.653523 0.661832 0.671995 0.684149 0.698464 0.715151 0.734467 0.756729 0.782327 0.811741 0.799182 0.774926 0.753861 0.735637 0.719966 0.706616 0.695397 0.686155 0.678770 0.673146 0.669214 0.666925 0.666251 0.667184 0.669736 0.673937 0.679839 0.687516 0.697067 0.708618 0.722328 0.738393 0.724802 0.705423 7374.000000 1.069033 0.782020
0.968201 0.993907 0.912269 0.844906 0.788576 0.740961 0.700360 0.665497 0.635398 0.609309 0.586635 0.566905 0.549740 0.534834 0.521940 0.510855 0.501413 0.493481 0.486952 0.481738 0.477773 0.475008 0.473409 0.472956 0.473644 0.475482 0.478490 0.482708 0.488187 0.494997 0.503230 0.512999 0.524442 0.537733 0.553082 0.570748 0.591051 0.614386 0.641248 0.672260 0.708217 0.750147 0.799401 0.857790 0.927791 1.000000 0.924799 0.862049 0.809098 0.764010 0.725337 0.691978 0.663079 0.637972 0.616128 0.597121 0.580608 0.566311 0.554005 0.543503 0.534656 0.527343 0.521466 0.516950 0.513739 0.511793 0.511089 0.511617 0.513384 0.516412 0.520737 0.526415 0.533517 0.542138 0.552394 0.564432 0.578431 0.594610 0.613241 0.634655 0.659265 0.687584 0.720257 0.758109 0.802199 0.853918 0.915122 0.906976 0.845390 0.793426 0.749180 0.711231 0.678498 0.650142 0.625507 0.604074 0.585424 0.569221 0.555193 0.543117 0.532811 0.524127 0.516948 0.511178 0.506742 0.503586 0.501669 0.500970 0.501478 0.503202 0.506161 0.510391 0.515947 0.522898 0.531337 0.541378 0.553164 0.566871 0.582713 0.600957 0.621926 0.646024 0.673753 0.705746 0.742808 0.785976 0.836611 0.896527 1118.500000 1.099375 0.602558
0.817792 0.850101 0.887292 0.920280 0.887097 0.858219 0.833106 0.811319 0.792504 0.776369 0.762679 0.751242 0.741904 0.734543 0.729065 0.725404 0.723513 0.723370 0.724974 0.728343 0.733519 0.740566 0.749572 0.760656 0.773965 0.789684 0.808042 0.829320 0.853861 0.882088 0.880721 0.845379 0.814652 0.787911 0.764654 0.744472 0.727035 0.712072 0.699364 0.688731 0.680031 0.673148 0.667997 0.664513 0.662654 0.662395 0.663736 0.666691 0.671297 0.677611 0.685713 0.695707 0.707727 0.721939 0.738549 0.757811 0.780033 0.805598 0.834974 0.868747 0.907645 0.952592 1.000000 0.946858 0.901141 0.861616 0.827321 0.797499 0.771547 0.748978 0.729399 0.712491 0.697992 0.685690 0.675413 0.667023 0.660411 0.655491 0.652205 0.650510 0.650387 0.651833 0.654868 0.659527 0.665869 0.673973 0.683945 0.695918 0.710059 0.726573 0.745712 0.767787 0.793178 0.822355 0.855901 0.894547 0.939218 0.991097 0.968483 0.920302 0.878705 0.842647 0.811310 0.784041 0.760318 0.739717 0.721897 0.706578 0.693531 0.682572 0.673551 0.666350 0.660876 0.657062 0.654860 0.654243 0.655205 0.657757 0.661929 0.667773 0.675364 0.684797 0.696199 0.709725 0.725570 0.743972 0.765223 0.789683 8125.000000 1.027524 0.775491
0.890685 0.848582 0.812148 0.780517 0.753003 0.729060 0.708246 0.690204 0.674644 0.661327 0.650062 0.640692 0.633092 0.627163 0.622830 0.620041 0.618760 0.618973 0.620681 0.623907 0.628688 0.635086 0.643180 0.653076 0.664909 0.678844 0.695087 0.687944 0.661358 0.638231 0.618105 0.600613 0.585455 0.572388 0.561214 0.551772 0.543931 0.537587 0.532657 0.529080 0.526812 0.525824 0.526105 0.527658 0.530502 0.534672 0.540220 0.547216 0.555752 0.565944 0.577935 0.591902 0.608062 0.626681 0.648087 0.672685 0.700979 0.733602 0.771360 0.815286 0.866730 0.927489 1.000000 0.943375 0.883697 0.833007 0.789616 0.752244 0.719906 0.691831 0.667412 0.646161 0.627687 0.611673 0.597860 0.586038 0.576035 0.567712 0.560959 0.555688 0.551831 0.549343 0.548191 0.548362 0.549858 0.552698 0.556916 0.562565 0.569715 0.578462 0.588922 0.601242 0.615604 0.632229 0.651390 0.673421 0.698737 0.727853 0.712704 0.689855 0.669988 0.652763 0.637899 0.625169 0.614389 0.605408 0.598106 0.592389 0.588183 0.585436 0.584116 0.584206 0.585708 0.588638 0.593035 0.598951 0.606462 0.615666 0.626686 0.639678 0.654830 0.672377 0.692604 0.715864 0.742593 0.773329 0.808753 0.849723 2274.000000 1.352742 0.745461
1.000000 0.909733 0.827390 0.760396 0.705010 0.658623 0.619364 0.585854 0.557056 0.532179 0.510607 0.491854 0.475535 0.461340 0.449017 0.438365 0.429217 0.421437 0.414915 0.409564 0.405314 0.402109 0.399911 0.398692 0.398437 0.399143 0.400820 0.403486 0.407176 0.411936 0.417826 0.424926 0.433333 0.443169 0.454583 0.467756 0.482914 0.500333 0.520356 0.543412 0.570043 0.600941 0.637004 0.679130 0.648899 0.622680 0.599887 0.580052 0.562799 0.547825 0.534881 0.523768 0.514321 0.506407 0.499920 0.494773 0.490901 0.488257 0.486808 0.486536 0.487438 0.489524 0.492821 0.497369 0.503226 0.510466 0.519187 0.529509 0.541580 0.555585 0.571747 0.590342 0.611710 0.636275 0.664562 0.697240 0.735160 0.779427 0.831499 0.860734 0.771389 0.700377 0.642755 0.595218 0.555475 0.521886 0.493247 0.468659 0.447432 0.429034 0.413045 0.399131 0.387027 0.376515 0.367421 0.359602 0.352941 0.347344 0.342735 0.339052 0.336250 0.334291 0.333154 0.332823 0.333295 0.334576 0.336681 0.339635 0.343477 0.348256 0.354034 0.360891 0.368925 0.378258 0.389036 0.401442 0.415699 0.432086 0.450949 0.472725 0.497971 0.527408 0.561983 0.602964 0.652085 0.711788 0.785608 0.878873 15528.500000 1.577591 0.559686
0.880239 0.906471 0.936640 0.971307 1.000000 0.954230 0.914572 0.880116 0.850135 0.824049 0.801389 0.781776 0.764898 0.750503 0.738386 0.728381 0.720356 0.714207 0.709858 0.707255 0.706367 0.702481 0.693435 0.686251 0.680838 0.677128 0.675076 0.674657 0.675865 0.678716 0.683243 0.689504 0.697577 0.707566 0.719604 0.733857 0.750530 0.769877 0.792206 0.817899 0.847424 0.881364 0.883533 0.861288 0.842115 0.825722 0.811874 0.800379 0.791085 0.783870 0.778645 0.775344 0.773928 0.774379 0.776703 0.780928 0.787106 0.795313 0.805655 0.818267 0.833319 0.851024 0.871643 0.895497 0.922979 0.912472 0.887501 0.865891 0.847302 0.831454 0.818124 0.807127 0.798320 0.791590 0.786852 0.784048 0.783144 0.784129 0.787014 0.791836 0.798653 0.807550 0.811918 0.788458 0.768114 0.750555 0.735514 0.722771 0.712149 0.703504 0.696725 0.691726 0.688445 0.686842 0.686897 0.688612 0.692006 0.697121 0.704022 0.712794 0.723553 0.736444 0.751645 0.769380 0.789921 0.813603 0.840837 0.872131 0.858325 0.838574 0.821646 0.807294 0.795319 0.785558 0.777885 0.772203 0.768441 0.766553 0.766517 0.768331 0.772019 0.777624 0.785217 0.794893 0.806779 0.821034 0.837856 0.857491 1168.000000 1.156575 0.866324
0.845069 0.872698 0.875757 0.855539 0.838208 0.823510 0.811239 0.801230 0.793353 0.787508 0.783623 0.781649 0.781564 0.783366 0.787076 0.792741 0.800430 0.810241 0.822301 0.836771 0.853854 0.873798 0.896908 0.923559 0.913250 0.886828 0.863915 0.844138 0.827195 0.812838 0.800867 0.791122 0.783477 0.777833 0.774122 0.772298 0.772338 0.774244 0.778039 0.783768 0.791503 0.801342 0.813413 0.827878 0.844940 0.864846 0.887904 0.914489 0.922582 0.889699 0.861083 0.836202 0.814626 0.796005 0.780053 0.766538 0.755272 0.746104 0.738915 0.733613 0.730134 0.728433 0.728492 0.730310 0.733910 0.739335 0.746653 0.755957 0.767368 0.781038 0.797161 0.815969 0.837754 0.862870 0.891753 0.919767 0.892095 0.868070 0.847293 0.829439 0.814243 0.801489 0.791005 0.782653 0.776327 0.771946 0.769458 0.768832 0.770061 0.773160 0.778165 0.785140 0.794171 0.805376 0.818902 0.834936 0.853708 0.875501 0.900663 0.929620 0.962897 1.000000 0.955692 0.917260 0.883846 0.854769 0.829478 0.807530 0.788564 0.772287 0.758458 0.746883 0.737407 0.729904 0.724279 0.720463 0.718409 0.718091 0.719506 0.722671 0.727625 0.734428 0.743168 0.753956 0.766936 0.782289 0.800237 0.821052 1622.500000 1.081191 0.858727
0.748691 0.722333 0.692375 0.666345 0.643695 0.623989 0.606872 0.592057 0.579311 0.568442 0.559296 0.551748 0.545699 0.541069 0.537803 0.535859 0.535213 0.535859 0.537803 0.541069 0.545699 0.551748 0.559296 0.568442 0.579311 0.592057 0.606872 0.623989 0.643695 0.666345 0.692375 0.722333 0.756906 0.758180 0.750493 0.744735 0.740837 0.738750 0.738448 0.739928 0.743209 0.748329 0.755353 0.764369 0.775493 0.788875 0.804699 0.823194 0.844643 0.869389 0.897858 0.930572 0.968181 0.976546 0.919274 0.870329 0.828227 0.791830 0.760252 0.732793 0.708897 0.688116 0.670086 0.654514 0.641159 0.629825 0.620353 0.612615 0.606512 0.601965 0.598917 0.597332 0.597190 0.598490 0.601247 0.605496 0.611287 0.618696 0.622903 0.609155 0.597409 0.587497 0.579280 0.572651 0.567523 0.563833 0.561534 0.560600 0.561017 0.562792 0.565946 0.570518 0.576565 0.584163 0.593413 0.604440 0.617401 0.632486 0.646418 0.662569 0.681231 0.702717 0.727411 0.755792 0.788454 0.826146 0.869824 0.920720 0.980451 1.000000 0.957855 0.921248 0.889400 0.861687 0.837605 0.816747 0.798781 0.783434 0.770487 0.759762 0.751116 0.744438 0.739643 0.736674 0.735493 0.736086 0.738460 0.742645 973.000000 1.361099 0.795590
1.000000 0.995661 0.942308 0.896431 0.856782 0.822390 0.792487 0.766465 0.743832 0.724191 0.707222 0.692660 0.680291 0.669942 0.661473 0.654773 0.649757 0.646362 0.644547 0.644291 0.645589 0.648458 0.652933 0.659068 0.666942 0.674145 0.676876 0.681278 0.687403 0.695330 0.705161 0.717026 0.731088 0.747550 0.766660 0.788722 0.814112 0.843289 0.876826 0.915438 0.959691 0.942581 0.928267 0.916557 0.907297 0.900369 0.895688 0.893196 0.892863 0.894685 0.898684 0.904908 0.913435 0.924372 0.937862 0.954083 0.973261 0.955218 0.913108 0.876577 0.844814 0.817172 0.793131 0.772272 0.754253 0.738794 0.725670 0.714695 0.705722 0.698634 0.693340 0.689776 0.687896 0.687679 0.689122 0.692242 0.697078 0.703688 0.712157 0.722595 0.735140 0.749968 0.753452 0.744197 0.736920 0.731529 0.727958 0.726162 0.726120 0.727831 0.731316 0.736618 0.743803 0.752961 0.764211 0.777704 0.793629 0.812217 0.833753 0.858588 0.887150 0.919970 0.957708 0.942370 0.914612 0.890526 0.869718 0.851866 0.836706 0.824028 0.813659 0.805463 0.799338 0.795206 0.793018 0.792746 0.794388 0.797962 0.803514 0.811110 0.820849 0.832854 0.847288 0.864350 0.884287 0.907403 0.934071 0.964748 6044.500000 1.203150 0.842076
0.762717 0.743054 0.726086 0.711551 0.699238 0.688975 0.680625 0.674080 0.669256 0.666094 0.664556 0.664622 0.666293 0.669590 0.674552 0.681243 0.689745 0.700171 0.712660 0.727386 0.744566 0.764463 0.787401 0.813780 0.844092 0.878948 0.919117 0.965571 0.941277 0.896421 0.857619 0.823939 0.794646 0.769154 0.746991 0.727773 0.711189 0.696986 0.684958 0.674935 0.666785 0.660401 0.655704 0.652633 0.651153 0.651244 0.652909 0.656167 0.661059 0.667644 0.676007 0.686256 0.698530 0.712999 0.729876 0.749421 0.771952 0.797861 0.827634 0.861871 0.901328 0.946961 1.000000 0.980525 0.925541 0.878400 0.837749 0.802542 0.771959 0.745352 0.722199 0.702082 0.684660 0.669656 0.656843 0.646039 0.637095 0.629892 0.624337 0.620360 0.617913 0.616966 0.617507 0.619543 0.623098 0.628217 0.634962 0.643422 0.653705 0.665953 0.680339 0.697077 0.716428 0.738715 0.764334 0.793774 0.827647 0.866721 0.911973 0.964663 0.951269 0.913504 0.880665 0.852085 0.827233 0.805675 0.787061 0.771102 0.757567 0.746266 0.737046 0.729788 0.724400 0.720814 0.718987 0.718897 0.720543 0.723944 0.729143 0.736203 0.745214 0.756293 0.769588 0.785285 0.803611 0.824848 0.811470 0.785391 13906.000000 1.066712 0.765089
0.716263 0.759951 0.811397 0.872568 0.946180 1.000000 0.919945 0.853661 0.798080 0.750994 0.710771 0.676183 0.646291 0.620360 0.597815 0.578195 0.561131 0.546323 0.533530 0.522552 0.513228 0.505427 0.499044 0.493995 0.490217 0.487662 0.486299 0.486111 0.487097 0.489267 0.492649 0.497285 0.503232 0.498366 0.486868 0.477012 0.468654 0.461677 0.455986 0.451509 0.448189 0.445983 0.444865 0.444822 0.445853 0.447970 0.451200 0.455582 0.461172 0.468042 0.476285 0.486016 0.497375 0.510538 0.525717 0.543175 0.563236 0.586302 0.612877 0.643601 0.679289 0.721008 0.770162 0.828651 0.899098 0.985231 0.952952 0.885470 0.828777 0.780675 0.739534 0.704124 0.673498 0.646918 0.623803 0.603686 0.586195 0.571026 0.557932 0.546712 0.537204 0.529274 0.522816 0.517746 0.514000 0.511531 0.510309 0.510319 0.511562 0.514052 0.517820 0.522913 0.529395 0.537351 0.546887 0.558136 0.571263 0.586470 0.577840 0.558980 0.542579 0.528349 0.516058 0.505516 0.496568 0.489089 0.482978 0.478156 0.474562 0.472150 0.470891 0.470769 0.471784 0.473948 0.477287 0.481842 0.487671 0.494850 0.503474 0.513664 0.525567 0.539364 0.555280 0.573587 0.594624 0.618810 0.646671 0.678871 16716.000000 1.832692 0.649852
0.734760 0.728193 0.723470 0.720533 0.719345 0.719892 0.722182 0.726241 0.732120 0.739892 0.749656 0.761541 0.775707 0.792355 0.811732 0.834140 0.859951 0.889622 0.897622 0.858525 0.824594 0.795087 0.769407 0.747078 0.727713 0.710995 0.696669 0.684525 0.674394 0.666140 0.659656 0.654859 0.651690 0.650110 0.650101 0.651661 0.654810 0.659586 0.666048 0.674279 0.684386 0.696503 0.710801 0.727487 0.721192 0.716103 0.712791 0.711214 0.711355 0.713214 0.716814 0.722199 0.729436 0.738618 0.749863 0.763323 0.779186 0.797685 0.819106 0.843797 0.872190 0.904815 0.942335 0.985578 1.000000 0.949383 0.905721 0.867897 0.835037 0.806446 0.781568 0.759956 0.741244 0.725137 0.711392 0.699813 0.690241 0.682549 0.676639 0.672437 0.669891 0.668969 0.669661 0.671974 0.675938 0.681601 0.689033 0.694373 0.684364 0.676245 0.669911 0.665283 0.662302 0.660934 0.661161 0.662985 0.666430 0.671537 0.678369 0.687014 0.697585 0.710224 0.725108 0.742456 0.762537 0.785679 0.812289 0.842865 0.878032 0.886454 0.863228 0.843167 0.825962 0.811361 0.799159 0.789192 0.781329 0.775471 0.771545 0.769503 0.769321 0.770995 0.774547 0.780020 0.781542 0.766486 0.753782 0.743253 1393.500000 1.182128 0.845489
0.902068 0.947371 1.000000 0.988627 0.932086 0.883676 0.841975 0.805885 0.774552 0.747297 0.723579 0.702962 0.685091 0.669680 0.656494 0.645342 0.636069 0.628551 0.622692 0.618417 0.615674 0.614428 0.614665 0.616388 0.619618 0.624393 0.630774 0.638842 0.648702 0.660487 0.674363 0.690534 0.709250 0.705262 0.692764 0.682317 0.673780 0.667040 0.662013 0.658636 0.656868 0.656687 0.658091 0.661097 0.665743 0.672084 0.680201 0.690201 0.702215 0.716412 0.732997 0.752223 0.774401 0.799911 0.829226 0.862928 0.862031 0.837009 0.815308 0.796575 0.780521 0.766912 0.755559 0.746309 0.739041 0.733664 0.730111 0.728338 0.728325 0.730070 0.733595 0.738942 0.746180 0.755398 0.766717 0.780289 0.796303 0.814992 0.836644 0.825755 0.793593 0.765618 0.741272 0.720109 0.701764 0.685942 0.672402 0.660948 0.651420 0.643692 0.637663 0.633257 0.630421 0.629118 0.629334 0.631070 0.634349 0.639210 0.645714 0.653943 0.664004 0.676035 0.690202 0.706716 0.715718 0.701265 0.689011 0.678785 0.670450 0.663898 0.659044 0.655829 0.654214 0.654179 0.655724 0.658866 0.663646 0.670122 0.678375 0.688514 0.700674 0.715025 0.731776 0.751184 0.773563 0.799302 0.828878 0.862885 1042.500000 1.238759 0.824196
0.985897 1.000000 0.903357 0.825561 0.761792 0.708752 0.664114 0.626184 0.593706 0.565726 0.541511 0.520486 0.502198 0.486282 0.472448 0.460458 0.450119 0.441273 0.433794 0.427576 0.422538 0.418614 0.415755 0.413924 0.413101 0.413275 0.414447 0.416633 0.419859 0.424165 0.429606 0.436253 0.444196 0.453546 0.464441 0.477050 0.491581 0.508287 0.527484 0.549564 0.575019 0.604474 0.638731 0.678838 0.726185 0.782660 0.850881 0.816813 0.772501 0.734427 0.701540 0.673025 0.648238 0.626667 0.607904 0.591615 0.577531 0.565433 0.555141 0.546510 0.539423 0.533787 0.529530 0.526599 0.524958 0.524587 0.525482 0.527653 0.531127 0.535946 0.542172 0.549885 0.559187 0.570206 0.583101 0.598067 0.615343 0.635222 0.658068 0.684327 0.714563 0.749483 0.789993 0.837263 0.802164 0.743022 0.693558 0.651741 0.616079 0.585455 0.559014 0.536094 0.516174 0.498840 0.483760 0.470665 0.459339 0.449602 0.441310 0.434346 0.428616 0.424042 0.420568 0.418149 0.416756 0.416373 0.416993 0.418626 0.421290 0.425019 0.429859 0.435873 0.443140 0.451760 0.461858 0.473584 0.487124 0.502709 0.520620 0.541206 0.564904 0.592264 0.623990 0.660989 0.704456 0.755992 0.817790 0.892933 3449.500000 1.341942 0.585893
0.747270 0.814108 0.896448 1.000000 0.935352 0.863019 0.802867 0.752247 0.709239 0.672415 0.640694 0.613241 0.589406 0.568674 0.550631 0.534948 0.521354 0.509631 0.499601 0.491119 0.484066 0.478350 0.473895 0.470645 0.468561 0.467617 0.467801 0.469117 0.471578 0.475217 0.480078 0.486223 0.493732 0.502706 0.513272 0.525586 0.539837 0.556260 0.575143 0.596841 0.621796 0.650566 0.683855 0.722568 0.767889 0.739768 0.701909 0.669271 0.641009 0.616462 0.595106 0.576523 0.560375 0.546387 0.534336 0.524040 0.515352 0.508151 0.502342 0.497851 0.494620 0.492610 0.491796 0.492168 0.493732 0.496505 0.500522 0.505833 0.512507 0.520629 0.530311 0.541690 0.554935 0.570251 0.587893 0.608174 0.631479 0.658291 0.689215 0.725020 0.766697 0.815543 0.873282 0.942264 0.916635 0.830308 0.760516 0.703110 0.655230 0.614842 0.580460 0.550978 0.525550 0.503526 0.484393 0.467746 0.453262 0.440677 0.429780 0.420397 0.412387 0.405635 0.400049 0.395555 0.392095 0.389626 0.388116 0.387549 0.387916 0.389222 0.391483 0.394728 0.398995 0.404341 0.410835 0.418566 0.427644 0.438203 0.450410 0.464466 0.480624 0.499192 0.520557 0.545205 0.573754 0.607001 0.645991 0.692114 1615.500000 1.368572 0.582394
0.934234 0.900730 0.871573 0.846219 0.824228 0.805242 0.788969 0.775171 0.763655 0.754267 0.746885 0.741414 0.737788 0.735961 0.735911 0.737639 0.741164 0.746531 0.753805 0.763078 0.774471 0.788138 0.776397 0.765961 0.757604 0.751217 0.746720 0.744059 0.743201 0.744136 0.746874 0.751450 0.757919 0.766363 0.776890 0.789639 0.804784 0.822542 0.843178 0.867020 0.894466 0.926010 0.962264 1.000000 0.967535 0.939304 0.914815 0.893668 0.875539 0.860162 0.847321 0.836845 0.828596 0.822470 0.818392 0.816310 0.816200 0.818061 0.821915 0.827810 0.835817 0.846039 0.847496 0.825492 0.806495 0.790214 0.776411 0.764893 0.755505 0.748125 0.742659 0.739041 0.737225 0.737189 0.738934 0.742480 0.747870 0.755172 0.764477 0.775908 0.789616 0.805794 0.824677 0.846554 0.871781 0.855529 0.837351 0.821869 0.808861 0.798152 0.789600 0.783096 0.778559 0.775932 0.775184 0.776306 0.779312 0.784237 0.791143 0.800117 0.811273 0.824760 0.840762 0.859509 0.881283 0.906430 0.899163 0.878097 0.860019 0.844665 0.831818 0.821305 0.812989 0.806763 0.802551 0.800300 0.799984 0.801598 0.805163 0.810721 0.818342 0.828121 0.840186 0.854696 0.871854 0.891908 0.915162 0.941992 2227.000000 1.110597 0.888873
0.842285 0.838723 0.837199 0.837695 0.840216 0.844795 0.851486 0.860373 0.871570 0.885222 0.901516 0.920680 0.942997 0.968816 0.998561 1.000000 0.973831 0.951230 0.931849 0.915402 0.901661 0.890439 0.881591 0.875005 0.870597 0.868316 0.868132 0.870044 0.874075 0.880273 0.888717 0.899512 0.912799 0.903486 0.886359 0.871931 0.860004 0.850420 0.843056 0.837820 0.834646 0.833497 0.834358 0.837240 0.842178 0.849232 0.858491 0.870074 0.884133 0.900859 0.920490 0.943320 0.969706 0.953654 0.932995 0.915371 0.900530 0.888269 0.878424 0.870870 0.865513 0.862285 0.861148 0.862089 0.865118 0.870272 0.877615 0.887239 0.899266 0.913856 0.931207 0.951567 0.975239 0.984386 0.958823 0.936754 0.917840 0.901803 0.888421 0.877514 0.868939 0.862588 0.858382 0.856269 0.856225 0.858248 0.862363 0.868621 0.877098 0.887903 0.901175 0.909124 0.892338 0.878237 0.866630 0.857365 0.850322 0.845414 0.842581 0.841788 0.843026 0.846308 0.851677 0.859197 0.868963 0.881100 0.895770 0.913174 0.933561 0.957239 0.984582 0.992418 0.966875 0.944832 0.925954 0.909964 0.896640 0.885805 0.877316 0.871067 0.866980 0.865006 0.865120 0.867323 0.871643 0.865771 0.855725 0.847929 7511.500000 1.027666 0.916082
0.806951 0.824119 0.838427 0.820354 0.804943 0.791972 0.781265 0.772681 0.766108 0.761466 0.758696 0.757765 0.758662 0.761397 0.766004 0.772540 0.781086 0.791752 0.804679 0.797821 0.772167 0.749862 0.730519 0.713826 0.699526 0.687412 0.677314 0.669096 0.662653 0.657903 0.654787 0.653266 0.653323 0.654957 0.658190 0.663060 0.669627 0.677976 0.688214 0.700480 0.714944 0.731819 0.751363 0.743190 0.735041 0.728806 0.724406 0.721787 0.720917 0.721787 0.724406 0.728806 0.735041 0.743190 0.753357 0.765676 0.780315 0.797485 0.817440 0.840496 0.867040 0.897548 0.932610 0.972962 1.000000 0.948199 0.903570 0.864943 0.831404 0.802230 0.776841 0.754773 0.735647 0.719157 0.705050 0.693125 0.683214 0.675187 0.668938 0.664391 0.661487 0.660192 0.660491 0.662386 0.665901 0.671078 0.677983 0.686704 0.697353 0.687639 0.679654 0.673456 0.668966 0.666131 0.664914 0.665302 0.667299 0.670929 0.676237 0.683288 0.692173 0.703009 0.715941 0.731152 0.748867 0.769361 0.792972 0.820117 0.851310 0.880007 0.855186 0.833679 0.815144 0.799298 0.785914 0.774806 0.765828 0.758862 0.753822 0.750644 0.749291 0.749745 0.752013 0.756122 0.762122 0.770088 0.780121 0.792354 3485.000000 1.173867 0.865552
0.945360 0.906319 0.872394 0.842873 0.817190 0.794884 0.775582 0.758980 0.744831 0.732933 0.723124 0.715274 0.709283 0.705077 0.702603 0.701830 0.702751 0.705376 0.709736 0.715886 0.723903 0.733889 0.745977 0.760333 0.767244 0.745539 0.726731 0.710518 0.696654 0.684940 0.675212 0.667342 0.661229 0.656794 0.653983 0.652762 0.653116 0.655049 0.658585 0.663768 0.670661 0.679352 0.689956 0.702615 0.714229 0.705547 0.698736 0.693711 0.690409 0.688789 0.688833 0.690540 0.693932 0.699050 0.705957 0.714741 0.725516 0.738427 0.753655 0.771421 0.792000 0.815725 0.843009 0.874361 0.910413 0.951958 1.000000 0.960388 0.922031 0.888680 0.859655 0.834413 0.812512 0.793595 0.777369 0.763595 0.752082 0.742673 0.735246 0.729707 0.725986 0.724039 0.723841 0.725390 0.728705 0.733827 0.733318 0.711901 0.693323 0.677280 0.663525 0.651857 0.642112 0.634159 0.627895 0.623241 0.620138 0.618548 0.618453 0.619850 0.622758 0.627211 0.633265 0.640996 0.650505 0.661919 0.675397 0.691134 0.700771 0.697673 0.696271 0.696550 0.698512 0.702182 0.707605 0.714847 0.724001 0.735187 0.748556 0.764295 0.782636 0.803864 0.828326 0.856451 0.888771 0.925943 0.968796 0.990409 4866.000000 1.238073 0.846868
0.607876 0.616177 0.626237 0.638195 0.652219 0.668520 0.686053 0.694199 0.704257 0.716363 0.730682 0.747424 0.766841 0.789246 0.815022 0.844643 0.878694 0.917910 0.963219 1.000000 0.939379 0.887704 0.843343 0.805053 0.771867 0.743028 0.717933 0.696101 0.677140 0.660734 0.646626 0.634604 0.624498 0.616170 0.609510 0.604433 0.600876 0.598794 0.598163 0.598975 0.601239 0.604984 0.610254 0.617117 0.625661 0.635998 0.648271 0.643280 0.639636 0.637560 0.637027 0.638031 0.640583 0.644716 0.650479 0.657946 0.667212 0.678401 0.691666 0.707198 0.725230 0.746051 0.770012 0.797549 0.829200 0.865638 0.907714 0.904332 0.869664 0.839503 0.813257 0.790449 0.770692 0.753670 0.739125 0.726849 0.716673 0.708461 0.702107 0.697531 0.694678 0.693511 0.682022 0.670891 0.661685 0.654284 0.648592 0.644538 0.642071 0.641161 0.641798 0.643989 0.647762 0.653161 0.660255 0.669135 0.679917 0.692748 0.707811 0.725330 0.745580 0.768899 0.795702 0.826504 0.861947 0.902839 0.878590 0.834382 0.796236 0.763183 0.734464 0.709476 0.687734 0.668848 0.652502 0.638437 0.626443 0.616349 0.608016 0.601335 0.596220 0.592607 0.590451 0.589727 0.590425 0.592553 0.596139 0.601225 615.000000 1.248860 0.784911
0.813993 0.757364 0.709700 0.669197 0.634514 0.604634 0.578772 0.556318 0.536785 0.519788 0.505013 0.492208 0.481167 0.471721 0.463735 0.457098 0.451721 0.447535 0.444486 0.442538 0.441666 0.441860 0.443122 0.445467 0.448925 0.453538 0.459364 0.466481 0.474985 0.484994 0.496656 0.510152 0.525704 0.543585 0.564131 0.587764 0.615010 0.646538 0.683207 0.726141 0.776830 0.837295 0.910345 1.000000 0.936421 0.870678 0.815396 0.768456 0.728285 0.693693 0.663765 0.637786 0.615189 0.595525 0.578429 0.563608 0.550820 0.539872 0.530604 0.522887 0.516618 0.511716 0.508119 0.505781 0.504676 0.504788 0.506121 0.508689 0.512524 0.517674 0.524204 0.532200 0.541769 0.553045 0.566193 0.581417 0.598964 0.619142 0.642328 0.668992 0.699725 0.735274 0.776599 0.824952 0.881992 0.826111 0.776573 0.734310 0.698004 0.666649 0.639465 0.615836 0.595274 0.577387 0.561858 0.548428 0.536889 0.527069 0.518829 0.512058 0.506666 0.502584 0.499762 0.498165 0.497773 0.498583 0.500602 0.503858 0.508388 0.514251 0.521521 0.530296 0.540696 0.552871 0.567005 0.583321 0.602099 0.623677 0.648481 0.677038 0.710014 0.748263 0.792886 0.845334 0.907554 0.982215 0.965114 0.882072 1184.500000 1.194168 0.597422
0.771635 0.824092 0.861931 0.809407 0.764652 0.726246 0.693103 0.664384 0.639429 0.617715 0.598823 0.582414 0.568212 0.555994 0.545577 0.536812 0.529581 0.523786 0.519355 0.516231 0.514377 0.513769 0.514400 0.516278 0.519426 0.523882 0.529702 0.536962 0.545756 0.556205 0.568458 0.582699 0.599152 0.618094 0.639864 0.664884 0.693679 0.726912 0.765426 0.810311 0.862997 0.925394 0.938392 0.858930 0.793638 0.739226 0.693359 0.654336 0.620888 0.592050 0.567077 0.545386 0.526515 0.510095 0.495826 0.483466 0.472819 0.463724 0.456050 0.449692 0.444565 0.440603 0.437756 0.435990 0.435282 0.435624 0.437020 0.439487 0.443056 0.447771 0.453692 0.460897 0.469483 0.479573 0.491316 0.504895 0.520536 0.538515 0.559177 0.582947 0.610364 0.642111 0.679066 0.722382 0.773591 0.834778 0.908854 1.000000 0.972858 0.895752 0.831827 0.778168 0.732671 0.693779 0.660318 0.631387 0.606285 0.584456 0.565460 0.548940 0.534610 0.522234 0.511624 0.502622 0.495105 0.488969 0.484135 0.480543 0.478147 0.476918 0.476841 0.477915 0.480153 0.483583 0.488247 0.494204 0.501531 0.510327 0.520714 0.532842 0.546898 0.563109 0.581754 0.603180 0.627814 0.656195 0.689001 0.727104 4947.000000 1.215398 0.596021
1.000000 0.964138 0.932928 0.905790 0.882251 0.861928 0.844509 0.829740 0.817414 0.807365 0.799462 0.793607 0.789725 0.787769 0.787717 0.789566 0.793339 0.799083 0.806869 0.816796 0.828991 0.830914 0.784982 0.745564 0.711549 0.682073 0.656460 0.634174 0.614784 0.597942 0.583366 0.570827 0.560136 0.555891 0.555181 0.555810 0.557785 0.561132 0.565890 0.572119 0.579900 0.589335 0.600552 0.613712 0.629011 0.646690 0.667045 0.690440 0.717327 0.748269 0.783974 0.811086 0.800779 0.792616 0.786494 0.782335 0.780090 0.779731 0.781253 0.784675 0.790039 0.797411 0.806884 0.818581 0.832657 0.849308 0.868773 0.891350 0.917401 0.947371 0.965743 0.924349 0.888410 0.857148 0.829943 0.806295 0.785798 0.768122 0.752997 0.740205 0.729569 0.720947 0.714226 0.709323 0.706176 0.704747 0.705019 0.706996 0.710700 0.716177 0.723497 0.732750 0.744060 0.757577 0.738305 0.713996 0.692853 0.674505 0.658649 0.645039 0.633476 0.623797 0.615870 0.609592 0.604883 0.601685 0.599959 0.599682 0.600853 0.603486 0.607611 0.613281 0.620567 0.629563 0.640389 0.650085 0.660523 0.672949 0.687539 0.704511 0.724131 0.746725 0.772696 0.802542 0.836883 0.876501 0.922388 0.975827 1701.500000 1.226469 0.816993
0.907366 0.960046 0.919920 0.874155 0.834644 0.800394 0.770628 0.744727 0.722193 0.702626 0.685699 0.671148 0.658755 0.648345 0.639777 0.632937 0.627738 0.624115 0.622023 0.621438 0.622351 0.624775 0.628738 0.634289 0.641499 0.650459 0.661289 0.674137 0.689188 0.706667 0.726853 0.750086 0.744506 0.719133 0.697057 0.677881 0.661282 0.646997 0.634814 0.624558 0.616089 0.609294 0.604087 0.600403 0.598195 0.597438 0.598122 0.600255 0.603863 0.608991 0.615703 0.624085 0.634246 0.646328 0.660500 0.676976 0.696014 0.717933 0.743126 0.772080 0.805400 0.843850 0.888404 0.940315 1.000000 0.939656 0.888199 0.844012 0.805863 0.772795 0.744055 0.719047 0.697290 0.678397 0.662054 0.648005 0.636039 0.625989 0.617716 0.611111 0.606092 0.602593 0.600574 0.600009 0.600891 0.603231 0.607057 0.612417 0.619378 0.628029 0.638486 0.650891 0.665423 0.682299 0.701789 0.724221 0.750000 0.779630 0.764741 0.738511 0.715688 0.695859 0.678690 0.663908 0.651293 0.640663 0.631871 0.624803 0.619367 0.615494 0.613138 0.612268 0.612876 0.614968 0.618570 0.623725 0.630499 0.638977 0.649273 0.661525 0.675908 0.692637 0.711973 0.734239 0.759833 0.789245 0.823089 0.862136 2213.500000 1.271645 0.762278
0.830779 0.796829 0.767321 0.741644 0.719306 0.699911 0.683137 0.668722 0.656451 0.646151 0.637682 0.630932 0.625815 0.622268 0.620247 0.619726 0.620701 0.623183 0.627201 0.632806 0.640068 0.649081 0.659963 0.672865 0.687972 0.691442 0.664641 0.641327 0.621039 0.603404 0.588120 0.574943 0.563671 0.554142 0.546224 0.539811 0.534821 0.531189 0.528873 0.527842 0.522234 0.517064 0.513219 0.510652 0.509332 0.509242 0.510381 0.512764 0.516418 0.521391 0.527744 0.535559 0.544942 0.556024 0.568964 0.583961 0.601259 0.621154 0.644015 0.670300 0.700582 0.735585 0.776238 0.823748 0.879711 0.946277 1.000000 0.937536 0.884422 0.838916 0.799696 0.765741 0.736254 0.710602 0.688280 0.668880 0.652071 0.637585 0.625202 0.614743 0.606065 0.599051 0.593612 0.581481 0.567099 0.554714 0.544142 0.535231 0.527858 0.521925 0.517357 0.514096 0.512102 0.511350 0.511832 0.513553 0.516534 0.520812 0.526441 0.533491 0.542057 0.552254 0.564228 0.576321 0.570795 0.566727 0.564065 0.562778 0.562849 0.564280 0.567088 0.571307 0.576990 0.584209 0.593057 0.603654 0.616148 0.630722 0.647600 0.667057 0.689432 0.715143 0.744709 0.778783 0.818189 0.863989 0.915288 0.869939 1814.000000 1.342439 0.756899
0.535950 0.537918 0.541209 0.545863 0.551940 0.559516 0.568692 0.579594 0.592377 0.607232 0.624395 0.644153 0.666861 0.692959 0.722996 0.757663 0.797840 0.844666 0.854833 0.827427 0.803599 0.782938 0.765110 0.749842 0.736912 0.726140 0.717382 0.710524 0.705479 0.702185 0.700602 0.700710 0.702511 0.706026 0.711299 0.718395 0.727404 0.738443 0.751661 0.767243 0.785417 0.763733 0.740943 0.721161 0.704060 0.689373 0.676884 0.666416 0.657828 0.651006 0.645865 0.642339 0.640386 0.639983 0.641123 0.643821 0.648109 0.654042 0.661693 0.671161 0.682572 0.696084 0.711891 0.730233 0.751403 0.775762 0.803755 0.835932 0.837659 0.803918 0.774584 0.749056 0.726853 0.707583 0.690931 0.676636 0.664490 0.654320 0.645990 0.639391 0.634437 0.631069 0.629244 0.628940 0.630154 0.632900 0.637212 0.643144 0.638924 0.634216 0.631087 0.629498 0.629429 0.630880 0.633869 0.638431 0.644623 0.652524 0.662236 0.673890 0.687648 0.703710 0.722321 0.743785 0.768471 0.796837 0.829453 0.867031 0.910472 0.960934 1.000000 0.928081 0.867762 0.816653 0.772989 0.735438 0.702982 0.674826 0.650345 0.629041 0.610512 0.594435 0.580545 0.568628 0.558510 0.550046 0.543125 0.537655 1364.000000 1.037895 0.773256
0.849884 0.873613 0.845218 0.820525 0.799104 0.780607 0.764746 0.751292 0.740055 0.730883 0.723659 0.718289 0.714707 0.712870 0.712755 0.714360 0.717706 0.722833 0.729804 0.738708 0.749661 0.762291 0.750933 0.741668 0.734376 0.728966 0.725369 0.723543 0.723464 0.725132 0.728566 0.733810 0.740927 0.750009 0.761172 0.774567 0.790380 0.808841 0.785820 0.764157 0.745404 0.729264 0.715495 0.703901 0.694323 0.686633 0.680735 0.676552 0.674035 0.673152 0.673892 0.676266 0.680301 0.686046 0.693575 0.702983 0.714395 0.727966 0.743889 0.762403 0.783798 0.808432 0.836746 0.869285 0.906730 0.949938 1.000000 0.972580 0.923000 0.880247 0.843221 0.811059 0.783077 0.758729 0.737573 0.719250 0.703469 0.689992 0.678626 0.669214 0.661632 0.655782 0.651591 0.649006 0.647997 0.648551 0.650675 0.654394 0.659755 0.666824 0.675691 0.682063 0.681029 0.681637 0.683896 0.687832 0.693494 0.700952 0.710303 0.721668 0.735203 0.751100 0.769594 0.790975 0.815600 0.843905 0.853483 0.829881 0.809446 0.791855 0.776844 0.764198 0.753745 0.745344 0.738890 0.734300 0.731518 0.730510 0.731265 0.733790 0.738117 0.744300 0.752414 0.762566 0.774886 0.789545 0.806751 0.826759 3689.500000 1.035739 0.850335
0.841842 0.822650 0.806213 0.792291 0.780690 0.771256 0.763865 0.758424 0.754866 0.753146 0.753246 0.755164 0.758926 0.764576 0.772186 0.781850 0.793696 0.807883 0.810014 0.778539 0.751160 0.727334 0.706623 0.688672 0.673192 0.659948 0.648747 0.639435 0.631888 0.626006 0.621718 0.618969 0.617725 0.617972 0.619713 0.622969 0.627780 0.634205 0.642327 0.652251 0.664111 0.678075 0.694347 0.713180 0.734882 0.737629 0.740096 0.744380 0.750532 0.758629 0.768776 0.781104 0.795783 0.813021 0.833072 0.856253 0.882949 0.913635 0.948900 0.945242 0.893589 0.849228 0.810924 0.777719 0.748860 0.723747 0.701899 0.682929 0.666521 0.652418 0.640410 0.630327 0.622032 0.615416 0.610394 0.606904 0.604902 0.604365 0.608701 0.621681 0.636795 0.654277 0.674417 0.697570 0.724175 0.754781 0.790076 0.830933 0.878478 0.934182 1.000000 0.943322 0.887914 0.840567 0.799843 0.764639 0.734098 0.707542 0.684431 0.664332 0.646894 0.631831 0.618911 0.607944 0.598776 0.591283 0.585369 0.581291 0.583905 0.587966 0.593524 0.600648 0.609432 0.619992 0.632475 0.647063 0.663976 0.683488 0.705933 0.731725 0.761378 0.795532 0.835001 0.880823 0.934349 0.919231 0.889731 0.864082 7118.000000 1.097553 0.750074
