0.761213 0.732002 0.706589 0.684475 0.665257 0.648609 0.634264 0.622006 0.611659 0.603079 0.596153 0.590792 0.586927 0.584512 0.583516 0.583928 0.585753 0.589012 0.593747 0.600015 0.607897 0.617497 0.628944 0.642401 0.658065 0.676183 0.697053 0.721045 0.748615 0.780332 0.816910 0.859258 0.908545 0.966300 1.000000 0.956200 0.918195 0.885146 0.856386 0.831375 0.809679 0.790943 0.774880 0.761253 0.749873 0.740586 0.733271 0.727835 0.724211 0.722355 0.722243 0.723875 0.727271 0.732472 0.739542 0.748571 0.759675 0.745894 0.733893 0.723989 0.716051 0.709977 0.705690 0.703139 0.702292 0.703139 0.705690 0.709977 0.716051 0.723989 0.733893 0.745894 0.760156 0.776881 0.796321 0.818781 0.804820 0.784768 0.767494 0.752739 0.740290 0.729976 0.721660 0.715235 0.710620 0.707759 0.706616 0.707178 0.709451 0.713463 0.719264 0.726925 0.736544 0.748248 0.762196 0.778586 0.797659 0.795690 0.777250 0.761439 0.748025 0.736819 0.727671 0.720462 0.715100 0.711519 0.709674 0.709544 0.711127 0.714442 0.719530 0.726453 0.735300 0.746184 0.759252 0.774685 0.792709 0.813597 0.837689 0.865400 0.897242 0.933852 0.976029 0.993164 0.931340 0.878756 0.833693 0.794848 1495.000000 1.154646 0.803758
0.805869 0.844165 0.888529 0.940207 1.000000 0.966859 0.938032 0.913010 0.891379 0.872804 0.857009 0.843773 0.832915 0.824294 0.817800 0.813351 0.810893 0.810396 0.803565 0.773354 0.747068 0.724196 0.704331 0.687137 0.672343 0.659729 0.649115 0.640355 0.633333 0.627961 0.624170 0.621913 0.621164 0.621913 0.624170 0.627961 0.633333 0.640355 0.649115 0.659729 0.672343 0.687137 0.704331 0.717668 0.708683 0.701589 0.696297 0.692740 0.690876 0.690681 0.692153 0.695310 0.700190 0.706855 0.715387 0.725898 0.738529 0.753454 0.770890 0.791103 0.814419 0.841240 0.872060 0.876812 0.849051 0.824921 0.804009 0.785976 0.770551 0.757509 0.746670 0.737890 0.731054 0.726077 0.722897 0.721475 0.721795 0.723859 0.727693 0.733344 0.740882 0.750404 0.762033 0.775927 0.792281 0.811336 0.833387 0.858797 0.888012 0.921583 0.904668 0.857896 0.817595 0.782712 0.752422 0.726074 0.703144 0.683214 0.665943 0.651054 0.638319 0.627557 0.618616 0.611379 0.605752 0.601664 0.599064 0.597921 0.598220 0.599966 0.603179 0.602107 0.599827 0.599001 0.599621 0.601692 0.605242 0.610312 0.616967 0.625292 0.635396 0.647417 0.661526 0.677934 0.696898 0.718734 0.743833 0.772678 1583.500000 1.225050 0.826253
0.727785 0.742612 0.759924 0.779987 0.749394 0.707395 0.671386 0.640333 0.613439 0.590076 0.569750 0.552063 0.536696 0.523387 0.511926 0.502140 0.493889 0.487059 0.481559 0.477320 0.474301 0.472565 0.471975 0.472523 0.474216 0.477074 0.481134 0.486445 0.493075 0.501113 0.510668 0.521876 0.534905 0.549959 0.567292 0.587214 0.610108 0.620038 0.615688 0.612865 0.611534 0.611679 0.613302 0.616422 0.621079 0.627329 0.635252 0.644951 0.656558 0.670234 0.686180 0.704643 0.725923 0.750393 0.778511 0.810848 0.848119 0.891233 0.941353 1.000000 0.957011 0.876309 0.809958 0.754638 0.707989 0.668287 0.634248 0.604895 0.579473 0.557391 0.538179 0.521461 0.506935 0.494355 0.482284 0.468414 0.456388 0.446011 0.437126 0.429602 0.423336 0.418243 0.414257 0.411327 0.409419 0.408507 0.408582 0.409644 0.411706 0.414793 0.418943 0.424210 0.430662 0.438385 0.449202 0.462988 0.478838 0.497051 0.518001 0.542159 0.570122 0.602656 0.640765 0.685783 0.739521 0.804500 0.884332 0.864294 0.833197 0.806135 0.782602 0.762188 0.744559 0.729446 0.716626 0.705920 0.697184 0.690304 0.685193 0.681788 0.680046 0.679948 0.681491 0.684694 0.689596 0.696259 0.704766 0.715228 1705.500000 1.295620 0.698648
0.912357 0.936460 0.929910 0.909866 0.892772 0.878386 0.866511 0.856990 0.849700 0.844551 0.841479 0.840447 0.841441 0.844475 0.849585 0.856834 0.866312 0.878142 0.892480 0.909520 0.929507 0.926772 0.910296 0.896518 0.885252 0.876350 0.869700 0.865219 0.862852 0.862570 0.864370 0.868273 0.874328 0.882609 0.893221 0.906301 0.922024 0.940608 0.962323 0.987500 0.994890 0.969019 0.946682 0.927536 0.911301 0.897750 0.886701 0.878011 0.871568 0.867293 0.865134 0.865064 0.867084 0.871216 0.877512 0.886050 0.896938 0.910317 0.914720 0.894079 0.876414 0.861469 0.849036 0.838949 0.831078 0.825322 0.821612 0.819901 0.820169 0.822419 0.826679 0.833000 0.841461 0.852170 0.850677 0.846294 0.843979 0.843703 0.845463 0.849282 0.855204 0.863304 0.873684 0.886478 0.901857 0.920035 0.941275 0.965900 0.958216 0.940239 0.925111 0.912627 0.902620 0.894963 0.889560 0.886344 0.885276 0.886344 0.889560 0.894963 0.902620 0.912627 0.925111 0.940239 0.958216 0.979300 1.000000 0.967539 0.939311 0.914825 0.893681 0.875554 0.860179 0.847340 0.836866 0.828619 0.822496 0.818419 0.816340 0.816232 0.818095 0.821952 0.827848 0.835858 0.846083 0.858656 0.873744 0.891558 1850.000000 1.057653 0.919805
0.966157 1.000000 0.944678 0.897204 0.856237 0.820739 0.789894 0.763056 0.739704 0.719421 0.701867 0.686764 0.673886 0.663051 0.654109 0.646943 0.641461 0.637594 0.635295 0.634535 0.635306 0.637617 0.641496 0.646990 0.654169 0.663125 0.673975 0.686868 0.701989 0.719563 0.739867 0.763243 0.790110 0.820986 0.856522 0.873548 0.843856 0.818022 0.795582 0.776160 0.759450 0.745202 0.733213 0.723318 0.715387 0.709318 0.705036 0.702487 0.701641 0.702487 0.705036 0.709318 0.715387 0.723318 0.733213 0.745202 0.759450 0.776160 0.795582 0.818022 0.843856 0.873548 0.907673 0.946946 0.979736 0.928031 0.883533 0.845049 0.811651 0.782606 0.757330 0.735352 0.716290 0.699835 0.685733 0.673780 0.663809 0.655684 0.649302 0.644580 0.641461 0.639906 0.639896 0.641432 0.644531 0.649232 0.655594 0.663696 0.673643 0.685570 0.699644 0.716068 0.735095 0.757035 0.782267 0.811261 0.844600 0.883015 0.883787 0.850560 0.821649 0.796495 0.774646 0.755735 0.739465 0.725592 0.713917 0.704283 0.696561 0.690652 0.686482 0.684000 0.683176 0.684000 0.686482 0.690652 0.696561 0.704283 0.713917 0.725592 0.739465 0.755735 0.774646 0.796495 0.821649 0.850560 0.883787 0.922026 1350.000000 1.148190 0.778706
0.943345 0.973101 0.924039 0.881708 0.845032 0.813166 0.785440 0.761316 0.740360 0.722220 0.706609 0.693294 0.682084 0.672826 0.665397 0.659703 0.655671 0.653253 0.652418 0.653157 0.655478 0.659410 0.661201 0.647098 0.635083 0.624984 0.616663 0.610012 0.604944 0.601396 0.599326 0.598706 0.599531 0.601811 0.605571 0.610861 0.617744 0.626311 0.636674 0.648975 0.662346 0.658332 0.655937 0.655132 0.655907 0.658272 0.662256 0.667906 0.675295 0.684516 0.695692 0.708975 0.724555 0.742665 0.763589 0.787680 0.815368 0.847189 0.883810 0.926072 0.975046 1.000000 0.950938 0.908551 0.871792 0.839837 0.812028 0.787839 0.766844 0.748695 0.733111 0.719861 0.708759 0.699654 0.692427 0.686986 0.683262 0.681212 0.680808 0.682048 0.684945 0.689534 0.695874 0.704043 0.706234 0.684613 0.665833 0.649578 0.635594 0.623669 0.613635 0.605354 0.598716 0.593637 0.590053 0.587920 0.587212 0.587920 0.590053 0.593637 0.598716 0.605354 0.613635 0.623669 0.635594 0.649578 0.665833 0.684613 0.706234 0.731084 0.748589 0.741987 0.737261 0.734353 0.733226 0.733869 0.736288 0.740513 0.746596 0.754612 0.764665 0.776886 0.791441 0.808538 0.828429 0.851426 0.877912 0.908358 1794.500000 1.337655 0.831917
0.896192 0.880559 0.867516 0.856888 0.848537 0.842357 0.838271 0.836229 0.836207 0.838204 0.842245 0.848378 0.856680 0.867257 0.880245 0.895818 0.914195 0.898972 0.871637 0.847897 0.827356 0.809692 0.794640 0.781987 0.771561 0.763223 0.756868 0.752415 0.749810 0.749021 0.738847 0.718551 0.700985 0.685870 0.672980 0.662131 0.653175 0.645993 0.640494 0.636609 0.634289 0.633507 0.634252 0.636535 0.640383 0.645842 0.652983 0.661895 0.672697 0.685536 0.700595 0.698452 0.696908 0.697045 0.698867 0.702394 0.707671 0.714763 0.723760 0.734779 0.747968 0.763512 0.781639 0.802629 0.826823 0.854645 0.886614 0.923379 0.938887 0.938211 0.939800 0.943670 0.949871 0.958478 0.969600 0.983379 1.000000 0.974772 0.930389 0.891927 0.858505 0.829423 0.804121 0.782145 0.763127 0.746769 0.732826 0.721100 0.711429 0.703688 0.697776 0.693619 0.681454 0.668040 0.656695 0.647262 0.639615 0.633656 0.629309 0.626520 0.625255 0.625499 0.627255 0.630545 0.635408 0.641904 0.650118 0.660155 0.672152 0.686277 0.702738 0.706691 0.705839 0.706691 0.709255 0.713563 0.719668 0.727646 0.737600 0.749662 0.763995 0.780805 0.800343 0.822917 0.848906 0.878776 0.913105 0.914633 6728.500000 1.359649 0.885979
0.929210 0.871464 0.822340 0.780238 0.743943 0.712514 0.685217 0.661469 0.640804 0.622846 0.607290 0.593889 0.582438 0.572775 0.564766 0.558304 0.553306 0.549709 0.547469 0.546559 0.546967 0.548699 0.551775 0.556233 0.562129 0.569539 0.578559 0.589311 0.601949 0.616658 0.633669 0.653264 0.665379 0.650210 0.637218 0.626214 0.617045 0.609588 0.603746 0.599446 0.596634 0.595275 0.595353 0.596870 0.599843 0.604309 0.610323 0.617962 0.627325 0.638538 0.651758 0.667178 0.685036 0.705622 0.729296 0.756499 0.787781 0.823833 0.865528 0.913987 0.970671 1.000000 0.932515 0.875538 0.827001 0.785355 0.749421 0.718286 0.691234 0.667696 0.647216 0.629426 0.614028 0.600778 0.589477 0.579966 0.572113 0.565814 0.560990 0.557579 0.555539 0.554846 0.555491 0.557483 0.560845 0.565618 0.571863 0.579659 0.589110 0.600344 0.613522 0.628841 0.646541 0.666920 0.690342 0.713434 0.691266 0.672005 0.655323 0.640957 0.628689 0.618344 0.609778 0.602880 0.597559 0.593749 0.591403 0.590492 0.591006 0.592951 0.596349 0.601244 0.607696 0.615787 0.625625 0.637342 0.651105 0.667118 0.685631 0.706954 0.731464 0.759630 0.792037 0.829419 0.872712 0.923119 0.982217 0.997726 662.500000 1.483883 0.726544
0.652726 0.643738 0.636507 0.630940 0.626966 0.624538 0.623624 0.624215 0.626318 0.629957 0.635178 0.642046 0.650649 0.661100 0.673541 0.688149 0.705141 0.724783 0.747404 0.773405 0.803285 0.837667 0.877330 0.923272 0.950269 0.899223 0.855336 0.817412 0.784518 0.755919 0.731031 0.709384 0.690598 0.674365 0.660431 0.648592 0.638682 0.630567 0.624139 0.619673 0.616765 0.615361 0.615442 0.617009 0.620083 0.624699 0.630917 0.638813 0.648492 0.660083 0.673749 0.689690 0.708150 0.729431 0.753904 0.782025 0.814363 0.851631 0.894732 0.944826 0.971044 0.915211 0.867425 0.826273 0.790668 0.759759 0.732875 0.709479 0.689140 0.671507 0.656295 0.643273 0.632251 0.623076 0.615625 0.609802 0.605534 0.602767 0.601467 0.601619 0.603225 0.606304 0.610894 0.615855 0.613439 0.612512 0.613063 0.615097 0.618640 0.623736 0.630448 0.638862 0.649088 0.661266 0.675568 0.692207 0.711443 0.733597 0.759062 0.788327 0.821998 0.860840 0.905826 0.958208 1.000000 0.946937 0.901284 0.861811 0.827561 0.797777 0.771857 0.749317 0.729765 0.712880 0.698404 0.686124 0.675868 0.667499 0.660907 0.656009 0.652745 0.651073 0.650974 0.652446 0.655508 0.660197 0.666571 0.663589 5571.500000 1.150936 0.748494
0.925205 0.955986 0.906116 0.863167 0.826005 0.793744 0.765684 0.741265 0.720036 0.701633 0.685757 0.672168 0.660667 0.651096 0.643326 0.637256 0.632809 0.620548 0.601328 0.584628 0.570167 0.557716 0.547087 0.538127 0.530714 0.524750 0.520157 0.516878 0.514873 0.514117 0.514602 0.508401 0.500112 0.493260 0.487751 0.483516 0.480502 0.478671 0.478001 0.478484 0.480126 0.482946 0.486980 0.492278 0.498908 0.506957 0.515408 0.521428 0.528880 0.537862 0.548499 0.560943 0.575384 0.592051 0.611230 0.633269 0.658604 0.687775 0.721470 0.760562 0.806187 0.859839 0.923524 1.000000 0.981614 0.931326 0.887974 0.850436 0.817833 0.789470 0.764789 0.743340 0.724760 0.708753 0.695075 0.683531 0.673961 0.666238 0.652061 0.623362 0.598464 0.576814 0.557973 0.541588 0.527372 0.515092 0.504559 0.495618 0.488144 0.482036 0.477215 0.473618 0.471202 0.469937 0.469808 0.468650 0.468086 0.468650 0.470350 0.473207 0.477256 0.482547 0.489148 0.497147 0.506652 0.517800 0.530757 0.545727 0.562962 0.582770 0.602254 0.602346 0.603894 0.606916 0.611449 0.617549 0.625293 0.634783 0.646145 0.659540 0.675163 0.693255 0.714110 0.738093 0.765651 0.797342 0.833865 0.876107 1616.000000 1.484183 0.755138
0.636203 0.685220 0.744364 0.816836 0.907363 0.925133 0.858812 0.803170 0.756009 0.715708 0.681044 0.651079 0.625082 0.602477 0.582805 0.565696 0.550853 0.538032 0.527035 0.517700 0.509898 0.503522 0.498489 0.494737 0.492217 0.490900 0.490768 0.491822 0.494072 0.497548 0.502291 0.508363 0.515840 0.524824 0.535440 0.547840 0.562216 0.578798 0.597872 0.619790 0.644989 0.674016 0.707565 0.713800 0.673878 0.639644 0.610119 0.584545 0.562329 0.543000 0.526182 0.511569 0.498916 0.488020 0.478719 0.470879 0.464392 0.459173 0.455155 0.452286 0.450531 0.449870 0.450294 0.451808 0.454431 0.458194 0.463146 0.469349 0.476885 0.485856 0.496390 0.508643 0.522808 0.539121 0.557872 0.579420 0.604214 0.632817 0.665947 0.704528 0.749772 0.803294 0.867295 0.944850 1.000000 0.889411 0.802587 0.732815 0.675702 0.628251 0.588352 0.554474 0.525483 0.500518 0.478919 0.460170 0.443862 0.429671 0.417333 0.406636 0.397408 0.389506 0.382817 0.377247 0.372722 0.369183 0.366585 0.364897 0.364097 0.364176 0.365135 0.366986 0.369751 0.373464 0.378173 0.383939 0.390839 0.398971 0.408453 0.419432 0.432088 0.446640 0.463362 0.482592 0.504757 0.530394 0.560198 0.595068 813.000000 1.474060 0.571061
0.689552 0.700711 0.713985 0.729563 0.727993 0.703401 0.682005 0.663424 0.647347 0.633520 0.621738 0.611834 0.603672 0.597144 0.592167 0.588679 0.586637 0.586015 0.586808 0.589023 0.592688 0.597849 0.604569 0.612936 0.623060 0.635079 0.649166 0.665531 0.684435 0.706194 0.731203 0.759945 0.790856 0.787664 0.786384 0.787002 0.789524 0.793981 0.800427 0.808945 0.819641 0.832657 0.848168 0.866396 0.887610 0.912141 0.939312 0.891320 0.849942 0.814109 0.782985 0.755908 0.732346 0.711871 0.694137 0.678861 0.665812 0.654803 0.645683 0.638329 0.632649 0.628569 0.626040 0.625031 0.625530 0.627543 0.631094 0.636227 0.643005 0.651517 0.661872 0.674213 0.688713 0.705587 0.702062 0.682556 0.665665 0.651120 0.638703 0.628236 0.619576 0.612606 0.607238 0.603405 0.601058 0.600170 0.600729 0.602743 0.606236 0.611251 0.617850 0.626119 0.636165 0.648125 0.662169 0.678507 0.697393 0.719144 0.744145 0.772876 0.805934 0.844070 0.888242 0.939680 1.000000 0.986834 0.936926 0.893872 0.856575 0.824171 0.795977 0.771446 0.750134 0.731683 0.715802 0.702251 0.690837 0.681403 0.673825 0.668005 0.663871 0.661371 0.660474 0.661171 0.663470 0.667397 0.673003 0.680357 3474.500000 1.424409 0.808741
0.961430 1.000000 0.945486 0.898662 0.858226 0.823171 0.792701 0.766187 0.743121 0.723094 0.705774 0.690890 0.678221 0.667588 0.658845 0.651879 0.646600 0.642942 0.640860 0.640330 0.641344 0.643915 0.638149 0.628985 0.621557 0.615769 0.611548 0.608840 0.607614 0.607854 0.609563 0.612763 0.617491 0.623808 0.631793 0.641551 0.653213 0.666943 0.682944 0.701463 0.722803 0.747340 0.775536 0.807965 0.814800 0.800393 0.788353 0.778517 0.770758 0.764977 0.761101 0.759085 0.758902 0.760551 0.764052 0.769448 0.776805 0.786216 0.797804 0.811724 0.828168 0.847376 0.869641 0.893928 0.859641 0.829812 0.803855 0.781298 0.761758 0.744922 0.730536 0.718392 0.708325 0.700199 0.693910 0.689380 0.686551 0.685390 0.685882 0.688034 0.691871 0.697441 0.704813 0.714081 0.725367 0.738824 0.734141 0.716836 0.701980 0.689355 0.678782 0.670118 0.663251 0.658092 0.654577 0.652664 0.652329 0.653568 0.656396 0.660847 0.666977 0.674863 0.684607 0.696338 0.710219 0.726450 0.730540 0.719854 0.711166 0.704360 0.699353 0.696082 0.694506 0.694607 0.696386 0.699865 0.705085 0.712113 0.721036 0.731972 0.745067 0.760505 0.778511 0.799363 0.823401 0.851043 0.882807 0.919334 17129.500000 1.201172 0.853393
0.787196 0.767779 0.742459 0.720435 0.701321 0.684803 0.670623 0.658573 0.648483 0.640216 0.633665 0.628746 0.625398 0.623579 0.623268 0.624461 0.627173 0.631436 0.637303 0.644849 0.654169 0.665390 0.678666 0.694189 0.712195 0.732972 0.756877 0.784346 0.815924 0.852291 0.894305 0.943067 1.000000 0.968664 0.901792 0.845462 0.797564 0.756527 0.721159 0.690539 0.663948 0.640815 0.620685 0.603190 0.588032 0.574969 0.563802 0.554370 0.546544 0.540219 0.535314 0.531767 0.529533 0.528586 0.528915 0.530523 0.533430 0.537671 0.543299 0.550387 0.559026 0.569335 0.581457 0.595574 0.611903 0.630716 0.652343 0.677196 0.689213 0.679841 0.672319 0.666549 0.662460 0.660002 0.659143 0.659874 0.662204 0.666161 0.671794 0.679173 0.688393 0.699575 0.712872 0.728473 0.746611 0.767572 0.791706 0.819446 0.851325 0.888011 0.930343 0.979391 0.963128 0.900317 0.847112 0.801669 0.762597 0.728830 0.699541 0.674076 0.651915 0.632641 0.615914 0.601461 0.589058 0.578521 0.569703 0.562484 0.556771 0.552490 0.549588 0.548030 0.547797 0.548885 0.551309 0.555098 0.560298 0.566975 0.575216 0.585130 0.596855 0.610561 0.626455 0.644794 0.665892 0.690136 0.718007 0.750107 5807.000000 1.410216 0.732677
0.630127 0.626705 0.608647 0.592988 0.579476 0.567903 0.558102 0.549936 0.543295 0.538094 0.534266 0.531764 0.530558 0.530633 0.531989 0.534644 0.538629 0.543995 0.550809 0.559160 0.569160 0.580950 0.594701 0.610626 0.628985 0.650096 0.674354 0.702250 0.734400 0.771582 0.814798 0.865350 0.908867 0.865851 0.828629 0.796314 0.768207 0.743747 0.722483 0.704050 0.688151 0.674544 0.663030 0.653451 0.645678 0.639610 0.635171 0.632307 0.630981 0.631178 0.632901 0.636169 0.641024 0.647526 0.655757 0.665824 0.677864 0.692045 0.708576 0.727711 0.749766 0.775124 0.804264 0.761770 0.721338 0.686552 0.656476 0.630380 0.607686 0.587937 0.570763 0.555865 0.543000 0.531970 0.522612 0.514797 0.508419 0.503395 0.499661 0.497171 0.495895 0.495816 0.496934 0.499263 0.502831 0.507683 0.513878 0.521499 0.530647 0.541449 0.554062 0.568680 0.585539 0.604930 0.627212 0.652832 0.682347 0.716465 0.756091 0.802405 0.856961 0.921860 1.000000 0.968327 0.912377 0.864509 0.823297 0.787647 0.756703 0.729791 0.706370 0.686007 0.668351 0.653114 0.640064 0.629011 0.619801 0.612311 0.606443 0.602124 0.599299 0.597934 0.598013 0.599536 0.602522 0.607008 0.613049 0.620722 1502.000000 1.399523 0.726056
0.740541 0.717047 0.696624 0.678923 0.663658 0.650597 0.639552 0.630368 0.622924 0.617124 0.612893 0.610179 0.608950 0.609191 0.610904 0.614110 0.618849 0.625180 0.633183 0.642962 0.654649 0.668410 0.684446 0.703005 0.724393 0.748984 0.777241 0.809742 0.847209 0.890561 0.940978 1.000000 0.951271 0.902343 0.860172 0.823663 0.791957 0.764375 0.740372 0.719513 0.701439 0.685864 0.672550 0.661305 0.651976 0.644437 0.638591 0.634365 0.631706 0.630582 0.630980 0.632904 0.636377 0.641442 0.648163 0.656625 0.666938 0.679243 0.693714 0.710563 0.730054 0.752508 0.778322 0.807986 0.842109 0.881458 0.927008 0.930208 0.884767 0.845501 0.811443 0.781834 0.756067 0.733655 0.714205 0.697396 0.682968 0.670707 0.660442 0.652034 0.645372 0.640372 0.636972 0.635129 0.634822 0.636047 0.638819 0.643171 0.649158 0.656854 0.666359 0.677801 0.691337 0.707163 0.725519 0.746700 0.771069 0.799072 0.831263 0.857287 0.831934 0.809933 0.790922 0.774606 0.760745 0.749145 0.739648 0.732130 0.726497 0.722677 0.720624 0.720314 0.721741 0.724924 0.729901 0.736735 0.745510 0.756341 0.769372 0.784784 0.802800 0.823693 0.847799 0.875532 0.875631 0.834325 0.798577 0.767539 4991.500000 1.072162 0.769308
0.800196 0.779206 0.761076 0.745526 0.732327 0.721295 0.712281 0.705167 0.699864 0.696304 0.694445 0.694264 0.695759 0.698947 0.703869 0.710584 0.719178 0.729762 0.742478 0.744742 0.744986 0.747030 0.750899 0.756640 0.764326 0.774053 0.785949 0.800174 0.816928 0.836457 0.859062 0.885115 0.915070 0.905797 0.868231 0.835589 0.807187 0.782475 0.761011 0.742433 0.726449 0.712820 0.701351 0.691886 0.684300 0.680131 0.678295 0.678097 0.679536 0.682629 0.687414 0.693950 0.702320 0.712632 0.725024 0.739668 0.756776 0.776610 0.799489 0.825808 0.856050 0.890819 0.930870 0.977156 1.000000 0.964625 0.933840 0.907077 0.883875 0.863860 0.846726 0.832224 0.820153 0.810352 0.802693 0.797080 0.793442 0.791737 0.791943 0.794062 0.783386 0.759315 0.738406 0.720307 0.704730 0.691444 0.680257 0.671018 0.663603 0.657919 0.653892 0.651475 0.650637 0.651368 0.653678 0.657594 0.663164 0.670459 0.679571 0.690621 0.701209 0.705030 0.710614 0.718031 0.727375 0.738769 0.752367 0.768360 0.786986 0.808532 0.833357 0.861896 0.894690 0.932415 0.975831 0.951429 0.930404 0.912438 0.897274 0.884703 0.874556 0.866704 0.861048 0.857517 0.856069 0.856686 0.852207 0.824389 19425.000000 1.130950 0.848831
0.885213 1.000000 0.888110 0.789461 0.712081 0.649941 0.599104 0.556887 0.521401 0.491280 0.465509 0.443321 0.424128 0.407469 0.392979 0.380370 0.369407 0.359901 0.351698 0.344673 0.338722 0.333764 0.329732 0.326574 0.324249 0.322729 0.321996 0.322039 0.322861 0.324471 0.326888 0.330143 0.334276 0.339342 0.345410 0.352563 0.360906 0.370568 0.381706 0.394515 0.409233 0.426159 0.445665 0.468224 0.494444 0.525114 0.561283 0.604366 0.656325 0.719957 0.780510 0.737917 0.701335 0.669745 0.642360 0.618557 0.597845 0.579826 0.564181 0.550649 0.539020 0.529120 0.520810 0.513975 0.508527 0.504395 0.501528 0.499891 0.499465 0.500243 0.502235 0.505466 0.509975 0.515819 0.523074 0.531835 0.542223 0.554387 0.568510 0.584817 0.603585 0.625153 0.649943 0.678483 0.646552 0.601621 0.563798 0.531655 0.504129 0.480412 0.459885 0.442062 0.426558 0.413066 0.401339 0.391175 0.382412 0.374916 0.368580 0.363315 0.359051 0.355733 0.353319 0.351779 0.351095 0.351258 0.352270 0.354144 0.356902 0.360579 0.365222 0.370890 0.377662 0.385632 0.394917 0.405663 0.418044 0.432279 0.448637 0.467451 0.489143 0.514246 0.543444 0.577632 0.618000 0.666159 0.724352 0.795784 6361.000000 1.652678 0.552510
0.854472 0.802436 0.758095 0.720042 0.687203 0.658746 0.634019 0.612503 0.593783 0.577524 0.563453 0.551347 0.541027 0.532345 0.525182 0.519445 0.515058 0.511969 0.510138 0.509543 0.510177 0.512047 0.515177 0.519606 0.525387 0.532596 0.541328 0.551703 0.563867 0.578005 0.594338 0.605753 0.588957 0.574414 0.561892 0.551205 0.542198 0.534749 0.528758 0.524148 0.520862 0.518859 0.518115 0.518621 0.520382 0.523421 0.527774 0.533497 0.540662 0.549363 0.559719 0.571878 0.586019 0.602366 0.621190 0.642827 0.667693 0.696305 0.729314 0.767549 0.812081 0.864308 0.926099 1.000000 0.929987 0.867204 0.814199 0.769047 0.730306 0.696880 0.667918 0.642754 0.620859 0.601808 0.585259 0.570935 0.558609 0.548097 0.539248 0.531941 0.526080 0.521590 0.518414 0.516513 0.515864 0.516460 0.518307 0.521428 0.525861 0.531662 0.538906 0.547687 0.558126 0.570371 0.563023 0.549393 0.537672 0.527685 0.519290 0.512374 0.506844 0.502630 0.499680 0.497957 0.497440 0.498122 0.500013 0.503135 0.507527 0.513243 0.520357 0.528963 0.539180 0.551153 0.565062 0.581128 0.599621 0.620874 0.645301 0.673417 0.705873 0.743498 0.787364 0.838877 0.899923 0.973079 0.989845 0.916086 1524.000000 1.709633 0.682798
0.625435 0.638741 0.654236 0.656631 0.629801 0.606481 0.586188 0.568535 0.553207 0.539951 0.528559 0.518862 0.510723 0.504030 0.498696 0.494654 0.491851 0.490255 0.489845 0.490617 0.492580 0.495758 0.500189 0.505931 0.513056 0.511064 0.506867 0.503942 0.502254 0.501782 0.502520 0.504477 0.507678 0.512161 0.517983 0.525219 0.533964 0.544339 0.556493 0.570607 0.586907 0.605668 0.627228 0.652009 0.680535 0.713470 0.751657 0.796189 0.848504 0.910524 0.984886 1.000000 0.901549 0.822549 0.757958 0.704346 0.659300 0.621076 0.588381 0.560239 0.535898 0.514772 0.496399 0.480410 0.466508 0.454452 0.444046 0.435130 0.427576 0.421276 0.416148 0.412124 0.409153 0.407199 0.406237 0.406257 0.407257 0.409251 0.412262 0.412238 0.412394 0.413547 0.415710 0.418911 0.423189 0.428598 0.435209 0.443112 0.452417 0.463262 0.475813 0.490277 0.506908 0.526019 0.547998 0.573337 0.602654 0.636747 0.676658 0.723766 0.779944 0.847790 0.929240 0.876564 0.831435 0.792541 0.758870 0.729630 0.704193 0.682058 0.662819 0.646151 0.631784 0.619503 0.609130 0.600521 0.593562 0.588163 0.584256 0.581794 0.580745 0.581097 0.582855 0.586039 0.590689 0.596864 0.604640 0.614121 719.500000 1.492197 0.658201
0.764561 0.746353 0.730712 0.717405 0.706245 0.697081 0.689792 0.684286 0.680493 0.678367 0.677882 0.679033 0.681833 0.686316 0.692538 0.700577 0.710537 0.722550 0.736782 0.753437 0.772767 0.774354 0.750725 0.730203 0.712443 0.697167 0.684145 0.673193 0.664161 0.656929 0.651406 0.647522 0.645229 0.644499 0.645324 0.647714 0.651697 0.657322 0.664661 0.673807 0.684882 0.698036 0.713458 0.731378 0.742136 0.744812 0.749319 0.755712 0.764072 0.774506 0.787151 0.802181 0.819809 0.840299 0.863974 0.891232 0.922560 0.958564 1.000000 0.978846 0.925004 0.878784 0.838887 0.804309 0.774261 0.748114 0.725365 0.705609 0.688516 0.673815 0.661290 0.650760 0.642083 0.635145 0.629856 0.626150 0.623983 0.623326 0.624173 0.626534 0.630437 0.633762 0.636061 0.639925 0.645399 0.652555 0.661481 0.672298 0.685152 0.700228 0.717749 0.737994 0.743955 0.734950 0.727894 0.722696 0.719293 0.717642 0.717724 0.719539 0.723110 0.728481 0.735718 0.744912 0.756184 0.769685 0.785604 0.782015 0.775024 0.769994 0.766866 0.765599 0.766180 0.768614 0.772932 0.779186 0.787455 0.797844 0.810490 0.825564 0.843279 0.863898 0.887742 0.906674 0.869809 0.837764 0.809878 0.785620 1143.500000 1.209774 0.854388
0.605077 0.611069 0.609428 0.609261 0.610564 0.613353 0.617663 0.623546 0.631078 0.640355 0.651502 0.664674 0.680061 0.697899 0.718476 0.742144 0.769342 0.800611 0.836631 0.878260 0.926598 0.983073 1.000000 0.942226 0.892796 0.850241 0.813428 0.781475 0.753685 0.729500 0.708473 0.690240 0.674507 0.661031 0.649618 0.640109 0.632375 0.626316 0.621857 0.618941 0.602122 0.586348 0.572723 0.561038 0.551121 0.542834 0.536065 0.530725 0.526747 0.524082 0.522696 0.522573 0.523711 0.526125 0.529843 0.534913 0.541397 0.549379 0.558968 0.570295 0.583526 0.598863 0.616552 0.636900 0.660282 0.687164 0.686727 0.677992 0.671073 0.665882 0.662353 0.660445 0.660134 0.661415 0.664305 0.668838 0.675072 0.683083 0.692977 0.704884 0.718971 0.735439 0.754540 0.776581 0.801938 0.831076 0.864573 0.903151 0.947723 0.991524 0.927850 0.873839 0.827654 0.787909 0.753539 0.723712 0.697774 0.675201 0.655573 0.638548 0.623850 0.611253 0.600573 0.591661 0.584396 0.578685 0.574455 0.571653 0.570246 0.570216 0.571563 0.574085 0.564404 0.556361 0.549851 0.544788 0.541110 0.538770 0.537740 0.538008 0.539576 0.542465 0.546708 0.552360 0.559492 0.568197 0.578593 0.590826 7044.500000 1.457750 0.775617
0.914376 0.936959 0.943814 0.911632 0.883631 0.859308 0.838253 0.820134 0.804678 0.791667 0.780921 0.772299 0.765689 0.761009 0.758202 0.757232 0.758090 0.760784 0.765347 0.771837 0.780333 0.790945 0.803813 0.819112 0.834328 0.820363 0.808774 0.799407 0.792141 0.786884 0.783572 0.782164 0.782644 0.785016 0.789310 0.795578 0.803899 0.814378 0.827154 0.842398 0.860326 0.881203 0.905353 0.933177 0.954322 0.929444 0.907962 0.889546 0.873925 0.860881 0.850240 0.841861 0.835640 0.831498 0.829385 0.829276 0.831169 0.835087 0.841078 0.849216 0.859604 0.872377 0.887707 0.905805 0.926937 0.918216 0.896631 0.878104 0.862363 0.849186 0.838395 0.829849 0.823439 0.819085 0.816735 0.816359 0.817953 0.821536 0.827152 0.834871 0.844789 0.834939 0.813507 0.795015 0.779181 0.765774 0.754607 0.745532 0.738430 0.733212 0.729813 0.728192 0.728328 0.730224 0.733903 0.739409 0.746811 0.756203 0.767708 0.781479 0.797711 0.816640 0.838558 0.863825 0.892878 0.926264 0.964656 1.000000 0.969040 0.942142 0.918850 0.898794 0.881675 0.867245 0.855308 0.845704 0.838311 0.833036 0.829813 0.828603 0.829392 0.832190 0.837029 0.843970 0.853100 0.864535 0.878426 0.894961 2215.000000 1.104242 0.890645
0.652405 0.641078 0.631634 0.623946 0.617913 0.613459 0.610530 0.609088 0.609118 0.610618 0.613608 0.618123 0.624221 0.631978 0.641494 0.652899 0.666351 0.682046 0.700227 0.721188 0.745294 0.772993 0.804845 0.841548 0.883991 0.933311 0.990987 1.000000 0.939252 0.887477 0.843037 0.804681 0.771442 0.742557 0.717423 0.695556 0.676564 0.660130 0.645995 0.633947 0.623816 0.615463 0.608778 0.603675 0.600091 0.597981 0.597320 0.598100 0.600329 0.604037 0.609267 0.616085 0.624580 0.634863 0.647075 0.661391 0.678025 0.697241 0.719360 0.744783 0.774001 0.807630 0.846446 0.891437 0.943882 0.963864 0.910906 0.865440 0.826193 0.792177 0.762616 0.736893 0.714513 0.695078 0.678264 0.663804 0.651486 0.641132 0.632603 0.625785 0.620592 0.616958 0.614839 0.614210 0.615062 0.617405 0.621270 0.626702 0.633770 0.642565 0.653203 0.665831 0.680628 0.697817 0.717671 0.740524 0.766788 0.796975 0.831721 0.871831 0.892405 0.863284 0.837959 0.815987 0.797009 0.780732 0.766917 0.755370 0.745936 0.738492 0.732944 0.729222 0.727281 0.727097 0.728668 0.732013 0.737174 0.744213 0.753220 0.764311 0.777636 0.793378 0.771810 0.744264 0.720292 0.699449 0.681373 0.665771 11317.500000 1.065931 0.748857
0.856745 0.893068 0.934959 0.983459 0.955324 0.913651 0.877488 0.846040 0.818671 0.794873 0.774232 0.756412 0.741138 0.728189 0.717384 0.708576 0.701652 0.696524 0.693127 0.691422 0.691386 0.693020 0.691208 0.672313 0.655961 0.641896 0.629906 0.619822 0.611506 0.604848 0.599763 0.596187 0.594075 0.593404 0.594163 0.596363 0.600031 0.605210 0.611967 0.620388 0.630585 0.642696 0.656895 0.673395 0.692456 0.695269 0.687502 0.681531 0.677280 0.674698 0.673751 0.674430 0.676743 0.680716 0.686400 0.693866 0.703208 0.714550 0.728047 0.743890 0.762316 0.783613 0.808137 0.836325 0.868720 0.905995 0.949002 0.998821 1.000000 0.945943 0.899486 0.859353 0.824549 0.794293 0.767964 0.745062 0.725183 0.707998 0.693240 0.680692 0.670175 0.661548 0.654697 0.649536 0.645999 0.644044 0.639343 0.628612 0.619703 0.612498 0.606904 0.602850 0.600287 0.599182 0.599524 0.601315 0.604578 0.609353 0.615698 0.623696 0.633450 0.645092 0.658788 0.674738 0.693192 0.714453 0.725582 0.711573 0.699748 0.689945 0.682033 0.675911 0.671500 0.668748 0.667619 0.668102 0.670200 0.673941 0.679369 0.686553 0.695585 0.706581 0.719693 0.735105 0.753046 0.773795 0.797696 0.825171 5279.000000 1.332376 0.818244
0.889118 0.861960 0.838371 0.817958 0.800397 0.785427 0.772834 0.762447 0.754127 0.747770 0.743294 0.740645 0.739791 0.740721 0.743447 0.748002 0.754441 0.762846 0.729488 0.697877 0.670441 0.646579 0.625813 0.607758 0.592102 0.578591 0.567018 0.557216 0.549047 0.542401 0.537194 0.533358 0.530846 0.529628 0.528943 0.525494 0.523343 0.522462 0.522842 0.524486 0.527416 0.531667 0.537292 0.544362 0.552971 0.563235 0.575300 0.589343 0.605585 0.624294 0.645802 0.670517 0.698950 0.731741 0.769707 0.813896 0.865681 0.926888 1.000000 0.977421 0.947779 0.922037 0.899767 0.880619 0.864308 0.850602 0.839314 0.830296 0.823432 0.818637 0.815851 0.815041 0.816198 0.819334 0.824488 0.785432 0.749524 0.718410 0.691376 0.667853 0.647387 0.629609 0.614222 0.600982 0.589692 0.580190 0.572346 0.566057 0.561242 0.557841 0.555812 0.555130 0.555787 0.556280 0.552922 0.550923 0.550259 0.550923 0.552922 0.556280 0.561040 0.567259 0.575019 0.584422 0.595596 0.608701 0.623933 0.632155 0.633174 0.635729 0.639854 0.645597 0.653032 0.662255 0.673387 0.686582 0.702030 0.719963 0.740667 0.764494 0.791876 0.823349 0.859584 0.901427 0.949958 0.997488 0.956205 0.920332 973.000000 1.389660 0.799300
0.894201 0.866638 0.842692 0.821962 0.804117 0.788891 0.776066 0.765465 0.756950 0.750409 0.745762 0.742951 0.741942 0.742722 0.745301 0.749711 0.756005 0.764263 0.774590 0.787122 0.802029 0.795338 0.782236 0.771387 0.762647 0.755904 0.751072 0.748093 0.746929 0.747568 0.750015 0.754302 0.760481 0.768629 0.778850 0.791278 0.806083 0.823474 0.843710 0.838018 0.817934 0.800674 0.785981 0.773648 0.763507 0.755425 0.749299 0.745051 0.742630 0.742007 0.743174 0.746144 0.739514 0.730969 0.724344 0.719555 0.716545 0.715276 0.715732 0.717920 0.721865 0.727617 0.735246 0.744851 0.756557 0.770522 0.786944 0.806065 0.828184 0.853665 0.882959 0.916621 0.955345 1.000000 0.959347 0.923253 0.891848 0.864523 0.840788 0.820245 0.802569 0.787496 0.774810 0.764340 0.755945 0.749518 0.744980 0.742274 0.741367 0.742248 0.744927 0.749439 0.755837 0.764202 0.774642 0.787293 0.767179 0.749689 0.734709 0.722022 0.711450 0.702852 0.696117 0.691159 0.687916 0.686349 0.686440 0.688188 0.691616 0.695750 0.697118 0.700183 0.704980 0.711569 0.720034 0.730484 0.743058 0.757930 0.775315 0.795479 0.818744 0.845509 0.876265 0.911623 0.952345 0.999396 0.962286 0.925878 8607.500000 1.064207 0.864192
0.885957 0.943865 1.000000 0.947628 0.902535 0.863524 0.829662 0.800210 0.774580 0.752297 0.732976 0.716305 0.702030 0.689942 0.679873 0.671689 0.665283 0.660575 0.657506 0.643186 0.618529 0.597077 0.578411 0.562190 0.548138 0.536031 0.525686 0.516955 0.509718 0.503877 0.499358 0.496104 0.494074 0.493244 0.493605 0.495160 0.497927 0.501942 0.507255 0.513932 0.522062 0.531754 0.541204 0.541485 0.543074 0.545993 0.550276 0.555976 0.563167 0.571942 0.582420 0.594749 0.609111 0.625727 0.644873 0.666885 0.692179 0.721273 0.754819 0.793643 0.838808 0.891700 0.954166 0.959097 0.913733 0.874478 0.840399 0.810756 0.784959 0.762534 0.743095 0.726328 0.711979 0.699840 0.689741 0.681548 0.675155 0.670480 0.667467 0.666079 0.666298 0.668127 0.671589 0.676725 0.673809 0.648994 0.627399 0.608615 0.592307 0.578208 0.566096 0.555793 0.547153 0.540058 0.534416 0.530155 0.527221 0.525578 0.525208 0.526104 0.528278 0.531756 0.536582 0.542816 0.550538 0.559852 0.570679 0.565922 0.562587 0.560634 0.560040 0.560796 0.562912 0.566414 0.571344 0.577766 0.585760 0.595434 0.606919 0.620380 0.636018 0.654082 0.674875 0.698772 0.726237 0.757851 0.794342 0.836643 3652.500000 1.523560 0.771330
0.527039 0.535568 0.545713 0.557620 0.571466 0.587467 0.594939 0.595747 0.597999 0.601723 0.606965 0.613791 0.622289 0.632570 0.644777 0.659083 0.675702 0.694899 0.716997 0.742393 0.771582 0.805179 0.843960 0.888916 0.941327 1.000000 0.939134 0.887267 0.842753 0.804337 0.771048 0.742121 0.716951 0.695052 0.676031 0.659570 0.645410 0.633339 0.623184 0.614808 0.608100 0.602973 0.599364 0.597228 0.596539 0.597290 0.599488 0.603160 0.608353 0.615130 0.623580 0.633813 0.634641 0.620281 0.607989 0.597587 0.588929 0.581900 0.576410 0.572388 0.569785 0.568569 0.568725 0.570256 0.573180 0.577532 0.583367 0.590759 0.599804 0.610624 0.623371 0.638232 0.655436 0.675266 0.698067 0.724267 0.754399 0.762950 0.745316 0.730198 0.717376 0.706669 0.697933 0.691056 0.685949 0.682549 0.680815 0.680725 0.682279 0.685495 0.690413 0.697093 0.705620 0.716106 0.728689 0.743546 0.760892 0.780993 0.804176 0.830839 0.861478 0.896706 0.912832 0.850951 0.798729 0.754258 0.716112 0.683205 0.654698 0.629931 0.608382 0.589632 0.573343 0.559241 0.547102 0.536745 0.528021 0.520810 0.515018 0.510570 0.507410 0.505499 0.504814 0.505347 0.507104 0.510106 0.514390 0.520011 2043.000000 1.379520 0.774946
0.683659 0.664533 0.647966 0.633695 0.621504 0.611218 0.602695 0.595822 0.590511 0.586694 0.584325 0.583375 0.583832 0.585702 0.589008 0.593790 0.600107 0.608041 0.617696 0.629202 0.642723 0.658459 0.676656 0.697616 0.721710 0.749397 0.781251 0.817992 0.860533 0.910056 0.968101 1.000000 0.940355 0.889447 0.845701 0.807911 0.775142 0.746655 0.721866 0.700303 0.681585 0.665403 0.651504 0.639684 0.629775 0.621644 0.615182 0.610309 0.606963 0.605104 0.604708 0.605771 0.608306 0.612343 0.617933 0.625146 0.634075 0.644839 0.657586 0.672500 0.689806 0.709782 0.732767 0.759181 0.768955 0.738271 0.711591 0.688373 0.668181 0.650662 0.635531 0.622553 0.611538 0.602332 0.594811 0.588876 0.584453 0.581486 0.579940 0.579794 0.581048 0.583717 0.587833 0.593447 0.600631 0.609476 0.620103 0.632658 0.647323 0.664323 0.683931 0.706487 0.732405 0.762204 0.796530 0.836204 0.882274 0.936103 0.999492 0.986223 0.928439 0.879051 0.836567 0.799837 0.767969 0.740259 0.716143 0.695172 0.676978 0.661264 0.647789 0.636354 0.626800 0.618997 0.612845 0.608265 0.605200 0.603612 0.603483 0.604810 0.607611 0.611918 0.617786 0.625289 0.634523 0.645613 0.658713 0.674012 16656.500000 1.379303 0.738881
0.866540 0.902518 0.943985 0.952371 0.912259 0.877417 0.847104 0.820727 0.797807 0.777955 0.760856 0.746252 0.733932 0.723728 0.715504 0.703315 0.688543 0.675974 0.665429 0.656766 0.649872 0.644658 0.641058 0.639030 0.638548 0.639606 0.642217 0.646414 0.652247 0.659791 0.669142 0.680425 0.693795 0.709444 0.727609 0.748552 0.743723 0.740728 0.739532 0.740120 0.742499 0.746698 0.752768 0.760786 0.770854 0.783103 0.797701 0.814854 0.834816 0.857899 0.884486 0.915049 0.950171 0.990578 0.995503 0.937337 0.887613 0.844832 0.807842 0.775746 0.747835 0.723545 0.702423 0.684100 0.668278 0.654713 0.643206 0.633597 0.625756 0.619581 0.614994 0.611938 0.610375 0.610286 0.610080 0.610843 0.613087 0.616840 0.622146 0.629073 0.637709 0.648170 0.660597 0.675168 0.692102 0.711665 0.734187 0.760072 0.789820 0.824059 0.863575 0.909373 0.962750 1.000000 0.948757 0.904582 0.866332 0.833112 0.804211 0.779061 0.757206 0.738274 0.721962 0.708024 0.696260 0.686507 0.678636 0.672545 0.668158 0.665420 0.664299 0.664780 0.666870 0.670593 0.675996 0.680950 0.682750 0.686216 0.691393 0.698343 0.707156 0.717945 0.730857 0.746072 0.763813 0.784354 0.808030 0.835256 6665.500000 1.084681 0.779783
0.885246 0.845603 0.811229 0.781348 0.755346 0.732728 0.713092 0.696115 0.681530 0.669124 0.658719 0.650176 0.643381 0.638249 0.634714 0.632735 0.632286 0.633363 0.635979 0.640164 0.645972 0.653474 0.662768 0.673978 0.687257 0.702798 0.720834 0.741654 0.765612 0.793144 0.824791 0.861229 0.903313 0.906268 0.883934 0.864706 0.848298 0.834473 0.823043 0.813856 0.806794 0.801768 0.798717 0.797603 0.798413 0.801157 0.805868 0.812604 0.821449 0.832516 0.845951 0.861938 0.880703 0.902525 0.927749 0.938062 0.906904 0.879801 0.856273 0.835933 0.818462 0.803604 0.791147 0.780922 0.772797 0.766667 0.762456 0.760112 0.759607 0.760934 0.749362 0.726894 0.707388 0.690522 0.676032 0.663704 0.653363 0.644869 0.638111 0.633002 0.629479 0.627498 0.627035 0.628085 0.630660 0.634792 0.640532 0.647952 0.657147 0.668240 0.681384 0.696768 0.714623 0.735236 0.758956 0.786214 0.817546 0.853621 0.895284 0.943611 1.000000 0.992332 0.955671 0.923769 0.896017 0.871923 0.851087 0.833184 0.817949 0.805166 0.794661 0.786297 0.779966 0.775590 0.773115 0.772511 0.773771 0.776909 0.781964 0.788999 0.798101 0.809389 0.823012 0.839157 0.858057 0.879997 0.905326 0.931143 5071.000000 1.258802 0.823922
0.666655 0.677352 0.690087 0.705041 0.722437 0.742548 0.753883 0.725481 0.700767 0.679265 0.660586 0.644419 0.630506 0.618641 0.608653 0.600406 0.593790 0.588722 0.585137 0.582992 0.582259 0.582932 0.585017 0.588539 0.593543 0.600091 0.589654 0.577141 0.566484 0.557532 0.550164 0.544282 0.539811 0.536696 0.534897 0.534393 0.535179 0.537263 0.540671 0.545445 0.551645 0.559350 0.568663 0.579712 0.592654 0.593489 0.592877 0.593694 0.595952 0.599677 0.604915 0.611732 0.620216 0.630478 0.642661 0.656937 0.673521 0.692676 0.714725 0.740065 0.769190 0.802713 0.841411 0.886273 0.938576 1.000000 0.943628 0.851117 0.776830 0.716056 0.665589 0.623169 0.587163 0.556357 0.529835 0.506892 0.488145 0.476112 0.465752 0.456912 0.449463 0.443304 0.438353 0.434547 0.431838 0.430193 0.429591 0.430025 0.431500 0.434035 0.437661 0.442422 0.448380 0.455614 0.464221 0.474325 0.486075 0.499656 0.515296 0.533272 0.553930 0.577702 0.605128 0.636899 0.673904 0.717309 0.768670 0.830108 0.830449 0.798876 0.771406 0.747503 0.726736 0.708752 0.693266 0.680047 0.668903 0.659682 0.652262 0.646547 0.642466 0.639968 0.639023 0.639619 0.641764 0.645483 0.650823 0.657851 1925.000000 1.312159 0.717233
0.836787 0.788264 0.746761 0.711037 0.680138 0.653322 0.630000 0.609703 0.592056 0.576752 0.563542 0.552225 0.542634 0.534638 0.528127 0.523018 0.519245 0.516763 0.515540 0.515562 0.516829 0.519357 0.523177 0.528335 0.534897 0.542949 0.552598 0.563980 0.577261 0.592644 0.610380 0.630777 0.654215 0.681167 0.712224 0.748137 0.789867 0.838668 0.896197 0.964696 0.995130 0.907983 0.836724 0.777572 0.727870 0.685693 0.649615 0.618559 0.591698 0.568385 0.548109 0.530465 0.515123 0.501819 0.490336 0.480498 0.472163 0.465213 0.459556 0.455119 0.451844 0.449692 0.448635 0.448662 0.449773 0.451981 0.455313 0.459810 0.465530 0.472546 0.480954 0.490870 0.502440 0.515841 0.531291 0.549059 0.569476 0.592954 0.620008 0.651294 0.687649 0.730166 0.780290 0.839977 0.911930 1.000000 0.989722 0.915014 0.852704 0.800143 0.755400 0.717032 0.683941 0.655279 0.630380 0.608716 0.589866 0.573489 0.559307 0.547096 0.536672 0.527886 0.520617 0.514768 0.510265 0.507052 0.505087 0.504348 0.504826 0.506526 0.509469 0.513691 0.519245 0.526202 0.534654 0.544715 0.556528 0.570269 0.586154 0.604448 0.625475 0.649639 0.677444 0.709520 0.746673 0.789940 0.840680 0.893970 2329.000000 1.198080 0.597160
0.625800 0.604841 0.586607 0.570776 0.557083 0.545315 0.535297 0.526886 0.519969 0.514455 0.510272 0.507370 0.505712 0.505278 0.506063 0.508076 0.511342 0.520948 0.532300 0.545502 0.560760 0.578331 0.598526 0.621735 0.648441 0.679254 0.714951 0.756531 0.805306 0.863026 0.932078 1.000000 0.957195 0.920029 0.887700 0.859566 0.835111 0.813916 0.795639 0.780003 0.766781 0.755790 0.746884 0.739947 0.734892 0.731656 0.730200 0.730506 0.732578 0.736441 0.742143 0.749753 0.743827 0.726049 0.710774 0.697775 0.686868 0.677904 0.670767 0.665364 0.661629 0.659516 0.658998 0.660071 0.644915 0.628062 0.613507 0.601027 0.590438 0.581593 0.574373 0.568682 0.564450 0.561623 0.560167 0.560065 0.561314 0.563931 0.567947 0.572824 0.574543 0.577669 0.582239 0.588310 0.595960 0.605289 0.616424 0.629521 0.644773 0.662419 0.682748 0.706120 0.732977 0.763871 0.799494 0.840727 0.888701 0.933537 0.903194 0.876808 0.853918 0.834151 0.817203 0.802826 0.790818 0.781017 0.773297 0.767559 0.763731 0.761768 0.761645 0.763361 0.766936 0.772415 0.779864 0.789379 0.784796 0.758990 0.736544 0.717066 0.700235 0.685790 0.673519 0.663249 0.654842 0.648187 0.643199 0.639818 7151.000000 1.200861 0.801771
0.664343 0.669960 0.664955 0.660440 0.657559 0.656278 0.656580 0.658470 0.661969 0.667122 0.673993 0.682668 0.693261 0.705915 0.720809 0.738161 0.758242 0.781380 0.807983 0.838552 0.873713 0.914251 0.961161 1.000000 0.974783 0.953045 0.934458 0.918753 0.905714 0.895165 0.886972 0.881030 0.877267 0.875637 0.876119 0.878720 0.883470 0.854658 0.822874 0.795217 0.771155 0.750261 0.732187 0.716649 0.703416 0.692301 0.683151 0.675848 0.670296 0.666427 0.664194 0.663569 0.664544 0.667132 0.671364 0.677292 0.684990 0.691058 0.695405 0.701508 0.709444 0.719313 0.731248 0.745411 0.762006 0.781281 0.803543 0.829167 0.858616 0.866899 0.843119 0.822537 0.804828 0.789729 0.777023 0.766537 0.758132 0.751700 0.747162 0.744461 0.743564 0.744461 0.747162 0.751700 0.758132 0.766537 0.777023 0.789729 0.804828 0.822537 0.843119 0.866899 0.865032 0.852025 0.841400 0.833019 0.826775 0.822591 0.820416 0.820223 0.822010 0.825799 0.831635 0.839591 0.849769 0.862298 0.877348 0.895128 0.915895 0.931441 0.888733 0.851731 0.819583 0.791612 0.767273 0.746131 0.727829 0.712078 0.698642 0.687328 0.677982 0.670481 0.664727 0.660650 0.658198 0.657342 0.658072 0.660396 5126.000000 1.171375 0.864492
0.743112 0.732021 0.722972 0.715848 0.710558 0.707036 0.705240 0.705147 0.706756 0.710088 0.715182 0.722102 0.730935 0.734362 0.717390 0.702838 0.690496 0.680191 0.671782 0.665163 0.660247 0.656974 0.655305 0.655219 0.656714 0.659810 0.664544 0.670974 0.678662 0.665084 0.653583 0.643997 0.636200 0.630088 0.625586 0.622636 0.621204 0.621272 0.622841 0.625929 0.630575 0.636835 0.644791 0.654544 0.666227 0.680002 0.696071 0.708034 0.710775 0.715267 0.721566 0.729750 0.739925 0.752226 0.766821 0.783920 0.803779 0.826713 0.853111 0.883449 0.918317 0.958455 1.000000 0.944658 0.897168 0.856188 0.820679 0.789825 0.762978 0.739620 0.719331 0.701771 0.686662 0.673780 0.662939 0.653993 0.646822 0.641335 0.637463 0.635158 0.626437 0.617088 0.609459 0.603454 0.598994 0.596025 0.594511 0.594433 0.595789 0.598598 0.602892 0.608726 0.616172 0.625328 0.633937 0.628922 0.625481 0.623571 0.623170 0.624272 0.626892 0.631059 0.636828 0.644268 0.653478 0.664579 0.677725 0.693105 0.710951 0.731550 0.755252 0.782489 0.813798 0.849850 0.891492 0.881956 0.865387 0.851443 0.839932 0.830703 0.823637 0.818645 0.815667 0.814667 0.811475 0.790321 0.772055 0.756395 1450.000000 1.295620 0.864490
0.932773 0.862428 0.803750 0.754248 0.712107 0.675968 0.644798 0.617799 0.594344 0.573937 0.556180 0.540753 0.527394 0.515893 0.506076 0.497802 0.490958 0.485453 0.481217 0.478197 0.476354 0.475667 0.476127 0.477741 0.480527 0.484519 0.489769 0.496342 0.504325 0.513828 0.524984 0.537961 0.552961 0.570235 0.590090 0.612908 0.639163 0.669453 0.704539 0.745400 0.793323 0.850018 0.917823 1.000000 0.974581 0.897229 0.833113 0.779301 0.733679 0.694684 0.661138 0.632135 0.606970 0.585088 0.566045 0.549485 0.535118 0.522711 0.512071 0.503044 0.495503 0.489346 0.484493 0.480882 0.478469 0.477224 0.477132 0.478191 0.480416 0.483832 0.488482 0.494425 0.501739 0.510520 0.520891 0.533003 0.547041 0.563232 0.581856 0.603255 0.627860 0.656205 0.688968 0.727019 0.771485 0.823859 0.886152 0.949888 0.884039 0.828595 0.781467 0.741100 0.706317 0.676209 0.650064 0.627321 0.607530 0.590328 0.575421 0.562570 0.551581 0.542294 0.534581 0.528340 0.523489 0.519968 0.517733 0.516756 0.517026 0.518547 0.521336 0.525428 0.530873 0.537742 0.546124 0.556132 0.567908 0.581624 0.597494 0.615780 0.636804 0.660961 0.688749 0.720789 0.757869 0.801006 0.851525 0.911189 15373.000000 1.111607 0.602091
0.797298 0.750073 0.709743 0.675073 0.645114 0.619129 0.596537 0.576878 0.559778 0.544938 0.532113 0.521104 0.511750 0.503918 0.497502 0.492420 0.488605 0.486011 0.484605 0.484371 0.485306 0.487421 0.490742 0.495310 0.501183 0.508436 0.517166 0.527494 0.539570 0.553576 0.569738 0.588332 0.609699 0.634262 0.662550 0.695232 0.733165 0.777456 0.829569 0.891473 0.954336 0.885363 0.827548 0.778581 0.736761 0.700807 0.669737 0.642788 0.619358 0.598969 0.581234 0.565844 0.552544 0.541129 0.531431 0.523312 0.516664 0.511399 0.507450 0.504769 0.503322 0.503092 0.504076 0.506285 0.509748 0.514506 0.520620 0.528169 0.537254 0.547999 0.560561 0.575131 0.591942 0.611283 0.633508 0.659058 0.688483 0.722481 0.761942 0.808021 0.862244 0.926660 0.936670 0.866380 0.807714 0.758199 0.716029 0.679855 0.648648 0.621611 0.598122 0.577684 0.559901 0.544453 0.531079 0.519568 0.509748 0.501478 0.494644 0.489157 0.484945 0.481957 0.480155 0.479517 0.480036 0.481717 0.484582 0.488666 0.494019 0.500710 0.508828 0.518483 0.529813 0.542986 0.558210 0.575739 0.595887 0.619041 0.645687 0.676432 0.712052 0.753549 0.802234 0.859859 0.928814 1.000000 0.919597 0.853063 1750.500000 1.059376 0.603849
0.626115 0.612385 0.600660 0.590772 0.582585 0.575991 0.570904 0.567261 0.565017 0.564144 0.564632 0.566487 0.569730 0.574404 0.580564 0.588291 0.597685 0.608875 0.622020 0.637313 0.654995 0.675360 0.698769 0.725670 0.756621 0.792324 0.833670 0.881812 0.938252 1.000000 0.933140 0.876639 0.828472 0.787119 0.751423 0.720485 0.693598 0.670202 0.649847 0.632171 0.616877 0.603726 0.592522 0.583105 0.575347 0.569146 0.564422 0.561117 0.559190 0.558617 0.559391 0.561522 0.565036 0.569976 0.576404 0.584403 0.594078 0.605562 0.619019 0.634652 0.652708 0.673492 0.697378 0.724831 0.756431 0.792909 0.835197 0.856872 0.821454 0.790677 0.763897 0.740597 0.720361 0.702849 0.687786 0.674947 0.664149 0.655245 0.648118 0.642675 0.638849 0.636593 0.635879 0.636699 0.639063 0.642999 0.648556 0.655804 0.664835 0.675769 0.688756 0.703981 0.721672 0.742109 0.765636 0.785849 0.762221 0.741706 0.723965 0.708720 0.695746 0.684859 0.675910 0.668782 0.663385 0.659650 0.657533 0.657006 0.658065 0.660721 0.665008 0.670977 0.678705 0.688290 0.699859 0.713573 0.729628 0.748266 0.769785 0.794548 0.823006 0.803393 0.766195 0.733980 0.705996 0.681650 0.660465 0.642057 637.000000 1.120139 0.756623
