30
1000 1000
6 112 139 120 61 221 59 234 139 210 197 117 240
6 57 -3 103 4 135 46 101 85 49 79 33 46
7 19 35 31 25 47 32 55 45 43 52 32 67 16 55
8 31 71 38 62 59 62 59 84 58 97 41 110 23 100 15 86
6 17 23 37 23 56 41 40 53 17 52 1 42
5 65 39 184 1 244 80 214 175 133 128
6 98 43 151 64 180 98 157 156 98 151 83 111
8 -3 42 12 39 23 20 32 32 39 48 35 58 23 67 3 67
6 12 -9 34 1 39 19 36 37 5 39 -1 21
4 227 121 288 157 229 207 151 173
7 10 23 23 6 34 20 41 27 35 42 24 51 9 40
3 40 13 95 33 39 84
5 15 62 88 28 99 94 88 159 32 123
6 46 118 110 45 188 78 250 118 188 179 99 197
7 40 16 68 5 100 11 134 50 102 86 73 89 33 64
6 77 60 104 65 112 86 103 117 86 107 57 88
3 74 45 162 122 71 217
4 50 19 78 48 48 76 30 50
3 24 25 106 76 9 154
4 45 2 105 45 63 98 -6 55
7 -1 1 33 -18 66 -9 89 19 65 64 31 55 -15 47
8 27 48 37 36 44 37 53 40 67 48 59 58 44 58 37 59
5 -10 17 31 13 69 37 44 68 -11 55
7 21 20 53 -16 147 0 158 73 136 130 62 134 48 93
4 53 17 90 37 53 71 15 42
5 6 8 20 -1 33 17 19 35 -3 24
7 3 12 7 -1 24 1 32 22 31 38 6 49 -8 29
6 -12 38 23 3 76 10 118 42 63 81 27 76
7 31 28 51 14 94 21 104 41 94 74 59 81 33 62
3 18 44 63 64 23 84
