30
1000 1000
5 18 59 44 44 49 70 48 89 26 78
4 -3 32 19 6 50 38 19 59
8 67 79 94 89 126 84 118 110 120 135 83 151 76 125 64 112
6 13 25 55 3 84 61 55 90 20 91 -18 69
8 6 57 10 41 25 46 44 42 50 62 41 82 26 80 6 80
4 125 63 163 112 119 140 84 109
7 17 67 91 -3 156 10 199 116 139 139 91 181 55 128
3 26 24 73 49 14 93
8 -25 18 -7 -1 25 -23 66 -12 77 27 58 59 29 49 3 57
6 2 -6 19 -4 36 11 20 20 2 27 -10 11
7 69 47 80 14 136 30 158 73 129 109 92 129 55 99
8 4 16 11 6 23 -6 41 3 47 23 40 31 28 35 18 32
7 -7 9 9 3 20 7 31 13 26 37 12 34 -3 25
8 36 -4 69 -3 88 1 114 32 95 67 74 75 37 56 15 36
6 71 24 143 32 135 84 116 114 84 115 72 79
4 104 75 192 127 89 199 -19 137
4 91 47 104 72 89 93 66 72
3 63 119 185 220 79 247
8 43 39 54 23 82 33 75 57 77 75 61 80 33 82 42 56
5 2 31 45 13 71 48 46 85 13 69
7 21 21 50 -17 95 22 133 53 97 78 74 116 22 66
5 52 95 152 91 192 149 146 225 74 180
8 -6 19 10 6 21 7 41 12 50 29 35 39 26 46 10 37
7 4 89 39 73 80 87 110 106 88 141 45 140 25 128
3 78 105 122 145 70 175
3 64 26 119 45 66 67
6 49 6 94 11 114 42 103 87 56 76 37 48
4 42 178 121 140 203 189 125 236
6 1 11 16 3 36 -6 44 7 37 30 15 27
6 249 199 288 133 359 149 399 215 383 285 270 308
