50
1000 1000
4 26 12 52 36 20 56 2 37
3 94 14 154 46 99 69
8 -16 66 -8 43 35 32 50 49 66 74 57 101 31 104 7 93
7 4 13 20 5 38 4 55 27 35 46 13 47 -1 37
4 26 75 128 -7 202 109 109 193
7 6 6 16 -2 33 -4 31 16 32 28 14 36 0 26
4 39 9 55 35 41 56 4 34
7 6 42 54 29 82 33 124 62 93 96 55 95 9 78
8 12 2 36 -12 42 6 58 16 54 36 35 54 8 37 17 21
7 -5 27 35 12 74 16 99 33 68 64 38 70 6 57
8 -4 2 13 -5 28 8 42 20 27 40 15 51 -1 46 -6 23
4 35 88 111 45 180 106 114 144
7 21 18 43 22 58 25 63 33 53 47 44 62 30 45
6 -11 42 27 15 61 2 75 51 62 96 24 84
6 4 59 32 28 71 20 78 62 78 112 31 102
5 31 23 81 18 124 49 79 92 32 89
4 43 43 64 31 88 50 68 68
8 85 67 88 53 108 49 130 56 143 72 128 86 110 95 91 84
6 22 14 67 29 140 58 72 117 28 130 -29 82
7 -4 42 20 12 46 22 70 59 45 85 22 70 -2 64
5 6 7 29 -3 42 15 31 28 11 29
5 107 95 182 101 225 139 184 157 130 157
7 71 88 125 79 161 69 185 118 153 160 124 177 73 139
4 122 66 178 112 116 160 60 116
3 157 32 249 116 154 157
6 42 54 79 49 99 82 80 109 43 117 22 84
6 21 9 50 0 49 25 55 53 25 41 0 28
8 33 81 77 43 137 30 214 42 260 78 205 140 140 151 71 153
5 22 12 46 -2 66 20 44 36 25 37
4 24 51 56 27 87 60 56 83
3 2 30 116 73 13 139
4 34 87 64 65 101 81 65 116
7 20 17 72 -25 127 7 177 65 111 118 71 95 10 76
5 137 96 219 87 258 165 208 218 139 194
6 -1 -3 28 -15 31 12 27 44 1 29 -4 16
6 47 27 71 10 75 37 65 53 42 51 19 40
5 1 27 42 15 60 46 35 66 9 59
8 46 25 90 3 116 22 124 69 96 90 80 97 37 108 36 61
3 195 200 310 279 195 333
6 51 14 97 10 114 47 94 87 47 112 43 59
8 11 26 11 10 34 14 52 11 63 30 53 42 36 53 19 38
5 27 -18 83 2 112 28 109 99 11 69
8 17 55 47 36 77 40 73 85 80 109 54 120 17 112 23 84
3 16 2 60 23 25 45
5 -49 28 57 51 148 97 55 168 -22 148
4 -3 25 35 -4 55 25 27 61
7 38 71 77 53 113 70 148 89 109 131 78 137 37 117
5 15 18 45 14 81 35 52 57 15 51
5 31 117 83 123 123 148 99 217 23 183
6 113 24 158 11 212 73 154 106 111 111 92 71
