30
1000 1000
3 25 33 99 81 26 145
6 1 -11 28 -3 38 11 33 32 0 33 -12 14
8 26 10 43 10 55 13 72 34 59 58 40 46 31 41 19 33
3 20 7 86 36 20 82
7 21 28 35 17 47 23 55 38 51 54 31 65 14 42
3 138 52 193 81 140 111
7 5 12 27 10 60 3 91 22 48 55 27 61 -8 50
6 23 105 39 85 72 77 75 105 71 129 46 134
5 124 93 152 70 194 108 152 136 117 120
5 36 17 55 10 68 28 56 36 40 37
6 33 93 77 67 106 66 135 94 119 166 80 131
6 86 101 166 53 237 19 278 105 257 186 148 159
3 279 195 478 331 289 397
7 -11 13 11 -16 50 -8 63 31 40 47 16 64 -9 35
7 234 141 275 94 353 111 386 174 357 237 302 242 231 196
4 165 228 215 178 250 215 210 293
5 0 11 23 4 34 21 25 39 3 28
3 53 46 223 203 84 245
5 -2 1 14 4 31 14 18 38 -2 24
6 0 35 20 9 52 3 75 39 63 69 18 64
8 59 46 58 37 74 25 86 25 98 46 86 70 66 67 58 63
6 31 149 66 105 111 112 160 160 131 210 75 186
8 15 47 35 40 48 43 56 62 51 85 32 87 21 77 16 68
7 -12 36 20 19 32 33 42 49 49 73 17 68 -1 58
5 18 4 44 -1 67 19 44 39 17 37
8 2 5 11 0 19 5 33 14 21 31 11 30 -2 28 -9 16
4 80 78 119 52 155 86 130 122
7 51 53 56 38 77 46 78 62 72 76 55 94 35 80
6 -3 22 16 4 40 2 54 22 48 50 16 54
8 26 66 47 46 60 39 91 38 104 65 100 102 61 90 43 84
