50
1000 1000
4 58 110 76 81 104 108 86 148
7 74 96 107 61 146 66 166 111 135 146 94 151 78 128
6 0 30 20 10 49 13 71 31 47 50 21 53
7 7 11 18 5 26 7 41 20 27 25 19 31 10 24
5 12 56 49 40 65 65 45 86 9 90
3 58 50 85 65 49 92
6 -2 44 35 20 59 21 94 56 65 73 24 83
6 133 122 159 90 199 80 242 131 202 171 163 146
7 -7 17 5 5 22 20 40 25 25 44 6 55 -10 40
6 67 13 142 23 151 73 131 122 92 125 31 83
8 79 135 108 89 145 76 177 91 232 125 186 164 157 227 100 191
6 15 23 32 1 61 3 60 29 65 51 24 51
3 210 204 290 273 217 309
3 25 68 87 88 8 131
8 30 27 51 22 74 21 67 46 76 68 53 74 24 71 33 47
6 6 -22 59 -29 76 34 68 74 7 93 -23 39
5 14 21 28 3 40 30 36 53 8 39
7 17 22 48 -8 95 4 110 43 109 86 56 81 22 58
6 40 48 64 45 89 64 71 91 40 91 21 70
8 -1 14 19 12 28 23 46 32 32 45 19 55 9 43 1 35
6 42 52 98 63 114 103 100 132 39 148 34 100
8 20 8 53 -7 72 10 98 37 71 53 47 57 30 55 16 31
6 5 12 25 7 33 28 27 41 5 37 -6 28
6 233 212 284 238 326 296 297 354 215 371 166 307
3 83 50 159 81 66 129
6 3 16 33 11 45 39 30 51 10 56 2 35
7 8 52 27 49 45 44 47 62 41 79 19 81 11 72
8 2 33 8 23 15 8 31 19 35 33 35 47 21 54 3 51
3 55 31 110 74 66 98
7 22 20 45 -4 82 4 108 30 91 76 42 80 26 60
7 78 73 105 62 127 71 129 84 135 111 110 105 90 97
5 69 38 94 41 112 52 97 76 62 72
3 12 -12 37 13 4 40
6 69 51 106 21 141 82 99 115 60 108 40 76
4 -6 28 16 10 37 30 17 48
8 108 113 128 104 142 105 149 123 148 155 120 150 107 137 92 129
8 -5 15 15 18 40 24 64 52 36 73 26 86 6 65 2 49
3 39 40 108 71 35 103
8 -4 -5 36 -2 80 -17 84 31 87 81 32 78 -12 90 -4 37
5 35 51 84 35 93 73 78 112 52 83
5 21 0 66 -15 76 19 66 51 34 28
7 67 72 82 50 112 59 118 86 115 118 80 120 75 94
8 34 46 39 34 62 36 76 39 84 50 69 60 66 76 47 66
4 41 114 92 68 162 117 84 173
3 74 -26 175 57 90 145
8 7 35 33 -2 89 28 150 82 79 126 58 137 -7 160 -13 90
5 258 132 406 84 402 178 369 252 287 252
6 -5 101 22 25 97 51 163 127 104 185 20 183
8 5 8 23 3 34 4 47 20 34 28 22 42 10 34 1 20
5 -2 21 36 1 39 30 28 63 -9 52
