50
1000 1000
3 29 48 103 79 37 96
6 69 60 70 39 91 41 110 61 99 84 76 84
6 0 43 24 28 47 27 66 40 58 69 23 57
7 42 76 64 51 89 64 106 92 90 112 69 123 47 103
7 -24 56 29 40 52 41 89 79 51 113 14 117 -6 101
8 13 12 25 14 37 8 44 27 35 39 24 47 15 36 14 28
4 27 14 54 44 30 65 6 51
4 36 112 75 84 139 112 80 172
7 4 10 7 -9 27 3 57 23 38 46 17 43 -7 33
7 17 41 32 -5 55 30 80 47 65 85 35 71 -10 61
6 63 77 74 45 118 38 191 78 128 147 44 157
8 155 140 159 115 187 86 221 113 256 146 235 196 177 210 137 207
7 9 17 37 0 66 2 94 27 71 55 42 57 22 43
3 50 33 102 56 48 76
8 135 70 173 41 199 69 228 111 209 143 172 174 129 141 104 110
8 22 39 79 34 99 63 153 94 101 141 65 182 3 178 21 112
4 0 14 22 -6 55 22 30 38
6 32 0 54 -3 63 14 46 34 28 30 16 19
5 67 16 170 20 243 97 162 131 76 142
8 25 44 34 41 47 44 50 51 42 63 34 65 24 66 17 54
4 8 41 79 -4 132 43 78 105
6 50 114 66 92 134 50 169 123 131 186 67 165
6 0 84 61 51 122 56 192 116 128 147 64 153
5 160 143 210 124 235 168 213 195 169 186
6 -6 92 23 53 83 63 95 107 70 142 18 146
5 16 37 58 31 89 63 62 82 27 70
6 42 72 71 64 96 96 87 129 35 130 22 99
5 30 66 61 46 78 84 59 99 40 95
3 8 -5 42 17 15 31
3 44 40 93 63 52 75
7 66 73 77 59 96 58 108 79 105 105 77 101 47 94
6 83 77 108 88 133 109 113 129 83 135 60 108
7 53 106 54 62 101 101 122 119 133 166 79 186 56 136
6 47 34 63 34 83 50 69 77 40 81 28 55
5 19 8 33 -1 62 16 34 41 11 32
5 8 -2 27 -1 46 16 32 29 7 28
7 -8 8 17 2 35 -11 44 14 36 42 16 44 -2 31
4 122 99 179 63 221 100 169 145
6 8 18 77 36 93 85 83 128 30 113 -6 95
7 18 28 47 15 66 12 90 46 77 70 44 79 22 49
6 13 31 20 -2 58 -1 76 39 59 77 24 73
7 15 33 25 20 45 25 52 35 49 65 20 66 16 44
3 12 21 111 99 17 142
4 61 29 117 82 53 127 -17 80
4 43 21 60 42 44 54 24 39
8 12 22 24 15 43 26 49 44 47 55 31 64 13 58 0 41
4 -6 14 21 2 44 20 21 34
5 21 6 53 0 80 21 49 62 16 47
5 28 53 100 61 166 86 111 142 39 127
3 3 -10 120 17 10 59
