45
1000 1000
6 30 41 71 0 173 -38 174 63 136 151 79 102
4 23 12 37 32 17 53 3 38
4 85 108 112 84 145 102 111 143
4 18 38 51 12 90 37 48 77
3 10 17 41 29 8 52
6 23 -8 87 -9 90 42 73 58 46 66 9 35
5 79 67 155 47 171 100 152 162 96 142
8 41 52 57 45 70 50 73 73 70 93 57 93 40 78 32 73
3 49 75 171 135 59 159
5 31 6 50 -11 69 22 49 43 24 30
6 63 28 85 29 101 55 84 69 54 71 43 56
3 49 16 93 28 51 51
3 105 57 166 88 105 114
8 27 17 54 9 100 30 109 63 94 80 61 86 24 85 9 53
4 69 -11 118 30 68 60 5 36
4 66 30 86 57 69 72 54 55
3 12 21 56 51 9 77
5 3 -2 20 -6 42 11 20 25 3 25
4 57 111 82 86 101 112 83 141
5 8 13 29 5 51 22 32 42 8 43
4 13 53 61 2 117 58 56 99
3 83 44 167 110 89 165
5 24 36 122 27 218 61 140 127 49 128
3 3 4 50 29 -2 53
3 243 86 331 126 231 239
6 58 30 150 36 171 112 173 171 58 184 22 115
6 21 3 42 6 62 20 42 38 23 44 4 25
3 30 3 111 61 17 125
3 40 33 87 55 24 89
5 166 59 215 54 272 72 228 158 154 108
7 8 -5 48 -24 62 2 72 22 73 61 43 49 23 37
3 1 6 221 122 43 162
5 62 29 118 4 170 52 106 91 46 105
6 38 55 55 32 88 25 116 61 86 85 55 88
5 64 61 83 52 99 76 85 87 65 83
4 48 61 76 91 45 117 14 94
6 45 -18 102 -29 148 39 91 64 60 74 27 45
6 29 16 53 -7 79 31 53 63 25 48 10 33
8 40 57 75 47 119 53 138 73 112 110 81 115 35 115 31 92
6 -3 -18 70 26 109 54 72 107 8 121 -27 58
6 17 25 65 -7 125 -8 179 31 123 95 65 88
6 18 32 23 13 55 12 57 34 56 64 28 58
8 3 22 27 12 45 24 58 36 43 54 26 67 6 66 -9 46
5 48 86 111 64 155 121 99 153 31 138
8 1 6 16 -10 19 4 25 14 20 27 14 25 2 25 -7 14
