60
1000 1000
3 45 44 115 72 49 117
5 8 16 45 2 67 27 44 48 6 46
8 1 85 39 59 56 35 118 49 114 96 98 125 65 117 20 135
6 61 51 79 53 89 68 87 91 64 84 44 72
6 3 14 13 3 25 3 35 14 27 26 14 26
4 3 16 50 -21 83 15 45 65
7 -7 30 9 10 36 13 45 36 32 52 17 60 9 44
3 9 -10 55 36 8 59
6 37 31 72 41 113 71 76 120 29 110 -8 81
7 -1 21 11 2 27 8 30 25 25 38 12 47 -5 35
5 -8 26 48 -6 67 56 55 85 9 76
7 -2 36 27 10 54 25 75 61 55 94 29 89 6 75
6 8 32 14 14 33 22 47 34 36 46 15 50
7 23 45 46 8 80 27 84 49 73 82 44 91 2 74
3 73 -1 215 69 86 108
3 58 11 208 120 66 194
4 7 41 39 17 70 39 45 71
3 20 -2 73 27 21 64
7 106 151 113 104 154 127 180 154 151 182 129 213 99 168
3 42 34 83 57 32 96
5 14 -1 46 -7 87 20 52 55 20 31
3 109 -6 263 93 84 143
8 9 18 15 1 31 -5 48 -2 57 16 47 32 26 46 14 36
3 181 193 288 250 157 378
3 29 22 87 48 35 79
5 92 181 154 171 192 216 181 273 84 244
7 -15 26 12 24 36 18 42 34 28 51 18 53 4 46
6 166 113 240 91 264 177 235 220 168 231 147 168
8 -5 15 13 8 30 18 35 32 32 46 18 48 0 46 -5 31
8 87 67 95 41 119 51 140 58 164 67 132 88 122 116 97 100
5 50 138 119 106 126 168 121 218 64 182
3 50 7 99 35 44 80
4 171 56 239 147 147 274 84 161
6 8 17 23 11 33 25 23 46 5 38 -3 29
8 -18 24 30 12 67 16 61 60 51 90 12 118 3 81 -31 60
6 25 -12 83 6 102 53 90 119 41 85 18 51
7 31 11 46 -5 64 0 58 21 58 41 44 45 34 24
6 16 20 16 6 43 3 47 20 38 40 24 35
8 20 35 31 15 48 14 70 17 78 40 68 50 49 60 28 51
5 18 36 39 29 56 45 39 65 18 55
4 311 224 453 161 541 255 468 330
5 32 25 57 18 78 38 60 57 35 48
5 -5 59 56 11 109 93 57 170 -28 142
6 27 15 52 18 69 30 52 52 30 54 15 36
5 52 30 81 13 87 45 77 75 49 67
5 -1 8 15 7 32 16 17 31 -1 26
7 12 58 38 47 60 54 81 74 58 99 38 103 0 94
8 55 236 87 175 130 172 174 189 210 240 186 283 136 304 79 307
6 26 56 45 24 82 31 85 61 91 92 51 75
5 30 29 45 19 50 40 45 57 30 48
8 7 0 35 -17 59 -10 62 16 50 31 34 52 20 29 9 21
3 184 11 288 75 194 148
3 41 19 79 33 17 76
5 67 35 114 -22 132 54 123 118 44 78
8 81 56 99 50 105 62 114 71 109 87 96 96 82 85 57 76
4 128 198 186 252 127 306 83 262
3 40 9 114 59 53 81
7 24 88 51 55 86 74 114 106 86 139 63 145 23 114
4 -3 174 109 129 234 194 111 254
3 53 35 139 95 67 125
