50
1000 1000
8 -11 35 0 20 24 19 44 23 70 45 43 61 28 69 9 59
4 15 -10 34 8 13 34 -11 13
8 15 41 28 38 46 43 56 56 49 72 31 81 17 65 17 57
8 78 13 118 -2 145 7 155 48 152 74 113 82 81 81 79 47
8 1 16 5 1 20 -3 31 5 33 14 31 31 21 33 -1 34
4 70 17 143 74 75 135 11 77
3 44 64 126 102 43 172
3 103 70 179 123 101 163
8 -5 10 10 4 33 7 27 24 29 42 11 48 -1 35 -9 24
8 20 2 39 4 53 9 70 30 52 38 37 45 18 39 1 29
4 -20 40 46 14 111 42 39 97
7 5 53 37 40 75 49 89 74 92 141 42 152 6 99
5 58 168 143 157 189 195 126 265 55 242
5 32 52 63 40 95 78 71 136 13 123
7 66 81 80 67 102 74 119 93 94 100 83 103 73 92
7 17 157 96 125 137 152 162 202 167 277 96 274 -2 234
4 -7 23 22 10 42 27 27 61
3 18 17 67 40 3 69
4 113 91 181 135 111 209 57 150
8 -15 28 -1 12 14 12 30 15 42 30 24 41 14 45 -4 49
5 8 31 32 22 79 54 44 82 -1 73
8 -55 90 18 65 51 0 96 62 176 78 117 139 66 215 22 135
4 40 20 73 31 37 51 16 38
3 27 -16 90 20 34 49
7 14 5 23 -6 35 2 48 13 34 21 25 31 13 18
8 31 89 34 35 81 42 112 66 124 94 138 136 84 121 28 144
7 2 30 31 8 53 18 82 46 44 70 22 95 -2 60
8 0 29 8 16 25 15 40 22 47 28 44 44 28 50 14 48
7 -14 55 33 13 83 32 133 91 120 153 31 170 -40 137
5 72 159 109 140 164 174 139 239 72 205
5 37 43 70 24 83 55 63 80 37 74
4 3 22 38 -3 61 26 36 43
6 90 46 121 46 130 72 112 93 87 106 82 80
8 16 11 54 10 105 10 114 55 97 71 62 103 28 81 18 54
8 57 14 97 1 118 18 135 44 135 81 84 92 60 79 38 53
3 24 54 71 77 10 128
5 29 44 70 23 110 66 66 86 43 76
8 33 75 63 51 81 39 107 46 117 86 108 112 84 110 58 107
7 -8 64 27 34 74 47 110 90 76 122 26 126 -12 95
5 12 12 30 3 40 19 27 39 7 30
6 5 -37 116 -16 193 47 122 117 36 113 13 59
3 39 67 85 103 43 128
8 5 32 15 24 25 15 40 26 54 36 36 44 29 48 16 53
6 39 41 48 17 79 19 117 49 87 76 41 80
5 154 162 250 120 288 202 264 295 163 228
8 -10 9 -1 -3 15 -9 27 -1 38 14 29 32 16 35 -1 30
7 50 182 116 138 175 142 201 229 171 273 120 323 56 256
7 -8 5 12 0 27 5 42 12 26 34 12 34 -10 23
3 57 73 149 132 30 214
8 -4 33 16 18 29 4 55 13 68 31 59 59 35 57 8 56
