30
1000 1000
5 6 6 25 -2 45 22 25 30 2 29
5 1 40 77 16 107 64 67 129 20 98
5 78 109 156 73 258 139 175 208 66 200
6 23 4 47 -14 75 16 46 40 21 38 12 27
7 58 41 80 40 94 35 110 58 98 80 78 72 65 62
4 6 24 23 13 57 29 21 48
8 12 17 43 -6 55 11 55 33 53 59 30 66 17 58 13 36
4 61 108 128 47 201 117 130 160
4 106 250 183 191 239 263 167 299
6 48 34 71 30 84 47 70 67 52 70 36 51
7 17 56 69 6 93 43 136 71 103 112 63 112 46 87
6 21 98 27 60 83 42 96 103 86 154 34 167
6 15 -2 29 -6 33 9 28 21 11 23 6 10
5 35 64 96 49 146 85 108 133 47 119
5 139 102 169 81 218 109 174 153 117 151
7 18 69 41 57 64 63 68 84 77 126 37 111 19 99
3 165 81 327 179 178 325
3 78 -9 217 47 96 109
6 -4 23 42 -1 76 -2 89 35 76 60 24 83
5 73 27 109 19 129 46 99 58 80 62
8 127 198 172 173 197 136 266 128 295 189 252 239 196 271 160 263
5 61 39 76 24 89 42 74 62 49 56
3 273 235 419 298 309 357
5 7 13 35 10 57 27 30 44 8 36
4 5 23 24 10 49 26 21 48
5 21 24 47 16 55 42 43 64 28 52
8 5 16 26 9 41 15 48 32 36 48 23 53 10 47 -3 32
4 14 -12 58 14 15 50 -21 18
8 93 18 138 15 180 11 209 67 171 96 141 118 82 122 47 67
4 5 17 41 -1 62 20 39 46
