0.546188 0.567766 0.592606 0.621283 0.654535 0.693311 0.713709 0.717866 0.723826 0.731663 0.741478 0.753399 0.767589 0.784250 0.803629 0.826030 0.851827 0.881479 0.915556 0.954765 1.000000 0.930277 0.849203 0.782862 0.727762 0.681442 0.642119 0.608473 0.579504 0.555419 0.546851 0.539824 0.534246 0.530045 0.527171 0.525586 0.525273 0.526228 0.528461 0.532000 0.536889 0.543190 0.550983 0.560373 0.571489 0.584491 0.599577 0.616989 0.637022 0.660043 0.641190 0.620284 0.602102 0.586329 0.572705 0.561021 0.551105 0.542819 0.536050 0.530711 0.526734 0.524068 0.522752 0.523379 0.525274 0.528462 0.532979 0.538885 0.546253 0.555181 0.565792 0.578237 0.592701 0.609413 0.628654 0.650768 0.676183 0.705432 0.739187 0.778304 0.823888 0.877390 0.940746 0.949759 0.914240 0.883334 0.856445 0.833092 0.812885 0.795506 0.780696 0.768244 0.757981 0.749771 0.743509 0.739116 0.707139 0.666067 0.630941 0.600709 0.574562 0.551871 0.532137 0.514963 0.500031 0.487080 0.475900 0.466321 0.458201 0.451429 0.445912 0.441580 0.438376 0.436263 0.435213 0.435214 0.436266 0.438382 0.441587 0.445922 0.451062 0.457363 0.464978 0.474012 0.484594 0.496885 0.511078 0.527414 7186.000000 1.526218 0.714496
0.830066 0.767857 0.715926 0.672091 0.634756 0.602726 0.575092 0.551150 0.530349 0.512250 0.496502 0.482822 0.470979 0.460788 0.452094 0.444774 0.438727 0.433873 0.430151 0.427513 0.425927 0.425374 0.425847 0.427352 0.429906 0.433543 0.438306 0.444257 0.451474 0.460057 0.470126 0.481833 0.495362 0.510939 0.528843 0.549418 0.573097 0.600419 0.632076 0.668959 0.712235 0.763463 0.824773 0.899145 0.961351 0.894284 0.837851 0.789908 0.748861 0.713503 0.682905 0.656339 0.633231 0.613122 0.595641 0.580490 0.567423 0.556242 0.546784 0.538920 0.532543 0.527572 0.523943 0.521612 0.520550 0.520744 0.522197 0.524926 0.528965 0.534363 0.541191 0.549536 0.559511 0.571257 0.584946 0.600790 0.619049 0.640043 0.664168 0.691914 0.723899 0.760907 0.803944 0.854323 0.797786 0.748880 0.707229 0.671499 0.640675 0.613971 0.590770 0.570584 0.553019 0.537761 0.524552 0.513182 0.503483 0.495314 0.488564 0.483144 0.478985 0.476033 0.474253 0.473623 0.474135 0.475796 0.478626 0.482659 0.487947 0.494556 0.502574 0.512110 0.523301 0.536312 0.551349 0.568662 0.588563 0.611433 0.637750 0.668118 0.703300 0.744287 0.792374 0.849290 0.917398 1.000000 0.998948 0.905618 7242.000000 1.268520 0.591902
0.792831 0.783016 0.775286 0.769544 0.765716 0.763758 0.763644 0.765374 0.768969 0.774472 0.781952 0.791503 0.803249 0.817348 0.833996 0.853435 0.870626 0.834255 0.802658 0.775166 0.751244 0.730462 0.712470 0.696980 0.683763 0.672627 0.663421 0.656023 0.650337 0.646293 0.643840 0.642949 0.643608 0.636383 0.624625 0.614748 0.606617 0.600125 0.595189 0.591748 0.589759 0.589198 0.590058 0.592349 0.596101 0.601358 0.608187 0.616675 0.626935 0.628212 0.630492 0.634321 0.639748 0.646841 0.655689 0.666411 0.679153 0.694096 0.711464 0.731532 0.754634 0.781187 0.811704 0.846824 0.887356 0.934327 0.989064 1.000000 0.928061 0.867728 0.816608 0.772934 0.735376 0.702914 0.674754 0.650269 0.628962 0.610430 0.594350 0.580457 0.568538 0.558417 0.556912 0.569298 0.583687 0.600305 0.619433 0.641417 0.666683 0.695767 0.729341 0.768264 0.813647 0.866947 0.904199 0.854158 0.811218 0.774164 0.742057 0.714159 0.689884 0.668764 0.650418 0.634540 0.620879 0.609231 0.599429 0.591339 0.584856 0.579894 0.576393 0.574310 0.573618 0.574310 0.576393 0.579894 0.584856 0.591974 0.607630 0.625686 0.646452 0.670314 0.697751 0.729362 0.765906 0.808355 0.819260 0.804858 1885.500000 1.196669 0.732321
0.830341 0.815320 0.802733 0.792409 0.784212 0.778038 0.773811 0.771477 0.771009 0.772402 0.775671 0.780858 0.788026 0.797264 0.808694 0.822466 0.838771 0.857844 0.879973 0.905514 0.889036 0.841377 0.800397 0.764981 0.734261 0.707551 0.684307 0.664091 0.646548 0.631389 0.618381 0.607332 0.598086 0.590519 0.584531 0.580047 0.577010 0.575385 0.575150 0.576827 0.580344 0.585323 0.591826 0.599936 0.609762 0.621436 0.635127 0.651038 0.669421 0.690584 0.714907 0.742861 0.775034 0.812164 0.814096 0.791074 0.771126 0.753930 0.739226 0.726802 0.716487 0.708142 0.701661 0.696961 0.693984 0.692694 0.693075 0.695132 0.696954 0.693499 0.691737 0.691646 0.693225 0.696493 0.701489 0.708277 0.716941 0.727594 0.740379 0.755475 0.773099 0.793523 0.817077 0.844169 0.875299 0.911092 0.952329 1.000000 0.987570 0.915304 0.854812 0.803637 0.759970 0.722454 0.690053 0.661959 0.637540 0.616289 0.597804 0.581755 0.567878 0.555956 0.545812 0.537303 0.530313 0.524751 0.520545 0.517642 0.516009 0.515624 0.516483 0.521618 0.528157 0.536169 0.545763 0.557073 0.570265 0.585542 0.603152 0.623403 0.646674 0.673434 0.704274 0.739943 0.781401 0.829898 0.868577 0.848006 1402.000000 1.145094 0.761066
0.675159 0.673842 0.673527 0.674838 0.677790 0.682419 0.688782 0.696960 0.707059 0.719212 0.733589 0.750397 0.769892 0.792386 0.818265 0.848003 0.882189 0.921561 0.959655 0.917093 0.880177 0.848081 0.820150 0.795857 0.774774 0.756555 0.740917 0.727630 0.716506 0.699012 0.674830 0.653787 0.635501 0.619663 0.606019 0.594365 0.584531 0.576384 0.569815 0.564738 0.561092 0.558829 0.557924 0.558364 0.560156 0.561850 0.555738 0.551071 0.547791 0.545856 0.545244 0.545947 0.547974 0.551349 0.556114 0.562329 0.570073 0.579449 0.590584 0.603639 0.618809 0.631781 0.640012 0.650048 0.662023 0.676108 0.692509 0.711482 0.733341 0.758471 0.787348 0.820566 0.858871 0.903210 0.954801 1.000000 0.948082 0.903357 0.864651 0.831046 0.801814 0.776376 0.754263 0.735097 0.718570 0.704428 0.692469 0.682525 0.674466 0.668185 0.663604 0.660666 0.659335 0.659596 0.661451 0.664922 0.670053 0.676908 0.662226 0.646102 0.632231 0.620406 0.610459 0.602254 0.595682 0.590660 0.587125 0.585033 0.584358 0.585093 0.587246 0.590844 0.595930 0.602569 0.610846 0.620870 0.632779 0.646741 0.662967 0.663218 0.658096 0.654616 0.652738 0.652437 0.653711 0.656575 0.661063 0.667232 3533.000000 1.304965 0.822746
0.865065 0.871244 0.879647 0.890379 0.903580 0.919427 0.938140 0.959562 0.935578 0.914914 0.897258 0.882355 0.870002 0.860032 0.852319 0.846765 0.843301 0.839583 0.834471 0.831411 0.830367 0.831325 0.834299 0.839322 0.846459 0.855796 0.867456 0.881590 0.898393 0.909710 0.889916 0.873024 0.858792 0.847024 0.837565 0.830293 0.825116 0.821972 0.820822 0.821651 0.824471 0.829314 0.836242 0.845339 0.856724 0.870545 0.886991 0.906296 0.928747 0.954697 0.984579 1.000000 0.980013 0.963085 0.948978 0.937505 0.928517 0.921898 0.917568 0.915474 0.915590 0.917918 0.922486 0.929349 0.938594 0.950336 0.964730 0.981969 0.988967 0.951521 0.918941 0.890592 0.865964 0.844641 0.826286 0.810623 0.797428 0.786520 0.777755 0.771020 0.766231 0.763328 0.762277 0.763065 0.765701 0.770216 0.776668 0.785136 0.795729 0.808587 0.823884 0.841838 0.862717 0.886848 0.914635 0.946574 0.980518 0.958164 0.939019 0.922804 0.909292 0.898304 0.889695 0.883358 0.879214 0.877211 0.877327 0.879562 0.883943 0.890524 0.899387 0.910644 0.924441 0.940965 0.960446 0.983169 0.963176 0.940880 0.921763 0.905546 0.892002 0.880947 0.872239 0.865767 0.861450 0.859235 0.859097 0.861032 1860.500000 1.070143 0.903846
0.534511 0.536975 0.540771 0.545945 0.552563 0.560711 0.570498 0.582060 0.595564 0.611217 0.629273 0.650041 0.673906 0.701344 0.732951 0.769483 0.811907 0.861477 0.919855 0.915385 0.893129 0.873984 0.857665 0.843941 0.832624 0.823563 0.816644 0.811780 0.808910 0.808000 0.809039 0.795432 0.775681 0.758672 0.744146 0.731896 0.721754 0.713584 0.707282 0.702769 0.699989 0.698907 0.699512 0.701809 0.705828 0.711618 0.719250 0.728822 0.740461 0.754324 0.770608 0.789555 0.757278 0.727493 0.701588 0.679044 0.659443 0.642447 0.627778 0.615214 0.604570 0.595700 0.588483 0.582826 0.578657 0.575926 0.574597 0.574656 0.576104 0.578956 0.583250 0.589037 0.596391 0.605408 0.616209 0.628945 0.643803 0.658034 0.660456 0.664502 0.670223 0.677689 0.686998 0.698272 0.711665 0.727368 0.745617 0.766699 0.790970 0.818864 0.850923 0.887820 0.930405 0.979761 1.000000 0.953647 0.913504 0.878635 0.848299 0.821901 0.798964 0.779098 0.761987 0.747373 0.735047 0.724839 0.716613 0.710264 0.705711 0.702899 0.701793 0.702380 0.704667 0.686395 0.660923 0.638757 0.619474 0.602730 0.588248 0.575800 0.565201 0.556301 0.548979 0.543139 0.538706 0.535625 0.533857 0.533382 2356.500000 1.371264 0.815019
0.623037 0.625185 0.627558 0.624348 0.622663 0.622483 0.623805 0.626645 0.631038 0.637040 0.644724 0.654192 0.665569 0.679013 0.694720 0.712929 0.733934 0.758095 0.785860 0.817781 0.854550 0.897044 0.946385 1.000000 0.971775 0.947320 0.926242 0.908221 0.892999 0.880365 0.870150 0.862223 0.856483 0.852861 0.851311 0.851815 0.843821 0.806669 0.774437 0.746411 0.722022 0.700811 0.682407 0.666510 0.652874 0.641298 0.631621 0.623712 0.617468 0.612809 0.609678 0.608036 0.607863 0.609157 0.611934 0.616228 0.622092 0.629600 0.638849 0.649964 0.663097 0.678441 0.690527 0.701899 0.715404 0.731235 0.749629 0.770877 0.795337 0.823449 0.855758 0.892945 0.866155 0.841882 0.820855 0.802741 0.787264 0.774203 0.763376 0.754642 0.747886 0.743025 0.739997 0.738767 0.739318 0.741659 0.745817 0.751843 0.759813 0.769828 0.782020 0.796553 0.813635 0.831775 0.817173 0.804981 0.795034 0.787204 0.781390 0.777521 0.775549 0.775451 0.777225 0.780892 0.786498 0.794112 0.803831 0.815779 0.830119 0.847048 0.866815 0.883442 0.842799 0.807591 0.777003 0.750390 0.727233 0.707116 0.689698 0.674704 0.661908 0.651129 0.642217 0.635055 0.629551 0.625636 0.623262 0.622399 1671.000000 1.161479 0.845437
0.795957 0.808711 0.823899 0.841734 0.862482 0.886468 0.914092 0.945845 0.964764 0.920516 0.882180 0.848874 0.819894 0.794679 0.772774 0.753812 0.737493 0.723571 0.711848 0.702164 0.694390 0.688426 0.684199 0.682725 0.684283 0.687509 0.692441 0.699141 0.707693 0.718209 0.730829 0.745730 0.763127 0.783287 0.806538 0.833280 0.848242 0.833834 0.821855 0.812144 0.804575 0.799053 0.795510 0.793902 0.794210 0.796438 0.800613 0.806785 0.815032 0.825459 0.838201 0.853431 0.871363 0.892260 0.916446 0.944319 0.976366 1.000000 0.955337 0.916607 0.882938 0.853640 0.828154 0.806031 0.786906 0.770481 0.756512 0.744804 0.735196 0.727564 0.721809 0.717861 0.715670 0.715210 0.716476 0.719483 0.724268 0.730888 0.739429 0.750000 0.762742 0.777831 0.795483 0.815967 0.839610 0.849790 0.828294 0.809761 0.793910 0.780512 0.769382 0.760370 0.753362 0.748267 0.745023 0.743591 0.743954 0.746115 0.750101 0.755961 0.763768 0.773620 0.785648 0.800013 0.816918 0.836612 0.859400 0.885658 0.915847 0.950538 0.921373 0.892800 0.867973 0.846474 0.827961 0.812155 0.798829 0.787801 0.778924 0.772084 0.767196 0.764198 0.763055 0.763752 0.766299 0.770725 0.777086 0.785461 6500.000000 1.030970 0.845849
0.945639 1.000000 0.949946 0.901490 0.859708 0.823524 0.792093 0.764748 0.740954 0.720278 0.702372 0.686948 0.673776 0.662666 0.653465 0.646051 0.640329 0.636226 0.633693 0.632698 0.633229 0.635293 0.638914 0.644138 0.651029 0.659675 0.670191 0.682719 0.697436 0.714561 0.734362 0.757167 0.783382 0.813508 0.848168 0.888149 0.881167 0.843426 0.810657 0.782154 0.757349 0.735787 0.717099 0.700984 0.687196 0.675536 0.665842 0.657985 0.651864 0.647401 0.644541 0.643248 0.643508 0.645324 0.648717 0.653729 0.660423 0.668883 0.679220 0.691574 0.706118 0.723067 0.742682 0.765286 0.791276 0.821141 0.855490 0.895089 0.940908 0.930815 0.890090 0.854752 0.824022 0.797279 0.774023 0.753850 0.736432 0.721498 0.708832 0.698257 0.689629 0.682836 0.677794 0.674438 0.672727 0.672642 0.674181 0.677362 0.682225 0.688829 0.697259 0.707624 0.720062 0.734747 0.751892 0.771761 0.794675 0.821029 0.804023 0.776171 0.751935 0.730874 0.712630 0.696913 0.683486 0.672155 0.662764 0.655188 0.649330 0.645117 0.642496 0.641435 0.641921 0.643960 0.647578 0.652818 0.659746 0.668450 0.679045 0.691674 0.706516 0.723791 0.743769 0.766780 0.793233 0.823631 0.858602 0.898937 5059.000000 1.126268 0.775031
0.699077 0.712338 0.727899 0.745992 0.766902 0.790979 0.792485 0.780490 0.770682 0.762933 0.757143 0.753242 0.751181 0.750936 0.752503 0.755901 0.761172 0.768381 0.777620 0.770984 0.762516 0.756034 0.751456 0.748727 0.747812 0.748700 0.751403 0.755954 0.762408 0.770846 0.781376 0.794138 0.809305 0.827095 0.847772 0.871663 0.899170 0.930784 0.967117 1.000000 0.944185 0.896317 0.855029 0.819264 0.788193 0.761160 0.737637 0.717201 0.699506 0.683722 0.667323 0.653228 0.641230 0.631157 0.622873 0.616269 0.611261 0.607786 0.605802 0.605283 0.606225 0.608639 0.612553 0.618016 0.625098 0.633888 0.644504 0.657091 0.671831 0.688945 0.708705 0.731447 0.757582 0.787622 0.822204 0.835197 0.822325 0.811769 0.803391 0.797085 0.792773 0.790401 0.789940 0.791385 0.794754 0.800087 0.807451 0.816938 0.828670 0.842804 0.859536 0.879106 0.881031 0.859475 0.840926 0.825106 0.811791 0.800796 0.791978 0.785224 0.780447 0.777591 0.776619 0.777521 0.780306 0.785010 0.791690 0.800429 0.811339 0.793767 0.769327 0.748095 0.729714 0.713893 0.700396 0.689028 0.679635 0.672091 0.666301 0.662192 0.659712 0.658832 0.659541 0.661848 0.665781 0.671388 0.678739 0.687928 2237.000000 1.209465 0.863706
0.796794 0.732080 0.678600 0.633825 0.595940 0.563609 0.535831 0.511837 0.491032 0.472947 0.457209 0.443520 0.431635 0.421360 0.412533 0.405024 0.398727 0.393556 0.389444 0.386338 0.384200 0.383002 0.382731 0.383384 0.384968 0.387502 0.391018 0.395560 0.401187 0.407974 0.416013 0.425421 0.436339 0.448944 0.463447 0.480114 0.499273 0.521332 0.546809 0.576363 0.610850 0.651397 0.699514 0.757276 0.827609 0.816100 0.771639 0.733447 0.700466 0.671872 0.647019 0.625391 0.606577 0.590242 0.576116 0.563976 0.553644 0.544973 0.537845 0.532167 0.527866 0.524888 0.523196 0.522771 0.523607 0.525715 0.529119 0.533862 0.540003 0.547622 0.556820 0.567723 0.580488 0.595308 0.612418 0.632108 0.654736 0.680746 0.710690 0.745268 0.785371 0.746696 0.694183 0.650035 0.612553 0.580481 0.552865 0.528975 0.508237 0.490200 0.474504 0.460857 0.449025 0.438816 0.430074 0.422671 0.416506 0.411495 0.407573 0.404691 0.402814 0.401917 0.401990 0.403035 0.405064 0.408101 0.412185 0.417366 0.423714 0.431312 0.440269 0.450713 0.462808 0.476750 0.492781 0.511203 0.532388 0.556805 0.585045 0.617872 0.656276 0.701573 0.755541 0.820646 0.900403 1.000000 0.976228 0.876374 758.000000 1.438085 0.576420
0.932669 1.000000 0.910470 0.837506 0.777102 0.726458 0.683556 0.646911 0.615402 0.588171 0.564550 0.544014 0.526141 0.510597 0.497108 0.485453 0.475451 0.466955 0.459846 0.454027 0.449423 0.445975 0.443640 0.442390 0.442209 0.443095 0.445059 0.448125 0.452331 0.457729 0.464391 0.472404 0.481879 0.492954 0.505798 0.520616 0.537664 0.557253 0.579774 0.605712 0.635682 0.670473 0.711104 0.758924 0.815745 0.831828 0.782834 0.740976 0.704979 0.673866 0.646876 0.623408 0.602985 0.585223 0.569811 0.556497 0.545073 0.535373 0.527260 0.520624 0.515380 0.511460 0.508816 0.507416 0.507241 0.508291 0.510578 0.514129 0.518990 0.525220 0.532902 0.542136 0.553053 0.565809 0.580599 0.597662 0.617290 0.639845 0.665775 0.695642 0.730157 0.770228 0.817035 0.872136 0.863145 0.794650 0.737873 0.690221 0.649820 0.615288 0.585580 0.559896 0.537610 0.518232 0.501368 0.486702 0.473979 0.462992 0.453570 0.445576 0.438898 0.433447 0.429150 0.425953 0.423817 0.422716 0.422636 0.423576 0.425548 0.428576 0.432697 0.437963 0.444443 0.452224 0.461413 0.472144 0.484582 0.498927 0.515427 0.534387 0.556186 0.581299 0.610327 0.644040 0.683438 0.729843 0.785037 0.851482 6892.000000 1.236848 0.594599
0.912373 0.925879 0.942094 0.961244 0.983607 1.000000 0.976384 0.956107 0.938872 0.924434 0.912599 0.903212 0.896152 0.891333 0.886112 0.851672 0.821715 0.795646 0.772984 0.753343 0.736405 0.721912 0.709656 0.699466 0.691206 0.684769 0.680074 0.677064 0.675700 0.675967 0.677868 0.676597 0.674884 0.674802 0.676349 0.679545 0.684427 0.691056 0.699517 0.709919 0.722402 0.737140 0.754346 0.774284 0.797279 0.823725 0.854115 0.889057 0.925154 0.910098 0.897652 0.887651 0.879968 0.874505 0.871195 0.869998 0.870900 0.873911 0.879068 0.886434 0.896102 0.908195 0.922873 0.940335 0.918363 0.897427 0.879495 0.864308 0.851653 0.841361 0.833298 0.827362 0.823480 0.821605 0.821713 0.823806 0.827910 0.834074 0.842375 0.852918 0.865841 0.875181 0.856013 0.839646 0.825845 0.814421 0.805222 0.798130 0.793055 0.789936 0.788734 0.789434 0.792046 0.796600 0.803153 0.782604 0.764130 0.748270 0.734789 0.723497 0.714242 0.706902 0.701384 0.697618 0.695560 0.695184 0.696485 0.699479 0.704203 0.710715 0.719097 0.729458 0.741934 0.756700 0.773968 0.794000 0.817117 0.843714 0.874278 0.893962 0.887309 0.882865 0.880577 0.880415 0.882380 0.886493 0.892806 0.901396 5713.500000 1.260863 0.904457
0.875355 0.910935 0.849628 0.797853 0.753738 0.715879 0.683210 0.654900 0.630302 0.608898 0.590276 0.574100 0.560101 0.548058 0.537789 0.529150 0.522021 0.516310 0.511942 0.508863 0.507035 0.506435 0.507057 0.508909 0.512011 0.516404 0.522141 0.529297 0.537966 0.548266 0.553295 0.540556 0.529638 0.520380 0.512655 0.506357 0.501406 0.497738 0.495308 0.494086 0.494058 0.495222 0.497594 0.501201 0.506090 0.512321 0.519975 0.529156 0.539992 0.552639 0.567293 0.584190 0.603624 0.625955 0.651632 0.681218 0.715423 0.755159 0.801615 0.856359 0.921511 1.000000 0.940046 0.867598 0.807324 0.756585 0.713463 0.676534 0.644717 0.617177 0.593265 0.572465 0.554363 0.538629 0.524994 0.513238 0.503182 0.494682 0.487619 0.481900 0.477450 0.474214 0.472151 0.471236 0.471458 0.472820 0.475339 0.479045 0.483984 0.490219 0.497832 0.506926 0.517628 0.530096 0.544525 0.561150 0.580264 0.602229 0.627492 0.656315 0.637999 0.622135 0.608471 0.596802 0.586959 0.578807 0.572239 0.567169 0.563533 0.561288 0.560404 0.560873 0.562699 0.565906 0.570531 0.576632 0.584289 0.593601 0.604695 0.617728 0.632894 0.650429 0.670625 0.693841 0.720520 0.751215 0.786620 0.827621 978.500000 1.604867 0.694658
0.598864 0.621746 0.648069 0.678426 0.713571 0.754472 0.739303 0.719353 0.702097 0.687267 0.674643 0.664044 0.655328 0.648379 0.643110 0.639453 0.637364 0.636818 0.637809 0.640347 0.644465 0.650212 0.657661 0.666909 0.678077 0.691319 0.706825 0.724830 0.745618 0.769543 0.797038 0.828641 0.853689 0.809282 0.771032 0.737931 0.709194 0.684198 0.662445 0.643536 0.627145 0.613008 0.600910 0.590676 0.582164 0.575260 0.569874 0.565939 0.563406 0.562244 0.562439 0.563994 0.566926 0.571273 0.577088 0.584444 0.593439 0.604194 0.616859 0.631620 0.648706 0.656605 0.636854 0.619705 0.604875 0.592132 0.581286 0.572183 0.564701 0.558740 0.554226 0.551100 0.549326 0.548881 0.549761 0.551974 0.555550 0.560531 0.566981 0.574983 0.584642 0.596091 0.609496 0.625058 0.643025 0.663702 0.687463 0.714776 0.746220 0.782531 0.824644 0.873772 0.931511 1.000000 0.959749 0.886485 0.825461 0.774042 0.730309 0.692834 0.660531 0.632561 0.608270 0.587138 0.568749 0.552768 0.538924 0.526994 0.516799 0.508193 0.501055 0.495292 0.490829 0.487610 0.485595 0.484760 0.485094 0.486602 0.489302 0.493226 0.498425 0.504964 0.512928 0.522427 0.533594 0.546594 0.561630 0.578951 9339.000000 1.410257 0.733587
0.898219 0.953022 0.884027 0.826204 0.777238 0.735424 0.699478 0.668418 0.641478 0.618057 0.597676 0.579948 0.564562 0.551266 0.539852 0.530152 0.522030 0.515376 0.510103 0.506144 0.503449 0.501986 0.501737 0.502698 0.504881 0.508314 0.513037 0.519112 0.526616 0.535650 0.546338 0.558836 0.573331 0.590059 0.609303 0.631418 0.656840 0.686118 0.719942 0.759199 0.805035 0.858963 0.923018 1.000000 0.941611 0.870662 0.811473 0.761537 0.719023 0.682562 0.651113 0.623871 0.600205 0.579615 0.561698 0.546132 0.532655 0.521051 0.511147 0.502802 0.495900 0.490351 0.486082 0.483040 0.481189 0.480505 0.480979 0.482619 0.485443 0.489487 0.494800 0.501452 0.509529 0.519141 0.530426 0.543550 0.558721 0.576191 0.596272 0.619348 0.645902 0.676537 0.712024 0.753354 0.801830 0.859185 0.927785 0.999915 0.923771 0.860329 0.806860 0.761375 0.722393 0.688786 0.659685 0.634411 0.612422 0.593288 0.576661 0.562257 0.549849 0.539247 0.530299 0.522883 0.516899 0.512271 0.508940 0.506866 0.506022 0.506399 0.508002 0.510849 0.514976 0.520434 0.527293 0.535643 0.545597 0.557296 0.570913 0.586661 0.604801 0.625654 0.649617 0.677185 0.708980 0.745793 0.788643 0.838860 1277.000000 1.067137 0.603639
1.000000 0.953878 0.894959 0.844811 0.801814 0.764735 0.732620 0.704724 0.680453 0.659334 0.640984 0.625093 0.611408 0.599723 0.589871 0.581716 0.575150 0.570089 0.566469 0.564245 0.563391 0.563896 0.565765 0.569023 0.573708 0.579880 0.587617 0.597021 0.608220 0.621373 0.630128 0.628817 0.629024 0.630751 0.634019 0.638868 0.645359 0.653574 0.663619 0.675632 0.689780 0.706270 0.725359 0.747359 0.772655 0.801722 0.835152 0.873687 0.864032 0.827284 0.795372 0.767612 0.743455 0.722459 0.704266 0.688585 0.675179 0.663853 0.654452 0.646849 0.640948 0.636673 0.633973 0.632813 0.633180 0.635078 0.638530 0.643579 0.650288 0.658742 0.669051 0.681356 0.695829 0.712685 0.732186 0.754653 0.780482 0.810163 0.830550 0.799391 0.772279 0.748690 0.728201 0.710470 0.695217 0.682214 0.671276 0.662254 0.655028 0.649505 0.645618 0.643317 0.642575 0.643383 0.645751 0.649707 0.655300 0.662601 0.671702 0.677536 0.660930 0.646638 0.634448 0.624185 0.615708 0.608906 0.603690 0.599997 0.597780 0.597012 0.597684 0.599804 0.603398 0.608510 0.615204 0.623566 0.633707 0.645764 0.659909 0.676354 0.695357 0.717237 0.742385 0.771286 0.804545 0.842925 0.887394 0.939205 3272.500000 1.098250 0.783892
0.705249 0.685549 0.668487 0.653791 0.641238 0.630649 0.621878 0.614808 0.609348 0.605431 0.603007 0.602047 0.602539 0.604489 0.607922 0.612878 0.619421 0.627632 0.637622 0.649525 0.663509 0.679782 0.698599 0.720272 0.745186 0.773815 0.806754 0.844747 0.888742 0.939961 1.000000 0.939865 0.885521 0.839029 0.799004 0.764381 0.734330 0.708194 0.685449 0.665673 0.648525 0.633727 0.621052 0.610315 0.601367 0.594089 0.588385 0.584183 0.581432 0.580098 0.580164 0.581632 0.584518 0.588860 0.594709 0.602141 0.611253 0.622166 0.635034 0.650044 0.667428 0.687469 0.710516 0.736998 0.767451 0.802547 0.806272 0.775348 0.748445 0.725035 0.704690 0.687067 0.671882 0.658907 0.647955 0.638876 0.631547 0.625876 0.621790 0.619239 0.618192 0.618637 0.620578 0.624040 0.629065 0.635714 0.644075 0.654255 0.666394 0.680662 0.697271 0.716480 0.738607 0.764044 0.793275 0.826902 0.865685 0.910586 0.931067 0.883290 0.842106 0.806449 0.775480 0.748539 0.725095 0.704721 0.687070 0.671862 0.658864 0.647892 0.638792 0.631445 0.625755 0.621651 0.619083 0.618018 0.618444 0.620366 0.623808 0.628811 0.635439 0.643775 0.653929 0.666039 0.680275 0.696849 0.716019 0.727919 4839.500000 1.245204 0.759649
0.902068 0.862885 0.828878 0.799302 0.773563 0.751184 0.731776 0.715025 0.700674 0.688514 0.678375 0.670122 0.663646 0.658866 0.655724 0.654179 0.654214 0.655829 0.659044 0.663898 0.670450 0.678785 0.689011 0.701265 0.715718 0.722323 0.712294 0.704213 0.697976 0.693505 0.690744 0.689659 0.690239 0.692489 0.696436 0.702131 0.709643 0.719068 0.730531 0.744187 0.760230 0.778897 0.800481 0.825341 0.853917 0.886755 0.924537 0.968118 0.993627 0.948241 0.908914 0.874743 0.845010 0.819140 0.796670 0.777222 0.760489 0.746221 0.734215 0.724307 0.716365 0.710288 0.706000 0.703448 0.702600 0.703448 0.706000 0.710288 0.716365 0.724307 0.734215 0.746221 0.760489 0.777222 0.796670 0.819140 0.845010 0.828464 0.804213 0.783175 0.765005 0.749423 0.736202 0.725156 0.716136 0.709025 0.703732 0.700192 0.698362 0.698219 0.699761 0.703007 0.707998 0.714794 0.723481 0.734173 0.747012 0.762177 0.779889 0.800417 0.799456 0.781329 0.765810 0.752673 0.741736 0.732853 0.725908 0.720814 0.717507 0.715947 0.716116 0.718014 0.721666 0.727116 0.734432 0.743706 0.755060 0.768646 0.784655 0.803321 0.824933 0.849844 0.878489 0.911404 0.949258 0.992887 1.000000 0.947371 1142.000000 1.138347 0.825095
0.893667 0.942711 1.000000 0.950880 0.903667 0.862901 0.827562 0.796848 0.770121 0.746869 0.726680 0.709217 0.694207 0.681427 0.670695 0.661866 0.654823 0.649477 0.645761 0.643628 0.643054 0.644031 0.646570 0.650704 0.656483 0.663979 0.673289 0.684536 0.697875 0.713498 0.731639 0.752587 0.776696 0.804402 0.836248 0.872909 0.849172 0.819242 0.793196 0.770554 0.750928 0.734001 0.719515 0.707261 0.697069 0.688802 0.682353 0.677642 0.674609 0.673218 0.673451 0.675312 0.678823 0.684028 0.690990 0.699799 0.710570 0.723447 0.738611 0.756286 0.776745 0.800323 0.827433 0.858585 0.894413 0.872161 0.838875 0.809916 0.784717 0.762821 0.743857 0.727523 0.713573 0.701807 0.692063 0.684211 0.678151 0.673807 0.671124 0.670071 0.670633 0.672819 0.676655 0.682188 0.689486 0.698644 0.709781 0.723049 0.738636 0.756774 0.777745 0.801898 0.829662 0.861568 0.898277 0.906909 0.862851 0.824770 0.791736 0.763013 0.738017 0.716277 0.697414 0.681117 0.667135 0.655263 0.645333 0.637212 0.630793 0.625996 0.622760 0.621045 0.620832 0.622117 0.624915 0.629262 0.635211 0.642837 0.652238 0.663541 0.676902 0.692515 0.710617 0.731501 0.755525 0.783130 0.814867 0.851423 1277.000000 1.071237 0.778032
0.722977 0.772126 0.764926 0.724627 0.689941 0.659941 0.633904 0.611261 0.591556 0.574422 0.559562 0.546736 0.535747 0.526434 0.518667 0.512343 0.507378 0.503711 0.501295 0.500101 0.500115 0.501337 0.503781 0.507478 0.512473 0.518830 0.526631 0.535981 0.547011 0.559882 0.574791 0.591981 0.611750 0.634466 0.660587 0.690686 0.725491 0.765932 0.813224 0.868970 0.920315 0.834815 0.765539 0.708456 0.660776 0.620509 0.586200 0.556757 0.531349 0.509332 0.490201 0.473555 0.459072 0.446492 0.435604 0.426238 0.418252 0.411533 0.405989 0.401547 0.398150 0.395755 0.394333 0.393867 0.394351 0.395791 0.398204 0.401620 0.406082 0.411647 0.418389 0.426400 0.435793 0.446711 0.459324 0.473845 0.490535 0.509715 0.531791 0.557268 0.586794 0.621204 0.661594 0.709429 0.766712 0.836250 0.922102 1.000000 0.911511 0.839266 0.779373 0.729097 0.686469 0.650029 0.618679 0.591573 0.568053 0.547601 0.529802 0.514324 0.500898 0.489303 0.479361 0.470928 0.463884 0.458135 0.453606 0.450240 0.447995 0.446844 0.446772 0.447778 0.449875 0.453089 0.457459 0.463040 0.469905 0.478146 0.487878 0.499242 0.512411 0.527600 0.545070 0.565144 0.588225 0.614816 0.645553 0.681253 4884.000000 1.326638 0.586760
0.835054 0.790184 0.751608 0.718273 0.689360 0.664223 0.642347 0.623320 0.606808 0.592539 0.580291 0.569884 0.561172 0.554037 0.548386 0.544147 0.541266 0.539710 0.539458 0.540507 0.542872 0.543258 0.528729 0.516169 0.505381 0.496206 0.488514 0.482200 0.477183 0.473397 0.470797 0.469349 0.469037 0.469856 0.471817 0.474943 0.479273 0.484862 0.491781 0.500123 0.510003 0.521563 0.534977 0.550461 0.568278 0.588753 0.612288 0.639388 0.670688 0.707002 0.722171 0.707443 0.694944 0.684500 0.675969 0.669240 0.664229 0.660872 0.659129 0.658979 0.660419 0.663468 0.668162 0.674559 0.682741 0.692813 0.704910 0.719201 0.735893 0.755241 0.777557 0.803226 0.832723 0.866636 0.804035 0.749132 0.702832 0.663428 0.629644 0.600510 0.575278 0.553360 0.534291 0.517698 0.503280 0.490795 0.480042 0.470860 0.463117 0.456708 0.451546 0.447566 0.444718 0.442966 0.442289 0.442679 0.444141 0.446692 0.450363 0.455201 0.461268 0.468643 0.469039 0.468548 0.469188 0.470965 0.473902 0.478035 0.483415 0.490112 0.498214 0.507832 0.519105 0.532200 0.547326 0.564737 0.584747 0.607745 0.634217 0.664775 0.700198 0.741495 0.789992 0.847461 0.916328 1.000000 0.949630 0.887594 13673.500000 1.582375 0.719241
1.000000 0.942592 0.862624 0.796934 0.742202 0.696074 0.656834 0.623203 0.594210 0.569105 0.547301 0.528331 0.511824 0.497479 0.485054 0.474348 0.465202 0.457483 0.451085 0.445922 0.441930 0.439056 0.437266 0.436538 0.436863 0.438246 0.440702 0.444262 0.448970 0.454887 0.462090 0.470677 0.480769 0.492516 0.506102 0.521750 0.539739 0.560411 0.584193 0.611622 0.643379 0.680344 0.723665 0.774871 0.836044 0.910083 0.918435 0.856117 0.803530 0.758753 0.720346 0.687216 0.658516 0.633582 0.611888 0.593011 0.576612 0.562414 0.550192 0.539763 0.530977 0.523714 0.517878 0.513393 0.510204 0.508271 0.507572 0.508096 0.509851 0.512858 0.517154 0.522793 0.529846 0.538407 0.548593 0.560548 0.574450 0.590519 0.609021 0.630288 0.654728 0.682852 0.715301 0.752892 0.796678 0.848042 0.842733 0.786198 0.738438 0.697733 0.662795 0.632640 0.606507 0.583798 0.564038 0.546846 0.531915 0.518994 0.507881 0.498410 0.490445 0.483877 0.478622 0.474610 0.471792 0.470134 0.469614 0.470227 0.471980 0.474895 0.479007 0.484368 0.491046 0.499131 0.508732 0.519988 0.533066 0.548173 0.565564 0.585551 0.608523 0.634962 0.665480 0.700852 0.742085 0.790495 0.847848 0.916554 1214.000000 1.191279 0.597705
0.435916 0.418411 0.403191 0.389946 0.378427 0.368430 0.359793 0.352380 0.346084 0.340816 0.336504 0.333092 0.330537 0.328807 0.327881 0.327747 0.328405 0.329861 0.332134 0.335251 0.339253 0.344191 0.350130 0.357154 0.365363 0.374883 0.385867 0.398503 0.413023 0.429716 0.448942 0.471157 0.496945 0.527062 0.562508 0.604626 0.655269 0.717057 0.793821 0.891397 1.000000 0.874847 0.779204 0.703942 0.643351 0.593681 0.552366 0.517594 0.488046 0.462744 0.440946 0.422080 0.405700 0.391452 0.379052 0.368274 0.358933 0.350878 0.343987 0.338161 0.333318 0.329395 0.326340 0.324114 0.322691 0.322053 0.322192 0.323110 0.324818 0.327336 0.330697 0.334943 0.340130 0.346327 0.353622 0.362122 0.371959 0.383294 0.396327 0.411303 0.428528 0.448386 0.471365 0.498091 0.529382 0.566324 0.610390 0.663625 0.728956 0.697335 0.666921 0.640528 0.617575 0.597600 0.580231 0.565166 0.552161 0.541014 0.531564 0.523678 0.517250 0.512198 0.508456 0.505978 0.504735 0.504711 0.505905 0.508333 0.512023 0.517022 0.523393 0.531219 0.540604 0.551680 0.564608 0.579586 0.596858 0.616722 0.639547 0.665793 0.696033 0.674765 0.620694 0.575930 0.538399 0.506605 0.479448 0.456097 1782.500000 1.699677 0.547714
0.723406 0.733285 0.741282 0.747867 0.756408 0.767016 0.779831 0.795030 0.812830 0.833499 0.857366 0.884835 0.916402 0.952686 0.994456 1.000000 0.959541 0.924369 0.893762 0.867138 0.844029 0.824054 0.806901 0.792318 0.780098 0.770077 0.762122 0.756133 0.752035 0.749778 0.749334 0.750698 0.753887 0.758939 0.765916 0.774908 0.786029 0.799427 0.815289 0.833842 0.855368 0.880212 0.908797 0.915228 0.889636 0.867470 0.848376 0.832066 0.818305 0.806904 0.797712 0.790610 0.785509 0.782346 0.781083 0.781704 0.784217 0.788651 0.795063 0.803531 0.814165 0.827102 0.838207 0.818037 0.800698 0.785934 0.773534 0.763329 0.755186 0.749000 0.744694 0.742215 0.741533 0.742640 0.745549 0.750295 0.756938 0.765559 0.776271 0.789216 0.804570 0.822555 0.843441 0.867559 0.895318 0.927220 0.947015 0.919843 0.896285 0.875962 0.858562 0.843834 0.831572 0.821612 0.813825 0.808113 0.804405 0.802656 0.802844 0.804972 0.809065 0.815175 0.823376 0.833772 0.846500 0.861731 0.879678 0.900604 0.924832 0.908230 0.874053 0.844315 0.818441 0.795966 0.776513 0.759775 0.745501 0.733488 0.723572 0.715621 0.709534 0.705235 0.702669 0.701807 0.702638 0.705171 0.709438 0.715491 1772.000000 1.045800 0.859931
0.892009 0.849172 0.812127 0.779980 0.752024 0.727695 0.706540 0.688191 0.672349 0.658772 0.647261 0.637655 0.629825 0.623669 0.619110 0.616090 0.614573 0.614540 0.615991 0.618943 0.621962 0.612929 0.605593 0.599858 0.595653 0.592924 0.591639 0.591782 0.593355 0.596377 0.600885 0.606935 0.614604 0.623991 0.635224 0.648459 0.663891 0.681758 0.702352 0.726033 0.753243 0.746099 0.734095 0.724188 0.716247 0.710171 0.705884 0.703332 0.702485 0.703332 0.705884 0.710171 0.716247 0.724188 0.734095 0.746099 0.760364 0.777094 0.796539 0.819006 0.844871 0.874599 0.908765 0.873526 0.839353 0.809630 0.783764 0.761277 0.741781 0.724962 0.710563 0.698374 0.688226 0.679983 0.673540 0.668813 0.665744 0.664297 0.664453 0.666215 0.669604 0.674660 0.681448 0.690053 0.700588 0.713194 0.724877 0.701691 0.681533 0.664056 0.648977 0.636066 0.625136 0.616034 0.608638 0.602853 0.598605 0.595842 0.594531 0.594654 0.596214 0.599230 0.603738 0.609795 0.617477 0.626885 0.638145 0.651415 0.656766 0.657406 0.659639 0.663490 0.669007 0.676260 0.685342 0.696370 0.709497 0.724908 0.742833 0.763552 0.787413 0.814838 0.846356 0.882622 0.924462 0.972926 1.000000 0.941787 5704.000000 1.267409 0.828242
0.799542 0.747465 0.703349 0.665664 0.633259 0.605254 0.580961 0.559840 0.541459 0.525472 0.511600 0.499613 0.489328 0.480592 0.473282 0.467301 0.462569 0.459026 0.456630 0.455349 0.455169 0.456088 0.458116 0.461279 0.465615 0.471179 0.478043 0.486299 0.496062 0.507472 0.520703 0.535968 0.553529 0.573709 0.596909 0.623629 0.654504 0.690346 0.732207 0.781476 0.840024 0.910425 0.996327 1.000000 0.905903 0.829818 0.767229 0.715021 0.670979 0.633485 0.601332 0.573600 0.549579 0.528711 0.510555 0.494757 0.481032 0.469147 0.458914 0.450179 0.442818 0.436728 0.431830 0.428061 0.425372 0.423732 0.423119 0.423527 0.424961 0.427438 0.430988 0.435656 0.441501 0.448601 0.457052 0.466974 0.478515 0.491856 0.507218 0.524877 0.545170 0.568520 0.595459 0.626663 0.663003 0.705622 0.756043 0.816342 0.889421 0.907960 0.849824 0.800498 0.758310 0.721998 0.690593 0.663337 0.639634 0.619006 0.601069 0.585514 0.572087 0.560582 0.550832 0.542700 0.536077 0.530877 0.527035 0.524503 0.523249 0.523259 0.524533 0.527085 0.530948 0.536170 0.542815 0.550972 0.560748 0.572282 0.585741 0.601331 0.619308 0.639981 0.663736 0.691052 0.722527 0.758923 0.801212 0.850663 14700.000000 1.276783 0.591379
0.780434 0.715544 0.662089 0.617450 0.579758 0.547647 0.520094 0.496318 0.475717 0.457818 0.442243 0.428691 0.416920 0.406732 0.397966 0.390491 0.384199 0.379006 0.374843 0.371655 0.369404 0.368061 0.367610 0.368046 0.369374 0.371610 0.374781 0.378928 0.384103 0.390375 0.397830 0.406574 0.416737 0.428479 0.441999 0.457537 0.475395 0.495947 0.519664 0.547149 0.579176 0.616763 0.661272 0.714559 0.779230 0.859046 0.959655 1.000000 0.912835 0.841511 0.782274 0.732477 0.690203 0.654032 0.622890 0.595948 0.572563 0.552224 0.534524 0.519136 0.505792 0.494279 0.484419 0.476069 0.469113 0.463458 0.459031 0.455774 0.453649 0.452629 0.452701 0.453868 0.456142 0.459551 0.464139 0.469962 0.477098 0.485641 0.495712 0.507458 0.521060 0.536740 0.554771 0.575490 0.599316 0.626776 0.658535 0.695450 0.738634 0.702013 0.670204 0.642634 0.618674 0.597825 0.579686 0.563934 0.550306 0.538588 0.528606 0.520217 0.513308 0.507787 0.503584 0.500646 0.498937 0.498437 0.499139 0.501051 0.504198 0.508618 0.514365 0.521515 0.530162 0.540424 0.552448 0.566415 0.582547 0.601115 0.622454 0.646981 0.675212 0.707803 0.745587 0.789643 0.841385 0.902712 0.961569 0.860546 16099.000000 1.479044 0.570539
0.743104 0.725758 0.710877 0.698243 0.687678 0.679039 0.672213 0.667115 0.663680 0.661867 0.661653 0.663037 0.666034 0.670681 0.677036 0.685179 0.695216 0.707280 0.721539 0.738200 0.757517 0.779801 0.805434 0.834890 0.868755 0.907763 0.952841 0.933878 0.886455 0.845553 0.810125 0.779348 0.752571 0.729271 0.709028 0.691499 0.676406 0.663522 0.652662 0.643679 0.636451 0.630887 0.626917 0.624491 0.623580 0.624174 0.626279 0.629921 0.635145 0.642015 0.650620 0.661074 0.673518 0.688128 0.705124 0.724770 0.747394 0.773400 0.803286 0.837673 0.877344 0.860671 0.844993 0.831845 0.821047 0.812458 0.805968 0.801497 0.798989 0.798414 0.799766 0.803060 0.808337 0.815661 0.825126 0.836852 0.850996 0.867753 0.887364 0.884274 0.846248 0.813236 0.784521 0.759533 0.737810 0.718978 0.702735 0.688833 0.677069 0.667281 0.659338 0.653136 0.648599 0.645668 0.644309 0.644505 0.646259 0.649591 0.654543 0.655813 0.651317 0.648434 0.647129 0.647385 0.649207 0.652615 0.657652 0.664380 0.672885 0.683278 0.695700 0.710324 0.727366 0.747091 0.769821 0.795955 0.825986 0.860526 0.900345 0.946418 1.000000 0.966096 0.919202 0.878668 0.843505 0.812930 0.786323 0.763182 1894.500000 1.109700 0.794016
0.516215 0.529853 0.545580 0.563670 0.570237 0.578145 0.587711 0.599066 0.612373 0.627832 0.645687 0.666239 0.689859 0.717007 0.748255 0.784326 0.826143 0.874895 0.932150 1.000000 0.996752 0.940675 0.892606 0.851163 0.815274 0.784102 0.756982 0.733383 0.712876 0.695114 0.679814 0.666744 0.655717 0.646582 0.630108 0.611901 0.596112 0.582486 0.570813 0.560923 0.552679 0.545971 0.540710 0.536830 0.534284 0.533040 0.533082 0.534413 0.537047 0.541017 0.531821 0.523841 0.517325 0.512188 0.508365 0.505808 0.504486 0.504382 0.505496 0.507842 0.511446 0.516356 0.522632 0.530355 0.539630 0.550585 0.563379 0.578209 0.595312 0.614986 0.637592 0.663584 0.693527 0.728136 0.768330 0.815299 0.861360 0.836692 0.815307 0.796860 0.781069 0.767705 0.756583 0.747554 0.740501 0.735334 0.731990 0.730429 0.730630 0.732597 0.736353 0.741944 0.749440 0.758937 0.770557 0.784458 0.800834 0.819926 0.833569 0.777768 0.730619 0.690428 0.655925 0.626144 0.600333 0.577903 0.558385 0.541405 0.526658 0.513898 0.502925 0.493574 0.485714 0.479237 0.473502 0.468836 0.465371 0.463065 0.461888 0.461827 0.462881 0.465063 0.468400 0.472932 0.478717 0.485830 0.494367 0.504447 831.500000 1.450265 0.756309
0.637565 0.703919 0.787807 0.896848 1.000000 0.901352 0.822222 0.757543 0.703869 0.658780 0.620524 0.587807 0.559647 0.535292 0.514156 0.495775 0.479778 0.465869 0.453806 0.443393 0.434471 0.426908 0.420601 0.415463 0.411428 0.408446 0.406479 0.405503 0.405506 0.406488 0.408461 0.411450 0.415492 0.420636 0.426952 0.434522 0.443454 0.453876 0.465950 0.479872 0.495882 0.514280 0.535434 0.559811 0.587997 0.583888 0.562706 0.544273 0.528241 0.514330 0.502312 0.492001 0.483246 0.475923 0.469934 0.465201 0.461663 0.459277 0.458013 0.457856 0.458804 0.460868 0.464075 0.468462 0.474086 0.481020 0.489357 0.499211 0.510725 0.524076 0.539478 0.557196 0.577556 0.600963 0.627923 0.659079 0.695251 0.737502 0.787241 0.846361 0.917471 0.868980 0.766616 0.687308 0.624234 0.573028 0.530768 0.495424 0.465545 0.440065 0.418184 0.399293 0.382917 0.368685 0.356300 0.345526 0.336170 0.328078 0.321121 0.315196 0.310220 0.306125 0.302856 0.300373 0.298643 0.297647 0.297371 0.297812 0.298976 0.300877 0.303537 0.306992 0.311285 0.316472 0.322626 0.329835 0.338206 0.347873 0.358999 0.371786 0.386483 0.403401 0.422934 0.445583 0.471996 0.503026 0.539815 0.583928 14724.000000 1.830789 0.526698
0.878252 0.815231 0.762363 0.717558 0.679273 0.646344 0.617880 0.593186 0.571714 0.553028 0.536777 0.522678 0.510498 0.500050 0.491181 0.483766 0.477706 0.472921 0.469350 0.466949 0.465688 0.465553 0.466542 0.468666 0.471952 0.476441 0.482188 0.489268 0.497777 0.507832 0.512201 0.516161 0.521449 0.528131 0.536297 0.546054 0.557542 0.570928 0.586420 0.604272 0.624799 0.648385 0.675514 0.706789 0.742977 0.785065 0.834337 0.892503 0.961878 1.000000 0.938273 0.885733 0.840683 0.801832 0.768182 0.738951 0.713520 0.691390 0.672163 0.655512 0.641174 0.628933 0.618612 0.610071 0.603195 0.597898 0.594111 0.591789 0.590902 0.591442 0.593412 0.596839 0.601764 0.608248 0.616375 0.626250 0.638010 0.629486 0.612699 0.598188 0.585727 0.575131 0.566252 0.558970 0.553188 0.548832 0.545850 0.544204 0.543874 0.544856 0.547163 0.550821 0.555877 0.562395 0.570457 0.580172 0.591673 0.605128 0.620738 0.638755 0.659485 0.683307 0.710691 0.724151 0.710199 0.698425 0.688667 0.680795 0.674709 0.670331 0.667607 0.666504 0.667010 0.669129 0.672888 0.678333 0.685531 0.694576 0.705585 0.718707 0.734129 0.752079 0.772838 0.796748 0.824235 0.855821 0.892160 0.934071 1781.000000 1.425754 0.737522
0.934426 0.972720 1.000000 0.953195 0.912675 0.877488 0.846878 0.820241 0.797090 0.777030 0.759741 0.744960 0.732474 0.722111 0.713732 0.707230 0.702522 0.699551 0.698280 0.698694 0.700797 0.704616 0.710197 0.717609 0.726948 0.722024 0.714044 0.707926 0.703593 0.700990 0.700087 0.700873 0.703357 0.707569 0.713561 0.721409 0.731212 0.743100 0.757235 0.773819 0.793099 0.815379 0.841032 0.870516 0.887380 0.864903 0.845523 0.828945 0.814931 0.803286 0.793854 0.786514 0.781173 0.777765 0.776249 0.776606 0.778841 0.782980 0.789074 0.797200 0.807460 0.819989 0.834956 0.852572 0.873096 0.896846 0.883922 0.859765 0.838861 0.820880 0.805553 0.792662 0.782032 0.773522 0.767024 0.762455 0.759760 0.758905 0.759881 0.762699 0.767394 0.774024 0.782670 0.776446 0.760293 0.746560 0.735053 0.725618 0.718130 0.712493 0.708639 0.706518 0.706107 0.707399 0.710410 0.715177 0.721760 0.730240 0.740727 0.753362 0.768318 0.785811 0.806107 0.829530 0.848509 0.826444 0.807394 0.791065 0.777219 0.765662 0.756238 0.748826 0.743331 0.739685 0.737844 0.737785 0.739507 0.743031 0.748401 0.755683 0.764968 0.776379 0.790067 0.806224 0.825084 0.846937 0.872137 0.901121 3203.000000 1.098573 0.873772
0.811350 0.839254 0.871320 0.908208 0.950750 1.000000 0.972019 0.942290 0.916468 0.894120 0.874894 0.858501 0.844709 0.833329 0.824211 0.817238 0.812322 0.809403 0.808446 0.809439 0.812394 0.817347 0.824358 0.833516 0.844939 0.858776 0.846258 0.824315 0.805373 0.789140 0.775380 0.763900 0.754546 0.747197 0.741759 0.738165 0.736372 0.736357 0.738120 0.741682 0.747088 0.754403 0.763722 0.775164 0.788884 0.805072 0.823966 0.845854 0.871093 0.900120 0.922809 0.892771 0.866649 0.843988 0.824417 0.807635 0.793395 0.781499 0.771787 0.764131 0.758435 0.754627 0.752662 0.752515 0.754184 0.757691 0.763077 0.770410 0.779781 0.791314 0.805161 0.821516 0.840616 0.862753 0.888286 0.917522 0.891358 0.868680 0.849122 0.832386 0.818231 0.806459 0.796914 0.789471 0.784038 0.780547 0.778954 0.779242 0.781413 0.785494 0.791535 0.799610 0.809823 0.822307 0.837230 0.854803 0.875282 0.898986 0.926304 0.957713 0.970976 0.925702 0.886503 0.852459 0.822843 0.797071 0.774673 0.755270 0.738551 0.724263 0.712200 0.702197 0.694120 0.687865 0.683353 0.680528 0.679357 0.679825 0.681938 0.685720 0.691220 0.698504 0.707667 0.718828 0.732139 0.747788 0.766006 0.787077 3344.500000 1.118668 0.847480
