45
1000 1000
5 12 6 33 -13 52 18 28 38 -7 33
8 -8 15 1 5 21 -1 33 7 41 17 29 29 21 31 9 29
6 9 7 42 6 70 23 39 46 16 52 -15 28
5 92 119 161 102 196 162 156 191 81 183
3 22 -5 69 14 15 62
3 36 16 91 41 35 58
3 191 70 314 132 205 202
5 128 168 175 147 201 193 182 224 141 212
6 26 76 35 39 89 34 104 80 99 137 28 121
7 35 49 47 28 71 34 87 57 65 75 49 88 38 61
7 -7 8 9 -10 30 1 51 22 33 33 17 29 4 22
5 26 131 72 117 126 158 79 183 -15 193
5 174 148 249 118 275 181 239 253 146 251
7 52 77 85 45 111 69 127 100 143 162 89 166 56 126
8 60 32 72 19 90 26 101 40 79 51 75 61 62 49 58 44
8 87 34 105 11 144 31 162 69 146 96 117 102 80 103 55 72
4 23 -16 59 23 24 57 -24 24
5 6 30 34 27 50 45 35 68 10 64
8 -1 -2 29 -17 64 -6 91 32 66 47 33 59 14 53 -14 34
6 74 -20 168 -43 184 33 154 122 92 93 22 43
4 279 153 358 250 259 326 165 243
3 158 47 283 122 163 202
6 21 58 42 31 65 33 92 47 89 90 38 90
5 27 53 54 54 67 67 51 87 35 74
8 54 24 66 16 78 26 80 34 76 46 64 56 59 43 53 36
7 51 69 83 -4 138 36 180 86 162 153 79 153 11 112
4 14 26 44 8 65 30 41 50
5 -10 4 18 -7 24 18 14 30 -4 31
3 20 45 134 97 44 137
8 25 27 37 26 55 22 71 38 54 58 34 64 20 60 12 42
8 5 32 26 18 39 25 50 50 45 61 23 70 3 61 3 48
6 22 46 43 35 50 57 42 71 25 65 16 55
5 -6 22 36 6 76 36 38 82 -6 76
3 80 87 128 106 83 129
6 12 38 61 36 92 87 57 127 21 115 -18 92
3 16 2 98 47 -7 86
5 -8 1 19 -1 45 15 25 39 -6 29
6 8 42 30 20 48 25 51 42 47 65 22 63
7 36 79 61 55 94 63 118 87 102 127 67 127 29 107
6 98 76 98 18 162 42 202 83 161 116 94 136
4 123 24 236 129 150 230 80 139
6 25 31 37 21 52 22 73 33 54 58 31 57
8 32 34 40 26 57 22 67 25 79 39 68 47 56 52 43 47
6 125 124 173 126 199 162 165 192 133 193 103 162
4 157 135 237 188 160 246 136 199
