45
1000 1000
3 114 76 221 119 112 193
3 56 64 221 203 61 284
5 -7 37 54 21 92 77 43 136 13 102
8 -9 26 -13 2 10 -15 36 2 59 32 33 43 26 70 -8 62
6 32 50 46 37 66 31 71 51 64 75 35 72
3 45 45 100 74 43 109
5 109 19 217 0 268 59 224 155 91 118
7 -16 61 36 11 62 52 77 76 71 121 29 136 12 96
8 12 81 11 51 57 41 91 62 128 98 85 112 63 145 29 128
4 33 3 61 38 32 53 5 37
5 30 81 95 67 128 113 91 147 36 131
5 105 56 149 21 204 87 150 138 83 113
4 20 0 40 20 17 35 3 19
3 98 75 165 96 96 130
5 35 34 66 36 99 64 67 80 41 71
7 23 17 38 2 66 17 71 38 66 50 44 61 23 44
8 18 41 38 31 52 28 74 33 90 54 69 61 55 64 44 62
8 69 138 68 99 123 89 171 99 177 150 182 186 118 201 65 184
3 26 31 89 68 41 94
7 1 11 24 6 40 8 51 27 39 43 21 39 0 39
4 18 9 32 -11 58 17 30 36
4 28 -8 60 15 26 48 -6 27
4 44 5 65 37 41 46 13 35
3 31 45 179 134 37 238
6 30 83 48 51 91 45 142 65 95 120 19 148
8 1 -2 13 -12 27 0 39 13 28 33 15 34 2 32 -3 18
4 5 90 49 46 123 105 52 123
4 116 -31 172 44 106 97 53 49
3 42 68 101 95 39 138
7 8 10 11 -1 24 3 30 15 29 24 14 30 0 24
3 56 106 108 126 58 158
8 82 105 115 90 138 61 149 90 161 109 162 153 127 147 96 158
4 181 252 269 175 361 267 264 325
4 170 87 279 49 324 94 269 150
6 66 18 102 0 104 43 87 74 57 89 40 47
7 9 11 26 -13 39 7 52 14 53 41 23 44 7 35
6 -13 32 9 12 33 13 55 39 33 61 9 50
8 28 32 31 13 49 10 70 20 77 34 69 51 51 66 37 47
6 129 204 209 172 206 238 211 324 126 323 87 261
5 12 15 40 10 60 38 36 57 3 54
7 45 43 67 34 99 35 134 55 96 94 76 97 43 74
4 75 28 118 89 69 121 47 82
5 28 82 69 63 125 102 86 172 29 126
3 77 -32 175 36 82 67
7 46 21 62 -21 112 -3 111 35 111 87 57 94 30 47
