40
1000 1000
3 119 15 213 74 113 114
7 1 12 20 4 35 16 41 29 31 39 12 58 10 37
5 38 49 58 46 86 67 56 78 28 81
8 8 49 47 36 79 49 68 71 69 100 44 98 -2 115 -10 83
5 63 35 128 12 200 55 121 116 64 96
8 -1 36 23 32 68 28 110 55 59 96 35 104 -1 107 -45 79
3 85 67 146 96 71 136
3 64 22 178 68 85 120
4 43 35 58 49 41 68 25 53
8 2 25 9 18 23 6 35 10 44 31 33 42 16 53 12 38
6 30 37 36 14 64 7 69 40 62 74 35 63
7 25 35 65 23 90 27 103 50 84 78 61 74 31 60
5 25 41 60 31 97 78 72 121 29 85
5 9 9 27 7 41 19 31 31 10 27
5 18 9 44 8 52 19 45 38 25 30
5 17 19 48 21 79 44 48 60 30 46
7 -4 7 8 -12 22 -2 27 13 28 26 9 37 -3 16
7 29 34 46 19 64 25 71 37 64 56 42 55 24 47
4 140 9 174 51 149 80 122 50
5 115 113 192 87 294 165 193 252 129 187
8 7 9 15 3 22 -4 39 -4 43 6 32 21 23 22 15 18
6 45 5 68 4 78 21 65 35 46 34 30 26
8 37 21 58 17 91 25 119 57 85 80 58 86 26 82 8 66
7 61 104 81 68 115 82 172 119 138 163 88 174 58 137
6 16 23 74 22 81 59 61 95 7 102 2 62
6 -8 17 6 -2 26 2 40 21 24 37 10 31
6 2 46 47 13 88 -6 131 55 101 104 23 96
6 33 59 77 86 98 111 70 156 17 165 3 115
6 -7 30 15 12 35 14 56 26 34 49 18 51
4 92 113 110 92 129 108 115 154
8 279 259 277 227 319 180 375 209 427 256 391 317 349 339 252 348
5 11 22 52 10 83 45 53 64 10 54
5 -4 6 39 2 55 23 33 48 7 35
6 29 46 48 40 66 61 54 83 23 82 17 63
6 32 46 49 24 76 13 87 49 78 90 54 71
7 4 49 15 24 58 28 60 73 61 109 24 93 15 79
5 61 231 178 229 267 278 180 352 73 340
3 51 -5 116 38 49 82
8 61 56 94 48 104 78 139 101 114 118 89 135 62 114 59 94
5 35 43 89 -8 148 87 123 174 -12 141
