0.786670 0.722443 0.669404 0.625022 0.587487 0.555467 0.527963 0.504212 0.483621 0.465723 0.450149 0.436600 0.424837 0.414663 0.405921 0.398480 0.392234 0.387100 0.383009 0.379909 0.377761 0.376540 0.376230 0.376828 0.378341 0.380787 0.384196 0.388611 0.394090 0.400704 0.408545 0.417726 0.428384 0.440691 0.454853 0.471128 0.489835 0.511372 0.536242 0.565085 0.598731 0.638273 0.685174 0.741443 0.809906 0.894673 0.869839 0.815709 0.769667 0.730210 0.696197 0.666746 0.641167 0.618915 0.599551 0.582724 0.568146 0.555586 0.544853 0.535794 0.528283 0.522220 0.517527 0.514146 0.512034 0.511165 0.511530 0.513132 0.515992 0.520143 0.525639 0.532548 0.540962 0.550995 0.562789 0.576518 0.592396 0.610686 0.631712 0.655874 0.683671 0.715728 0.752843 0.726749 0.682100 0.644083 0.611474 0.583346 0.558979 0.537810 0.519392 0.503366 0.489443 0.477388 0.467011 0.458156 0.450696 0.444529 0.439573 0.435764 0.433056 0.431413 0.430817 0.431260 0.432748 0.435298 0.438942 0.443726 0.449711 0.456975 0.465617 0.475761 0.487558 0.501193 0.516893 0.534939 0.555678 0.579543 0.607077 0.638974 0.676128 0.719711 0.771285 0.832983 0.907788 1.000000 0.965014 0.865719 16519.000000 1.432185 0.576305
0.561931 0.570077 0.579880 0.583883 0.585010 0.587559 0.591563 0.597069 0.604148 0.612891 0.623415 0.635865 0.650421 0.667305 0.686787 0.709201 0.734958 0.764567 0.798667 0.838064 0.883789 0.937180 1.000000 0.976247 0.919840 0.871580 0.830031 0.794089 0.762893 0.735760 0.712148 0.691619 0.673817 0.658456 0.645299 0.634156 0.624871 0.617319 0.611404 0.607049 0.604201 0.602825 0.597359 0.592857 0.589833 0.588250 0.588088 0.589345 0.592038 0.596197 0.601876 0.609146 0.618101 0.628860 0.641574 0.656426 0.673644 0.693505 0.716351 0.742603 0.772786 0.797017 0.767886 0.742536 0.720486 0.701349 0.684809 0.670609 0.658541 0.648434 0.640152 0.633585 0.628651 0.625288 0.623454 0.623128 0.624306 0.627002 0.631248 0.637097 0.644623 0.653924 0.665122 0.678374 0.693870 0.711845 0.732588 0.756454 0.783878 0.791724 0.780806 0.772020 0.765252 0.760419 0.757459 0.756337 0.757039 0.759575 0.763974 0.770291 0.778604 0.789021 0.801677 0.816746 0.834441 0.840435 0.795288 0.756473 0.722931 0.693838 0.668544 0.646532 0.627387 0.610772 0.596414 0.584091 0.573620 0.564855 0.557677 0.551993 0.547729 0.544833 0.543270 0.543020 0.544080 0.546463 0.550199 0.555333 1893.000000 1.273897 0.790620
0.737856 0.774878 0.817885 0.868161 0.927404 0.997904 1.000000 0.938935 0.886912 0.842273 0.803757 0.770383 0.741386 0.716155 0.694202 0.675133 0.658628 0.644426 0.632315 0.622122 0.613707 0.606959 0.601793 0.598142 0.595962 0.595227 0.595928 0.598073 0.601688 0.606817 0.613526 0.621900 0.632049 0.644112 0.644460 0.629327 0.616339 0.605305 0.596070 0.588510 0.582524 0.578037 0.574994 0.573356 0.573105 0.574236 0.576764 0.580720 0.586152 0.593130 0.601742 0.612105 0.624361 0.638688 0.655304 0.674476 0.696532 0.721877 0.751014 0.784571 0.823344 0.868349 0.920906 0.926549 0.879969 0.839775 0.804947 0.774684 0.748352 0.725442 0.705542 0.688318 0.673499 0.660864 0.650231 0.641456 0.634423 0.629041 0.625243 0.622983 0.622232 0.622983 0.625243 0.629041 0.634423 0.641456 0.650231 0.660864 0.673499 0.688318 0.705542 0.725442 0.748352 0.774684 0.804947 0.820805 0.777384 0.740019 0.707708 0.679670 0.655287 0.634067 0.615615 0.599611 0.585792 0.573949 0.563906 0.555523 0.548689 0.543314 0.539330 0.536687 0.535354 0.535313 0.536565 0.539125 0.543024 0.548310 0.555051 0.563333 0.573268 0.584995 0.598683 0.614544 0.632834 0.653869 0.678041 0.705834 4108.000000 1.323093 0.730511
0.954355 0.984777 0.943935 0.908447 0.877568 0.850702 0.827366 0.807168 0.789791 0.774973 0.762505 0.752214 0.743967 0.737656 0.733202 0.730551 0.729672 0.730551 0.733202 0.737656 0.743967 0.752214 0.762505 0.774973 0.789791 0.807168 0.827366 0.850702 0.877568 0.908447 0.924533 0.873367 0.829461 0.791574 0.758745 0.730219 0.705399 0.683803 0.665045 0.648810 0.634842 0.622932 0.612909 0.604638 0.598008 0.592935 0.589356 0.587225 0.586518 0.587225 0.589356 0.592935 0.598008 0.604638 0.612909 0.622932 0.634842 0.648810 0.665045 0.683803 0.705399 0.730219 0.758745 0.791574 0.829461 0.873367 0.924533 0.984587 1.000000 0.959720 0.924701 0.894226 0.867720 0.844716 0.824836 0.807771 0.793271 0.781130 0.771186 0.763307 0.757394 0.753372 0.751193 0.750831 0.752280 0.755559 0.760706 0.767787 0.776890 0.788134 0.801666 0.817676 0.836395 0.858106 0.843570 0.805541 0.772573 0.743920 0.718986 0.697294 0.678460 0.662170 0.648168 0.636248 0.626239 0.618006 0.611441 0.606460 0.602999 0.601018 0.600492 0.601414 0.603796 0.607667 0.613074 0.620085 0.628791 0.639307 0.651777 0.666381 0.683339 0.702919 0.725454 0.751352 0.781119 0.815387 0.854954 0.900838 638.000000 1.280857 0.768197
0.951720 0.883078 0.825526 0.776774 0.735131 0.699325 0.668380 0.641538 0.618200 0.597891 0.580226 0.564898 0.551653 0.540287 0.530633 0.522554 0.515942 0.510710 0.506791 0.504138 0.502717 0.502511 0.503518 0.505750 0.509234 0.514013 0.520148 0.527717 0.536823 0.547590 0.560176 0.574770 0.591609 0.610981 0.633242 0.658833 0.688308 0.722365 0.761899 0.808070 0.862410 0.926980 0.993449 0.918884 0.856651 0.804128 0.759396 0.721025 0.687922 0.659244 0.634328 0.612649 0.593787 0.577400 0.563214 0.551004 0.540587 0.531814 0.524564 0.518743 0.514274 0.511103 0.509190 0.508511 0.509059 0.510840 0.513876 0.518205 0.523879 0.530973 0.539579 0.549814 0.561826 0.575792 0.591932 0.610517 0.631878 0.656427 0.684676 0.717272 0.755036 0.799031 0.850645 0.911736 0.984837 0.944763 0.876739 0.819696 0.771366 0.730079 0.694576 0.663891 0.637272 0.614128 0.593988 0.576471 0.561270 0.548138 0.536870 0.527300 0.519295 0.512746 0.507568 0.503694 0.501077 0.499685 0.499501 0.500522 0.502761 0.506245 0.511017 0.517138 0.524686 0.533764 0.544495 0.557037 0.571579 0.588356 0.607657 0.629835 0.655332 0.684699 0.718635 0.758031 0.804047 0.858211 0.922583 1.000000 818.500000 1.021352 0.604499
0.821918 0.857535 0.898641 0.902373 0.868354 0.838753 0.812998 0.790626 0.771260 0.754594 0.740380 0.728413 0.718531 0.710602 0.704525 0.700223 0.697645 0.696757 0.697550 0.700034 0.704237 0.710213 0.718036 0.727806 0.739652 0.753735 0.770257 0.789464 0.811659 0.837214 0.835702 0.808050 0.783997 0.763120 0.745075 0.729580 0.716407 0.705371 0.696322 0.689141 0.683737 0.680043 0.678013 0.677622 0.678867 0.681762 0.686342 0.692663 0.700807 0.710877 0.723008 0.737367 0.754162 0.773648 0.796135 0.822008 0.851741 0.885920 0.925278 0.966488 0.913897 0.868719 0.829701 0.795873 0.766469 0.740882 0.718623 0.699299 0.682587 0.668229 0.656009 0.645756 0.637331 0.630622 0.625544 0.622034 0.620048 0.619563 0.620573 0.623089 0.627143 0.632785 0.640084 0.649137 0.660062 0.673010 0.688167 0.705762 0.726076 0.749452 0.776317 0.807195 0.842747 0.883801 0.931419 0.986974 1.000000 0.944738 0.897313 0.856385 0.820920 0.790103 0.763289 0.739959 0.719695 0.702158 0.687071 0.674209 0.663388 0.654461 0.647310 0.641843 0.637991 0.635708 0.634965 0.635754 0.638084 0.641983 0.647500 0.654704 0.663686 0.674566 0.687492 0.702649 0.720264 0.740615 0.764044 0.790971 7172.000000 1.028503 0.769104
0.938153 1.000000 0.939776 0.888412 0.844301 0.806213 0.773196 0.744499 0.719528 0.697804 0.678941 0.662626 0.648602 0.636661 0.626634 0.618385 0.611805 0.606810 0.603338 0.601345 0.600809 0.601721 0.604094 0.607956 0.613355 0.620359 0.629057 0.639566 0.652029 0.641918 0.630977 0.621877 0.614494 0.608734 0.604524 0.601811 0.600563 0.600765 0.602418 0.605543 0.610179 0.616383 0.624233 0.633832 0.645310 0.658828 0.674585 0.692823 0.713843 0.718806 0.705631 0.694574 0.685483 0.678241 0.672753 0.668952 0.666792 0.666245 0.667305 0.669985 0.674318 0.680357 0.688179 0.697882 0.709598 0.723486 0.739746 0.758623 0.780419 0.805502 0.834327 0.867460 0.905605 0.861681 0.821347 0.786430 0.756108 0.729730 0.706776 0.686826 0.669540 0.654642 0.641904 0.631144 0.622214 0.614993 0.609389 0.605332 0.602771 0.601674 0.602030 0.603841 0.607131 0.611938 0.618324 0.626370 0.636180 0.647889 0.661660 0.645913 0.629748 0.615820 0.603917 0.593870 0.585539 0.578813 0.573607 0.569854 0.567508 0.566540 0.566939 0.568710 0.571874 0.576470 0.582555 0.590207 0.599527 0.610640 0.623703 0.638911 0.656500 0.676761 0.700053 0.726819 0.757611 0.793122 0.834234 0.882083 1798.500000 1.296715 0.799123
0.627757 0.605411 0.585964 0.569056 0.554394 0.541742 0.530904 0.521724 0.514073 0.507849 0.502972 0.499378 0.497025 0.495883 0.495937 0.497190 0.499656 0.503365 0.508364 0.514715 0.522502 0.531829 0.542826 0.555654 0.570512 0.587640 0.607337 0.629970 0.655997 0.685991 0.720679 0.760993 0.808146 0.863748 0.929971 1.000000 0.942842 0.893902 0.851742 0.815256 0.783577 0.756021 0.732042 0.711197 0.693130 0.677550 0.664221 0.652948 0.643576 0.635979 0.630060 0.625744 0.622977 0.621726 0.621975 0.623728 0.627005 0.631847 0.638314 0.646488 0.656477 0.668414 0.682469 0.698847 0.717802 0.734716 0.704245 0.677769 0.654731 0.634687 0.617276 0.602207 0.589242 0.578187 0.568885 0.561207 0.555054 0.550345 0.547023 0.545045 0.544389 0.545045 0.547023 0.550345 0.555054 0.561207 0.568885 0.578187 0.589242 0.602207 0.617276 0.634687 0.654731 0.677769 0.704245 0.734716 0.769882 0.810634 0.858125 0.870779 0.840205 0.813598 0.790471 0.770427 0.753144 0.738359 0.725859 0.715469 0.707052 0.700499 0.695727 0.692677 0.691311 0.691614 0.693589 0.697259 0.702671 0.709890 0.719010 0.730149 0.743458 0.759124 0.777377 0.798501 0.757025 0.717274 0.683052 0.653450 12475.500000 1.394745 0.749064
0.759540 0.745202 0.733128 0.723155 0.715148 0.709006 0.704653 0.702033 0.701115 0.701888 0.704362 0.708567 0.714553 0.722397 0.727390 0.704806 0.685184 0.668190 0.653556 0.641059 0.630523 0.621801 0.614777 0.609362 0.605488 0.603107 0.602189 0.602723 0.604717 0.608194 0.613197 0.619789 0.628053 0.638099 0.650062 0.644079 0.633610 0.624958 0.618007 0.612670 0.608878 0.606585 0.605763 0.606402 0.608510 0.612112 0.617254 0.623998 0.632432 0.642666 0.654841 0.669129 0.685743 0.704944 0.727054 0.752468 0.781673 0.815281 0.854058 0.898982 0.951314 1.000000 0.916628 0.847974 0.790659 0.742276 0.701065 0.665709 0.635205 0.608775 0.585813 0.565833 0.548449 0.533347 0.520275 0.517807 0.521445 0.526412 0.532770 0.540602 0.550013 0.561132 0.574122 0.589181 0.606552 0.626534 0.649494 0.675892 0.706300 0.741444 0.753317 0.734119 0.717561 0.703391 0.691402 0.681430 0.673341 0.667029 0.662416 0.659443 0.658076 0.658297 0.660108 0.663533 0.668613 0.675410 0.675268 0.666155 0.658851 0.653262 0.649318 0.646970 0.646191 0.646970 0.649318 0.653262 0.658851 0.666155 0.675268 0.686310 0.699432 0.714822 0.732708 0.753375 0.777167 0.804513 0.795876 0.776347 2562.000000 1.209491 0.787279
0.930967 1.000000 0.937843 0.881081 0.832690 0.791144 0.755280 0.724195 0.697181 0.673675 0.653224 0.635464 0.620099 0.606886 0.595630 0.586170 0.578378 0.572150 0.567408 0.564091 0.562159 0.561589 0.545862 0.531587 0.519259 0.508687 0.499717 0.492224 0.486105 0.481282 0.477693 0.475294 0.474055 0.473961 0.475012 0.477220 0.480611 0.485228 0.491130 0.498392 0.507112 0.517411 0.529440 0.543381 0.549173 0.548367 0.548883 0.550729 0.553926 0.558514 0.564550 0.572110 0.581296 0.592232 0.605072 0.620008 0.637275 0.657159 0.680015 0.706281 0.736503 0.771369 0.811752 0.858781 0.913931 0.979172 0.996391 0.925375 0.865755 0.815197 0.771976 0.734788 0.702633 0.674732 0.650469 0.629354 0.610993 0.595065 0.581312 0.569521 0.559520 0.551169 0.544356 0.536990 0.523981 0.512794 0.503262 0.495248 0.488645 0.483365 0.479340 0.476519 0.474870 0.474370 0.475015 0.476811 0.479782 0.483963 0.489407 0.496184 0.504383 0.514117 0.525525 0.538778 0.554087 0.555076 0.550697 0.547696 0.546036 0.545696 0.546673 0.548979 0.552641 0.557705 0.564234 0.572313 0.582049 0.593577 0.607063 0.622711 0.640772 0.661553 0.685433 0.712884 0.744494 0.781006 0.823369 0.872816 4441.000000 1.638784 0.718966
0.857861 0.835442 0.816082 0.799481 0.785396 0.773630 0.764025 0.756456 0.750826 0.747066 0.745129 0.744993 0.746655 0.750136 0.755478 0.762747 0.772035 0.783463 0.797184 0.813389 0.832312 0.831617 0.806241 0.784200 0.765128 0.748721 0.734737 0.722974 0.713274 0.705508 0.699577 0.695405 0.692943 0.692159 0.693045 0.695611 0.699889 0.705931 0.713812 0.723635 0.735528 0.749655 0.766217 0.785463 0.802584 0.803594 0.806551 0.811492 0.818478 0.827597 0.838965 0.852732 0.869088 0.888265 0.910550 0.936296 0.965935 1.000000 0.968547 0.934573 0.905008 0.879309 0.857038 0.837835 0.821409 0.807523 0.795985 0.786639 0.779367 0.774075 0.770699 0.769198 0.769552 0.771767 0.763104 0.749104 0.737352 0.727690 0.719989 0.714153 0.710107 0.707802 0.707211 0.708325 0.711159 0.715747 0.722145 0.730434 0.740722 0.753143 0.767869 0.785112 0.781437 0.774808 0.770130 0.767346 0.766422 0.767346 0.770130 0.774808 0.781437 0.790100 0.800909 0.814005 0.829569 0.819345 0.807661 0.798201 0.790844 0.785496 0.782091 0.780587 0.780968 0.783237 0.787421 0.793572 0.801767 0.812110 0.824736 0.839816 0.857562 0.878236 0.902158 0.929723 0.961414 0.947566 0.913420 0.883703 1105.500000 1.170509 0.891097
0.882785 0.852880 0.826862 0.804265 0.784710 0.767889 0.753552 0.741493 0.731550 0.723589 0.717510 0.713236 0.710715 0.709915 0.710828 0.713465 0.717856 0.724058 0.732146 0.742226 0.754430 0.763962 0.754254 0.746566 0.740799 0.736882 0.734768 0.734430 0.735864 0.739087 0.744140 0.751084 0.760007 0.771024 0.784283 0.786378 0.771114 0.758222 0.747526 0.738883 0.732181 0.727336 0.724288 0.723000 0.723456 0.725662 0.729645 0.735453 0.743159 0.746537 0.749245 0.753796 0.760245 0.768674 0.779189 0.791931 0.807072 0.824830 0.845470 0.869316 0.896771 0.928325 0.964589 1.000000 0.957277 0.920180 0.887911 0.859830 0.835421 0.814267 0.796028 0.780428 0.767240 0.756282 0.747408 0.740503 0.729005 0.719452 0.711839 0.706068 0.702068 0.699790 0.699205 0.700307 0.703108 0.707644 0.713970 0.722166 0.732336 0.744617 0.746180 0.734140 0.724199 0.716226 0.710119 0.705801 0.703219 0.702342 0.703159 0.705680 0.709936 0.715978 0.723883 0.733752 0.745715 0.759936 0.776617 0.796007 0.803130 0.795091 0.789093 0.785063 0.782950 0.782729 0.784397 0.787975 0.793506 0.801058 0.810728 0.822640 0.836953 0.853867 0.873627 0.896534 0.922958 0.953353 0.956702 0.917152 1696.000000 1.115560 0.884720
1.000000 0.963084 0.899415 0.845553 0.799595 0.760113 0.726012 0.696446 0.670746 0.648382 0.628928 0.612038 0.597433 0.584886 0.574209 0.565253 0.557895 0.552038 0.547610 0.544553 0.542830 0.532731 0.520600 0.510211 0.501413 0.494084 0.488125 0.483458 0.480026 0.477784 0.476707 0.476780 0.478006 0.480398 0.483985 0.488814 0.494943 0.502455 0.514727 0.529706 0.546939 0.566742 0.589507 0.615722 0.646006 0.681150 0.722176 0.770437 0.827747 0.851228 0.799964 0.756242 0.718693 0.686272 0.658166 0.633739 0.612483 0.593991 0.577934 0.564046 0.552108 0.541944 0.533409 0.530827 0.540885 0.552689 0.566415 0.582278 0.600544 0.621539 0.645666 0.673431 0.705466 0.742580 0.785814 0.836533 0.896561 0.960159 0.884046 0.820946 0.767980 0.723072 0.684683 0.651656 0.623100 0.598323 0.576778 0.558028 0.541722 0.527578 0.515363 0.504889 0.496004 0.488583 0.482526 0.477755 0.472961 0.466977 0.462242 0.458696 0.456295 0.455009 0.454823 0.455735 0.457755 0.460909 0.465235 0.470788 0.477640 0.485882 0.495628 0.507020 0.520230 0.528487 0.537478 0.548123 0.560577 0.575027 0.591706 0.610896 0.632948 0.658298 0.687488 0.721205 0.760326 0.805987 0.859687 0.923437 10420.500000 1.308915 0.627988
0.916799 0.829846 0.759630 0.701928 0.653838 0.613297 0.578803 0.549236 0.523743 0.501666 0.482491 0.465808 0.451291 0.438677 0.427751 0.418339 0.410300 0.403518 0.397900 0.393370 0.389871 0.387358 0.385802 0.385182 0.385491 0.386733 0.388923 0.392088 0.396267 0.401514 0.407898 0.415506 0.424444 0.434846 0.446874 0.460728 0.476654 0.494955 0.516010 0.540296 0.568418 0.601155 0.639529 0.684898 0.739113 0.724726 0.690657 0.661168 0.635563 0.613290 0.593907 0.577060 0.562459 0.549872 0.539105 0.530005 0.522444 0.516322 0.511560 0.508099 0.505894 0.504919 0.505163 0.506628 0.509333 0.513309 0.518607 0.525295 0.533459 0.543211 0.554686 0.568055 0.583525 0.601350 0.621844 0.645393 0.672481 0.703711 0.739852 0.781893 0.810343 0.738737 0.680264 0.631779 0.591075 0.556558 0.527049 0.501660 0.479707 0.460658 0.444093 0.429677 0.417141 0.406267 0.396877 0.388827 0.381999 0.376298 0.371646 0.367984 0.365265 0.363454 0.362531 0.362483 0.363311 0.365023 0.367642 0.371199 0.375740 0.381323 0.388024 0.395935 0.405172 0.415876 0.428220 0.442418 0.458733 0.477492 0.499104 0.524088 0.553107 0.587025 0.626984 0.674525 0.731773 0.801752 0.888897 1.000000 1290.000000 1.467120 0.573331
0.780422 0.806753 0.837010 0.871807 0.860062 0.838802 0.820496 0.804870 0.791700 0.780804 0.772039 0.765292 0.760478 0.757537 0.756435 0.757157 0.759712 0.764132 0.770471 0.778807 0.789248 0.801932 0.817029 0.834756 0.855375 0.879211 0.906660 0.893807 0.879580 0.867858 0.858485 0.851341 0.846337 0.843411 0.842529 0.843679 0.846874 0.852155 0.859586 0.869260 0.881302 0.895871 0.913166 0.933435 0.905150 0.867576 0.834929 0.806522 0.781806 0.760337 0.741755 0.725766 0.712131 0.700656 0.691184 0.683589 0.677775 0.673667 0.671217 0.670393 0.671186 0.673606 0.677682 0.683465 0.691025 0.700462 0.706923 0.703379 0.701553 0.701422 0.702983 0.706257 0.711284 0.718124 0.726866 0.737622 0.750536 0.765788 0.783600 0.804244 0.828054 0.855441 0.886734 0.876586 0.868737 0.863088 0.859570 0.858139 0.858778 0.861495 0.866323 0.873321 0.882577 0.894208 0.908368 0.925248 0.945087 0.968179 0.994885 1.000000 0.947797 0.902841 0.863944 0.830177 0.800807 0.775248 0.753028 0.733765 0.717147 0.702922 0.690881 0.680859 0.672721 0.666362 0.661700 0.658680 0.657263 0.657432 0.659190 0.662558 0.667577 0.674310 0.682841 0.693283 0.705775 0.720494 0.737655 0.757522 6176.000000 1.282904 0.863521
0.855583 0.917276 0.991131 0.944119 0.895810 0.854162 0.818098 0.786774 0.759523 0.735810 0.715204 0.697354 0.681977 0.668839 0.657753 0.648566 0.641154 0.635424 0.631303 0.628740 0.627703 0.628181 0.630179 0.633721 0.638851 0.645633 0.654153 0.664524 0.676885 0.650556 0.624575 0.601985 0.582325 0.565227 0.550393 0.537580 0.526589 0.517260 0.509462 0.503089 0.498059 0.494307 0.491787 0.490469 0.490336 0.491386 0.493632 0.497103 0.501840 0.507903 0.515371 0.524345 0.534948 0.547334 0.561693 0.578257 0.597309 0.619202 0.644373 0.673367 0.706877 0.745788 0.791249 0.844780 0.908427 0.985011 1.000000 0.939601 0.888099 0.843878 0.805700 0.772608 0.743849 0.718823 0.697051 0.678144 0.661789 0.647727 0.635751 0.625689 0.617405 0.610789 0.605758 0.602248 0.600216 0.599637 0.600505 0.602830 0.606640 0.611982 0.618923 0.627553 0.637985 0.650363 0.664865 0.660445 0.635576 0.613937 0.595110 0.578755 0.564600 0.552419 0.542032 0.533288 0.526070 0.520281 0.515847 0.512713 0.510839 0.510205 0.510800 0.512634 0.515728 0.520120 0.525865 0.533037 0.541730 0.552064 0.564185 0.578274 0.594555 0.613299 0.634843 0.659602 0.688095 0.720977 0.759080 0.803478 1512.000000 1.596300 0.713531
0.927211 0.914579 0.874986 0.840620 0.810730 0.784719 0.762104 0.742495 0.725573 0.711081 0.698806 0.688579 0.680262 0.673747 0.668953 0.665818 0.664306 0.664398 0.666094 0.669416 0.674404 0.681121 0.689650 0.700104 0.712623 0.727382 0.744597 0.764533 0.787515 0.813943 0.806474 0.770183 0.738720 0.711373 0.687576 0.666874 0.648900 0.633355 0.619997 0.608626 0.599081 0.591234 0.584981 0.580242 0.576958 0.575089 0.574611 0.575520 0.577825 0.581556 0.586758 0.593497 0.601859 0.611955 0.623925 0.637939 0.654210 0.672997 0.694617 0.719463 0.748022 0.780900 0.818865 0.862896 0.914258 0.974617 1.000000 0.944114 0.896189 0.854854 0.819050 0.787947 0.760886 0.737339 0.716880 0.699166 0.683913 0.670894 0.659921 0.650844 0.643542 0.637923 0.633914 0.631468 0.630553 0.631160 0.633294 0.636983 0.642272 0.649226 0.657935 0.668513 0.681104 0.695888 0.713083 0.732961 0.755851 0.782162 0.755436 0.730502 0.708814 0.689990 0.673722 0.659756 0.647887 0.637946 0.629801 0.623343 0.618492 0.615186 0.613385 0.613067 0.614228 0.616883 0.621064 0.626822 0.634229 0.643383 0.654404 0.667446 0.682696 0.700386 0.720799 0.744285 0.771274 0.802300 0.838029 0.879307 19562.000000 1.251608 0.764881
0.956105 0.919924 0.888445 0.861054 0.837259 0.816657 0.798924 0.783792 0.771046 0.760511 0.752047 0.745546 0.740926 0.738130 0.737124 0.737896 0.740456 0.744833 0.751084 0.759284 0.769540 0.781987 0.796794 0.784299 0.759718 0.738355 0.719848 0.703900 0.690271 0.678763 0.669219 0.661511 0.655539 0.651229 0.648528 0.647402 0.647839 0.649842 0.653437 0.658667 0.665598 0.674319 0.684943 0.697614 0.712512 0.729858 0.749920 0.773031 0.799600 0.830131 0.865253 0.905757 0.952648 0.953729 0.916558 0.884226 0.856089 0.831630 0.810427 0.792140 0.776489 0.763248 0.752232 0.743295 0.736321 0.731222 0.727935 0.726419 0.726657 0.728650 0.732424 0.738024 0.745521 0.755009 0.766612 0.780487 0.796829 0.815877 0.837926 0.863338 0.873688 0.848684 0.827007 0.808310 0.792305 0.778762 0.767492 0.758344 0.751200 0.745970 0.742589 0.741015 0.741230 0.743236 0.747057 0.752741 0.760358 0.770005 0.748511 0.729200 0.712534 0.698257 0.686161 0.676079 0.667874 0.661440 0.656696 0.653583 0.652063 0.652117 0.653746 0.656970 0.661828 0.668381 0.676711 0.686928 0.699168 0.713602 0.730442 0.749946 0.772432 0.798290 0.828004 0.862173 0.901548 0.947083 1.000000 0.997750 6171.000000 1.148932 0.827596
0.890847 1.000000 0.976118 0.887937 0.816171 0.756825 0.707113 0.665032 0.629109 0.598235 0.571562 0.548431 0.528323 0.510824 0.495603 0.482392 0.470971 0.461164 0.452826 0.445839 0.440108 0.435559 0.432133 0.429788 0.428495 0.428239 0.429016 0.430835 0.433719 0.437704 0.442839 0.449191 0.456844 0.465905 0.476504 0.488801 0.502993 0.519323 0.538088 0.559659 0.584499 0.613192 0.646486 0.685348 0.731055 0.725219 0.691876 0.662992 0.637897 0.616064 0.597066 0.580561 0.566272 0.553972 0.543476 0.534635 0.527327 0.521455 0.516944 0.513738 0.511796 0.511096 0.511629 0.513400 0.516433 0.520763 0.526446 0.533554 0.542180 0.552443 0.564488 0.578494 0.594682 0.613323 0.634748 0.659370 0.687704 0.720395 0.758268 0.802383 0.854134 0.915377 0.835511 0.760525 0.699437 0.648879 0.606501 0.570609 0.539956 0.513602 0.490829 0.471076 0.453903 0.438958 0.425959 0.414679 0.404930 0.396563 0.389454 0.383503 0.378630 0.374770 0.371875 0.369909 0.368847 0.368677 0.369397 0.371015 0.373551 0.377037 0.381516 0.387047 0.393702 0.401575 0.410779 0.421454 0.433771 0.447942 0.464226 0.482946 0.504505 0.529414 0.558326 0.592087 0.631813 0.679007 0.735737 0.804925 2836.000000 1.471006 0.572032
0.851640 0.887549 0.928956 0.895578 0.860702 0.830366 0.803966 0.781017 0.761124 0.743967 0.729285 0.716865 0.706534 0.698155 0.691619 0.686843 0.683769 0.682359 0.682595 0.684482 0.661479 0.641228 0.623638 0.608414 0.595315 0.584146 0.574748 0.566991 0.560774 0.556017 0.552661 0.550663 0.545898 0.540310 0.536115 0.533259 0.531707 0.531441 0.532457 0.534768 0.538402 0.543403 0.549835 0.557782 0.567348 0.578666 0.591900 0.607251 0.624965 0.645345 0.668764 0.684913 0.694742 0.706585 0.720605 0.737003 0.756029 0.777988 0.803253 0.832286 0.865661 0.904093 0.948487 1.000000 0.982850 0.923541 0.872966 0.829537 0.792042 0.759541 0.731294 0.706715 0.685331 0.666763 0.650700 0.636891 0.625131 0.615253 0.607122 0.600631 0.595697 0.592259 0.590274 0.586060 0.582993 0.581350 0.581113 0.582278 0.584859 0.588889 0.594416 0.601511 0.610265 0.620795 0.620612 0.614272 0.609513 0.606277 0.604523 0.604232 0.605398 0.608036 0.612179 0.617877 0.625203 0.634251 0.645141 0.658025 0.673089 0.687768 0.679788 0.673595 0.669111 0.666281 0.665071 0.665465 0.667468 0.671105 0.676421 0.683481 0.692375 0.703221 0.716164 0.731388 0.749117 0.769628 0.793257 0.820423 1384.500000 1.256165 0.816483
0.673788 0.668803 0.665482 0.663785 0.663692 0.665200 0.657885 0.650656 0.645122 0.641213 0.638880 0.638096 0.638851 0.641155 0.645034 0.650538 0.657734 0.666716 0.677601 0.690539 0.705714 0.723352 0.743733 0.767197 0.794165 0.825159 0.860828 0.901991 0.899646 0.869029 0.842390 0.819250 0.799222 0.781988 0.767292 0.754923 0.744712 0.736524 0.730254 0.725824 0.723179 0.722287 0.723137 0.725740 0.730127 0.736351 0.744492 0.754654 0.766969 0.781608 0.775142 0.764405 0.755758 0.749088 0.744312 0.741372 0.740231 0.740875 0.743314 0.747575 0.753711 0.761799 0.771943 0.784275 0.798964 0.816218 0.836292 0.859501 0.853172 0.823436 0.797559 0.775070 0.755585 0.738791 0.724435 0.712310 0.702248 0.694114 0.687806 0.683242 0.680366 0.679144 0.679560 0.681620 0.685349 0.690792 0.698017 0.696436 0.686346 0.678155 0.671756 0.667069 0.664035 0.662618 0.662801 0.664585 0.667992 0.673064 0.679864 0.688479 0.699020 0.711630 0.726485 0.743805 0.763855 0.786228 0.805902 0.828633 0.854802 0.884879 0.919447 0.959229 1.000000 0.954323 0.914744 0.880354 0.850430 0.824395 0.801780 0.782207 0.765367 0.751008 0.738925 0.726729 0.711981 0.699471 0.689024 0.680500 4028.000000 1.210675 0.852733
0.842274 0.857950 0.876372 0.897813 0.884812 0.866121 0.850209 0.836850 0.825864 0.817106 0.810463 0.805853 0.803219 0.802530 0.803777 0.806974 0.797079 0.773714 0.753443 0.735934 0.720919 0.708176 0.697526 0.688827 0.681965 0.676853 0.673427 0.671646 0.671488 0.672950 0.676051 0.680828 0.687341 0.695672 0.705929 0.705467 0.704838 0.705908 0.708692 0.713223 0.719557 0.727773 0.737977 0.750305 0.764926 0.782050 0.788982 0.777690 0.768541 0.761419 0.756232 0.752917 0.751434 0.751763 0.753911 0.757901 0.763784 0.771632 0.781545 0.793654 0.808121 0.825150 0.844992 0.867953 0.894413 0.924835 0.959792 1.000000 0.960202 0.922626 0.889944 0.861502 0.836775 0.815338 0.796843 0.781008 0.767604 0.756443 0.747377 0.740289 0.735087 0.731709 0.730112 0.720113 0.710746 0.703292 0.697657 0.693769 0.691580 0.691066 0.692218 0.695051 0.690914 0.681463 0.673869 0.668033 0.663884 0.661369 0.660459 0.661141 0.663425 0.667337 0.672927 0.680264 0.689442 0.700582 0.713836 0.729392 0.747482 0.768390 0.792466 0.820139 0.851941 0.864282 0.847641 0.833599 0.821962 0.812577 0.805322 0.800106 0.796864 0.795557 0.796169 0.798708 0.803204 0.809713 0.818316 0.829122 7198.500000 1.155195 0.894461
0.522180 0.525316 0.516960 0.510074 0.504569 0.500375 0.497437 0.495722 0.495207 0.495887 0.497769 0.500877 0.505249 0.510939 0.518022 0.526589 0.536760 0.548680 0.562526 0.578520 0.596930 0.618087 0.642405 0.670395 0.702705 0.740161 0.783830 0.835112 0.895884 0.968712 1.000000 0.902213 0.823655 0.759364 0.705961 0.661063 0.622946 0.590329 0.562245 0.537949 0.516860 0.498517 0.482554 0.468676 0.456643 0.446261 0.437370 0.429842 0.423572 0.418476 0.414488 0.411557 0.409648 0.408736 0.408811 0.409873 0.411936 0.415025 0.419178 0.424447 0.430902 0.438630 0.447738 0.458360 0.470660 0.484838 0.501142 0.510719 0.506311 0.503181 0.501290 0.500614 0.501145 0.502891 0.505872 0.510124 0.515702 0.522676 0.531138 0.541204 0.553017 0.566753 0.582628 0.600908 0.621918 0.646064 0.673849 0.705908 0.743050 0.786317 0.837076 0.897151 0.969030 0.970443 0.883618 0.812850 0.754260 0.705133 0.663514 0.627964 0.597395 0.570975 0.548058 0.528133 0.510793 0.495712 0.482625 0.471318 0.461615 0.453373 0.446478 0.440835 0.436371 0.433029 0.430768 0.429560 0.429391 0.430257 0.432171 0.435154 0.439244 0.444493 0.450969 0.458758 0.467967 0.478731 0.491213 0.505613 1543.500000 2.037569 0.624482
0.995300 1.000000 0.949581 0.906080 0.868391 0.835644 0.807152 0.782360 0.760825 0.742184 0.726141 0.712458 0.700938 0.691424 0.683790 0.677938 0.673795 0.671310 0.670452 0.671211 0.673597 0.677638 0.683384 0.690907 0.700303 0.711697 0.725243 0.741136 0.759611 0.780961 0.805542 0.833795 0.866264 0.903630 0.946748 0.934198 0.898544 0.867524 0.840532 0.817078 0.796764 0.779268 0.764325 0.751722 0.741284 0.732874 0.726383 0.721729 0.718855 0.717726 0.718329 0.720670 0.724778 0.730703 0.738521 0.748329 0.760258 0.774469 0.791164 0.810591 0.833052 0.858923 0.888661 0.922835 0.962153 0.929446 0.890898 0.857405 0.828261 0.802904 0.780879 0.761816 0.745415 0.731430 0.719662 0.709950 0.702166 0.696209 0.692006 0.689504 0.688674 0.689504 0.692006 0.696209 0.702166 0.709950 0.719662 0.731430 0.745415 0.761816 0.780879 0.802904 0.828261 0.857405 0.890898 0.929446 0.962123 0.919612 0.882735 0.850672 0.822769 0.798501 0.777443 0.759249 0.743637 0.730379 0.719288 0.710214 0.703039 0.697671 0.694044 0.692113 0.691855 0.693266 0.696365 0.701188 0.707795 0.716270 0.726723 0.739292 0.754153 0.771520 0.791658 0.814891 0.841618 0.872330 0.907638 0.948306 1625.500000 1.051650 0.783182
0.797200 0.854107 0.922156 0.955006 0.886439 0.828921 0.780178 0.738529 0.702709 0.671746 0.644884 0.621528 0.601203 0.583526 0.568188 0.554939 0.543573 0.533924 0.525856 0.519261 0.514052 0.510163 0.507547 0.506170 0.506017 0.507085 0.509387 0.512951 0.517822 0.524061 0.531749 0.540988 0.551907 0.564665 0.579455 0.596517 0.616143 0.638695 0.664624 0.694490 0.729006 0.769081 0.815899 0.871021 0.936551 0.904343 0.840985 0.787697 0.742441 0.703707 0.670348 0.641484 0.616428 0.594633 0.575667 0.559179 0.544885 0.532554 0.521999 0.513067 0.505632 0.499596 0.494881 0.491427 0.489191 0.488146 0.488279 0.489592 0.492101 0.495836 0.500844 0.507189 0.514953 0.524241 0.535183 0.547940 0.562709 0.579731 0.599304 0.621795 0.647661 0.677476 0.711966 0.752065 0.798990 0.854356 0.920348 1.000000 0.938814 0.867934 0.808818 0.758952 0.716505 0.680105 0.648712 0.621521 0.597900 0.577348 0.559466 0.543929 0.530475 0.518890 0.509001 0.500665 0.493768 0.488219 0.483946 0.480895 0.479030 0.478327 0.478777 0.480387 0.483176 0.487178 0.492443 0.499038 0.507050 0.516589 0.527789 0.540818 0.555879 0.573224 0.593160 0.616072 0.642434 0.672846 0.708072 0.749094 832.500000 1.067392 0.603639
0.903041 0.850773 0.806061 0.767571 0.734277 0.705380 0.680248 0.658377 0.639361 0.622871 0.608639 0.596448 0.586121 0.577512 0.570507 0.565015 0.560966 0.558310 0.557015 0.557064 0.558460 0.561217 0.565371 0.570972 0.578093 0.586824 0.597284 0.609620 0.614062 0.613666 0.614750 0.617328 0.621431 0.627109 0.634435 0.643503 0.654433 0.667376 0.682520 0.700092 0.720374 0.743711 0.770530 0.801358 0.836855 0.877856 0.925426 0.892061 0.860002 0.832103 0.807842 0.786797 0.768626 0.753048 0.739836 0.728805 0.719807 0.712724 0.707467 0.703971 0.702192 0.702110 0.703723 0.707050 0.712133 0.719034 0.727840 0.738667 0.751659 0.766997 0.784904 0.805655 0.829585 0.857108 0.845333 0.802798 0.766096 0.734294 0.706663 0.682620 0.661701 0.643530 0.627803 0.614270 0.602730 0.593018 0.585001 0.578573 0.573651 0.570175 0.568101 0.567404 0.568075 0.570123 0.573573 0.578467 0.584866 0.592853 0.602532 0.614037 0.627530 0.643215 0.661337 0.682202 0.706182 0.733742 0.736478 0.729568 0.724516 0.721259 0.719757 0.719992 0.721967 0.725707 0.731256 0.738683 0.748084 0.759581 0.773329 0.789520 0.808394 0.830240 0.855419 0.884369 0.917636 0.955896 1.000000 0.964626 7439.000000 1.306311 0.789906
0.693206 0.687137 0.682804 0.680154 0.679154 0.679792 0.682076 0.686034 0.691715 0.699188 0.708551 0.719925 0.733466 0.749367 0.767863 0.789245 0.813868 0.842171 0.839906 0.768195 0.709340 0.660340 0.619067 0.583974 0.553909 0.527998 0.505566 0.486086 0.469139 0.454392 0.441576 0.430471 0.422757 0.420969 0.420204 0.420453 0.421719 0.424017 0.427375 0.431836 0.437456 0.444308 0.452486 0.462105 0.473306 0.486265 0.501195 0.518359 0.538082 0.560770 0.571091 0.580863 0.592426 0.605949 0.621636 0.639739 0.660568 0.684502 0.712016 0.743701 0.780305 0.822784 0.872376 0.930716 1.000000 0.956292 0.912464 0.874493 0.841501 0.812796 0.787819 0.766122 0.747341 0.731178 0.717390 0.705782 0.696194 0.688500 0.682600 0.659863 0.622989 0.591368 0.564096 0.540472 0.519950 0.502095 0.486558 0.473060 0.461372 0.451308 0.442718 0.435479 0.429490 0.424673 0.420966 0.418322 0.416708 0.416106 0.416507 0.417917 0.424022 0.433637 0.444794 0.457673 0.472492 0.489521 0.509096 0.531636 0.557670 0.587874 0.623124 0.664575 0.713775 0.772853 0.844812 0.835693 0.810846 0.789280 0.770640 0.754637 0.741033 0.729638 0.720297 0.712887 0.707315 0.703512 0.701429 0.701043 5129.000000 1.382022 0.697510
0.955483 0.869971 0.800276 0.742577 0.694198 0.653214 0.618206 0.588105 0.562090 0.539524 0.519903 0.502829 0.487979 0.475092 0.463958 0.454403 0.446287 0.439496 0.433938 0.429542 0.426249 0.424021 0.422829 0.422660 0.423510 0.425391 0.428324 0.432348 0.437511 0.443882 0.451545 0.460606 0.471197 0.483479 0.497648 0.513949 0.532681 0.554216 0.579018 0.607678 0.640946 0.679801 0.725531 0.779872 0.845212 0.917209 0.855969 0.804211 0.760082 0.722194 0.689485 0.661135 0.636497 0.615057 0.596405 0.580208 0.566195 0.554146 0.543883 0.535258 0.528156 0.522482 0.518163 0.515146 0.513394 0.512885 0.513613 0.515587 0.518831 0.523385 0.529306 0.536670 0.545575 0.556143 0.568525 0.582907 0.599517 0.618636 0.640608 0.665863 0.694932 0.728491 0.767399 0.812765 0.839366 0.779919 0.729977 0.687604 0.651362 0.620170 0.593192 0.569778 0.549416 0.531696 0.516288 0.502926 0.491391 0.481508 0.473132 0.466146 0.460457 0.455990 0.452689 0.450513 0.449435 0.449443 0.450536 0.452727 0.456044 0.460528 0.466235 0.473240 0.481636 0.491542 0.503100 0.516490 0.531928 0.549683 0.570085 0.593544 0.620577 0.651834 0.688153 0.730622 0.780683 0.840281 0.912109 1.000000 2391.500000 1.250329 0.593532
0.961177 1.000000 0.970316 0.910148 0.858955 0.815073 0.777239 0.744475 0.716017 0.691258 0.669714 0.650993 0.634778 0.620810 0.608879 0.598813 0.590474 0.583751 0.578558 0.573547 0.568094 0.564090 0.561485 0.560247 0.560362 0.561831 0.564671 0.568918 0.574624 0.581861 0.590725 0.601333 0.613836 0.628415 0.645297 0.664756 0.687132 0.712843 0.738477 0.730746 0.724904 0.720877 0.718616 0.718094 0.719305 0.722262 0.727003 0.733585 0.742091 0.752631 0.765346 0.780410 0.798040 0.818502 0.842124 0.856946 0.838497 0.822766 0.809528 0.798603 0.789847 0.783147 0.778419 0.775605 0.774670 0.775605 0.778419 0.783147 0.789847 0.798603 0.809528 0.822766 0.838497 0.825368 0.791955 0.762909 0.737632 0.715645 0.696561 0.680064 0.665897 0.653851 0.643757 0.635477 0.628904 0.623953 0.620562 0.618691 0.618316 0.619432 0.622054 0.626214 0.631962 0.638848 0.629307 0.621522 0.615392 0.610838 0.607805 0.606255 0.606170 0.607548 0.610406 0.614780 0.620722 0.628310 0.637639 0.648837 0.662059 0.677497 0.695387 0.716020 0.739751 0.765382 0.763215 0.762893 0.764412 0.767790 0.773069 0.780314 0.789617 0.801097 0.814908 0.831241 0.850332 0.872473 0.898018 0.927406 4283.500000 1.309055 0.845963
0.856289 0.833437 0.813683 0.796719 0.782293 0.770203 0.760285 0.752409 0.746474 0.742406 0.740156 0.739696 0.741021 0.744147 0.749111 0.755975 0.764826 0.775778 0.788976 0.779686 0.769778 0.761931 0.756045 0.752048 0.749889 0.749544 0.751007 0.754297 0.759453 0.766540 0.775646 0.775196 0.767346 0.761470 0.757495 0.755370 0.755072 0.756596 0.759960 0.765206 0.772399 0.781630 0.793017 0.806713 0.822907 0.841835 0.860335 0.841557 0.825527 0.812017 0.800840 0.791848 0.784925 0.779986 0.776968 0.775835 0.776574 0.779193 0.783725 0.790224 0.798772 0.809479 0.822485 0.837967 0.856146 0.877291 0.901735 0.929884 0.929579 0.913689 0.900467 0.889734 0.881352 0.875216 0.871249 0.869402 0.869654 0.872008 0.876492 0.883160 0.846221 0.813428 0.784903 0.760079 0.738502 0.719802 0.703680 0.689889 0.678231 0.668544 0.660700 0.654596 0.650155 0.647324 0.646067 0.646368 0.648233 0.647573 0.647798 0.649588 0.652966 0.657972 0.664669 0.673142 0.683502 0.695889 0.710476 0.727478 0.747157 0.769837 0.795914 0.825880 0.860343 0.900071 0.946035 0.999484 1.000000 0.975678 0.954756 0.936923 0.921923 0.909554 0.899650 0.892085 0.886766 0.883625 0.882625 0.882615 661.000000 1.130811 0.887774
0.600784 0.589476 0.577698 0.567722 0.559409 0.552649 0.547353 0.543454 0.540905 0.539673 0.539744 0.541119 0.543814 0.547863 0.551923 0.549928 0.549266 0.549928 0.551923 0.555276 0.560026 0.566235 0.573981 0.583367 0.594521 0.607602 0.622806 0.640372 0.660596 0.683840 0.710554 0.741298 0.776779 0.817896 0.865812 0.922052 0.970132 0.897052 0.836083 0.784645 0.740850 0.703291 0.670894 0.642831 0.618452 0.597240 0.578783 0.562748 0.548864 0.543344 0.541297 0.540562 0.541132 0.543012 0.546225 0.550812 0.556829 0.564354 0.573485 0.584348 0.597096 0.611920 0.629053 0.648781 0.671456 0.697515 0.727502 0.762101 0.802185 0.848877 0.903653 0.853294 0.800570 0.755697 0.717223 0.684046 0.655311 0.630350 0.608633 0.589737 0.573318 0.559099 0.546853 0.536397 0.527581 0.520283 0.514406 0.509875 0.506634 0.504641 0.503873 0.504320 0.505988 0.508898 0.513084 0.518599 0.525514 0.533920 0.543931 0.559142 0.576717 0.596918 0.620134 0.646850 0.677678 0.713396 0.755008 0.803833 0.861627 0.930793 1.000000 0.939689 0.888257 0.844091 0.805958 0.772904 0.744176 0.719178 0.697430 0.678545 0.662210 0.648167 0.636209 0.626165 0.617898 0.611300 0.606287 0.602796 1149.000000 1.281294 0.660687
0.728987 0.714115 0.701494 0.690947 0.682331 0.675536 0.670473 0.667081 0.665318 0.665163 0.666613 0.669686 0.674420 0.680874 0.689128 0.699290 0.711496 0.725916 0.742758 0.762281 0.784800 0.810701 0.840465 0.874685 0.914106 0.947852 0.881193 0.825150 0.777571 0.736857 0.701802 0.671475 0.645150 0.622254 0.602329 0.585006 0.569986 0.557027 0.545929 0.536533 0.528706 0.522345 0.517367 0.513709 0.511325 0.510186 0.510280 0.511606 0.514181 0.518036 0.523219 0.529797 0.537854 0.547499 0.558868 0.572126 0.587478 0.605175 0.625525 0.648909 0.675801 0.706794 0.742641 0.784310 0.833058 0.890556 0.959061 1.000000 0.942339 0.893000 0.850517 0.813764 0.781861 0.754114 0.729967 0.708973 0.690771 0.675065 0.661616 0.650229 0.640744 0.633035 0.627002 0.622569 0.619680 0.618301 0.618414 0.620021 0.623142 0.627814 0.634096 0.642068 0.651833 0.663522 0.677300 0.693368 0.711974 0.733422 0.758085 0.786286 0.757860 0.733122 0.711608 0.692943 0.676820 0.662992 0.651255 0.641445 0.633429 0.627103 0.622387 0.619222 0.617569 0.617408 0.618738 0.621574 0.625951 0.631924 0.639567 0.648979 0.660288 0.673649 0.689257 0.707349 0.728219 0.752225 0.766405 0.746328 14727.000000 1.222907 0.741935
0.655874 0.642170 0.630515 0.620744 0.612725 0.606353 0.601546 0.598244 0.596408 0.596014 0.597058 0.599553 0.603529 0.609035 0.616140 0.624936 0.635541 0.648099 0.662793 0.679845 0.699527 0.722174 0.748199 0.778114 0.812561 0.852347 0.898507 0.952377 1.000000 0.934446 0.878946 0.831559 0.790829 0.755637 0.725117 0.698584 0.675494 0.655410 0.637978 0.622912 0.609976 0.598980 0.589769 0.582219 0.576230 0.571726 0.568651 0.566969 0.566656 0.567712 0.570147 0.573992 0.579294 0.586121 0.594559 0.604722 0.616751 0.630818 0.647137 0.665970 0.687638 0.712538 0.741162 0.774124 0.812203 0.856391 0.907978 0.968660 0.912792 0.864254 0.822498 0.786399 0.755077 0.727841 0.704139 0.683527 0.665645 0.650201 0.636958 0.625720 0.616332 0.608665 0.602621 0.598122 0.595113 0.593557 0.593435 0.594746 0.597505 0.601746 0.607521 0.614905 0.623992 0.634904 0.647792 0.662845 0.680292 0.700415 0.723562 0.750159 0.780739 0.815967 0.856686 0.888053 0.855125 0.826471 0.801544 0.779900 0.761180 0.745090 0.731393 0.719892 0.710433 0.702890 0.697168 0.693195 0.690921 0.690321 0.691385 0.694128 0.698582 0.704802 0.712867 0.722880 0.734975 0.711545 0.690285 0.671829 1650.000000 1.055191 0.737336
0.679297 0.709390 0.744149 0.784477 0.831545 0.886894 0.952595 0.958194 0.916856 0.880972 0.849761 0.822599 0.798986 0.778513 0.760851 0.745729 0.732928 0.722269 0.713610 0.706839 0.701871 0.698643 0.697116 0.697273 0.699114 0.702661 0.707960 0.715074 0.724096 0.735141 0.748359 0.763936 0.782098 0.795237 0.765248 0.739155 0.716452 0.696730 0.679659 0.664968 0.652437 0.641887 0.633174 0.626183 0.620824 0.617030 0.614753 0.613967 0.614662 0.616847 0.620547 0.625808 0.632697 0.641302 0.651735 0.664140 0.678693 0.695611 0.715161 0.737671 0.763543 0.793276 0.804471 0.778299 0.755539 0.735795 0.718743 0.704122 0.691717 0.681355 0.672896 0.666229 0.661271 0.657959 0.656254 0.656134 0.657598 0.660663 0.665368 0.671770 0.679950 0.690015 0.702100 0.716371 0.733038 0.752354 0.774632 0.800257 0.829702 0.863557 0.902559 0.947641 1.000000 0.992866 0.920533 0.859956 0.808686 0.764926 0.727320 0.694834 0.666663 0.642175 0.620864 0.602327 0.586236 0.572326 0.560378 0.550218 0.541702 0.534714 0.529162 0.524976 0.522104 0.520510 0.520175 0.521095 0.523281 0.526760 0.531575 0.537786 0.545474 0.554740 0.565713 0.578551 0.593448 0.610642 0.630427 0.653162 5050.500000 1.260570 0.745932
0.859139 0.894348 0.934914 0.932595 0.918213 0.906420 0.897058 0.890011 0.885189 0.882534 0.882013 0.883621 0.887375 0.893323 0.901538 0.912124 0.925216 0.940989 0.958715 0.903553 0.856344 0.815690 0.780517 0.749984 0.723427 0.700316 0.680223 0.662804 0.647776 0.634911 0.624020 0.614953 0.607589 0.601831 0.597608 0.594867 0.593574 0.593715 0.595289 0.598318 0.602836 0.608902 0.616592 0.626005 0.637270 0.639788 0.641883 0.645551 0.650839 0.657812 0.666560 0.677196 0.689867 0.704751 0.722069 0.742092 0.765153 0.791663 0.822126 0.857176 0.897606 0.944426 0.998939 1.000000 0.964315 0.933261 0.906259 0.882843 0.862632 0.845317 0.830645 0.818411 0.808452 0.800638 0.794871 0.791077 0.789213 0.789253 0.791201 0.795077 0.800931 0.808835 0.818889 0.831224 0.846005 0.863439 0.883781 0.865914 0.829858 0.798531 0.771274 0.747557 0.726955 0.709120 0.693771 0.680678 0.669652 0.660545 0.653234 0.647626 0.643651 0.641260 0.640424 0.641133 0.643395 0.647238 0.652709 0.659876 0.668832 0.679694 0.692610 0.688493 0.683441 0.680089 0.678396 0.678341 0.679924 0.683165 0.688102 0.694797 0.703335 0.713826 0.726411 0.741266 0.758607 0.778699 0.801869 0.828517 3310.000000 1.325937 0.834197
