50
1000 1000
7 13 55 20 18 65 35 82 68 83 107 30 112 11 85
6 3 -37 91 -10 123 35 106 105 1 106 -40 44
8 26 10 43 10 55 13 72 34 59 58 40 46 31 41 19 33
3 10 3 43 18 10 41
7 21 28 35 17 47 23 55 38 51 54 31 65 14 42
3 277 105 385 161 279 223
7 2 6 14 5 30 2 46 11 24 27 13 31 -4 25
6 12 53 19 43 36 38 37 52 35 65 23 67
5 62 46 76 35 97 54 76 68 59 60
5 140 68 214 40 264 110 216 140 153 143
6 16 46 38 33 53 33 67 47 60 83 40 66
6 86 101 166 53 237 19 278 105 257 186 148 159
3 176 123 301 209 182 250
7 -11 13 11 -16 50 -8 63 31 40 47 16 64 -9 35
7 72 43 85 29 109 34 119 54 110 73 93 75 71 60
4 165 228 215 178 250 215 210 293
5 1 21 46 8 69 41 50 79 7 55
3 16 14 67 61 25 74
5 -2 1 14 4 31 14 18 38 -2 24
6 0 62 36 16 93 5 133 70 111 123 32 114
8 59 46 58 37 74 25 86 25 98 46 86 70 66 67 58 63
6 15 75 33 52 55 56 80 80 66 105 38 93
8 30 94 71 80 97 86 113 124 102 170 64 175 42 153 33 135
7 -25 71 41 38 65 66 84 97 99 145 35 137 -1 115
5 36 8 87 -1 135 38 87 77 35 74
8 9 19 39 -2 66 17 119 51 77 112 40 108 -6 102 -33 59
4 80 78 119 52 155 86 130 122
7 51 53 56 38 77 46 78 62 72 76 55 94 35 80
6 -3 22 16 4 40 2 54 22 48 50 16 54
8 26 66 47 46 60 39 91 38 104 65 100 102 61 90 43 84
8 31 87 43 76 68 64 88 65 138 91 119 137 72 144 43 125
5 8 21 97 -22 147 65 85 123 7 92
3 54 48 138 85 24 148
4 26 -12 66 9 34 37 -10 18
6 -8 16 23 -2 44 3 80 16 49 38 25 40
8 20 35 33 36 49 36 45 47 47 61 34 62 27 56 19 48
5 52 130 95 93 116 143 97 188 63 160
7 13 40 85 22 133 9 157 59 117 100 91 143 15 103
3 32 42 68 50 28 72
4 -11 42 69 -2 138 44 54 84
8 44 33 78 34 97 30 106 53 101 82 79 75 51 88 46 60
7 18 66 29 57 61 43 74 73 63 108 26 117 0 94
3 10 7 39 25 6 39
8 3 3 16 -9 35 -6 38 21 27 36 20 46 5 31 -17 21
7 37 16 54 17 67 17 70 29 67 46 44 54 34 38
8 6 19 20 15 40 18 54 34 33 48 17 50 9 47 -14 36
6 13 1 29 1 34 10 24 24 13 27 4 14
8 25 22 45 16 55 18 72 32 60 54 36 66 25 54 9 44
5 31 -3 73 -22 125 19 79 84 15 49
8 110 91 129 50 154 33 187 72 210 85 212 143 166 119 121 141
