0.843387 0.830284 0.819527 0.810974 0.804515 0.800071 0.797586 0.797031 0.798399 0.801707 0.806994 0.814326 0.823795 0.835523 0.849667 0.866422 0.886027 0.908781 0.935046 0.965269 1.000000 0.964076 0.925888 0.892678 0.863777 0.838646 0.816848 0.798029 0.781898 0.768220 0.756805 0.747498 0.740179 0.734755 0.731159 0.729346 0.729294 0.731003 0.726723 0.713937 0.703259 0.694543 0.687678 0.682575 0.679172 0.677426 0.677316 0.678842 0.682021 0.686893 0.693518 0.701980 0.712387 0.724881 0.739634 0.756862 0.776827 0.774556 0.768348 0.764065 0.761653 0.761085 0.762353 0.765472 0.770480 0.777440 0.786438 0.797591 0.811047 0.826992 0.845654 0.867315 0.892321 0.921097 0.926512 0.906152 0.888763 0.874094 0.861945 0.852153 0.844593 0.839170 0.835817 0.834493 0.835182 0.837893 0.842657 0.849535 0.858611 0.870002 0.883857 0.900364 0.919758 0.935982 0.887526 0.845777 0.809643 0.778267 0.750975 0.727224 0.706580 0.688688 0.673263 0.660068 0.648914 0.639646 0.632141 0.626300 0.622052 0.622185 0.623990 0.627321 0.632219 0.638745 0.646982 0.657038 0.669048 0.683182 0.699649 0.718703 0.740658 0.765900 0.794905 0.828268 0.866734 0.898764 0.877380 0.859012 5534.500000 1.122846 0.857416
0.878748 0.900074 0.924744 0.953166 0.985841 0.982267 0.956239 0.933746 0.914440 0.898035 0.884302 0.873054 0.864144 0.857458 0.852915 0.850457 0.850055 0.851705 0.855426 0.861264 0.869290 0.879606 0.892346 0.907679 0.925817 0.947023 0.971619 1.000000 0.988208 0.963099 0.941446 0.922920 0.907252 0.894226 0.883667 0.875439 0.869438 0.865589 0.863847 0.864189 0.866621 0.871170 0.872446 0.864288 0.858329 0.854496 0.852743 0.853047 0.855414 0.859870 0.866472 0.875301 0.886469 0.900123 0.916445 0.935667 0.925809 0.912276 0.901273 0.892657 0.886319 0.882180 0.880191 0.880327 0.882589 0.887006 0.893630 0.902545 0.913863 0.904103 0.886872 0.872347 0.860330 0.850661 0.843216 0.837901 0.834651 0.833426 0.834211 0.837016 0.841875 0.848848 0.858021 0.869512 0.883473 0.900093 0.919609 0.942309 0.968551 0.970253 0.951785 0.936221 0.923346 0.912990 0.905020 0.899336 0.895867 0.894572 0.895435 0.898466 0.903702 0.911207 0.921076 0.933434 0.948444 0.966311 0.987288 0.968607 0.938171 0.911719 0.888800 0.869048 0.852163 0.837901 0.826066 0.816501 0.809081 0.803714 0.800333 0.798896 0.799388 0.801812 0.806200 0.812604 0.821105 0.831810 0.844861 0.860434 4864.000000 1.074162 0.911366
0.683919 0.689320 0.696498 0.705545 0.689981 0.675830 0.663816 0.653769 0.645553 0.639062 0.634212 0.630944 0.629218 0.629012 0.630325 0.627527 0.620209 0.614523 0.610397 0.607781 0.606643 0.606968 0.608761 0.612044 0.616856 0.623258 0.631331 0.641181 0.652941 0.666776 0.682892 0.701538 0.723021 0.747720 0.776102 0.808748 0.846391 0.889957 0.940640 1.000000 0.950863 0.908006 0.870853 0.838562 0.810463 0.786018 0.764793 0.746435 0.730657 0.717224 0.705945 0.696669 0.689272 0.683660 0.679764 0.677534 0.676945 0.677988 0.680677 0.685044 0.691144 0.699052 0.708871 0.720731 0.734794 0.751263 0.739902 0.716719 0.696573 0.679119 0.664080 0.651227 0.640375 0.631375 0.624108 0.618479 0.614417 0.611873 0.610816 0.611232 0.613126 0.616522 0.621462 0.628006 0.636239 0.646268 0.658230 0.672293 0.688665 0.707602 0.729416 0.754494 0.745538 0.738141 0.732637 0.728957 0.727057 0.726914 0.728525 0.731910 0.737112 0.744193 0.753244 0.764382 0.777756 0.793553 0.812001 0.833382 0.858043 0.886409 0.919004 0.886264 0.852064 0.822312 0.796422 0.773920 0.754422 0.737616 0.723247 0.711107 0.701029 0.692878 0.686550 0.681964 0.679064 0.677815 0.678202 0.680228 3316.500000 1.198519 0.838341
0.941415 0.918277 0.888552 0.862704 0.840285 0.820929 0.804339 0.790272 0.778532 0.768961 0.761435 0.755858 0.752160 0.750298 0.750248 0.752009 0.755603 0.761074 0.768489 0.777944 0.789559 0.803491 0.819935 0.823304 0.794663 0.769740 0.748080 0.729315 0.713144 0.699323 0.687652 0.677971 0.670151 0.664091 0.659714 0.656967 0.655817 0.656248 0.658267 0.661898 0.667186 0.674195 0.683017 0.693766 0.706588 0.721665 0.739218 0.759522 0.781145 0.783512 0.787798 0.794054 0.802359 0.812819 0.825569 0.840784 0.858678 0.879515 0.903619 0.931389 0.963314 1.000000 0.972978 0.929022 0.890919 0.857803 0.828987 0.803917 0.782148 0.763318 0.747130 0.733345 0.721767 0.712237 0.704632 0.698853 0.694828 0.692508 0.691865 0.692890 0.695597 0.700018 0.706208 0.714245 0.724231 0.736299 0.750615 0.767385 0.777287 0.764818 0.754531 0.746291 0.739993 0.735558 0.732930 0.732078 0.732993 0.735684 0.740184 0.746550 0.754860 0.765222 0.777772 0.792682 0.810165 0.812658 0.794819 0.779585 0.766736 0.756095 0.747522 0.740907 0.736165 0.733239 0.732092 0.732712 0.735105 0.739301 0.745350 0.753330 0.763341 0.775515 0.790017 0.807054 0.826878 0.849799 0.876197 0.906543 7224.500000 1.167196 0.866903
0.722666 0.664265 0.615970 0.575514 0.541269 0.512034 0.486909 0.465202 0.446377 0.430013 0.415772 0.403384 0.392632 0.383338 0.375357 0.368572 0.362886 0.358222 0.354520 0.351733 0.349825 0.348774 0.348566 0.349199 0.350681 0.353030 0.356274 0.360455 0.365626 0.371857 0.379233 0.387862 0.397872 0.409426 0.422720 0.437996 0.455557 0.475778 0.499137 0.526241 0.557878 0.595088 0.639267 0.692333 0.756996 0.837206 0.938959 0.949159 0.878565 0.819582 0.769759 0.727298 0.690854 0.659400 0.632143 0.608457 0.587847 0.569915 0.554341 0.540864 0.529271 0.519390 0.511080 0.504227 0.498741 0.494552 0.491607 0.489870 0.489320 0.489950 0.491768 0.494796 0.499072 0.504648 0.511596 0.520009 0.530002 0.541716 0.555328 0.571053 0.589155 0.609960 0.633871 0.661392 0.693157 0.667881 0.634902 0.606419 0.581724 0.560257 0.541577 0.525328 0.511220 0.499021 0.488541 0.479623 0.472142 0.465996 0.461105 0.457405 0.454852 0.453413 0.453072 0.453823 0.455677 0.458655 0.462794 0.468148 0.474783 0.482789 0.492276 0.503381 0.516270 0.531150 0.548273 0.567951 0.590570 0.616612 0.646687 0.681572 0.722274 0.770119 0.826887 0.895017 0.977950 1.000000 0.884370 0.794424 2816.500000 1.593164 0.556788
0.877534 0.854855 0.835281 0.818510 0.804300 0.792450 0.782804 0.775234 0.769646 0.765970 0.764161 0.764197 0.766079 0.769829 0.775494 0.783143 0.792874 0.793740 0.776693 0.762161 0.749936 0.739851 0.731773 0.725599 0.721252 0.718677 0.717843 0.718741 0.709473 0.693274 0.679397 0.667643 0.657846 0.649875 0.643627 0.639023 0.636005 0.634538 0.634602 0.636200 0.639349 0.644090 0.650479 0.658600 0.668556 0.680483 0.694547 0.710953 0.729954 0.751860 0.777051 0.805998 0.839285 0.833883 0.828667 0.825493 0.824321 0.825138 0.827952 0.832800 0.839739 0.848857 0.852107 0.834233 0.819027 0.806272 0.795797 0.787463 0.781164 0.776822 0.774383 0.773817 0.775119 0.778302 0.783408 0.790497 0.799660 0.811015 0.824712 0.840941 0.859934 0.881979 0.907428 0.903330 0.856133 0.815490 0.780325 0.749799 0.723249 0.700143 0.680056 0.662641 0.647617 0.634754 0.623866 0.614802 0.607439 0.601683 0.597461 0.594721 0.593428 0.593241 0.594297 0.596798 0.600774 0.606273 0.613365 0.622142 0.632720 0.645244 0.659897 0.676900 0.692577 0.702034 0.713496 0.727120 0.743098 0.761671 0.783131 0.807838 0.836235 0.868870 0.906429 0.949773 1.000000 0.968322 0.933762 0.903685 6290.000000 1.181562 0.855563
0.844042 0.824068 0.806917 0.792335 0.780116 0.770096 0.762143 0.756155 0.752059 0.749803 0.749360 0.750726 0.753916 0.758970 0.765949 0.774942 0.786066 0.799467 0.815331 0.790955 0.736634 0.690852 0.651906 0.618527 0.589752 0.564835 0.543194 0.524367 0.507984 0.493747 0.481414 0.470789 0.461712 0.454050 0.447700 0.442577 0.438614 0.435762 0.434639 0.438868 0.444260 0.450887 0.458836 0.468219 0.479173 0.491864 0.506499 0.523332 0.542674 0.564913 0.590537 0.620161 0.654574 0.694803 0.742206 0.798615 0.866563 0.949649 0.953825 0.931004 0.911394 0.894704 0.880698 0.869185 0.860014 0.853069 0.848262 0.845534 0.844853 0.846210 0.849621 0.855128 0.862800 0.872731 0.834843 0.792836 0.756589 0.725182 0.697893 0.674149 0.653489 0.635544 0.620012 0.606647 0.595250 0.585659 0.577741 0.571393 0.566532 0.563099 0.561051 0.560362 0.553903 0.542567 0.532944 0.524899 0.518323 0.513131 0.509256 0.506651 0.505283 0.505137 0.506210 0.508515 0.512080 0.516950 0.523186 0.530868 0.540101 0.549612 0.560218 0.572647 0.587088 0.603767 0.622967 0.645032 0.670393 0.699584 0.733279 0.772340 0.817877 0.871351 0.934716 1.000000 0.959544 0.924375 0.893770 0.867149 1341.000000 1.417132 0.738439
0.552268 0.562646 0.574832 0.589009 0.605398 0.624272 0.645967 0.670898 0.699584 0.682017 0.664396 0.649186 0.636156 0.625115 0.615909 0.608415 0.602535 0.598195 0.595340 0.593938 0.593969 0.595435 0.598353 0.602759 0.608707 0.616274 0.625557 0.636682 0.649803 0.665112 0.682435 0.666809 0.653422 0.642078 0.632619 0.624919 0.618876 0.614416 0.611481 0.610038 0.610067 0.611570 0.614564 0.619087 0.625194 0.632963 0.642494 0.653917 0.667390 0.683110 0.701318 0.722312 0.746455 0.774198 0.806099 0.842860 0.885369 0.819697 0.762440 0.714268 0.673347 0.638315 0.608141 0.582029 0.559360 0.539641 0.522482 0.507565 0.494635 0.483483 0.473939 0.465865 0.459150 0.453703 0.449453 0.446348 0.444349 0.443430 0.443583 0.444807 0.447118 0.450544 0.455128 0.460928 0.468020 0.476499 0.486485 0.498125 0.511597 0.527124 0.544977 0.565491 0.589085 0.616283 0.647749 0.684340 0.727168 0.777713 0.837980 0.910751 1.000000 0.945985 0.881504 0.827117 0.780823 0.741127 0.706893 0.677242 0.651484 0.629073 0.609573 0.592630 0.577959 0.565325 0.554539 0.545446 0.537922 0.531866 0.527201 0.523868 0.521827 0.521051 0.521533 0.523277 0.526305 0.530654 0.536379 0.543552 1049.500000 1.305389 0.701784
0.816636 0.779334 0.747013 0.718928 0.694492 0.673230 0.654762 0.638778 0.625026 0.613300 0.603432 0.595289 0.588761 0.583767 0.580243 0.578145 0.577449 0.578145 0.580243 0.583767 0.588761 0.595289 0.603432 0.613300 0.625026 0.638778 0.654762 0.673230 0.694492 0.718928 0.747013 0.779334 0.798164 0.770729 0.746857 0.726116 0.708156 0.692691 0.679489 0.668361 0.659154 0.651746 0.646042 0.641970 0.639479 0.638541 0.639142 0.641291 0.645014 0.650356 0.657385 0.666189 0.676885 0.689619 0.704571 0.721963 0.742069 0.765223 0.791838 0.822423 0.857615 0.898214 0.945238 1.000000 0.955174 0.896551 0.846630 0.803808 0.766869 0.734868 0.707066 0.682876 0.661828 0.643543 0.627713 0.614086 0.602459 0.592666 0.584572 0.578069 0.573075 0.569527 0.567381 0.566611 0.567208 0.569178 0.572547 0.577355 0.583662 0.591549 0.601121 0.612507 0.625869 0.641408 0.659366 0.680045 0.703813 0.731127 0.752722 0.734720 0.719251 0.706086 0.695039 0.685959 0.678728 0.673252 0.669464 0.667316 0.666784 0.667860 0.670558 0.674910 0.680970 0.688815 0.698545 0.710289 0.724209 0.740506 0.759424 0.781267 0.806402 0.835289 0.868491 0.906718 0.950860 0.969362 0.910237 0.859863 1918.000000 1.320019 0.755943
0.699736 0.729707 0.733980 0.740049 0.748037 0.758044 0.770204 0.784681 0.801681 0.821457 0.844319 0.870647 0.900911 0.935689 0.975705 1.000000 0.934630 0.879270 0.831994 0.791352 0.756232 0.725771 0.699289 0.676243 0.656198 0.638801 0.623767 0.610863 0.599897 0.590716 0.583195 0.577237 0.572765 0.569724 0.568077 0.567727 0.568561 0.570775 0.574396 0.579468 0.586054 0.594240 0.604134 0.615872 0.629622 0.645590 0.664031 0.685256 0.673536 0.660822 0.650116 0.641271 0.634171 0.628725 0.624864 0.622541 0.621727 0.622413 0.624607 0.628335 0.633644 0.640599 0.649291 0.658925 0.662981 0.668709 0.676179 0.685488 0.696759 0.710146 0.725841 0.744078 0.765146 0.789399 0.817273 0.849308 0.886180 0.889647 0.865922 0.845414 0.827803 0.812828 0.800280 0.789987 0.781815 0.775660 0.771445 0.769119 0.768653 0.770041 0.773301 0.778471 0.778784 0.742438 0.710970 0.683641 0.659866 0.639177 0.621197 0.605620 0.592196 0.580724 0.571037 0.563002 0.556513 0.551484 0.547854 0.545577 0.544625 0.544987 0.546668 0.549424 0.545973 0.543868 0.543082 0.543606 0.545446 0.548625 0.553181 0.559173 0.566675 0.575788 0.586635 0.599370 0.614183 0.631306 0.651024 0.673690 1946.000000 1.330689 0.821602
0.737827 0.799840 0.875537 0.849734 0.800026 0.757536 0.720981 0.689375 0.661952 0.638106 0.617354 0.599307 0.583652 0.570132 0.558539 0.548705 0.540489 0.533784 0.528500 0.524571 0.521948 0.520600 0.520509 0.521674 0.524110 0.527847 0.532931 0.539425 0.547415 0.557007 0.568335 0.581563 0.596894 0.614575 0.634913 0.658283 0.685152 0.716107 0.751889 0.793446 0.781958 0.728184 0.682869 0.644326 0.611294 0.582820 0.558166 0.536753 0.518124 0.501914 0.487827 0.475624 0.465109 0.456124 0.448540 0.442252 0.437177 0.433248 0.430418 0.428649 0.427923 0.428228 0.429570 0.431963 0.435439 0.440039 0.445824 0.452868 0.461267 0.471140 0.482633 0.495926 0.511238 0.528840 0.549068 0.572338 0.599175 0.630246 0.666408 0.708785 0.758869 0.818692 0.891084 0.980111 1.000000 0.899633 0.819370 0.753923 0.699719 0.654256 0.615734 0.582821 0.554517 0.530052 0.508829 0.490376 0.474317 0.460351 0.448232 0.437763 0.428781 0.421154 0.414776 0.409559 0.405437 0.402357 0.400281 0.399182 0.399048 0.399877 0.401680 0.404477 0.408305 0.413210 0.419257 0.426526 0.435119 0.445160 0.456801 0.470231 0.485679 0.503432 0.523841 0.547349 0.574516 0.606056 0.642899 0.686272 6004.000000 1.358228 0.584178
0.909762 0.873851 0.842620 0.815441 0.791809 0.771314 0.753622 0.738463 0.725616 0.714901 0.706174 0.699322 0.694258 0.690919 0.689265 0.689276 0.690951 0.694311 0.699396 0.698564 0.692002 0.687201 0.684104 0.682672 0.682887 0.684753 0.688292 0.693547 0.700583 0.709491 0.720385 0.733414 0.748760 0.766648 0.783731 0.777504 0.773223 0.770835 0.770313 0.771649 0.774859 0.779983 0.787084 0.796252 0.807604 0.821291 0.837503 0.814602 0.773650 0.738312 0.707692 0.681086 0.657935 0.637793 0.620297 0.605154 0.592126 0.581017 0.571669 0.563954 0.557771 0.553039 0.551765 0.560654 0.571232 0.583651 0.598095 0.614790 0.634016 0.656114 0.681509 0.710731 0.744444 0.783497 0.828982 0.882330 0.945450 1.000000 0.956078 0.917971 0.884835 0.855998 0.830920 0.809163 0.790373 0.774258 0.760582 0.749155 0.739822 0.732462 0.726981 0.723310 0.721406 0.721245 0.722825 0.714045 0.694458 0.677506 0.662921 0.650484 0.640019 0.631383 0.624461 0.619164 0.615427 0.613203 0.612465 0.613204 0.615429 0.619168 0.624466 0.631390 0.640028 0.650495 0.662933 0.670237 0.676394 0.684330 0.694146 0.705973 0.719975 0.736353 0.755356 0.777288 0.802522 0.831521 0.864855 0.903241 16877.000000 1.058096 0.802851
0.746047 0.703952 0.667876 0.636777 0.609849 0.586462 0.566116 0.548411 0.533025 0.519696 0.508213 0.498400 0.490118 0.483252 0.477710 0.473421 0.470332 0.468404 0.467614 0.467952 0.469422 0.472042 0.475844 0.480876 0.487202 0.494904 0.504088 0.514883 0.527449 0.541982 0.558722 0.577967 0.600081 0.625523 0.654864 0.688835 0.728374 0.774708 0.829471 0.894886 0.974049 0.984600 0.909921 0.847669 0.795183 0.750520 0.712232 0.679218 0.650626 0.625792 0.604185 0.585384 0.569047 0.554898 0.542711 0.532303 0.523524 0.516253 0.510395 0.505872 0.502630 0.500627 0.499839 0.500257 0.501886 0.504746 0.508871 0.514313 0.521143 0.529448 0.539343 0.550968 0.564494 0.580134 0.598148 0.618855 0.642650 0.670028 0.701607 0.738176 0.780752 0.830663 0.889681 0.912792 0.851844 0.800333 0.756415 0.718708 0.686156 0.657941 0.633421 0.612084 0.593521 0.577401 0.563455 0.551464 0.541250 0.532667 0.525598 0.519951 0.515652 0.512650 0.510905 0.510398 0.511122 0.513086 0.516314 0.520845 0.526736 0.534064 0.542925 0.553441 0.565762 0.580073 0.596602 0.615627 0.637492 0.662622 0.691549 0.724943 0.763659 0.808802 0.861824 0.924669 1.000000 0.924751 0.854260 0.795535 1357.500000 1.114114 0.601942
0.895307 0.812229 0.744903 0.689417 0.643066 0.603918 0.570558 0.541929 0.517222 0.495811 0.477207 0.461019 0.446935 0.434701 0.424114 0.415007 0.407243 0.400712 0.395324 0.391009 0.387711 0.385388 0.384013 0.383569 0.384049 0.385461 0.387821 0.391158 0.395514 0.400945 0.407522 0.415337 0.424499 0.435147 0.447448 0.461610 0.477886 0.496592 0.518121 0.542968 0.571766 0.605330 0.644730 0.691397 0.747288 0.815147 0.881715 0.823226 0.773762 0.731567 0.695325 0.664029 0.636897 0.613314 0.592793 0.574941 0.559440 0.546035 0.534514 0.524708 0.516477 0.509709 0.504315 0.500227 0.497393 0.495779 0.495364 0.496145 0.498130 0.501343 0.505825 0.511631 0.518837 0.527537 0.537853 0.549930 0.563953 0.580143 0.598776 0.620189 0.644801 0.673137 0.705855 0.743800 0.763178 0.712036 0.668828 0.632000 0.600386 0.573100 0.549452 0.528901 0.511020 0.495462 0.481951 0.470260 0.460205 0.451636 0.444431 0.438493 0.433742 0.430119 0.427576 0.426085 0.425625 0.426192 0.427792 0.430446 0.434185 0.439056 0.445123 0.452465 0.461183 0.471401 0.483273 0.496987 0.512773 0.530915 0.551767 0.575768 0.603471 0.635583 0.673018 0.716973 0.769054 0.831453 0.907251 1.000000 5494.500000 1.344604 0.585241
0.890763 0.841513 0.789411 0.745075 0.707067 0.674295 0.645912 0.621259 0.599811 0.581147 0.564930 0.550884 0.538786 0.528454 0.519739 0.512522 0.506706 0.502218 0.498999 0.497012 0.496230 0.496646 0.498264 0.501104 0.505200 0.510604 0.517385 0.525631 0.535456 0.546998 0.560428 0.575957 0.593842 0.614401 0.638027 0.665209 0.696563 0.732872 0.775144 0.824700 0.883298 0.953333 0.990287 0.904028 0.833439 0.774807 0.725515 0.683668 0.647860 0.617030 0.590358 0.567206 0.547070 0.529547 0.514311 0.501102 0.489704 0.479943 0.471679 0.464794 0.459199 0.454819 0.451599 0.449500 0.448496 0.448574 0.449737 0.451997 0.455382 0.459935 0.465713 0.472792 0.481266 0.491255 0.502905 0.516395 0.531945 0.549826 0.570374 0.594003 0.621236 0.652734 0.689346 0.732179 0.782697 0.842884 0.915487 1.000000 0.923414 0.859648 0.805935 0.760264 0.721136 0.687413 0.658218 0.632865 0.610809 0.591616 0.574935 0.560482 0.548026 0.537378 0.528385 0.520921 0.514889 0.510211 0.506826 0.504694 0.503788 0.504098 0.505627 0.508393 0.512432 0.517793 0.524544 0.532773 0.542593 0.554142 0.567591 0.583148 0.601071 0.621675 0.645353 0.672590 0.703998 0.740354 0.782657 0.832214 7615.500000 1.164101 0.599336
0.858749 0.823811 0.793440 0.767012 0.744022 0.724064 0.706806 0.691981 0.679367 0.668788 0.660099 0.653186 0.647961 0.644359 0.642336 0.641867 0.642947 0.645588 0.649823 0.655703 0.663304 0.672723 0.681302 0.671881 0.664296 0.658448 0.654265 0.651695 0.650707 0.651288 0.653446 0.657207 0.662617 0.669743 0.678677 0.689537 0.702469 0.717658 0.735328 0.737578 0.730888 0.726051 0.723009 0.721723 0.722178 0.724381 0.728356 0.734155 0.741847 0.751532 0.763337 0.777421 0.793984 0.813269 0.835578 0.861279 0.847375 0.831478 0.818100 0.807059 0.798210 0.791439 0.786661 0.783817 0.782873 0.783817 0.786661 0.791439 0.798210 0.807059 0.818100 0.831478 0.847375 0.839841 0.807194 0.778797 0.754084 0.732602 0.713983 0.697926 0.684188 0.672569 0.662908 0.655077 0.648974 0.644522 0.641666 0.640371 0.640621 0.641733 0.633321 0.626617 0.621536 0.618013 0.616005 0.615489 0.616457 0.618921 0.622912 0.628479 0.635691 0.644642 0.655450 0.668264 0.683268 0.700688 0.720801 0.721525 0.719659 0.719532 0.721142 0.724508 0.729672 0.736698 0.745674 0.756717 0.769975 0.785632 0.803916 0.825107 0.849547 0.877658 0.909960 0.947099 0.989886 1.000000 0.945698 0.899045 14893.500000 1.199054 0.866928
0.718069 0.716229 0.716118 0.718428 0.724575 0.732608 0.742630 0.754773 0.769205 0.786129 0.805800 0.828528 0.854694 0.884768 0.919331 0.948160 0.913787 0.883873 0.857857 0.835283 0.815782 0.799052 0.784847 0.772968 0.763254 0.755579 0.749845 0.745982 0.743941 0.743698 0.745250 0.748615 0.753835 0.760975 0.770125 0.781402 0.794959 0.810982 0.829704 0.828665 0.814376 0.802471 0.792792 0.785213 0.779638 0.775998 0.774248 0.774368 0.776358 0.780243 0.786070 0.793120 0.776550 0.762459 0.750645 0.740950 0.733246 0.727435 0.723445 0.721226 0.720752 0.722016 0.725035 0.729845 0.736505 0.745100 0.755739 0.768565 0.783755 0.801527 0.822150 0.845955 0.873346 0.904822 0.941004 0.982667 1.000000 0.958489 0.922421 0.891037 0.863731 0.840012 0.819483 0.801819 0.786755 0.774078 0.763613 0.755222 0.748798 0.744261 0.741553 0.730826 0.718577 0.708410 0.700190 0.693811 0.689193 0.686278 0.685031 0.685437 0.687500 0.691247 0.696722 0.703993 0.713155 0.724326 0.737658 0.753339 0.771600 0.792726 0.817065 0.845046 0.877199 0.914186 0.956836 0.948091 0.910408 0.877640 0.849123 0.824324 0.802812 0.784236 0.768309 0.754798 0.743514 0.734305 0.727052 0.721663 674.500000 1.099808 0.840814
0.785071 0.719852 0.666121 0.621246 0.583352 0.551066 0.523362 0.499455 0.478740 0.460741 0.445079 0.431453 0.419617 0.409373 0.400559 0.393043 0.386719 0.381500 0.377316 0.374115 0.371856 0.370511 0.370064 0.370510 0.371854 0.374112 0.377313 0.381495 0.386714 0.393037 0.400551 0.409364 0.419607 0.431441 0.445066 0.460726 0.478723 0.499435 0.523339 0.551039 0.583320 0.621208 0.666076 0.719799 0.785006 0.865496 0.816233 0.771061 0.732298 0.698849 0.669865 0.644681 0.622768 0.603702 0.587142 0.572808 0.560476 0.549961 0.541113 0.533810 0.527957 0.523479 0.520318 0.518437 0.517813 0.518437 0.520318 0.523479 0.527957 0.533810 0.541113 0.549961 0.560476 0.572808 0.587142 0.603702 0.622768 0.644681 0.669865 0.698849 0.732298 0.755105 0.701677 0.656788 0.618698 0.586119 0.558076 0.533822 0.512771 0.494464 0.478532 0.464680 0.452666 0.442297 0.433413 0.425884 0.419607 0.414495 0.410484 0.407522 0.405573 0.404612 0.404628 0.405621 0.407604 0.410600 0.414647 0.419796 0.426113 0.433685 0.442616 0.453037 0.465108 0.479025 0.495031 0.513422 0.534571 0.558941 0.587121 0.619866 0.658158 0.703299 0.757046 0.821832 0.901117 1.000000 0.967077 0.865577 1363.000000 1.470528 0.572742
0.810654 0.765856 0.727410 0.694233 0.665483 0.640501 0.618764 0.599851 0.583424 0.569207 0.556977 0.546550 0.537778 0.530542 0.524744 0.520312 0.517190 0.515339 0.514737 0.515377 0.517266 0.520427 0.524899 0.530738 0.538020 0.546840 0.557319 0.569606 0.583886 0.600383 0.609219 0.594113 0.581105 0.569998 0.560632 0.552880 0.546638 0.541826 0.538384 0.536270 0.535456 0.535934 0.537710 0.540805 0.545256 0.551121 0.558473 0.567409 0.578050 0.590549 0.605090 0.621901 0.641262 0.663517 0.689092 0.718518 0.752462 0.791775 0.837552 0.891225 0.954706 0.987886 0.916365 0.856424 0.805666 0.762321 0.725060 0.692863 0.664937 0.640659 0.619531 0.601155 0.585206 0.571423 0.559591 0.549536 0.541117 0.534219 0.528753 0.524649 0.521855 0.520338 0.520079 0.521075 0.523338 0.526895 0.531791 0.538088 0.545866 0.555229 0.566308 0.579261 0.594286 0.611624 0.600601 0.586014 0.573468 0.562776 0.553784 0.546371 0.540439 0.535911 0.532731 0.530860 0.530275 0.530969 0.532951 0.536243 0.540889 0.546944 0.554488 0.563619 0.574463 0.587175 0.601945 0.619008 0.638649 0.661223 0.687167 0.717027 0.751494 0.791445 0.838013 0.892690 0.957467 1.000000 0.925478 0.863228 7560.000000 1.651977 0.696010
0.663010 0.635036 0.610738 0.589599 0.571205 0.555220 0.541375 0.529448 0.519259 0.510661 0.503538 0.497792 0.493352 0.490161 0.488179 0.487382 0.487761 0.489321 0.492079 0.496071 0.501346 0.507971 0.516034 0.525643 0.536935 0.550077 0.565275 0.582779 0.602902 0.626026 0.652629 0.683314 0.718843 0.760201 0.808676 0.865982 0.934452 1.000000 0.942025 0.892436 0.849752 0.812833 0.780791 0.752925 0.728674 0.707588 0.689302 0.673519 0.659997 0.648539 0.638985 0.631207 0.625103 0.620598 0.617634 0.616176 0.616206 0.617724 0.620748 0.625316 0.631485 0.639332 0.648959 0.660497 0.674105 0.689983 0.708375 0.698893 0.677198 0.658348 0.642024 0.627965 0.615962 0.605841 0.597463 0.590717 0.585517 0.581797 0.579511 0.578631 0.579148 0.581066 0.584410 0.589220 0.595557 0.603501 0.613157 0.624656 0.638161 0.653874 0.672040 0.692961 0.717009 0.744645 0.776442 0.793936 0.769310 0.747913 0.729384 0.713428 0.699804 0.688319 0.678813 0.671161 0.665265 0.661050 0.658464 0.657476 0.658075 0.660266 0.664077 0.669555 0.676768 0.685808 0.696794 0.709876 0.725239 0.743112 0.763774 0.787570 0.814923 0.846356 0.882523 0.888845 0.827886 0.776502 0.732786 0.695315 10088.500000 1.298058 0.740181
0.907309 0.841109 0.785677 0.738769 0.698735 0.664335 0.634620 0.608854 0.586456 0.566965 0.550010 0.535292 0.522567 0.511637 0.502340 0.494546 0.488147 0.483061 0.479222 0.476583 0.475111 0.474789 0.475612 0.477590 0.480748 0.485124 0.490774 0.497771 0.506207 0.516199 0.527890 0.541458 0.557120 0.575141 0.595851 0.619656 0.647067 0.678725 0.715453 0.758314 0.808711 0.868525 0.940339 0.935827 0.872792 0.819563 0.774211 0.735294 0.701711 0.672612 0.647328 0.625327 0.606185 0.589558 0.575168 0.562787 0.552230 0.543347 0.536016 0.530140 0.525644 0.522472 0.520585 0.519959 0.520587 0.522478 0.525652 0.530151 0.536030 0.543364 0.552251 0.562812 0.575197 0.589592 0.606224 0.625372 0.647379 0.672671 0.701779 0.735372 0.774302 0.819669 0.872918 0.935976 0.895960 0.833551 0.781029 0.736403 0.698191 0.665273 0.636785 0.612050 0.590534 0.571810 0.555535 0.541428 0.529264 0.518857 0.510056 0.502739 0.496810 0.492191 0.488823 0.486666 0.485693 0.485892 0.487265 0.489829 0.493617 0.498673 0.505064 0.512872 0.522204 0.533189 0.545991 0.560806 0.577879 0.597508 0.620064 0.646008 0.675917 0.710524 0.750773 0.797893 0.853518 0.919861 1.000000 0.987402 1791.000000 1.113342 0.602011
0.615509 0.583194 0.555373 0.531307 0.510419 0.492253 0.476443 0.462698 0.450778 0.440492 0.431682 0.424219 0.418000 0.412940 0.408976 0.406055 0.404143 0.403215 0.403261 0.404282 0.406288 0.409306 0.413372 0.418537 0.424871 0.432456 0.441401 0.451834 0.463917 0.477847 0.493867 0.512274 0.533442 0.557836 0.586047 0.618834 0.657185 0.702407 0.756268 0.821219 0.900748 1.000000 0.976241 0.864930 0.778087 0.708644 0.652022 0.605129 0.565800 0.532476 0.504006 0.479522 0.458359 0.440001 0.424039 0.410149 0.398067 0.387585 0.378528 0.370758 0.364161 0.358642 0.354129 0.350563 0.347897 0.346098 0.345146 0.345028 0.345742 0.347298 0.349714 0.353020 0.357259 0.362484 0.368766 0.376192 0.384869 0.394930 0.406537 0.419888 0.435231 0.452870 0.473187 0.496665 0.523923 0.555763 0.593245 0.637796 0.691383 0.756791 0.838097 0.868743 0.814952 0.769179 0.729939 0.696104 0.666802 0.641350 0.619206 0.599938 0.583195 0.568694 0.556204 0.545537 0.536540 0.529088 0.523084 0.518449 0.515126 0.513073 0.512266 0.512694 0.514364 0.517294 0.521522 0.527100 0.534099 0.542611 0.552752 0.564665 0.578528 0.594557 0.613019 0.634240 0.658627 0.686685 0.697787 0.653283 612.000000 1.589844 0.558659
0.917757 0.869475 0.827915 0.791966 0.760767 0.733632 0.710019 0.689487 0.671682 0.656315 0.643149 0.631995 0.622695 0.615125 0.609187 0.604806 0.601927 0.600515 0.600553 0.602042 0.604999 0.609461 0.615483 0.623141 0.632535 0.643792 0.657068 0.672557 0.690498 0.711183 0.734971 0.762305 0.793736 0.829957 0.871842 0.920514 0.977437 0.960599 0.913099 0.872078 0.836512 0.805599 0.778698 0.755296 0.734979 0.717409 0.702312 0.689465 0.678684 0.669824 0.662769 0.657428 0.653734 0.651643 0.651129 0.652186 0.654826 0.659082 0.665006 0.672673 0.682182 0.693658 0.707260 0.723182 0.741667 0.763007 0.787565 0.813537 0.792395 0.774142 0.758497 0.745232 0.734161 0.725136 0.718039 0.712779 0.709293 0.707536 0.707489 0.709150 0.712539 0.717698 0.724691 0.733606 0.744560 0.757698 0.773205 0.791306 0.812278 0.836462 0.864277 0.896238 0.870414 0.831703 0.798130 0.768942 0.743542 0.721449 0.702274 0.685701 0.671473 0.659379 0.649250 0.640948 0.634364 0.629415 0.626040 0.624196 0.623861 0.625032 0.627722 0.631965 0.637812 0.645338 0.654639 0.665840 0.679095 0.694596 0.712578 0.733330 0.757205 0.784641 0.816180 0.852501 0.894460 0.943153 1.000000 0.974202 1540.000000 1.010571 0.757683
0.815236 0.774700 0.739703 0.709366 0.682999 0.660056 0.640096 0.622764 0.607772 0.594883 0.583908 0.574689 0.567102 0.561047 0.556446 0.553242 0.551395 0.550884 0.551701 0.553857 0.557377 0.562307 0.568706 0.576658 0.586268 0.597668 0.611021 0.626528 0.644436 0.665047 0.688734 0.715959 0.747299 0.783483 0.825439 0.874368 0.931850 1.000000 0.965533 0.920440 0.881400 0.847496 0.818001 0.792334 0.770028 0.750702 0.734048 0.719813 0.707793 0.697820 0.689764 0.683519 0.679008 0.676174 0.674982 0.675420 0.677491 0.681220 0.686655 0.693862 0.673726 0.653976 0.636841 0.622041 0.609349 0.598577 0.589575 0.582221 0.576421 0.572099 0.569203 0.567696 0.567562 0.568797 0.571417 0.575455 0.580959 0.588000 0.596669 0.607081 0.619382 0.633750 0.650405 0.669615 0.691712 0.717104 0.746297 0.779926 0.818795 0.863932 0.916673 0.978783 0.932404 0.885244 0.844562 0.809320 0.778701 0.752060 0.728880 0.708743 0.691308 0.676302 0.663497 0.652711 0.643797 0.636636 0.631136 0.627228 0.624865 0.624017 0.624674 0.626844 0.630554 0.635849 0.642795 0.651482 0.662023 0.674563 0.689279 0.706392 0.726170 0.748944 0.775120 0.805202 0.839818 0.879759 0.917793 0.862440 5823.000000 1.224152 0.729450
0.787943 0.768632 0.752013 0.737837 0.725902 0.716045 0.708135 0.702070 0.697776 0.695198 0.694305 0.695088 0.697554 0.701735 0.707681 0.715467 0.725193 0.736986 0.751009 0.734986 0.718195 0.703812 0.691627 0.681471 0.673206 0.666727 0.661951 0.658819 0.657292 0.657352 0.659000 0.662256 0.667159 0.673771 0.682174 0.692480 0.704826 0.719384 0.736368 0.756038 0.778716 0.797673 0.759648 0.726754 0.698203 0.673371 0.651761 0.632972 0.616681 0.602622 0.590581 0.580383 0.571885 0.564974 0.559559 0.555574 0.552996 0.552432 0.553201 0.555312 0.558790 0.563678 0.570038 0.577952 0.587523 0.598884 0.612197 0.627662 0.645524 0.666084 0.689713 0.716871 0.748131 0.784217 0.826051 0.874827 0.932111 1.000000 0.965043 0.906078 0.855848 0.812749 0.775562 0.743342 0.715346 0.690987 0.669792 0.651382 0.635446 0.621913 0.610405 0.600737 0.592776 0.586418 0.581580 0.578204 0.576246 0.575684 0.576511 0.578736 0.582387 0.587509 0.594165 0.602442 0.612450 0.624324 0.638237 0.654396 0.673058 0.685713 0.675283 0.666749 0.659997 0.654943 0.651524 0.649697 0.649440 0.650751 0.653644 0.658157 0.664343 0.672282 0.682076 0.693856 0.707785 0.724065 0.742943 0.764724 7181.500000 1.182899 0.796706
0.853984 0.831406 0.811897 0.795155 0.780932 0.769029 0.759286 0.751574 0.745796 0.741879 0.739777 0.739462 0.740933 0.744205 0.749320 0.756340 0.765354 0.776479 0.789863 0.805692 0.824194 0.845650 0.870407 0.898888 0.931616 0.906885 0.876601 0.850258 0.827386 0.807607 0.790612 0.776149 0.764013 0.754039 0.746097 0.740084 0.735926 0.733573 0.732994 0.734184 0.737156 0.741947 0.729583 0.713649 0.700047 0.688581 0.679095 0.671462 0.665585 0.661389 0.658822 0.657854 0.658474 0.660687 0.664522 0.670025 0.677265 0.686334 0.697353 0.710471 0.725874 0.743792 0.764504 0.788357 0.815775 0.847283 0.883537 0.925362 0.973805 1.000000 0.971388 0.946585 0.925191 0.906878 0.891383 0.878488 0.868023 0.859851 0.853870 0.850004 0.848208 0.848459 0.850761 0.855140 0.861652 0.870376 0.850087 0.815426 0.785299 0.759082 0.736276 0.716475 0.699353 0.684641 0.672120 0.661615 0.652982 0.646108 0.640905 0.637308 0.635273 0.634776 0.635809 0.638387 0.642540 0.648319 0.655798 0.665071 0.676264 0.689529 0.700391 0.706367 0.714181 0.723933 0.735753 0.749801 0.766278 0.785430 0.807560 0.833037 0.862320 0.895973 0.934704 0.979399 0.983822 0.944287 0.909913 0.880001 19274.000000 1.120585 0.835539
0.923201 0.898699 0.857132 0.821130 0.789857 0.762648 0.738973 0.718401 0.700586 0.685245 0.672145 0.661099 0.651956 0.644594 0.638919 0.634858 0.632363 0.631402 0.631965 0.634057 0.637705 0.642952 0.649866 0.658533 0.668693 0.657408 0.648033 0.640443 0.634539 0.630248 0.627516 0.626310 0.626616 0.628436 0.631793 0.636729 0.643304 0.651603 0.661734 0.673833 0.688072 0.704660 0.723854 0.745970 0.771398 0.800617 0.834225 0.872974 0.917817 0.969980 1.000000 0.949422 0.905790 0.867992 0.835154 0.806582 0.781721 0.760124 0.741426 0.725331 0.711598 0.700030 0.690469 0.682789 0.676890 0.672699 0.670165 0.669255 0.669960 0.672287 0.676266 0.681945 0.689395 0.698711 0.710016 0.723465 0.739248 0.757601 0.778813 0.782362 0.756991 0.734928 0.715790 0.699266 0.685100 0.673087 0.663057 0.654877 0.648439 0.643661 0.640486 0.638873 0.638803 0.640275 0.643308 0.647938 0.654223 0.662242 0.672098 0.683926 0.697888 0.714189 0.733078 0.754861 0.779915 0.808704 0.807462 0.790675 0.776405 0.764450 0.754647 0.746870 0.741018 0.737019 0.734823 0.734405 0.735758 0.738900 0.743868 0.750725 0.759556 0.770475 0.783629 0.799198 0.817407 0.838533 0.862914 0.890965 1315.500000 1.218261 0.820427
0.941107 0.870932 0.812317 0.762816 0.720638 0.684442 0.653207 0.626141 0.602623 0.582159 0.564354 0.548889 0.535505 0.523990 0.514173 0.505913 0.499097 0.493637 0.489460 0.486517 0.484769 0.484196 0.484791 0.486560 0.489527 0.493727 0.499212 0.506054 0.514341 0.515152 0.509174 0.504535 0.501177 0.499057 0.498151 0.498446 0.499946 0.502670 0.506652 0.511940 0.518602 0.526726 0.530305 0.532628 0.536269 0.541273 0.547703 0.555643 0.565197 0.576500 0.589713 0.605037 0.622720 0.643063 0.666441 0.693315 0.724265 0.760025 0.801531 0.849997 0.907028 0.974780 1.000000 0.920816 0.855160 0.800044 0.753306 0.713352 0.678976 0.649253 0.623462 0.601034 0.581516 0.564543 0.549820 0.537107 0.526207 0.516961 0.509240 0.502940 0.497980 0.494295 0.491841 0.486267 0.479690 0.474416 0.470378 0.467524 0.465820 0.465246 0.465793 0.467470 0.470296 0.474305 0.479549 0.486094 0.494027 0.503456 0.514516 0.527371 0.542225 0.559327 0.578983 0.596389 0.589564 0.584285 0.580486 0.578120 0.577158 0.577588 0.579416 0.582663 0.587371 0.593596 0.601419 0.610943 0.622296 0.635640 0.651171 0.669133 0.689823 0.713607 0.740939 0.772382 0.808647 0.850636 0.899509 0.956786 916.000000 1.543912 0.699473
0.998780 0.917175 0.849791 0.793411 0.745731 0.705059 0.670126 0.639959 0.613807 0.591076 0.571295 0.554088 0.539147 0.526226 0.515121 0.505668 0.497734 0.491210 0.486010 0.482068 0.479335 0.477778 0.477377 0.478127 0.480038 0.483134 0.487451 0.493044 0.499986 0.508369 0.518307 0.529943 0.543454 0.559053 0.577005 0.597637 0.621350 0.648651 0.680175 0.716734 0.759380 0.809495 0.868934 0.940237 1.000000 0.922356 0.857818 0.803530 0.757421 0.717952 0.683959 0.654545 0.629009 0.606798 0.587469 0.570666 0.556099 0.543535 0.532781 0.523682 0.516110 0.509965 0.505168 0.501657 0.499390 0.498338 0.498489 0.499844 0.502421 0.506250 0.511380 0.517874 0.525819 0.535322 0.546515 0.559562 0.574667 0.592075 0.612091 0.635092 0.661545 0.692037 0.727312 0.768327 0.816329 0.872972 0.940495 0.898450 0.839023 0.788751 0.745859 0.709011 0.677187 0.649595 0.625611 0.604741 0.586585 0.570823 0.557193 0.545482 0.535517 0.527156 0.520287 0.514819 0.510682 0.507825 0.506212 0.505824 0.506656 0.508719 0.512037 0.516652 0.522620 0.530021 0.538951 0.549533 0.561920 0.576299 0.592899 0.612002 0.633954 0.659188 0.688240 0.721790 0.760705 0.806108 0.859477 0.922794 2423.500000 1.072823 0.603476
1.000000 0.946630 0.863683 0.795865 0.739573 0.692276 0.652141 0.617812 0.588263 0.562705 0.540523 0.521232 0.504443 0.489846 0.477187 0.466261 0.456900 0.448968 0.442354 0.436969 0.432744 0.429625 0.427573 0.426564 0.426584 0.427635 0.429729 0.432891 0.437162 0.442594 0.449259 0.457246 0.466667 0.477659 0.490391 0.505071 0.521953 0.541351 0.563658 0.589363 0.619087 0.653627 0.694019 0.741637 0.756288 0.718123 0.685196 0.656668 0.631883 0.610317 0.591553 0.575253 0.561142 0.548998 0.538639 0.529916 0.522711 0.516928 0.512492 0.509348 0.507458 0.506798 0.507361 0.509152 0.512195 0.516526 0.522200 0.529289 0.537887 0.548111 0.560107 0.574053 0.590170 0.608727 0.630056 0.654567 0.682775 0.715324 0.753037 0.796975 0.848528 0.886608 0.804558 0.738036 0.683194 0.637368 0.598655 0.565660 0.537339 0.512895 0.491711 0.473303 0.457286 0.443350 0.431246 0.420773 0.411765 0.404087 0.397631 0.392308 0.388048 0.384797 0.382514 0.381171 0.380751 0.381249 0.382672 0.385036 0.388372 0.392720 0.398136 0.404693 0.412479 0.421607 0.432212 0.444463 0.458566 0.474774 0.493403 0.514844 0.539592 0.568277 0.601715 0.640974 0.687486 0.743206 0.810881 0.894487 982.500000 1.392805 0.580520
