0.801114 0.855977 0.921289 1.000000 0.976594 0.912426 0.858111 0.811744 0.771896 0.737470 0.707615 0.681663 0.659078 0.639432 0.622380 0.607640 0.594982 0.584219 0.575200 0.567802 0.561928 0.557505 0.554475 0.552803 0.552468 0.553466 0.555808 0.559525 0.564661 0.565278 0.556151 0.548615 0.542571 0.537940 0.534664 0.532704 0.532035 0.532649 0.534554 0.537773 0.542345 0.548328 0.555798 0.564855 0.575621 0.588250 0.602931 0.619895 0.639426 0.661874 0.687673 0.705626 0.689800 0.676261 0.664815 0.655302 0.647595 0.641595 0.637227 0.634435 0.633187 0.633467 0.635278 0.638642 0.643601 0.650216 0.658572 0.668777 0.680970 0.695322 0.712044 0.731396 0.753696 0.779335 0.808796 0.842682 0.881749 0.863084 0.815286 0.774272 0.738882 0.708217 0.681573 0.658389 0.638217 0.620696 0.605531 0.592482 0.581355 0.571991 0.564262 0.558065 0.553321 0.549971 0.547973 0.547304 0.547955 0.549933 0.553264 0.557988 0.551673 0.539013 0.528165 0.518971 0.511302 0.505055 0.500150 0.496524 0.494131 0.492944 0.492946 0.494140 0.496538 0.500170 0.505082 0.511335 0.519011 0.528213 0.539069 0.551738 0.566414 0.583335 0.602796 0.625159 0.650872 0.680502 0.714761 0.754568 12427.000000 1.424183 0.746578
0.958765 0.929480 0.904044 0.882031 0.863095 0.846952 0.833373 0.822172 0.813201 0.806345 0.801518 0.798662 0.797741 0.798744 0.779599 0.756063 0.735627 0.717951 0.702757 0.689821 0.678958 0.670021 0.662893 0.657482 0.653721 0.651563 0.650983 0.651973 0.653715 0.656520 0.660947 0.667053 0.674913 0.684630 0.696333 0.710184 0.726382 0.745174 0.766860 0.791810 0.820483 0.853442 0.891399 0.880942 0.865758 0.853110 0.842827 0.834776 0.828855 0.824991 0.823137 0.823270 0.825392 0.829528 0.835729 0.844073 0.854665 0.867642 0.883180 0.901497 0.922859 0.947597 0.976114 0.964584 0.932227 0.904078 0.879636 0.858495 0.840323 0.824850 0.811857 0.801168 0.792641 0.786167 0.781667 0.779083 0.778386 0.779566 0.782639 0.787640 0.794633 0.803704 0.814971 0.826414 0.804189 0.784969 0.768454 0.754400 0.742608 0.732917 0.725200 0.719359 0.715321 0.713036 0.712477 0.713636 0.707440 0.698006 0.690462 0.684711 0.680681 0.678323 0.677608 0.678527 0.681093 0.685334 0.691305 0.699080 0.708758 0.720468 0.734371 0.750664 0.769593 0.791458 0.816626 0.845551 0.878796 0.917061 0.941023 0.940089 0.941423 0.945040 0.950985 0.959331 0.970182 0.983679 1.000000 0.992424 7072.000000 1.197991 0.883454
1.000000 0.963240 0.923291 0.888579 0.858376 0.832097 0.809271 0.789515 0.772518 0.758025 0.745829 0.735763 0.727696 0.721523 0.717167 0.713330 0.694970 0.679127 0.665557 0.654064 0.644487 0.636699 0.630597 0.626105 0.623168 0.621749 0.621831 0.623415 0.626520 0.631184 0.637466 0.645445 0.655224 0.666936 0.680744 0.694429 0.687246 0.681835 0.678130 0.676085 0.675675 0.676896 0.679761 0.684306 0.690588 0.698684 0.708700 0.720769 0.735058 0.751773 0.771166 0.793549 0.819303 0.848898 0.882918 0.922093 0.959763 0.945733 0.934327 0.925395 0.918824 0.914534 0.912472 0.912613 0.914958 0.919536 0.926404 0.935646 0.947379 0.961757 0.978972 0.951549 0.888988 0.836035 0.790834 0.751989 0.718431 0.689330 0.664032 0.642017 0.622867 0.606245 0.591876 0.579536 0.569043 0.560248 0.553034 0.547304 0.542987 0.540029 0.538392 0.538057 0.539021 0.541295 0.544906 0.549899 0.556337 0.564303 0.573904 0.587299 0.603019 0.621141 0.641980 0.665926 0.693463 0.725199 0.761901 0.804559 0.854456 0.899243 0.883917 0.871168 0.860826 0.852757 0.846859 0.843059 0.841310 0.841593 0.843909 0.848287 0.854781 0.863471 0.874468 0.887916 0.903995 0.922932 0.945005 0.970554 660.000000 1.372867 0.823639
0.923459 0.898605 0.877111 0.858641 0.842922 0.829732 0.818890 0.810255 0.803715 0.799191 0.796625 0.795988 0.797270 0.800489 0.805682 0.812914 0.822276 0.833889 0.847906 0.864521 0.861260 0.851627 0.844218 0.838940 0.835729 0.834545 0.835375 0.838227 0.843137 0.850165 0.859399 0.870957 0.884991 0.901692 0.921299 0.944102 0.970459 0.986578 0.959514 0.936091 0.915938 0.898754 0.884293 0.872360 0.862794 0.855475 0.850311 0.847237 0.846216 0.847237 0.850311 0.855475 0.854775 0.837245 0.822361 0.809914 0.799736 0.791695 0.785687 0.781639 0.779500 0.779245 0.780871 0.784398 0.789868 0.797349 0.806935 0.818752 0.832956 0.849745 0.869362 0.886429 0.868967 0.854198 0.841917 0.831960 0.824198 0.818533 0.814895 0.813240 0.813548 0.815822 0.820090 0.826404 0.834843 0.845514 0.858557 0.874147 0.892503 0.913896 0.938657 0.967192 1.000000 0.981285 0.953133 0.928727 0.907671 0.889645 0.874386 0.861682 0.851364 0.843298 0.837381 0.833541 0.831731 0.831928 0.834136 0.838380 0.844713 0.853214 0.839546 0.828170 0.819045 0.812054 0.807110 0.804150 0.803140 0.804068 0.806943 0.811802 0.818705 0.827736 0.839013 0.852684 0.868936 0.888001 0.910163 0.935771 1207.500000 1.106138 0.912132
0.675959 0.674071 0.673812 0.675179 0.678189 0.682879 0.689306 0.697551 0.707722 0.719954 0.734416 0.751319 0.770919 0.793531 0.819545 0.849437 0.883803 0.923384 0.962848 0.932886 0.906851 0.884302 0.864881 0.848294 0.834304 0.822717 0.813380 0.806173 0.801006 0.797814 0.796559 0.797225 0.799821 0.804378 0.810952 0.819625 0.800837 0.775561 0.753591 0.734553 0.718141 0.704105 0.692243 0.682390 0.674417 0.668218 0.663717 0.660857 0.659605 0.659944 0.661878 0.665432 0.670648 0.677592 0.686353 0.697044 0.709810 0.724831 0.742329 0.753643 0.759040 0.766373 0.775737 0.787253 0.801074 0.817394 0.836450 0.858533 0.884001 0.913293 0.946953 0.985655 1.000000 0.950950 0.908573 0.871822 0.839874 0.812072 0.787888 0.766897 0.748753 0.733173 0.719927 0.708829 0.699728 0.692504 0.687067 0.683347 0.681300 0.680901 0.678958 0.676136 0.674957 0.675406 0.677489 0.681230 0.686677 0.693897 0.702982 0.714051 0.727254 0.742777 0.760851 0.781757 0.805840 0.833525 0.865340 0.901939 0.944146 0.993006 0.954521 0.912623 0.876271 0.844661 0.817153 0.793230 0.772476 0.754552 0.739181 0.726138 0.715241 0.706343 0.699327 0.694105 0.690612 0.688805 0.684735 0.679499 6547.000000 1.079401 0.818883
0.707810 0.725639 0.746234 0.769940 0.797186 0.827269 0.818237 0.811334 0.806472 0.803593 0.802662 0.803666 0.806618 0.811554 0.818536 0.827649 0.839012 0.852775 0.869125 0.888296 0.910574 0.936313 0.965944 1.000000 0.940763 0.883330 0.834400 0.792415 0.756188 0.724798 0.697523 0.673791 0.653143 0.635207 0.619683 0.606326 0.594935 0.585348 0.577435 0.571090 0.566232 0.562801 0.560753 0.560065 0.560728 0.562750 0.566155 0.570986 0.577302 0.585185 0.594740 0.606095 0.619415 0.634896 0.652784 0.673379 0.697049 0.724253 0.755560 0.791689 0.833557 0.882344 0.939601 0.985483 0.949756 0.918665 0.891625 0.868163 0.847894 0.830505 0.815741 0.803394 0.793298 0.785321 0.779362 0.775346 0.773225 0.772972 0.774585 0.778083 0.783509 0.790930 0.785765 0.767625 0.752075 0.738887 0.727877 0.718896 0.711829 0.706584 0.703098 0.701328 0.701251 0.702868 0.706197 0.711279 0.718178 0.726981 0.737802 0.750785 0.766113 0.784007 0.804742 0.828655 0.856158 0.824928 0.794079 0.767236 0.743882 0.723600 0.706050 0.690956 0.678093 0.667279 0.658365 0.651235 0.645796 0.641982 0.639744 0.639056 0.639909 0.642315 0.646301 0.651917 0.659234 0.668345 0.679372 0.692464 787.000000 1.218125 0.804283
0.823233 0.853037 0.887298 0.889204 0.865991 0.845945 0.828757 0.814176 0.801998 0.792059 0.784230 0.778411 0.774529 0.772538 0.772414 0.774153 0.777779 0.783335 0.790890 0.800540 0.812409 0.826657 0.843481 0.863128 0.870888 0.841315 0.815584 0.793235 0.773892 0.757251 0.743064 0.731127 0.721277 0.713386 0.707350 0.703096 0.700570 0.699742 0.700601 0.703159 0.707446 0.713516 0.721443 0.731330 0.743307 0.757539 0.774228 0.793623 0.816032 0.841830 0.846016 0.816616 0.791032 0.768798 0.749537 0.732939 0.718755 0.706779 0.696848 0.688828 0.682616 0.678135 0.675328 0.674162 0.674622 0.676714 0.680464 0.685917 0.693141 0.702229 0.713300 0.726504 0.742027 0.760099 0.781002 0.805081 0.832762 0.864572 0.901165 0.943366 0.992222 1.000000 0.954457 0.914991 0.880696 0.850854 0.824891 0.802341 0.782827 0.766041 0.751733 0.739699 0.729774 0.721828 0.715760 0.711492 0.708972 0.708170 0.709077 0.711702 0.716079 0.722260 0.730324 0.740374 0.752542 0.766996 0.763867 0.745823 0.730331 0.717162 0.706130 0.697086 0.689912 0.684517 0.680833 0.678815 0.678438 0.679698 0.682611 0.687211 0.693556 0.701725 0.711825 0.723989 0.738385 0.755222 0.774755 0.797297 737.500000 1.161099 0.842540
0.929471 0.922603 0.903182 0.886654 0.872784 0.861386 0.852307 0.845434 0.840680 0.837986 0.837321 0.838675 0.842066 0.847534 0.855147 0.865001 0.877223 0.891974 0.909459 0.929928 0.953690 0.981124 0.991234 0.959129 0.931211 0.906996 0.886089 0.868168 0.852972 0.840289 0.829947 0.821812 0.815782 0.811781 0.809760 0.809695 0.811585 0.815453 0.821346 0.829337 0.839528 0.852051 0.867073 0.884804 0.900944 0.879407 0.860901 0.845152 0.831937 0.821076 0.812428 0.805881 0.801353 0.798790 0.798160 0.799455 0.802692 0.807909 0.815171 0.824569 0.836224 0.850292 0.866965 0.886484 0.909142 0.935301 0.965405 1.000000 0.978113 0.957357 0.939681 0.924833 0.912612 0.902856 0.895441 0.890273 0.887291 0.886457 0.887761 0.891219 0.896873 0.904793 0.915078 0.927861 0.919900 0.894044 0.871645 0.852343 0.835848 0.821922 0.810372 0.801046 0.793822 0.788610 0.785346 0.783990 0.784526 0.786959 0.791319 0.797661 0.806062 0.816631 0.829505 0.844860 0.862912 0.883928 0.908236 0.936238 0.956930 0.931985 0.910444 0.891977 0.876314 0.863235 0.852564 0.844162 0.837924 0.833771 0.831652 0.831543 0.833441 0.837370 0.843377 0.851537 0.861954 0.874762 0.890133 0.908282 1401.000000 1.097864 0.899084
0.792708 0.752750 0.718274 0.688404 0.662450 0.639869 0.620221 0.603153 0.588379 0.575666 0.564821 0.555692 0.548153 0.542104 0.537468 0.534187 0.532220 0.531543 0.532148 0.534042 0.537249 0.541808 0.547776 0.555229 0.564266 0.575010 0.587615 0.602267 0.619199 0.638694 0.661101 0.686852 0.685539 0.685730 0.687578 0.691106 0.696356 0.703394 0.712310 0.723219 0.736268 0.751641 0.769564 0.790312 0.814226 0.841723 0.873320 0.909659 0.951545 1.000000 0.992401 0.922392 0.863554 0.813614 0.770891 0.734110 0.702295 0.674680 0.650663 0.629763 0.611590 0.595832 0.582234 0.570586 0.560719 0.552496 0.545807 0.540564 0.536702 0.534172 0.532944 0.533003 0.534349 0.536999 0.540985 0.540148 0.535866 0.532925 0.531288 0.530937 0.531867 0.534089 0.537631 0.542535 0.548864 0.556699 0.566145 0.577332 0.590421 0.605611 0.623143 0.643316 0.666499 0.693147 0.723832 0.759273 0.800390 0.848377 0.904803 0.937220 0.896385 0.860947 0.830129 0.803309 0.779988 0.759761 0.742301 0.727337 0.714653 0.704070 0.695447 0.688672 0.683659 0.680345 0.678691 0.678675 0.680299 0.683581 0.688561 0.695302 0.703889 0.714434 0.727077 0.741995 0.759406 0.779578 0.802837 0.829586 6176.500000 1.393568 0.753694
0.817771 0.783475 0.753683 0.727762 0.705207 0.685611 0.668641 0.654029 0.641554 0.631038 0.622336 0.615333 0.609939 0.606086 0.603727 0.602833 0.603393 0.605414 0.608920 0.613955 0.620581 0.628883 0.638971 0.650982 0.665085 0.681492 0.700458 0.722301 0.747408 0.776260 0.778963 0.745623 0.716676 0.691495 0.669583 0.650536 0.634027 0.619792 0.607614 0.597316 0.588756 0.581820 0.576418 0.572482 0.569963 0.568831 0.569071 0.570686 0.573697 0.578141 0.584071 0.591564 0.600719 0.611657 0.624534 0.639539 0.656903 0.676913 0.699920 0.726357 0.756765 0.791820 0.832383 0.879561 0.934794 1.000000 0.981585 0.916897 0.862156 0.815437 0.775293 0.740616 0.710547 0.684409 0.661663 0.641877 0.624701 0.609852 0.597097 0.586248 0.577152 0.569685 0.563750 0.559270 0.556191 0.554473 0.554097 0.555058 0.557368 0.561053 0.566161 0.572756 0.580921 0.590767 0.602428 0.616074 0.631909 0.650187 0.671220 0.695390 0.712375 0.696505 0.682937 0.671473 0.661957 0.654261 0.648285 0.643955 0.641217 0.640037 0.640402 0.642316 0.645801 0.650901 0.657679 0.666222 0.676641 0.689078 0.703707 0.720745 0.740457 0.763167 0.789276 0.819279 0.853791 0.893585 0.903279 0.857367 1039.500000 1.301699 0.748384
0.879712 0.937581 1.000000 0.937354 0.884098 0.838480 0.799169 0.765140 0.735591 0.709885 0.687516 0.668073 0.651226 0.636704 0.624286 0.613794 0.605083 0.598036 0.592562 0.588592 0.586078 0.584989 0.585311 0.587048 0.590222 0.594871 0.601054 0.608849 0.618358 0.629709 0.643063 0.658617 0.676613 0.697347 0.721183 0.748575 0.780083 0.800263 0.766602 0.737362 0.711923 0.689787 0.670553 0.653895 0.639548 0.627296 0.616962 0.608406 0.601513 0.596195 0.592384 0.590034 0.589117 0.589620 0.591551 0.594932 0.599806 0.606233 0.614294 0.624097 0.635774 0.649491 0.665452 0.683905 0.705159 0.729590 0.757665 0.789967 0.827228 0.870378 0.912703 0.871881 0.836482 0.805712 0.778934 0.755641 0.735421 0.717940 0.702924 0.690152 0.679444 0.670654 0.663667 0.658393 0.654768 0.652746 0.652304 0.653435 0.656154 0.660493 0.666506 0.674269 0.683882 0.695473 0.709201 0.725264 0.713280 0.686784 0.663728 0.643669 0.626252 0.611186 0.598236 0.587208 0.577946 0.570325 0.564244 0.559625 0.556410 0.554561 0.554054 0.554884 0.557060 0.560609 0.565575 0.572021 0.580028 0.589703 0.601179 0.614622 0.630232 0.648257 0.669004 0.692847 0.720251 0.751798 0.788221 0.830456 1909.000000 1.261221 0.755314
0.699806 0.676792 0.656776 0.639405 0.624396 0.611514 0.600570 0.591411 0.583913 0.577978 0.573529 0.570513 0.568891 0.568645 0.569771 0.572283 0.576211 0.581605 0.588531 0.597081 0.607367 0.619532 0.633753 0.650245 0.669274 0.691166 0.716322 0.745241 0.778549 0.817033 0.861704 0.913871 0.885002 0.842950 0.806568 0.774986 0.747518 0.723613 0.702831 0.684813 0.669268 0.655957 0.644689 0.635306 0.627683 0.621721 0.617344 0.614498 0.613149 0.613279 0.614892 0.618006 0.622659 0.628909 0.636836 0.646542 0.658160 0.671850 0.687815 0.706299 0.727606 0.752106 0.780259 0.812636 0.849952 0.893115 0.865326 0.831350 0.801800 0.776084 0.753726 0.734339 0.717610 0.703283 0.691149 0.681040 0.672819 0.666381 0.661644 0.658549 0.657058 0.657154 0.658837 0.662128 0.667067 0.673716 0.682158 0.692504 0.704893 0.719499 0.736534 0.713817 0.693685 0.676242 0.661208 0.648356 0.637501 0.628493 0.621211 0.615562 0.611475 0.608898 0.607802 0.608172 0.610013 0.613347 0.618215 0.624678 0.632818 0.642743 0.654585 0.668513 0.684731 0.703494 0.725109 0.749959 0.778515 0.811363 0.849241 0.893086 0.944103 1.000000 0.934765 0.879508 0.832313 0.791736 0.756669 0.726252 16529.500000 1.111601 0.752312
0.840639 0.817318 0.797125 0.779738 0.764897 0.752390 0.742043 0.733721 0.727317 0.722749 0.719962 0.718921 0.719615 0.722051 0.726259 0.732292 0.740223 0.717130 0.694065 0.674010 0.656618 0.641609 0.628751 0.617858 0.608777 0.601387 0.595593 0.591319 0.588514 0.587144 0.587191 0.588657 0.591558 0.595931 0.601830 0.609329 0.618526 0.629546 0.642541 0.657701 0.675260 0.682619 0.691266 0.701847 0.714506 0.729418 0.746804 0.766932 0.790131 0.816806 0.847459 0.882711 0.923344 0.970349 1.000000 0.961550 0.928100 0.898991 0.873695 0.851778 0.832892 0.816750 0.803120 0.791813 0.782680 0.775602 0.770491 0.767283 0.765939 0.766443 0.768801 0.768210 0.740548 0.716475 0.695541 0.677382 0.661699 0.648253 0.636846 0.627319 0.619543 0.613417 0.608864 0.605826 0.604268 0.604168 0.605528 0.608362 0.612706 0.618614 0.626160 0.635442 0.646584 0.659742 0.675107 0.685532 0.683412 0.682946 0.684128 0.686971 0.691511 0.697803 0.705928 0.715989 0.728120 0.742489 0.759303 0.778816 0.801339 0.804286 0.795485 0.788755 0.784011 0.781194 0.780270 0.781228 0.784080 0.788860 0.795627 0.804466 0.815491 0.828846 0.844715 0.863324 0.884951 0.909937 0.898329 0.867481 4451.000000 1.342230 0.866395
0.953887 0.900731 0.855137 0.815808 0.781737 0.752138 0.726384 0.703976 0.684508 0.667653 0.653144 0.640763 0.630333 0.621711 0.614783 0.609459 0.605673 0.603379 0.602548 0.603171 0.605254 0.608824 0.613924 0.620618 0.628991 0.639154 0.651246 0.665438 0.681942 0.684607 0.681726 0.680501 0.680918 0.682982 0.686717 0.692171 0.699410 0.708528 0.719642 0.732905 0.748503 0.766666 0.787678 0.811885 0.839713 0.871692 0.908478 0.950898 1.000000 0.959412 0.919621 0.885048 0.854965 0.828790 0.806055 0.786378 0.769448 0.755012 0.742865 0.732839 0.724804 0.718655 0.714317 0.711734 0.710877 0.711734 0.714317 0.718655 0.724804 0.732839 0.742865 0.755012 0.769448 0.786378 0.766501 0.741620 0.719983 0.701214 0.685008 0.671113 0.659328 0.649488 0.641459 0.635138 0.630444 0.627320 0.625726 0.625643 0.627071 0.630027 0.634547 0.640687 0.648524 0.658161 0.669726 0.683380 0.699323 0.717798 0.739105 0.763611 0.791770 0.824148 0.861450 0.871023 0.846935 0.826081 0.808129 0.792810 0.779905 0.769237 0.760665 0.754078 0.749394 0.746555 0.745527 0.746298 0.748875 0.753292 0.759602 0.767884 0.778244 0.790819 0.805780 0.823340 0.843760 0.867361 0.894538 0.925775 1809.500000 1.258136 0.820712
0.525331 0.514304 0.504921 0.497050 0.490585 0.485440 0.481550 0.478866 0.477356 0.477001 0.477796 0.479752 0.482892 0.487255 0.492895 0.494509 0.494229 0.495140 0.497256 0.500601 0.505216 0.511160 0.518510 0.527363 0.537842 0.550098 0.564317 0.580727 0.599607 0.621303 0.646243 0.674964 0.708141 0.746641 0.791584 0.844448 0.907221 0.947311 0.902898 0.864452 0.831067 0.802025 0.776753 0.754787 0.735753 0.719346 0.705316 0.693462 0.683620 0.675658 0.669474 0.664989 0.662149 0.660918 0.661282 0.663245 0.664337 0.645886 0.629910 0.616153 0.604409 0.594510 0.586319 0.579729 0.574655 0.571032 0.568816 0.567981 0.568515 0.570426 0.573737 0.578488 0.584739 0.592570 0.602083 0.613409 0.626708 0.616851 0.602048 0.589326 0.578496 0.569403 0.561924 0.555961 0.551438 0.548298 0.546503 0.546031 0.546876 0.549048 0.552574 0.557498 0.563880 0.569762 0.574326 0.580372 0.587979 0.597246 0.608298 0.621293 0.636421 0.653919 0.674076 0.697249 0.723877 0.754510 0.789837 0.830735 0.878330 0.934098 1.000000 0.971020 0.907159 0.853108 0.806970 0.767320 0.733068 0.703365 0.677544 0.655073 0.635528 0.618562 0.603895 0.591299 0.580588 0.570111 0.553012 0.538167 5236.000000 1.414902 0.747641
0.851023 0.797917 0.752757 0.714062 0.680712 0.651837 0.626761 0.604947 0.585964 0.569466 0.555173 0.542855 0.532326 0.523436 0.516060 0.510101 0.505482 0.502144 0.500047 0.499166 0.499488 0.501019 0.503776 0.507794 0.513123 0.519830 0.528004 0.537755 0.549221 0.562148 0.566772 0.572865 0.580504 0.589789 0.600847 0.613834 0.628944 0.646414 0.666533 0.689659 0.716236 0.746814 0.782088 0.822940 0.870508 0.926280 0.992242 1.000000 0.953362 0.912983 0.877913 0.847405 0.820856 0.797784 0.777796 0.760573 0.745854 0.733427 0.723121 0.714799 0.708353 0.703702 0.700790 0.689680 0.672924 0.658512 0.646228 0.635898 0.627381 0.620564 0.615361 0.611705 0.609552 0.608876 0.609668 0.611939 0.615716 0.621044 0.627993 0.631167 0.616330 0.603595 0.592774 0.583716 0.576298 0.570424 0.566018 0.563025 0.561409 0.561150 0.562246 0.564709 0.568569 0.573875 0.580692 0.589110 0.599240 0.611223 0.625232 0.641480 0.660228 0.681796 0.706581 0.735074 0.767889 0.805803 0.849808 0.849325 0.830551 0.814509 0.800967 0.789740 0.780679 0.773665 0.768611 0.765455 0.764159 0.764706 0.767103 0.771379 0.777587 0.785804 0.796135 0.808715 0.823716 0.841349 0.861875 0.885615 1900.500000 1.459128 0.788702
0.787315 0.803058 0.821464 0.842812 0.841789 0.826816 0.814294 0.804054 0.795962 0.789915 0.785838 0.783681 0.783418 0.785046 0.788584 0.794076 0.801590 0.811221 0.823092 0.837364 0.854233 0.853501 0.832117 0.813691 0.797944 0.784649 0.773624 0.764720 0.757824 0.752849 0.749733 0.748438 0.748949 0.751272 0.755434 0.761488 0.769509 0.779598 0.791889 0.806547 0.823780 0.843843 0.867049 0.893781 0.924512 0.959827 1.000000 0.959288 0.923899 0.893104 0.866316 0.843059 0.822949 0.805672 0.790972 0.778640 0.768511 0.760450 0.754354 0.750149 0.747782 0.747223 0.748468 0.751530 0.756448 0.758972 0.751955 0.746849 0.743592 0.742143 0.742485 0.744621 0.748579 0.754406 0.762176 0.771985 0.783965 0.798275 0.815117 0.834740 0.857447 0.883613 0.864131 0.843090 0.824990 0.809560 0.796580 0.785874 0.777299 0.770746 0.766132 0.763402 0.762522 0.763481 0.766290 0.770985 0.777622 0.786286 0.797086 0.810166 0.825705 0.843925 0.865098 0.889559 0.917719 0.950083 0.981545 0.942044 0.907702 0.877815 0.851821 0.829262 0.809768 0.793036 0.778819 0.766918 0.757173 0.749454 0.743665 0.739733 0.737610 0.737270 0.738710 0.741945 0.747017 0.753988 0.762945 0.774005 1148.000000 1.025203 0.872997
1.000000 0.970855 0.945573 0.923744 0.905032 0.889162 0.875912 0.865105 0.856600 0.850290 0.846095 0.843964 0.843872 0.845817 0.849823 0.855940 0.864242 0.866452 0.842335 0.821449 0.803463 0.788105 0.775156 0.764438 0.755807 0.749155 0.744395 0.741471 0.740347 0.741008 0.743463 0.747742 0.753897 0.762005 0.772170 0.784526 0.799240 0.816521 0.836626 0.859869 0.886639 0.917410 0.945781 0.917094 0.892183 0.870631 0.852100 0.836314 0.823049 0.812124 0.803396 0.796752 0.792110 0.789412 0.788626 0.789743 0.792775 0.797760 0.804758 0.813859 0.825179 0.838867 0.855112 0.874146 0.896255 0.921789 0.951180 0.984958 0.966284 0.934931 0.907667 0.884017 0.863596 0.846089 0.831241 0.818844 0.808730 0.800770 0.794860 0.790928 0.788927 0.788831 0.790639 0.794374 0.800081 0.807831 0.817722 0.829882 0.844474 0.861702 0.881816 0.899719 0.877370 0.858121 0.841683 0.827819 0.816339 0.807092 0.799957 0.794845 0.791693 0.790463 0.791140 0.793731 0.798270 0.804810 0.813434 0.805978 0.794619 0.785441 0.778326 0.773186 0.769955 0.768595 0.769090 0.771444 0.775688 0.781873 0.790076 0.800401 0.812984 0.827996 0.845648 0.866202 0.889977 0.917366 0.948853 0.985036 5510.000000 1.071059 0.883124
0.963207 0.912464 0.868788 0.831013 0.798229 0.769717 0.744905 0.723331 0.704620 0.688470 0.674633 0.662906 0.653127 0.645164 0.638913 0.634295 0.631254 0.629752 0.629770 0.631309 0.634388 0.639044 0.645335 0.653341 0.663165 0.674940 0.688831 0.674872 0.656489 0.640584 0.626905 0.615250 0.605452 0.597378 0.590922 0.586000 0.582551 0.580533 0.579921 0.580708 0.582903 0.586533 0.591643 0.598297 0.606580 0.616602 0.628500 0.642445 0.658645 0.677358 0.698897 0.723653 0.752104 0.784853 0.822656 0.866477 0.917564 0.973389 0.931606 0.895330 0.863777 0.836318 0.812448 0.791757 0.773912 0.758642 0.745723 0.734979 0.726264 0.719467 0.714501 0.711305 0.709840 0.710088 0.712052 0.715756 0.721246 0.728589 0.737879 0.749238 0.743053 0.717513 0.695289 0.675980 0.659260 0.644863 0.632572 0.622213 0.613641 0.606745 0.601434 0.597643 0.595325 0.594451 0.595011 0.597012 0.600478 0.605451 0.611994 0.620191 0.630148 0.642003 0.655922 0.672114 0.666466 0.658717 0.652701 0.648342 0.645585 0.644397 0.644764 0.646691 0.650200 0.655335 0.662159 0.670760 0.681250 0.693771 0.708501 0.725655 0.745501 0.768366 0.794653 0.824860 0.859606 0.899672 0.946046 1.000000 1131.500000 1.365099 0.802814
0.777858 0.776676 0.777368 0.779942 0.784429 0.790884 0.799388 0.810049 0.823008 0.838442 0.856568 0.877656 0.902037 0.894656 0.877894 0.863791 0.852155 0.842831 0.835700 0.830674 0.827690 0.826711 0.827727 0.830749 0.835814 0.842985 0.852350 0.864031 0.878182 0.894996 0.914713 0.937628 0.925755 0.907370 0.891807 0.878850 0.868327 0.860100 0.854065 0.850149 0.848302 0.848504 0.850755 0.855084 0.861543 0.870213 0.881204 0.894659 0.910759 0.929730 0.935093 0.899938 0.869349 0.842734 0.819616 0.799608 0.782393 0.767714 0.755363 0.745169 0.736998 0.730746 0.726334 0.723709 0.722837 0.723709 0.726334 0.730746 0.736998 0.745169 0.755363 0.767714 0.782393 0.799608 0.819616 0.820139 0.821969 0.825801 0.831682 0.839684 0.849909 0.862490 0.877595 0.895434 0.892733 0.891677 0.892773 0.896032 0.901495 0.909229 0.919331 0.931930 0.947193 0.965328 0.986594 1.000000 0.964448 0.933509 0.906609 0.883285 0.863158 0.845920 0.831321 0.819157 0.809265 0.801517 0.795816 0.792089 0.787343 0.783271 0.781112 0.780841 0.782455 0.785973 0.791438 0.798917 0.808506 0.820328 0.834540 0.851342 0.861778 0.842907 0.826793 0.813206 0.801959 0.792903 0.785922 0.780927 983.500000 1.167207 0.909896
1.000000 0.914782 0.844823 0.786565 0.737485 0.695749 0.659988 0.629165 0.602479 0.579304 0.559142 0.541598 0.526351 0.513141 0.501757 0.492027 0.483810 0.476993 0.471486 0.467218 0.464134 0.462197 0.461382 0.461681 0.463097 0.465647 0.469361 0.474288 0.480488 0.488045 0.497059 0.507658 0.520000 0.534276 0.550722 0.569628 0.591354 0.616346 0.645167 0.678531 0.717356 0.762843 0.816589 0.880766 0.958396 0.895050 0.835121 0.784485 0.741322 0.704269 0.672286 0.644568 0.620480 0.599520 0.581284 0.565447 0.551744 0.539960 0.529918 0.521476 0.514519 0.508955 0.504714 0.501741 0.500000 0.499470 0.500146 0.502034 0.505158 0.509556 0.515284 0.522415 0.531044 0.541288 0.553294 0.567243 0.583355 0.601901 0.623216 0.647714 0.675911 0.708459 0.746190 0.790176 0.841828 0.903032 0.874739 0.814703 0.764101 0.721053 0.684157 0.652348 0.624804 0.600881 0.580068 0.561957 0.546218 0.532586 0.520841 0.510808 0.502340 0.495323 0.489663 0.485286 0.482138 0.480180 0.479388 0.479753 0.481278 0.483983 0.487901 0.493080 0.499586 0.507506 0.516946 0.528040 0.540953 0.555885 0.573086 0.592858 0.615580 0.641720 0.671869 0.706778 0.747412 0.795035 0.851331 0.918588 7930.000000 1.096078 0.602696
0.732971 0.694843 0.662002 0.633582 0.608909 0.587447 0.568770 0.552535 0.538462 0.526324 0.515937 0.507150 0.499842 0.493914 0.489290 0.485911 0.483736 0.482739 0.482906 0.484241 0.486758 0.490490 0.495483 0.501799 0.509522 0.518756 0.529630 0.542304 0.556974 0.573881 0.593321 0.615659 0.641350 0.670965 0.705230 0.745073 0.791710 0.846752 0.912380 0.976519 0.875692 0.795474 0.730332 0.676558 0.631576 0.593544 0.561107 0.533249 0.509196 0.488345 0.470222 0.454452 0.440733 0.428820 0.418517 0.409660 0.402120 0.395788 0.390578 0.386423 0.383270 0.381077 0.379820 0.379482 0.380059 0.381559 0.383999 0.387410 0.391835 0.397330 0.403969 0.411842 0.421062 0.431769 0.444133 0.458362 0.474715 0.493511 0.515148 0.540131 0.569102 0.602890 0.642591 0.689667 0.746125 0.814789 0.899759 1.000000 0.916786 0.848244 0.791011 0.742690 0.701524 0.666204 0.635727 0.609321 0.586377 0.566413 0.549043 0.533955 0.520895 0.509658 0.500074 0.492007 0.485348 0.480007 0.475916 0.473024 0.471296 0.470711 0.471260 0.472952 0.475806 0.479858 0.485159 0.491775 0.499796 0.509329 0.520512 0.533511 0.548532 0.565825 0.585701 0.608543 0.634831 0.665168 0.700321 0.741283 906.000000 1.398935 0.579182
0.782469 0.759032 0.738685 0.721093 0.705980 0.693124 0.682341 0.673487 0.666444 0.661124 0.657459 0.655404 0.654936 0.656047 0.658752 0.663083 0.669094 0.676861 0.681420 0.670247 0.661001 0.653560 0.647828 0.643732 0.641224 0.640271 0.640862 0.643006 0.646726 0.652071 0.659105 0.667920 0.678630 0.691382 0.706357 0.723777 0.743916 0.767108 0.793767 0.824403 0.859653 0.900318 0.947416 1.000000 0.956400 0.918563 0.885659 0.857023 0.832124 0.810527 0.791883 0.775905 0.762358 0.751055 0.741844 0.734604 0.729243 0.725696 0.723919 0.723890 0.725609 0.725982 0.709202 0.694817 0.682616 0.672428 0.664116 0.657571 0.652712 0.649477 0.647827 0.647741 0.649220 0.652280 0.656960 0.663316 0.671430 0.681407 0.688863 0.687843 0.688482 0.690787 0.694788 0.700533 0.708094 0.717567 0.729077 0.742781 0.758874 0.777594 0.773431 0.764892 0.758345 0.753710 0.750930 0.749970 0.750819 0.753487 0.758007 0.764434 0.772849 0.783359 0.796104 0.811256 0.802565 0.786556 0.772998 0.761704 0.752522 0.745333 0.740046 0.736595 0.734939 0.735057 0.736951 0.740643 0.746179 0.753628 0.763084 0.774670 0.788543 0.804895 0.823968 0.846054 0.871513 0.875992 0.840374 0.809412 2579.500000 1.125826 0.869817
0.596491 0.580208 0.566118 0.553999 0.543671 0.534986 0.527825 0.522095 0.517722 0.514650 0.512844 0.512279 0.512951 0.514866 0.518048 0.522537 0.528387 0.535676 0.544499 0.554976 0.567258 0.581528 0.598013 0.616990 0.638799 0.663865 0.692716 0.726016 0.764615 0.809608 0.862435 0.925021 1.000000 0.964596 0.900748 0.846742 0.800665 0.761083 0.726899 0.697261 0.671499 0.649082 0.629580 0.612649 0.598008 0.585428 0.574722 0.565739 0.558357 0.552479 0.548030 0.544954 0.543214 0.542789 0.543673 0.545877 0.549428 0.554370 0.560764 0.568694 0.578265 0.589608 0.602886 0.618300 0.636095 0.620605 0.603448 0.588594 0.575807 0.564897 0.555706 0.548108 0.542004 0.537314 0.533980 0.531961 0.531232 0.531785 0.533625 0.536776 0.541276 0.547181 0.554568 0.563533 0.574198 0.586716 0.601272 0.618096 0.637468 0.659735 0.685325 0.714771 0.748746 0.788105 0.833953 0.887735 0.951382 0.957764 0.898101 0.847358 0.803875 0.766393 0.733940 0.705755 0.681235 0.659898 0.641355 0.625291 0.611449 0.599620 0.589633 0.581352 0.574665 0.569486 0.565750 0.563412 0.562443 0.562830 0.564579 0.567710 0.572263 0.578294 0.585880 0.595121 0.606141 0.619097 0.634179 0.615239 3548.000000 1.588948 0.708482
0.716617 0.744295 0.776142 0.812883 0.831888 0.806420 0.784298 0.765152 0.748679 0.734633 0.722813 0.713059 0.705240 0.699258 0.695036 0.692523 0.691689 0.692523 0.695036 0.699258 0.705240 0.713059 0.722813 0.701057 0.670379 0.643758 0.620609 0.600463 0.582945 0.567748 0.554626 0.543377 0.533835 0.525867 0.519367 0.514249 0.510448 0.507918 0.506628 0.506561 0.507717 0.510111 0.513770 0.518741 0.525087 0.532889 0.542253 0.553309 0.566217 0.564274 0.558330 0.553831 0.550720 0.548958 0.548525 0.549415 0.551640 0.555225 0.560216 0.566674 0.574684 0.584352 0.595810 0.609224 0.624796 0.642773 0.663462 0.687237 0.714565 0.746028 0.782361 0.824502 0.873665 0.931450 1.000000 0.984069 0.905316 0.840108 0.785427 0.739102 0.699527 0.665498 0.636087 0.610574 0.588391 0.569087 0.552297 0.537729 0.525141 0.514340 0.505167 0.497493 0.491214 0.486249 0.482534 0.480022 0.478684 0.478503 0.479477 0.481618 0.484951 0.489518 0.495376 0.502603 0.511293 0.521567 0.533575 0.547498 0.563562 0.582041 0.596550 0.589845 0.584682 0.580996 0.578742 0.577892 0.578435 0.580380 0.583748 0.588582 0.594943 0.602910 0.612589 0.624113 0.637644 0.653383 0.671578 0.692532 737.000000 1.556484 0.756832
0.732246 0.708083 0.687066 0.668826 0.653062 0.639529 0.628027 0.618396 0.610504 0.604248 0.599549 0.596348 0.594606 0.594302 0.595431 0.598009 0.602065 0.607651 0.614836 0.623714 0.634403 0.647050 0.661839 0.678994 0.698790 0.717656 0.698709 0.682339 0.668292 0.656361 0.646378 0.638209 0.631746 0.626908 0.623635 0.621886 0.621641 0.622895 0.625665 0.629984 0.635906 0.643505 0.652880 0.664156 0.677488 0.693071 0.711142 0.731990 0.755974 0.783534 0.815219 0.851712 0.893879 0.942829 1.000000 0.994352 0.933589 0.881827 0.837414 0.799094 0.765891 0.737043 0.711941 0.690101 0.671130 0.654708 0.640578 0.628527 0.618383 0.610007 0.603290 0.598144 0.594505 0.592328 0.591587 0.592274 0.594395 0.597978 0.603065 0.609722 0.618032 0.628106 0.640082 0.653127 0.643015 0.634717 0.628124 0.623153 0.619741 0.617846 0.617446 0.618536 0.621129 0.625256 0.630968 0.638338 0.647460 0.658456 0.671477 0.686712 0.704390 0.724795 0.748274 0.775255 0.779718 0.767728 0.757899 0.750103 0.744240 0.740238 0.738047 0.737641 0.739014 0.742184 0.747190 0.754092 0.762978 0.773963 0.787192 0.802850 0.821162 0.842405 0.866921 0.895127 0.871389 0.828772 0.791949 0.760011 1231.500000 1.336055 0.804342
0.945070 0.892904 0.848133 0.809494 0.776010 0.746914 0.721597 0.699570 0.680439 0.663882 0.649641 0.637500 0.627289 0.618867 0.612124 0.606972 0.603348 0.601206 0.600522 0.601285 0.603507 0.607213 0.612449 0.619282 0.627798 0.638110 0.650360 0.664722 0.681411 0.700691 0.719713 0.710465 0.703123 0.697595 0.693812 0.691727 0.691315 0.692571 0.695510 0.700168 0.706602 0.714894 0.725151 0.737509 0.752139 0.769252 0.789106 0.812021 0.838387 0.868686 0.903514 0.942663 0.908143 0.878103 0.851973 0.829294 0.809691 0.792859 0.778550 0.766562 0.756734 0.748935 0.743068 0.739058 0.736857 0.736438 0.737796 0.740947 0.745930 0.752806 0.761663 0.753348 0.730169 0.710034 0.692602 0.677600 0.664801 0.654023 0.645118 0.637969 0.632484 0.628593 0.626250 0.625425 0.626108 0.628309 0.632053 0.637386 0.644376 0.653112 0.663709 0.676311 0.691099 0.708292 0.728161 0.751039 0.777334 0.807554 0.842330 0.816601 0.792902 0.772348 0.754604 0.739399 0.726510 0.715758 0.706997 0.700115 0.695024 0.691660 0.689983 0.689972 0.691628 0.694969 0.700038 0.706897 0.715632 0.726358 0.739218 0.754393 0.772102 0.792617 0.816273 0.843479 0.874742 0.910689 0.952109 1.000000 18012.500000 1.244646 0.822000
0.698055 0.709190 0.685205 0.664337 0.646214 0.630531 0.617044 0.605549 0.595884 0.587917 0.581543 0.576680 0.573267 0.571262 0.570641 0.571397 0.573538 0.577091 0.582099 0.588625 0.596753 0.606591 0.618273 0.631966 0.647875 0.666253 0.687408 0.711721 0.739665 0.771827 0.808952 0.851984 0.902148 0.927844 0.882976 0.844188 0.810534 0.781271 0.755804 0.733657 0.714444 0.697849 0.683617 0.671539 0.661447 0.653203 0.646702 0.641859 0.638616 0.636932 0.636787 0.638179 0.641125 0.645661 0.651844 0.659750 0.669483 0.681174 0.694984 0.711114 0.729811 0.751376 0.728351 0.697689 0.671056 0.647885 0.627722 0.610202 0.595028 0.581959 0.570797 0.561381 0.553584 0.547300 0.542450 0.538972 0.536823 0.535978 0.536425 0.538171 0.541236 0.545658 0.551493 0.558815 0.567720 0.578329 0.590792 0.605295 0.622064 0.641378 0.663579 0.689092 0.718446 0.752304 0.791513 0.837161 0.890674 0.953950 1.000000 0.939324 0.887607 0.843212 0.804894 0.771685 0.742826 0.717715 0.695868 0.676894 0.660476 0.646355 0.634323 0.624206 0.615867 0.609197 0.604109 0.600540 0.598446 0.597802 0.598600 0.600850 0.604578 0.609831 0.616675 0.625198 0.635512 0.647759 0.662113 0.678791 6124.000000 1.368123 0.748639
0.837268 0.776796 0.726101 0.683163 0.646491 0.614960 0.587713 0.564079 0.543531 0.525649 0.510096 0.496599 0.484936 0.474926 0.466422 0.459304 0.453476 0.448862 0.445403 0.443056 0.441793 0.441597 0.442468 0.444414 0.447460 0.451644 0.457019 0.463653 0.471635 0.481077 0.492114 0.504914 0.519684 0.536675 0.556200 0.578646 0.604498 0.634367 0.669037 0.709524 0.757168 0.813773 0.881821 0.906547 0.847892 0.798171 0.755679 0.719127 0.687528 0.660112 0.636273 0.615527 0.597485 0.581833 0.568314 0.556719 0.546879 0.538656 0.531940 0.526641 0.522695 0.520050 0.518675 0.518554 0.519684 0.522079 0.525770 0.530800 0.537235 0.545157 0.554672 0.565913 0.579043 0.594262 0.611816 0.632009 0.655211 0.681888 0.712619 0.748137 0.789384 0.837580 0.887302 0.821444 0.766406 0.719905 0.680270 0.646246 0.616880 0.591429 0.569312 0.550067 0.533323 0.518781 0.506199 0.495378 0.486156 0.478402 0.472012 0.466900 0.463001 0.460266 0.458661 0.458168 0.458780 0.460505 0.463362 0.467389 0.472635 0.479167 0.487073 0.496459 0.507461 0.520244 0.535009 0.552005 0.571539 0.593990 0.619831 0.649658 0.684233 0.724539 0.771867 0.827943 0.895132 0.976749 1.000000 0.910329 15786.000000 1.207121 0.596733
0.684800 0.685626 0.687442 0.688135 0.690494 0.694549 0.700348 0.707965 0.717497 0.729070 0.742841 0.759006 0.777806 0.799536 0.824558 0.853319 0.886372 0.924405 0.928382 0.906390 0.887505 0.871446 0.857989 0.846951 0.838187 0.831585 0.827063 0.824565 0.824062 0.825548 0.829039 0.834579 0.842236 0.852108 0.864320 0.879035 0.896458 0.916838 0.913683 0.883571 0.857380 0.834650 0.815007 0.798146 0.783818 0.771823 0.761996 0.754212 0.748369 0.744395 0.742242 0.741884 0.743316 0.746556 0.751642 0.758639 0.767633 0.778742 0.792114 0.807933 0.826428 0.847881 0.872635 0.901115 0.872862 0.848270 0.826963 0.808601 0.792905 0.779649 0.768651 0.759763 0.752872 0.747890 0.744756 0.743431 0.743900 0.746169 0.750264 0.756237 0.764161 0.774137 0.786297 0.800805 0.817866 0.837731 0.860711 0.887185 0.888912 0.868216 0.850464 0.835395 0.822799 0.812505 0.804380 0.798320 0.794249 0.792119 0.791902 0.793597 0.797224 0.802827 0.810476 0.820267 0.832327 0.846818 0.863940 0.883943 0.907131 0.933878 0.964645 1.000000 0.968453 0.924217 0.885887 0.852582 0.823602 0.798388 0.776486 0.757531 0.741222 0.727316 0.715614 0.705956 0.698216 0.692293 0.688113 0.685626 7393.000000 1.052225 0.859273
1.000000 0.945776 0.899186 0.858942 0.824046 0.793712 0.767316 0.744353 0.724420 0.707186 0.692382 0.679789 0.669230 0.660560 0.653667 0.648463 0.644881 0.642880 0.642434 0.643537 0.646204 0.650467 0.656378 0.664011 0.673466 0.684868 0.698374 0.714178 0.732520 0.753693 0.778056 0.776674 0.749474 0.725804 0.705230 0.687400 0.672029 0.658884 0.647773 0.638543 0.631072 0.625262 0.621041 0.618356 0.617175 0.617483 0.619283 0.622599 0.627470 0.633958 0.642144 0.652135 0.664068 0.678110 0.694467 0.713394 0.735203 0.760276 0.789088 0.822228 0.860439 0.904659 0.956098 0.983902 0.933647 0.890318 0.852795 0.820203 0.791848 0.767174 0.745734 0.727164 0.711168 0.697505 0.685978 0.676429 0.668731 0.662785 0.658517 0.655872 0.654821 0.655349 0.657463 0.661188 0.666572 0.673679 0.682602 0.693458 0.706394 0.721593 0.739281 0.759734 0.783291 0.810371 0.786530 0.756160 0.729741 0.706751 0.686769 0.669454 0.654529 0.641768 0.630985 0.622033 0.614791 0.609167 0.605089 0.602507 0.601390 0.601724 0.603513 0.606779 0.611561 0.617920 0.625937 0.635716 0.647390 0.661122 0.677117 0.695622 0.716943 0.741455 0.769622 0.802022 0.839381 0.882620 0.932926 0.991847 7988.000000 1.273389 0.763212
0.853926 0.883748 0.918019 0.957455 1.000000 0.960291 0.925761 0.895710 0.869579 0.846911 0.827337 0.810557 0.796323 0.784439 0.774742 0.767108 0.761440 0.757666 0.755742 0.755643 0.757368 0.760938 0.766398 0.773814 0.758327 0.740011 0.724264 0.710849 0.699577 0.690294 0.682878 0.677233 0.673290 0.670999 0.670334 0.671285 0.673865 0.678104 0.684056 0.691794 0.701419 0.713057 0.726869 0.743051 0.761848 0.783557 0.805579 0.800729 0.797848 0.796901 0.797875 0.800784 0.805661 0.812569 0.821592 0.832846 0.846481 0.862683 0.881682 0.903763 0.897532 0.871691 0.849285 0.829951 0.813394 0.799373 0.787692 0.778195 0.770760 0.765291 0.761722 0.760008 0.760129 0.762086 0.765904 0.771628 0.779329 0.789107 0.801087 0.815431 0.832340 0.852061 0.866766 0.838832 0.814543 0.793479 0.775297 0.759720 0.746518 0.735510 0.726546 0.719511 0.714315 0.710894 0.709206 0.709230 0.710967 0.714438 0.719686 0.726775 0.735795 0.746864 0.760130 0.775778 0.794038 0.815189 0.808451 0.788546 0.771412 0.756790 0.744473 0.734291 0.726109 0.719823 0.715353 0.712645 0.711664 0.712401 0.714863 0.719080 0.725105 0.733012 0.742903 0.754909 0.769192 0.785955 0.805450 0.827982 19772.000000 1.148229 0.878665
0.884162 0.961445 1.000000 0.921477 0.856301 0.801539 0.755070 0.715322 0.681109 0.651517 0.625834 0.603498 0.584060 0.567159 0.552502 0.539851 0.529013 0.519829 0.512171 0.505937 0.501045 0.497433 0.495058 0.493889 0.493913 0.495130 0.497554 0.501215 0.506160 0.512449 0.520166 0.529414 0.540321 0.553048 0.567790 0.584787 0.604333 0.626794 0.652621 0.682383 0.716799 0.756790 0.803558 0.858691 0.924338 0.874819 0.820034 0.773460 0.733565 0.699185 0.669423 0.643580 0.621098 0.601534 0.584530 0.569795 0.557095 0.546236 0.537060 0.529443 0.523281 0.518496 0.515028 0.512832 0.511883 0.512170 0.513695 0.516476 0.520549 0.525964 0.532790 0.541116 0.551055 0.562747 0.576365 0.592120 0.610272 0.631140 0.655121 0.682705 0.714511 0.751324 0.794154 0.844319 0.903573 0.974295 0.929031 0.857449 0.797893 0.747757 0.705147 0.668656 0.637216 0.610002 0.586373 0.565819 0.547932 0.532384 0.518910 0.507293 0.497357 0.488958 0.481980 0.476329 0.471934 0.468737 0.466700 0.465799 0.466021 0.467370 0.469862 0.473527 0.478412 0.484578 0.492106 0.501098 0.511680 0.524009 0.538275 0.554714 0.573613 0.595331 0.620311 0.649111 0.682440 0.721208 0.766605 0.820208 2720.000000 1.117967 0.601778
0.720398 0.739907 0.731849 0.720189 0.710579 0.702894 0.697035 0.692928 0.690522 0.689790 0.690721 0.693327 0.697640 0.703713 0.711622 0.721469 0.733384 0.747529 0.764109 0.783370 0.805619 0.831229 0.860662 0.894491 0.933428 0.856760 0.789151 0.733068 0.685971 0.646022 0.611863 0.582468 0.557048 0.534989 0.515806 0.499112 0.484595 0.472004 0.461134 0.451816 0.443917 0.437324 0.431949 0.427723 0.424592 0.422516 0.422951 0.433546 0.445788 0.459881 0.476079 0.494694 0.516119 0.540845 0.569501 0.602897 0.642096 0.688522 0.744117 0.811605 0.894927 1.000000 0.968111 0.923035 0.884005 0.850107 0.820616 0.794954 0.772653 0.753334 0.736690 0.722467 0.710463 0.700511 0.692480 0.686264 0.681788 0.678994 0.677850 0.678341 0.680473 0.684272 0.689785 0.697081 0.696722 0.677281 0.660444 0.645941 0.633556 0.623109 0.614458 0.607487 0.602106 0.598249 0.595867 0.594932 0.595432 0.597372 0.600778 0.605690 0.612170 0.620301 0.630189 0.641970 0.655809 0.671912 0.690532 0.711977 0.733629 0.714964 0.698866 0.685092 0.673442 0.663753 0.655897 0.649771 0.645299 0.642426 0.641115 0.641352 0.643139 0.646498 0.651469 0.658116 0.666522 0.676796 0.689079 0.703542 5062.500000 1.157070 0.724362
0.779177 0.722980 0.675862 0.635948 0.601855 0.572540 0.547206 0.525230 0.506123 0.489496 0.475034 0.462485 0.451641 0.442336 0.434432 0.427817 0.422404 0.418120 0.414913 0.412740 0.411577 0.411408 0.412233 0.414060 0.416912 0.420825 0.425847 0.432045 0.439499 0.448315 0.458619 0.470567 0.484354 0.500213 0.518438 0.539390 0.563521 0.591404 0.623771 0.661571 0.706060 0.758923 0.822484 0.900032 0.996376 1.000000 0.917233 0.849009 0.792007 0.743857 0.702823 0.667603 0.637206 0.610864 0.587974 0.568057 0.550728 0.535677 0.522653 0.511450 0.501900 0.493869 0.487246 0.481944 0.477896 0.475049 0.473370 0.472838 0.473446 0.475202 0.478127 0.482258 0.487645 0.494359 0.502488 0.512142 0.523461 0.536613 0.551807 0.569298 0.589401 0.612505 0.639096 0.669788 0.705361 0.746825 0.795505 0.804498 0.760874 0.723390 0.691013 0.662939 0.638535 0.617299 0.598825 0.582789 0.568923 0.557013 0.546882 0.538386 0.531412 0.525866 0.521678 0.518797 0.517186 0.516827 0.517714 0.519859 0.523288 0.528043 0.534184 0.541790 0.550962 0.561826 0.574540 0.589295 0.606327 0.625926 0.648449 0.674338 0.704147 0.738575 0.778514 0.825121 0.879919 0.944952 0.930356 0.847060 2522.000000 1.319283 0.587353
0.936239 0.997692 0.936299 0.858884 0.795062 0.741732 0.696680 0.658282 0.625324 0.600254 0.593621 0.588534 0.584931 0.582768 0.582017 0.582671 0.584735 0.588237 0.593219 0.599743 0.607893 0.617776 0.629527 0.643315 0.659343 0.677865 0.699192 0.723703 0.751873 0.784291 0.821699 0.865043 0.900111 0.834571 0.779679 0.733220 0.693563 0.659483 0.630041 0.604511 0.582317 0.563003 0.546203 0.531620 0.519014 0.508187 0.506179 0.505810 0.506660 0.508741 0.512079 0.516713 0.522702 0.530124 0.539078 0.549686 0.562101 0.576511 0.593146 0.612288 0.634285 0.659571 0.688684 0.722307 0.761309 0.806818 0.860318 0.923801 1.000000 0.975445 0.923728 0.879230 0.840754 0.807368 0.778336 0.753070 0.731099 0.712040 0.695584 0.681475 0.669508 0.657326 0.644973 0.634575 0.625992 0.619110 0.613839 0.610116 0.607892 0.607143 0.607857 0.610045 0.613732 0.618965 0.625808 0.634349 0.644701 0.657006 0.671439 0.669764 0.653197 0.638933 0.626755 0.616491 0.607999 0.601165 0.595904 0.592148 0.589851 0.588985 0.589540 0.591247 0.593536 0.597287 0.602547 0.609381 0.617878 0.628150 0.640338 0.654616 0.671199 0.690351 0.712395 0.737728 0.766845 0.800363 0.839058 0.883922 971.000000 1.231085 0.664543
1.000000 0.977387 0.952225 0.930511 0.911913 0.896161 0.883035 0.872359 0.863995 0.857837 0.853808 0.851859 0.851967 0.854133 0.858383 0.864770 0.873372 0.884299 0.897692 0.913733 0.902708 0.866652 0.835301 0.808018 0.784290 0.763703 0.745921 0.730668 0.717720 0.706897 0.698052 0.691070 0.685862 0.682364 0.680532 0.680345 0.681800 0.684915 0.689727 0.696297 0.704708 0.715067 0.724261 0.729708 0.737027 0.746310 0.757678 0.771285 0.787321 0.806021 0.827674 0.852632 0.881332 0.914311 0.952237 0.995948 0.984395 0.962443 0.943673 0.927813 0.914645 0.903992 0.895718 0.889718 0.885918 0.884271 0.884758 0.887384 0.892182 0.899210 0.908556 0.920339 0.934712 0.951872 0.972058 0.945831 0.914071 0.886441 0.862449 0.841695 0.823856 0.808664 0.795905 0.785406 0.777027 0.770662 0.766232 0.762532 0.747556 0.734894 0.724370 0.715843 0.709203 0.704366 0.701273 0.699886 0.700188 0.702182 0.705893 0.711367 0.718670 0.727897 0.739168 0.752636 0.768488 0.786960 0.808337 0.832970 0.861292 0.868232 0.855027 0.844220 0.835672 0.829272 0.824942 0.822629 0.822304 0.823964 0.827628 0.833341 0.841174 0.851226 0.863628 0.878543 0.896180 0.916793 0.940696 0.968274 2803.500000 1.183770 0.881162
0.742392 0.684731 0.636805 0.596492 0.562253 0.532946 0.507705 0.485864 0.466904 0.450412 0.436060 0.423583 0.412767 0.403438 0.395452 0.388695 0.383072 0.378508 0.374945 0.372336 0.370651 0.369867 0.369976 0.370980 0.372889 0.375728 0.379532 0.384350 0.390243 0.397292 0.405595 0.415275 0.426480 0.439395 0.454245 0.471309 0.490934 0.513555 0.539725 0.570152 0.605762 0.647780 0.697868 0.758332 0.832462 0.925126 1.000000 0.908240 0.833745 0.772263 0.720843 0.677373 0.640303 0.608469 0.580984 0.557159 0.536453 0.518434 0.502759 0.489147 0.477373 0.467252 0.458632 0.451393 0.445435 0.440680 0.437068 0.434552 0.433103 0.432702 0.433345 0.435040 0.437807 0.441680 0.446708 0.452955 0.460505 0.469461 0.479951 0.492134 0.506202 0.522394 0.541003 0.562391 0.587012 0.615438 0.648399 0.686838 0.731997 0.720210 0.685878 0.656178 0.630399 0.607979 0.588468 0.571504 0.556794 0.544100 0.533229 0.524021 0.516348 0.510108 0.505220 0.501621 0.499268 0.498131 0.498196 0.499465 0.501953 0.505690 0.510723 0.517115 0.524950 0.534334 0.545396 0.558300 0.573243 0.590470 0.610281 0.633044 0.659222 0.689390 0.724280 0.764831 0.812265 0.868202 0.900347 0.812795 909.000000 1.429448 0.576378
0.605749 0.632368 0.658084 0.659748 0.663023 0.667947 0.674582 0.683013 0.693348 0.705727 0.720323 0.737349 0.757068 0.779801 0.805942 0.835981 0.870525 0.910334 0.956372 1.000000 0.959140 0.923626 0.892721 0.865837 0.842494 0.822306 0.804957 0.790189 0.777793 0.767600 0.759478 0.753321 0.732215 0.696595 0.665809 0.639104 0.615885 0.595679 0.578105 0.562855 0.549680 0.538374 0.528772 0.520740 0.514168 0.508970 0.505081 0.502453 0.501052 0.500863 0.500043 0.497485 0.496142 0.495998 0.497051 0.499315 0.502815 0.507597 0.513720 0.521264 0.530329 0.541042 0.553557 0.568066 0.584803 0.604055 0.626178 0.651613 0.657814 0.662518 0.668912 0.677079 0.687123 0.699179 0.713416 0.730039 0.749304 0.771522 0.797077 0.826442 0.860205 0.899102 0.944066 0.985126 0.951641 0.922507 0.897201 0.875299 0.856454 0.840386 0.826865 0.815706 0.806762 0.799918 0.795089 0.792215 0.746371 0.704037 0.667770 0.636515 0.609457 0.585960 0.565520 0.547732 0.532273 0.518878 0.507332 0.497462 0.489124 0.482204 0.476609 0.472267 0.469123 0.467139 0.466291 0.466567 0.467971 0.470980 0.475190 0.480645 0.487414 0.495587 0.505278 0.516624 0.529797 0.545007 0.562511 0.582628 2034.000000 1.573911 0.795313
0.632891 0.646039 0.661373 0.679129 0.681460 0.665538 0.651878 0.640278 0.630577 0.622643 0.616372 0.611686 0.608525 0.606851 0.606644 0.607900 0.610637 0.614886 0.620700 0.624718 0.628403 0.633668 0.640577 0.649220 0.659711 0.672192 0.686842 0.703877 0.723566 0.746239 0.765716 0.726531 0.692749 0.663496 0.638089 0.615985 0.596750 0.580036 0.565557 0.553084 0.542428 0.533435 0.525982 0.519970 0.515322 0.511978 0.510231 0.512219 0.515469 0.520021 0.525932 0.533279 0.542158 0.552693 0.565033 0.579364 0.595914 0.614962 0.636854 0.662015 0.690979 0.724419 0.763192 0.808408 0.861525 0.924497 1.000000 0.918543 0.813854 0.732170 0.666847 0.613583 0.569469 0.532469 0.501117 0.474331 0.451296 0.431385 0.414113 0.406312 0.409540 0.413824 0.419220 0.425797 0.433645 0.442875 0.453623 0.466057 0.480381 0.496848 0.515771 0.537539 0.562641 0.591697 0.625506 0.665113 0.711905 0.767769 0.796936 0.773463 0.753096 0.735500 0.720404 0.707585 0.696864 0.688096 0.681166 0.675987 0.672494 0.670644 0.670415 0.658773 0.643803 0.630983 0.620129 0.611090 0.603743 0.597995 0.593772 0.591023 0.589712 0.589826 0.591364 0.594346 0.598808 0.604805 0.612414 0.621734 5215.500000 1.065257 0.669675
0.760134 0.824260 0.902576 1.000000 0.959184 0.879454 0.813771 0.758919 0.712603 0.673144 0.639284 0.610067 0.584751 0.562754 0.543614 0.526961 0.512496 0.499976 0.489204 0.480018 0.472287 0.465907 0.460791 0.456876 0.454111 0.452463 0.451911 0.452450 0.454085 0.456836 0.460738 0.465839 0.472204 0.479918 0.489086 0.499839 0.512337 0.526778 0.543404 0.562512 0.584473 0.609747 0.638914 0.672713 0.712100 0.758327 0.813066 0.789335 0.747028 0.710650 0.679211 0.651940 0.628229 0.607594 0.589648 0.574074 0.560618 0.549071 0.539263 0.531055 0.524338 0.519024 0.515045 0.512351 0.510910 0.510703 0.511729 0.514000 0.517544 0.522404 0.528641 0.536338 0.545595 0.556542 0.569337 0.584174 0.601293 0.620987 0.643617 0.669633 0.699598 0.734221 0.774413 0.821353 0.876599 0.921608 0.839685 0.772847 0.717466 0.671000 0.631615 0.597959 0.569009 0.543982 0.522270 0.503391 0.486961 0.472672 0.460275 0.449568 0.440384 0.432588 0.426073 0.420750 0.416549 0.413417 0.411316 0.410219 0.410113 0.410997 0.412882 0.415790 0.419759 0.424837 0.431090 0.438603 0.447479 0.457848 0.469868 0.483733 0.499681 0.518007 0.539076 0.563347 0.591398 0.623971 0.662030 0.706846 1993.000000 1.289999 0.590160
0.957930 0.916858 0.881199 0.850181 0.823188 0.799724 0.779386 0.761847 0.746839 0.734146 0.723591 0.715033 0.708362 0.703493 0.700367 0.698944 0.690017 0.676232 0.664556 0.654828 0.646916 0.640718 0.636156 0.633173 0.631733 0.631818 0.633429 0.636586 0.641327 0.647711 0.655820 0.665758 0.677660 0.691692 0.708060 0.713146 0.710444 0.709465 0.710198 0.712651 0.716853 0.722858 0.730739 0.740597 0.752563 0.766800 0.783510 0.802941 0.825400 0.851261 0.880987 0.911298 0.886201 0.864477 0.845781 0.829833 0.816406 0.805316 0.796416 0.789592 0.784759 0.781856 0.780849 0.781726 0.784496 0.789194 0.795878 0.804630 0.815564 0.828824 0.844590 0.863087 0.884591 0.909441 0.938053 0.928609 0.872138 0.824014 0.782709 0.747062 0.716170 0.689327 0.665969 0.645647 0.627997 0.612722 0.599584 0.588384 0.578965 0.571196 0.564977 0.560227 0.556886 0.554914 0.557072 0.567122 0.578961 0.592764 0.608743 0.627160 0.648337 0.672671 0.700657 0.732914 0.770231 0.813617 0.829446 0.815714 0.804335 0.795158 0.788065 0.782967 0.779802 0.778529 0.779135 0.781627 0.786034 0.792410 0.800837 0.811420 0.824299 0.839648 0.857686 0.878679 0.902956 0.930918 0.963062 1.000000 14934.000000 1.125268 0.821485
0.925531 0.874986 0.819460 0.772310 0.731958 0.697210 0.667145 0.641047 0.618348 0.598594 0.581420 0.566531 0.553686 0.542689 0.533380 0.525630 0.519335 0.514414 0.510805 0.508462 0.507357 0.507476 0.508822 0.511411 0.515273 0.520458 0.527031 0.535077 0.544706 0.556051 0.569280 0.584596 0.602250 0.588617 0.575392 0.564077 0.554509 0.546555 0.540108 0.535086 0.531424 0.529079 0.528020 0.528236 0.529729 0.532516 0.536633 0.542130 0.549077 0.557565 0.567709 0.579652 0.593568 0.609674 0.628233 0.649573 0.674094 0.702297 0.734810 0.772432 0.816186 0.867410 0.927879 1.000000 0.936063 0.864084 0.804183 0.753747 0.710876 0.674155 0.642514 0.615125 0.591342 0.570654 0.552650 0.537002 0.523442 0.511752 0.501755 0.493307 0.486291 0.480614 0.476201 0.472998 0.470964 0.470076 0.470322 0.471705 0.474242 0.477964 0.482918 0.489166 0.496790 0.505895 0.516606 0.529084 0.543520 0.560154 0.579278 0.601254 0.626531 0.642171 0.628592 0.617032 0.607325 0.599341 0.592974 0.588143 0.584787 0.582866 0.582356 0.583250 0.585560 0.589314 0.594557 0.601357 0.609800 0.619998 0.632092 0.646255 0.662700 0.681690 0.703544 0.728660 0.757527 0.790761 0.829132 0.873630 856.000000 1.605696 0.706016
0.732970 0.702480 0.675990 0.652940 0.632885 0.615464 0.600384 0.587406 0.576337 0.567017 0.559321 0.553145 0.548411 0.545059 0.543049 0.542354 0.542968 0.544898 0.548166 0.552814 0.558899 0.566500 0.575717 0.580985 0.567452 0.555844 0.545990 0.537752 0.531019 0.525704 0.521739 0.519074 0.517677 0.517531 0.518634 0.520999 0.524656 0.529650 0.536043 0.543919 0.553383 0.564567 0.577631 0.592777 0.610248 0.630345 0.653439 0.679989 0.710573 0.745919 0.786961 0.834910 0.891369 0.958493 1.000000 0.936268 0.882170 0.835886 0.796039 0.761569 0.731650 0.705629 0.682984 0.663295 0.646223 0.631491 0.618873 0.608186 0.599281 0.592039 0.586365 0.582189 0.579457 0.578138 0.578214 0.579687 0.582574 0.586911 0.592752 0.600171 0.594817 0.583255 0.573488 0.565383 0.558831 0.553748 0.550070 0.547752 0.546764 0.547096 0.548751 0.551749 0.556127 0.561940 0.569261 0.578187 0.588839 0.601367 0.615955 0.623820 0.616283 0.610379 0.606033 0.603191 0.601819 0.601900 0.603435 0.606442 0.610959 0.617041 0.624765 0.634233 0.645572 0.658939 0.674531 0.692588 0.713404 0.737342 0.764848 0.796480 0.832933 0.875093 0.924093 0.978415 0.912300 0.856488 0.808947 0.768160 1083.000000 1.489715 0.743603
1.000000 0.974320 0.893491 0.826885 0.771249 0.724263 0.684227 0.649868 0.620219 0.594526 0.572201 0.552776 0.535874 0.521194 0.508489 0.497559 0.488240 0.480400 0.473932 0.468750 0.464787 0.461995 0.460338 0.459797 0.460364 0.462048 0.464868 0.468859 0.474072 0.480572 0.488446 0.497801 0.508772 0.521522 0.536252 0.553210 0.572700 0.595100 0.620880 0.650633 0.685115 0.725301 0.772472 0.828341 0.862932 0.810763 0.766282 0.728092 0.695122 0.666545 0.641710 0.620099 0.601298 0.584971 0.570846 0.558702 0.548356 0.539664 0.532506 0.526787 0.522435 0.519396 0.517632 0.517121 0.517857 0.519850 0.523123 0.527717 0.533690 0.541117 0.550099 0.560757 0.573245 0.587750 0.604502 0.623783 0.645943 0.671412 0.700730 0.734575 0.773815 0.819569 0.873310 0.937009 0.858582 0.793331 0.738952 0.693112 0.654111 0.620682 0.591859 0.566900 0.545220 0.526360 0.509948 0.495686 0.483333 0.472692 0.463603 0.455933 0.449579 0.444456 0.440497 0.437654 0.435890 0.435184 0.435528 0.436927 0.439396 0.442966 0.447683 0.453605 0.460811 0.469399 0.479490 0.491234 0.504815 0.520457 0.538438 0.559101 0.582873 0.610293 0.642043 0.679002 0.722324 0.773541 0.834739 0.908831 1636.500000 1.220587 0.595757
