35
1000 1000
4 50 107 88 66 140 107 79 168
3 85 60 133 94 90 106
3 102 198 225 235 83 306
8 -2 0 16 -4 26 4 48 10 34 34 20 39 0 40 -10 18
4 61 23 145 54 72 113 -30 84
5 53 29 112 -8 132 73 102 98 38 116
5 -28 -14 71 9 149 90 70 152 12 118
3 112 28 163 69 108 100
4 133 135 206 209 154 286 57 222
6 94 15 130 -16 173 58 142 99 91 86 65 52
6 5 67 28 37 61 30 85 62 63 139 5 120
3 18 35 57 54 21 82
6 5 17 6 2 29 5 45 19 31 39 11 40
4 17 -7 43 19 12 55 -17 27
4 8 60 26 38 64 67 32 95
6 46 108 67 71 108 77 140 113 108 143 78 150
8 22 43 50 36 75 43 89 59 68 79 48 90 26 90 13 65
3 47 27 228 142 42 199
8 11 16 10 -2 28 6 39 0 37 16 35 28 28 33 13 34
6 33 9 51 16 63 36 55 58 26 53 26 35
5 66 29 150 29 220 78 148 149 69 148
4 4 39 34 -5 80 51 33 100
6 42 34 64 41 77 58 65 74 44 74 28 59
7 26 30 41 -1 71 18 74 50 69 70 48 99 8 68
7 0 10 17 2 25 5 34 16 25 28 16 28 5 25
5 183 91 244 49 271 108 223 183 175 149
8 -18 40 8 14 34 7 56 15 67 51 60 74 27 69 2 65
3 119 52 206 94 91 180
4 9 23 24 8 46 26 27 42
8 13 51 29 43 52 52 75 69 49 94 35 95 11 96 -9 78
3 15 30 76 45 6 75
8 20 15 36 17 45 19 56 29 46 37 32 47 25 38 21 31
6 11 3 25 -6 38 9 31 29 12 26 -6 14
5 31 75 91 74 109 100 94 157 27 133
4 50 -62 140 56 52 99 -5 50
