45
1000 1000
6 15 42 17 22 46 24 51 46 41 62 21 64
7 43 22 60 -23 86 14 110 42 99 87 59 66 17 72
7 9 28 29 7 53 16 61 35 61 60 29 58 5 50
4 30 1 42 22 26 35 2 28
6 201 204 285 151 346 169 445 232 356 282 288 279
5 14 8 41 -4 50 27 35 43 10 42
8 7 1 31 8 47 12 55 29 51 43 30 47 8 44 14 27
6 56 35 104 37 122 72 97 112 60 110 20 90
4 154 5 187 61 163 113 121 66
7 -3 16 10 -9 26 -2 30 18 29 47 1 50 -10 29
4 19 0 46 27 24 44 3 30
3 -9 -23 63 22 16 46
8 110 115 144 74 197 61 233 74 274 120 238 170 192 169 163 166
6 95 263 136 238 177 229 209 278 183 339 133 346
6 10 42 36 30 46 57 40 77 14 78 -14 61
6 60 75 71 57 93 63 113 72 103 97 74 89
7 8 4 22 -10 39 -4 49 15 38 34 19 34 2 25
4 -16 72 36 27 127 76 49 152
6 33 30 59 16 64 51 55 80 28 84 20 56
4 43 -19 149 34 41 122 -46 49
4 1 79 51 57 78 87 43 132
3 63 7 164 61 85 105
7 4 7 15 3 36 -2 39 16 31 26 14 35 1 21
7 4 5 15 1 31 1 48 17 28 30 19 29 2 30
6 23 41 58 18 106 18 106 50 99 86 52 99
5 -8 11 28 8 43 38 26 52 0 46
4 70 156 104 138 130 164 111 193
6 119 94 129 60 176 58 198 93 167 132 128 139
4 7 25 32 9 48 26 29 44
4 64 57 134 116 68 151 10 116
6 29 31 42 17 72 9 84 34 66 60 51 50
3 43 50 106 98 43 160
7 40 90 53 71 94 77 110 98 89 137 60 142 25 121
5 -6 -7 34 -19 45 17 39 39 3 34
4 93 36 217 161 94 215 24 152
5 -29 28 35 31 61 58 32 102 4 63
6 113 108 149 84 187 150 166 182 113 188 74 148
5 81 88 108 80 130 106 108 127 74 122
3 17 35 86 107 13 152
7 -9 3 8 3 31 -9 37 13 30 44 11 29 -4 25
4 71 156 123 116 153 150 128 225
3 55 -9 162 52 54 132
3 1 -5 36 13 2 37
4 5 20 43 3 92 19 43 49
7 40 44 49 24 76 30 75 47 70 61 56 65 32 63
