0.830568 0.887266 0.954741 0.896191 0.842282 0.796300 0.756808 0.722706 0.693143 0.667448 0.645089 0.625638 0.608749 0.594141 0.581587 0.570898 0.561925 0.554545 0.548661 0.544198 0.541099 0.539328 0.538862 0.539697 0.541841 0.545321 0.550180 0.556479 0.564299 0.573744 0.576594 0.557836 0.541523 0.527371 0.515150 0.504671 0.495780 0.488352 0.482289 0.477511 0.473957 0.471584 0.470361 0.470275 0.471325 0.473522 0.476894 0.481482 0.487346 0.494560 0.503221 0.513450 0.525395 0.539240 0.555208 0.573574 0.594678 0.618943 0.646897 0.679210 0.716737 0.760593 0.812251 0.873695 0.947665 1.000000 0.923246 0.859357 0.805553 0.759811 0.720629 0.686862 0.657632 0.632249 0.610169 0.590953 0.574253 0.559782 0.547308 0.536643 0.527632 0.520152 0.514101 0.509403 0.505998 0.503844 0.502915 0.503199 0.504700 0.507436 0.511441 0.516764 0.523473 0.531657 0.541426 0.552917 0.566301 0.581785 0.599625 0.588772 0.573472 0.560262 0.548939 0.539339 0.531327 0.524795 0.519658 0.515852 0.513329 0.512058 0.512023 0.513225 0.515678 0.519412 0.524473 0.530925 0.538852 0.548361 0.559583 0.572683 0.587861 0.605364 0.625494 0.648625 0.675222 0.705866 0.741295 0.782453 3111.000000 1.685117 0.688269
0.938730 0.963530 0.992131 1.000000 0.955868 0.917584 0.884297 0.855328 0.830134 0.808273 0.789387 0.773183 0.759424 0.747917 0.738505 0.731067 0.725508 0.721758 0.719771 0.719759 0.721926 0.725860 0.731609 0.739245 0.748865 0.760596 0.774595 0.791061 0.810237 0.832421 0.857978 0.887360 0.917960 0.883553 0.853614 0.827566 0.804942 0.785364 0.768524 0.754169 0.742095 0.732138 0.724166 0.718077 0.713795 0.711267 0.710463 0.711372 0.710564 0.711421 0.714002 0.718339 0.724485 0.732517 0.742537 0.754679 0.769109 0.786031 0.805700 0.828425 0.854588 0.884658 0.918868 0.901202 0.886298 0.873950 0.863994 0.856302 0.850777 0.847351 0.845983 0.846656 0.849377 0.854181 0.861125 0.870297 0.881814 0.895826 0.912525 0.913090 0.886051 0.862586 0.842309 0.824904 0.810117 0.797738 0.787601 0.779573 0.773551 0.769461 0.767253 0.766900 0.768398 0.771764 0.777040 0.781770 0.761648 0.744284 0.729413 0.716817 0.706322 0.697786 0.691099 0.686176 0.682957 0.681402 0.681491 0.683227 0.686630 0.691742 0.698627 0.707371 0.718089 0.730924 0.746057 0.763708 0.784149 0.807714 0.834813 0.839827 0.841744 0.845711 0.851779 0.860020 0.870540 0.883476 0.899001 0.917330 1056.500000 1.155191 0.871999
0.830315 0.848294 0.869210 0.856987 0.843241 0.831901 0.822818 0.815876 0.810988 0.808092 0.807155 0.808165 0.811134 0.816098 0.823118 0.832283 0.821718 0.802592 0.786188 0.772263 0.760624 0.751113 0.743606 0.738008 0.734250 0.732284 0.732089 0.733660 0.737017 0.742202 0.749278 0.758334 0.761414 0.755059 0.750602 0.747989 0.747188 0.748190 0.751006 0.755670 0.762240 0.770799 0.781456 0.794353 0.809666 0.827613 0.848465 0.872551 0.900277 0.932141 0.968764 1.000000 0.961224 0.927494 0.898142 0.872628 0.850516 0.831450 0.815141 0.801353 0.789895 0.780614 0.773390 0.768132 0.764775 0.763278 0.763623 0.765815 0.769878 0.775864 0.783848 0.793929 0.806241 0.820950 0.835465 0.814108 0.795684 0.779913 0.766566 0.755458 0.746439 0.739393 0.734232 0.730890 0.729328 0.729526 0.731487 0.735235 0.740815 0.748297 0.757776 0.769375 0.783251 0.799599 0.796663 0.792777 0.790824 0.790782 0.792649 0.796448 0.802226 0.810054 0.820031 0.832287 0.846986 0.864334 0.884583 0.908043 0.928434 0.899649 0.874638 0.852980 0.834330 0.818408 0.804984 0.793876 0.784935 0.778047 0.773125 0.770109 0.768961 0.769668 0.772239 0.776704 0.783119 0.791563 0.802145 0.815004 7832.000000 1.032900 0.900243
0.909566 0.844447 0.789804 0.743486 0.703901 0.669850 0.640414 0.614874 0.592667 0.573341 0.556533 0.541952 0.529358 0.518557 0.509390 0.501729 0.495472 0.490536 0.486858 0.484394 0.483112 0.482998 0.484049 0.486279 0.489715 0.494400 0.500392 0.507769 0.516630 0.527099 0.539327 0.553500 0.569849 0.588654 0.610263 0.635107 0.663726 0.696805 0.735217 0.780101 0.832959 0.895815 0.971463 1.000000 0.925361 0.863024 0.810385 0.765536 0.727051 0.693842 0.665066 0.640062 0.618306 0.599377 0.582935 0.568704 0.556461 0.546021 0.537236 0.529986 0.524175 0.519728 0.516590 0.514723 0.514103 0.514723 0.516590 0.519728 0.524175 0.529986 0.537236 0.546021 0.556461 0.568704 0.582935 0.599377 0.618306 0.640062 0.665066 0.693842 0.727051 0.765536 0.810385 0.863024 0.925361 0.934227 0.870341 0.816474 0.770635 0.731337 0.697452 0.668106 0.642615 0.620437 0.601140 0.584371 0.569849 0.557341 0.546659 0.537649 0.530188 0.524177 0.519539 0.516214 0.514162 0.513359 0.513794 0.515472 0.518415 0.522657 0.528253 0.535273 0.543811 0.553981 0.565928 0.579829 0.595903 0.614415 0.635695 0.660149 0.688284 0.720738 0.758322 0.802079 0.853376 0.914037 0.986539 0.988148 15272.000000 1.087991 0.602979
0.838682 0.798935 0.764543 0.734687 0.708718 0.686119 0.666473 0.649441 0.634749 0.622173 0.611530 0.602673 0.595482 0.589866 0.585752 0.583091 0.581849 0.582011 0.583579 0.586573 0.591029 0.597003 0.604570 0.613829 0.624904 0.637952 0.653164 0.670774 0.691071 0.714409 0.741227 0.772069 0.755389 0.727700 0.703605 0.682645 0.664453 0.648728 0.635225 0.623744 0.614124 0.606235 0.599973 0.595258 0.592032 0.590255 0.589906 0.590979 0.593490 0.597467 0.602960 0.610038 0.618793 0.629341 0.641828 0.656434 0.673380 0.692938 0.715441 0.741300 0.771026 0.805257 0.844798 0.890679 0.944236 1.000000 0.933985 0.878131 0.830468 0.789517 0.754146 0.723477 0.696818 0.673618 0.653438 0.635918 0.620770 0.607757 0.596687 0.587402 0.579777 0.573712 0.569129 0.565972 0.564201 0.563795 0.564750 0.567076 0.570802 0.575974 0.582657 0.590938 0.600926 0.612758 0.626607 0.642679 0.661233 0.682583 0.700811 0.684120 0.669782 0.657585 0.647355 0.638955 0.632273 0.627226 0.623749 0.621800 0.621355 0.622409 0.624975 0.629085 0.634787 0.642156 0.651285 0.662296 0.675340 0.690606 0.708323 0.728776 0.752311 0.779358 0.810446 0.846241 0.887582 0.935539 0.938756 0.884835 1224.500000 1.325446 0.749065
0.606349 0.659043 0.719585 0.685590 0.656171 0.630629 0.608413 0.589079 0.572272 0.557704 0.545141 0.534389 0.525295 0.517731 0.511597 0.506813 0.503320 0.501073 0.500045 0.500224 0.501612 0.504226 0.508097 0.513275 0.519825 0.527832 0.537404 0.548676 0.561814 0.577020 0.594545 0.614694 0.637848 0.664478 0.695176 0.670392 0.616360 0.571662 0.534209 0.502498 0.475422 0.452148 0.432039 0.414599 0.399437 0.386242 0.374765 0.364805 0.356195 0.348804 0.342522 0.337260 0.332947 0.329527 0.326956 0.325202 0.324244 0.324070 0.324678 0.326076 0.328279 0.331317 0.335226 0.340057 0.345875 0.352761 0.360813 0.370153 0.380933 0.393334 0.407586 0.423969 0.442835 0.464631 0.489924 0.519453 0.554191 0.595445 0.645013 0.705438 0.780428 0.875619 1.000000 0.874459 0.778482 0.703015 0.642297 0.592548 0.551183 0.516380 0.486814 0.461502 0.439699 0.420831 0.404450 0.390202 0.377802 0.367023 0.357680 0.349622 0.342727 0.336894 0.332043 0.328109 0.325041 0.322801 0.321359 0.320700 0.320815 0.321705 0.323382 0.325865 0.329185 0.333386 0.338521 0.344660 0.351889 0.360315 0.370067 0.381306 0.394229 0.409079 0.426157 0.445845 0.468624 0.495112 0.526118 0.562713 7083.500000 1.695967 0.548159
0.538568 0.533971 0.530720 0.528774 0.528110 0.528720 0.530611 0.533806 0.538344 0.544283 0.551698 0.560688 0.571374 0.583910 0.598483 0.615322 0.634709 0.656991 0.682600 0.712071 0.746080 0.785487 0.831405 0.885289 0.949087 1.000000 0.944185 0.896317 0.855029 0.819264 0.788193 0.761159 0.737637 0.717201 0.699506 0.684273 0.671271 0.660315 0.651255 0.643971 0.638368 0.634378 0.631950 0.631054 0.631681 0.633838 0.637551 0.642865 0.649848 0.658587 0.669199 0.681828 0.696654 0.713897 0.733828 0.756779 0.783159 0.782607 0.752042 0.725456 0.702320 0.682206 0.664770 0.649728 0.636853 0.625957 0.616888 0.609526 0.603775 0.599563 0.596836 0.595563 0.595727 0.597331 0.600393 0.604952 0.611064 0.618807 0.628282 0.639616 0.652969 0.668536 0.686557 0.692212 0.685519 0.680578 0.677328 0.675729 0.675761 0.677426 0.680743 0.685753 0.692517 0.701123 0.711680 0.724333 0.739257 0.756669 0.776839 0.800093 0.826836 0.857566 0.892903 0.933623 0.936679 0.887535 0.845226 0.808626 0.776859 0.749229 0.725185 0.704280 0.686153 0.670510 0.657113 0.645765 0.636310 0.628621 0.622597 0.618162 0.615262 0.613860 0.599153 0.584488 0.571870 0.561108 0.552049 0.544568 1797.500000 1.264945 0.771833
0.869385 0.841496 0.817248 0.796222 0.778079 0.762540 0.749380 0.738415 0.729498 0.722514 0.717374 0.714015 0.712396 0.712496 0.714317 0.714389 0.699318 0.686489 0.675720 0.666867 0.659811 0.654463 0.650756 0.648645 0.648104 0.649126 0.651724 0.655929 0.661793 0.669391 0.668045 0.661421 0.656494 0.653202 0.651504 0.651380 0.652828 0.655867 0.660533 0.666883 0.674999 0.684986 0.696976 0.711138 0.727676 0.746844 0.768952 0.794381 0.823601 0.857196 0.895899 0.940636 0.992592 1.000000 0.955849 0.917548 0.884247 0.855266 0.830061 0.808191 0.789296 0.773084 0.759317 0.747802 0.738383 0.730938 0.725371 0.721614 0.719620 0.719365 0.720847 0.724082 0.729111 0.735996 0.744824 0.755709 0.763696 0.741242 0.721759 0.704928 0.690491 0.678233 0.667985 0.659607 0.652991 0.648051 0.644727 0.642978 0.642784 0.644140 0.647064 0.651592 0.657780 0.665705 0.675470 0.687207 0.701078 0.716510 0.713289 0.711803 0.712036 0.713990 0.717687 0.723175 0.730521 0.739818 0.751188 0.764784 0.780796 0.799461 0.821067 0.833352 0.821747 0.812391 0.805163 0.799973 0.796757 0.795475 0.796112 0.798676 0.803198 0.809733 0.818363 0.829198 0.842380 0.858088 0.876546 0.898026 5847.000000 1.176531 0.872539
0.873399 0.949945 0.906292 0.847635 0.797914 0.755423 0.718872 0.687275 0.659861 0.636023 0.615279 0.597238 0.581586 0.568067 0.556473 0.546633 0.538409 0.531691 0.526391 0.522442 0.519795 0.518417 0.518291 0.519417 0.521807 0.525491 0.530515 0.536942 0.544855 0.554360 0.565590 0.578707 0.593912 0.611449 0.631623 0.654803 0.681455 0.712156 0.747641 0.788847 0.836994 0.893694 0.882846 0.821159 0.769262 0.725177 0.687438 0.654933 0.626804 0.602384 0.581143 0.562657 0.546588 0.532659 0.520645 0.510364 0.501666 0.494430 0.488561 0.483982 0.480634 0.478478 0.477486 0.477646 0.478961 0.481446 0.485132 0.490064 0.496306 0.503938 0.513064 0.523812 0.536340 0.550841 0.567553 0.586769 0.608850 0.634245 0.663519 0.697388 0.736770 0.782866 0.837266 0.902126 0.980440 1.000000 0.914324 0.844043 0.785553 0.736303 0.694438 0.658579 0.627679 0.600932 0.577706 0.557502 0.539920 0.524638 0.511395 0.499980 0.490218 0.481969 0.475119 0.469576 0.465268 0.462143 0.460160 0.459296 0.459540 0.460895 0.463378 0.467019 0.471864 0.477974 0.485428 0.494329 0.504801 0.516999 0.531111 0.547372 0.566067 0.587549 0.612259 0.640751 0.673726 0.712087 0.757015 0.810076 1620.000000 1.150375 0.600200
0.584945 0.581257 0.574889 0.568052 0.562716 0.558812 0.556294 0.555129 0.555304 0.556821 0.559699 0.563972 0.569694 0.576937 0.585796 0.596391 0.608870 0.623416 0.640255 0.659661 0.681976 0.707617 0.737106 0.758393 0.763939 0.771439 0.780987 0.792709 0.806761 0.823339 0.842686 0.865098 0.890940 0.920660 0.954810 0.994079 1.000000 0.945356 0.898428 0.857907 0.822780 0.792250 0.765683 0.742571 0.722503 0.705145 0.690225 0.677523 0.666856 0.658081 0.651083 0.642649 0.633678 0.626443 0.620850 0.616828 0.614329 0.613321 0.613793 0.615751 0.619217 0.624235 0.630867 0.639198 0.646690 0.633115 0.621565 0.611876 0.603917 0.597583 0.592795 0.589491 0.587632 0.587194 0.588174 0.590581 0.594447 0.599817 0.606761 0.615367 0.625750 0.633581 0.642531 0.653333 0.666137 0.681127 0.698529 0.718619 0.741740 0.768310 0.798850 0.834011 0.874613 0.921706 0.976645 0.976345 0.936387 0.901658 0.871437 0.845146 0.822319 0.802574 0.785604 0.771156 0.759025 0.749047 0.741089 0.735051 0.730858 0.728456 0.727818 0.728936 0.731823 0.736514 0.743068 0.751566 0.762118 0.751243 0.722691 0.697849 0.676233 0.657452 0.641189 0.627186 0.615232 0.605155 0.596818 0.590110 5319.500000 1.306239 0.814384
0.915800 0.881013 0.850746 0.824410 0.801528 0.781715 0.764655 0.750093 0.737819 0.727665 0.719496 0.713208 0.708721 0.705981 0.704954 0.705627 0.708008 0.712127 0.718035 0.705569 0.694675 0.685739 0.678644 0.673300 0.669640 0.667619 0.667213 0.668417 0.671245 0.675732 0.681933 0.689927 0.699816 0.711732 0.725840 0.742343 0.761491 0.783591 0.809020 0.838241 0.871831 0.910511 0.955190 0.984297 0.950816 0.921684 0.896380 0.874478 0.855633 0.839564 0.826040 0.814876 0.805927 0.799075 0.794237 0.791352 0.790385 0.791324 0.794181 0.798990 0.805812 0.814730 0.825860 0.839348 0.855379 0.874181 0.870059 0.843593 0.820607 0.800719 0.783615 0.769040 0.756787 0.746690 0.738614 0.732457 0.728141 0.725613 0.724844 0.725822 0.728561 0.733093 0.739475 0.747786 0.758133 0.770653 0.764666 0.752517 0.742509 0.734509 0.728417 0.724154 0.721670 0.720934 0.721936 0.724690 0.729228 0.735607 0.743906 0.754232 0.766723 0.781548 0.798921 0.819101 0.842410 0.844238 0.829570 0.817338 0.807379 0.799563 0.793790 0.789990 0.788115 0.788144 0.790076 0.793935 0.799767 0.807647 0.817672 0.829975 0.844719 0.862111 0.882404 0.905912 0.933015 0.964184 1.000000 0.955845 7696.500000 1.137075 0.867223
0.617726 0.659056 0.708143 0.767126 0.839033 0.821511 0.776099 0.737128 0.703497 0.674354 0.649032 0.626998 0.607827 0.591176 0.576765 0.564367 0.553797 0.544905 0.537568 0.531690 0.527195 0.524028 0.522148 0.521534 0.522178 0.524088 0.527287 0.531814 0.537726 0.545099 0.554030 0.564642 0.577086 0.591547 0.608256 0.627491 0.649598 0.675005 0.704247 0.737995 0.777106 0.762754 0.708488 0.662921 0.624275 0.591232 0.562799 0.538213 0.516878 0.498324 0.482178 0.468137 0.455959 0.445444 0.436430 0.428787 0.422407 0.417204 0.413111 0.410076 0.408061 0.407042 0.407006 0.407952 0.409893 0.412851 0.416864 0.421983 0.428273 0.435820 0.444727 0.455126 0.467175 0.481070 0.497051 0.515415 0.536530 0.560857 0.588982 0.621653 0.659844 0.704844 0.758392 0.822890 0.901754 1.000000 0.974161 0.875443 0.796635 0.732462 0.679372 0.634884 0.597215 0.565050 0.537401 0.513512 0.492792 0.474780 0.459104 0.445470 0.433636 0.423409 0.414628 0.407166 0.400916 0.395794 0.391733 0.388682 0.386602 0.385467 0.385265 0.385992 0.387658 0.390283 0.393898 0.398551 0.404300 0.411223 0.419415 0.428994 0.440107 0.452930 0.467684 0.484638 0.504128 0.526573 0.552502 0.582594 4300.000000 1.421372 0.578088
0.835995 0.865344 0.899074 0.937891 0.982685 1.000000 0.931013 0.872897 0.823477 0.781135 0.744640 0.713044 0.685605 0.661734 0.640962 0.622909 0.607268 0.593789 0.582268 0.572538 0.564465 0.557943 0.552886 0.549231 0.546933 0.545964 0.546313 0.547983 0.550441 0.547723 0.546341 0.546278 0.547535 0.550125 0.554082 0.559453 0.566308 0.574734 0.584845 0.596781 0.610716 0.626865 0.645487 0.666906 0.691519 0.719818 0.752422 0.790113 0.833895 0.885071 0.945365 0.920245 0.883522 0.851590 0.823801 0.799634 0.778667 0.760557 0.745024 0.731841 0.720822 0.711820 0.704716 0.699422 0.695870 0.694017 0.693842 0.695341 0.698533 0.703457 0.710174 0.718769 0.729353 0.742068 0.757091 0.774638 0.794980 0.818443 0.845432 0.830532 0.790983 0.756768 0.727070 0.701241 0.678763 0.659219 0.642274 0.627652 0.615131 0.604526 0.595692 0.588510 0.582887 0.578751 0.576051 0.574754 0.574845 0.576325 0.579212 0.583540 0.589364 0.596757 0.605817 0.616664 0.629451 0.644364 0.661634 0.681542 0.704435 0.730742 0.727121 0.717268 0.709365 0.703311 0.699028 0.696465 0.695590 0.696393 0.698884 0.703092 0.709070 0.716892 0.726659 0.738500 0.752575 0.769087 0.788281 0.810460 1671.000000 1.269856 0.768223
0.861769 0.904127 0.889310 0.871822 0.857033 0.844739 0.834775 0.827013 0.821354 0.817729 0.816093 0.816426 0.818733 0.823041 0.829404 0.837900 0.848638 0.861757 0.877435 0.895893 0.917401 0.942294 0.970979 0.981854 0.900589 0.833602 0.777634 0.730357 0.690066 0.655485 0.625640 0.599776 0.577301 0.557745 0.540730 0.525953 0.513165 0.502165 0.492789 0.484903 0.478400 0.476864 0.477231 0.478753 0.481448 0.485350 0.490506 0.496984 0.504867 0.514264 0.525306 0.538158 0.553020 0.570139 0.589818 0.612432 0.638448 0.668455 0.703200 0.743643 0.791045 0.847081 0.914032 0.995076 1.000000 0.969730 0.943444 0.920706 0.901157 0.884508 0.870522 0.859009 0.849817 0.842828 0.837956 0.835140 0.834347 0.835565 0.838811 0.844124 0.851569 0.861240 0.873262 0.887792 0.854533 0.814521 0.779884 0.749805 0.723638 0.700868 0.681078 0.663930 0.649150 0.636514 0.625839 0.616978 0.609813 0.604252 0.600224 0.597680 0.596588 0.596936 0.598727 0.601984 0.606746 0.613073 0.621045 0.630767 0.642370 0.641737 0.636710 0.633274 0.631388 0.631029 0.632193 0.634893 0.639162 0.645054 0.652643 0.662026 0.673329 0.686707 0.702354 0.720507 0.741457 0.765561 0.793261 0.825102 9319.500000 1.338243 0.764223
0.840896 0.790153 0.746883 0.709726 0.677647 0.649840 0.625673 0.604643 0.586348 0.570461 0.556719 0.544904 0.534843 0.526391 0.519434 0.513881 0.509660 0.506718 0.505020 0.504545 0.505286 0.507254 0.510472 0.514979 0.520832 0.528107 0.536900 0.547332 0.559551 0.573743 0.590131 0.608994 0.630672 0.655588 0.684269 0.717383 0.755778 0.800552 0.853151 0.915508 0.963028 0.894621 0.837170 0.788437 0.746767 0.710906 0.679895 0.652983 0.629580 0.609213 0.591503 0.576142 0.562881 0.551515 0.541878 0.533837 0.527282 0.522129 0.518313 0.515785 0.514515 0.514488 0.515703 0.518176 0.521935 0.527029 0.533521 0.541495 0.551059 0.562347 0.575521 0.590786 0.608387 0.628631 0.651893 0.678640 0.709458 0.745089 0.786483 0.834876 0.891905 0.959777 0.980384 0.904171 0.840833 0.787561 0.742318 0.703594 0.670245 0.641389 0.616338 0.594550 0.575589 0.559105 0.544814 0.532487 0.521935 0.513005 0.505573 0.499540 0.494826 0.491374 0.489139 0.488096 0.488230 0.489544 0.492054 0.495791 0.500800 0.507146 0.514911 0.524200 0.535143 0.547901 0.562670 0.579694 0.599268 0.621760 0.647628 0.677444 0.711937 0.752039 0.798968 0.854339 0.920339 1.000000 0.972702 0.900923 1572.000000 1.063844 0.603730
0.600921 0.578060 0.558171 0.540864 0.525828 0.512806 0.501593 0.492020 0.483949 0.477271 0.471895 0.467753 0.464794 0.462980 0.462290 0.462714 0.464259 0.466943 0.470799 0.475875 0.482236 0.489966 0.499170 0.509978 0.522552 0.537088 0.553828 0.573070 0.595183 0.620626 0.649977 0.683971 0.723558 0.769976 0.824883 0.890531 0.970072 1.000000 0.883368 0.792811 0.720669 0.662023 0.613571 0.573013 0.538702 0.509426 0.484274 0.462551 0.443717 0.427345 0.413098 0.400705 0.389946 0.380642 0.372649 0.365848 0.360143 0.355456 0.351726 0.348905 0.346958 0.345862 0.345602 0.346177 0.347591 0.349864 0.353023 0.357107 0.362170 0.368279 0.375517 0.383989 0.393822 0.405175 0.418238 0.433251 0.450507 0.470376 0.493320 0.519935 0.550989 0.587493 0.630804 0.682785 0.746061 0.824453 0.923739 0.988839 0.909613 0.844022 0.789028 0.742441 0.702647 0.668430 0.638859 0.613208 0.590905 0.571497 0.554617 0.539968 0.527312 0.516450 0.507225 0.499505 0.493187 0.488189 0.484446 0.481912 0.480556 0.480362 0.481327 0.483463 0.486796 0.491367 0.497234 0.504473 0.513181 0.523477 0.535512 0.549468 0.565569 0.584093 0.605379 0.629849 0.658034 0.690600 0.657620 0.627237 2823.500000 1.615594 0.553864
0.665808 0.644933 0.626791 0.611073 0.597529 0.585954 0.576180 0.568072 0.561524 0.556450 0.552787 0.550490 0.549529 0.549895 0.551591 0.554637 0.559072 0.564950 0.572346 0.581358 0.592108 0.604747 0.619462 0.636482 0.656090 0.678631 0.704534 0.734331 0.768695 0.808475 0.854769 0.909010 0.973104 1.000000 0.935150 0.880189 0.833227 0.792835 0.757920 0.727629 0.701291 0.678370 0.658436 0.641140 0.626200 0.613385 0.602506 0.593410 0.585976 0.580106 0.575726 0.572781 0.571235 0.571069 0.572282 0.574888 0.578918 0.584424 0.591474 0.600159 0.610596 0.622930 0.612902 0.598216 0.585596 0.574853 0.565836 0.558422 0.552514 0.548035 0.544931 0.543163 0.542710 0.543566 0.545741 0.549263 0.554174 0.560536 0.568431 0.577964 0.589266 0.602499 0.617863 0.635602 0.656018 0.679479 0.706446 0.737492 0.773340 0.814916 0.863413 0.920406 0.988004 0.971636 0.912373 0.861880 0.818551 0.781162 0.748765 0.720615 0.696121 0.674809 0.656298 0.640276 0.626492 0.614738 0.604848 0.596685 0.590142 0.585136 0.581604 0.579501 0.578803 0.579501 0.581604 0.585136 0.590142 0.596685 0.604848 0.614738 0.626492 0.640276 0.656298 0.674809 0.696121 0.720615 0.717372 0.689797 1602.000000 1.476970 0.717150
0.908930 0.872314 0.840481 0.812778 0.788683 0.767772 0.749700 0.734188 0.721006 0.709969 0.700929 0.693766 0.688389 0.684733 0.682750 0.682419 0.683734 0.686712 0.691389 0.697823 0.706095 0.716311 0.728608 0.732124 0.710991 0.692665 0.676851 0.663304 0.651829 0.642264 0.634483 0.628384 0.623890 0.620945 0.619513 0.619576 0.621137 0.624212 0.628841 0.635081 0.643010 0.652731 0.664377 0.678109 0.694128 0.712680 0.734069 0.758665 0.786928 0.819429 0.856884 0.862510 0.836758 0.814405 0.795081 0.778484 0.764370 0.752539 0.742831 0.735119 0.729304 0.725314 0.723100 0.722635 0.723914 0.726951 0.731785 0.738474 0.747102 0.757783 0.770656 0.785900 0.803735 0.824431 0.848318 0.875803 0.870729 0.835202 0.804322 0.777451 0.754074 0.733779 0.716227 0.701146 0.688310 0.677539 0.668686 0.661634 0.656295 0.652600 0.650505 0.649984 0.651032 0.653660 0.657900 0.663806 0.671451 0.680933 0.692379 0.685518 0.671715 0.660015 0.650255 0.642305 0.636061 0.631443 0.628395 0.626879 0.626877 0.628389 0.631433 0.636046 0.642286 0.650232 0.659987 0.671681 0.685479 0.701581 0.720234 0.741742 0.766478 0.794901 0.827585 0.865244 0.908789 0.959382 1.000000 0.951145 1746.500000 1.223503 0.825974
0.727835 0.771505 0.822858 0.816576 0.767944 0.726431 0.690755 0.659935 0.633207 0.609973 0.589754 0.572166 0.556900 0.543703 0.532370 0.522733 0.514657 0.508032 0.502771 0.498807 0.496091 0.494590 0.494284 0.495172 0.497262 0.500582 0.505171 0.511087 0.518408 0.527230 0.537675 0.549894 0.564072 0.580436 0.599264 0.620900 0.645771 0.674411 0.707492 0.745876 0.790677 0.843366 0.905917 0.981042 0.892241 0.818800 0.758218 0.707569 0.664765 0.628272 0.596940 0.569892 0.546449 0.526075 0.508347 0.492923 0.479529 0.467941 0.457977 0.449489 0.442356 0.436481 0.431787 0.428213 0.425715 0.424262 0.423836 0.424433 0.426060 0.428736 0.432494 0.437381 0.443461 0.450814 0.459540 0.469765 0.481642 0.495360 0.511149 0.529295 0.550151 0.574157 0.601871 0.634001 0.671463 0.715462 0.767611 0.830117 0.906081 1.000000 0.921156 0.854049 0.797848 0.750282 0.709682 0.674793 0.644654 0.618518 0.595798 0.576027 0.558829 0.543900 0.530995 0.519911 0.510484 0.502583 0.496100 0.490949 0.487066 0.484401 0.482922 0.482612 0.483466 0.485494 0.488722 0.493190 0.498952 0.506085 0.514683 0.524863 0.536775 0.550596 0.566549 0.584905 0.606000 0.630247 0.658168 0.690418 4020.000000 1.222650 0.595401
0.691624 0.700277 0.710883 0.723585 0.724732 0.719925 0.716896 0.715610 0.716050 0.718221 0.722152 0.727888 0.735503 0.745092 0.756782 0.770731 0.787136 0.806239 0.828337 0.853796 0.883064 0.916697 0.955386 1.000000 0.962891 0.920576 0.883863 0.851940 0.824159 0.799998 0.779038 0.760934 0.745407 0.732230 0.721218 0.712222 0.705126 0.699840 0.696297 0.694454 0.694290 0.695801 0.699006 0.703945 0.710678 0.719291 0.729896 0.742633 0.757681 0.775257 0.795630 0.787146 0.779993 0.774819 0.771559 0.770175 0.770648 0.772986 0.777216 0.783390 0.791585 0.801905 0.814487 0.829500 0.847155 0.863488 0.840865 0.821325 0.804567 0.790345 0.778461 0.768752 0.761094 0.755389 0.751566 0.749578 0.749401 0.751033 0.754493 0.759825 0.767094 0.776392 0.783659 0.767717 0.754192 0.742894 0.733670 0.726402 0.720996 0.717385 0.715525 0.715394 0.716990 0.720333 0.725462 0.732443 0.741362 0.752336 0.765512 0.781073 0.799244 0.820305 0.844596 0.872535 0.904639 0.941552 0.984076 0.975435 0.928927 0.888695 0.853775 0.823404 0.796973 0.773994 0.754067 0.736872 0.722145 0.709671 0.699276 0.690822 0.684198 0.679321 0.676131 0.674588 0.674673 0.676389 0.679754 0.684812 3682.500000 1.034595 0.848427
0.652419 0.610119 0.574270 0.543636 0.517289 0.494513 0.474754 0.457573 0.442622 0.429619 0.418337 0.408591 0.400232 0.393136 0.387203 0.382355 0.378527 0.375671 0.373751 0.372745 0.372639 0.373432 0.375135 0.377767 0.381362 0.385965 0.391635 0.398448 0.406499 0.415905 0.426809 0.439388 0.453857 0.470483 0.489598 0.511616 0.537064 0.566611 0.601132 0.641778 0.690103 0.748247 0.819246 0.907546 0.894722 0.834449 0.783553 0.740190 0.702979 0.670869 0.643046 0.618870 0.597834 0.579532 0.563634 0.549875 0.538037 0.527942 0.519448 0.512438 0.506819 0.502520 0.499486 0.497680 0.497081 0.497680 0.499486 0.502520 0.506819 0.512438 0.519448 0.527942 0.538037 0.549875 0.563634 0.579532 0.597834 0.618870 0.643046 0.670869 0.702979 0.740190 0.714623 0.673670 0.638611 0.608414 0.582283 0.559596 0.539864 0.522691 0.507763 0.494823 0.483663 0.474111 0.466031 0.459309 0.453857 0.449602 0.446493 0.444489 0.443567 0.443716 0.444937 0.447246 0.450670 0.455251 0.461049 0.468139 0.476617 0.486601 0.498239 0.511709 0.527234 0.545084 0.565596 0.589187 0.616381 0.647843 0.684427 0.727247 0.777782 0.838033 0.910782 1.000000 0.931570 0.838314 0.763701 0.702840 966.000000 1.426879 0.576490
0.833765 0.816934 0.802664 0.790756 0.781050 0.773421 0.767771 0.764030 0.762152 0.762116 0.763919 0.767585 0.773158 0.780706 0.790326 0.802143 0.816315 0.833040 0.852561 0.875178 0.891177 0.884161 0.879357 0.876705 0.876173 0.877756 0.881471 0.887365 0.895511 0.906010 0.918998 0.934648 0.953177 0.974852 1.000000 0.996937 0.943745 0.897996 0.858449 0.824141 0.794309 0.768348 0.745770 0.726181 0.709259 0.694744 0.682421 0.672120 0.663699 0.657051 0.652089 0.648754 0.647003 0.646815 0.648189 0.651059 0.654335 0.659242 0.665838 0.674209 0.684462 0.696737 0.711205 0.728077 0.747615 0.770136 0.796034 0.825792 0.860014 0.899456 0.945076 0.998103 0.996449 0.968775 0.944811 0.924177 0.906562 0.891714 0.879429 0.869545 0.861933 0.856499 0.853176 0.851923 0.852724 0.855591 0.860557 0.867683 0.877059 0.888804 0.896123 0.871567 0.850314 0.832030 0.816442 0.803326 0.792504 0.783833 0.777202 0.772527 0.769752 0.768842 0.769786 0.772597 0.777307 0.783976 0.792686 0.803549 0.816709 0.807371 0.795092 0.785043 0.777093 0.771143 0.767116 0.764965 0.764663 0.766206 0.769613 0.774926 0.782210 0.791558 0.803090 0.816960 0.833360 0.852528 0.874756 0.853404 1005.000000 1.127428 0.865069
0.859826 0.825383 0.795436 0.769374 0.746708 0.727040 0.710049 0.695471 0.683091 0.672738 0.664269 0.657576 0.652573 0.649197 0.647408 0.647184 0.648521 0.647052 0.643839 0.642197 0.642107 0.643567 0.646595 0.651227 0.657522 0.665559 0.675442 0.687304 0.701310 0.717663 0.736614 0.748998 0.744012 0.740865 0.739519 0.739957 0.742185 0.746229 0.752140 0.759990 0.769880 0.781940 0.796332 0.813260 0.832974 0.855780 0.882055 0.912262 0.946973 0.907430 0.869796 0.837095 0.808642 0.783886 0.762382 0.743771 0.727758 0.714105 0.702615 0.693133 0.685533 0.679718 0.675614 0.673172 0.672361 0.673172 0.675614 0.679718 0.685533 0.693133 0.702615 0.714105 0.727758 0.743771 0.762382 0.783886 0.808642 0.837095 0.869796 0.907430 0.950862 0.955700 0.901828 0.855656 0.815852 0.781386 0.751450 0.725407 0.702744 0.683050 0.665991 0.651294 0.638737 0.628140 0.619356 0.612270 0.606789 0.602844 0.600388 0.599389 0.604367 0.611068 0.619427 0.629556 0.641593 0.655710 0.672117 0.691075 0.712900 0.737984 0.756398 0.758286 0.762023 0.767656 0.775255 0.784915 0.796763 0.810958 0.827697 0.847227 0.869846 0.895924 0.925913 0.960373 1.000000 0.998883 0.945467 0.899530 4406.500000 1.139028 0.795520
0.832531 0.939085 1.000000 0.904789 0.827953 0.764844 0.712269 0.667962 0.630275 0.597976 0.570133 0.546025 0.525086 0.506870 0.491019 0.477244 0.465311 0.455029 0.446245 0.438829 0.432682 0.427721 0.423882 0.421116 0.419391 0.418683 0.418986 0.420303 0.422649 0.426054 0.430560 0.436224 0.443122 0.451345 0.461011 0.472263 0.485276 0.500266 0.517498 0.537300 0.560080 0.586354 0.616772 0.652176 0.661958 0.634362 0.610386 0.589525 0.571374 0.555606 0.541955 0.530206 0.520181 0.511739 0.504763 0.499161 0.494861 0.491809 0.489968 0.489315 0.489842 0.491556 0.494477 0.498642 0.504102 0.510927 0.519208 0.529057 0.540615 0.554053 0.569584 0.587466 0.608021 0.631642 0.658824 0.690189 0.726527 0.768859 0.818523 0.877306 0.914199 0.813299 0.734050 0.670346 0.618187 0.574843 0.538391 0.507436 0.480943 0.458127 0.438387 0.421250 0.406345 0.393374 0.382098 0.372321 0.363888 0.356668 0.350557 0.345471 0.341340 0.338112 0.335746 0.334212 0.333492 0.333577 0.334467 0.336175 0.338720 0.342135 0.346463 0.351759 0.358096 0.365563 0.374268 0.384347 0.395963 0.409321 0.424670 0.442322 0.462668 0.486204 0.513567 0.545586 0.583361 0.628383 0.682718 0.749315 7338.500000 1.627435 0.553083
0.613592 0.582723 0.556086 0.533006 0.512952 0.495503 0.480321 0.467133 0.455719 0.445898 0.437523 0.430475 0.424657 0.419993 0.416422 0.413900 0.412396 0.411892 0.412381 0.413869 0.416375 0.419930 0.424577 0.430377 0.437405 0.445759 0.455557 0.466945 0.480104 0.495253 0.512665 0.532676 0.555706 0.582283 0.613082 0.648971 0.691091 0.740967 0.800682 0.873153 0.962598 1.000000 0.903802 0.826304 0.762739 0.709843 0.665307 0.627452 0.595029 0.567091 0.542908 0.521910 0.503643 0.487747 0.473931 0.461958 0.451636 0.442809 0.435349 0.429153 0.424138 0.420240 0.417409 0.415611 0.414823 0.415036 0.416253 0.418487 0.421768 0.426135 0.431645 0.438368 0.446397 0.455844 0.466848 0.479581 0.494252 0.511119 0.530501 0.552795 0.578500 0.608249 0.642856 0.683385 0.731247 0.788362 0.841071 0.792292 0.750571 0.714660 0.683599 0.656642 0.633198 0.612796 0.595056 0.579672 0.566393 0.555016 0.545375 0.537336 0.530790 0.525653 0.521860 0.519363 0.518132 0.518153 0.519424 0.521963 0.525800 0.530982 0.537575 0.545665 0.555360 0.566797 0.580141 0.595598 0.613420 0.633916 0.657467 0.684548 0.715755 0.751840 0.793771 0.842806 0.801690 0.741804 0.691794 0.649567 1857.500000 1.327132 0.587234
0.610880 0.625411 0.642236 0.657073 0.650629 0.645851 0.642679 0.641076 0.641021 0.642513 0.645572 0.650234 0.656556 0.664620 0.674530 0.686418 0.700450 0.716831 0.735812 0.757700 0.782874 0.811802 0.845063 0.883385 0.927689 0.979155 1.000000 0.941141 0.890852 0.847603 0.810221 0.777791 0.749594 0.725056 0.703714 0.685197 0.669200 0.655475 0.643823 0.634078 0.626110 0.619814 0.615111 0.611941 0.610267 0.610067 0.605874 0.590010 0.576309 0.564558 0.554587 0.546255 0.539450 0.534084 0.530087 0.527411 0.526023 0.525905 0.527058 0.529493 0.533242 0.538350 0.544883 0.552925 0.562583 0.573991 0.587317 0.602762 0.620577 0.641069 0.664616 0.691688 0.722875 0.758922 0.800783 0.849699 0.907307 0.915093 0.880369 0.850157 0.823869 0.801029 0.781253 0.764227 0.749695 0.737448 0.727319 0.719174 0.712908 0.708441 0.705720 0.704711 0.705402 0.707801 0.711937 0.717862 0.725649 0.735397 0.747236 0.761326 0.777868 0.797108 0.819347 0.804187 0.766006 0.732973 0.704297 0.679355 0.657650 0.638780 0.622420 0.608306 0.596223 0.585994 0.577478 0.570561 0.565154 0.561187 0.558611 0.557396 0.557526 0.559004 0.561846 0.566088 0.571783 0.579002 0.587841 0.598417 18442.000000 1.391527 0.778940
1.000000 0.962518 0.929903 0.901527 0.876882 0.855554 0.837208 0.821570 0.808418 0.797571 0.788886 0.782253 0.777589 0.774835 0.773958 0.774948 0.777817 0.782600 0.789356 0.794901 0.767882 0.744374 0.723954 0.706281 0.691076 0.678110 0.667200 0.658196 0.650979 0.645457 0.641560 0.639241 0.638471 0.639241 0.641560 0.645457 0.650979 0.658196 0.667200 0.678110 0.691076 0.706281 0.723954 0.744374 0.767882 0.794901 0.825953 0.861690 0.902934 0.950729 0.980684 0.962119 0.946481 0.933556 0.923174 0.915200 0.909536 0.906111 0.904883 0.905837 0.908986 0.914368 0.922048 0.925957 0.897581 0.872933 0.851599 0.833242 0.817588 0.804414 0.793539 0.784820 0.778144 0.773428 0.770615 0.769669 0.770580 0.773358 0.778038 0.784676 0.769028 0.750113 0.733831 0.719939 0.708237 0.698566 0.690797 0.684831 0.680592 0.678029 0.677110 0.677825 0.680181 0.684208 0.689955 0.697493 0.706920 0.714160 0.721878 0.731546 0.743292 0.757275 0.773693 0.792792 0.814870 0.840296 0.869522 0.860292 0.844983 0.832179 0.821707 0.813431 0.807245 0.803073 0.800863 0.800588 0.802246 0.805856 0.811462 0.819134 0.828968 0.841093 0.855669 0.872900 0.893034 0.916379 0.943311 0.974292 580.000000 1.160973 0.875763
0.849827 0.831164 0.815226 0.801782 0.790649 0.781678 0.774754 0.769789 0.766723 0.765519 0.766160 0.768657 0.773038 0.779357 0.787694 0.798155 0.810877 0.826034 0.843840 0.864559 0.888515 0.916106 0.947823 0.963978 0.931141 0.902569 0.877751 0.856268 0.837782 0.822015 0.808744 0.797785 0.788995 0.782261 0.777498 0.774647 0.773674 0.774567 0.777337 0.782018 0.788667 0.797368 0.808231 0.821400 0.837056 0.855421 0.876770 0.901438 0.929840 0.962484 1.000000 0.971203 0.934379 0.902340 0.874462 0.850242 0.829271 0.811218 0.795810 0.782827 0.772091 0.763460 0.756822 0.752096 0.749222 0.748165 0.748913 0.751475 0.755881 0.762186 0.770470 0.780837 0.793424 0.808403 0.825987 0.846437 0.870075 0.897295 0.928582 0.964538 0.950524 0.919407 0.892345 0.868864 0.848579 0.831176 0.816400 0.804043 0.793939 0.785956 0.779992 0.775973 0.773849 0.773597 0.775211 0.778712 0.784142 0.791569 0.801086 0.812817 0.826918 0.843586 0.863061 0.885640 0.911688 0.941652 0.941261 0.916056 0.894264 0.875545 0.859622 0.846270 0.835309 0.826593 0.820012 0.815485 0.812955 0.812391 0.813788 0.817161 0.822553 0.830028 0.839683 0.851640 0.866059 0.883140 0.896511 0.871494 7303.000000 1.042988 0.857226
0.561212 0.572435 0.585555 0.594684 0.601304 0.609558 0.619555 0.631432 0.645358 0.661542 0.680240 0.701765 0.726504 0.754936 0.787660 0.825427 0.869198 0.920212 0.980096 1.000000 0.955868 0.917584 0.884297 0.855328 0.830134 0.808273 0.789387 0.765318 0.728151 0.696026 0.668157 0.643926 0.622839 0.604499 0.588586 0.574838 0.563043 0.553028 0.544653 0.537803 0.532391 0.528346 0.525619 0.524177 0.524001 0.525090 0.522646 0.520756 0.520129 0.520756 0.522646 0.525820 0.530319 0.536198 0.543533 0.552421 0.562984 0.575371 0.589768 0.606403 0.607144 0.606027 0.606372 0.608184 0.611484 0.616313 0.622731 0.630820 0.640686 0.652461 0.666313 0.682446 0.701110 0.722614 0.747336 0.775744 0.808422 0.846102 0.860749 0.839345 0.820910 0.805165 0.791884 0.780886 0.772023 0.765181 0.760276 0.757245 0.756053 0.756684 0.759147 0.763471 0.769710 0.777941 0.788270 0.800831 0.811934 0.766563 0.727656 0.694098 0.665031 0.639779 0.617809 0.598693 0.582084 0.567702 0.555319 0.544750 0.535842 0.528473 0.522546 0.517985 0.514732 0.512747 0.512006 0.512499 0.514234 0.517231 0.521527 0.527176 0.525782 0.525540 0.526566 0.528872 0.532488 0.537457 0.543841 0.551725 4108.000000 1.445075 0.804423
0.508741 0.509354 0.511202 0.514307 0.518707 0.524458 0.531633 0.540326 0.550657 0.562773 0.576855 0.593125 0.611857 0.633386 0.658129 0.686605 0.719468 0.757552 0.801933 0.814404 0.797557 0.783241 0.771256 0.761438 0.753660 0.747823 0.743854 0.741704 0.741347 0.742779 0.746017 0.751101 0.758094 0.767084 0.778186 0.765269 0.748839 0.734833 0.723052 0.713333 0.705550 0.699602 0.695414 0.692936 0.692137 0.693007 0.695557 0.699819 0.705844 0.713707 0.723511 0.735384 0.711436 0.689655 0.670737 0.654363 0.640275 0.628263 0.618155 0.609812 0.603126 0.598010 0.594399 0.582899 0.572663 0.564116 0.557143 0.551653 0.547576 0.544862 0.543478 0.543406 0.544646 0.547214 0.551139 0.556472 0.563279 0.566893 0.568578 0.571655 0.576161 0.582152 0.589705 0.598917 0.609915 0.622853 0.637922 0.655356 0.675443 0.698536 0.725072 0.755597 0.790793 0.831530 0.878924 0.934434 1.000000 0.949217 0.903450 0.863879 0.829543 0.799685 0.773701 0.751105 0.731504 0.714577 0.700065 0.687754 0.677473 0.669082 0.662473 0.657562 0.654288 0.652611 0.652510 0.633386 0.611857 0.593125 0.576855 0.562773 0.550657 0.540326 0.531633 0.524458 0.518707 0.514307 0.511202 0.509354 789.500000 1.216034 0.818702
0.851620 0.846251 0.842968 0.841729 0.842521 0.845354 0.850260 0.857301 0.866565 0.878170 0.892268 0.909053 0.918937 0.885439 0.856286 0.830931 0.808926 0.789911 0.773590 0.759723 0.748115 0.738608 0.731080 0.725434 0.721599 0.719528 0.719198 0.720602 0.723760 0.728708 0.735508 0.744247 0.755036 0.768021 0.783379 0.801335 0.822160 0.846190 0.873835 0.905602 0.942122 0.984182 1.000000 0.954405 0.914894 0.880562 0.850689 0.824697 0.802122 0.782585 0.765778 0.751450 0.739396 0.729453 0.721489 0.715402 0.711115 0.708577 0.707755 0.708640 0.711244 0.715596 0.721752 0.729788 0.739808 0.751943 0.766359 0.783263 0.802908 0.825604 0.841981 0.831393 0.823025 0.816773 0.812557 0.810327 0.810055 0.811739 0.815397 0.821076 0.828846 0.838803 0.851079 0.865835 0.883278 0.903660 0.927292 0.954553 0.985914 0.969503 0.929461 0.894665 0.864388 0.838045 0.815166 0.795369 0.778341 0.763829 0.751625 0.741563 0.733511 0.727366 0.723050 0.720510 0.719717 0.720659 0.723348 0.727818 0.734122 0.742341 0.752062 0.747161 0.744104 0.742855 0.743398 0.745739 0.749908 0.755954 0.763955 0.774011 0.786255 0.800853 0.818011 0.837983 0.861082 0.881045 0.868907 0.859140 834.000000 1.080921 0.858121
0.929631 0.955336 0.984943 1.000000 0.970848 0.945561 0.923727 0.905009 0.889135 0.875881 0.865070 0.856561 0.850247 0.846047 0.843913 0.843816 0.845757 0.849759 0.855871 0.854456 0.839403 0.826828 0.816563 0.808473 0.802456 0.798437 0.796368 0.796222 0.797998 0.798284 0.783328 0.770744 0.760361 0.752042 0.745679 0.741194 0.738532 0.737659 0.738565 0.741261 0.745781 0.752179 0.760536 0.770958 0.783585 0.798588 0.816181 0.836627 0.860250 0.887446 0.918703 0.939280 0.917877 0.899546 0.884021 0.871086 0.860567 0.852328 0.846265 0.842303 0.840392 0.840510 0.842659 0.846864 0.853177 0.861676 0.857854 0.853809 0.851846 0.851939 0.854090 0.858324 0.864695 0.873280 0.884189 0.897564 0.913584 0.932473 0.954509 0.980029 0.998100 0.956582 0.920509 0.889123 0.861813 0.838090 0.817555 0.799883 0.784810 0.772120 0.761639 0.753229 0.746783 0.742219 0.739481 0.738535 0.739371 0.741999 0.741014 0.738297 0.737370 0.738221 0.740861 0.745322 0.751659 0.759951 0.770305 0.782856 0.797778 0.815281 0.835628 0.859139 0.862770 0.850749 0.841058 0.833570 0.828192 0.824857 0.823525 0.824180 0.826829 0.831505 0.838265 0.847193 0.858404 0.872045 0.888301 0.907402 1652.000000 1.139446 0.901862
0.903702 0.948272 1.000000 0.947784 0.889869 0.840533 0.798202 0.761677 0.730030 0.702534 0.678608 0.657792 0.639709 0.624057 0.610589 0.599103 0.589434 0.579157 0.566586 0.555860 0.546825 0.539358 0.533360 0.528753 0.525480 0.523501 0.522792 0.523344 0.525163 0.528272 0.532709 0.538530 0.545808 0.554641 0.565148 0.577479 0.591817 0.608389 0.627470 0.649403 0.674608 0.703613 0.737078 0.775849 0.764599 0.751561 0.740714 0.731914 0.725047 0.720026 0.716789 0.715296 0.715530 0.717493 0.721209 0.726724 0.734106 0.743448 0.754874 0.768536 0.784628 0.803384 0.795847 0.775184 0.757345 0.742057 0.729094 0.718278 0.709462 0.702532 0.697400 0.694002 0.692296 0.692263 0.693901 0.697231 0.702293 0.709150 0.717888 0.728622 0.741495 0.756687 0.774419 0.764067 0.730347 0.701095 0.675662 0.653528 0.634278 0.617575 0.603145 0.590764 0.580251 0.571459 0.564268 0.558584 0.554336 0.551471 0.549953 0.549765 0.550903 0.553382 0.557232 0.562500 0.569254 0.577580 0.587589 0.599422 0.613248 0.629279 0.647773 0.662969 0.661049 0.660727 0.661999 0.664881 0.669408 0.675636 0.683643 0.693533 0.705438 0.719523 0.735990 0.755091 0.777131 0.802488 0.831627 0.865125 906.500000 1.373135 0.811278
0.897356 0.858733 0.825203 0.796039 0.770660 0.748596 0.729469 0.712970 0.698847 0.686895 0.676949 0.668875 0.662568 0.657950 0.654963 0.653570 0.653754 0.655519 0.658884 0.663892 0.670604 0.679107 0.689510 0.701954 0.716614 0.733704 0.753489 0.776292 0.802513 0.832643 0.861841 0.835822 0.813230 0.793689 0.776893 0.762592 0.750583 0.740704 0.732824 0.726842 0.722684 0.720299 0.719657 0.720751 0.723595 0.728222 0.734691 0.743081 0.753502 0.766090 0.781020 0.798506 0.818810 0.842255 0.869239 0.900249 0.935892 0.976924 1.000000 0.942574 0.893421 0.851088 0.814460 0.782661 0.755003 0.730934 0.710009 0.691870 0.676223 0.662829 0.651495 0.642063 0.634406 0.628426 0.624047 0.621215 0.619895 0.620071 0.621746 0.624939 0.629690 0.636058 0.644124 0.653992 0.665797 0.679703 0.695915 0.714683 0.736314 0.761186 0.789767 0.822637 0.860524 0.904354 0.955314 0.947021 0.906749 0.871777 0.841355 0.814881 0.791871 0.771934 0.754750 0.740058 0.727647 0.717345 0.709014 0.702549 0.697865 0.694907 0.693638 0.694043 0.696126 0.699913 0.705450 0.712806 0.722075 0.733378 0.746869 0.762738 0.781218 0.802597 0.827229 0.855546 0.888086 0.925518 0.968680 0.941993 588.000000 1.135576 0.774522
0.767865 0.748138 0.731118 0.716542 0.704200 0.693919 0.685561 0.679019 0.674209 0.671073 0.669571 0.669685 0.671417 0.674788 0.679840 0.686634 0.695256 0.705821 0.718469 0.733377 0.750764 0.770898 0.794108 0.820797 0.851465 0.886733 0.927379 0.974391 0.996904 0.933165 0.879077 0.832811 0.792987 0.758542 0.728647 0.702648 0.680021 0.660348 0.643287 0.628562 0.615946 0.605257 0.596344 0.589088 0.583396 0.579194 0.576431 0.575073 0.575104 0.576524 0.579350 0.583617 0.589377 0.596704 0.605693 0.616465 0.629171 0.643995 0.661165 0.680962 0.703729 0.729890 0.759972 0.794637 0.834723 0.881305 0.935779 1.000000 0.991616 0.939417 0.894486 0.855624 0.821896 0.792563 0.767035 0.744840 0.725591 0.708977 0.694744 0.682682 0.672626 0.664438 0.658014 0.653271 0.650152 0.648617 0.648649 0.650247 0.653430 0.658239 0.664733 0.672993 0.683127 0.695273 0.709598 0.726312 0.745672 0.767994 0.793665 0.823162 0.857081 0.856224 0.826454 0.800549 0.778036 0.758532 0.741725 0.727361 0.715233 0.705173 0.697049 0.690755 0.686212 0.683364 0.682176 0.682634 0.684743 0.688529 0.694039 0.701340 0.710527 0.721719 0.735069 0.750765 0.769039 0.790175 0.814524 0.790615 16190.500000 1.096582 0.755021
0.905869 0.867393 0.833980 0.804912 0.779617 0.757634 0.738586 0.722170 0.708137 0.696284 0.686448 0.678498 0.672331 0.667869 0.665058 0.663863 0.664270 0.666284 0.669928 0.675248 0.682311 0.691205 0.702048 0.714987 0.730203 0.726047 0.721070 0.717877 0.716432 0.716715 0.718730 0.722503 0.728078 0.735526 0.744941 0.756446 0.770197 0.786386 0.805252 0.827088 0.836700 0.821003 0.807794 0.796892 0.788155 0.781469 0.776751 0.773943 0.773010 0.773943 0.776751 0.781469 0.788155 0.796892 0.807794 0.821003 0.836700 0.855110 0.876507 0.901230 0.929692 0.962404 1.000000 0.959924 0.915031 0.876166 0.842414 0.813053 0.787502 0.765296 0.746056 0.729474 0.715299 0.703326 0.693391 0.685360 0.679131 0.674624 0.671785 0.670578 0.670988 0.673022 0.676704 0.682078 0.689211 0.698196 0.709148 0.722060 0.712113 0.704110 0.697947 0.693548 0.690858 0.689844 0.690494 0.692815 0.696837 0.702609 0.710202 0.719713 0.731269 0.745026 0.761179 0.779969 0.801690 0.826704 0.855457 0.868981 0.853517 0.840584 0.830006 0.821646 0.815398 0.811183 0.808951 0.808673 0.810348 0.813994 0.819657 0.827407 0.837340 0.849587 0.864311 0.881716 0.902053 0.925634 0.952837 0.950313 664.500000 1.184210 0.863844
0.614409 0.613564 0.614198 0.616320 0.619956 0.625149 0.628940 0.626382 0.625346 0.625818 0.627805 0.631330 0.636436 0.643188 0.651672 0.661998 0.674308 0.688775 0.705613 0.725086 0.747516 0.773301 0.802931 0.837019 0.828871 0.816917 0.807219 0.799653 0.794123 0.790560 0.788920 0.789185 0.791358 0.795464 0.801553 0.809703 0.820015 0.832626 0.847704 0.865462 0.886161 0.910120 0.937733 0.969482 1.000000 0.912356 0.840698 0.781222 0.731251 0.688848 0.652579 0.621360 0.594359 0.570924 0.550544 0.532807 0.517386 0.504011 0.492468 0.482578 0.483189 0.485512 0.489040 0.493819 0.499909 0.507388 0.516357 0.526941 0.539295 0.553608 0.570111 0.589092 0.610903 0.635982 0.664878 0.698287 0.737102 0.782481 0.835960 0.899613 0.976303 0.991643 0.945884 0.906249 0.871818 0.841861 0.815794 0.793147 0.773536 0.756651 0.742236 0.730087 0.720036 0.711949 0.705724 0.701281 0.698566 0.697546 0.698209 0.700562 0.704634 0.710476 0.718160 0.727784 0.739476 0.753394 0.769735 0.788744 0.810718 0.836023 0.865110 0.898537 0.917178 0.870754 0.830708 0.796016 0.765877 0.739654 0.716837 0.697015 0.679853 0.665079 0.652473 0.641853 0.633074 0.626019 0.620599 0.616745 7712.500000 1.085885 0.729831
0.838367 0.793989 0.755802 0.722782 0.694128 0.669210 0.647525 0.628668 0.612311 0.598189 0.586084 0.575818 0.567249 0.560262 0.554764 0.550687 0.547980 0.546610 0.546560 0.547830 0.550435 0.554407 0.559795 0.566667 0.575113 0.585245 0.597206 0.611169 0.627347 0.646005 0.667463 0.692120 0.720472 0.753137 0.790900 0.834768 0.807249 0.777246 0.751138 0.728425 0.708702 0.691641 0.676975 0.664486 0.653996 0.645363 0.638472 0.633237 0.629592 0.627491 0.626909 0.627839 0.630293 0.634301 0.639911 0.647194 0.656244 0.667181 0.680155 0.695352 0.713000 0.733381 0.756837 0.783795 0.814779 0.850447 0.891626 0.877698 0.835860 0.799667 0.768253 0.740931 0.717154 0.696481 0.678556 0.663088 0.649839 0.638618 0.629269 0.621665 0.615708 0.611323 0.608456 0.607071 0.607151 0.608698 0.611731 0.616286 0.622420 0.630211 0.639761 0.651197 0.664679 0.680406 0.698619 0.693269 0.674291 0.657868 0.643739 0.631694 0.621562 0.613204 0.606509 0.601391 0.597788 0.595654 0.594963 0.595707 0.597896 0.601555 0.606730 0.613485 0.621908 0.632109 0.644228 0.658438 0.674952 0.694031 0.715995 0.741238 0.770250 0.803640 0.842177 0.886840 0.938894 1.000000 0.951470 0.890271 4694.000000 1.248016 0.751887
0.658076 0.669332 0.682654 0.698232 0.716304 0.737159 0.761154 0.788728 0.820425 0.856927 0.899096 0.878355 0.857526 0.839638 0.824426 0.811677 0.801216 0.792908 0.786646 0.782352 0.779974 0.779482 0.780870 0.784156 0.789380 0.796606 0.805924 0.817456 0.831355 0.847812 0.867064 0.889404 0.915189 0.944858 0.978952 0.945751 0.913604 0.885635 0.861340 0.840313 0.822222 0.806796 0.793816 0.783103 0.774516 0.767946 0.763310 0.760550 0.759634 0.760550 0.763310 0.767946 0.774516 0.783103 0.793816 0.806796 0.822222 0.806792 0.791222 0.778081 0.767187 0.758396 0.751595 0.746697 0.743642 0.742393 0.742936 0.745276 0.749442 0.755485 0.763480 0.773530 0.785767 0.800356 0.817503 0.837463 0.848264 0.826711 0.808124 0.792221 0.778772 0.767591 0.758527 0.751464 0.746313 0.743010 0.741514 0.741808 0.743895 0.747800 0.753572 0.761281 0.771027 0.782936 0.797169 0.813926 0.833454 0.856055 0.882101 0.909865 0.912604 0.917577 0.924845 0.934498 0.946659 0.961488 0.979185 1.000000 0.983635 0.931184 0.886069 0.847071 0.813237 0.783818 0.758216 0.735950 0.716632 0.699945 0.685632 0.673483 0.663326 0.655026 0.648475 0.643588 0.640305 0.638586 0.641167 0.648730 3841.000000 1.147646 0.852912
0.950147 0.905631 0.867095 0.833631 0.804521 0.779188 0.757171 0.738093 0.721648 0.707588 0.695709 0.685848 0.677872 0.671680 0.667192 0.664353 0.663130 0.663506 0.665487 0.669097 0.674379 0.681400 0.690249 0.701043 0.713926 0.729081 0.746731 0.767151 0.790678 0.817726 0.848807 0.878107 0.838750 0.804625 0.774963 0.749150 0.726695 0.707201 0.690346 0.675866 0.663546 0.653213 0.644726 0.637974 0.632871 0.629353 0.627377 0.626919 0.627974 0.630553 0.634689 0.640433 0.647857 0.657056 0.668153 0.681301 0.696689 0.714549 0.735167 0.758892 0.786157 0.817497 0.853581 0.895254 0.943594 1.000000 0.956222 0.908979 0.868178 0.832803 0.802054 0.775296 0.752019 0.731810 0.714336 0.699321 0.686545 0.675826 0.667019 0.660008 0.654703 0.651040 0.648971 0.648473 0.649540 0.652183 0.656437 0.662352 0.670003 0.679490 0.690937 0.704503 0.720383 0.738815 0.760095 0.784584 0.812726 0.845074 0.820822 0.792388 0.767646 0.746145 0.727520 0.711475 0.697767 0.686199 0.676612 0.668878 0.662898 0.658596 0.655920 0.654837 0.655333 0.657416 0.661109 0.666458 0.673531 0.682417 0.693233 0.706126 0.721278 0.738914 0.759309 0.782801 0.809807 0.840840 0.876542 0.917720 3108.000000 1.139052 0.777444
1.000000 0.965874 0.879400 0.808926 0.750583 0.701667 0.660230 0.624835 0.594401 0.568099 0.545285 0.534820 0.534674 0.535819 0.538269 0.542053 0.547218 0.553830 0.561974 0.571759 0.583320 0.596827 0.612484 0.630545 0.651321 0.675193 0.702640 0.734257 0.770797 0.813226 0.862798 0.921169 0.969410 0.936533 0.907928 0.883083 0.861581 0.843085 0.827318 0.814054 0.803113 0.794351 0.787655 0.782941 0.780152 0.779253 0.780234 0.783106 0.787904 0.794688 0.803542 0.814581 0.827949 0.843830 0.862450 0.884089 0.909088 0.937867 0.932969 0.898495 0.868496 0.842399 0.819741 0.800148 0.783313 0.768986 0.756964 0.747084 0.739217 0.733262 0.729145 0.726815 0.726243 0.727424 0.730371 0.735120 0.741730 0.750284 0.760891 0.773694 0.788868 0.770657 0.754053 0.739894 0.727978 0.718143 0.710258 0.704222 0.699961 0.697420 0.696570 0.697400 0.699921 0.704162 0.710176 0.718038 0.727850 0.739740 0.740403 0.738327 0.738035 0.739525 0.742813 0.747941 0.754972 0.763994 0.775124 0.788511 0.804340 0.822841 0.844294 0.869046 0.897521 0.897634 0.888533 0.881716 0.877101 0.874630 0.874272 0.876025 0.879909 0.885971 0.894287 0.904961 0.918131 0.933974 0.952709 0.974606 5712.000000 1.116011 0.791611
0.882289 0.838769 0.801180 0.768588 0.740258 0.715605 0.694159 0.675541 0.659443 0.645613 0.633848 0.623979 0.615875 0.609427 0.604555 0.601196 0.599311 0.598875 0.599884 0.602350 0.606304 0.611793 0.618887 0.627677 0.638280 0.650843 0.665545 0.682610 0.702309 0.724978 0.751028 0.780972 0.815449 0.855266 0.901454 0.955348 0.939631 0.904276 0.873514 0.846748 0.823498 0.803375 0.786060 0.771295 0.758869 0.748612 0.740388 0.734092 0.729645 0.726993 0.726103 0.726964 0.729587 0.734004 0.740269 0.748460 0.758682 0.771071 0.785796 0.803067 0.823141 0.846336 0.873040 0.862327 0.828208 0.798536 0.772714 0.750261 0.730787 0.713974 0.699565 0.687349 0.677156 0.668848 0.662319 0.657484 0.654283 0.652679 0.652651 0.654199 0.657342 0.662117 0.668585 0.676828 0.686951 0.699092 0.713420 0.730142 0.749517 0.771858 0.797552 0.827076 0.861025 0.900141 0.891131 0.856722 0.826789 0.800742 0.778102 0.758485 0.741575 0.727116 0.714900 0.704757 0.696552 0.690180 0.685560 0.682634 0.681369 0.681747 0.683774 0.687474 0.692893 0.700098 0.709180 0.720260 0.733486 0.749045 0.767167 0.788133 0.812289 0.840061 0.871974 0.908683 0.951010 1.000000 0.992302 0.932942 5606.500000 1.139142 0.772416
0.894577 0.867941 0.844821 0.824836 0.807676 0.793087 0.780864 0.770840 0.762885 0.756898 0.752803 0.750550 0.750113 0.751485 0.754684 0.759749 0.766741 0.775750 0.786891 0.800313 0.816201 0.834785 0.856345 0.860251 0.831812 0.807075 0.785605 0.767048 0.751115 0.737571 0.726225 0.716924 0.709546 0.703997 0.700208 0.698132 0.697745 0.699041 0.702037 0.706768 0.713293 0.721695 0.732082 0.744592 0.759398 0.776715 0.796803 0.819987 0.846661 0.877313 0.912548 0.953125 1.000000 0.991462 0.952271 0.918189 0.888529 0.862739 0.840371 0.821061 0.804514 0.790487 0.778785 0.769250 0.761759 0.756217 0.752555 0.750727 0.750713 0.752512 0.756145 0.761658 0.769117 0.778619 0.790286 0.804275 0.820781 0.840045 0.828542 0.811736 0.797482 0.785579 0.775869 0.768223 0.762546 0.758766 0.756838 0.756739 0.758466 0.762041 0.767508 0.774934 0.784414 0.796070 0.810058 0.826574 0.845857 0.868204 0.865612 0.839827 0.817446 0.798100 0.781487 0.767363 0.755528 0.745823 0.738119 0.732318 0.728349 0.726163 0.725733 0.727054 0.730143 0.735035 0.741793 0.750501 0.761272 0.774249 0.789611 0.807580 0.828428 0.852489 0.880174 0.911987 0.948558 0.990670 0.960389 0.925200 940.500000 1.088366 0.846515
0.810258 0.788484 0.765384 0.745344 0.728035 0.713191 0.700594 0.690068 0.681472 0.674692 0.669643 0.666262 0.664508 0.664360 0.665815 0.668891 0.673627 0.680080 0.688332 0.698490 0.710691 0.725103 0.741936 0.761447 0.783952 0.809838 0.807517 0.796619 0.787884 0.781201 0.776484 0.773677 0.772745 0.773677 0.776484 0.781201 0.787884 0.796619 0.807517 0.820721 0.836414 0.854817 0.876207 0.900921 0.929373 0.962074 0.999657 1.000000 0.940445 0.889607 0.845917 0.808174 0.775442 0.746989 0.722228 0.700690 0.681994 0.665833 0.651954 0.640153 0.630262 0.622149 0.615706 0.610852 0.607526 0.605687 0.605314 0.606400 0.608960 0.613025 0.618645 0.625891 0.634856 0.645660 0.658451 0.673415 0.690777 0.710817 0.733874 0.760370 0.790829 0.825347 0.809952 0.797005 0.786330 0.777786 0.771263 0.766681 0.763983 0.763136 0.764129 0.766975 0.771708 0.778387 0.787096 0.797945 0.811079 0.826678 0.844963 0.866210 0.890755 0.919009 0.951482 0.942193 0.904356 0.871459 0.842831 0.817931 0.796324 0.777654 0.761632 0.748023 0.736636 0.727315 0.719940 0.714418 0.710678 0.708675 0.708386 0.709806 0.712953 0.717865 0.724603 0.733251 0.743923 0.756760 0.771940 0.789682 6223.500000 1.282284 0.832853
0.918566 0.853471 0.798789 0.752395 0.712717 0.678568 0.649033 0.623401 0.601110 0.581711 0.564843 0.550214 0.537586 0.526766 0.517594 0.509944 0.503713 0.498819 0.495201 0.492814 0.491628 0.491630 0.492818 0.495209 0.498830 0.503727 0.509962 0.517616 0.526792 0.537617 0.550250 0.564885 0.581759 0.567589 0.555399 0.545007 0.536265 0.529054 0.523278 0.518863 0.515754 0.513913 0.513317 0.513959 0.515847 0.519004 0.523468 0.529297 0.536564 0.545365 0.555821 0.568081 0.582329 0.598789 0.617739 0.639518 0.664549 0.693357 0.726605 0.765139 0.810050 0.862770 0.925215 1.000000 0.950770 0.879875 0.820658 0.770649 0.728038 0.691470 0.659914 0.632570 0.608811 0.588137 0.570149 0.554525 0.541004 0.529371 0.519452 0.511108 0.504222 0.498705 0.494486 0.491512 0.489746 0.489167 0.489768 0.491557 0.494553 0.498796 0.504338 0.511250 0.519623 0.529572 0.541238 0.554797 0.570462 0.557457 0.546319 0.536885 0.529024 0.522631 0.517622 0.513935 0.511524 0.510359 0.510426 0.511726 0.514275 0.518104 0.523261 0.529810 0.537837 0.547450 0.558785 0.572005 0.587315 0.604965 0.625262 0.648584 0.675404 0.706313 0.742060 0.783607 0.832205 0.889515 0.957779 0.997011 1020.000000 1.770812 0.672693
0.890554 0.863128 0.839302 0.818676 0.800922 0.785775 0.773017 0.762475 0.754009 0.747509 0.742895 0.740110 0.739119 0.739912 0.742496 0.746905 0.753191 0.761434 0.771739 0.784242 0.799114 0.816566 0.836859 0.860311 0.887314 0.882739 0.852835 0.826817 0.804220 0.784666 0.767845 0.753508 0.741450 0.731506 0.723545 0.717466 0.713192 0.710670 0.709870 0.710783 0.713418 0.717809 0.724009 0.732097 0.742175 0.754378 0.768871 0.785863 0.805607 0.828417 0.854674 0.883975 0.859383 0.838087 0.819748 0.804090 0.790888 0.779962 0.771165 0.764386 0.759539 0.756565 0.755426 0.756109 0.758623 0.762998 0.769288 0.777571 0.787953 0.800571 0.815597 0.833243 0.853772 0.877505 0.904838 0.936256 0.972362 0.935761 0.902363 0.873298 0.848026 0.826110 0.807193 0.790987 0.777254 0.765803 0.756481 0.749166 0.743766 0.740213 0.738465 0.738500 0.740319 0.743943 0.749417 0.756809 0.766213 0.777750 0.791577 0.773523 0.756551 0.742057 0.729833 0.719711 0.711557 0.705265 0.700758 0.697978 0.696892 0.697487 0.699771 0.703771 0.709536 0.717138 0.726674 0.738270 0.752083 0.768309 0.787189 0.809018 0.834159 0.863059 0.896270 0.934481 0.978557 1.000000 0.958302 0.922075 7263.000000 1.102992 0.846818
0.906285 0.949694 1.000000 0.991439 0.940054 0.895785 0.857471 0.824204 0.795266 0.770083 0.748194 0.729223 0.712865 0.698871 0.687040 0.677206 0.669240 0.663038 0.658521 0.655635 0.643947 0.633372 0.624620 0.617573 0.612142 0.608258 0.605873 0.604959 0.605504 0.607515 0.611016 0.616050 0.622681 0.630992 0.641094 0.653124 0.667252 0.672575 0.668263 0.665599 0.664551 0.665106 0.667271 0.671072 0.676555 0.683790 0.692869 0.703910 0.717065 0.732518 0.750501 0.771293 0.795241 0.822769 0.854404 0.890800 0.888053 0.856232 0.828539 0.804458 0.783573 0.765541 0.750088 0.736986 0.726053 0.717143 0.710138 0.704951 0.701516 0.699793 0.699760 0.701416 0.704783 0.709900 0.716510 0.718767 0.722785 0.728613 0.736324 0.746016 0.757818 0.771888 0.788425 0.807675 0.829939 0.855583 0.864920 0.821866 0.784695 0.752476 0.724474 0.700108 0.678910 0.660502 0.644578 0.630888 0.619228 0.609433 0.601369 0.594930 0.590034 0.586619 0.584644 0.584085 0.584935 0.587204 0.590919 0.596128 0.602894 0.611305 0.621473 0.633536 0.647668 0.664082 0.672124 0.674574 0.678683 0.684502 0.692102 0.701583 0.713069 0.726717 0.742722 0.761323 0.782814 0.807556 0.835992 0.868673 9503.000000 1.278584 0.819011
0.678363 0.731690 0.796198 0.875493 0.974939 0.937745 0.868493 0.810584 0.761636 0.719898 0.684059 0.653118 0.626299 0.602990 0.582708 0.565062 0.549740 0.536485 0.525089 0.515383 0.507229 0.500516 0.495156 0.491079 0.488236 0.486592 0.486125 0.486831 0.488718 0.491809 0.496143 0.501773 0.508772 0.517233 0.527272 0.539032 0.552691 0.568465 0.586620 0.607486 0.631468 0.659074 0.690945 0.727897 0.761943 0.719095 0.682365 0.650696 0.623272 0.599451 0.578727 0.560694 0.545024 0.531452 0.519760 0.509774 0.501349 0.494370 0.488744 0.484398 0.481278 0.479346 0.478577 0.478962 0.480507 0.483230 0.487164 0.492358 0.498879 0.506813 0.516267 0.527375 0.540301 0.555249 0.572465 0.592256 0.614999 0.641164 0.671344 0.706291 0.746975 0.794663 0.851046 0.918422 1.000000 0.918129 0.830411 0.759663 0.701581 0.653212 0.612463 0.577809 0.548116 0.522524 0.500366 0.481123 0.464383 0.449815 0.437155 0.426187 0.416734 0.408656 0.401834 0.396175 0.391603 0.388060 0.385501 0.383894 0.383219 0.383470 0.384648 0.386768 0.389855 0.393950 0.399102 0.405381 0.412871 0.421678 0.431932 0.443794 0.457458 0.473166 0.491217 0.511982 0.535929 0.563650 0.595909 0.633704 10065.000000 1.403092 0.578730
0.712875 0.732631 0.732733 0.729060 0.727167 0.727031 0.728649 0.732043 0.737253 0.744343 0.753404 0.764552 0.777938 0.793747 0.812210 0.833607 0.858287 0.886673 0.919292 0.956795 1.000000 0.996948 0.960630 0.929023 0.901533 0.877677 0.857062 0.839369 0.824338 0.811757 0.801455 0.793299 0.787185 0.783036 0.780802 0.780455 0.781992 0.785431 0.790813 0.798207 0.807703 0.819427 0.833533 0.830219 0.801079 0.775721 0.753679 0.734576 0.718105 0.704015 0.692102 0.682202 0.674183 0.667940 0.663395 0.660493 0.659196 0.659491 0.661379 0.664885 0.670051 0.674454 0.677456 0.682136 0.688551 0.696783 0.706937 0.719150 0.733591 0.750469 0.770040 0.792620 0.818596 0.812579 0.804749 0.798975 0.795185 0.793333 0.793397 0.795377 0.799297 0.805206 0.813176 0.823309 0.835736 0.850625 0.868184 0.888668 0.912394 0.899216 0.888439 0.880013 0.873831 0.869815 0.867918 0.868116 0.870411 0.874831 0.881431 0.890293 0.901528 0.915284 0.899325 0.857646 0.821550 0.790197 0.762919 0.739183 0.718558 0.700695 0.685310 0.672170 0.661087 0.651909 0.644514 0.638806 0.634714 0.632188 0.631196 0.631727 0.633786 0.637400 0.642612 0.649488 0.658115 0.668607 0.681106 0.695790 14026.500000 1.247767 0.874643
0.925535 0.888687 0.856646 0.828762 0.804513 0.783476 0.765309 0.749730 0.736511 0.725468 0.716452 0.709345 0.704057 0.700522 0.698698 0.698562 0.700112 0.703367 0.708367 0.715174 0.723873 0.734579 0.747433 0.762615 0.780346 0.800897 0.802866 0.769608 0.740710 0.715565 0.693687 0.674685 0.658239 0.644091 0.632028 0.621880 0.613507 0.606799 0.601670 0.598056 0.595912 0.595212 0.595947 0.598127 0.601779 0.606946 0.613694 0.622109 0.632303 0.644415 0.658617 0.675122 0.694192 0.716146 0.741377 0.770376 0.803750 0.842268 0.886907 0.938932 1.000000 0.982097 0.937510 0.898867 0.865286 0.836065 0.810642 0.788563 0.769460 0.753032 0.739033 0.727266 0.717569 0.709815 0.703904 0.699763 0.697340 0.696607 0.697553 0.700192 0.691120 0.680805 0.672390 0.665764 0.660844 0.657568 0.655897 0.655811 0.657308 0.660406 0.665144 0.671580 0.679795 0.689897 0.702019 0.716332 0.733044 0.752410 0.774744 0.792593 0.768029 0.746686 0.728205 0.712291 0.698705 0.687252 0.677775 0.670148 0.664274 0.660078 0.657509 0.656535 0.657144 0.659345 0.663164 0.668647 0.675864 0.684906 0.695892 0.708973 0.724333 0.742201 0.762857 0.786645 0.813988 0.845411 0.881566 0.923276 1380.000000 1.248978 0.807181
0.820296 0.841967 0.866959 0.854339 0.817029 0.784653 0.756498 0.731996 0.710689 0.692209 0.676253 0.662576 0.650979 0.641299 0.633406 0.627198 0.622595 0.614225 0.603940 0.595405 0.588505 0.583152 0.579279 0.576837 0.575797 0.576146 0.577889 0.581046 0.585657 0.591779 0.599489 0.608889 0.620106 0.633299 0.648662 0.666434 0.686909 0.710447 0.737496 0.768611 0.802913 0.780730 0.761525 0.744993 0.730888 0.719007 0.709187 0.701298 0.695240 0.690935 0.688332 0.687398 0.688122 0.690512 0.694599 0.700431 0.708083 0.717652 0.729264 0.743077 0.759288 0.778139 0.799926 0.825012 0.853847 0.886984 0.925116 0.969114 1.000000 0.921767 0.856801 0.802195 0.755844 0.716188 0.682047 0.652513 0.626879 0.604584 0.585181 0.568312 0.553684 0.541062 0.530251 0.521094 0.513465 0.507259 0.502398 0.498820 0.496480 0.495349 0.495414 0.496676 0.501628 0.510067 0.520068 0.531777 0.545369 0.561061 0.579120 0.599872 0.623726 0.651190 0.682904 0.719687 0.762601 0.813040 0.872876 0.869910 0.844530 0.822515 0.803504 0.787206 0.773383 0.761840 0.752422 0.745008 0.739502 0.735837 0.733967 0.733871 0.735546 0.739013 0.744315 0.751516 0.760710 0.772013 0.785579 0.801596 638.500000 1.161632 0.759451
0.959830 0.931381 0.906691 0.885355 0.867040 0.851477 0.838447 0.827774 0.819319 0.812973 0.808658 0.806320 0.805933 0.807489 0.811010 0.816537 0.824139 0.833912 0.845981 0.860509 0.877696 0.897790 0.921097 0.947991 0.978931 0.963641 0.941428 0.922388 0.906243 0.892768 0.881780 0.873137 0.866730 0.862479 0.860332 0.860263 0.862271 0.866380 0.872642 0.881132 0.891959 0.905264 0.921225 0.940063 0.962055 0.949759 0.929262 0.911780 0.897066 0.884917 0.875172 0.867708 0.862430 0.859273 0.858200 0.859196 0.862274 0.867472 0.874853 0.884511 0.896567 0.911182 0.928556 0.948936 0.972626 1.000000 0.980896 0.951677 0.926315 0.904392 0.885567 0.869562 0.856151 0.845153 0.836423 0.829850 0.825352 0.822875 0.822388 0.823885 0.827384 0.832929 0.840587 0.850455 0.862660 0.877365 0.894773 0.915135 0.938760 0.966025 0.952317 0.929695 0.910265 0.893739 0.879885 0.868514 0.859477 0.852660 0.847976 0.845369 0.844808 0.846284 0.849816 0.855447 0.863248 0.873314 0.885778 0.900804 0.918599 0.939421 0.952792 0.936854 0.923628 0.912939 0.904650 0.898655 0.894880 0.893280 0.893835 0.896553 0.901465 0.908632 0.918144 0.930121 0.944721 0.962142 0.982629 0.992539 757.500000 1.091768 0.901568
0.765830 0.747792 0.732309 0.719151 0.708133 0.699107 0.691954 0.686583 0.682927 0.680942 0.680603 0.681906 0.684868 0.689523 0.695931 0.704171 0.714350 0.726604 0.741102 0.758054 0.777716 0.800406 0.757679 0.715265 0.678895 0.647530 0.620364 0.596765 0.576233 0.558367 0.542845 0.529402 0.517827 0.507945 0.499614 0.492719 0.495250 0.502118 0.510426 0.520288 0.531846 0.545271 0.560778 0.578628 0.599142 0.622720 0.649859 0.681186 0.717504 0.759846 0.746846 0.732483 0.720364 0.710324 0.702228 0.695972 0.691478 0.688690 0.687574 0.688117 0.690325 0.694225 0.695032 0.672148 0.652244 0.634971 0.620045 0.607233 0.596347 0.587235 0.579773 0.573863 0.569430 0.566420 0.564794 0.564534 0.565637 0.568115 0.571998 0.577336 0.584195 0.596273 0.610544 0.627062 0.646099 0.667987 0.693139 0.722067 0.755413 0.793994 0.838858 0.891371 0.953348 1.000000 0.885567 0.796357 0.725062 0.666958 0.618856 0.578526 0.544362 0.515180 0.490088 0.468403 0.449592 0.433238 0.419005 0.406627 0.395885 0.387389 0.393914 0.401648 0.410700 0.421208 0.433339 0.447299 0.463342 0.481782 0.503013 0.527531 0.555969 0.589148 0.628149 0.674418 0.729945 0.797528 0.810749 0.786701 1962.000000 1.106297 0.651597
0.878764 0.831382 0.790655 0.755468 0.724950 0.698420 0.675333 0.655251 0.637821 0.622756 0.609821 0.598826 0.589616 0.582065 0.576076 0.571572 0.568497 0.566812 0.566499 0.567552 0.569985 0.573827 0.579126 0.585949 0.594383 0.604541 0.616564 0.630625 0.646936 0.665761 0.661411 0.651183 0.642791 0.636125 0.631101 0.627656 0.625748 0.625353 0.626468 0.629104 0.633295 0.639091 0.646568 0.655819 0.666969 0.680172 0.695618 0.713541 0.734227 0.758029 0.785382 0.816824 0.853029 0.894848 0.943369 1.000000 0.944156 0.892841 0.848755 0.810680 0.777667 0.748971 0.724000 0.702277 0.683418 0.667111 0.653101 0.641180 0.631179 0.622964 0.616425 0.611480 0.608068 0.606145 0.597308 0.584868 0.574291 0.565428 0.558159 0.552388 0.548041 0.545066 0.543425 0.543098 0.544081 0.546386 0.550043 0.555094 0.561605 0.569659 0.579363 0.590851 0.604290 0.619883 0.637878 0.658584 0.682379 0.709731 0.741227 0.777610 0.819825 0.830418 0.804251 0.781508 0.761800 0.744812 0.730286 0.718013 0.707822 0.699578 0.693175 0.688532 0.685591 0.684317 0.684694 0.686726 0.690439 0.695878 0.703110 0.712229 0.723352 0.736631 0.752253 0.770448 0.791499 0.815754 0.843638 0.875681 5883.500000 1.321962 0.784792
0.580023 0.585957 0.593457 0.602623 0.613577 0.626475 0.641504 0.658899 0.678945 0.701993 0.728478 0.727591 0.716554 0.707527 0.700390 0.695054 0.691451 0.689539 0.689292 0.690710 0.693808 0.698625 0.705219 0.713676 0.724103 0.736640 0.751461 0.768781 0.765694 0.718747 0.678765 0.644468 0.614880 0.589247 0.566977 0.547600 0.530740 0.516093 0.503413 0.492500 0.483189 0.475347 0.468867 0.463664 0.459670 0.456835 0.455125 0.454519 0.455009 0.456601 0.459314 0.463183 0.476928 0.495535 0.516948 0.541660 0.570297 0.603665 0.642826 0.689195 0.744708 0.812075 0.895213 1.000000 0.948981 0.887519 0.835424 0.790906 0.752613 0.719511 0.690792 0.665819 0.644087 0.625188 0.608790 0.594627 0.582479 0.572168 0.563550 0.556509 0.550952 0.546809 0.544029 0.540613 0.537924 0.536548 0.536468 0.537684 0.540209 0.544075 0.549330 0.556040 0.564292 0.574196 0.585892 0.599548 0.615373 0.633625 0.644652 0.650673 0.658409 0.667960 0.679453 0.693047 0.708939 0.727370 0.748637 0.773104 0.763314 0.731628 0.704096 0.680141 0.659298 0.641193 0.625523 0.612039 0.600541 0.590864 0.582876 0.576472 0.571568 0.568104 0.566038 0.565343 0.566012 0.568053 0.571490 0.575582 8799.000000 1.111163 0.716491
