0.911658 0.920957 0.896976 0.876268 0.858517 0.843463 0.830895 0.820643 0.812575 0.806589 0.802609 0.800588 0.800501 0.802346 0.806146 0.811948 0.807664 0.794262 0.783154 0.774191 0.767259 0.762270 0.759163 0.757899 0.758464 0.760863 0.765127 0.771308 0.779483 0.789755 0.802261 0.817169 0.834691 0.842156 0.823234 0.807046 0.793356 0.781975 0.772752 0.765566 0.760328 0.756972 0.755457 0.755766 0.757901 0.761890 0.767780 0.775644 0.785584 0.797729 0.812242 0.829328 0.849239 0.872282 0.898836 0.929367 0.960651 0.946090 0.934181 0.924768 0.917732 0.912985 0.910469 0.910153 0.912034 0.916134 0.922504 0.931222 0.942399 0.956178 0.972745 0.992328 0.954682 0.910023 0.871361 0.837786 0.808578 0.783162 0.761072 0.741932 0.725436 0.711335 0.699423 0.689538 0.681548 0.675349 0.670863 0.668035 0.666831 0.667235 0.669254 0.672910 0.678250 0.685339 0.694268 0.705155 0.718145 0.727835 0.733271 0.740586 0.749873 0.761253 0.774880 0.790943 0.809679 0.831375 0.856386 0.885146 0.918195 0.956200 1.000000 0.977051 0.952945 0.932192 0.914480 0.899555 0.887212 0.877289 0.869656 0.864220 0.860912 0.859692 0.860547 0.863485 0.868543 0.875782 0.885295 0.897201 941.500000 1.175633 0.885539
0.871063 0.815443 0.768240 0.727859 0.693099 0.663031 0.636934 0.614238 0.594486 0.577313 0.562421 0.549568 0.538558 0.529231 0.521456 0.515129 0.510168 0.506510 0.504111 0.502940 0.502983 0.504241 0.506729 0.510478 0.515533 0.521960 0.529842 0.539285 0.550420 0.563411 0.578457 0.595803 0.615752 0.638674 0.665033 0.695408 0.730536 0.771358 0.819103 0.875396 0.942436 0.980559 0.904879 0.841928 0.788943 0.743918 0.705362 0.672145 0.643397 0.618435 0.596722 0.577827 0.561402 0.547168 0.534893 0.524394 0.515516 0.508138 0.502160 0.497507 0.494118 0.491952 0.490983 0.491198 0.492601 0.495209 0.499053 0.504181 0.510658 0.518570 0.528023 0.539150 0.552114 0.567117 0.584406 0.604284 0.627125 0.653397 0.683685 0.718734 0.759498 0.807227 0.863576 0.930794 1.000000 0.922822 0.858624 0.804590 0.758673 0.719353 0.685479 0.656161 0.630705 0.608561 0.589292 0.572542 0.558025 0.545508 0.534800 0.525746 0.518222 0.512127 0.507381 0.503925 0.501716 0.500728 0.500948 0.502380 0.505039 0.508960 0.514190 0.520796 0.528865 0.538506 0.549854 0.563077 0.578378 0.596011 0.616284 0.639579 0.666374 0.697264 0.733010 0.774585 0.823263 0.880734 0.949289 0.937249 8902.000000 1.030107 0.604400
0.776768 0.798033 0.809882 0.800374 0.792975 0.787591 0.784156 0.782628 0.782989 0.785242 0.789416 0.795561 0.803755 0.814100 0.826733 0.841824 0.859586 0.880279 0.904226 0.931820 0.963545 1.000000 0.970229 0.923491 0.883079 0.848012 0.817518 0.790981 0.767904 0.747886 0.730600 0.715781 0.703212 0.692716 0.684153 0.677411 0.672405 0.669072 0.667373 0.667285 0.668808 0.671960 0.668933 0.663483 0.659698 0.657530 0.656955 0.657963 0.660569 0.664804 0.670719 0.678390 0.687914 0.699419 0.713062 0.729039 0.747591 0.769013 0.793667 0.822000 0.854565 0.892056 0.935343 0.985541 0.978147 0.942293 0.911092 0.883952 0.860395 0.840033 0.822547 0.807681 0.795224 0.785009 0.776900 0.770795 0.766618 0.764316 0.763864 0.765255 0.768505 0.773655 0.780768 0.789933 0.779517 0.766956 0.756587 0.748274 0.741909 0.737413 0.734730 0.733829 0.734697 0.737346 0.741808 0.748137 0.756413 0.766743 0.779261 0.794140 0.811591 0.831876 0.855314 0.882298 0.901403 0.866648 0.836413 0.810103 0.787236 0.767423 0.750346 0.735746 0.723413 0.713176 0.704900 0.698477 0.693826 0.690890 0.689633 0.690040 0.692117 0.695887 0.701397 0.708716 0.717938 0.729182 0.742602 0.758386 1686.500000 1.141528 0.841332
0.993908 0.945942 0.904470 0.868487 0.837197 0.809967 0.786287 0.765744 0.748004 0.732792 0.719887 0.709107 0.700307 0.693373 0.688216 0.684773 0.683002 0.682881 0.684408 0.687602 0.692503 0.688321 0.670460 0.655041 0.641826 0.630623 0.621276 0.613658 0.607672 0.603240 0.600308 0.598840 0.598818 0.592322 0.585001 0.579236 0.574955 0.572106 0.570652 0.570577 0.571879 0.574575 0.578697 0.584296 0.591444 0.600232 0.610779 0.623232 0.637772 0.654621 0.674052 0.696401 0.722082 0.751610 0.785629 0.824955 0.870633 0.893441 0.879800 0.868630 0.859785 0.853153 0.848652 0.846226 0.845845 0.847506 0.851228 0.857056 0.865063 0.875351 0.888050 0.853646 0.819448 0.789713 0.763836 0.741331 0.721803 0.704932 0.690457 0.678166 0.667885 0.659476 0.652830 0.647861 0.644509 0.642731 0.642507 0.643834 0.646727 0.649053 0.633417 0.619975 0.608527 0.598911 0.590996 0.584678 0.579875 0.576528 0.574596 0.574055 0.574899 0.577138 0.580799 0.585927 0.592587 0.600864 0.610868 0.622737 0.636640 0.652786 0.660998 0.662259 0.665130 0.669646 0.675864 0.683861 0.693740 0.705635 0.719708 0.736164 0.755252 0.777278 0.802619 0.831740 0.865216 0.903769 0.948309 1.000000 19795.000000 1.363735 0.838770
0.750575 0.788947 0.833570 0.885805 0.947459 0.959937 0.904635 0.857311 0.816562 0.781307 0.750705 0.724087 0.700924 0.680786 0.663326 0.648261 0.635363 0.624443 0.615349 0.607960 0.602180 0.597935 0.595174 0.593862 0.593984 0.595541 0.598552 0.603053 0.609101 0.616773 0.626168 0.625412 0.606061 0.589247 0.574689 0.562154 0.551455 0.542437 0.534978 0.528978 0.524361 0.521067 0.519058 0.518308 0.518808 0.520564 0.523598 0.527947 0.533666 0.540826 0.549523 0.559876 0.572030 0.586167 0.602509 0.621328 0.642960 0.667819 0.696422 0.729422 0.767646 0.812162 0.864369 0.926134 1.000000 0.943649 0.888299 0.840997 0.800308 0.765133 0.734615 0.708078 0.684985 0.664901 0.647477 0.632428 0.619520 0.608566 0.599412 0.591933 0.586034 0.581638 0.578692 0.577158 0.577019 0.578273 0.580935 0.585038 0.590631 0.597787 0.606598 0.617181 0.629685 0.644289 0.661218 0.680744 0.703205 0.729014 0.708070 0.680526 0.656566 0.635716 0.617591 0.601881 0.588332 0.576739 0.566934 0.558779 0.552168 0.547013 0.543251 0.540833 0.539732 0.539934 0.541440 0.544270 0.548457 0.554055 0.561134 0.569786 0.580129 0.592308 0.606501 0.622929 0.641861 0.663629 0.688642 0.717411 1333.000000 1.454351 0.722003
0.792563 0.814321 0.839387 0.868204 0.889293 0.874659 0.862543 0.852785 0.845258 0.839869 0.836551 0.835263 0.835990 0.838740 0.843548 0.850472 0.859598 0.871043 0.884958 0.901532 0.921000 0.943651 0.969839 1.000000 0.965063 0.924628 0.889502 0.858941 0.832348 0.809244 0.789237 0.772011 0.757306 0.744912 0.734659 0.726410 0.720060 0.715528 0.712760 0.711721 0.712399 0.706046 0.690336 0.676906 0.665560 0.656144 0.648530 0.642622 0.638345 0.635645 0.634490 0.634866 0.636777 0.640247 0.645318 0.652053 0.660539 0.670886 0.683234 0.697758 0.714672 0.734239 0.756782 0.782699 0.812480 0.846738 0.886241 0.931965 0.945439 0.930992 0.919162 0.909792 0.902765 0.897992 0.895415 0.895003 0.896750 0.900679 0.906836 0.915298 0.926172 0.939598 0.955756 0.967220 0.924981 0.888327 0.856452 0.828713 0.804591 0.783669 0.765604 0.750120 0.736991 0.726032 0.717096 0.710068 0.704857 0.701400 0.699654 0.699598 0.701231 0.704573 0.709665 0.716569 0.725374 0.736194 0.749174 0.764494 0.782378 0.782108 0.764757 0.749927 0.737403 0.727014 0.718620 0.712114 0.707414 0.704461 0.703220 0.703676 0.705833 0.709719 0.715381 0.722890 0.732341 0.743858 0.757597 0.773752 1870.000000 1.323411 0.865951
0.609645 0.604441 0.600761 0.598558 0.597806 0.598496 0.600637 0.604254 0.609391 0.616114 0.624508 0.633914 0.631993 0.631599 0.632730 0.635399 0.639637 0.645498 0.653055 0.662406 0.673675 0.687018 0.702627 0.720738 0.741642 0.765694 0.793334 0.825106 0.861692 0.903951 0.952984 1.000000 0.947075 0.901534 0.862153 0.827980 0.798263 0.772401 0.749912 0.730405 0.713563 0.699126 0.686884 0.676666 0.668333 0.661778 0.656918 0.653692 0.652060 0.650787 0.639706 0.630489 0.623013 0.617182 0.612922 0.610180 0.608924 0.609136 0.610821 0.613999 0.618708 0.625007 0.632977 0.642720 0.654370 0.668089 0.663084 0.657081 0.652744 0.650019 0.648874 0.649295 0.651286 0.654871 0.660096 0.667024 0.675744 0.686371 0.699049 0.713955 0.731312 0.751389 0.764254 0.756042 0.749792 0.745426 0.742889 0.742152 0.743205 0.746060 0.750753 0.757342 0.758854 0.751549 0.746163 0.742631 0.740908 0.740974 0.742830 0.746498 0.752024 0.759475 0.768946 0.780560 0.794474 0.810882 0.830024 0.852194 0.857074 0.818613 0.785266 0.756280 0.731057 0.709114 0.690065 0.673592 0.659439 0.647397 0.637294 0.628993 0.622386 0.617388 0.613937 0.611991 0.611525 0.612535 0.615032 0.616437 7471.000000 1.216500 0.856297
1.000000 0.998693 0.957273 0.921284 0.889969 0.862723 0.839057 0.818574 0.800951 0.785924 0.773280 0.762844 0.754479 0.748079 0.743563 0.740875 0.739982 0.740875 0.743563 0.736155 0.716730 0.699946 0.685545 0.673313 0.663080 0.654706 0.648084 0.643127 0.639776 0.637988 0.637743 0.639036 0.641885 0.646322 0.652405 0.660208 0.669833 0.681410 0.695097 0.711094 0.729643 0.751044 0.775664 0.803955 0.836478 0.873939 0.917225 0.905465 0.881102 0.860033 0.841929 0.826522 0.813593 0.802968 0.794505 0.788098 0.783666 0.781155 0.780535 0.781797 0.784958 0.790055 0.797152 0.791205 0.777311 0.765709 0.756244 0.748792 0.743258 0.739574 0.737695 0.737598 0.739281 0.742766 0.748095 0.755333 0.764573 0.775934 0.789569 0.805667 0.824462 0.846243 0.863227 0.837514 0.815194 0.795901 0.779335 0.765249 0.753447 0.743768 0.736085 0.730301 0.726343 0.724163 0.723734 0.725052 0.728131 0.733010 0.739750 0.748434 0.759175 0.760387 0.741864 0.725930 0.712345 0.700918 0.691490 0.683939 0.678167 0.674102 0.671694 0.670914 0.671751 0.674218 0.678342 0.684176 0.691792 0.701288 0.712790 0.726454 0.742476 0.761095 0.782607 0.807371 0.835833 0.868544 0.906192 0.949642 1117.500000 1.179296 0.855259
0.681431 0.725651 0.778013 0.840703 0.916784 0.924290 0.866520 0.817399 0.775316 0.739048 0.707650 0.680383 0.656663 0.636021 0.618082 0.602478 0.588819 0.577125 0.567226 0.558985 0.552292 0.547059 0.543221 0.540730 0.539555 0.539684 0.541116 0.543869 0.547977 0.553492 0.560482 0.569040 0.579280 0.591347 0.605416 0.621705 0.606371 0.578617 0.554570 0.533677 0.515497 0.499680 0.485939 0.474046 0.465468 0.458724 0.453250 0.448973 0.445840 0.443813 0.442866 0.442988 0.444180 0.446458 0.449848 0.454393 0.460151 0.467196 0.475624 0.485553 0.497129 0.510530 0.525975 0.543736 0.564144 0.587614 0.612766 0.625855 0.641095 0.658721 0.679026 0.702369 0.729193 0.760051 0.795638 0.836836 0.884780 0.940958 1.000000 0.898184 0.816972 0.750887 0.696245 0.650476 0.611737 0.578668 0.550249 0.525698 0.504407 0.485899 0.469792 0.455782 0.443621 0.433109 0.424081 0.416778 0.411164 0.406665 0.403225 0.400799 0.399360 0.398888 0.399378 0.400836 0.403280 0.406739 0.411258 0.416894 0.423722 0.431835 0.432531 0.433043 0.434604 0.437235 0.440965 0.445844 0.451932 0.459311 0.468081 0.478368 0.490324 0.504139 0.520045 0.538326 0.559335 0.583514 0.611417 0.643752 1820.500000 1.565586 0.653179
0.933265 0.906195 0.882718 0.862452 0.845086 0.830367 0.818088 0.808086 0.800230 0.794420 0.790586 0.788679 0.788676 0.790578 0.794408 0.800212 0.808063 0.818059 0.830331 0.845044 0.842381 0.823717 0.807766 0.794298 0.783128 0.774107 0.767118 0.762073 0.758911 0.757592 0.758101 0.760445 0.764650 0.770769 0.778879 0.789082 0.801513 0.808861 0.803609 0.800341 0.799017 0.799621 0.802159 0.806663 0.813187 0.821815 0.832654 0.845849 0.861577 0.880061 0.901576 0.897715 0.879993 0.865002 0.852532 0.842417 0.834526 0.828759 0.825046 0.823340 0.823622 0.825894 0.830184 0.836545 0.845056 0.855824 0.868991 0.884734 0.903274 0.924884 0.949898 0.978725 0.963202 0.926253 0.894108 0.866136 0.841828 0.820770 0.802627 0.787123 0.774036 0.763186 0.754429 0.747651 0.742766 0.739716 0.738463 0.738991 0.741307 0.745439 0.751437 0.759378 0.769361 0.781518 0.796013 0.813053 0.823091 0.811812 0.802746 0.795776 0.790815 0.787802 0.786699 0.787494 0.790196 0.794838 0.801478 0.810197 0.821108 0.834355 0.830697 0.824618 0.820590 0.818564 0.818514 0.820441 0.824368 0.830343 0.838439 0.848760 0.861439 0.876646 0.894594 0.915544 0.939818 0.967808 1.000000 0.964396 12226.000000 1.124135 0.904443
0.800896 0.758140 0.721367 0.689581 0.662005 0.638028 0.617162 0.599014 0.583269 0.569667 0.557999 0.548093 0.539811 0.533040 0.527693 0.523700 0.521014 0.519600 0.519442 0.520537 0.522900 0.526559 0.531558 0.537962 0.545853 0.555337 0.566545 0.579640 0.594822 0.612335 0.632481 0.655631 0.654088 0.653593 0.654674 0.657345 0.661638 0.667607 0.675326 0.684895 0.696441 0.710123 0.726138 0.744727 0.766187 0.790883 0.819263 0.851884 0.889443 0.932816 0.983127 1.000000 0.935572 0.880937 0.834231 0.794044 0.759296 0.729144 0.702925 0.680107 0.660265 0.643053 0.628191 0.615449 0.604641 0.595617 0.588254 0.582457 0.578153 0.575287 0.573826 0.573750 0.575060 0.577770 0.581915 0.581334 0.574960 0.570082 0.566641 0.564592 0.563912 0.564592 0.566641 0.570082 0.574960 0.581334 0.589287 0.598923 0.610374 0.623804 0.639413 0.657448 0.678211 0.702075 0.729501 0.761065 0.797492 0.823194 0.796717 0.773696 0.753733 0.736503 0.721744 0.709239 0.698816 0.690333 0.683681 0.678776 0.675556 0.673983 0.674037 0.675719 0.679050 0.684069 0.690841 0.699449 0.710007 0.722656 0.737573 0.754975 0.775132 0.798370 0.825094 0.855802 0.891114 0.931807 0.909984 0.850936 1288.000000 1.341070 0.761590
0.941192 0.967798 0.998427 0.991064 0.930132 0.878253 0.833757 0.795376 0.762129 0.733245 0.708114 0.686248 0.667250 0.650802 0.636642 0.623669 0.611260 0.600754 0.592005 0.584896 0.579335 0.575252 0.572595 0.571333 0.571451 0.572948 0.575845 0.580176 0.585994 0.593375 0.602414 0.613233 0.625983 0.640850 0.658066 0.677910 0.700729 0.726949 0.757103 0.791857 0.832056 0.878786 0.933459 0.910215 0.888020 0.868925 0.852645 0.838948 0.827646 0.818590 0.811665 0.806783 0.803885 0.802935 0.803921 0.806856 0.811775 0.818740 0.827836 0.839181 0.852925 0.869255 0.888405 0.910661 0.936374 0.965977 1.000000 0.984826 0.929648 0.882339 0.841540 0.806205 0.775510 0.748804 0.725566 0.705375 0.687890 0.672833 0.659976 0.649136 0.640164 0.632940 0.627372 0.623390 0.620945 0.620006 0.612937 0.606473 0.601579 0.598192 0.596272 0.595795 0.596755 0.599164 0.603051 0.608464 0.615472 0.624164 0.634655 0.647092 0.661651 0.678552 0.698066 0.720522 0.746329 0.775992 0.810143 0.849579 0.895319 0.917351 0.897651 0.880856 0.866728 0.855074 0.845739 0.838604 0.833580 0.830605 0.829643 0.830681 0.833734 0.838837 0.846054 0.855475 0.867220 0.881446 0.898347 0.918163 1842.500000 1.290374 0.789850
0.878318 0.934091 1.000000 0.952978 0.904972 0.863551 0.827662 0.796480 0.769348 0.745741 0.725235 0.707485 0.692211 0.679184 0.668218 0.659164 0.625962 0.595226 0.568673 0.545646 0.525629 0.508209 0.493056 0.479904 0.468534 0.458771 0.450469 0.443511 0.437804 0.433273 0.429859 0.427520 0.426229 0.425968 0.426734 0.428538 0.431401 0.434127 0.437264 0.441518 0.446944 0.453610 0.461608 0.471048 0.482067 0.494835 0.509559 0.526493 0.545952 0.568326 0.594104 0.623907 0.658528 0.699000 0.746689 0.803439 0.841172 0.826924 0.815082 0.805487 0.798016 0.792574 0.789093 0.787532 0.787872 0.790116 0.794291 0.800450 0.808669 0.819051 0.831734 0.846887 0.823737 0.776283 0.735675 0.700707 0.670455 0.644195 0.621355 0.601478 0.584197 0.569215 0.556288 0.545220 0.535850 0.528046 0.521706 0.516746 0.513104 0.510735 0.509609 0.509714 0.505776 0.499035 0.493645 0.489537 0.486660 0.484978 0.484470 0.485132 0.486969 0.490006 0.494279 0.499841 0.506766 0.515143 0.525088 0.536743 0.550283 0.565428 0.564450 0.564835 0.566585 0.569724 0.574288 0.580336 0.587944 0.597212 0.608266 0.621261 0.636391 0.653890 0.674048 0.697223 0.723853 0.754488 0.789818 0.830719 2744.500000 1.596888 0.760711
0.751186 0.766833 0.785077 0.806201 0.830548 0.858545 0.890716 0.887620 0.874825 0.864446 0.856350 0.850434 0.846624 0.844875 0.845164 0.847497 0.851900 0.858428 0.867162 0.878213 0.891726 0.907882 0.926908 0.949084 0.974754 0.991744 0.948094 0.910225 0.877298 0.848642 0.823721 0.802099 0.783422 0.767402 0.753803 0.742436 0.733146 0.725812 0.720343 0.716668 0.714744 0.714547 0.716075 0.719346 0.724401 0.731301 0.740133 0.751014 0.764087 0.779534 0.797581 0.818501 0.825236 0.810260 0.797706 0.787404 0.779217 0.773041 0.768801 0.766443 0.765939 0.767283 0.770491 0.775602 0.782680 0.791813 0.803120 0.816750 0.832892 0.851778 0.873695 0.898992 0.928099 0.961550 1.000000 0.992709 0.952760 0.918028 0.887803 0.861514 0.838700 0.818984 0.802063 0.787685 0.775650 0.765794 0.757988 0.752134 0.748158 0.746011 0.745668 0.747125 0.750398 0.755529 0.762580 0.771640 0.782826 0.796288 0.812213 0.830829 0.852421 0.877335 0.905997 0.938934 0.976798 0.961469 0.920011 0.884023 0.852721 0.825481 0.801799 0.781267 0.763555 0.748390 0.735554 0.724868 0.716188 0.709403 0.704425 0.701195 0.699672 0.699838 0.701695 0.705266 0.710593 0.717744 0.726809 0.737907 791.500000 1.149657 0.841842
0.607119 0.600093 0.594644 0.590704 0.588223 0.587171 0.587536 0.589322 0.592551 0.597262 0.603514 0.611387 0.620984 0.632435 0.645902 0.661582 0.679722 0.700620 0.724644 0.752251 0.784009 0.820630 0.863021 0.912348 0.850801 0.792521 0.743389 0.701584 0.665750 0.634853 0.608097 0.584857 0.564638 0.547045 0.531757 0.518515 0.507109 0.497366 0.489147 0.482338 0.476849 0.482564 0.492454 0.503998 0.517372 0.532794 0.550531 0.570912 0.594347 0.621349 0.652568 0.688838 0.731242 0.781214 0.840692 0.912352 1.000000 0.986643 0.931369 0.883976 0.843106 0.807708 0.776958 0.750206 0.726927 0.706700 0.689184 0.674100 0.661221 0.650363 0.641375 0.632912 0.622474 0.613829 0.606863 0.601486 0.597630 0.595249 0.594312 0.594809 0.596746 0.600146 0.605051 0.611522 0.619642 0.629517 0.628543 0.617359 0.608005 0.600355 0.594309 0.589790 0.586742 0.585128 0.584928 0.586140 0.588778 0.592875 0.598481 0.605668 0.614527 0.625178 0.637768 0.652480 0.669537 0.689215 0.711852 0.737865 0.767770 0.802216 0.842022 0.888236 0.942219 0.905952 0.860925 0.822048 0.788348 0.759058 0.733571 0.711398 0.692145 0.675490 0.661174 0.648983 0.638745 0.630319 0.623595 0.615813 10804.000000 1.219563 0.683200
0.555064 0.556977 0.560258 0.564947 0.571102 0.578803 0.588150 0.599272 0.612326 0.627506 0.645053 0.665257 0.688480 0.715168 0.745879 0.781312 0.806028 0.795652 0.787413 0.781205 0.776951 0.774600 0.774122 0.775511 0.778786 0.783984 0.791171 0.800438 0.811903 0.825720 0.842078 0.861215 0.883420 0.909047 0.910228 0.847846 0.795260 0.750518 0.712167 0.679101 0.650467 0.625596 0.603959 0.585130 0.568769 0.554598 0.542390 0.531963 0.523165 0.515876 0.509999 0.505459 0.502198 0.500176 0.499368 0.504040 0.510233 0.517844 0.526974 0.537751 0.550330 0.564906 0.581715 0.601047 0.623261 0.648804 0.674808 0.678907 0.684716 0.692306 0.701777 0.713253 0.726890 0.742884 0.761473 0.782950 0.807677 0.836096 0.868758 0.906347 0.949728 1.000000 0.939610 0.868057 0.808441 0.758196 0.715454 0.678822 0.647241 0.619896 0.596145 0.575482 0.557502 0.541877 0.528343 0.533165 0.544834 0.558401 0.574078 0.592129 0.612877 0.636721 0.664160 0.695822 0.732508 0.775248 0.825397 0.884761 0.928065 0.871853 0.823933 0.782794 0.747282 0.716504 0.689756 0.666482 0.646233 0.628648 0.613433 0.600349 0.589202 0.579833 0.572113 0.565771 0.560867 0.557379 0.555264 0.554495 1379.000000 1.189875 0.685289
0.629353 0.625721 0.623624 0.623037 0.623952 0.626382 0.630355 0.635921 0.643149 0.652133 0.662991 0.675872 0.690961 0.708485 0.728723 0.752016 0.778784 0.809552 0.844969 0.885859 0.933271 0.951051 0.884021 0.827680 0.779857 0.738941 0.703715 0.673243 0.646794 0.623791 0.603772 0.586367 0.571274 0.558251 0.547096 0.537649 0.529777 0.523374 0.518359 0.512245 0.507420 0.503887 0.501603 0.500540 0.500685 0.502040 0.504622 0.508461 0.513606 0.520122 0.528094 0.537629 0.548862 0.561957 0.573761 0.587488 0.603377 0.621689 0.642745 0.666939 0.694766 0.726843 0.763955 0.807109 0.857621 0.917234 0.988313 1.000000 0.951320 0.909249 0.872755 0.841025 0.813412 0.789396 0.768556 0.750550 0.735098 0.721974 0.710993 0.702007 0.694899 0.667921 0.635314 0.607137 0.582698 0.561450 0.542959 0.526876 0.512919 0.500857 0.490504 0.481708 0.474344 0.468313 0.463536 0.459953 0.457518 0.461241 0.475908 0.492765 0.512139 0.534439 0.560180 0.590020 0.624808 0.665659 0.714066 0.772071 0.842542 0.927843 0.882890 0.844031 0.810319 0.781005 0.755495 0.733310 0.714061 0.697434 0.683172 0.671066 0.660946 0.652676 0.646148 0.641278 0.638007 0.636295 0.636119 0.634565 829.500000 1.117870 0.670638
1.000000 0.967052 0.926945 0.892096 0.861773 0.835390 0.812474 0.792640 0.775575 0.761025 0.748780 0.738675 0.730576 0.724378 0.720005 0.717402 0.716538 0.717402 0.720005 0.724378 0.730576 0.738675 0.748780 0.761025 0.775575 0.781538 0.758124 0.737798 0.720223 0.705125 0.692281 0.681509 0.672662 0.665625 0.660309 0.656645 0.654591 0.654120 0.655227 0.657926 0.662249 0.668250 0.676004 0.685611 0.697199 0.710928 0.726994 0.745642 0.767168 0.791938 0.820404 0.853124 0.836853 0.819690 0.805118 0.792932 0.782968 0.775095 0.769213 0.765250 0.763156 0.762906 0.764498 0.767951 0.773306 0.780630 0.790016 0.801585 0.815491 0.831928 0.851134 0.873402 0.899090 0.928640 0.913321 0.874658 0.841080 0.811868 0.786448 0.764357 0.745220 0.728730 0.714638 0.702742 0.692877 0.684913 0.678746 0.674299 0.671518 0.670367 0.670834 0.672924 0.676662 0.682094 0.689288 0.698336 0.709356 0.722498 0.737947 0.755932 0.776734 0.763350 0.744647 0.728551 0.714821 0.703263 0.693717 0.686057 0.680186 0.676029 0.673535 0.672674 0.673435 0.675828 0.679882 0.685647 0.693194 0.702621 0.714052 0.727643 0.743588 0.762124 0.783543 0.808205 0.836551 0.869127 0.906615 0.949875 1207.500000 1.220757 0.843086
0.955391 1.000000 0.920847 0.855215 0.800115 0.753391 0.713446 0.679078 0.649361 0.623575 0.601152 0.581638 0.564668 0.549949 0.537238 0.526341 0.517098 0.509380 0.503084 0.498126 0.494445 0.491994 0.490744 0.490680 0.491800 0.494118 0.497663 0.502478 0.508625 0.516182 0.525253 0.535962 0.548465 0.562955 0.579665 0.598885 0.620970 0.646363 0.675618 0.709437 0.748720 0.794633 0.848725 0.913078 0.919128 0.857211 0.804927 0.760380 0.722154 0.689169 0.660586 0.635751 0.614142 0.595340 0.579009 0.564874 0.552713 0.542343 0.533618 0.526416 0.520644 0.516228 0.513111 0.511256 0.510640 0.511256 0.513111 0.516228 0.520644 0.526416 0.533618 0.542343 0.552713 0.564874 0.579009 0.595340 0.614142 0.635751 0.660586 0.689169 0.722154 0.760380 0.804927 0.857211 0.919128 0.974884 0.897205 0.832849 0.778859 0.733101 0.694000 0.660370 0.631299 0.606078 0.584148 0.565063 0.548465 0.534065 0.521626 0.510956 0.501898 0.494327 0.488139 0.483253 0.479609 0.477160 0.475876 0.475743 0.476757 0.478932 0.482295 0.486886 0.492764 0.500005 0.508706 0.518987 0.530998 0.544922 0.560984 0.579460 0.600690 0.625099 0.653215 0.685710 0.723441 0.767523 0.819428 0.881139 1566.000000 1.085379 0.603082
0.849862 0.875068 0.904060 0.937374 0.907676 0.877337 0.850944 0.828030 0.808213 0.791184 0.776691 0.764527 0.754529 0.746563 0.740530 0.736353 0.733981 0.733386 0.734559 0.737516 0.742293 0.748948 0.757564 0.768254 0.781158 0.796455 0.814364 0.835155 0.859160 0.886784 0.918531 0.944320 0.915632 0.890718 0.869162 0.850626 0.834833 0.821558 0.810622 0.801880 0.795219 0.790557 0.787836 0.787023 0.788109 0.791106 0.796051 0.803005 0.812055 0.823318 0.836942 0.853114 0.872065 0.894081 0.904535 0.878231 0.855415 0.835718 0.818835 0.804521 0.792575 0.782837 0.775180 0.769508 0.765749 0.763858 0.763812 0.765610 0.769275 0.774850 0.782405 0.792036 0.803868 0.818059 0.834808 0.854358 0.870584 0.846418 0.825493 0.807476 0.792095 0.779132 0.768407 0.759780 0.753138 0.748398 0.745503 0.744416 0.745125 0.747638 0.751986 0.758222 0.766424 0.776697 0.789176 0.804032 0.821474 0.841763 0.865217 0.892226 0.923271 0.958948 1.000000 0.980789 0.941815 0.907924 0.878430 0.852782 0.830533 0.811321 0.794849 0.780876 0.769207 0.759685 0.752185 0.746614 0.742900 0.741000 0.740890 0.742569 0.746056 0.751395 0.758652 0.767919 0.779315 0.792994 0.809146 0.828006 3909.500000 1.063520 0.856109
0.963747 1.000000 0.981772 0.932931 0.890763 0.854210 0.822443 0.794800 0.770751 0.749868 0.731803 0.716273 0.703048 0.691938 0.682793 0.675493 0.669945 0.661684 0.654295 0.648614 0.644570 0.642114 0.641216 0.641863 0.644066 0.647850 0.653261 0.660368 0.669262 0.680058 0.680562 0.670458 0.662222 0.655746 0.650949 0.647771 0.646172 0.646135 0.647657 0.650758 0.655476 0.661869 0.670017 0.680028 0.692034 0.706204 0.722744 0.741908 0.764006 0.789421 0.806816 0.797343 0.789972 0.784609 0.781187 0.779665 0.780024 0.782269 0.786427 0.792549 0.800711 0.811018 0.823603 0.838637 0.856331 0.876946 0.900802 0.928291 0.959896 0.972646 0.934311 0.900972 0.871958 0.846731 0.824854 0.805971 0.789794 0.776086 0.764657 0.745340 0.717013 0.692367 0.670922 0.652290 0.636155 0.622263 0.610403 0.600407 0.592136 0.585481 0.580357 0.576699 0.574462 0.573618 0.574159 0.576090 0.579434 0.584233 0.590546 0.598456 0.608064 0.619503 0.632935 0.648559 0.656624 0.666127 0.677565 0.691096 0.706917 0.725268 0.746442 0.770803 0.795051 0.789545 0.785995 0.784359 0.784615 0.786768 0.790843 0.796890 0.804984 0.815229 0.827758 0.842739 0.860384 0.880952 0.904760 0.932198 3380.000000 1.289516 0.854338
0.949158 0.919503 0.893733 0.871411 0.852179 0.835747 0.821880 0.810386 0.801112 0.793939 0.788777 0.785562 0.784254 0.784839 0.787323 0.791735 0.798131 0.806591 0.817221 0.830162 0.845589 0.863721 0.884825 0.909232 0.937346 0.937170 0.910740 0.887841 0.868105 0.851234 0.836984 0.825158 0.815599 0.808184 0.802819 0.799438 0.798000 0.798487 0.800905 0.805284 0.811677 0.820164 0.830854 0.843885 0.859435 0.877724 0.899020 0.923656 0.952038 0.973482 0.935508 0.902477 0.873733 0.848745 0.827083 0.808398 0.792406 0.778874 0.767615 0.758478 0.751345 0.746125 0.742755 0.741192 0.741418 0.743436 0.747270 0.752968 0.760599 0.770261 0.782080 0.796215 0.812865 0.832275 0.854743 0.880638 0.910414 0.944628 0.983978 1.000000 0.965305 0.935114 0.908877 0.886149 0.866566 0.849834 0.835710 0.824001 0.814551 0.807238 0.801969 0.798681 0.797332 0.797907 0.800413 0.804879 0.811361 0.819940 0.830724 0.843857 0.859515 0.877920 0.899344 0.924123 0.908233 0.883187 0.861505 0.842843 0.826923 0.813517 0.802441 0.793548 0.786725 0.781886 0.778971 0.777945 0.778795 0.781532 0.786189 0.792823 0.801518 0.812384 0.825565 0.841241 0.859634 0.881020 0.905735 0.934192 5275.000000 1.047460 0.860360
0.883141 0.845442 0.812706 0.784230 0.759450 0.737911 0.719245 0.703152 0.689388 0.677754 0.668089 0.660264 0.654178 0.649754 0.646937 0.645694 0.646009 0.647886 0.651347 0.656435 0.663214 0.671769 0.682214 0.694688 0.709367 0.726468 0.746256 0.769057 0.795272 0.825395 0.860044 0.899992 0.946223 1.000000 0.983314 0.934095 0.891613 0.854797 0.822805 0.794967 0.770747 0.749712 0.731510 0.715854 0.702512 0.691292 0.682043 0.674642 0.668994 0.665029 0.662697 0.661971 0.662842 0.665320 0.669435 0.675238 0.682802 0.692224 0.703629 0.717172 0.733048 0.751493 0.772801 0.797329 0.825519 0.857918 0.895209 0.938252 0.988144 0.942890 0.899350 0.861638 0.828878 0.800375 0.775574 0.754026 0.735366 0.719298 0.705581 0.694018 0.684451 0.676751 0.670821 0.666586 0.663994 0.663013 0.663631 0.665856 0.669715 0.675255 0.682545 0.691679 0.702777 0.715989 0.731504 0.749553 0.770417 0.794444 0.822063 0.853802 0.890322 0.888459 0.860576 0.836344 0.815349 0.797257 0.781792 0.768733 0.757898 0.749145 0.742359 0.737456 0.734374 0.733077 0.733549 0.735795 0.739842 0.745741 0.753565 0.763413 0.775415 0.789733 0.806570 0.826173 0.848850 0.874973 0.905005 0.926697 3233.000000 1.053954 0.775746
0.835806 0.812854 0.792988 0.775895 0.761319 0.749051 0.738924 0.730805 0.724589 0.720198 0.717578 0.716698 0.717546 0.720133 0.724490 0.730672 0.738755 0.748843 0.761069 0.775601 0.792645 0.812456 0.835347 0.861701 0.867417 0.815373 0.770973 0.732832 0.699894 0.671337 0.646516 0.624917 0.606127 0.589813 0.575705 0.563583 0.553265 0.544607 0.537491 0.531823 0.527531 0.524561 0.522878 0.522459 0.523301 0.525413 0.528822 0.533569 0.545560 0.562208 0.581349 0.603343 0.628642 0.657809 0.691562 0.730821 0.776790 0.831066 0.895818 0.974057 1.000000 0.962706 0.930254 0.902021 0.877502 0.856290 0.838050 0.822511 0.809453 0.798697 0.790101 0.783556 0.778979 0.776316 0.775532 0.776619 0.779590 0.784480 0.778254 0.746699 0.719268 0.695397 0.674632 0.656608 0.641026 0.627643 0.616262 0.606722 0.598893 0.592674 0.587984 0.584766 0.582979 0.582603 0.583632 0.586080 0.589975 0.595366 0.602321 0.610930 0.621307 0.633595 0.647972 0.664654 0.683910 0.706066 0.731527 0.760794 0.786124 0.771330 0.758877 0.748594 0.740346 0.734027 0.729557 0.726883 0.725970 0.726808 0.729407 0.733799 0.740038 0.748202 0.758396 0.770753 0.785444 0.802676 0.822708 0.845856 917.500000 1.288988 0.785513
0.805516 0.781339 0.760349 0.742199 0.726605 0.713336 0.702203 0.693057 0.685777 0.680271 0.676468 0.674324 0.673811 0.674923 0.677675 0.682099 0.688250 0.696205 0.706068 0.717968 0.722164 0.721310 0.722196 0.724833 0.729252 0.735508 0.743680 0.753872 0.766218 0.780889 0.798092 0.818085 0.841185 0.867778 0.898342 0.933469 0.973897 0.978438 0.964278 0.952785 0.943810 0.937238 0.932990 0.931013 0.931283 0.933803 0.938605 0.945746 0.955316 0.967435 0.982264 1.000000 0.967990 0.927414 0.892166 0.861499 0.834814 0.811629 0.791552 0.774265 0.759508 0.747068 0.736776 0.728495 0.722118 0.717566 0.714781 0.713731 0.714403 0.716805 0.720965 0.726935 0.734790 0.744630 0.756585 0.766859 0.753794 0.742927 0.734112 0.727236 0.722210 0.718974 0.717488 0.717733 0.719713 0.723451 0.728994 0.736410 0.745794 0.757268 0.770987 0.787143 0.805975 0.827772 0.852893 0.869004 0.866181 0.865454 0.866815 0.870279 0.875891 0.883718 0.893859 0.906444 0.921641 0.939658 0.960755 0.985248 0.995185 0.969242 0.946841 0.927635 0.911346 0.897744 0.886646 0.877909 0.871421 0.867102 0.864899 0.864785 0.866759 0.870845 0.877092 0.885579 0.896412 0.901991 0.865247 0.833309 3355.000000 1.347886 0.891040
0.978061 0.945878 0.897951 0.856610 0.820799 0.789688 0.762620 0.739067 0.718605 0.700888 0.685636 0.672619 0.661652 0.652583 0.645294 0.639689 0.635699 0.633275 0.632387 0.633024 0.635195 0.638924 0.644259 0.651267 0.660035 0.670681 0.683349 0.698220 0.715514 0.735503 0.758522 0.784980 0.796535 0.765793 0.739050 0.715777 0.695550 0.678024 0.662916 0.650000 0.639087 0.630027 0.622699 0.617010 0.612886 0.610278 0.609153 0.609498 0.611317 0.614632 0.619483 0.625932 0.634060 0.643973 0.655807 0.669727 0.685939 0.704695 0.726305 0.751149 0.779698 0.812537 0.850403 0.894231 0.945222 1.000000 0.943853 0.895718 0.854213 0.818268 0.787046 0.759882 0.736245 0.715706 0.697918 0.682597 0.669513 0.658477 0.649338 0.641975 0.636293 0.632220 0.629706 0.628721 0.629252 0.631306 0.634909 0.640104 0.646955 0.655552 0.666006 0.678460 0.693090 0.710113 0.729796 0.752466 0.778525 0.766410 0.740578 0.718104 0.698588 0.681703 0.667184 0.654815 0.644421 0.635860 0.629019 0.623810 0.620168 0.618049 0.617427 0.618294 0.620661 0.624557 0.630028 0.637146 0.646000 0.656708 0.669416 0.684308 0.701605 0.721584 0.744579 0.771007 0.801382 0.836346 0.876709 0.923502 12250.000000 1.252579 0.765722
0.965056 0.950215 0.938049 0.928399 0.921142 0.916188 0.913476 0.912972 0.914672 0.918594 0.924788 0.933330 0.944328 0.957923 0.974296 0.932093 0.891616 0.856486 0.825934 0.799345 0.776227 0.756179 0.738876 0.724052 0.711491 0.701019 0.692495 0.685808 0.680873 0.677630 0.676039 0.676079 0.677753 0.681080 0.684727 0.687881 0.692740 0.699365 0.707840 0.718274 0.730808 0.745615 0.762910 0.782958 0.806082 0.832680 0.863245 0.898385 0.938866 0.985653 0.977591 0.963505 0.952081 0.943170 0.936660 0.932470 0.930550 0.930875 0.933450 0.938306 0.945502 0.955129 0.967307 0.982198 1.000000 0.975172 0.950678 0.929568 0.911524 0.896285 0.883641 0.873424 0.865502 0.859775 0.856172 0.854649 0.855188 0.857796 0.862504 0.869370 0.878480 0.889949 0.903928 0.920606 0.940219 0.896213 0.846108 0.803142 0.766085 0.733987 0.706103 0.681843 0.660733 0.642392 0.633020 0.635278 0.639097 0.644524 0.651627 0.660498 0.671253 0.684039 0.699038 0.716475 0.736624 0.759822 0.786485 0.817128 0.852392 0.893086 0.940239 0.939052 0.926176 0.915825 0.907865 0.902197 0.898751 0.897486 0.898385 0.901460 0.906748 0.914314 0.924252 0.936691 0.951793 0.969765 0.990861 0.982774 5572.500000 1.156729 0.847910
0.722780 0.675310 0.635126 0.600823 0.571341 0.545870 0.523782 0.504579 0.487869 0.473334 0.460718 0.449812 0.440447 0.432485 0.425813 0.420341 0.415998 0.412727 0.410489 0.409255 0.409011 0.409754 0.411493 0.414249 0.418056 0.422962 0.429030 0.436342 0.444997 0.455122 0.466869 0.480426 0.496026 0.513951 0.534557 0.558286 0.585696 0.617500 0.654624 0.698288 0.750129 0.812399 0.888276 0.982398 1.000000 0.903226 0.825342 0.761513 0.708431 0.663763 0.625812 0.593317 0.565325 0.541101 0.520068 0.501773 0.485852 0.472013 0.460018 0.449673 0.440822 0.433337 0.427114 0.422069 0.418137 0.415269 0.413430 0.412596 0.412758 0.413918 0.416090 0.419299 0.423588 0.429009 0.435633 0.443551 0.452873 0.463736 0.476309 0.490799 0.507458 0.526601 0.548619 0.574001 0.603370 0.637525 0.677509 0.724706 0.780994 0.842889 0.794706 0.753450 0.717911 0.687154 0.660450 0.637222 0.617007 0.599436 0.584206 0.571073 0.559836 0.550333 0.542432 0.536028 0.531038 0.527398 0.525065 0.524009 0.524217 0.525693 0.528453 0.532533 0.537982 0.544870 0.553286 0.563346 0.575189 0.588990 0.604963 0.623371 0.644535 0.668854 0.696825 0.729071 0.766382 0.809774 0.847975 0.779448 5471.000000 1.355361 0.584653
0.895387 0.851300 0.813217 0.780195 0.751490 0.726510 0.704781 0.685918 0.669610 0.655602 0.643687 0.633696 0.625495 0.618976 0.614055 0.610671 0.608783 0.608368 0.609420 0.611953 0.615997 0.621603 0.628840 0.637802 0.648609 0.661409 0.676386 0.693768 0.713832 0.700513 0.674152 0.651216 0.631259 0.613924 0.598920 0.586010 0.575001 0.565736 0.558088 0.551955 0.547260 0.543944 0.541965 0.541300 0.541941 0.543895 0.547186 0.551855 0.557960 0.565579 0.574813 0.585788 0.598661 0.613624 0.630912 0.650817 0.673694 0.699986 0.730245 0.765164 0.805628 0.852781 0.908119 0.973647 1.000000 0.935281 0.880423 0.833540 0.793212 0.758348 0.728101 0.701800 0.678911 0.659006 0.641736 0.626820 0.614027 0.603170 0.594097 0.586685 0.580838 0.576481 0.573560 0.572041 0.571903 0.573146 0.575784 0.579850 0.585395 0.592487 0.601219 0.611709 0.624101 0.638576 0.655355 0.674708 0.685083 0.664659 0.646931 0.631606 0.618446 0.607256 0.597879 0.590187 0.584080 0.579479 0.576328 0.574588 0.574237 0.575272 0.577705 0.581566 0.586902 0.593780 0.602290 0.612545 0.624685 0.638887 0.655365 0.674384 0.696266 0.721413 0.750319 0.783606 0.822055 0.866667 0.918740 0.946696 5892.000000 1.421846 0.738330
0.913173 0.859169 0.813045 0.773389 0.739120 0.709395 0.683552 0.661062 0.641501 0.624526 0.609857 0.597267 0.586571 0.577619 0.570289 0.564485 0.560135 0.557182 0.555593 0.555346 0.556439 0.558886 0.562716 0.567977 0.574735 0.583077 0.593114 0.604987 0.618865 0.634961 0.653533 0.628713 0.603060 0.580762 0.561358 0.544479 0.529824 0.517150 0.506260 0.496992 0.489214 0.482821 0.477729 0.473873 0.471205 0.469692 0.469315 0.470071 0.471968 0.475030 0.479293 0.484813 0.491659 0.499923 0.509719 0.521186 0.534499 0.549869 0.567558 0.587885 0.611250 0.638149 0.669212 0.705240 0.747270 0.796668 0.855265 0.925574 1.000000 0.921767 0.856801 0.802195 0.755844 0.716188 0.682047 0.652513 0.626879 0.604584 0.585181 0.568312 0.553684 0.541062 0.530251 0.521094 0.513465 0.507259 0.502398 0.498820 0.496480 0.495349 0.495414 0.496676 0.499150 0.502866 0.507871 0.514228 0.522019 0.531349 0.542350 0.537418 0.526950 0.518107 0.510766 0.504829 0.500220 0.496880 0.494769 0.493860 0.494143 0.495621 0.498312 0.502249 0.507480 0.514074 0.522115 0.531713 0.543004 0.556153 0.571365 0.588892 0.609042 0.632196 0.658830 0.689542 0.725089 0.766447 0.814890 0.872113 3380.000000 1.607866 0.691937
0.938438 0.918339 0.901209 0.886803 0.874925 0.865418 0.858161 0.853063 0.850061 0.849118 0.850223 0.853390 0.858656 0.866088 0.875777 0.887849 0.876021 0.836007 0.801335 0.771209 0.744995 0.722187 0.702376 0.685230 0.670478 0.657899 0.647314 0.638578 0.631576 0.626218 0.622438 0.620188 0.619441 0.620188 0.622438 0.614791 0.608731 0.604231 0.601234 0.599705 0.599624 0.600992 0.603823 0.608153 0.614036 0.621545 0.630779 0.641861 0.654946 0.670223 0.687927 0.708344 0.731828 0.758812 0.789838 0.825584 0.866905 0.910981 0.896324 0.884228 0.874532 0.867114 0.861879 0.858763 0.857729 0.858763 0.861879 0.867114 0.874532 0.884228 0.896324 0.910981 0.928399 0.948826 0.972568 1.000000 0.967408 0.915822 0.871452 0.833096 0.799821 0.770887 0.745707 0.723809 0.704810 0.688398 0.674321 0.662372 0.652383 0.644220 0.637777 0.632970 0.629742 0.623931 0.614441 0.606676 0.600533 0.595934 0.592822 0.591160 0.590926 0.592119 0.594752 0.598858 0.604487 0.611711 0.620622 0.631341 0.644015 0.654531 0.657481 0.662060 0.668325 0.676354 0.686252 0.698151 0.712215 0.728650 0.747705 0.769687 0.794974 0.824031 0.857438 0.895917 0.940384 0.992010 0.988809 0.961805 926.000000 1.331899 0.835112
0.845316 0.814506 0.787694 0.764374 0.744136 0.726647 0.711636 0.698883 0.688208 0.679466 0.672543 0.667351 0.663826 0.661924 0.661623 0.662917 0.665825 0.668446 0.651916 0.637683 0.625533 0.615292 0.606820 0.600003 0.594754 0.591008 0.588719 0.587857 0.588414 0.590396 0.593826 0.598747 0.605221 0.613330 0.623181 0.634907 0.648677 0.664694 0.683209 0.704531 0.729040 0.742394 0.727882 0.715618 0.705432 0.697187 0.690778 0.686124 0.683167 0.681871 0.682220 0.684218 0.687891 0.693282 0.700459 0.709514 0.720564 0.733760 0.749287 0.767373 0.788301 0.812414 0.840136 0.871993 0.861552 0.831720 0.805760 0.783201 0.763661 0.746827 0.732447 0.720311 0.710255 0.702144 0.695873 0.691365 0.688562 0.687432 0.687960 0.690152 0.694036 0.699659 0.707091 0.716428 0.727791 0.741334 0.757251 0.728939 0.701559 0.677736 0.657008 0.639004 0.623422 0.610017 0.598588 0.588972 0.581037 0.574680 0.569818 0.566391 0.564356 0.563689 0.564382 0.566442 0.569896 0.574785 0.579668 0.582393 0.586563 0.592230 0.599466 0.608365 0.619046 0.631657 0.646383 0.663448 0.683129 0.705765 0.731776 0.761684 0.796139 0.835969 0.882232 0.936302 1.000000 0.968889 0.921610 0.880754 6337.500000 1.255379 0.819417
0.445098 0.441567 0.440449 0.444611 0.449948 0.456526 0.464436 0.473786 0.484712 0.497381 0.511996 0.528808 0.548128 0.570338 0.595921 0.625484 0.659806 0.699898 0.747093 0.803188 0.870658 0.953009 0.942270 0.880251 0.827763 0.782963 0.744464 0.711208 0.682368 0.657299 0.635483 0.616506 0.600033 0.585792 0.573561 0.563159 0.554440 0.547285 0.541600 0.537314 0.535758 0.536251 0.538042 0.541153 0.545622 0.551505 0.558878 0.567837 0.578505 0.591032 0.605604 0.622451 0.641853 0.664155 0.689783 0.719271 0.753289 0.747198 0.729974 0.715211 0.702692 0.692243 0.683723 0.677022 0.672054 0.668758 0.667093 0.667039 0.668596 0.671783 0.676638 0.683221 0.691616 0.701933 0.714308 0.724030 0.690018 0.660578 0.635015 0.612777 0.593426 0.576606 0.562030 0.549463 0.538716 0.529633 0.522088 0.515980 0.511231 0.507780 0.508787 0.512955 0.518452 0.525347 0.533731 0.543719 0.555450 0.569101 0.584884 0.603061 0.623956 0.647968 0.675594 0.707462 0.744367 0.787335 0.837709 0.897280 0.968483 1.000000 0.909377 0.835660 0.774724 0.723697 0.680514 0.643657 0.611987 0.584629 0.560906 0.540284 0.522338 0.506728 0.493177 0.481461 0.471399 0.462841 0.455666 0.449778 1720.500000 1.108174 0.639020
0.850272 0.813465 0.781518 0.753733 0.729552 0.708529 0.690300 0.674569 0.661097 0.649687 0.640180 0.632448 0.626393 0.621936 0.619023 0.617619 0.617705 0.619283 0.622373 0.627012 0.633258 0.641189 0.650910 0.662550 0.676274 0.692281 0.710818 0.732187 0.756761 0.784998 0.817470 0.854893 0.898174 0.948478 0.924184 0.886223 0.853232 0.824524 0.799549 0.777860 0.759098 0.742968 0.729228 0.717686 0.708182 0.700593 0.694821 0.690794 0.688462 0.687797 0.688791 0.691456 0.695825 0.701951 0.709912 0.719809 0.731774 0.745970 0.762602 0.781919 0.804228 0.829906 0.859416 0.836731 0.809194 0.785244 0.764459 0.746498 0.731083 0.717986 0.707023 0.698047 0.690939 0.685609 0.681992 0.680042 0.679736 0.681071 0.684062 0.688745 0.695180 0.703447 0.713653 0.725933 0.740459 0.757440 0.777135 0.799859 0.826002 0.856044 0.890580 0.907809 0.866880 0.831399 0.800561 0.773727 0.750382 0.730111 0.712579 0.697510 0.684680 0.673908 0.665047 0.657981 0.652619 0.648894 0.646760 0.646193 0.647184 0.649745 0.653909 0.659726 0.667270 0.676636 0.687951 0.701368 0.717082 0.735327 0.756396 0.780643 0.808508 0.840536 0.877408 0.919981 0.969350 1.000000 0.942239 0.892819 7846.000000 1.045218 0.773476
0.725034 0.714674 0.706282 0.699752 0.695000 0.691969 0.690620 0.690937 0.692925 0.696608 0.702030 0.709259 0.718388 0.729535 0.742851 0.758523 0.776783 0.791604 0.784641 0.779660 0.776602 0.775428 0.776125 0.778701 0.783186 0.789638 0.798135 0.808786 0.821732 0.837149 0.855255 0.876320 0.900673 0.928719 0.845808 0.719323 0.627061 0.556966 0.502053 0.458001 0.421991 0.392106 0.367000 0.355152 0.357898 0.361564 0.366198 0.371859 0.378625 0.386590 0.395871 0.406613 0.418992 0.433224 0.449579 0.468389 0.490075 0.515167 0.544349 0.578514 0.618844 0.666947 0.725052 0.796349 0.885562 1.000000 0.962417 0.928076 0.898191 0.872206 0.849672 0.830222 0.813559 0.799440 0.787667 0.778084 0.770565 0.765015 0.761366 0.759573 0.759613 0.761489 0.765221 0.751087 0.731953 0.715451 0.701328 0.689381 0.679443 0.671383 0.665094 0.660499 0.657541 0.656182 0.656407 0.658218 0.661638 0.666708 0.673492 0.682075 0.692569 0.690557 0.674833 0.661366 0.649962 0.640461 0.632736 0.626687 0.622238 0.619332 0.617936 0.618031 0.619619 0.622720 0.627371 0.633629 0.641575 0.647695 0.654550 0.663166 0.673657 0.686164 0.700865 0.717977 0.737768 0.760564 0.752251 0.737503 2000.500000 1.078147 0.702977
0.836480 0.808827 0.784775 0.763898 0.745854 0.730362 0.717192 0.706161 0.697117 0.689943 0.684548 0.680864 0.678846 0.678470 0.679730 0.682643 0.687244 0.693590 0.701760 0.711860 0.724025 0.738423 0.755262 0.774796 0.797340 0.823278 0.853084 0.827016 0.794526 0.766268 0.741677 0.720297 0.701757 0.685759 0.672057 0.660451 0.650781 0.642917 0.636756 0.632220 0.629254 0.627821 0.627904 0.629503 0.632639 0.626131 0.615560 0.606778 0.599667 0.594135 0.590114 0.587552 0.586419 0.586702 0.588402 0.591542 0.596159 0.602312 0.610078 0.619559 0.630883 0.644209 0.659734 0.677699 0.692734 0.691007 0.690949 0.692560 0.695859 0.700885 0.707703 0.716396 0.727080 0.739896 0.755024 0.772684 0.793146 0.816743 0.843882 0.875067 0.910924 0.952238 1.000000 0.960293 0.897042 0.843514 0.797829 0.758571 0.724660 0.695254 0.669692 0.647448 0.628098 0.611301 0.596780 0.584307 0.573699 0.564805 0.557506 0.551705 0.547328 0.544322 0.542648 0.542287 0.541145 0.538374 0.536918 0.536759 0.537897 0.540343 0.544128 0.549300 0.555923 0.564083 0.573889 0.585478 0.599017 0.614713 0.632820 0.653648 0.677581 0.705097 0.736793 0.773423 0.815955 0.865643 0.904808 0.868256 6630.000000 1.186924 0.784071
0.929840 0.962484 1.000000 0.979724 0.934016 0.894441 0.860071 0.830171 0.804153 0.781541 0.761951 0.745071 0.730644 0.718463 0.708360 0.700201 0.693881 0.689319 0.686460 0.685268 0.685730 0.687850 0.691655 0.697192 0.692205 0.681769 0.673240 0.666508 0.661487 0.658114 0.656349 0.656170 0.657575 0.660581 0.665224 0.671562 0.679676 0.689669 0.701677 0.715865 0.732440 0.751654 0.773818 0.799312 0.828608 0.854025 0.842155 0.832588 0.825202 0.819903 0.816627 0.815333 0.816007 0.818655 0.823310 0.830030 0.838898 0.850027 0.863564 0.879692 0.898641 0.920691 0.946186 0.975551 0.965551 0.923851 0.887654 0.856171 0.828773 0.804953 0.784301 0.766482 0.751225 0.738307 0.727549 0.718806 0.711967 0.706943 0.703673 0.702116 0.702255 0.704090 0.707644 0.712961 0.720105 0.725773 0.712440 0.701246 0.692040 0.684701 0.679135 0.675272 0.673065 0.672487 0.673532 0.676211 0.680558 0.686626 0.694491 0.704255 0.716047 0.730029 0.746402 0.765412 0.787363 0.812625 0.841657 0.856268 0.837782 0.822015 0.808744 0.797785 0.788995 0.782261 0.777498 0.774647 0.773674 0.774567 0.777337 0.782018 0.788667 0.797368 0.808231 0.821400 0.837056 0.855421 0.876770 0.901438 5839.000000 1.217378 0.860208
0.742119 0.750624 0.761180 0.773929 0.789045 0.806746 0.827298 0.851028 0.878338 0.909724 0.945798 0.987328 0.984674 0.894251 0.820849 0.760276 0.709620 0.666799 0.630284 0.598928 0.571857 0.548391 0.527996 0.510250 0.494811 0.481404 0.469807 0.478602 0.489861 0.502904 0.517943 0.535237 0.555111 0.577962 0.604295 0.634743 0.670123 0.711495 0.760264 0.818326 0.888308 0.973943 1.000000 0.946045 0.899670 0.859604 0.824856 0.794649 0.768361 0.745496 0.725649 0.708495 0.693766 0.681244 0.670754 0.662152 0.655328 0.650193 0.646683 0.644756 0.644389 0.645576 0.648332 0.652692 0.658707 0.666456 0.676036 0.687577 0.701237 0.700738 0.700210 0.701371 0.704236 0.708839 0.715236 0.723509 0.733764 0.746138 0.760800 0.777961 0.797881 0.820878 0.847342 0.877753 0.912710 0.952957 0.936620 0.886012 0.842517 0.804942 0.772356 0.744029 0.719378 0.697935 0.679323 0.663234 0.649418 0.637670 0.627826 0.619751 0.613340 0.608511 0.605205 0.603380 0.603142 0.604546 0.607424 0.611810 0.617760 0.625347 0.634671 0.645856 0.659060 0.674473 0.692332 0.712927 0.736613 0.763831 0.772638 0.760763 0.751030 0.743311 0.737508 0.733548 0.731383 0.730987 0.732354 0.735558 18819.500000 1.084453 0.684428
0.449144 0.448526 0.448990 0.450541 0.453199 0.456995 0.461979 0.468212 0.475778 0.484949 0.498787 0.514714 0.533018 0.554056 0.578273 0.606231 0.638647 0.676447 0.720848 0.773483 0.836583 0.913290 1.000000 0.918242 0.850736 0.794259 0.746500 0.705763 0.670774 0.640560 0.614368 0.591602 0.571792 0.554558 0.539594 0.526653 0.515530 0.506061 0.498112 0.491576 0.486364 0.482413 0.478958 0.474207 0.470672 0.468309 0.467090 0.466999 0.468035 0.470211 0.473553 0.478104 0.483920 0.491076 0.499670 0.509819 0.521673 0.535411 0.551256 0.569482 0.590424 0.614503 0.642243 0.634430 0.622770 0.612981 0.604930 0.598511 0.593642 0.590262 0.588329 0.587821 0.588730 0.591069 0.594865 0.600165 0.607036 0.615566 0.625869 0.638086 0.652393 0.669004 0.688184 0.710258 0.735626 0.764785 0.757322 0.728077 0.702637 0.680498 0.661256 0.644582 0.630210 0.617921 0.607537 0.598915 0.591941 0.586525 0.582597 0.580110 0.579033 0.579353 0.581074 0.584216 0.588820 0.594941 0.602658 0.612071 0.623309 0.636529 0.651927 0.669741 0.670474 0.636537 0.607262 0.581902 0.559870 0.540701 0.524021 0.509530 0.496985 0.486185 0.476970 0.469206 0.462788 0.457631 0.453669 0.450852 3315.000000 1.372691 0.714243
0.543592 0.537261 0.532344 0.528778 0.526519 0.525540 0.525830 0.527391 0.530242 0.534419 0.539973 0.546976 0.555518 0.565716 0.577713 0.591687 0.607853 0.626480 0.647895 0.672502 0.700808 0.733446 0.771221 0.815169 0.866642 0.927439 1.000000 0.950813 0.879844 0.820574 0.770524 0.727881 0.691289 0.659713 0.632353 0.608579 0.587893 0.569895 0.554262 0.540731 0.529090 0.519163 0.510811 0.503917 0.498392 0.494164 0.491180 0.489405 0.488815 0.490568 0.496331 0.503459 0.512045 0.522210 0.534099 0.547893 0.563812 0.582129 0.603178 0.627374 0.655236 0.687422 0.724769 0.768365 0.819642 0.880525 0.883810 0.841322 0.804580 0.772698 0.744972 0.720843 0.699861 0.681662 0.665949 0.652481 0.641060 0.631527 0.623755 0.617641 0.613109 0.610102 0.608583 0.608534 0.600423 0.591521 0.584266 0.578564 0.574342 0.571548 0.570149 0.570126 0.571480 0.574227 0.578401 0.584053 0.591255 0.600101 0.610709 0.623227 0.637838 0.654766 0.674285 0.696734 0.722530 0.752192 0.786368 0.825882 0.871789 0.891301 0.841617 0.799004 0.762245 0.730402 0.702738 0.678668 0.657725 0.639530 0.623777 0.610216 0.598644 0.588895 0.580835 0.574357 0.569380 0.565839 0.560845 0.551419 1422.500000 1.037389 0.681280
