50
1000 1000
4 15 38 32 21 55 33 31 61
5 81 80 146 54 238 127 142 202 81 151
6 12 15 25 -1 42 0 45 18 40 26 21 37
6 45 86 85 84 123 131 87 177 30 165 2 139
3 21 10 96 32 7 81
8 29 12 70 21 91 26 121 44 95 90 72 97 21 83 12 61
7 -18 20 22 10 48 15 87 27 59 82 22 68 -26 63
4 68 53 93 129 60 153 7 132
4 126 13 189 55 123 122 51 68
8 66 38 87 29 106 42 119 58 120 81 90 77 76 75 69 58
3 37 26 94 62 49 87
8 10 29 34 25 52 35 65 47 49 65 33 72 19 67 18 49
3 12 14 63 32 17 69
3 77 133 130 155 72 183
3 7 10 60 45 5 81
7 14 19 30 11 46 11 65 24 45 46 30 49 14 39
7 -1 10 46 -1 111 6 107 55 107 93 39 105 16 83
3 64 97 122 113 64 144
4 66 37 151 72 78 132 -5 97
4 0 53 31 20 74 46 22 103
3 35 0 95 26 38 61
3 40 -6 87 34 27 86
4 30 32 67 -14 140 34 67 97
4 29 -28 100 25 28 91 2 41
7 118 310 183 314 254 317 298 379 262 445 171 461 152 403
6 -31 81 24 28 111 49 166 82 103 191 35 171
5 67 88 119 76 153 118 115 152 57 155
6 17 3 47 -9 89 23 40 52 23 51 -22 30
3 71 83 103 102 68 120
3 14 13 65 34 20 54
3 34 74 76 91 32 116
4 254 214 295 160 363 209 278 304
6 61 -4 118 8 121 61 118 103 76 103 21 73
8 -2 16 6 8 15 8 28 11 35 18 31 29 15 34 10 30
6 9 124 46 40 124 72 174 137 108 178 58 211
3 -2 3 57 43 10 56
7 91 166 144 132 204 153 237 208 205 260 140 271 79 239
5 24 60 104 36 113 82 96 141 31 130
6 13 4 27 11 39 24 30 34 14 30 1 25
5 24 28 54 10 87 41 58 80 17 56
4 -3 64 35 35 95 64 33 99
4 33 25 49 8 62 22 49 46
5 8 21 39 2 56 35 37 60 11 52
8 35 22 44 15 53 3 77 12 80 25 66 39 58 46 44 44
8 26 56 51 36 67 30 99 34 109 55 94 89 65 102 46 87
4 -30 47 29 17 85 58 32 86
6 33 38 84 24 159 64 115 163 18 127 -30 97
4 27 39 45 62 32 79 10 61
7 5 23 36 -5 67 15 66 37 70 63 40 66 16 55
5 38 32 65 22 84 44 72 66 38 55
