30
1000 1000
5 79 125 121 116 167 135 115 179 82 166
3 57 85 149 142 42 193
6 56 18 84 19 93 46 88 67 53 79 26 49
5 51 84 152 39 210 125 179 241 85 150
3 25 -2 83 37 34 72
7 -2 13 7 -2 27 1 29 21 18 29 2 39 2 24
3 59 38 132 61 39 118
6 -10 8 8 -6 28 1 46 16 35 33 3 36
7 -16 55 42 13 103 22 136 106 96 144 33 160 -35 150
8 71 124 76 102 99 91 142 87 154 126 127 154 97 169 71 143
4 40 9 61 31 44 44 19 31
7 9 64 23 48 47 49 56 74 43 89 22 88 0 83
6 15 56 16 18 69 38 88 52 69 102 23 107
8 16 7 35 -4 41 14 53 17 46 37 31 46 17 42 14 23
5 41 34 71 27 102 50 66 65 38 69
3 69 42 158 84 80 128
5 30 12 47 0 53 18 49 38 28 30
7 22 68 52 51 90 49 85 83 76 98 50 107 32 88
4 145 20 214 70 141 116 66 77
6 -13 56 20 25 53 26 75 63 56 109 7 117
5 10 34 43 16 46 40 33 67 -4 61
3 116 18 218 78 109 110
4 47 65 71 47 98 63 74 101
6 48 94 67 89 88 109 82 140 49 125 28 115
5 36 23 62 23 80 46 62 59 42 50
6 -28 72 0 35 57 37 90 80 52 110 0 145
3 143 28 289 174 173 243
7 10 20 36 -8 59 13 90 40 69 62 36 61 3 48
3 311 236 416 325 296 384
7 62 35 66 6 89 28 100 41 99 61 73 69 46 61
