60
1000 1000
4 -8 19 18 0 29 20 12 42
8 76 51 87 41 116 47 122 63 106 83 90 83 69 82 67 69
5 11 31 102 -35 143 65 95 110 13 97
3 10 3 66 32 20 54
8 26 42 37 37 50 32 80 26 73 44 63 61 56 73 26 76
8 -11 36 31 9 56 -3 95 8 128 52 87 68 62 79 33 77
6 11 15 56 32 67 62 55 109 21 111 -19 69
6 23 0 61 -11 99 35 55 77 16 73 -2 47
5 141 117 223 131 263 189 233 236 119 257
5 53 26 75 26 94 42 80 66 54 53
3 71 79 126 117 71 136
7 0 21 17 15 28 14 48 31 27 48 12 48 -3 45
5 32 21 97 16 154 42 103 102 30 75
7 98 120 123 92 169 96 187 139 174 166 132 167 102 155
5 28 64 105 42 160 95 108 161 29 140
7 -1 21 20 9 43 15 59 24 45 48 25 52 -2 39
7 1 64 56 35 92 41 141 74 91 112 59 128 7 117
5 120 141 169 117 206 165 167 187 106 194
7 29 31 50 19 72 26 86 51 73 62 50 70 31 54
4 101 47 150 97 102 149 48 99
3 96 106 224 161 88 222
8 32 67 56 43 91 22 125 36 143 76 130 108 92 110 47 110
7 91 48 105 36 130 46 166 62 147 90 112 97 88 83
8 23 -5 58 8 102 -9 95 37 81 72 60 65 31 68 -14 41
5 -3 1 24 -7 28 15 21 25 -4 27
3 2 22 71 62 19 93
6 -2 -2 86 27 113 79 99 130 16 114 -45 78
3 19 9 79 31 27 67
8 26 18 40 15 64 15 69 32 58 53 39 60 22 58 25 36
8 76 71 105 83 150 86 166 117 164 158 114 146 88 138 51 127
8 133 180 164 146 208 166 209 210 205 243 164 270 149 236 127 216
8 15 30 22 22 33 1 49 13 65 31 47 47 36 55 15 50
6 -4 37 78 11 119 8 169 60 118 118 42 121
8 6 26 18 5 46 -2 90 -19 104 31 86 80 38 90 26 45
3 32 41 92 73 35 102
8 211 179 264 148 311 157 355 218 326 259 261 276 220 275 189 231
4 147 194 207 145 289 208 201 246
5 11 19 32 12 59 39 39 62 12 51
4 101 75 203 119 109 155 43 120
3 233 104 373 191 211 268
7 11 9 25 6 35 8 43 19 35 30 23 33 12 26
3 36 0 73 23 24 50
4 32 6 55 28 35 35 16 28
4 19 3 35 30 22 42 8 27
4 -25 83 49 54 80 92 55 152
5 66 66 130 29 222 77 159 183 38 156
4 -5 31 15 11 55 32 16 58
8 13 -1 27 -13 45 -10 50 11 55 35 27 34 5 33 -6 21
4 15 -20 32 16 15 30 2 12
7 0 13 18 2 33 5 54 25 38 33 21 39 3 29
7 27 35 62 6 86 33 115 56 99 95 63 83 18 78
3 192 179 280 241 183 310
8 10 57 40 30 63 8 88 42 99 63 104 112 61 103 49 88
3 30 31 63 59 30 94
4 -15 63 51 18 99 70 45 140
5 20 93 53 85 78 101 54 129 24 130
7 45 43 66 9 112 45 133 76 126 106 72 126 24 105
7 32 51 59 39 79 39 95 61 74 81 61 75 36 75
5 -6 -2 24 1 52 24 29 49 -4 38
5 35 48 108 20 140 82 103 138 48 105
