0.779006 0.827366 0.884399 0.952341 1.000000 0.939969 0.888757 0.844767 0.806779 0.773844 0.745217 0.720306 0.698636 0.679821 0.663549 0.649567 0.637666 0.627678 0.619468 0.612927 0.607973 0.604542 0.602594 0.602104 0.603066 0.605492 0.609412 0.614875 0.621947 0.630722 0.641315 0.653872 0.668573 0.671285 0.659038 0.648765 0.640326 0.633611 0.628533 0.625031 0.623059 0.622595 0.623634 0.626186 0.630285 0.635979 0.643342 0.652467 0.663476 0.651629 0.638213 0.626818 0.617283 0.609481 0.603309 0.598688 0.595562 0.593891 0.593656 0.594853 0.597498 0.601622 0.607276 0.614532 0.623484 0.634252 0.646983 0.661864 0.679120 0.699028 0.721931 0.748249 0.778505 0.813353 0.853620 0.900363 0.928762 0.884288 0.845824 0.812442 0.783410 0.758145 0.736177 0.717125 0.700680 0.686589 0.674647 0.664687 0.656576 0.650208 0.645502 0.642400 0.640865 0.640877 0.642437 0.645563 0.650295 0.641511 0.618717 0.598881 0.581634 0.566680 0.553777 0.542726 0.533367 0.525571 0.519232 0.514268 0.510617 0.508233 0.507087 0.507165 0.508468 0.511012 0.514829 0.519965 0.526485 0.534475 0.544043 0.555321 0.568475 0.583708 0.601268 0.621461 0.644664 0.671347 0.702099 0.737666 1134.000000 1.301818 0.768702
0.935296 0.880449 0.833575 0.793254 0.758396 0.728154 0.701857 0.678971 0.659069 0.641802 0.626889 0.614099 0.603244 0.594174 0.586764 0.580919 0.576565 0.573648 0.572131 0.571996 0.573242 0.575884 0.579954 0.585503 0.592600 0.601338 0.611833 0.624232 0.638714 0.655501 0.674864 0.697136 0.722729 0.752153 0.786050 0.825227 0.870722 0.923882 0.986486 0.980138 0.934915 0.895743 0.861714 0.832107 0.806345 0.783963 0.764581 0.747893 0.733648 0.721641 0.711708 0.703717 0.697565 0.693175 0.690493 0.689487 0.690143 0.692471 0.696498 0.702274 0.709871 0.719386 0.730944 0.721916 0.703872 0.688325 0.675042 0.663830 0.654536 0.647036 0.641233 0.637055 0.634448 0.633383 0.633846 0.635843 0.639397 0.644553 0.651374 0.659949 0.670388 0.682835 0.697465 0.714494 0.734189 0.756875 0.782954 0.812923 0.847400 0.887163 0.933200 0.947922 0.898826 0.856528 0.819918 0.788130 0.760479 0.736416 0.715500 0.697373 0.681744 0.668375 0.657072 0.647680 0.640073 0.634152 0.629843 0.627093 0.625869 0.626154 0.627953 0.631288 0.636199 0.642748 0.651018 0.661116 0.673181 0.687380 0.703924 0.723069 0.745129 0.770492 0.799638 0.833161 0.871810 0.916534 0.968555 1.000000 1823.000000 1.105956 0.735997
0.968095 0.958924 0.950811 0.945093 0.941697 0.940584 0.941740 0.945178 0.950941 0.959099 0.969755 0.919310 0.866414 0.821144 0.782160 0.748432 0.719152 0.693686 0.671524 0.652258 0.635554 0.621143 0.608806 0.598362 0.589668 0.582606 0.577084 0.573034 0.570406 0.566516 0.562375 0.559632 0.558253 0.558223 0.559541 0.562223 0.566302 0.571828 0.578871 0.587522 0.597899 0.610145 0.624439 0.640999 0.660096 0.682060 0.707297 0.736316 0.769752 0.808409 0.846467 0.834686 0.825188 0.817853 0.812587 0.809326 0.808029 0.808682 0.811292 0.815891 0.822535 0.831308 0.842320 0.855718 0.871682 0.890440 0.912268 0.937509 0.966581 1.000000 0.975658 0.908777 0.852398 0.804431 0.763316 0.727868 0.697171 0.670508 0.647312 0.627127 0.609587 0.594394 0.581307 0.570128 0.568541 0.577884 0.588983 0.601995 0.617116 0.634583 0.654692 0.677803 0.704364 0.734934 0.770218 0.811114 0.858781 0.865013 0.821799 0.784498 0.752170 0.724075 0.699629 0.678360 0.659889 0.643908 0.630164 0.618454 0.608610 0.600499 0.594013 0.591017 0.594135 0.598736 0.604878 0.612638 0.622119 0.633447 0.646782 0.662321 0.680305 0.701028 0.724854 0.752233 0.783723 0.820028 0.862036 0.910894 4612.500000 1.311429 0.739944
0.607814 0.617584 0.629215 0.642870 0.658753 0.670774 0.676623 0.684238 0.693717 0.705185 0.718799 0.734754 0.753289 0.774698 0.799341 0.827664 0.860216 0.897684 0.940935 0.991073 1.000000 0.931949 0.874543 0.825672 0.783762 0.747616 0.716306 0.689106 0.665441 0.644850 0.626959 0.611468 0.598130 0.586745 0.577150 0.569212 0.562828 0.557914 0.554409 0.552271 0.551472 0.552003 0.553118 0.555320 0.558891 0.563876 0.570337 0.578357 0.588043 0.599528 0.612976 0.628590 0.646620 0.667369 0.691215 0.718623 0.750176 0.754866 0.749349 0.745694 0.743858 0.743819 0.745576 0.749151 0.754586 0.761950 0.771335 0.782865 0.796692 0.813010 0.790247 0.768910 0.750455 0.734594 0.721090 0.709753 0.700428 0.692993 0.687352 0.683436 0.681196 0.680605 0.681655 0.684360 0.688752 0.694886 0.702839 0.712713 0.724638 0.738780 0.755340 0.774569 0.771612 0.756174 0.743097 0.732199 0.723333 0.716385 0.711266 0.707913 0.706285 0.706362 0.708145 0.711656 0.716938 0.724056 0.733101 0.744190 0.756701 0.727962 0.702958 0.681201 0.662298 0.645930 0.631837 0.619807 0.609668 0.601281 0.594534 0.589340 0.585636 0.583374 0.582527 0.583086 0.585057 0.588463 0.593347 0.599770 5603.500000 1.158466 0.820854
1.000000 0.930969 0.872820 0.823376 0.781013 0.744502 0.712893 0.685443 0.661563 0.640783 0.622722 0.607075 0.593589 0.582062 0.572326 0.564247 0.557718 0.552655 0.548993 0.546688 0.545712 0.546052 0.547712 0.550714 0.555093 0.560905 0.568223 0.577144 0.587787 0.600304 0.611290 0.592699 0.576554 0.562584 0.550570 0.540333 0.531728 0.524636 0.518965 0.514642 0.511612 0.509839 0.509301 0.509991 0.511918 0.515105 0.519592 0.525435 0.532709 0.541509 0.551958 0.564203 0.578429 0.594861 0.613776 0.635515 0.660500 0.689258 0.722454 0.760936 0.805798 0.858479 0.920903 0.995705 0.963718 0.900031 0.846151 0.800177 0.760679 0.726566 0.696987 0.671277 0.648904 0.629441 0.612544 0.597934 0.585382 0.574702 0.565744 0.558384 0.552528 0.548100 0.545046 0.543326 0.542922 0.543827 0.546053 0.549626 0.554592 0.561012 0.568969 0.578569 0.589944 0.603258 0.618711 0.615816 0.597448 0.581504 0.567721 0.555885 0.545820 0.537385 0.530465 0.524969 0.520828 0.517990 0.516420 0.516100 0.517024 0.519205 0.522668 0.527458 0.533633 0.541274 0.550483 0.561386 0.574141 0.588941 0.606023 0.625677 0.648263 0.674226 0.704123 0.738656 0.778723 0.825489 0.880489 0.945781 2581.000000 1.644363 0.697703
0.858052 0.824182 0.794726 0.769092 0.746803 0.727473 0.710787 0.696490 0.684372 0.674266 0.666035 0.659573 0.654797 0.651648 0.650088 0.650098 0.651677 0.654846 0.659643 0.666127 0.674381 0.684512 0.696655 0.710981 0.727698 0.747064 0.769392 0.795071 0.824578 0.858508 0.897605 0.942812 0.995340 1.000000 0.954984 0.915958 0.882038 0.852521 0.826842 0.804548 0.785265 0.768694 0.754589 0.742748 0.733013 0.725253 0.719371 0.715294 0.712969 0.712371 0.713491 0.716343 0.720962 0.727404 0.735752 0.746111 0.758620 0.773450 0.790815 0.810976 0.834255 0.861045 0.891832 0.871217 0.836264 0.805873 0.779426 0.756424 0.736464 0.719218 0.704420 0.691852 0.681336 0.672733 0.665927 0.660835 0.657391 0.655554 0.655302 0.656631 0.659558 0.664118 0.670367 0.678386 0.688276 0.700171 0.714235 0.730672 0.749733 0.771723 0.797020 0.826090 0.859509 0.898001 0.942479 0.994113 0.997277 0.951725 0.912254 0.877957 0.848115 0.822150 0.799597 0.780078 0.763283 0.748963 0.736913 0.726968 0.718997 0.712898 0.708594 0.706032 0.705182 0.706032 0.708594 0.712898 0.718997 0.726968 0.736913 0.748963 0.763283 0.780078 0.799597 0.822150 0.848115 0.877957 0.912254 0.897078 1296.000000 1.151579 0.778594
0.910533 0.882452 0.858056 0.836935 0.818754 0.803240 0.790171 0.779368 0.770688 0.764019 0.759279 0.756408 0.755371 0.756157 0.758774 0.763254 0.769653 0.778050 0.788553 0.801300 0.816465 0.834265 0.854963 0.878885 0.900440 0.874713 0.852412 0.833177 0.816716 0.802788 0.791202 0.781802 0.774467 0.769104 0.765646 0.764052 0.764302 0.766398 0.770368 0.776258 0.784143 0.794123 0.806327 0.820921 0.838109 0.858144 0.881335 0.908064 0.919106 0.887783 0.860530 0.836856 0.816364 0.798730 0.783690 0.771028 0.760573 0.752185 0.745757 0.741208 0.738483 0.737548 0.738392 0.741026 0.745480 0.751811 0.760097 0.770444 0.782989 0.797903 0.815400 0.835739 0.859242 0.886302 0.917403 0.953147 0.994281 1.000000 0.959723 0.924706 0.894233 0.867728 0.844726 0.824847 0.807784 0.793285 0.781146 0.771202 0.763324 0.757412 0.753392 0.751215 0.750853 0.752304 0.755583 0.760733 0.767815 0.776920 0.788165 0.801700 0.817712 0.835510 0.816391 0.800012 0.786134 0.774563 0.765145 0.757756 0.752304 0.748720 0.746962 0.747007 0.748856 0.752532 0.758079 0.765567 0.775090 0.786772 0.800771 0.817281 0.836544 0.858856 0.884580 0.914164 0.948157 0.987247 0.979898 0.942806 6096.500000 1.036962 0.850344
0.446199 0.447365 0.449623 0.453001 0.457541 0.463300 0.470353 0.478796 0.488746 0.500350 0.513786 0.529274 0.547083 0.567548 0.591082 0.618206 0.649580 0.686050 0.728718 0.779046 0.839013 0.911361 1.000000 0.914300 0.823002 0.749925 0.690294 0.640878 0.599413 0.564263 0.534223 0.508383 0.486044 0.466663 0.449810 0.435144 0.422389 0.411324 0.401766 0.393570 0.386613 0.380800 0.376052 0.372306 0.369516 0.367647 0.366675 0.366589 0.367388 0.369081 0.371690 0.375246 0.379795 0.385396 0.390741 0.393483 0.397227 0.402021 0.407927 0.415024 0.423410 0.433208 0.444566 0.457667 0.472738 0.490056 0.509966 0.532901 0.559407 0.590183 0.626140 0.668477 0.718813 0.779376 0.853328 0.826084 0.783389 0.746600 0.714757 0.687106 0.663053 0.642121 0.623927 0.608161 0.594570 0.582946 0.573122 0.564962 0.558357 0.553223 0.549494 0.547123 0.546084 0.546362 0.547961 0.550900 0.555216 0.560962 0.568211 0.577059 0.587625 0.600057 0.614539 0.631296 0.630859 0.599462 0.572356 0.548860 0.528439 0.510670 0.495212 0.481788 0.470175 0.460192 0.451690 0.444547 0.438667 0.433973 0.430403 0.427915 0.426476 0.426071 0.426693 0.428350 0.431063 0.434864 0.439802 0.445941 1384.000000 1.562985 0.629700
0.770440 0.741449 0.716223 0.694275 0.675210 0.658709 0.644511 0.632403 0.622213 0.613801 0.607057 0.601894 0.598247 0.596071 0.595340 0.596044 0.598194 0.601814 0.606949 0.613664 0.622044 0.632200 0.644271 0.658430 0.674887 0.693902 0.715795 0.740957 0.769874 0.803154 0.841560 0.867711 0.822452 0.783473 0.749747 0.720469 0.695003 0.672841 0.653575 0.636873 0.622465 0.610132 0.599696 0.591010 0.583958 0.578451 0.574417 0.571806 0.570588 0.570747 0.572286 0.575222 0.579592 0.585449 0.592870 0.601950 0.612811 0.625606 0.640523 0.657793 0.677697 0.700584 0.726882 0.757128 0.791990 0.832320 0.879210 0.934083 0.998827 0.963465 0.910595 0.865202 0.826015 0.792049 0.762531 0.736845 0.714499 0.695093 0.678304 0.663869 0.651573 0.641240 0.632731 0.625932 0.620758 0.617143 0.615043 0.614432 0.615304 0.617668 0.621554 0.627009 0.634101 0.642923 0.649052 0.634190 0.621458 0.610669 0.601673 0.594349 0.588602 0.584360 0.581569 0.580196 0.580224 0.581653 0.584501 0.588803 0.594611 0.602000 0.611065 0.621929 0.634743 0.649694 0.667012 0.686978 0.709941 0.736326 0.766667 0.801630 0.842059 0.889039 0.943979 1.000000 0.938952 0.886942 0.842315 0.803807 932.500000 1.234636 0.725720
0.970981 0.919945 0.876011 0.838009 0.805026 0.776341 0.751377 0.729671 0.710849 0.694605 0.680690 0.668901 0.659075 0.651078 0.644809 0.640186 0.637153 0.635673 0.635728 0.637318 0.640463 0.645201 0.651592 0.659715 0.669677 0.681612 0.695687 0.712106 0.731124 0.753049 0.778262 0.784479 0.760236 0.739174 0.720937 0.705237 0.691837 0.680545 0.671208 0.663700 0.657926 0.653813 0.651311 0.650388 0.651034 0.653257 0.657084 0.662561 0.669757 0.678764 0.689702 0.702718 0.717998 0.735769 0.756310 0.779964 0.807153 0.838398 0.874352 0.915832 0.963881 1.000000 0.941467 0.891436 0.848395 0.811182 0.778895 0.750819 0.726386 0.705138 0.686705 0.670786 0.657136 0.645554 0.635879 0.627980 0.621755 0.617123 0.614029 0.612433 0.612317 0.613680 0.616536 0.620923 0.626893 0.634523 0.643911 0.655183 0.668497 0.684044 0.702063 0.722846 0.746751 0.774220 0.805803 0.842186 0.856340 0.822575 0.793210 0.767655 0.745435 0.726165 0.709533 0.695283 0.683207 0.673138 0.664940 0.658507 0.653756 0.650630 0.649090 0.649118 0.650713 0.653895 0.658703 0.665196 0.673458 0.683594 0.695743 0.710072 0.726792 0.746160 0.768489 0.794169 0.823677 0.857609 0.896709 0.941922 8610.000000 1.196759 0.769306
0.785908 0.842408 0.910024 0.941245 0.876878 0.822605 0.776421 0.736827 0.702687 0.673120 0.647437 0.625093 0.605650 0.588756 0.574124 0.561522 0.550759 0.541682 0.534165 0.528108 0.523435 0.520085 0.518018 0.517208 0.517646 0.519337 0.522301 0.526575 0.532213 0.539285 0.547886 0.558132 0.570169 0.584174 0.600367 0.619018 0.640457 0.665094 0.693439 0.726136 0.764000 0.808083 0.859764 0.920877 0.892092 0.829203 0.776343 0.731476 0.693090 0.660043 0.631456 0.606643 0.585062 0.566282 0.549953 0.535794 0.523576 0.513111 0.504247 0.496861 0.490854 0.486147 0.482682 0.480414 0.479318 0.479378 0.480596 0.482988 0.486581 0.491420 0.497568 0.505104 0.514129 0.524770 0.537182 0.551556 0.568127 0.587183 0.609080 0.634261 0.663280 0.696841 0.735846 0.781472 0.835275 0.899360 0.976645 1.000000 0.916533 0.847811 0.790448 0.742029 0.700791 0.665413 0.634892 0.608449 0.585475 0.565486 0.548093 0.532984 0.519904 0.508647 0.499044 0.490958 0.484278 0.478915 0.474801 0.471884 0.470129 0.469513 0.470030 0.471686 0.474500 0.478508 0.483760 0.490322 0.498282 0.507748 0.518855 0.531768 0.546691 0.563874 0.583623 0.606320 0.632438 0.662577 0.697495 0.738177 13781.000000 1.122117 0.601624
0.864484 0.800736 0.747420 0.702347 0.663910 0.630903 0.602405 0.577701 0.556231 0.537549 0.521295 0.507182 0.494974 0.484479 0.475542 0.468036 0.461858 0.456928 0.453182 0.450574 0.449071 0.448656 0.449323 0.451080 0.453948 0.457964 0.463177 0.469655 0.477483 0.486770 0.497647 0.510278 0.524866 0.541655 0.560949 0.583126 0.608654 0.612921 0.605403 0.599495 0.595120 0.592225 0.590775 0.590751 0.592154 0.595001 0.599325 0.605182 0.612645 0.621811 0.632802 0.645773 0.660913 0.678453 0.698679 0.721940 0.748669 0.779404 0.814816 0.855760 0.903328 0.846759 0.797089 0.754640 0.718127 0.686562 0.659176 0.635363 0.614639 0.596617 0.580981 0.567476 0.555893 0.546063 0.537847 0.531136 0.525842 0.521897 0.519252 0.517875 0.517749 0.518874 0.521261 0.524941 0.529960 0.536379 0.544284 0.553779 0.564997 0.578099 0.593288 0.610807 0.630958 0.613001 0.594385 0.578218 0.564230 0.552202 0.541954 0.533341 0.526246 0.520575 0.516254 0.513232 0.511469 0.510946 0.511654 0.513604 0.516819 0.521337 0.527217 0.534534 0.543383 0.553888 0.566198 0.580497 0.597013 0.616024 0.637873 0.662984 0.691889 0.725256 0.763938 0.809037 0.862002 0.924772 1.000000 0.941727 11147.000000 1.608346 0.701371
0.889666 0.866417 0.846339 0.829122 0.814515 0.802313 0.792352 0.784502 0.778663 0.774764 0.772756 0.772614 0.774338 0.777948 0.783487 0.791026 0.800659 0.812511 0.817947 0.795408 0.775898 0.759106 0.744783 0.732722 0.722759 0.714762 0.708629 0.704282 0.701668 0.700756 0.701533 0.704011 0.708218 0.714207 0.722052 0.731854 0.743743 0.750029 0.735344 0.722931 0.712618 0.704268 0.697773 0.693051 0.690043 0.688714 0.689047 0.691045 0.694734 0.700158 0.707385 0.716507 0.727643 0.740944 0.756596 0.774832 0.795933 0.806650 0.798877 0.793146 0.789383 0.787545 0.787608 0.789574 0.793466 0.799331 0.807243 0.817302 0.829639 0.844419 0.861849 0.882185 0.905737 0.932891 0.964118 1.000000 0.975623 0.924331 0.880178 0.841986 0.808838 0.780010 0.754922 0.733108 0.714192 0.697867 0.683881 0.672033 0.662156 0.654118 0.647815 0.643167 0.640117 0.638626 0.638677 0.639039 0.635235 0.632992 0.632282 0.633098 0.635448 0.639362 0.644888 0.652094 0.661074 0.671947 0.684860 0.699999 0.717590 0.737911 0.761305 0.764672 0.761704 0.760584 0.761300 0.763858 0.768291 0.774652 0.783022 0.793508 0.806246 0.821412 0.839219 0.859934 0.883879 0.911456 0.943154 0.916467 6241.500000 1.162934 0.874666
0.888095 0.917861 0.901943 0.871694 0.845379 0.822529 0.802765 0.785778 0.771314 0.759169 0.749177 0.741207 0.735157 0.730952 0.728540 0.727892 0.717643 0.704583 0.693632 0.684639 0.677488 0.672088 0.668370 0.666289 0.665820 0.666958 0.669716 0.674127 0.680247 0.688151 0.697943 0.709752 0.723741 0.740111 0.759110 0.781041 0.806278 0.801352 0.781518 0.764439 0.749858 0.737567 0.727396 0.719211 0.712906 0.708403 0.705646 0.698075 0.691629 0.686941 0.683952 0.682627 0.682949 0.684922 0.688571 0.693939 0.701093 0.710126 0.721154 0.734327 0.749830 0.767892 0.788792 0.812875 0.840564 0.872382 0.908978 0.951172 1.000000 0.959646 0.922770 0.890691 0.862775 0.838515 0.817497 0.799386 0.783907 0.770839 0.760000 0.751246 0.744464 0.724485 0.702982 0.684319 0.668190 0.654343 0.642575 0.632721 0.624646 0.618245 0.613438 0.610162 0.608380 0.608068 0.609224 0.611861 0.616853 0.623725 0.632292 0.642668 0.654995 0.669448 0.686243 0.705647 0.727985 0.753658 0.783164 0.817123 0.818757 0.802376 0.788500 0.776936 0.767528 0.760155 0.754724 0.751166 0.749438 0.749520 0.751412 0.755138 0.760742 0.768296 0.777893 0.789660 0.803754 0.820373 0.839759 0.862211 13158.500000 1.095184 0.851513
0.964749 0.934071 0.907404 0.884288 0.864351 0.847289 0.832856 0.820850 0.811112 0.803515 0.797964 0.794389 0.792748 0.793020 0.795209 0.799340 0.805466 0.813661 0.824031 0.836709 0.851869 0.869722 0.890530 0.889073 0.865614 0.845345 0.827953 0.813181 0.800823 0.790711 0.782713 0.776728 0.772682 0.770523 0.770227 0.771791 0.775231 0.780592 0.787938 0.797364 0.808990 0.822972 0.839504 0.858825 0.853928 0.837544 0.823723 0.812277 0.803052 0.795931 0.790823 0.787666 0.786420 0.787072 0.789629 0.794122 0.800606 0.809162 0.819900 0.832960 0.848520 0.866801 0.860518 0.849046 0.839872 0.832880 0.827981 0.825115 0.824248 0.825370 0.828493 0.833655 0.840921 0.850382 0.862158 0.876406 0.893321 0.913145 0.936176 0.962777 0.980029 0.942382 0.909630 0.881130 0.856362 0.834905 0.816415 0.800614 0.787273 0.776209 0.767274 0.760354 0.755360 0.752233 0.750933 0.751444 0.753773 0.757948 0.764021 0.772067 0.782188 0.794518 0.809224 0.826513 0.826270 0.810201 0.796628 0.785363 0.776256 0.769189 0.764074 0.760848 0.759470 0.759925 0.762218 0.766377 0.772452 0.780520 0.790683 0.803075 0.817863 0.835255 0.855509 0.878940 0.905934 0.936968 0.972630 1.000000 6900.000000 1.093458 0.890421
0.806719 0.814239 0.810579 0.808891 0.809155 0.811375 0.815578 0.821814 0.830162 0.840727 0.853647 0.869098 0.887294 0.908505 0.933057 0.961354 0.993890 0.977363 0.951912 0.929937 0.911099 0.895122 0.881784 0.870905 0.862343 0.855990 0.851766 0.849621 0.849529 0.851487 0.855520 0.861677 0.870035 0.880699 0.893808 0.909537 0.928105 0.949783 0.974903 0.982149 0.945862 0.914285 0.886815 0.862967 0.842343 0.824623 0.809543 0.796889 0.786491 0.778212 0.771945 0.767612 0.765162 0.764562 0.765808 0.768912 0.773914 0.780875 0.789882 0.801053 0.814533 0.830511 0.849214 0.870926 0.895993 0.924839 0.941608 0.918681 0.898958 0.882144 0.868001 0.856334 0.846990 0.839850 0.834823 0.831848 0.830888 0.831933 0.834995 0.840110 0.847343 0.856783 0.868552 0.882805 0.899737 0.919590 0.942662 0.969316 1.000000 0.978171 0.949944 0.925467 0.904344 0.886251 0.870925 0.858152 0.847761 0.839617 0.833618 0.829688 0.827780 0.827870 0.829960 0.834075 0.840266 0.848608 0.859209 0.872206 0.887773 0.906129 0.927542 0.952341 0.926959 0.900430 0.877432 0.857594 0.840614 0.826245 0.814288 0.804582 0.797003 0.791454 0.787866 0.786196 0.786424 0.788553 0.792607 0.798638 725.500000 1.079978 0.884801
0.896000 0.912583 0.884317 0.859758 0.838493 0.820181 0.804550 0.791374 0.780472 0.771701 0.764946 0.760125 0.757176 0.756065 0.756777 0.759322 0.763730 0.770055 0.778377 0.788802 0.801467 0.816544 0.811672 0.796625 0.783980 0.773565 0.765242 0.758905 0.754474 0.751897 0.751140 0.752194 0.755074 0.759813 0.766470 0.775129 0.785900 0.798927 0.814388 0.832504 0.850553 0.833965 0.819949 0.808312 0.798898 0.791585 0.786283 0.782924 0.781469 0.781899 0.784220 0.788460 0.794671 0.802931 0.813343 0.826046 0.841210 0.859050 0.879828 0.903868 0.931565 0.963409 1.000000 0.996943 0.949542 0.908534 0.872936 0.841975 0.815032 0.791607 0.771297 0.753774 0.738769 0.726066 0.715486 0.706888 0.700162 0.695221 0.692006 0.690475 0.690611 0.692416 0.695911 0.701139 0.708166 0.711440 0.709252 0.708781 0.710019 0.712982 0.717706 0.724250 0.732696 0.743152 0.755758 0.770688 0.788156 0.808428 0.831827 0.858751 0.889691 0.925256 0.966208 0.977844 0.941943 0.910702 0.883526 0.859937 0.839545 0.822032 0.807140 0.794658 0.784417 0.776283 0.770152 0.765948 0.763619 0.763138 0.764497 0.767714 0.772828 0.779903 0.789026 0.800316 0.813923 0.830035 0.848884 0.870756 5712.000000 1.030705 0.859632
0.835883 0.810910 0.789232 0.770491 0.754395 0.740705 0.729229 0.719810 0.712326 0.706681 0.702804 0.700649 0.700188 0.701417 0.704349 0.709022 0.715492 0.723841 0.734177 0.746637 0.746552 0.745351 0.745948 0.748350 0.752587 0.758710 0.766796 0.776948 0.789300 0.804019 0.821313 0.841440 0.864713 0.876021 0.851070 0.829444 0.810795 0.794839 0.781344 0.770125 0.761031 0.753944 0.748775 0.745460 0.743958 0.744252 0.746345 0.750262 0.756052 0.763786 0.773563 0.785510 0.799789 0.816601 0.836192 0.838825 0.829059 0.821475 0.815976 0.812494 0.810988 0.811438 0.813851 0.818255 0.824704 0.833280 0.844090 0.857277 0.873019 0.891539 0.913108 0.938062 0.962912 0.911019 0.866413 0.827873 0.794448 0.765390 0.740102 0.718107 0.699016 0.682516 0.668350 0.656309 0.646224 0.637957 0.631401 0.626668 0.623728 0.622307 0.622389 0.623975 0.627083 0.631752 0.638039 0.646025 0.655813 0.667535 0.681355 0.697476 0.716144 0.737666 0.762415 0.790853 0.823556 0.861245 0.904833 0.955493 1.000000 0.967337 0.938930 0.914284 0.892995 0.874734 0.859233 0.846276 0.835687 0.827328 0.821093 0.816904 0.814711 0.814487 0.816229 0.819957 0.825718 0.833583 0.843652 0.856054 2500.500000 1.051042 0.852474
0.674068 0.629170 0.591215 0.558849 0.531055 0.507059 0.486258 0.468180 0.452449 0.438764 0.426880 0.416600 0.407763 0.400237 0.393916 0.388713 0.384560 0.381404 0.379206 0.377938 0.377585 0.378143 0.379618 0.382029 0.385405 0.389789 0.395237 0.401821 0.409631 0.418781 0.429406 0.441676 0.455798 0.472028 0.490683 0.512157 0.536949 0.565696 0.599220 0.638603 0.685295 0.741279 0.809348 0.893552 1.000000 0.981920 0.904799 0.840788 0.787007 0.741371 0.702336 0.668737 0.639677 0.614456 0.592521 0.573432 0.556835 0.542441 0.530017 0.519373 0.510353 0.502832 0.496709 0.491903 0.488355 0.486021 0.484871 0.484891 0.486083 0.488461 0.492053 0.496904 0.503076 0.510649 0.519724 0.530429 0.542919 0.557388 0.574069 0.593253 0.615296 0.640644 0.669854 0.703630 0.742878 0.726366 0.690693 0.659876 0.633151 0.609918 0.589701 0.572115 0.556850 0.543654 0.532322 0.522686 0.514611 0.507986 0.502726 0.498762 0.496047 0.494545 0.494240 0.495127 0.497218 0.500537 0.505126 0.511042 0.518362 0.527183 0.537627 0.549845 0.564022 0.580384 0.599210 0.620845 0.645714 0.674351 0.707429 0.745809 0.790607 0.843291 0.905836 0.980955 0.973705 0.872941 0.792807 0.727754 4719.000000 1.474689 0.570789
0.940199 0.888644 0.844378 0.806163 0.773038 0.744250 0.719200 0.697407 0.678482 0.662110 0.648034 0.636044 0.625971 0.617676 0.611052 0.606012 0.602494 0.600455 0.599870 0.600733 0.603052 0.606857 0.612195 0.619132 0.627758 0.638186 0.650561 0.665059 0.681898 0.701346 0.723730 0.749455 0.740739 0.718267 0.698753 0.681870 0.667353 0.654986 0.644594 0.636035 0.629197 0.623991 0.620352 0.618237 0.617619 0.618490 0.620862 0.624763 0.630242 0.637366 0.646228 0.656944 0.669663 0.684565 0.701875 0.721868 0.744880 0.771327 0.801723 0.836712 0.877103 0.923931 0.978531 0.971189 0.914554 0.866131 0.824464 0.788435 0.757170 0.729982 0.706321 0.685746 0.667900 0.652490 0.639281 0.628080 0.618729 0.611103 0.605102 0.600652 0.597696 0.596197 0.596139 0.597521 0.600358 0.604686 0.610559 0.618050 0.627258 0.638305 0.651345 0.666568 0.684208 0.704550 0.727947 0.754831 0.760538 0.735710 0.714117 0.695383 0.679202 0.665322 0.653542 0.643695 0.635649 0.629299 0.624564 0.621386 0.619725 0.619562 0.620895 0.623739 0.628129 0.634120 0.641788 0.651231 0.662576 0.675982 0.691641 0.709793 0.730732 0.754818 0.782495 0.814315 0.850969 0.893333 0.942525 1.000000 7933.500000 1.314016 0.757044
0.996078 0.947622 0.905742 0.869414 0.837828 0.810340 0.786433 0.765688 0.747764 0.732384 0.719323 0.708395 0.699455 0.692384 0.687094 0.683518 0.681613 0.681355 0.682742 0.685790 0.690536 0.697039 0.705381 0.715671 0.728045 0.742675 0.759773 0.779599 0.794871 0.773282 0.754605 0.738546 0.724867 0.713372 0.703905 0.696342 0.690585 0.686564 0.684228 0.683549 0.684518 0.687148 0.691471 0.697539 0.705430 0.715244 0.727111 0.741194 0.757695 0.776861 0.798997 0.824476 0.853758 0.880113 0.859329 0.841483 0.826314 0.813607 0.803191 0.794929 0.788716 0.784474 0.782153 0.781722 0.783178 0.786537 0.791842 0.799156 0.808573 0.820215 0.834235 0.850829 0.870235 0.892747 0.882105 0.847455 0.817318 0.791092 0.768289 0.748517 0.731455 0.716842 0.704466 0.694153 0.685766 0.679196 0.674360 0.671198 0.669671 0.669761 0.671469 0.674815 0.679841 0.686609 0.695205 0.705740 0.718357 0.733231 0.750582 0.770674 0.793837 0.780470 0.762229 0.746580 0.733291 0.722176 0.713086 0.705901 0.700530 0.696906 0.694986 0.694745 0.696181 0.699310 0.704173 0.710828 0.719359 0.729877 0.742523 0.757472 0.774940 0.795194 0.818559 0.845438 0.876325 0.911835 0.952735 1.000000 626.000000 1.206323 0.843630
0.722900 0.749172 0.779374 0.814158 0.816758 0.788056 0.763079 0.741368 0.722550 0.706324 0.692442 0.680703 0.670945 0.663037 0.656878 0.652390 0.649516 0.648223 0.648493 0.650332 0.653760 0.658820 0.665575 0.674111 0.684539 0.697001 0.711670 0.728764 0.748547 0.771344 0.797555 0.827674 0.835596 0.806875 0.781883 0.760169 0.741366 0.725176 0.711355 0.699705 0.690067 0.682311 0.676339 0.672076 0.669469 0.668487 0.669117 0.671366 0.675264 0.680857 0.688214 0.697432 0.708629 0.721960 0.737613 0.755822 0.776870 0.801110 0.828973 0.860993 0.820006 0.781271 0.747750 0.718648 0.693333 0.671304 0.652154 0.635555 0.621240 0.608990 0.598628 0.590010 0.583022 0.577572 0.573592 0.571033 0.569864 0.570070 0.571653 0.574634 0.579048 0.584951 0.592417 0.601544 0.612455 0.625304 0.640279 0.657611 0.677586 0.700553 0.726945 0.757298 0.792289 0.832773 0.879851 0.934959 1.000000 0.979039 0.921086 0.871592 0.829042 0.792273 0.760381 0.732653 0.708524 0.687537 0.669323 0.653583 0.640074 0.628595 0.618985 0.611115 0.604882 0.600205 0.597028 0.595311 0.595033 0.596191 0.598798 0.602888 0.608509 0.615734 0.624656 0.635393 0.648094 0.662943 0.680165 0.700038 5757.000000 1.157163 0.763990
0.738622 0.706459 0.678547 0.654273 0.633148 0.614780 0.598849 0.585097 0.573313 0.563324 0.554991 0.548203 0.542871 0.538927 0.536323 0.531628 0.527643 0.524973 0.523584 0.523461 0.524602 0.527020 0.530744 0.535822 0.542317 0.550314 0.559918 0.571265 0.584518 0.599881 0.617601 0.637983 0.661404 0.688332 0.719352 0.755205 0.796840 0.845489 0.850945 0.814815 0.783438 0.756142 0.732390 0.711746 0.693860 0.678446 0.665269 0.654140 0.644906 0.637442 0.631654 0.627468 0.624833 0.623716 0.624103 0.626001 0.629431 0.634435 0.641076 0.649439 0.659634 0.671797 0.686102 0.702759 0.722027 0.744225 0.769745 0.799070 0.832805 0.871705 0.832335 0.797386 0.767026 0.740613 0.717629 0.697659 0.680366 0.665473 0.652757 0.642035 0.633161 0.626017 0.620510 0.616571 0.614152 0.613224 0.613775 0.615812 0.619359 0.624461 0.615107 0.601227 0.589348 0.579298 0.570937 0.564154 0.558861 0.554991 0.552496 0.551345 0.551526 0.553039 0.555903 0.560154 0.565844 0.573045 0.581852 0.592383 0.602654 0.611186 0.621481 0.633682 0.647964 0.664542 0.683681 0.705706 0.731017 0.760110 0.793606 0.832288 0.877156 0.929503 0.991034 1.000000 0.929101 0.869546 0.819021 0.775811 1641.000000 1.188210 0.742662
0.990717 0.999774 0.955727 0.917514 0.884288 0.855373 0.830226 0.808407 0.789559 0.773390 0.759664 0.748187 0.738806 0.731397 0.725866 0.722145 0.720188 0.719972 0.721493 0.724771 0.729845 0.736777 0.745657 0.756597 0.769746 0.785285 0.803440 0.824487 0.848767 0.876696 0.908789 0.945686 0.988188 0.950132 0.911215 0.877391 0.847958 0.822352 0.800119 0.780888 0.764358 0.750283 0.738464 0.728740 0.720983 0.715094 0.711000 0.708649 0.708014 0.709087 0.711881 0.716430 0.722789 0.731040 0.741287 0.753667 0.768351 0.785547 0.805517 0.828576 0.855115 0.885614 0.920670 0.961026 0.954339 0.916738 0.884036 0.855577 0.830833 0.809374 0.790854 0.774987 0.761543 0.750334 0.741210 0.734053 0.728771 0.725299 0.723596 0.723640 0.725431 0.728992 0.734366 0.741619 0.750844 0.762161 0.775722 0.791716 0.810376 0.831990 0.856910 0.885567 0.918497 0.956364 1.000000 0.994513 0.946685 0.905328 0.869440 0.838230 0.811070 0.787453 0.766967 0.749279 0.734118 0.721261 0.710529 0.701777 0.694893 0.689787 0.686398 0.684683 0.684622 0.686213 0.689477 0.694454 0.701204 0.709813 0.720394 0.733088 0.748071 0.765563 0.785830 0.809203 0.836084 0.866973 0.902489 0.943410 13530.000000 1.038877 0.784021
1.000000 0.919545 0.852973 0.797181 0.749935 0.709590 0.674907 0.644938 0.618945 0.596347 0.576681 0.559576 0.544731 0.531901 0.520888 0.511529 0.503693 0.497272 0.492185 0.488364 0.485764 0.484352 0.484112 0.485039 0.487146 0.490458 0.495016 0.500877 0.508118 0.516834 0.527147 0.539205 0.553191 0.569331 0.587900 0.609237 0.633767 0.662016 0.694652 0.732530 0.776755 0.828789 0.890594 0.903015 0.843376 0.792918 0.749861 0.712869 0.680918 0.653214 0.629133 0.608177 0.589948 0.574123 0.560439 0.548684 0.538683 0.530294 0.523404 0.517923 0.513780 0.510924 0.509320 0.508948 0.509804 0.511898 0.515256 0.519919 0.525945 0.533414 0.542423 0.553096 0.565589 0.580088 0.596826 0.616087 0.638221 0.663663 0.692957 0.726788 0.766032 0.811824 0.865656 0.929533 0.939163 0.865690 0.804676 0.753392 0.709861 0.672617 0.640553 0.612816 0.588741 0.567803 0.549581 0.533738 0.520000 0.508145 0.497992 0.489393 0.482227 0.476399 0.471834 0.468473 0.466275 0.465213 0.465275 0.466460 0.468783 0.472273 0.476974 0.482943 0.490261 0.499024 0.509355 0.521406 0.535362 0.551451 0.569952 0.591212 0.615659 0.643834 0.676418 0.714290 0.758589 0.810829 0.873055 0.948100 1237.500000 1.109526 0.602160
0.859491 0.797125 0.744871 0.700630 0.662857 0.630390 0.602338 0.578009 0.556859 0.538453 0.522444 0.508549 0.496539 0.486227 0.477462 0.470120 0.464101 0.459327 0.455737 0.453287 0.451945 0.451696 0.452538 0.454479 0.457544 0.461770 0.467212 0.473938 0.482040 0.491628 0.502841 0.515850 0.530862 0.548134 0.567983 0.590799 0.617074 0.647428 0.682652 0.723773 0.772145 0.813166 0.766286 0.726172 0.691631 0.661749 0.635811 0.613251 0.593618 0.576549 0.561750 0.548981 0.538046 0.528788 0.521078 0.514811 0.509907 0.506304 0.503957 0.502837 0.502931 0.504241 0.506781 0.510583 0.515694 0.522180 0.530124 0.539634 0.550842 0.563913 0.579048 0.596495 0.616558 0.639611 0.666123 0.696678 0.732019 0.773100 0.821161 0.877850 0.911628 0.831071 0.765290 0.710745 0.664953 0.626121 0.592925 0.564362 0.539665 0.518235 0.499600 0.483383 0.469280 0.457046 0.446483 0.437427 0.429745 0.423331 0.418098 0.413978 0.410919 0.408882 0.407843 0.407790 0.408720 0.410647 0.413593 0.417595 0.422703 0.428984 0.436522 0.445422 0.455814 0.467856 0.481743 0.497716 0.516070 0.537173 0.561487 0.589593 0.622239 0.660397 0.705351 0.758833 0.823237 0.901962 1.000000 0.934887 679.000000 1.277463 0.591188
0.874337 0.892938 0.914600 0.939658 0.930143 0.901668 0.876933 0.855526 0.837107 0.821402 0.808186 0.797280 0.788538 0.781848 0.777128 0.774319 0.773386 0.774319 0.777128 0.781848 0.785829 0.782953 0.781975 0.782883 0.785687 0.790424 0.797149 0.805948 0.816934 0.830251 0.846082 0.864652 0.886238 0.911180 0.880374 0.849877 0.823340 0.800279 0.780303 0.763093 0.748391 0.735984 0.725701 0.717406 0.710992 0.706378 0.703508 0.702346 0.697571 0.693868 0.691861 0.691527 0.692862 0.695881 0.700622 0.707144 0.715528 0.725883 0.738347 0.753093 0.770333 0.790329 0.813403 0.839949 0.870454 0.901610 0.897133 0.894845 0.894720 0.896754 0.900973 0.907428 0.916199 0.927398 0.941169 0.957698 0.977213 1.000000 0.956807 0.916317 0.881152 0.850559 0.823937 0.800802 0.780761 0.763492 0.748736 0.736279 0.725950 0.717612 0.711157 0.706504 0.703595 0.702395 0.702891 0.705086 0.709009 0.714707 0.722251 0.731738 0.743292 0.738490 0.733309 0.729946 0.728361 0.728534 0.730467 0.734184 0.739730 0.747174 0.756611 0.768163 0.781987 0.798276 0.817268 0.839258 0.829780 0.822232 0.816771 0.813328 0.811862 0.812354 0.814812 0.819263 0.825764 0.834396 0.845267 0.858521 1875.500000 1.129319 0.888713
0.766143 0.790364 0.818201 0.850195 0.887015 0.929511 0.978759 1.000000 0.960263 0.925708 0.895637 0.869486 0.846802 0.827213 0.810418 0.796171 0.784274 0.774565 0.766919 0.761238 0.757452 0.755515 0.755402 0.757114 0.760670 0.753396 0.734760 0.718713 0.705015 0.693468 0.683914 0.676227 0.670308 0.666082 0.663497 0.662523 0.663146 0.665375 0.669237 0.674779 0.682071 0.685567 0.678221 0.672635 0.668737 0.666481 0.665839 0.666803 0.669384 0.673615 0.679547 0.687254 0.696837 0.708421 0.722166 0.738269 0.756972 0.778571 0.803432 0.832003 0.864841 0.902641 0.946281 0.958981 0.924611 0.894700 0.868690 0.846131 0.826655 0.809963 0.795811 0.784001 0.774375 0.766807 0.761202 0.757490 0.755625 0.755585 0.757370 0.761001 0.766522 0.774003 0.783537 0.795248 0.798907 0.779999 0.763763 0.749959 0.738393 0.728907 0.721378 0.715709 0.711830 0.709694 0.709274 0.710565 0.713583 0.718365 0.724969 0.733480 0.744006 0.756689 0.771703 0.789264 0.809639 0.789880 0.765722 0.744739 0.726579 0.710956 0.697635 0.686428 0.677181 0.669772 0.664105 0.660111 0.657740 0.656962 0.657769 0.660171 0.664196 0.669894 0.677336 0.686619 0.697864 0.711226 0.726894 0.745104 977.500000 1.193058 0.850190
0.657472 0.684799 0.716298 0.752734 0.795094 0.789846 0.769735 0.752390 0.737547 0.724991 0.714548 0.706078 0.699472 0.694647 0.691543 0.690121 0.690364 0.692277 0.695881 0.701220 0.708363 0.717398 0.728444 0.741650 0.757202 0.728386 0.693364 0.663081 0.636801 0.613948 0.594061 0.576766 0.561766 0.548815 0.537713 0.528299 0.520442 0.514035 0.508995 0.505258 0.502778 0.501525 0.501483 0.502652 0.505046 0.508694 0.513641 0.519951 0.527705 0.537007 0.547986 0.560803 0.567452 0.558951 0.552011 0.546543 0.542475 0.539758 0.538359 0.538261 0.539461 0.541976 0.545836 0.551088 0.557799 0.566056 0.575969 0.587677 0.601349 0.617195 0.635471 0.656492 0.680648 0.708421 0.740416 0.777399 0.820352 0.870548 0.929674 1.000000 0.928852 0.860920 0.804053 0.755941 0.714887 0.679615 0.649150 0.622735 0.599775 0.579794 0.562413 0.547324 0.534277 0.523068 0.513531 0.505533 0.498963 0.493735 0.489784 0.487060 0.485529 0.485173 0.485987 0.487982 0.491181 0.495625 0.501368 0.508485 0.517071 0.527244 0.528475 0.523477 0.519813 0.517437 0.516321 0.516452 0.517831 0.520474 0.524414 0.529700 0.536399 0.544598 0.554409 0.565968 0.579444 0.595047 0.613031 0.633710 17581.500000 1.522777 0.758721
0.654164 0.644948 0.637501 0.631730 0.627560 0.624941 0.623840 0.624244 0.626158 0.629605 0.634628 0.641289 0.649673 0.655048 0.643784 0.634403 0.626780 0.620816 0.616435 0.613584 0.612226 0.612347 0.613948 0.617046 0.621682 0.627912 0.635816 0.645496 0.657082 0.670738 0.686662 0.705101 0.726356 0.750797 0.778882 0.811179 0.848404 0.891460 0.941509 0.911779 0.849262 0.796564 0.751729 0.713299 0.680166 0.651474 0.626553 0.604872 0.586006 0.569612 0.555411 0.543179 0.532729 0.523912 0.518181 0.519955 0.523005 0.527369 0.533101 0.540276 0.548986 0.559352 0.571520 0.585672 0.602030 0.620866 0.642516 0.667398 0.696028 0.729060 0.767323 0.811890 0.864164 0.926016 1.000000 0.948604 0.882049 0.826080 0.778554 0.737880 0.702854 0.672550 0.646243 0.623362 0.603449 0.586138 0.571130 0.558183 0.547098 0.537715 0.529904 0.523559 0.520217 0.521169 0.523388 0.526900 0.531749 0.537997 0.545724 0.555032 0.566051 0.578939 0.593891 0.611148 0.631003 0.653820 0.680049 0.710252 0.745142 0.785627 0.832886 0.888471 0.915918 0.877015 0.843231 0.813841 0.788266 0.766038 0.746780 0.730182 0.715993 0.704008 0.694063 0.686025 0.679789 0.675278 0.672436 0.665274 2742.500000 1.099032 0.684031
0.716701 0.703023 0.691492 0.681950 0.674270 0.668353 0.664125 0.661534 0.660548 0.661155 0.663364 0.667199 0.672710 0.679963 0.689054 0.700099 0.713252 0.728696 0.746663 0.738908 0.710766 0.686282 0.664977 0.646466 0.630435 0.616629 0.604841 0.594902 0.586674 0.580049 0.574942 0.571288 0.569043 0.568178 0.568684 0.570567 0.573849 0.576903 0.567109 0.558966 0.552365 0.547221 0.543469 0.541063 0.539973 0.540187 0.541706 0.544549 0.548751 0.554365 0.561461 0.570132 0.580496 0.592698 0.606918 0.623375 0.642340 0.664145 0.689202 0.718021 0.751244 0.789685 0.834392 0.886728 0.948507 1.000000 0.933571 0.877400 0.829489 0.788341 0.752810 0.722008 0.695237 0.671941 0.651674 0.634077 0.618858 0.605776 0.594640 0.585290 0.577599 0.571467 0.566814 0.563584 0.561736 0.561247 0.562113 0.564342 0.555365 0.546208 0.538624 0.532513 0.527797 0.524416 0.522328 0.521508 0.521946 0.523647 0.526632 0.530938 0.536619 0.543746 0.552414 0.562741 0.574872 0.588988 0.605309 0.624107 0.645716 0.670548 0.699118 0.732073 0.770236 0.775998 0.760493 0.747360 0.736418 0.727518 0.720546 0.715414 0.712057 0.710436 0.710529 0.712339 0.715887 0.721217 0.728395 0.732721 1189.500000 1.321029 0.796123
0.826575 0.788820 0.756105 0.727679 0.702944 0.681424 0.662731 0.646553 0.632633 0.620764 0.610777 0.602534 0.595928 0.590872 0.587305 0.585182 0.584477 0.585182 0.587305 0.590872 0.595928 0.602534 0.610777 0.620764 0.632633 0.646553 0.662731 0.681424 0.702944 0.727679 0.756105 0.755338 0.723876 0.696542 0.672758 0.652065 0.634088 0.618526 0.605132 0.593706 0.584085 0.576136 0.569755 0.564859 0.561388 0.559299 0.558565 0.559179 0.561148 0.564495 0.569262 0.575509 0.583315 0.592783 0.604043 0.617255 0.632615 0.650367 0.670806 0.694299 0.721297 0.752366 0.788217 0.829754 0.878145 0.934922 1.000000 0.935796 0.881333 0.834762 0.794684 0.760025 0.729948 0.703792 0.681030 0.661236 0.644069 0.629248 0.616546 0.605776 0.596790 0.589466 0.583708 0.579444 0.576622 0.575205 0.575178 0.576539 0.579306 0.583512 0.589210 0.596471 0.605390 0.616086 0.628709 0.643443 0.644397 0.629051 0.615868 0.604652 0.595247 0.587523 0.581380 0.576738 0.573542 0.571750 0.571341 0.572311 0.574671 0.578450 0.583694 0.590470 0.598864 0.608989 0.620984 0.635022 0.651314 0.670121 0.691762 0.716633 0.745220 0.778135 0.816149 0.860247 0.911705 0.972202 0.921316 0.870329 6907.500000 1.359930 0.735675
0.621849 0.627739 0.635286 0.644589 0.655772 0.668990 0.674343 0.672309 0.671901 0.673115 0.675964 0.680484 0.686730 0.694782 0.704742 0.716744 0.730953 0.747574 0.766859 0.789117 0.814727 0.844157 0.877987 0.916943 0.961941 1.000000 0.951195 0.909021 0.872440 0.840636 0.812959 0.788886 0.767995 0.749942 0.734446 0.721281 0.710260 0.701235 0.694088 0.688727 0.685086 0.683120 0.682806 0.684140 0.687138 0.691836 0.698292 0.706588 0.716832 0.729159 0.743741 0.760788 0.780559 0.776289 0.754246 0.735142 0.718671 0.704582 0.692671 0.682774 0.674758 0.668520 0.663982 0.661086 0.659798 0.660103 0.662003 0.665522 0.670703 0.677611 0.686333 0.696983 0.709706 0.724681 0.742127 0.762316 0.785580 0.812326 0.843061 0.874588 0.845879 0.820910 0.799242 0.780521 0.764457 0.750812 0.739397 0.730055 0.722666 0.717135 0.713394 0.711397 0.711119 0.712558 0.715730 0.720674 0.727451 0.736148 0.746876 0.759779 0.775036 0.792867 0.813544 0.837400 0.864843 0.896379 0.932633 0.946415 0.895844 0.852353 0.814761 0.782150 0.753795 0.729119 0.707658 0.689036 0.672950 0.659149 0.647431 0.637631 0.629618 0.623287 0.618558 0.615370 0.613687 0.613486 0.614766 0.617543 7350.000000 1.164056 0.814616
0.856444 0.831933 0.810684 0.792356 0.776667 0.763391 0.752343 0.743376 0.736373 0.731246 0.727932 0.726389 0.725398 0.697221 0.672710 0.651380 0.632839 0.616769 0.602911 0.591055 0.581029 0.572694 0.565939 0.560677 0.556841 0.554383 0.553273 0.553500 0.555064 0.557984 0.562298 0.568058 0.575337 0.584232 0.594234 0.603591 0.614751 0.627874 0.643151 0.660823 0.681180 0.704583 0.731477 0.762414 0.798091 0.839393 0.871716 0.827107 0.788648 0.755346 0.726422 0.701258 0.679361 0.660332 0.643849 0.629650 0.617518 0.607281 0.598796 0.591952 0.586659 0.582853 0.580484 0.579526 0.579965 0.581808 0.585076 0.589810 0.597915 0.608946 0.621918 0.637022 0.654495 0.674624 0.697765 0.724356 0.754946 0.790221 0.831054 0.878568 0.934233 1.000000 0.988705 0.903279 0.833289 0.775098 0.726139 0.684549 0.648943 0.618274 0.591735 0.568693 0.548651 0.531210 0.516048 0.502906 0.491572 0.481872 0.475260 0.476009 0.477913 0.480996 0.485296 0.490867 0.497780 0.506127 0.516024 0.527611 0.541065 0.556598 0.574475 0.588536 0.594016 0.601059 0.609759 0.620230 0.632618 0.647101 0.663900 0.683284 0.705586 0.731213 0.760673 0.794602 0.833801 0.879297 0.917038 0.884639 1445.500000 1.124845 0.704403
0.544971 0.549951 0.556376 0.563130 0.564935 0.568124 0.572737 0.578831 0.586485 0.595798 0.606898 0.619940 0.635120 0.652673 0.672891 0.696132 0.722840 0.753567 0.789007 0.830044 0.877814 0.933806 1.000000 0.948151 0.901606 0.861395 0.826524 0.796210 0.769830 0.746884 0.726966 0.709749 0.694964 0.682392 0.671857 0.663216 0.656356 0.651189 0.647650 0.645697 0.645306 0.629485 0.615479 0.603505 0.593390 0.584994 0.578206 0.572939 0.569125 0.566718 0.565688 0.566023 0.567727 0.570821 0.575342 0.581347 0.588912 0.598137 0.609147 0.611036 0.604336 0.599210 0.595592 0.593439 0.592724 0.593439 0.595592 0.599210 0.604336 0.611036 0.619395 0.629524 0.641560 0.655676 0.672083 0.691039 0.712863 0.737947 0.766774 0.799950 0.838239 0.882609 0.901601 0.863732 0.830836 0.802216 0.777312 0.755674 0.736934 0.720797 0.707017 0.695399 0.685781 0.678037 0.672067 0.667796 0.665171 0.664161 0.664752 0.666953 0.670790 0.676310 0.683582 0.692699 0.703781 0.716978 0.732479 0.750512 0.771361 0.752501 0.718888 0.689740 0.664401 0.642351 0.623171 0.606521 0.592127 0.579766 0.569253 0.560440 0.553209 0.547464 0.543132 0.540159 0.538509 0.538161 0.539112 0.541373 1729.000000 1.289054 0.791631
0.861988 0.840253 0.821517 0.805497 0.791961 0.780723 0.771632 0.764570 0.759450 0.756208 0.754804 0.755221 0.757464 0.761561 0.767562 0.775541 0.785600 0.797871 0.812520 0.829753 0.849825 0.872816 0.836542 0.805025 0.777602 0.753742 0.733016 0.715075 0.699637 0.686471 0.675388 0.666236 0.658895 0.653271 0.649294 0.646913 0.646101 0.646846 0.649160 0.653069 0.658621 0.665887 0.674959 0.685957 0.699031 0.714368 0.731482 0.718411 0.707474 0.698523 0.691440 0.686136 0.682544 0.680621 0.680343 0.681707 0.684729 0.689447 0.695918 0.704224 0.714473 0.726802 0.741381 0.758421 0.765599 0.762030 0.760317 0.760440 0.762400 0.766221 0.771949 0.779656 0.789439 0.801426 0.815779 0.832697 0.852429 0.875279 0.901620 0.931909 0.966715 1.000000 0.941345 0.891218 0.848100 0.810824 0.778483 0.750362 0.725890 0.704607 0.686142 0.670194 0.656516 0.644908 0.635207 0.627282 0.621030 0.616372 0.613249 0.611624 0.611477 0.612806 0.614302 0.607552 0.602384 0.598734 0.596556 0.595824 0.596529 0.598680 0.602303 0.607441 0.614161 0.622548 0.632712 0.644793 0.658962 0.675432 0.694463 0.716372 0.741554 0.770494 0.803800 0.842236 0.886777 0.938679 0.915930 0.887071 1852.000000 1.232974 0.833651
0.803876 0.786579 0.771830 0.759420 0.749179 0.740972 0.734693 0.730265 0.727632 0.726762 0.727646 0.730293 0.734736 0.741029 0.749252 0.759509 0.771937 0.786705 0.804024 0.824153 0.815807 0.782882 0.754259 0.729350 0.707683 0.688879 0.672627 0.658674 0.646815 0.636882 0.628741 0.622287 0.617436 0.614128 0.612322 0.611997 0.613149 0.615791 0.619956 0.625696 0.633082 0.642211 0.653203 0.666211 0.681422 0.699068 0.719431 0.742860 0.764796 0.757880 0.752885 0.749750 0.748437 0.748930 0.751234 0.755377 0.761412 0.769411 0.779479 0.791746 0.806379 0.823585 0.843617 0.866789 0.893483 0.924170 0.959434 1.000000 0.952937 0.899235 0.853208 0.813528 0.779168 0.749325 0.723362 0.700770 0.681138 0.664131 0.649480 0.636963 0.626400 0.617645 0.610582 0.605120 0.601190 0.598395 0.596875 0.596796 0.598158 0.600978 0.605289 0.611146 0.618622 0.627814 0.638846 0.651871 0.667079 0.684702 0.705026 0.728402 0.755263 0.786148 0.803172 0.784700 0.768870 0.755450 0.744252 0.735127 0.727955 0.722646 0.719133 0.717375 0.717349 0.719055 0.722514 0.727768 0.734883 0.743948 0.755081 0.768432 0.784187 0.802575 0.823878 0.848444 0.876696 0.873956 0.847212 0.823982 7328.000000 1.212483 0.832098
0.803416 0.781793 0.763093 0.747025 0.733349 0.721873 0.712441 0.704928 0.699239 0.695302 0.693070 0.692516 0.693632 0.696431 0.700950 0.707242 0.715387 0.725490 0.737685 0.752140 0.769063 0.788708 0.811389 0.837491 0.867487 0.901966 0.941661 0.987499 0.955361 0.911108 0.872783 0.839493 0.810530 0.785328 0.763430 0.744464 0.728129 0.714180 0.702415 0.692673 0.684825 0.678770 0.674432 0.671756 0.670711 0.671284 0.673482 0.677332 0.682880 0.690197 0.699375 0.710535 0.723829 0.739445 0.757616 0.743161 0.729688 0.718394 0.709126 0.701764 0.696213 0.692404 0.690290 0.689846 0.691067 0.693967 0.698581 0.704966 0.713204 0.723399 0.735689 0.750241 0.767267 0.787023 0.809827 0.836065 0.866217 0.900877 0.940787 0.986885 1.000000 0.951538 0.909647 0.873303 0.841702 0.814201 0.790284 0.769533 0.751608 0.736232 0.723181 0.712270 0.703352 0.696312 0.691060 0.687530 0.685679 0.685486 0.686947 0.690080 0.694924 0.701538 0.710006 0.720438 0.732974 0.747786 0.743259 0.733228 0.725189 0.719037 0.714696 0.712112 0.711254 0.712112 0.714696 0.719037 0.725189 0.733228 0.743259 0.755413 0.769856 0.786795 0.806483 0.829230 0.855418 0.885518 0.856952 0.828322 1745.000000 1.096884 0.821285
0.613122 0.610014 0.617822 0.627364 0.638768 0.652195 0.667842 0.685951 0.706820 0.730815 0.758387 0.790098 0.826657 0.868957 0.918151 0.975741 1.000000 0.962912 0.930638 0.902561 0.878182 0.857097 0.838974 0.823544 0.810589 0.799933 0.791435 0.784987 0.780508 0.768621 0.755329 0.744251 0.735239 0.728177 0.722973 0.719565 0.717910 0.717988 0.719801 0.723370 0.728739 0.735974 0.745168 0.756440 0.763108 0.751049 0.741123 0.733199 0.727177 0.722980 0.720557 0.719879 0.720937 0.723744 0.728335 0.734766 0.743118 0.753497 0.766043 0.780927 0.798361 0.793289 0.779570 0.768137 0.758836 0.751546 0.746176 0.742658 0.740950 0.741031 0.742902 0.746586 0.752127 0.759594 0.769083 0.780717 0.794651 0.811082 0.830248 0.852446 0.878037 0.907465 0.901161 0.872094 0.846820 0.824901 0.805980 0.789768 0.776028 0.764569 0.755235 0.747907 0.742492 0.738921 0.737152 0.737163 0.738955 0.742548 0.747987 0.755340 0.764699 0.776186 0.789956 0.783763 0.776380 0.770974 0.767480 0.765853 0.766075 0.768149 0.772098 0.777973 0.785845 0.795815 0.808012 0.822602 0.839789 0.850808 0.810776 0.776128 0.746044 0.719874 0.697101 0.677305 0.660150 0.645358 0.632706 0.622010 1928.000000 1.058007 0.847992
0.880312 0.914714 0.954307 1.000000 0.953111 0.897452 0.849870 0.808930 0.773530 0.742814 0.716103 0.692857 0.672643 0.655108 0.639967 0.626987 0.616326 0.607687 0.600714 0.595316 0.591427 0.588999 0.588001 0.588421 0.590265 0.593555 0.598332 0.604654 0.612603 0.622283 0.633825 0.647393 0.663187 0.681453 0.702495 0.726683 0.754479 0.763558 0.746615 0.732133 0.719903 0.709757 0.701560 0.695205 0.690614 0.687729 0.686514 0.686956 0.689060 0.692851 0.698375 0.705702 0.714925 0.726165 0.739574 0.755342 0.773701 0.794937 0.819402 0.847527 0.864363 0.850381 0.838832 0.829565 0.822460 0.817428 0.814408 0.813362 0.814278 0.817166 0.822063 0.829028 0.838149 0.845803 0.808682 0.776473 0.748466 0.724093 0.702897 0.684509 0.668628 0.655010 0.643454 0.633799 0.625916 0.619701 0.615075 0.611981 0.610381 0.610256 0.607662 0.605222 0.604252 0.604739 0.606690 0.610128 0.615095 0.621654 0.629888 0.639906 0.651843 0.665868 0.682190 0.701063 0.722802 0.747790 0.776506 0.765168 0.750820 0.738748 0.728785 0.720801 0.714693 0.710385 0.707823 0.706977 0.707836 0.710410 0.714732 0.720854 0.728852 0.738830 0.750919 0.765284 0.782131 0.801711 0.824334 0.850378 2231.000000 1.272313 0.831454
