0.853345 0.896861 0.892309 0.855714 0.823908 0.796231 0.772153 0.751245 0.733160 0.717612 0.704373 0.693252 0.684100 0.676796 0.671245 0.667380 0.665153 0.664535 0.665521 0.668122 0.672369 0.678315 0.686035 0.695627 0.707219 0.720971 0.737079 0.755786 0.771801 0.740015 0.712392 0.688355 0.667443 0.649282 0.633569 0.620057 0.608545 0.598869 0.590897 0.584524 0.579669 0.576270 0.574287 0.573695 0.574486 0.576671 0.580275 0.585344 0.591941 0.600151 0.610082 0.621871 0.635685 0.651734 0.670270 0.691606 0.716127 0.744310 0.776750 0.814197 0.857609 0.908222 0.967661 1.000000 0.939213 0.887408 0.842944 0.804569 0.771313 0.742415 0.717269 0.695392 0.676391 0.659948 0.645804 0.633749 0.623610 0.615250 0.608557 0.603446 0.599854 0.597736 0.597066 0.597836 0.600055 0.603751 0.608969 0.615774 0.624254 0.634521 0.646715 0.661010 0.677622 0.696811 0.718902 0.744291 0.773470 0.807054 0.806824 0.775360 0.747992 0.724176 0.703472 0.685524 0.670043 0.656794 0.645583 0.636256 0.628687 0.622779 0.618457 0.615668 0.614377 0.614569 0.616246 0.619429 0.624156 0.630487 0.638501 0.648303 0.660026 0.673834 0.689930 0.708562 0.730036 0.754728 0.783100 0.815731 1525.000000 1.229828 0.762368
0.816437 0.807224 0.800123 0.795044 0.791925 0.790729 0.791439 0.794065 0.798640 0.805218 0.813883 0.824745 0.837946 0.853667 0.872131 0.893611 0.883048 0.861702 0.843346 0.827710 0.814569 0.803744 0.795094 0.788508 0.783903 0.781222 0.780433 0.781527 0.784517 0.789438 0.796352 0.805346 0.816535 0.830067 0.846128 0.848506 0.832782 0.819568 0.808685 0.799989 0.793369 0.788742 0.786052 0.785265 0.786372 0.789387 0.794346 0.801311 0.810368 0.821634 0.835259 0.851428 0.870375 0.866513 0.854539 0.844898 0.837468 0.832154 0.828892 0.827641 0.828386 0.831137 0.835927 0.842815 0.851886 0.863257 0.877078 0.893535 0.912863 0.935350 0.961346 0.984544 0.946909 0.914166 0.885675 0.860917 0.839473 0.821001 0.805222 0.791911 0.780883 0.771992 0.765124 0.760192 0.757136 0.755918 0.756523 0.758960 0.763256 0.766381 0.754901 0.745529 0.738143 0.732651 0.728982 0.727093 0.726960 0.728583 0.731980 0.737193 0.744287 0.753351 0.764503 0.777892 0.793705 0.812172 0.833574 0.858258 0.886650 0.919275 0.956786 1.000000 0.976078 0.948412 0.924437 0.903768 0.886090 0.871150 0.858739 0.848693 0.840882 0.835207 0.831598 0.830010 0.830426 0.832850 0.837310 0.827879 5557.500000 1.115849 0.898821
0.822473 0.800446 0.781402 0.765043 0.751127 0.739459 0.729878 0.722261 0.716509 0.712551 0.710338 0.709844 0.711063 0.714008 0.718717 0.725247 0.733681 0.744126 0.756723 0.766026 0.765064 0.765947 0.768687 0.773315 0.779890 0.788494 0.799236 0.812259 0.827741 0.845901 0.867012 0.891406 0.880236 0.862691 0.847835 0.835460 0.825401 0.817527 0.811739 0.807966 0.806160 0.806301 0.808390 0.812451 0.818536 0.826719 0.837104 0.849828 0.865059 0.883013 0.903952 0.928199 0.956149 0.928620 0.891638 0.859480 0.831494 0.807156 0.786043 0.767808 0.752172 0.738904 0.727819 0.718767 0.711631 0.706321 0.702770 0.700934 0.700792 0.702341 0.705601 0.710611 0.717434 0.726155 0.736888 0.749777 0.750448 0.747583 0.746531 0.747281 0.749840 0.754240 0.760535 0.768803 0.779151 0.791715 0.806665 0.824215 0.844626 0.868218 0.895385 0.926611 0.962496 1.000000 0.957153 0.919953 0.887594 0.859434 0.834956 0.813740 0.795443 0.779789 0.766550 0.755543 0.746621 0.739668 0.734597 0.731345 0.730115 0.730739 0.733132 0.737322 0.743362 0.751326 0.761317 0.773466 0.787937 0.804937 0.824717 0.847587 0.873926 0.904204 0.938998 0.979030 0.949095 0.910535 0.877015 0.847846 4804.000000 1.148252 0.851064
0.718108 0.724055 0.731880 0.741682 0.753590 0.767767 0.784413 0.803777 0.826161 0.851939 0.881569 0.915620 0.954800 1.000000 0.968743 0.925562 0.888115 0.855562 0.827232 0.802591 0.781202 0.762714 0.746838 0.733340 0.722030 0.712754 0.705392 0.697668 0.688690 0.681562 0.676192 0.672514 0.670481 0.670071 0.671277 0.674114 0.678617 0.684842 0.692867 0.702795 0.714758 0.728923 0.745492 0.764718 0.786907 0.812438 0.841778 0.875503 0.914339 0.959198 0.968987 0.937556 0.910225 0.886517 0.866046 0.848497 0.833614 0.821188 0.811052 0.803074 0.797154 0.793217 0.791216 0.791125 0.792945 0.796697 0.802427 0.810206 0.820132 0.832335 0.846978 0.864264 0.867514 0.839160 0.814501 0.793106 0.774625 0.758772 0.745314 0.734063 0.724867 0.717605 0.712187 0.708544 0.706631 0.706426 0.707927 0.711150 0.716136 0.722947 0.731667 0.742411 0.755323 0.770580 0.788405 0.809070 0.832907 0.831087 0.820171 0.811468 0.804867 0.800284 0.797664 0.796974 0.798207 0.801378 0.806525 0.813711 0.823027 0.834592 0.848561 0.865125 0.884521 0.907043 0.907545 0.873425 0.843737 0.817906 0.795470 0.776051 0.759343 0.745097 0.733109 0.723215 0.715286 0.710900 0.711570 0.713963 1662.000000 1.087597 0.837620
0.619169 0.586551 0.558475 0.534193 0.513118 0.494791 0.478841 0.464972 0.452945 0.442563 0.433668 0.426130 0.419844 0.414725 0.410707 0.407738 0.405783 0.404818 0.404829 0.405819 0.407798 0.410791 0.414835 0.419981 0.426296 0.433866 0.442795 0.453214 0.465283 0.479199 0.495202 0.513592 0.534737 0.559104 0.587279 0.620018 0.658302 0.703431 0.757161 0.821922 0.901171 1.000000 0.963187 0.866917 0.789873 0.727014 0.674928 0.631225 0.594183 0.562527 0.535297 0.511759 0.491336 0.473579 0.458125 0.444685 0.433025 0.422954 0.414316 0.406985 0.400857 0.395851 0.391901 0.388956 0.386981 0.385951 0.385853 0.386687 0.388462 0.391200 0.394936 0.399716 0.405601 0.412672 0.421026 0.430785 0.442097 0.455145 0.470154 0.487400 0.507229 0.530071 0.556470 0.587126 0.622944 0.665123 0.715277 0.775633 0.849348 0.805012 0.761597 0.724280 0.692039 0.664077 0.639769 0.618615 0.600215 0.584245 0.570441 0.558589 0.548514 0.540074 0.533155 0.527666 0.523538 0.520718 0.519172 0.518882 0.519844 0.522069 0.525585 0.530436 0.536681 0.544403 0.553703 0.564711 0.577585 0.592521 0.609757 0.629589 0.652378 0.678575 0.708743 0.743593 0.784034 0.755750 0.702252 0.657306 7790.000000 1.412835 0.578983
0.885441 0.860197 0.838316 0.819445 0.803298 0.789641 0.778284 0.769076 0.761896 0.756656 0.753290 0.751756 0.752037 0.754135 0.758077 0.763909 0.771706 0.781566 0.793618 0.808025 0.824988 0.844757 0.867639 0.873295 0.846245 0.822742 0.802391 0.784867 0.769907 0.757298 0.746865 0.738470 0.732006 0.727391 0.724569 0.723504 0.724185 0.726620 0.730837 0.736889 0.744852 0.754827 0.766945 0.781372 0.798312 0.818017 0.812231 0.802581 0.795051 0.789545 0.785995 0.784359 0.784615 0.786768 0.790843 0.796890 0.804984 0.815229 0.827758 0.842739 0.860384 0.880952 0.904760 0.932198 0.963747 1.000000 0.975413 0.936695 0.903027 0.873726 0.848247 0.826145 0.807061 0.790701 0.776824 0.765239 0.755787 0.748347 0.742825 0.739151 0.737280 0.737190 0.738881 0.742371 0.747705 0.754947 0.764190 0.753934 0.744613 0.737275 0.731826 0.728198 0.726347 0.726250 0.727907 0.731337 0.736583 0.743709 0.752806 0.763991 0.777415 0.793265 0.811770 0.833214 0.857945 0.851000 0.834869 0.821280 0.810047 0.801021 0.794085 0.789153 0.786165 0.785083 0.785895 0.788610 0.793262 0.799907 0.808630 0.819540 0.832783 0.848539 0.867031 0.888536 0.913391 0.942011 0.947852 0.914481 6929.000000 1.100729 0.880807
0.785331 0.831785 0.874394 0.838533 0.807366 0.780245 0.756650 0.736162 0.718440 0.703205 0.690231 0.679334 0.670365 0.663207 0.657769 0.662156 0.668695 0.677011 0.687214 0.699439 0.713859 0.730682 0.750169 0.772636 0.798473 0.828162 0.862301 0.901642 0.947135 1.000000 0.951920 0.889490 0.836636 0.791511 0.752725 0.719214 0.690152 0.664887 0.642900 0.623776 0.607177 0.592830 0.580511 0.570039 0.561267 0.554075 0.548369 0.544077 0.541145 0.539537 0.539235 0.540233 0.542544 0.549146 0.567950 0.589559 0.614416 0.643078 0.676255 0.714856 0.760074 0.813489 0.877254 0.884473 0.850024 0.820059 0.793982 0.771314 0.751665 0.734718 0.720215 0.707946 0.697741 0.689463 0.683006 0.678287 0.675248 0.673853 0.674084 0.675944 0.676095 0.676600 0.678742 0.682546 0.688061 0.695355 0.704520 0.715677 0.728978 0.744610 0.762805 0.783848 0.808086 0.835950 0.867969 0.904805 0.947289 0.996479 0.938194 0.871325 0.815188 0.767583 0.726886 0.691870 0.661594 0.635322 0.612476 0.592595 0.575306 0.560308 0.547358 0.536256 0.526839 0.527484 0.530811 0.535478 0.541543 0.549086 0.558205 0.569027 0.581706 0.596431 0.613439 0.633014 0.655511 0.681368 0.711132 0.745493 15237.500000 1.112727 0.676303
0.976747 1.000000 0.958527 0.922490 0.891134 0.863853 0.840156 0.819646 0.802000 0.786953 0.774292 0.763843 0.755467 0.749059 0.744536 0.741845 0.740951 0.741845 0.744536 0.749059 0.755467 0.763843 0.769803 0.757801 0.747943 0.740097 0.734165 0.730072 0.727768 0.727225 0.728436 0.731417 0.736202 0.742853 0.751451 0.762108 0.774965 0.790200 0.808032 0.828729 0.852623 0.880119 0.911717 0.894062 0.874760 0.858298 0.844441 0.832999 0.823821 0.816789 0.811815 0.808839 0.807823 0.808756 0.811648 0.816535 0.823478 0.832562 0.843905 0.857656 0.874003 0.893178 0.915469 0.941226 0.916359 0.890723 0.868518 0.849389 0.833049 0.819261 0.807837 0.798625 0.791506 0.786390 0.783215 0.781942 0.782555 0.785061 0.789492 0.795901 0.804369 0.815004 0.827944 0.843367 0.861491 0.838780 0.815771 0.795857 0.778723 0.764113 0.751819 0.741673 0.733541 0.727318 0.722927 0.720314 0.719446 0.720314 0.722927 0.727318 0.733541 0.741673 0.751819 0.764113 0.778723 0.795857 0.815771 0.838780 0.865270 0.863483 0.849542 0.838031 0.828797 0.821723 0.816720 0.813725 0.812703 0.813641 0.816551 0.821468 0.828453 0.837592 0.849003 0.862837 0.879282 0.898574 0.920999 0.946912 1155.000000 1.132241 0.888507
0.892984 0.926844 0.942171 0.924205 0.909060 0.896529 0.886444 0.878678 0.873131 0.869736 0.868452 0.869262 0.872177 0.877232 0.884490 0.894040 0.906005 0.920542 0.937850 0.958174 0.981815 0.966935 0.927873 0.893914 0.864362 0.838657 0.816347 0.797064 0.780507 0.766433 0.754643 0.744978 0.737312 0.731546 0.727608 0.725451 0.725049 0.726396 0.729508 0.734425 0.741205 0.749936 0.738565 0.728598 0.720609 0.714496 0.710183 0.707615 0.706763 0.707615 0.710183 0.714496 0.720609 0.728598 0.738565 0.750643 0.764995 0.781827 0.801390 0.823994 0.850017 0.879926 0.914299 0.953859 0.999514 1.000000 0.970319 0.944559 0.922296 0.903183 0.886941 0.873338 0.862193 0.853358 0.846722 0.842201 0.839741 0.839311 0.840906 0.844546 0.850275 0.858163 0.868311 0.880849 0.895944 0.913806 0.920034 0.890832 0.865448 0.843446 0.824472 0.808237 0.794506 0.783089 0.773833 0.766619 0.761355 0.757977 0.756442 0.756734 0.758854 0.762829 0.768708 0.776563 0.786495 0.798633 0.807122 0.789087 0.773663 0.760628 0.749801 0.741038 0.734227 0.729280 0.726137 0.724759 0.725130 0.727255 0.731159 0.736889 0.744518 0.754142 0.765888 0.779914 0.796418 0.815642 0.837887 0.863517 2105.500000 1.197227 0.877430
0.987981 0.925518 0.872460 0.827040 0.787919 0.754067 0.724678 0.699114 0.676868 0.657529 0.640765 0.626307 0.613932 0.603463 0.594753 0.587688 0.582174 0.578142 0.575543 0.574344 0.574532 0.576108 0.579092 0.583520 0.589447 0.596949 0.606123 0.617093 0.615990 0.603141 0.592214 0.583055 0.575541 0.569573 0.565075 0.561990 0.560282 0.559928 0.560926 0.563287 0.567039 0.572229 0.578923 0.587207 0.597191 0.609012 0.622842 0.638890 0.657412 0.678724 0.703215 0.731367 0.763784 0.801228 0.844673 0.831250 0.806098 0.784258 0.765364 0.749122 0.735290 0.723671 0.714107 0.706472 0.700669 0.696625 0.694290 0.693637 0.694656 0.697362 0.701785 0.707982 0.716029 0.726030 0.738118 0.752459 0.769258 0.788769 0.789408 0.754664 0.724521 0.698311 0.675502 0.655665 0.638455 0.623588 0.610837 0.600013 0.590964 0.583570 0.577733 0.573379 0.570454 0.568923 0.568766 0.569982 0.572586 0.576609 0.582101 0.589132 0.583236 0.574047 0.566487 0.560456 0.555877 0.552694 0.550865 0.550371 0.551204 0.553375 0.556910 0.561852 0.568265 0.576229 0.585852 0.597264 0.610631 0.626152 0.644075 0.664703 0.688409 0.715656 0.747024 0.783240 0.825236 0.874216 0.931763 1.000000 768.500000 1.358679 0.779889
0.872665 0.886464 0.902916 0.922254 0.907595 0.887335 0.870009 0.855369 0.843211 0.833373 0.825728 0.820180 0.816661 0.815127 0.815559 0.817964 0.822370 0.828832 0.837429 0.848271 0.861501 0.877296 0.895880 0.889305 0.868799 0.851222 0.836317 0.823875 0.813730 0.805749 0.799831 0.795903 0.793917 0.793848 0.795696 0.799483 0.805255 0.813085 0.823070 0.820578 0.815499 0.812428 0.811327 0.812183 0.815007 0.819832 0.826718 0.835751 0.847047 0.860754 0.877060 0.878658 0.861724 0.847435 0.835591 0.826037 0.818648 0.813332 0.810024 0.808683 0.809293 0.811861 0.816419 0.823021 0.831752 0.842722 0.856075 0.871992 0.890699 0.912473 0.937653 0.966658 1.000000 0.975718 0.941718 0.912131 0.886417 0.864137 0.844936 0.828522 0.814659 0.803156 0.793858 0.786647 0.781431 0.778146 0.776752 0.777232 0.779592 0.783860 0.790090 0.798357 0.808769 0.821461 0.836605 0.854416 0.853724 0.838089 0.824967 0.814182 0.805590 0.799083 0.794579 0.792022 0.791383 0.792652 0.795847 0.801004 0.808188 0.817490 0.829029 0.842957 0.859468 0.878798 0.901239 0.892698 0.877866 0.865569 0.855645 0.847966 0.842435 0.838983 0.837569 0.838176 0.840811 0.845506 0.852318 0.861333 7343.000000 1.056040 0.915316
0.935114 0.968425 0.976634 0.939917 0.907969 0.880172 0.856027 0.835130 0.817150 0.801819 0.788919 0.778272 0.769739 0.763209 0.758601 0.755859 0.754948 0.755859 0.758601 0.763209 0.769739 0.778272 0.788919 0.786822 0.765398 0.746861 0.730920 0.717337 0.705920 0.696512 0.688989 0.683256 0.679240 0.676892 0.676184 0.677106 0.679671 0.683909 0.689873 0.697637 0.707301 0.718994 0.732874 0.749141 0.768040 0.789868 0.814994 0.843871 0.877060 0.915262 0.959360 1.000000 0.967945 0.940076 0.915911 0.895060 0.877203 0.862081 0.849483 0.839241 0.831222 0.825324 0.821474 0.819625 0.819755 0.821865 0.825981 0.832153 0.840459 0.851002 0.863921 0.879390 0.897624 0.914559 0.875395 0.841392 0.811814 0.786074 0.763700 0.744308 0.727585 0.713278 0.701179 0.691122 0.682970 0.676620 0.671991 0.669025 0.667687 0.667961 0.669849 0.673374 0.678580 0.685532 0.694317 0.705052 0.717879 0.732981 0.750579 0.770946 0.794416 0.821401 0.852410 0.888074 0.928005 0.899946 0.875582 0.854507 0.836390 0.820963 0.808005 0.797341 0.788830 0.782364 0.777862 0.775268 0.774552 0.775704 0.778738 0.783691 0.790624 0.799625 0.810809 0.824324 0.840357 0.859136 0.880944 0.906128 2635.000000 1.219128 0.844463
0.574269 0.557443 0.542846 0.530238 0.519426 0.510250 0.502582 0.496320 0.491381 0.487703 0.485239 0.483961 0.483852 0.484910 0.487150 0.490597 0.495296 0.501305 0.508702 0.517586 0.528080 0.540338 0.554546 0.570934 0.589784 0.611445 0.636348 0.665037 0.698196 0.736703 0.781699 0.834690 0.897709 0.973556 1.000000 0.929200 0.869720 0.819251 0.776086 0.738932 0.706798 0.678910 0.654657 0.633550 0.615197 0.599281 0.585543 0.573771 0.563796 0.555476 0.548701 0.543383 0.539454 0.536865 0.535585 0.535598 0.536905 0.539522 0.543479 0.548827 0.555634 0.563987 0.573998 0.585809 0.599590 0.615554 0.633961 0.628846 0.612648 0.598670 0.586698 0.576557 0.568105 0.561231 0.555844 0.551876 0.549278 0.548019 0.548083 0.549471 0.552199 0.556302 0.561829 0.568852 0.577461 0.587773 0.599931 0.614114 0.630539 0.649474 0.671249 0.696271 0.725044 0.758204 0.796552 0.841121 0.893253 0.862142 0.823647 0.790265 0.761246 0.735993 0.714027 0.694959 0.678476 0.664319 0.652281 0.642190 0.633911 0.627335 0.622378 0.618978 0.617093 0.616701 0.617797 0.620395 0.624524 0.630238 0.637608 0.646728 0.657721 0.670737 0.685965 0.703635 0.670887 0.641418 0.615850 0.593617 16370.000000 1.499368 0.722323
0.805166 0.835157 0.857313 0.833827 0.813501 0.796015 0.781107 0.768564 0.758215 0.749924 0.743585 0.739117 0.736467 0.735601 0.736509 0.739203 0.720839 0.674514 0.635221 0.601624 0.572712 0.547711 0.526016 0.507149 0.490730 0.476452 0.464068 0.453377 0.444212 0.436442 0.429957 0.424669 0.420511 0.417430 0.415386 0.414356 0.414327 0.415298 0.417981 0.423084 0.429360 0.436894 0.445790 0.456177 0.468215 0.482098 0.498067 0.516416 0.537513 0.561819 0.589916 0.622549 0.660689 0.705618 0.759066 0.823420 0.902072 1.000000 0.976386 0.937746 0.904143 0.874899 0.849471 0.827415 0.808375 0.792056 0.778220 0.766675 0.757265 0.749868 0.744390 0.739340 0.703329 0.672208 0.645212 0.621741 0.601315 0.583550 0.568134 0.554814 0.543383 0.533673 0.525548 0.518898 0.513636 0.509695 0.507027 0.505598 0.501496 0.497658 0.495062 0.493676 0.493484 0.494482 0.496683 0.500114 0.504817 0.510852 0.518297 0.527251 0.537839 0.550213 0.564561 0.581116 0.600161 0.622045 0.647204 0.676181 0.704011 0.691829 0.681676 0.673415 0.666939 0.662167 0.659039 0.657517 0.657582 0.659236 0.662498 0.667409 0.674028 0.682441 0.692757 0.705114 0.719685 0.736683 0.756370 0.779066 4936.500000 1.504791 0.755607
0.993099 1.000000 0.917418 0.849324 0.792418 0.744339 0.703358 0.668180 0.637817 0.611502 0.588634 0.568736 0.551424 0.536389 0.523380 0.512191 0.505461 0.500723 0.497260 0.495029 0.494002 0.494168 0.495528 0.498099 0.501912 0.507014 0.513472 0.521368 0.530809 0.541929 0.554889 0.569892 0.587182 0.607062 0.629906 0.637752 0.633998 0.631802 0.631136 0.631993 0.634382 0.638332 0.643894 0.651135 0.660150 0.670169 0.662653 0.656868 0.652743 0.650225 0.649286 0.649912 0.652112 0.655913 0.661361 0.668523 0.677493 0.688388 0.701356 0.716582 0.734291 0.754763 0.778337 0.805435 0.786680 0.741280 0.702435 0.668989 0.640055 0.614940 0.593097 0.574088 0.557561 0.543231 0.530866 0.520277 0.511310 0.503840 0.497767 0.493374 0.499056 0.506104 0.514611 0.524695 0.536500 0.550205 0.566028 0.584236 0.605162 0.629214 0.656906 0.688883 0.725971 0.769238 0.820090 0.878026 0.808755 0.751291 0.703033 0.662100 0.627098 0.596977 0.570929 0.548326 0.528669 0.511562 0.496687 0.483785 0.472646 0.463099 0.455004 0.448249 0.442743 0.438413 0.435206 0.439548 0.453567 0.469678 0.488195 0.509510 0.534117 0.562645 0.595910 0.634981 0.681291 0.736802 0.804270 0.887695 1180.000000 1.152410 0.619375
0.560041 0.564615 0.572370 0.581763 0.592921 0.606004 0.621208 0.638773 0.658994 0.682234 0.708944 0.739685 0.775164 0.816284 0.864210 0.920471 0.987110 1.000000 0.955975 0.917780 0.884570 0.855668 0.830533 0.808725 0.789887 0.773729 0.760012 0.748545 0.739174 0.731775 0.726255 0.722546 0.720601 0.719109 0.710521 0.703811 0.698894 0.695711 0.694221 0.694406 0.696270 0.699834 0.705142 0.712261 0.721280 0.732317 0.719388 0.701476 0.686046 0.672867 0.661749 0.652538 0.645113 0.639379 0.635262 0.632712 0.631699 0.632209 0.634250 0.637845 0.643039 0.644140 0.644192 0.645800 0.648983 0.653780 0.660251 0.668479 0.678569 0.690658 0.704914 0.721546 0.740810 0.763020 0.788560 0.817909 0.851657 0.866370 0.840570 0.818176 0.798818 0.782197 0.768065 0.756225 0.746515 0.738808 0.733007 0.729039 0.726856 0.726430 0.727757 0.730852 0.735754 0.742523 0.751245 0.762032 0.775027 0.790410 0.808403 0.829279 0.853372 0.881093 0.888243 0.847510 0.812220 0.781559 0.754881 0.731669 0.711505 0.694049 0.679026 0.666211 0.655420 0.646506 0.639350 0.633862 0.629971 0.618197 0.604720 0.593218 0.583524 0.575506 0.569058 0.564096 0.560559 0.558403 0.557602 0.558145 13141.000000 1.082081 0.815129
0.713352 0.730664 0.715128 0.698425 0.684094 0.671926 0.661750 0.653428 0.646852 0.641937 0.638624 0.636871 0.636658 0.637981 0.640856 0.645320 0.651426 0.659252 0.668900 0.680498 0.668179 0.647723 0.629955 0.614576 0.601345 0.590063 0.580569 0.572734 0.566455 0.561649 0.558258 0.556240 0.555570 0.556240 0.558258 0.561649 0.566455 0.572734 0.580569 0.590063 0.601345 0.614576 0.629955 0.647723 0.668179 0.691690 0.718710 0.749807 0.785695 0.827284 0.875750 0.932635 1.000000 0.965122 0.903620 0.851414 0.806748 0.768294 0.735029 0.706156 0.681044 0.659190 0.640190 0.623715 0.609497 0.597321 0.587008 0.578415 0.571426 0.565952 0.561922 0.559287 0.558015 0.558090 0.559513 0.562301 0.566489 0.572129 0.578410 0.569547 0.562285 0.556530 0.552209 0.549267 0.547669 0.547395 0.548441 0.550822 0.554564 0.559716 0.566342 0.574526 0.584380 0.596038 0.609669 0.625481 0.643727 0.664718 0.688841 0.716571 0.748506 0.785401 0.828221 0.878216 0.884911 0.847328 0.814691 0.786298 0.761590 0.740117 0.721512 0.705477 0.691770 0.680193 0.670586 0.662821 0.656798 0.652440 0.649696 0.648530 0.648929 0.650897 0.654459 0.659657 0.666558 0.675249 0.685843 0.698485 1022.000000 1.255698 0.771098
0.538707 0.538551 0.552906 0.569457 0.588491 0.610363 0.635514 0.664495 0.698009 0.736952 0.782493 0.836182 0.900108 0.977167 0.988620 0.907280 0.840178 0.784076 0.736662 0.696236 0.661528 0.631564 0.605594 0.583023 0.563384 0.546297 0.531459 0.518622 0.507585 0.498183 0.490282 0.483775 0.478577 0.479467 0.493213 0.509034 0.527215 0.548112 0.572169 0.599948 0.632161 0.669735 0.713887 0.766247 0.829050 0.905444 1.000000 0.962933 0.929848 0.901060 0.876048 0.854390 0.835741 0.819822 0.806405 0.795305 0.786375 0.779500 0.774594 0.771597 0.770472 0.771206 0.773807 0.752961 0.722805 0.696585 0.673767 0.653922 0.636703 0.621827 0.609063 0.598226 0.589162 0.581748 0.575890 0.571511 0.568558 0.566994 0.566800 0.567974 0.570531 0.574501 0.579933 0.586897 0.594632 0.602303 0.611667 0.622851 0.636013 0.651346 0.669088 0.689531 0.713035 0.740043 0.771109 0.806926 0.824082 0.808421 0.795224 0.784311 0.775535 0.768786 0.763978 0.761051 0.759971 0.760724 0.763319 0.767788 0.774185 0.782591 0.793114 0.805891 0.821097 0.838948 0.859709 0.855822 0.804728 0.761121 0.723650 0.691284 0.663218 0.638821 0.617590 0.599122 0.583090 0.569229 0.557324 0.547198 2969.000000 1.094597 0.661405
0.938182 0.885572 0.840466 0.801570 0.767882 0.738620 0.713161 0.691008 0.671759 0.655089 0.640732 0.628473 0.618135 0.609577 0.602684 0.597369 0.593564 0.591223 0.590316 0.590833 0.592781 0.596182 0.601080 0.607534 0.615627 0.625466 0.637185 0.632814 0.620885 0.610841 0.602546 0.595889 0.590786 0.587171 0.585001 0.584250 0.584908 0.586983 0.590500 0.595503 0.602055 0.610238 0.620162 0.631962 0.645805 0.661898 0.680496 0.701908 0.726519 0.754803 0.787352 0.784332 0.763856 0.746174 0.731014 0.718152 0.707411 0.698644 0.691738 0.686605 0.683181 0.681425 0.681315 0.682850 0.686048 0.690949 0.697613 0.706124 0.716593 0.729161 0.744001 0.761330 0.781414 0.804576 0.831217 0.861830 0.897028 0.853663 0.805722 0.764623 0.729185 0.698495 0.671837 0.648644 0.628463 0.610926 0.595739 0.582657 0.571485 0.562062 0.554258 0.547970 0.543117 0.539637 0.537489 0.536645 0.537096 0.538846 0.541918 0.546349 0.552195 0.559529 0.568448 0.579075 0.585742 0.582192 0.580074 0.579362 0.580048 0.582139 0.585662 0.590659 0.597193 0.605348 0.615231 0.626978 0.640756 0.656771 0.675276 0.696580 0.721066 0.749207 0.781593 0.818967 0.862277 0.912745 0.971975 1.000000 889.000000 1.319203 0.778830
0.884059 1.000000 0.891373 0.805784 0.736812 0.680225 0.633127 0.593465 0.559749 0.530868 0.505980 0.484436 0.465728 0.449453 0.435291 0.422982 0.412316 0.403122 0.395260 0.388618 0.383102 0.378641 0.375176 0.372663 0.371071 0.370382 0.370586 0.371687 0.373696 0.376641 0.380555 0.385491 0.391512 0.398699 0.407155 0.417004 0.428398 0.441526 0.456619 0.473963 0.493913 0.516916 0.543540 0.574515 0.610794 0.653644 0.704786 0.686871 0.656910 0.630910 0.608300 0.588623 0.571513 0.556673 0.543861 0.532880 0.523570 0.515802 0.509470 0.504492 0.500805 0.498364 0.497138 0.497113 0.498288 0.500678 0.504311 0.509234 0.515507 0.523214 0.532456 0.543364 0.556095 0.570845 0.587855 0.607417 0.629895 0.655742 0.685523 0.719954 0.759955 0.805768 0.730110 0.668913 0.618557 0.576543 0.541095 0.510912 0.485025 0.462697 0.443354 0.426550 0.411930 0.399208 0.388156 0.378587 0.370349 0.363319 0.357395 0.352497 0.348560 0.345533 0.343378 0.342069 0.341590 0.341934 0.343107 0.345122 0.348004 0.351790 0.356527 0.362278 0.369121 0.377154 0.386496 0.397294 0.409729 0.424021 0.440446 0.459346 0.481151 0.506411 0.535833 0.570343 0.611178 0.660023 0.719238 0.792221 1973.000000 1.537595 0.565565
0.654043 0.649034 0.645646 0.643835 0.643581 0.644879 0.647747 0.652219 0.658350 0.666217 0.675923 0.687596 0.701400 0.717533 0.736241 0.757825 0.782655 0.811188 0.843991 0.881772 0.925428 0.976106 1.000000 0.966389 0.937148 0.911757 0.889792 0.870909 0.854828 0.841320 0.830201 0.821325 0.814579 0.809878 0.807163 0.806404 0.807589 0.810734 0.815876 0.823080 0.832436 0.844063 0.821707 0.792884 0.767801 0.745999 0.727103 0.710812 0.696876 0.685096 0.675306 0.667378 0.661208 0.656719 0.653579 0.644481 0.637147 0.631482 0.627415 0.624896 0.623894 0.624397 0.626411 0.629961 0.635090 0.641862 0.650364 0.660707 0.673032 0.687513 0.704365 0.723853 0.746297 0.772098 0.801748 0.835860 0.875205 0.920766 0.905855 0.887481 0.871897 0.858884 0.848267 0.839908 0.833701 0.829568 0.827461 0.827352 0.829240 0.833149 0.839126 0.847245 0.857609 0.839842 0.822889 0.808516 0.796522 0.786746 0.779062 0.773371 0.769603 0.767713 0.767676 0.769494 0.773187 0.778800 0.786405 0.796096 0.808000 0.822276 0.839123 0.857110 0.823916 0.795042 0.769915 0.748075 0.729148 0.712829 0.698872 0.687075 0.677273 0.669338 0.663165 0.658677 0.655819 0.654555 0.654871 0.656771 1093.000000 1.197635 0.858303
0.700377 0.726063 0.755594 0.789612 0.828928 0.874583 0.918176 0.879307 0.845550 0.816183 0.790627 0.768419 0.749179 0.732602 0.718435 0.706475 0.696558 0.688551 0.682352 0.677881 0.675085 0.673928 0.674397 0.676498 0.680255 0.678277 0.651227 0.627706 0.607237 0.589436 0.573992 0.560653 0.549213 0.539504 0.531390 0.524763 0.519534 0.515639 0.513029 0.511671 0.511550 0.512663 0.515025 0.518664 0.523625 0.529971 0.537784 0.547169 0.558256 0.571206 0.586217 0.603532 0.604857 0.605399 0.607406 0.610904 0.615934 0.622560 0.630867 0.640963 0.652986 0.667107 0.683535 0.702528 0.724402 0.749545 0.778439 0.811684 0.850034 0.894450 0.946168 1.000000 0.930404 0.871828 0.822054 0.779433 0.742714 0.710936 0.683343 0.659342 0.638455 0.620300 0.604564 0.590996 0.579388 0.569574 0.561416 0.554807 0.549660 0.545910 0.543512 0.542436 0.542670 0.544214 0.547090 0.551331 0.556991 0.564142 0.572876 0.583313 0.595598 0.609913 0.626479 0.645569 0.667518 0.662534 0.645157 0.630148 0.617274 0.606347 0.597215 0.589752 0.583864 0.579474 0.576528 0.574990 0.574841 0.576080 0.578721 0.582797 0.588359 0.595476 0.604241 0.614771 0.627212 0.641745 0.658592 0.678024 5429.000000 1.498096 0.773841
0.834479 0.788974 0.749888 0.716136 0.686874 0.661441 0.639309 0.620056 0.603340 0.588883 0.576458 0.565882 0.557005 0.549706 0.543889 0.539480 0.536424 0.534683 0.534236 0.535077 0.537218 0.540684 0.545517 0.551779 0.559550 0.568934 0.580058 0.586383 0.580882 0.576861 0.574268 0.573074 0.573262 0.574836 0.577814 0.582233 0.588149 0.595635 0.604790 0.615738 0.628631 0.643660 0.661057 0.681106 0.704160 0.730650 0.761116 0.761379 0.753277 0.747127 0.742852 0.740399 0.739738 0.740862 0.743783 0.748538 0.755186 0.763809 0.774519 0.787457 0.802802 0.820773 0.841642 0.865739 0.893473 0.910030 0.852858 0.804268 0.762655 0.726800 0.695767 0.668820 0.645380 0.624981 0.607251 0.591885 0.578638 0.567307 0.557730 0.549772 0.540983 0.533313 0.527110 0.522293 0.518801 0.516593 0.515640 0.515931 0.517470 0.520275 0.524381 0.529839 0.536719 0.545109 0.555125 0.566908 0.580630 0.596506 0.614797 0.635825 0.659989 0.682957 0.673035 0.664975 0.658675 0.654053 0.651054 0.649639 0.649793 0.651517 0.654832 0.659778 0.666417 0.674834 0.685137 0.697467 0.711994 0.728934 0.748546 0.771152 0.797146 0.827015 0.861366 0.900959 0.946758 1.000000 0.950904 0.887825 13795.500000 1.393861 0.784740
0.673499 0.678698 0.664527 0.652476 0.642374 0.634084 0.627498 0.622531 0.619123 0.617230 0.616831 0.617919 0.620509 0.624632 0.630339 0.637701 0.646814 0.657799 0.670808 0.686027 0.703688 0.724072 0.747528 0.774219 0.758844 0.745830 0.734995 0.726195 0.719316 0.714270 0.710996 0.709452 0.709622 0.711506 0.715127 0.720530 0.727782 0.736975 0.748228 0.761694 0.777562 0.796063 0.817483 0.842173 0.870563 0.903186 0.934423 0.853635 0.787451 0.732429 0.686139 0.646817 0.613156 0.584162 0.559073 0.537291 0.518345 0.501857 0.487524 0.475100 0.466199 0.461004 0.457013 0.454175 0.452455 0.451832 0.452299 0.453862 0.456539 0.460364 0.465384 0.471663 0.479285 0.488352 0.498995 0.511371 0.525676 0.542147 0.561080 0.582838 0.607874 0.636761 0.670226 0.709206 0.754932 0.809043 0.873779 0.952268 1.000000 0.953644 0.913499 0.878629 0.848291 0.821892 0.798954 0.779087 0.761975 0.747361 0.735033 0.724824 0.716598 0.710247 0.705694 0.702881 0.701774 0.702360 0.683165 0.663909 0.647225 0.632847 0.620556 0.610175 0.601561 0.594599 0.589200 0.585296 0.582837 0.581795 0.582157 0.583927 0.587126 0.591794 0.597989 0.605790 0.615299 0.626645 0.639988 0.655526 1924.000000 1.286846 0.747898
0.551383 0.547057 0.541510 0.537356 0.534543 0.533037 0.532819 0.533887 0.536254 0.539949 0.545017 0.551522 0.559549 0.569204 0.562131 0.544470 0.529120 0.515821 0.504359 0.494561 0.486286 0.479419 0.473869 0.469564 0.466450 0.464489 0.463657 0.463943 0.465352 0.465548 0.463588 0.462755 0.463039 0.464442 0.466983 0.470691 0.475614 0.481814 0.489373 0.498392 0.508998 0.521350 0.535638 0.552099 0.571024 0.592770 0.617785 0.646632 0.680022 0.718875 0.764389 0.818161 0.882357 0.959995 1.000000 0.883501 0.793025 0.720934 0.662320 0.613889 0.573344 0.539042 0.509771 0.484623 0.462902 0.444068 0.427698 0.413452 0.401059 0.390301 0.380998 0.373007 0.366208 0.360505 0.357395 0.355853 0.355177 0.355358 0.356398 0.358310 0.361117 0.364854 0.369569 0.375324 0.382196 0.390282 0.399701 0.410600 0.423158 0.437596 0.454186 0.473269 0.495272 0.520736 0.550358 0.585048 0.626015 0.674899 0.699938 0.688205 0.678467 0.670593 0.664483 0.660059 0.657266 0.656071 0.656458 0.658433 0.662020 0.667263 0.674226 0.682999 0.693696 0.706463 0.721480 0.714361 0.687313 0.663780 0.643304 0.625515 0.610113 0.596855 0.585542 0.576011 0.568133 0.561802 0.556938 0.553479 6793.000000 1.448134 0.676375
0.555466 0.540077 0.526753 0.515281 0.505490 0.497240 0.490418 0.484932 0.480714 0.477709 0.475880 0.475206 0.475678 0.477302 0.480098 0.484100 0.489358 0.495939 0.503930 0.513441 0.524605 0.537589 0.552598 0.569881 0.589746 0.612576 0.638845 0.669153 0.704260 0.745150 0.793109 0.849855 0.917727 1.000000 0.956535 0.891570 0.836756 0.790084 0.750056 0.715528 0.685618 0.659634 0.637026 0.617355 0.600264 0.585467 0.572729 0.561858 0.552698 0.545124 0.539037 0.534357 0.531025 0.529002 0.528261 0.528795 0.530610 0.533727 0.538185 0.544040 0.551367 0.560262 0.570846 0.583270 0.597719 0.601416 0.584958 0.570715 0.558462 0.548017 0.539231 0.531983 0.526178 0.521742 0.518619 0.516771 0.516175 0.516824 0.518726 0.521904 0.526397 0.532262 0.539573 0.548427 0.558946 0.571280 0.585612 0.602171 0.621233 0.643141 0.668321 0.697300 0.730746 0.769510 0.814690 0.867727 0.930548 0.881420 0.836428 0.797634 0.764039 0.734858 0.709470 0.687379 0.668183 0.651557 0.637236 0.625004 0.614687 0.606140 0.599252 0.593934 0.590118 0.587758 0.586825 0.587307 0.589211 0.592559 0.597393 0.603773 0.611781 0.621521 0.633126 0.646761 0.643867 0.616934 0.593537 0.573180 1308.000000 1.590692 0.708011
0.850945 0.830808 0.813516 0.798815 0.786497 0.776395 0.768377 0.762340 0.758210 0.755936 0.755490 0.756866 0.760082 0.759355 0.723305 0.692115 0.665039 0.641489 0.620995 0.603177 0.587731 0.574404 0.562995 0.553338 0.545297 0.538767 0.533661 0.529916 0.527485 0.526338 0.526462 0.527858 0.530542 0.534549 0.539927 0.546745 0.555092 0.565080 0.576849 0.590572 0.602867 0.611730 0.622379 0.634962 0.649661 0.666702 0.686358 0.708969 0.734951 0.764822 0.799232 0.839000 0.885177 0.939127 1.000000 0.948217 0.903603 0.864988 0.831460 0.802294 0.776914 0.754853 0.735733 0.719248 0.705147 0.693227 0.683321 0.675299 0.669056 0.664513 0.661615 0.660326 0.660630 0.662532 0.666053 0.671238 0.678151 0.670380 0.659885 0.651259 0.644388 0.639184 0.635582 0.633538 0.633028 0.634045 0.636600 0.640727 0.646475 0.653916 0.663148 0.674291 0.687499 0.702963 0.720915 0.741641 0.730864 0.708539 0.689150 0.672370 0.657935 0.645629 0.635278 0.626739 0.619900 0.614674 0.610995 0.608818 0.608116 0.608911 0.611422 0.615442 0.621021 0.628230 0.637161 0.647933 0.660694 0.675629 0.692962 0.712971 0.735996 0.762456 0.792870 0.827889 0.868333 0.915250 0.901080 0.874241 3297.000000 1.279026 0.806594
0.951958 0.910413 0.874362 0.843010 0.815726 0.792000 0.771422 0.753656 0.738428 0.725517 0.714742 0.705958 0.699051 0.693933 0.690542 0.688834 0.688790 0.690410 0.693712 0.698738 0.705548 0.714231 0.711787 0.699087 0.688462 0.679768 0.672892 0.667746 0.664267 0.662410 0.662155 0.663498 0.666456 0.671063 0.677378 0.685481 0.695475 0.707494 0.721705 0.738314 0.757574 0.779794 0.805356 0.834730 0.855086 0.837378 0.822330 0.809729 0.799405 0.791223 0.785079 0.780896 0.778624 0.778234 0.779722 0.783106 0.788428 0.795752 0.805171 0.816808 0.830816 0.847390 0.866770 0.874702 0.847236 0.823366 0.802685 0.784862 0.769626 0.756760 0.746084 0.737458 0.730768 0.725933 0.722891 0.721605 0.722060 0.724262 0.728238 0.734035 0.741726 0.751410 0.763213 0.777295 0.793854 0.813137 0.835442 0.847232 0.814846 0.786670 0.762152 0.740847 0.722394 0.706498 0.692920 0.681465 0.671975 0.664324 0.658414 0.654170 0.651540 0.650492 0.651013 0.653110 0.656807 0.662151 0.669208 0.678068 0.688848 0.701693 0.716787 0.728974 0.730331 0.733464 0.738411 0.745232 0.754013 0.764869 0.777943 0.793417 0.811514 0.832508 0.856735 0.884610 0.916642 0.953465 0.995869 1.000000 1801.500000 1.216568 0.858604
0.879778 0.920403 0.967406 0.964639 0.902490 0.849787 0.804731 0.765966 0.732446 0.703361 0.678069 0.656058 0.636918 0.620314 0.605977 0.593686 0.583260 0.574555 0.567453 0.561861 0.557709 0.554945 0.553789 0.562154 0.572174 0.583991 0.597777 0.613744 0.632151 0.653320 0.677644 0.705616 0.737850 0.775127 0.818448 0.869115 0.928855 1.000000 0.972991 0.939491 0.910342 0.885014 0.863081 0.844193 0.828067 0.814470 0.803216 0.794157 0.787174 0.782181 0.779116 0.777942 0.778645 0.781232 0.785736 0.790616 0.764479 0.741745 0.722012 0.704957 0.690314 0.677866 0.667439 0.658891 0.652110 0.647010 0.643528 0.641620 0.641264 0.642455 0.645208 0.649557 0.655554 0.658983 0.654796 0.652224 0.651235 0.651817 0.653976 0.657740 0.663154 0.670287 0.679228 0.690096 0.703039 0.718240 0.735925 0.756371 0.779919 0.806986 0.838091 0.873879 0.915164 0.962977 0.957940 0.915969 0.879553 0.847885 0.820327 0.796361 0.775571 0.757618 0.742225 0.729167 0.718260 0.709359 0.702347 0.695688 0.685662 0.677531 0.671188 0.666553 0.663570 0.662201 0.662431 0.664262 0.667716 0.672835 0.679683 0.688348 0.698942 0.711609 0.726525 0.743911 0.764035 0.787227 0.813893 0.844536 13383.500000 1.151289 0.756642
0.447538 0.460700 0.474454 0.469300 0.465366 0.462602 0.460975 0.460465 0.461066 0.462784 0.465642 0.469673 0.474929 0.481476 0.489403 0.498817 0.509852 0.522674 0.537486 0.554537 0.574133 0.596655 0.622578 0.652499 0.687180 0.727606 0.775069 0.831299 0.898661 0.980472 0.911807 0.834985 0.771816 0.719144 0.674724 0.636916 0.604500 0.576546 0.552334 0.531303 0.513004 0.497082 0.483248 0.471267 0.460950 0.452141 0.444713 0.438565 0.433615 0.429799 0.427070 0.425393 0.424749 0.425130 0.426539 0.428995 0.432528 0.437181 0.443014 0.450104 0.458547 0.468463 0.461218 0.452599 0.445350 0.439371 0.434583 0.430926 0.428353 0.426832 0.426346 0.426888 0.428465 0.431097 0.434814 0.439665 0.445711 0.453033 0.461729 0.471926 0.483775 0.497463 0.513221 0.531331 0.552146 0.576102 0.603752 0.635798 0.673150 0.717000 0.768942 0.831156 0.906700 1.000000 0.979317 0.881062 0.802482 0.738404 0.685331 0.640817 0.603097 0.570869 0.543153 0.519197 0.498414 0.480344 0.464618 0.450942 0.439075 0.428823 0.420028 0.412560 0.406315 0.401209 0.397174 0.394159 0.392128 0.391054 0.390926 0.391741 0.393509 0.396253 0.400005 0.404814 0.410741 0.417866 0.426288 0.436129 2189.000000 2.198027 0.593100
0.883536 0.848527 0.818083 0.791589 0.768550 0.748567 0.731314 0.716525 0.703986 0.693519 0.684985 0.678273 0.673297 0.669997 0.668330 0.668278 0.669839 0.673033 0.677899 0.684496 0.692909 0.703246 0.715647 0.730283 0.747369 0.767166 0.789995 0.816252 0.846423 0.881114 0.921084 0.927389 0.879082 0.837476 0.801474 0.770218 0.743032 0.719374 0.698807 0.680978 0.665600 0.652438 0.641302 0.632037 0.624518 0.618649 0.614356 0.611585 0.610303 0.610494 0.612160 0.615321 0.620017 0.626306 0.634267 0.644004 0.655649 0.669366 0.685355 0.703864 0.725195 0.749723 0.777907 0.810322 0.847686 0.890913 0.941175 1.000000 0.982172 0.935195 0.894564 0.859300 0.828632 0.801942 0.778736 0.758611 0.741241 0.726359 0.713749 0.703234 0.694674 0.687957 0.682999 0.679737 0.678132 0.678164 0.679835 0.683163 0.688191 0.694979 0.703615 0.714211 0.726908 0.741885 0.759359 0.779600 0.802937 0.808306 0.781982 0.759089 0.739228 0.722075 0.707366 0.694885 0.684457 0.675941 0.669227 0.664230 0.660887 0.659158 0.659021 0.660475 0.663538 0.668246 0.674659 0.682857 0.692946 0.705062 0.719373 0.736088 0.755461 0.777805 0.803506 0.833040 0.866995 0.906112 0.951326 0.923879 4401.500000 1.127168 0.770284
0.904169 0.865765 0.832414 0.803401 0.778154 0.756212 0.737200 0.720815 0.706808 0.694977 0.685160 0.677224 0.671069 0.666616 0.663810 0.662617 0.663023 0.665033 0.668671 0.673981 0.681030 0.689908 0.700730 0.713645 0.728832 0.746518 0.766978 0.762144 0.743560 0.727571 0.713939 0.702470 0.693007 0.685425 0.679626 0.675538 0.673111 0.672316 0.673142 0.675599 0.679718 0.685549 0.693166 0.702666 0.714173 0.727847 0.743882 0.762517 0.784048 0.808835 0.837323 0.870064 0.907745 0.887951 0.855883 0.827975 0.803705 0.782650 0.764463 0.748866 0.735630 0.724568 0.715533 0.708405 0.703096 0.699538 0.697688 0.697524 0.699043 0.702265 0.707228 0.713995 0.722649 0.733305 0.746103 0.761223 0.778884 0.799354 0.822966 0.850126 0.881336 0.917217 0.888690 0.848232 0.813171 0.782705 0.756194 0.733130 0.713097 0.695762 0.680851 0.668141 0.657452 0.648638 0.641582 0.636194 0.632407 0.630174 0.629467 0.630279 0.632619 0.636516 0.642017 0.649191 0.658131 0.668955 0.681811 0.684415 0.682255 0.681746 0.682881 0.685675 0.690161 0.696396 0.704456 0.714446 0.726500 0.740782 0.757499 0.776902 0.799301 0.825078 0.854699 0.888748 0.927951 0.973224 1.000000 0.948529 1848.000000 1.149434 0.814421
0.854867 0.884879 0.876885 0.831991 0.793288 0.759774 0.730667 0.705344 0.683308 0.664159 0.647571 0.633281 0.621071 0.610767 0.602226 0.595336 0.590006 0.586171 0.583782 0.582812 0.583247 0.585093 0.580646 0.575836 0.572473 0.570515 0.569939 0.570738 0.572921 0.576516 0.581565 0.588133 0.596304 0.606186 0.617620 0.613252 0.610407 0.609048 0.609160 0.610743 0.613817 0.618419 0.624607 0.632460 0.642078 0.653593 0.667165 0.682992 0.701320 0.722447 0.746740 0.774656 0.806759 0.843759 0.886553 0.936297 0.994493 1.000000 0.933063 0.876505 0.828293 0.786904 0.751179 0.720217 0.693309 0.669896 0.649526 0.631836 0.616529 0.603366 0.591741 0.581809 0.573563 0.566894 0.561717 0.557965 0.555592 0.554570 0.554886 0.556544 0.559564 0.563983 0.569856 0.577258 0.586286 0.597062 0.609738 0.624501 0.641580 0.661258 0.683881 0.709877 0.739780 0.724087 0.707351 0.693004 0.680834 0.670673 0.662382 0.655855 0.651008 0.647782 0.646136 0.646051 0.647525 0.650578 0.655245 0.661585 0.669678 0.679629 0.691571 0.705671 0.722134 0.719187 0.714808 0.712187 0.711293 0.712114 0.714661 0.718964 0.725077 0.733076 0.743063 0.755171 0.769564 0.786449 0.806076 0.828755 1943.500000 1.290202 0.792503
0.712355 0.668922 0.631915 0.600159 0.572755 0.549010 0.528377 0.510424 0.494804 0.481236 0.469494 0.459391 0.450777 0.443529 0.437548 0.432754 0.429087 0.426500 0.424962 0.424454 0.424970 0.426516 0.429110 0.432786 0.437588 0.443578 0.450836 0.459461 0.469576 0.481331 0.494913 0.510550 0.528521 0.549176 0.572946 0.600379 0.632172 0.669221 0.712708 0.764208 0.825875 0.900728 0.993134 0.970617 0.900526 0.841768 0.791999 0.749492 0.712945 0.681361 0.653966 0.630148 0.609421 0.591393 0.575748 0.562229 0.550626 0.540770 0.532520 0.525765 0.520418 0.516410 0.513692 0.512229 0.512005 0.513016 0.515275 0.518810 0.523663 0.529897 0.537592 0.546850 0.557800 0.570601 0.585446 0.602574 0.622280 0.644924 0.670956 0.700937 0.735578 0.775787 0.822742 0.821683 0.773160 0.731712 0.696074 0.665274 0.638558 0.615330 0.595115 0.577534 0.562277 0.549095 0.537782 0.528173 0.520132 0.513551 0.508344 0.504444 0.501803 0.500390 0.500185 0.501188 0.503410 0.506878 0.511636 0.517743 0.525278 0.534342 0.545060 0.557588 0.572116 0.588878 0.608161 0.630320 0.655794 0.685134 0.719036 0.758389 0.804350 0.858442 0.922717 1.000000 0.992362 0.900109 0.825369 0.763788 2007.000000 1.287049 0.590134
0.987893 0.950170 0.900261 0.857296 0.820131 0.787873 0.759818 0.735404 0.714176 0.695768 0.679883 0.666276 0.654749 0.645142 0.637326 0.631199 0.620613 0.611147 0.603398 0.597263 0.592665 0.589547 0.587870 0.587615 0.588777 0.591372 0.595430 0.601003 0.608159 0.616992 0.627620 0.640190 0.654884 0.671924 0.691586 0.714206 0.740198 0.770080 0.804495 0.844259 0.890415 0.944316 1.000000 0.948402 0.903937 0.865447 0.832024 0.802949 0.777647 0.755656 0.736600 0.720174 0.706129 0.694261 0.684407 0.676436 0.670245 0.665755 0.662911 0.661679 0.662044 0.664009 0.654904 0.646535 0.639900 0.634913 0.631513 0.629658 0.629326 0.630512 0.633231 0.637516 0.643420 0.651018 0.660407 0.671712 0.685091 0.700736 0.718884 0.739827 0.763923 0.791612 0.823443 0.860099 0.902447 0.951591 0.935130 0.887887 0.847130 0.811821 0.781144 0.754452 0.731228 0.711052 0.693586 0.678553 0.665728 0.654927 0.646002 0.638836 0.633335 0.629433 0.627079 0.626246 0.626923 0.629120 0.632861 0.638194 0.645186 0.653925 0.653427 0.653092 0.654334 0.657166 0.661624 0.667763 0.675659 0.685416 0.697162 0.711061 0.727313 0.746165 0.767920 0.792949 0.821711 0.854774 0.892851 0.936841 7920.000000 1.080073 0.755747
