50
1000 1000
7 -7 14 5 13 21 15 27 25 19 39 10 44 -6 36
7 34 8 59 -2 88 -2 96 21 81 47 49 53 32 47
3 55 52 96 80 68 100
4 52 46 127 87 55 142 10 104
4 23 -2 44 26 32 55 -10 28
4 26 -13 100 32 19 102 -38 53
3 36 73 134 136 51 154
6 47 -5 91 -6 105 35 97 80 36 91 14 41
7 49 54 81 42 101 40 118 70 104 91 70 99 46 92
8 24 14 48 12 77 -3 88 36 73 63 54 62 28 52 4 36
6 16 14 38 10 50 27 32 42 13 50 2 32
8 132 212 126 177 161 186 195 161 200 214 205 253 157 266 126 238
7 12 22 16 2 40 13 38 28 38 43 24 38 2 39
3 37 47 129 82 19 139
5 192 147 263 106 306 184 286 264 175 229
5 21 64 55 43 100 78 58 148 12 124
8 -11 8 -4 -10 9 -5 20 2 33 10 20 16 8 31 3 18
4 81 -16 103 53 78 130 36 56
3 57 88 100 134 54 164
6 90 84 131 88 172 125 127 171 64 177 55 134
7 1 0 8 -13 22 2 41 6 34 28 8 36 3 19
8 84 156 135 135 160 142 209 185 174 228 134 278 32 265 7 200
6 36 123 45 80 69 99 113 122 85 155 36 164
7 14 11 17 4 33 4 31 15 34 27 16 31 5 20
6 -5 158 44 89 118 109 169 181 142 236 31 242
6 14 33 23 20 44 16 53 36 43 60 18 54
8 10 24 16 16 22 3 29 18 34 24 39 38 23 45 10 33
3 55 48 147 109 41 154
6 22 64 39 51 58 49 72 69 60 87 32 88
7 36 16 51 11 66 7 70 20 69 35 53 36 45 25
4 35 -18 106 32 50 93 -33 40
6 84 92 173 59 224 53 316 116 237 190 167 150
8 33 71 59 77 69 81 74 92 70 114 57 118 36 123 42 97
6 -1 14 13 -3 38 -3 47 13 48 43 11 35
4 52 41 89 57 49 83 17 63
3 37 5 88 42 38 67
6 94 117 131 91 161 134 142 180 99 168 59 139
8 37 63 60 52 75 66 86 84 90 107 61 115 45 102 42 85
3 32 31 74 51 29 65
4 1 23 23 10 42 22 25 46
7 25 52 65 41 109 33 110 67 120 115 68 144 33 90
8 38 74 51 55 74 54 101 53 126 74 100 109 83 111 62 101
6 16 25 37 26 56 43 32 58 15 58 -9 47
8 16 6 65 -13 120 2 158 76 92 107 56 110 4 109 -40 58
5 11 60 79 33 128 87 72 193 -7 138
6 -7 34 7 20 25 21 40 40 30 55 11 48
7 69 99 81 70 104 89 112 109 111 129 76 137 55 116
3 130 80 167 115 109 158
3 54 25 118 55 52 106
8 2 205 30 164 96 141 131 159 193 213 146 261 99 270 42 276
