55
1000 1000
4 234 151 290 193 226 219 187 191
3 27 7 85 32 33 71
4 89 31 155 139 81 226 -22 147
6 44 44 67 37 92 60 65 81 48 83 21 63
6 12 29 34 6 62 -14 73 30 76 69 34 54
3 59 1 142 60 51 130
8 20 127 74 104 98 62 130 100 170 126 152 178 98 191 67 150
3 22 23 75 72 27 97
7 8 8 19 -1 35 0 47 11 32 33 17 25 13 21
3 23 32 57 45 12 74
8 -15 123 9 85 57 82 87 112 88 138 76 159 59 190 23 157
7 47 92 67 78 99 75 135 96 93 131 59 149 29 131
6 9 40 16 10 77 7 88 39 73 94 21 72
5 74 73 139 77 193 103 133 159 72 152
7 2 -1 17 -3 26 -5 27 7 25 15 16 27 -1 13
4 138 66 171 122 145 142 91 118
7 83 61 122 29 157 41 193 73 176 109 120 121 91 103
5 -1 15 27 6 51 22 24 51 -2 43
7 -1 23 25 14 39 10 54 36 41 45 21 50 2 44
7 16 28 36 20 56 26 62 34 60 57 38 52 12 56
3 7 -24 111 36 -7 109
4 41 78 78 56 131 80 73 142
8 -1 21 9 5 25 0 38 9 43 22 41 36 33 55 7 45
6 18 -1 36 -12 49 11 36 33 7 37 -6 19
5 15 8 35 6 46 16 34 27 16 27
5 108 40 192 41 221 93 184 131 136 117
8 27 84 39 65 57 60 93 59 99 88 90 110 62 116 43 105
6 36 35 59 44 72 55 62 80 37 85 22 63
6 60 26 82 32 102 56 92 78 65 76 37 60
7 56 92 79 54 120 80 125 106 128 159 91 174 67 130
8 56 50 62 42 75 34 96 32 104 52 94 68 74 85 57 71
4 -7 60 26 31 74 62 32 90
5 73 118 173 94 250 152 167 264 81 227
7 9 45 48 42 86 41 100 66 90 113 41 117 8 92
7 37 33 57 28 76 25 77 46 73 66 53 69 39 64
7 -2 15 16 3 29 11 39 25 34 41 15 42 -3 34
7 15 30 32 23 54 24 70 40 59 62 39 64 14 54
6 -1 61 13 34 37 36 38 61 39 86 14 89
5 10 10 30 0 50 24 29 46 4 37
6 100 98 162 107 191 150 151 167 107 185 78 142
4 18 57 54 37 73 55 45 88
8 15 80 59 62 86 70 95 108 88 135 62 152 19 138 19 114
7 245 255 266 232 320 234 323 281 319 336 269 309 229 303
3 64 82 175 133 61 180
5 27 35 88 19 147 67 76 106 25 82
4 43 27 61 49 41 59 26 49
5 -4 43 90 12 146 93 103 173 -9 164
8 89 190 99 146 146 136 188 154 265 217 224 256 163 283 113 246
7 20 72 36 62 57 64 74 88 53 100 35 105 23 91
6 18 21 34 21 56 32 37 49 20 50 2 37
5 195 221 281 210 336 274 283 334 198 307
5 148 162 231 144 269 207 225 278 140 253
8 57 25 92 16 164 24 184 62 143 135 109 143 55 120 1 87
8 16 -1 35 -2 55 1 55 13 45 30 36 41 16 32 11 17
5 12 68 65 41 105 95 65 136 -9 120
