50
1000 1000
8 6 0 26 3 33 7 37 11 39 24 22 25 19 21 8 14
3 114 121 204 188 130 261
7 3 13 27 5 44 3 56 23 42 41 25 39 12 33
3 92 44 143 92 96 108
3 117 178 251 261 90 335
4 15 28 43 16 63 28 43 51
3 -2 15 64 59 4 76
4 26 61 58 45 85 68 62 88
3 22 -29 150 38 54 79
7 51 49 97 58 149 34 158 81 136 116 92 147 71 99
8 38 3 52 -4 67 3 83 25 79 38 52 45 39 38 25 23
7 18 33 35 25 43 26 50 39 48 50 34 56 18 47
7 41 99 81 65 108 97 114 110 122 147 72 166 47 140
6 22 13 64 17 61 46 48 79 25 83 6 55
8 21 38 20 25 41 19 62 13 67 36 55 58 38 64 13 63
4 88 -33 110 64 65 130 19 55
3 29 7 96 45 44 89
8 67 74 147 97 187 111 228 135 201 191 125 212 71 235 68 155
7 84 119 114 105 174 80 157 147 173 190 117 200 90 161
7 -3 8 7 -3 36 2 59 31 35 50 17 50 -16 38
5 54 41 111 27 155 65 115 116 37 101
6 26 55 75 59 104 99 66 117 39 124 14 96
4 19 38 41 24 61 44 37 59
4 72 -19 176 111 93 171 -4 98
6 142 262 175 225 223 186 256 263 235 336 140 335
4 43 88 85 37 117 81 89 147
3 33 9 97 42 41 66
5 26 64 55 53 70 77 56 95 37 90
8 52 56 44 35 66 42 77 47 84 58 93 80 69 74 50 69
4 -20 75 46 39 115 96 53 124
6 36 76 52 56 77 53 82 74 83 98 51 102
4 17 23 37 10 53 24 37 40
6 54 49 77 51 90 65 85 89 53 91 51 73
3 106 77 256 145 112 256
6 28 3 62 3 92 24 59 49 29 53 22 28
6 80 -28 159 -3 223 80 147 141 89 120 20 65
6 18 11 29 -10 56 -7 60 17 51 30 27 35
8 49 77 66 54 91 44 124 58 152 74 140 129 93 121 64 120
3 24 21 54 38 16 64
7 93 53 133 24 228 44 247 113 201 136 152 211 87 144
4 22 -5 42 31 21 60 -10 30
7 44 19 57 -10 79 -10 78 24 73 37 56 57 28 45
8 14 9 26 10 45 8 37 23 35 31 26 37 15 35 8 25
7 -11 26 21 13 56 14 73 47 44 74 23 73 -7 62
7 -3 35 21 1 61 23 63 50 55 86 17 82 -14 69
8 13 10 30 15 49 17 60 35 44 49 34 58 20 49 4 40
6 8 -5 53 -13 56 33 44 54 11 74 -23 32
3 34 -6 129 42 25 103
6 6 80 33 57 71 52 103 91 72 128 33 114
6 35 70 50 57 79 51 85 74 68 92 53 91
