0.498093 0.498237 0.501351 0.505730 0.511429 0.518521 0.527100 0.537284 0.549219 0.563083 0.579097 0.597530 0.618714 0.643062 0.671087 0.703438 0.711501 0.697670 0.685988 0.676292 0.668455 0.662376 0.657976 0.655202 0.654021 0.654418 0.656397 0.659984 0.659082 0.646679 0.636238 0.627617 0.620702 0.615404 0.611657 0.609414 0.608649 0.609352 0.611531 0.615213 0.620444 0.627288 0.635835 0.646195 0.658511 0.653851 0.647393 0.642594 0.639394 0.637755 0.637657 0.639098 0.642096 0.646687 0.652929 0.660901 0.670705 0.682473 0.696369 0.712595 0.731400 0.753087 0.778032 0.806695 0.818837 0.775030 0.737359 0.704800 0.676555 0.651997 0.630626 0.612038 0.595910 0.581976 0.570020 0.559867 0.551375 0.544428 0.538937 0.534831 0.532059 0.530587 0.530397 0.529124 0.518647 0.509782 0.502404 0.496416 0.491740 0.488316 0.486103 0.485072 0.485213 0.486526 0.489028 0.492748 0.497735 0.509116 0.527295 0.548191 0.572247 0.600022 0.632232 0.669802 0.713948 0.766300 0.829092 0.905469 1.000000 0.993793 0.916537 0.852332 0.798331 0.752470 0.713216 0.679411 0.650160 0.624767 0.602681 0.583460 0.566750 0.552265 0.539769 0.529073 0.520021 0.512487 0.506371 0.501593 1933.000000 1.156072 0.717573
0.874171 0.832190 0.795887 0.764383 0.736986 0.713143 0.692411 0.674429 0.658904 0.645598 0.634317 0.624904 0.617230 0.611197 0.606729 0.603769 0.602283 0.602250 0.603672 0.606566 0.610966 0.616928 0.624526 0.633860 0.645055 0.658267 0.673688 0.691555 0.712158 0.735853 0.763081 0.794389 0.830462 0.815381 0.790126 0.768183 0.749182 0.732822 0.718855 0.707082 0.697342 0.689505 0.683470 0.679162 0.676527 0.675534 0.676171 0.678444 0.682383 0.688034 0.695470 0.704784 0.716100 0.729572 0.745390 0.763790 0.785061 0.809556 0.837712 0.870070 0.907300 0.950252 1.000000 0.939228 0.887160 0.842484 0.803937 0.770537 0.741517 0.716267 0.694297 0.675213 0.658695 0.644480 0.632358 0.622155 0.613730 0.606973 0.601798 0.598139 0.595951 0.595207 0.595900 0.598036 0.601642 0.606763 0.613462 0.621826 0.631964 0.644016 0.658152 0.674585 0.693572 0.715434 0.740560 0.769436 0.802668 0.840836 0.813372 0.789487 0.768763 0.750863 0.735508 0.722475 0.711580 0.702676 0.695648 0.690405 0.686884 0.685040 0.684851 0.686315 0.689451 0.694295 0.700908 0.709374 0.719802 0.732332 0.747138 0.764434 0.784485 0.807614 0.834219 0.864790 0.899939 0.940427 0.980003 0.922953 678.000000 1.235903 0.771124
0.839049 0.895712 0.963071 1.000000 0.931541 0.873824 0.824714 0.782614 0.746315 0.714880 0.687575 0.663820 0.643149 0.625187 0.609630 0.596230 0.584784 0.575130 0.567133 0.560687 0.555711 0.552140 0.549931 0.549057 0.549508 0.551288 0.554421 0.558943 0.564912 0.572403 0.581516 0.592373 0.605129 0.619973 0.637138 0.652098 0.638245 0.626446 0.616533 0.608372 0.601856 0.596900 0.593443 0.591443 0.590875 0.591732 0.594024 0.597780 0.603046 0.609888 0.618394 0.628677 0.640877 0.655169 0.671769 0.690940 0.713005 0.738364 0.767510 0.801061 0.839795 0.884704 0.857802 0.818610 0.784651 0.755144 0.729469 0.707130 0.687727 0.670933 0.656483 0.644162 0.633794 0.625236 0.618377 0.613127 0.609421 0.607214 0.606479 0.607207 0.609406 0.613103 0.618345 0.625196 0.633744 0.644102 0.656413 0.670851 0.687632 0.707021 0.729343 0.754999 0.784484 0.759810 0.722945 0.691079 0.663434 0.639397 0.618479 0.600286 0.584501 0.570865 0.559167 0.549236 0.540931 0.534142 0.528778 0.524774 0.522077 0.520656 0.520494 0.521587 0.523951 0.527612 0.532617 0.539029 0.546931 0.556429 0.567654 0.580769 0.595974 0.613514 0.633691 0.656877 0.683533 0.714238 0.749721 0.790920 7471.000000 1.327767 0.734901
0.679267 0.673125 0.668689 0.665904 0.664738 0.665175 0.667222 0.670902 0.676261 0.683367 0.692308 0.703204 0.716200 0.731482 0.749274 0.769854 0.793563 0.797652 0.796875 0.798020 0.801102 0.806156 0.813247 0.822462 0.833921 0.847774 0.864213 0.883473 0.905842 0.931676 0.898566 0.869484 0.844196 0.822263 0.803326 0.787096 0.773334 0.761850 0.752487 0.745125 0.739671 0.736056 0.734237 0.734191 0.722278 0.697269 0.675508 0.656597 0.640217 0.626106 0.614051 0.603879 0.595449 0.588650 0.583394 0.579615 0.577267 0.576320 0.576764 0.578603 0.581860 0.586575 0.592807 0.600636 0.610163 0.621520 0.634865 0.650397 0.668359 0.689048 0.712831 0.717756 0.720939 0.725906 0.732719 0.741465 0.752256 0.765236 0.780586 0.798527 0.819333 0.843338 0.870954 0.902688 0.939170 0.981188 1.000000 0.951828 0.910175 0.874032 0.842603 0.815251 0.791466 0.770834 0.753018 0.737744 0.724789 0.713971 0.705146 0.698197 0.693037 0.689602 0.687850 0.687760 0.680046 0.673713 0.669094 0.666132 0.664791 0.665053 0.666924 0.670424 0.675598 0.682509 0.691245 0.691847 0.686734 0.683331 0.681594 0.681505 0.683060 0.686280 0.691203 0.697891 0.706428 0.708836 0.697006 0.687194 11609.500000 1.278451 0.869815
0.907861 0.959458 0.920374 0.878474 0.842163 0.810610 0.783155 0.759268 0.738521 0.720568 0.705125 0.691962 0.680892 0.671764 0.664456 0.658877 0.654954 0.652641 0.651910 0.652750 0.655174 0.659209 0.664906 0.672337 0.681595 0.692805 0.706119 0.721728 0.712997 0.701319 0.691657 0.683883 0.677897 0.673623 0.671009 0.670024 0.670654 0.672909 0.676814 0.682419 0.689793 0.699031 0.710253 0.723614 0.739302 0.740785 0.718202 0.698588 0.681616 0.667017 0.654575 0.644112 0.635484 0.628579 0.623308 0.619605 0.617425 0.616740 0.617543 0.619843 0.623668 0.629066 0.636104 0.644872 0.655486 0.668092 0.682870 0.700041 0.719877 0.742711 0.768955 0.799116 0.833831 0.873901 0.920344 0.974481 1.000000 0.938090 0.885408 0.840245 0.801302 0.767577 0.738282 0.712795 0.690618 0.671347 0.654657 0.640282 0.628005 0.617650 0.609074 0.602165 0.596831 0.593008 0.590647 0.589719 0.590215 0.592139 0.595514 0.600384 0.606807 0.614867 0.624668 0.636345 0.650063 0.650277 0.641004 0.633496 0.627656 0.623412 0.620709 0.619517 0.619819 0.621619 0.624940 0.629822 0.636326 0.644535 0.654555 0.666524 0.680608 0.697016 0.716002 0.737878 0.763030 0.791932 0.825176 0.863505 712.500000 1.188962 0.792588
0.746797 0.757404 0.770199 0.785359 0.803101 0.823693 0.847464 0.843586 0.832612 0.823878 0.817275 0.812719 0.810154 0.809549 0.810897 0.814215 0.819543 0.826945 0.836517 0.848380 0.862693 0.859106 0.854008 0.851008 0.850071 0.851183 0.854360 0.859639 0.867085 0.876793 0.888886 0.903524 0.920908 0.928412 0.906897 0.888448 0.872796 0.859721 0.849047 0.840635 0.834379 0.830201 0.828049 0.827897 0.829744 0.833612 0.839548 0.847627 0.857949 0.853709 0.835738 0.820444 0.807611 0.797063 0.788663 0.782303 0.777904 0.775411 0.774795 0.776048 0.779186 0.784246 0.791290 0.800409 0.811718 0.825368 0.840606 0.820138 0.802530 0.787520 0.774894 0.764479 0.756137 0.749763 0.745275 0.742619 0.741763 0.742695 0.745429 0.749995 0.756452 0.764880 0.775386 0.788110 0.803226 0.820950 0.841546 0.865341 0.892734 0.924218 0.960401 1.000000 0.971848 0.947457 0.926438 0.908472 0.893301 0.880715 0.870547 0.862665 0.856971 0.853394 0.851891 0.852443 0.855057 0.859764 0.866623 0.875719 0.887168 0.901120 0.893246 0.863498 0.837621 0.815156 0.795731 0.779044 0.764847 0.752939 0.743160 0.735380 0.729501 0.725448 0.723173 0.722648 0.723866 0.726842 0.731613 0.738237 1196.000000 1.167169 0.911295
0.944279 0.949023 0.924900 0.904097 0.886297 0.871243 0.858727 0.848580 0.840671 0.834902 0.831199 0.829520 0.829842 0.832170 0.836531 0.842981 0.851598 0.862492 0.875806 0.891720 0.910456 0.932291 0.957562 0.929787 0.896688 0.867883 0.842838 0.821121 0.802380 0.786327 0.772728 0.761396 0.752176 0.744951 0.739627 0.736141 0.734448 0.734528 0.736382 0.740033 0.745526 0.752928 0.762334 0.773865 0.787677 0.803963 0.822962 0.844965 0.870331 0.899501 0.923061 0.896626 0.873708 0.853939 0.837017 0.822696 0.810777 0.801101 0.793542 0.788005 0.784421 0.782747 0.782963 0.785070 0.789095 0.795087 0.803120 0.813296 0.825748 0.840644 0.858193 0.878652 0.902337 0.929637 0.961027 0.997097 1.000000 0.961824 0.928611 0.899710 0.874597 0.852847 0.834113 0.818112 0.804616 0.793439 0.784432 0.777479 0.772492 0.769411 0.768198 0.768838 0.771339 0.775731 0.782068 0.790429 0.800922 0.813683 0.828887 0.846749 0.867533 0.891565 0.914643 0.884930 0.859091 0.836676 0.817320 0.800725 0.786648 0.774892 0.765298 0.757743 0.752129 0.748387 0.746472 0.746361 0.748051 0.751563 0.756941 0.764250 0.773584 0.785064 0.798843 0.815113 0.834110 0.856126 0.881517 0.910721 6395.000000 1.121745 0.860153
0.799221 0.823050 0.809147 0.797595 0.788240 0.780962 0.775668 0.772294 0.770797 0.771161 0.773390 0.777509 0.783571 0.791650 0.801849 0.814302 0.829176 0.846682 0.867077 0.890677 0.917872 0.949137 0.930419 0.891866 0.858367 0.829219 0.803858 0.781830 0.762765 0.746364 0.732380 0.720615 0.710907 0.703129 0.697180 0.692987 0.690497 0.689681 0.690529 0.693050 0.682492 0.670266 0.660032 0.651652 0.645017 0.640042 0.636665 0.634844 0.634559 0.635805 0.638597 0.642970 0.648977 0.656694 0.666221 0.677686 0.691247 0.707099 0.725485 0.746699 0.771104 0.799149 0.831390 0.821434 0.803171 0.787558 0.774370 0.763426 0.754579 0.747716 0.742750 0.739619 0.738285 0.738733 0.740968 0.745016 0.750928 0.758777 0.768663 0.780716 0.795099 0.812014 0.831712 0.854500 0.880753 0.910934 0.945616 0.985511 1.000000 0.941952 0.892305 0.849574 0.812616 0.780542 0.752648 0.728374 0.707266 0.688961 0.673160 0.659621 0.648146 0.638576 0.630782 0.624663 0.620141 0.617160 0.615684 0.615694 0.617191 0.620194 0.624738 0.630880 0.638698 0.648294 0.659796 0.673366 0.678052 0.677856 0.679295 0.682389 0.687173 0.693708 0.702076 0.712386 0.724775 0.739415 0.756519 0.776348 5443.000000 1.183584 0.840584
0.766985 0.829627 0.905789 1.000000 0.955700 0.877774 0.813409 0.759544 0.713983 0.675113 0.641723 0.612887 0.587887 0.566156 0.547246 0.530796 0.516514 0.504164 0.493551 0.484519 0.476940 0.470711 0.465750 0.461994 0.459396 0.457924 0.457561 0.458301 0.460154 0.463142 0.467302 0.472687 0.479365 0.487427 0.496981 0.508167 0.521152 0.536143 0.553395 0.573221 0.596010 0.622247 0.652544 0.687685 0.728681 0.776864 0.834023 0.812631 0.766945 0.727783 0.694016 0.664775 0.639375 0.617278 0.598050 0.581341 0.566870 0.554404 0.543757 0.534775 0.527334 0.521337 0.516705 0.513381 0.511323 0.510507 0.510922 0.512573 0.515481 0.519682 0.525227 0.532188 0.540655 0.550745 0.562599 0.576395 0.592346 0.610719 0.631839 0.656109 0.684032 0.716240 0.753536 0.796954 0.847849 0.908025 0.887627 0.814777 0.754658 0.704381 0.661880 0.625638 0.594516 0.567647 0.544356 0.524114 0.506499 0.491175 0.477869 0.466358 0.456463 0.448035 0.440957 0.435130 0.430479 0.426944 0.424481 0.423059 0.422662 0.423284 0.424934 0.427630 0.431407 0.436311 0.442407 0.449774 0.458514 0.468752 0.480642 0.494373 0.510176 0.528339 0.549214 0.573244 0.600987 0.633156 0.670669 0.714739 5775.000000 1.243747 0.593974
0.715166 0.727949 0.743020 0.760600 0.780958 0.773689 0.766699 0.761652 0.758487 0.757164 0.757668 0.760005 0.764203 0.770313 0.778413 0.788605 0.801022 0.815834 0.833249 0.853524 0.868778 0.821701 0.781248 0.746305 0.716005 0.689666 0.666746 0.646808 0.629500 0.614536 0.601683 0.590751 0.581585 0.574061 0.568080 0.563566 0.560463 0.558732 0.558354 0.559322 0.561649 0.565363 0.572423 0.581883 0.593113 0.606275 0.621566 0.639228 0.659559 0.682924 0.709778 0.740689 0.776369 0.817731 0.865951 0.922577 0.989678 1.000000 0.953192 0.912670 0.877480 0.846868 0.820229 0.797077 0.777016 0.759726 0.744944 0.732457 0.722093 0.713713 0.707210 0.702501 0.699529 0.695340 0.682581 0.671870 0.663064 0.656045 0.650724 0.647035 0.644933 0.644392 0.645405 0.647985 0.652163 0.657991 0.665541 0.674912 0.686227 0.688132 0.680860 0.675351 0.671535 0.669365 0.668815 0.669879 0.672569 0.676917 0.682979 0.690829 0.700570 0.712329 0.726270 0.742591 0.761540 0.783419 0.808597 0.837531 0.858825 0.828280 0.801699 0.778588 0.758548 0.741255 0.726444 0.713900 0.703447 0.694946 0.688286 0.683384 0.680178 0.678629 0.678718 0.680447 0.683836 0.688927 0.695784 0.704492 6897.000000 1.122028 0.809593
0.935215 0.894172 0.858561 0.827596 0.800648 0.777213 0.756883 0.739324 0.724268 0.711492 0.700818 0.692102 0.685231 0.680117 0.676697 0.674929 0.674792 0.676284 0.679423 0.684247 0.690817 0.699214 0.709549 0.721959 0.736617 0.753736 0.773578 0.796463 0.822786 0.835823 0.795728 0.761054 0.730963 0.704794 0.682021 0.662218 0.645043 0.630217 0.617511 0.606740 0.597753 0.590431 0.584677 0.580419 0.577604 0.576198 0.576183 0.577559 0.580344 0.584571 0.590292 0.597580 0.606530 0.617261 0.629925 0.644704 0.661826 0.681569 0.704275 0.730366 0.760367 0.794936 0.834904 0.881340 0.935633 0.999619 1.000000 0.950866 0.908420 0.871612 0.839614 0.811769 0.787548 0.766524 0.748349 0.732740 0.719467 0.708342 0.699215 0.691966 0.686502 0.682756 0.680682 0.680254 0.681467 0.684336 0.688896 0.695204 0.703338 0.713403 0.725534 0.739898 0.756702 0.765703 0.736335 0.710786 0.688554 0.669234 0.652497 0.638077 0.625755 0.615355 0.606732 0.599773 0.594387 0.590507 0.588085 0.587091 0.587514 0.589357 0.592645 0.597417 0.603733 0.611673 0.621341 0.632870 0.646420 0.662194 0.680437 0.701452 0.725610 0.753370 0.785307 0.822139 0.864782 0.914415 0.972577 0.982688 1232.000000 1.316775 0.756845
0.912382 0.848779 0.795257 0.749783 0.710849 0.677309 0.648283 0.623083 0.601162 0.582086 0.565503 0.551131 0.538736 0.528131 0.519162 0.511705 0.505660 0.500948 0.497511 0.495307 0.494307 0.494500 0.495888 0.498489 0.502333 0.507469 0.513963 0.521898 0.531382 0.542549 0.555562 0.570623 0.587980 0.607936 0.630867 0.657242 0.687647 0.722828 0.763741 0.811637 0.868173 0.935597 1.000000 0.913635 0.842872 0.784035 0.734530 0.692475 0.656470 0.625457 0.598619 0.575318 0.555051 0.537413 0.522081 0.508791 0.497330 0.487521 0.479225 0.472325 0.466729 0.462365 0.459178 0.457129 0.456191 0.456355 0.457621 0.460006 0.463539 0.468263 0.474238 0.481543 0.490276 0.500560 0.512546 0.526420 0.542408 0.560791 0.581915 0.606210 0.634217 0.666621 0.704302 0.748409 0.800468 0.862543 0.937503 0.966492 0.895313 0.835775 0.785436 0.742504 0.705633 0.673798 0.646201 0.622215 0.601343 0.583185 0.567419 0.553781 0.542059 0.532078 0.523697 0.516802 0.511301 0.507126 0.504222 0.502556 0.502106 0.502868 0.504849 0.508076 0.512586 0.518438 0.525706 0.534486 0.544900 0.557096 0.571259 0.587613 0.606435 0.628065 0.652927 0.681548 0.714594 0.752914 0.797607 0.850117 1290.500000 1.130304 0.601181
0.827206 0.846076 0.831297 0.818964 0.808913 0.801011 0.795159 0.791285 0.789341 0.789303 0.791170 0.794967 0.800738 0.808556 0.818520 0.796870 0.770215 0.747028 0.726895 0.709484 0.694521 0.681785 0.671095 0.662306 0.655303 0.649996 0.646318 0.644226 0.643692 0.644711 0.647295 0.651476 0.657305 0.664856 0.674225 0.685537 0.698947 0.714649 0.708174 0.696718 0.687256 0.679663 0.673842 0.669719 0.667244 0.666387 0.667137 0.669504 0.673515 0.679222 0.686694 0.696028 0.707346 0.720804 0.736593 0.754949 0.776160 0.800583 0.813888 0.780868 0.752164 0.727186 0.705458 0.686597 0.670291 0.656285 0.644374 0.634388 0.626193 0.619681 0.614768 0.611394 0.609517 0.609115 0.613794 0.622206 0.632396 0.644504 0.658703 0.675204 0.694269 0.716218 0.741444 0.770436 0.803803 0.842312 0.886940 0.938950 1.000000 0.961702 0.902578 0.852237 0.809061 0.771819 0.739558 0.711530 0.687145 0.665927 0.647493 0.631532 0.617792 0.606066 0.596187 0.588018 0.581452 0.576404 0.572005 0.565759 0.560984 0.557621 0.555629 0.554984 0.555677 0.557717 0.561129 0.565955 0.572255 0.580110 0.589624 0.600927 0.614181 0.629583 0.647377 0.667862 0.691406 0.718465 0.749607 0.785550 7941.500000 1.214598 0.793975
0.923250 0.952974 0.962925 0.940341 0.920960 0.904497 0.890720 0.879443 0.870520 0.863835 0.859308 0.856880 0.856524 0.858235 0.862034 0.867967 0.876108 0.886558 0.899454 0.914967 0.933313 0.907646 0.876240 0.848912 0.825164 0.804594 0.786875 0.771738 0.758967 0.748384 0.739851 0.733257 0.728519 0.725578 0.724400 0.724968 0.726778 0.729783 0.734589 0.741257 0.749870 0.760539 0.773406 0.788649 0.806486 0.827188 0.851086 0.878584 0.910185 0.946509 0.988333 0.979400 0.946110 0.917145 0.891986 0.870211 0.851476 0.835501 0.822059 0.810965 0.802073 0.795269 0.790468 0.787610 0.786661 0.787610 0.790468 0.795269 0.802073 0.810965 0.822059 0.835501 0.851476 0.870211 0.891986 0.917145 0.946110 0.979400 1.000000 0.966697 0.937726 0.912576 0.890830 0.872149 0.856255 0.842924 0.831976 0.823267 0.816685 0.812148 0.801294 0.789164 0.779245 0.771408 0.765553 0.761607 0.759522 0.759272 0.760855 0.764289 0.769618 0.776905 0.786245 0.797757 0.811595 0.827952 0.847064 0.869223 0.867969 0.849709 0.834170 0.821132 0.810418 0.801886 0.795428 0.790964 0.788439 0.787821 0.789105 0.792304 0.797458 0.804630 0.813912 0.825422 0.839313 0.855776 0.875049 0.897421 4236.000000 1.106078 0.870384
0.864199 0.846342 0.831170 0.818469 0.808068 0.799831 0.793653 0.789456 0.787191 0.786828 0.788364 0.791818 0.797230 0.804669 0.814229 0.826032 0.840236 0.857038 0.876681 0.899464 0.925751 0.955994 0.990747 0.990624 0.963650 0.940312 0.920242 0.903141 0.888766 0.876921 0.867450 0.860232 0.855176 0.852220 0.851328 0.852490 0.855719 0.861055 0.868563 0.878338 0.890506 0.905227 0.922702 0.943183 0.966976 0.975191 0.955763 0.939313 0.925611 0.914475 0.905760 0.899356 0.895183 0.893190 0.893354 0.895675 0.900183 0.906933 0.916008 0.927524 0.941630 0.958516 0.953046 0.921072 0.893257 0.869104 0.848213 0.830256 0.814966 0.802127 0.791563 0.783136 0.776738 0.772289 0.769735 0.769043 0.770208 0.773241 0.778180 0.785086 0.794047 0.805176 0.818621 0.834568 0.853245 0.874934 0.899978 0.928801 0.961927 1.000000 0.995431 0.972413 0.952679 0.935940 0.921962 0.910557 0.901575 0.894904 0.890461 0.888190 0.888065 0.890084 0.894272 0.900679 0.909385 0.920501 0.934169 0.950575 0.943382 0.926539 0.912447 0.900915 0.891792 0.884963 0.880342 0.877874 0.877527 0.879298 0.883208 0.889305 0.897664 0.908392 0.921625 0.937543 0.956364 0.936820 0.909079 0.885004 1025.000000 1.173653 0.894279
0.886651 0.898758 0.903469 0.890066 0.879142 0.870554 0.864194 0.859984 0.857870 0.857829 0.859859 0.863985 0.870257 0.878754 0.889583 0.902883 0.918835 0.912624 0.901343 0.892461 0.885865 0.881474 0.879235 0.879119 0.881126 0.885279 0.891630 0.900257 0.911270 0.924811 0.915997 0.901282 0.889141 0.879412 0.871972 0.866728 0.863614 0.862593 0.863653 0.866806 0.872091 0.879573 0.889345 0.901533 0.916298 0.933841 0.954414 0.977440 0.960276 0.945944 0.934250 0.925044 0.918208 0.913657 0.911335 0.911215 0.913295 0.917600 0.924183 0.933125 0.944540 0.958575 0.975419 0.967567 0.940505 0.917065 0.896873 0.879625 0.865072 0.853015 0.843292 0.835780 0.830383 0.827035 0.825695 0.826347 0.828998 0.833682 0.840455 0.849402 0.860637 0.870008 0.861187 0.854580 0.850107 0.847712 0.847365 0.849064 0.852828 0.858704 0.866764 0.877109 0.889875 0.905230 0.923388 0.944612 0.964237 0.948456 0.935401 0.924898 0.916812 0.911043 0.907518 0.906195 0.907058 0.910117 0.915410 0.923001 0.932986 0.945492 0.960683 0.978767 1.000000 0.975584 0.951742 0.931226 0.913732 0.899008 0.886854 0.877110 0.869649 0.864379 0.861235 0.860178 0.861196 0.864301 0.869531 0.876950 595.500000 1.029080 0.939613
0.802360 0.834801 0.872166 0.915341 0.951250 0.925479 0.903186 0.884021 0.867699 0.853990 0.842705 0.833697 0.826851 0.822080 0.819327 0.818557 0.819762 0.822956 0.828177 0.835491 0.844990 0.856794 0.871062 0.887987 0.907814 0.916296 0.880779 0.849884 0.822998 0.799628 0.779374 0.761912 0.746974 0.734347 0.723854 0.715355 0.708742 0.703930 0.700860 0.699494 0.699817 0.701831 0.705561 0.711054 0.718377 0.727623 0.738914 0.752402 0.768277 0.786773 0.808176 0.790309 0.770900 0.754194 0.739942 0.727940 0.718023 0.710061 0.703950 0.699615 0.697001 0.696078 0.696833 0.699277 0.703439 0.709369 0.717143 0.726859 0.738646 0.752665 0.769116 0.788242 0.810346 0.835798 0.865051 0.898670 0.937357 0.981997 1.000000 0.964269 0.933174 0.906136 0.882688 0.862448 0.845106 0.830408 0.818150 0.808168 0.800331 0.794540 0.790724 0.788835 0.788851 0.790773 0.794622 0.800448 0.808321 0.818341 0.830639 0.845380 0.846562 0.812580 0.783034 0.757322 0.734959 0.715553 0.698786 0.684397 0.672176 0.661951 0.653582 0.646962 0.642006 0.638652 0.636859 0.636606 0.637888 0.640723 0.645144 0.651206 0.658986 0.668585 0.680129 0.693780 0.709735 0.728237 0.749584 0.774141 3416.500000 1.274406 0.845204
0.720639 0.712755 0.706725 0.702474 0.699950 0.699123 0.699982 0.702537 0.706821 0.712885 0.720805 0.730683 0.742650 0.756869 0.773543 0.792921 0.815310 0.841086 0.870710 0.904756 0.943940 0.946586 0.866422 0.800555 0.745664 0.699394 0.660028 0.626286 0.597195 0.572003 0.550122 0.531086 0.514521 0.500127 0.493300 0.499200 0.506478 0.515231 0.525580 0.537676 0.551702 0.567884 0.586499 0.607890 0.632482 0.660807 0.693537 0.731532 0.775910 0.828143 0.890215 0.964860 1.000000 0.943163 0.894479 0.852527 0.816212 0.784678 0.757246 0.733374 0.712626 0.694647 0.679148 0.665896 0.654697 0.645398 0.637875 0.632030 0.641024 0.652741 0.666531 0.682595 0.701184 0.722604 0.747230 0.775528 0.808077 0.845604 0.877587 0.838024 0.803727 0.773919 0.747979 0.725413 0.705819 0.688872 0.674306 0.661905 0.651493 0.642928 0.636098 0.630915 0.627316 0.626392 0.629359 0.633889 0.640037 0.647882 0.657525 0.669096 0.682756 0.698703 0.717183 0.738493 0.763004 0.791169 0.823552 0.860863 0.842047 0.815148 0.791762 0.771488 0.753997 0.739022 0.726347 0.715794 0.707223 0.700523 0.695608 0.692418 0.690914 0.691078 0.692912 0.696437 0.701698 0.708760 0.717711 0.728670 1725.500000 1.020740 0.695324
0.851286 0.865577 0.844423 0.826221 0.810700 0.797636 0.786853 0.778207 0.771587 0.766912 0.764122 0.763184 0.764087 0.766842 0.771482 0.778065 0.786672 0.774111 0.755192 0.738914 0.725032 0.713349 0.703705 0.695973 0.690053 0.685871 0.683376 0.682537 0.683345 0.685809 0.689959 0.691954 0.683404 0.676673 0.671675 0.668350 0.666655 0.666570 0.668095 0.671247 0.676066 0.682611 0.690965 0.701236 0.713562 0.724207 0.725969 0.729502 0.734849 0.742075 0.751273 0.762562 0.776093 0.792056 0.810683 0.832261 0.857140 0.885753 0.918631 0.956436 1.000000 0.974423 0.929018 0.889704 0.855560 0.825855 0.800007 0.777544 0.758084 0.741317 0.726989 0.714894 0.704866 0.696770 0.690502 0.685984 0.683160 0.681995 0.682476 0.684608 0.688416 0.693922 0.686509 0.680877 0.676953 0.674691 0.674062 0.675058 0.677693 0.681998 0.688027 0.695854 0.705580 0.717335 0.731280 0.747614 0.766584 0.788491 0.776837 0.764049 0.753462 0.744933 0.738354 0.733643 0.730740 0.729611 0.730242 0.732641 0.736836 0.742880 0.750848 0.760841 0.772991 0.787463 0.798724 0.789583 0.782513 0.777425 0.774256 0.772967 0.773542 0.775990 0.780339 0.786642 0.794979 0.805456 0.818211 0.833415 3983.000000 1.125922 0.892848
0.840445 0.803721 0.771854 0.744142 0.720025 0.699054 0.680863 0.665158 0.651694 0.640277 0.630747 0.622975 0.616860 0.612324 0.609312 0.607787 0.607729 0.609139 0.612034 0.616448 0.622437 0.630076 0.639464 0.650728 0.664024 0.679547 0.697532 0.718274 0.742129 0.769541 0.801059 0.837373 0.879354 0.928121 0.914828 0.874472 0.839464 0.809024 0.782534 0.759495 0.739505 0.722235 0.707419 0.694839 0.684318 0.675715 0.668916 0.663837 0.660413 0.658602 0.658384 0.659754 0.662730 0.667348 0.673665 0.681761 0.691740 0.703737 0.717917 0.734486 0.753697 0.775859 0.801352 0.830647 0.864327 0.903121 0.947951 1.000000 0.972777 0.919212 0.873232 0.833545 0.799151 0.769262 0.743254 0.720627 0.700975 0.683971 0.669346 0.656884 0.646405 0.637768 0.630859 0.625588 0.621891 0.619721 0.619053 0.619878 0.622205 0.626065 0.631503 0.638589 0.647412 0.658091 0.670771 0.685633 0.702901 0.722847 0.745807 0.772196 0.797516 0.779929 0.764903 0.752224 0.741715 0.733239 0.726684 0.721970 0.719038 0.717851 0.718397 0.720680 0.724730 0.730596 0.738351 0.748093 0.759951 0.774087 0.790699 0.810033 0.832393 0.858148 0.887755 0.921778 0.960920 0.989995 0.932269 0.882914 18256.000000 1.172077 0.761393
0.776079 0.775337 0.769796 0.766167 0.764405 0.764489 0.766419 0.770219 0.775936 0.783639 0.793429 0.805430 0.819806 0.836757 0.856530 0.879430 0.905831 0.936191 0.971078 0.978251 0.933583 0.894878 0.861247 0.831984 0.806524 0.784409 0.765269 0.748801 0.734760 0.722946 0.713196 0.705383 0.699406 0.695190 0.692683 0.691855 0.692695 0.695215 0.699444 0.705435 0.713262 0.723027 0.734857 0.748915 0.765402 0.784563 0.806701 0.832189 0.810939 0.786169 0.764655 0.746036 0.730020 0.716366 0.704880 0.695406 0.687818 0.682020 0.677937 0.675521 0.674742 0.675591 0.678077 0.682231 0.688105 0.695771 0.696663 0.698857 0.702764 0.708430 0.715928 0.725352 0.736826 0.750506 0.766586 0.785303 0.806949 0.831883 0.860547 0.893486 0.931380 0.975083 1.000000 0.958827 0.923046 0.891910 0.864822 0.841298 0.820945 0.803444 0.788533 0.776001 0.765676 0.757424 0.751138 0.746739 0.744174 0.743412 0.744442 0.747279 0.751955 0.758529 0.767083 0.777728 0.790603 0.766506 0.744761 0.725916 0.709668 0.695772 0.684025 0.674266 0.666365 0.660218 0.655749 0.652903 0.651644 0.651957 0.653847 0.657336 0.662467 0.669304 0.677934 0.688469 0.701052 0.715861 0.733113 0.753076 975.500000 1.227741 0.846602
1.000000 0.882265 0.791038 0.718477 0.659566 0.610943 0.570276 0.535896 0.506577 0.481399 0.459660 0.440816 0.424438 0.410186 0.397788 0.387022 0.377709 0.369704 0.362887 0.357162 0.352451 0.348691 0.345835 0.343847 0.342703 0.342388 0.342899 0.344243 0.346435 0.349502 0.353483 0.358430 0.364407 0.371497 0.379801 0.389445 0.400582 0.413400 0.428130 0.445061 0.464552 0.487054 0.513147 0.543577 0.579328 0.621716 0.669263 0.643196 0.620522 0.600791 0.583638 0.568770 0.555947 0.544973 0.535689 0.527967 0.521704 0.516818 0.513247 0.510948 0.509892 0.510067 0.511475 0.514132 0.518072 0.523344 0.530013 0.538168 0.547918 0.559401 0.572785 0.588277 0.606131 0.626660 0.650249 0.677379 0.708654 0.744837 0.786912 0.720518 0.653884 0.599854 0.555307 0.518081 0.486631 0.459825 0.436816 0.416956 0.399745 0.384788 0.371774 0.360451 0.350617 0.342108 0.334790 0.328553 0.323308 0.318985 0.315526 0.312887 0.311035 0.309947 0.309610 0.310020 0.311181 0.313108 0.315825 0.319365 0.323775 0.329112 0.335450 0.342878 0.351510 0.361480 0.372957 0.386148 0.401308 0.418757 0.438898 0.462244 0.489459 0.521414 0.559273 0.604632 0.659728 0.727799 0.813721 0.925173 5219.500000 1.766557 0.539059
0.848224 0.812651 0.781749 0.754863 0.731468 0.711142 0.693540 0.678384 0.665444 0.654537 0.645511 0.638247 0.632652 0.628656 0.626209 0.625282 0.625862 0.627958 0.631595 0.636818 0.643691 0.652302 0.662766 0.651769 0.634928 0.620392 0.607938 0.597385 0.588586 0.581423 0.575803 0.571654 0.568926 0.567584 0.567613 0.569012 0.571800 0.576009 0.581693 0.588923 0.597793 0.604526 0.602446 0.601824 0.602655 0.604946 0.608728 0.614045 0.620966 0.629578 0.639996 0.652363 0.666855 0.683690 0.703135 0.725517 0.751241 0.780805 0.814836 0.854120 0.899660 0.952754 1.000000 0.941494 0.891485 0.848462 0.811264 0.778989 0.750924 0.726499 0.705259 0.686834 0.670922 0.657278 0.645702 0.636033 0.628140 0.621920 0.617295 0.614207 0.612618 0.612509 0.613879 0.616745 0.621140 0.627120 0.634760 0.644160 0.642139 0.625201 0.610566 0.598009 0.587344 0.578422 0.571123 0.565350 0.561031 0.558112 0.556557 0.556347 0.557479 0.559969 0.563844 0.569155 0.575967 0.584370 0.594474 0.606420 0.620382 0.627505 0.631151 0.636381 0.643262 0.651881 0.662351 0.674815 0.689450 0.706473 0.726152 0.748815 0.774864 0.804800 0.839245 0.878982 0.925009 0.978610 0.936916 0.889294 14026.000000 1.370481 0.790392
1.000000 0.966645 0.905459 0.853491 0.809008 0.770697 0.737547 0.708768 0.683736 0.661952 0.643015 0.626599 0.612438 0.600318 0.590062 0.581528 0.574602 0.569194 0.565236 0.562678 0.561491 0.561658 0.563183 0.566084 0.570396 0.576172 0.583487 0.592436 0.603139 0.615747 0.630444 0.647458 0.667068 0.689615 0.715524 0.745322 0.740580 0.721393 0.704830 0.690637 0.678607 0.668572 0.660398 0.653977 0.649229 0.646094 0.644535 0.644533 0.646087 0.649216 0.653959 0.660374 0.668543 0.678572 0.690595 0.704780 0.721335 0.740513 0.762626 0.788057 0.817280 0.850882 0.889601 0.934370 0.986385 0.930751 0.877069 0.831136 0.791586 0.757371 0.727671 0.701840 0.679360 0.659816 0.642871 0.628250 0.615729 0.605127 0.596296 0.589118 0.583500 0.579370 0.576678 0.575391 0.575492 0.576984 0.579885 0.584229 0.590071 0.597485 0.606568 0.617441 0.630257 0.645204 0.662512 0.682464 0.705407 0.731770 0.748240 0.725844 0.706403 0.689593 0.675154 0.662871 0.652571 0.644114 0.637390 0.632312 0.628817 0.626862 0.626424 0.627498 0.630095 0.634249 0.640009 0.647449 0.656665 0.667779 0.680945 0.696351 0.714231 0.734870 0.758620 0.785912 0.817284 0.853407 0.895126 0.943523 5197.500000 1.362408 0.751356
0.813813 0.833680 0.818174 0.805138 0.794396 0.785804 0.779253 0.774661 0.771972 0.771154 0.772195 0.775108 0.779930 0.786719 0.795561 0.806569 0.819889 0.835704 0.854239 0.875772 0.900645 0.929276 0.962181 1.000000 0.956944 0.915271 0.879107 0.847656 0.820285 0.796486 0.775845 0.758027 0.742758 0.729815 0.719019 0.710223 0.703314 0.698203 0.694829 0.693148 0.693141 0.694809 0.698170 0.703266 0.710161 0.718942 0.729722 0.742647 0.757897 0.775694 0.774536 0.759992 0.747753 0.737651 0.729552 0.723352 0.718975 0.716365 0.715492 0.716345 0.718934 0.723290 0.729468 0.737544 0.747622 0.759835 0.773758 0.767313 0.762797 0.760155 0.759354 0.760384 0.763258 0.768012 0.774703 0.783415 0.794262 0.807384 0.822964 0.841223 0.862436 0.886938 0.915143 0.947557 0.948330 0.917904 0.891451 0.868513 0.848719 0.831767 0.817410 0.805447 0.795718 0.788098 0.782489 0.778823 0.777054 0.777161 0.779145 0.783031 0.788866 0.796722 0.806699 0.808612 0.782765 0.760294 0.740813 0.724005 0.709615 0.697433 0.687290 0.679050 0.672607 0.667879 0.664807 0.663354 0.663502 0.665253 0.668629 0.673670 0.680440 0.689024 0.699534 0.712111 0.726933 0.744215 0.764225 0.787291 5959.500000 1.194393 0.874130
0.806916 0.823448 0.837671 0.789226 0.747782 0.712103 0.681240 0.654452 0.631154 0.610879 0.593251 0.577965 0.564773 0.553474 0.543903 0.535926 0.529437 0.524351 0.520604 0.518150 0.516958 0.518106 0.520790 0.524772 0.530102 0.536849 0.545099 0.554965 0.566585 0.580129 0.595807 0.613876 0.634652 0.658525 0.685982 0.689845 0.693269 0.698417 0.705355 0.714170 0.724977 0.737921 0.753183 0.770986 0.791604 0.815374 0.842708 0.874117 0.910237 0.951861 1.000000 0.929354 0.866081 0.812707 0.767271 0.728308 0.694704 0.665597 0.640311 0.618311 0.599169 0.582537 0.575083 0.570820 0.567978 0.566522 0.566435 0.567715 0.570378 0.574457 0.580002 0.587083 0.595792 0.606246 0.618590 0.633004 0.649708 0.668973 0.691131 0.716593 0.745868 0.777278 0.750020 0.726300 0.705682 0.687813 0.672407 0.659229 0.648089 0.638833 0.631337 0.625504 0.621261 0.618556 0.617354 0.617643 0.619424 0.622721 0.627572 0.631897 0.634143 0.637947 0.643357 0.650439 0.659285 0.670011 0.682764 0.697726 0.715119 0.735218 0.758360 0.784958 0.815525 0.807528 0.793422 0.781651 0.772058 0.764516 0.758931 0.755233 0.753377 0.753341 0.755124 0.758747 0.764256 0.771717 0.781227 0.792908 580.000000 1.251480 0.783663
0.745426 0.757124 0.771082 0.767002 0.754953 0.745044 0.737144 0.731152 0.726995 0.724620 0.724000 0.725126 0.728012 0.732693 0.739227 0.747696 0.758210 0.770907 0.785962 0.803591 0.824060 0.847695 0.874895 0.906154 0.922200 0.913613 0.907349 0.903332 0.901513 0.901869 0.904405 0.909152 0.916168 0.925540 0.908519 0.888936 0.872235 0.858181 0.846579 0.837276 0.830154 0.825124 0.822122 0.821113 0.822085 0.825049 0.830042 0.837124 0.846384 0.857942 0.871949 0.867995 0.839430 0.814584 0.793023 0.774391 0.758400 0.744814 0.733441 0.724129 0.716756 0.711228 0.707475 0.705452 0.705135 0.706520 0.709622 0.714481 0.721156 0.729732 0.740319 0.753059 0.768128 0.760706 0.752936 0.747104 0.743139 0.740991 0.740634 0.742065 0.745300 0.750380 0.757366 0.766347 0.777439 0.790789 0.806584 0.825050 0.846468 0.871183 0.899617 0.932292 0.969854 1.000000 0.972934 0.949523 0.929397 0.912260 0.897866 0.886022 0.876570 0.869389 0.864391 0.861514 0.860722 0.862007 0.865383 0.870893 0.878603 0.888610 0.867970 0.840700 0.816999 0.796464 0.778766 0.763637 0.750859 0.740256 0.731686 0.725039 0.720232 0.717204 0.715919 0.716361 0.718536 0.722469 0.728210 0.735830 12414.000000 1.298283 0.904020
0.872009 0.886579 0.855488 0.828432 0.804915 0.784534 0.766961 0.751930 0.739224 0.728666 0.720116 0.713463 0.708623 0.705537 0.704167 0.704496 0.706528 0.710288 0.715822 0.723198 0.732512 0.743883 0.757468 0.773455 0.792081 0.813635 0.838471 0.867026 0.899838 0.937579 0.981092 0.942769 0.900000 0.862932 0.830718 0.802687 0.778300 0.757121 0.738797 0.723040 0.709614 0.698330 0.689033 0.681601 0.675938 0.671974 0.669661 0.668969 0.669891 0.672437 0.676639 0.682549 0.690241 0.699813 0.711392 0.725137 0.741244 0.759956 0.781568 0.806446 0.835037 0.867897 0.905721 0.949383 1.000000 0.958543 0.913035 0.873662 0.839483 0.809755 0.783884 0.761392 0.741893 0.725070 0.710668 0.698477 0.688327 0.680082 0.673637 0.668909 0.665839 0.664392 0.664547 0.666309 0.669697 0.674754 0.681542 0.690148 0.700683 0.713291 0.728146 0.745467 0.765522 0.788638 0.815219 0.845762 0.880888 0.921374 0.968206 0.981315 0.936960 0.898512 0.865097 0.836020 0.810724 0.788758 0.769756 0.753421 0.739509 0.727823 0.718205 0.710526 0.704690 0.700622 0.698274 0.697617 0.698643 0.701363 0.705812 0.712044 0.720138 0.730196 0.742354 0.756777 0.773673 0.793295 0.815955 0.842036 1404.500000 1.030938 0.778915
0.686622 0.664145 0.644596 0.627634 0.612981 0.600410 0.589736 0.580810 0.573511 0.567744 0.563436 0.560533 0.558999 0.558817 0.559983 0.562512 0.566434 0.571799 0.578674 0.587148 0.597334 0.609374 0.623442 0.639752 0.658569 0.647729 0.637307 0.628707 0.621813 0.616538 0.612816 0.610601 0.609865 0.610601 0.612816 0.616538 0.621813 0.628707 0.637307 0.647729 0.660113 0.674637 0.691519 0.711023 0.733478 0.759287 0.788948 0.823084 0.862479 0.908133 0.961336 1.000000 0.916223 0.847281 0.789758 0.741221 0.699893 0.664446 0.633871 0.607384 0.584373 0.564353 0.546932 0.531798 0.518694 0.507414 0.497788 0.489678 0.482972 0.477583 0.473441 0.470494 0.468705 0.468053 0.468531 0.470143 0.472909 0.476864 0.482056 0.488553 0.496439 0.505823 0.513914 0.517390 0.522179 0.528342 0.535959 0.545132 0.555986 0.568680 0.583405 0.600397 0.619948 0.642414 0.668241 0.697982 0.732341 0.772215 0.818766 0.873530 0.938567 0.933447 0.886360 0.845735 0.810537 0.779956 0.753348 0.730196 0.710085 0.692675 0.677693 0.664913 0.654152 0.645265 0.638132 0.632662 0.628788 0.626460 0.625652 0.626352 0.628570 0.632333 0.637686 0.644698 0.653457 0.664079 0.676709 0.691527 5929.000000 1.359668 0.733442
0.997142 0.965057 0.937159 0.912967 0.892087 0.874200 0.859045 0.846410 0.836127 0.828062 0.822113 0.818205 0.816292 0.816350 0.818379 0.806065 0.778898 0.755262 0.734736 0.716978 0.701709 0.688701 0.677770 0.668766 0.661571 0.656093 0.652264 0.650036 0.649382 0.650294 0.652784 0.656882 0.662638 0.670124 0.679437 0.690700 0.704067 0.706847 0.706157 0.707172 0.709901 0.714380 0.720662 0.728828 0.738981 0.751257 0.765823 0.782889 0.802711 0.825603 0.851951 0.882233 0.917036 0.957100 0.947483 0.928424 0.912272 0.898800 0.887828 0.879214 0.872847 0.868650 0.866570 0.866584 0.868689 0.872914 0.879308 0.887951 0.888035 0.869977 0.854656 0.841859 0.831412 0.823181 0.817060 0.812973 0.810871 0.810728 0.812542 0.802860 0.782196 0.764364 0.749091 0.736155 0.725377 0.716611 0.709743 0.704688 0.701382 0.699785 0.699877 0.701659 0.705154 0.710404 0.714490 0.705651 0.698691 0.693521 0.690077 0.688318 0.688221 0.689786 0.693031 0.697996 0.704743 0.713357 0.723950 0.736664 0.751675 0.769203 0.789515 0.806571 0.802002 0.799399 0.798731 0.799989 0.803190 0.808372 0.815598 0.824960 0.836579 0.850607 0.867240 0.886714 0.909324 0.935430 0.965473 1.000000 13647.000000 1.280141 0.901803
0.721520 0.722390 0.725011 0.729415 0.735655 0.743811 0.753986 0.771276 0.791868 0.815608 0.842909 0.874280 0.910354 0.951926 1.000000 0.936333 0.872555 0.818757 0.772963 0.733693 0.699825 0.670490 0.645007 0.622835 0.603543 0.586781 0.572266 0.559768 0.549099 0.542328 0.539054 0.537105 0.536458 0.537105 0.539054 0.542328 0.546968 0.553032 0.560597 0.569764 0.580658 0.593434 0.608284 0.625441 0.645193 0.667895 0.693986 0.720594 0.713833 0.708890 0.705703 0.704233 0.704464 0.706396 0.710055 0.715484 0.722752 0.731950 0.743199 0.756650 0.758342 0.751909 0.747370 0.744668 0.743771 0.744668 0.747370 0.751909 0.758342 0.766750 0.777239 0.789948 0.805052 0.822765 0.843353 0.867140 0.894526 0.926001 0.962175 0.907993 0.855492 0.810576 0.771908 0.738460 0.709428 0.684178 0.662205 0.643100 0.626533 0.612237 0.599991 0.589618 0.580974 0.573942 0.568432 0.564373 0.560126 0.554959 0.551203 0.548810 0.547752 0.548015 0.549604 0.552537 0.556850 0.562596 0.569850 0.578706 0.589283 0.601731 0.616233 0.633013 0.652348 0.674579 0.700123 0.729506 0.763382 0.802585 0.818123 0.798151 0.780967 0.766315 0.753986 0.743811 0.735655 0.729415 0.725011 0.722390 571.500000 1.355841 0.776493
0.613253 0.629048 0.647279 0.668256 0.676275 0.656413 0.639180 0.624294 0.611525 0.600687 0.591626 0.584221 0.578376 0.574015 0.571085 0.569550 0.569391 0.570607 0.573211 0.577237 0.582733 0.589770 0.598437 0.608852 0.621159 0.635536 0.652203 0.671429 0.693545 0.718957 0.748174 0.781830 0.820726 0.865891 0.915781 0.870222 0.830889 0.796793 0.767161 0.741376 0.718944 0.699464 0.682614 0.668128 0.655791 0.645428 0.636898 0.630089 0.624913 0.621307 0.619224 0.618642 0.619551 0.621964 0.625909 0.631435 0.638613 0.647533 0.658314 0.671104 0.686087 0.703488 0.688303 0.659932 0.635277 0.613823 0.595158 0.578949 0.564924 0.552862 0.542585 0.533945 0.526826 0.521133 0.516793 0.513753 0.511974 0.511436 0.512131 0.514068 0.517271 0.521778 0.527647 0.534954 0.543793 0.554288 0.566588 0.580876 0.597381 0.616379 0.638214 0.663308 0.692193 0.725535 0.764187 0.809247 0.862161 0.924864 1.000000 0.975529 0.911347 0.857026 0.810660 0.770815 0.736394 0.706546 0.680598 0.658018 0.638377 0.621327 0.606588 0.593930 0.583165 0.574142 0.566739 0.560858 0.556425 0.553383 0.551697 0.551345 0.552324 0.554644 0.558335 0.563442 0.570029 0.578181 0.588006 0.599641 1554.500000 1.436863 0.734629
0.916771 0.883167 0.853924 0.828487 0.806408 0.787323 0.770935 0.757001 0.745326 0.735752 0.728152 0.722430 0.718514 0.716358 0.715934 0.717237 0.720283 0.725110 0.731777 0.740367 0.750992 0.763794 0.767728 0.755843 0.746090 0.738342 0.732500 0.728491 0.726265 0.725796 0.727079 0.730128 0.734980 0.741697 0.750361 0.761086 0.774013 0.789321 0.807232 0.828014 0.804589 0.783976 0.766192 0.750967 0.738078 0.727347 0.718630 0.711814 0.706812 0.703564 0.702029 0.702188 0.704044 0.707619 0.712957 0.720124 0.729212 0.740338 0.753652 0.769341 0.787636 0.808817 0.833232 0.861307 0.893567 0.930667 0.959171 0.923111 0.891734 0.864433 0.840721 0.820197 0.802539 0.787482 0.774813 0.764356 0.755975 0.749562 0.745037 0.742344 0.741449 0.742344 0.745037 0.749562 0.755975 0.764356 0.774813 0.787482 0.802539 0.815985 0.792183 0.771537 0.753710 0.738426 0.725463 0.714639 0.705809 0.698857 0.693696 0.690261 0.688511 0.688423 0.689998 0.693254 0.698231 0.703673 0.697724 0.693532 0.691045 0.690232 0.691085 0.693612 0.697846 0.703837 0.711661 0.721419 0.733240 0.747284 0.763752 0.782892 0.805004 0.830461 0.859719 0.893345 0.932045 0.976709 1.000000 0.955426 2692.000000 1.059436 0.856993
0.704085 0.661598 0.625368 0.594257 0.567396 0.544113 0.523878 0.506270 0.490951 0.477650 0.466143 0.456251 0.447826 0.440749 0.434924 0.430275 0.426740 0.424277 0.428233 0.434215 0.441445 0.450022 0.460070 0.471739 0.485214 0.500724 0.518549 0.539036 0.562620 0.589848 0.621418 0.658235 0.701484 0.752759 0.814236 0.888980 0.898877 0.897815 0.898918 0.902199 0.907700 0.915487 0.925658 0.938344 0.953712 0.971972 0.951688 0.910826 0.875350 0.844492 0.817639 0.794295 0.774060 0.756608 0.741673 0.729039 0.718530 0.710005 0.703355 0.698496 0.695367 0.693930 0.694168 0.696084 0.699701 0.705062 0.712236 0.720890 0.703694 0.688921 0.676351 0.665806 0.657145 0.650252 0.645040 0.641444 0.639419 0.638942 0.640006 0.642625 0.646830 0.652672 0.660227 0.658765 0.643385 0.630190 0.618987 0.609618 0.601957 0.595904 0.591382 0.588335 0.586726 0.586534 0.587758 0.590412 0.594529 0.600160 0.607958 0.619566 0.633181 0.649007 0.667293 0.688345 0.712541 0.740350 0.772353 0.809285 0.852083 0.901954 0.960484 1.000000 0.976492 0.956315 0.939171 0.924820 0.913068 0.903760 0.896779 0.892038 0.889477 0.889068 0.890803 0.894705 0.900822 0.887276 0.814447 0.754346 1094.000000 1.438017 0.771227
0.880949 0.815260 0.760392 0.714055 0.674573 0.640691 0.611453 0.586117 0.564102 0.544946 0.528279 0.513803 0.501274 0.490495 0.481306 0.473574 0.467194 0.462082 0.458173 0.455417 0.453781 0.453245 0.453802 0.455458 0.458235 0.462166 0.467301 0.473705 0.481463 0.490682 0.501491 0.514055 0.528570 0.529393 0.517799 0.507898 0.499550 0.492640 0.487076 0.482786 0.479716 0.477829 0.477102 0.477525 0.479105 0.481860 0.485824 0.491046 0.497594 0.505553 0.515031 0.526164 0.539116 0.554090 0.571336 0.591160 0.613940 0.640151 0.670387 0.705404 0.746178 0.793985 0.850526 0.918119 1.000000 0.972177 0.882998 0.810593 0.750835 0.700855 0.658602 0.622568 0.591623 0.564906 0.541747 0.521618 0.504103 0.488865 0.475634 0.464188 0.454350 0.445972 0.438936 0.433145 0.428524 0.425014 0.422571 0.421164 0.420777 0.421405 0.423056 0.425749 0.429518 0.434411 0.440489 0.447834 0.456547 0.466752 0.478604 0.492290 0.488862 0.484230 0.480833 0.478628 0.477588 0.477702 0.478969 0.481406 0.485043 0.489924 0.496112 0.503687 0.512751 0.523432 0.535885 0.550304 0.566923 0.586033 0.607993 0.633247 0.662354 0.696025 0.735167 0.780968 0.835001 0.899393 0.977097 0.960669 1222.000000 2.004884 0.624575
0.500094 0.525560 0.555168 0.589817 0.630699 0.679429 0.738248 0.705600 0.677121 0.652362 0.630816 0.612075 0.595809 0.581751 0.569681 0.559423 0.550831 0.543789 0.538205 0.534008 0.531146 0.529583 0.529301 0.530296 0.532580 0.536181 0.541144 0.547531 0.555424 0.564929 0.576178 0.589332 0.604591 0.622201 0.642461 0.665742 0.692506 0.723327 0.758932 0.800253 0.732251 0.670707 0.620085 0.577862 0.542246 0.511927 0.485927 0.463504 0.444081 0.427208 0.412528 0.399755 0.388657 0.379047 0.370772 0.363709 0.357755 0.352829 0.348866 0.345816 0.343638 0.342308 0.341808 0.342132 0.343285 0.345280 0.348142 0.351907 0.356623 0.362352 0.369171 0.377179 0.386493 0.397260 0.409659 0.423911 0.440290 0.459136 0.480877 0.506060 0.535387 0.569780 0.610466 0.659119 0.718079 0.790715 0.882064 1.000000 0.986421 0.877693 0.792274 0.723595 0.667353 0.620610 0.581296 0.547907 0.519328 0.494716 0.473420 0.454933 0.438852 0.424858 0.412693 0.402146 0.393049 0.385262 0.378671 0.373187 0.368734 0.365257 0.362709 0.361061 0.360292 0.360392 0.361364 0.363218 0.365977 0.369676 0.374361 0.380095 0.386953 0.395033 0.404452 0.415356 0.427925 0.442376 0.458982 0.478080 16626.000000 1.657011 0.552395
1.000000 0.969784 0.907920 0.855413 0.810492 0.771821 0.738370 0.709336 0.684084 0.662109 0.643003 0.626435 0.612137 0.599890 0.589516 0.580870 0.573836 0.568324 0.564263 0.561603 0.560311 0.560372 0.561787 0.564573 0.568763 0.574410 0.581585 0.590383 0.600920 0.613345 0.627839 0.644625 0.663977 0.686231 0.711803 0.741209 0.775097 0.791099 0.763296 0.739102 0.718070 0.699842 0.684124 0.670677 0.659305 0.649853 0.642192 0.636226 0.631877 0.629092 0.627838 0.628099 0.629878 0.633197 0.638097 0.644638 0.652904 0.663003 0.675071 0.689277 0.705831 0.724990 0.747067 0.772451 0.801620 0.835168 0.873845 0.918598 0.895939 0.852055 0.814139 0.781256 0.752669 0.727791 0.706152 0.687371 0.671138 0.657201 0.645353 0.635430 0.627295 0.620842 0.615990 0.612677 0.610864 0.610528 0.611665 0.614289 0.618431 0.624144 0.631499 0.640591 0.651541 0.664500 0.679657 0.697239 0.717530 0.705324 0.684093 0.665660 0.649718 0.636018 0.624357 0.614570 0.606524 0.600112 0.595254 0.591888 0.589973 0.589487 0.590422 0.592791 0.596621 0.601962 0.608878 0.617461 0.627823 0.640107 0.654489 0.671187 0.690466 0.712653 0.738150 0.767457 0.801198 0.840158 0.885344 0.938054 1973.500000 1.290686 0.754182
0.568580 0.573397 0.579705 0.587585 0.597140 0.608501 0.621830 0.637326 0.639695 0.635241 0.632362 0.631022 0.631205 0.632913 0.636167 0.641007 0.647494 0.655708 0.665758 0.677780 0.691941 0.708449 0.727560 0.749587 0.755056 0.758980 0.764798 0.772581 0.782429 0.794469 0.808865 0.825818 0.845578 0.868450 0.894810 0.925118 0.959945 1.000000 0.980932 0.925656 0.878280 0.837437 0.802070 0.771353 0.744629 0.721374 0.701166 0.683662 0.668581 0.655697 0.644825 0.635813 0.628544 0.622922 0.618878 0.616362 0.615342 0.615807 0.617761 0.608830 0.596106 0.585284 0.576211 0.568765 0.562847 0.558382 0.555315 0.553608 0.553240 0.554207 0.556520 0.560208 0.565316 0.571908 0.580070 0.589910 0.601564 0.615200 0.631023 0.649287 0.670304 0.694455 0.722216 0.754182 0.791103 0.833937 0.844078 0.828989 0.816363 0.806027 0.797848 0.791722 0.787572 0.785347 0.785021 0.786589 0.790071 0.795508 0.802969 0.812547 0.824366 0.838584 0.855398 0.875052 0.897843 0.924140 0.946458 0.888541 0.839209 0.796885 0.760369 0.728732 0.701244 0.677327 0.656517 0.638440 0.622792 0.609325 0.597838 0.588167 0.580180 0.573770 0.568856 0.565375 0.563286 0.562562 0.563195 0.565193 7832.000000 1.472987 0.814632
0.746706 0.788218 0.836752 0.893950 0.895531 0.854917 0.819717 0.789126 0.762507 0.739348 0.719236 0.701836 0.686873 0.674125 0.663410 0.654584 0.647528 0.642154 0.638393 0.636199 0.635547 0.636427 0.638852 0.636951 0.614016 0.594056 0.576699 0.561642 0.548639 0.537491 0.528033 0.520133 0.513686 0.508607 0.504832 0.502313 0.501021 0.500938 0.502066 0.504416 0.508018 0.512916 0.519172 0.526868 0.536107 0.547017 0.559756 0.574520 0.591548 0.609339 0.597672 0.587834 0.579688 0.573126 0.568065 0.564440 0.562207 0.561338 0.561824 0.563669 0.566897 0.571547 0.577677 0.585365 0.594713 0.605847 0.618926 0.634143 0.651737 0.672001 0.695293 0.722061 0.752858 0.788383 0.829524 0.877426 0.933586 1.000000 0.943048 0.863023 0.797287 0.742519 0.696361 0.657097 0.623446 0.594436 0.569316 0.547498 0.528518 0.512001 0.497648 0.485215 0.474503 0.465351 0.457627 0.451224 0.446058 0.442061 0.439184 0.437392 0.436661 0.436984 0.438365 0.440819 0.444378 0.449085 0.455001 0.462203 0.470789 0.480881 0.492628 0.506212 0.515429 0.516655 0.519141 0.522916 0.528028 0.534541 0.542541 0.552133 0.563453 0.576666 0.591973 0.609623 0.629923 0.653249 0.680070 0.710974 7236.000000 1.591611 0.722850
0.801952 0.768320 0.739104 0.713684 0.691566 0.672348 0.655707 0.641377 0.629144 0.618831 0.610298 0.603430 0.598141 0.594362 0.592049 0.591172 0.591721 0.593703 0.597141 0.602079 0.608577 0.604567 0.597738 0.592474 0.588706 0.586391 0.585498 0.586018 0.587957 0.591338 0.596202 0.602611 0.610646 0.620413 0.632045 0.645707 0.661602 0.679979 0.701142 0.725470 0.753426 0.785592 0.822698 0.865671 0.885287 0.879695 0.876271 0.874973 0.875786 0.878719 0.883808 0.891116 0.900733 0.912784 0.927426 0.910935 0.871906 0.838020 0.808544 0.782894 0.760597 0.741271 0.724605 0.710346 0.698287 0.688261 0.680134 0.673801 0.669182 0.666220 0.664879 0.665143 0.667014 0.670516 0.675691 0.682603 0.691342 0.699898 0.688598 0.679268 0.671784 0.666049 0.661994 0.659567 0.658738 0.659499 0.661857 0.659720 0.650210 0.642496 0.636478 0.632081 0.629249 0.627949 0.628165 0.629898 0.633171 0.638023 0.644514 0.652728 0.662771 0.674779 0.688920 0.705403 0.724481 0.746469 0.771750 0.786601 0.782338 0.779990 0.779528 0.780947 0.784264 0.789519 0.796778 0.806132 0.817701 0.831640 0.848140 0.867441 0.889835 0.915679 0.945416 0.979588 1.000000 0.938314 0.885807 0.840783 1858.500000 1.348851 0.847210
