0.704540 0.719186 0.736265 0.756041 0.778836 0.805048 0.835168 0.869807 0.896968 0.875245 0.856564 0.840646 0.827266 0.816240 0.807425 0.800706 0.795999 0.793248 0.792418 0.793499 0.796505 0.801472 0.808461 0.817559 0.828885 0.842587 0.835178 0.812750 0.793356 0.776693 0.762515 0.750622 0.740851 0.733074 0.727193 0.723134 0.720846 0.720303 0.721498 0.724444 0.729179 0.735760 0.744270 0.754819 0.746255 0.733586 0.723053 0.714516 0.707862 0.703010 0.699898 0.698489 0.698766 0.700732 0.704410 0.709847 0.717109 0.726289 0.737507 0.750914 0.766699 0.785094 0.806384 0.830918 0.859126 0.891540 0.928822 0.971800 0.987434 0.937029 0.893568 0.855931 0.823239 0.794797 0.770047 0.748542 0.729915 0.713871 0.700168 0.688609 0.679034 0.671317 0.665358 0.661083 0.658438 0.657392 0.657932 0.660064 0.663815 0.669229 0.676376 0.685346 0.696256 0.709256 0.724530 0.742303 0.762854 0.786525 0.813734 0.845002 0.880976 0.922471 0.970522 1.000000 0.947681 0.902630 0.863655 0.829823 0.800396 0.774788 0.752525 0.733222 0.716568 0.702308 0.690235 0.680180 0.672011 0.665619 0.660926 0.657871 0.656419 0.656552 0.658271 0.661597 0.666570 0.673253 0.681731 0.692113 12184.000000 1.050088 0.810930
0.943037 0.894252 0.852218 0.815835 0.784244 0.756763 0.732849 0.712063 0.694049 0.678518 0.665235 0.654007 0.644679 0.637127 0.631253 0.626983 0.624264 0.623063 0.623366 0.625176 0.628514 0.633423 0.639963 0.648217 0.658294 0.670329 0.662149 0.653213 0.646051 0.640570 0.636703 0.634401 0.633637 0.634401 0.636703 0.640570 0.646051 0.653213 0.662149 0.672977 0.685844 0.700934 0.697712 0.688734 0.681604 0.676233 0.672554 0.670521 0.670109 0.671315 0.674152 0.678654 0.684879 0.692903 0.702831 0.714795 0.728959 0.745528 0.764754 0.786943 0.812474 0.841814 0.875540 0.914376 0.959235 0.934375 0.896789 0.864111 0.835674 0.810939 0.789474 0.770926 0.755006 0.741481 0.730159 0.720889 0.713549 0.708045 0.704309 0.702296 0.701980 0.703358 0.685387 0.664298 0.645978 0.630119 0.616469 0.604824 0.595018 0.586916 0.580411 0.575420 0.571880 0.569748 0.568997 0.569618 0.571620 0.575025 0.579877 0.586236 0.594183 0.603823 0.615288 0.628740 0.644381 0.662457 0.683270 0.696257 0.691794 0.689037 0.687953 0.688528 0.690770 0.694706 0.700384 0.707875 0.717274 0.728705 0.742324 0.758324 0.776941 0.798467 0.823260 0.851760 0.884511 0.922192 0.965656 1.000000 6440.000000 1.298973 0.830416
0.924771 1.000000 0.952134 0.910735 0.874806 0.843559 0.816367 0.792722 0.772217 0.754518 0.739353 0.726501 0.715784 0.707057 0.700206 0.695146 0.691813 0.690166 0.690186 0.691873 0.695247 0.700350 0.707244 0.699047 0.672128 0.648711 0.628333 0.610622 0.595277 0.582053 0.570748 0.561200 0.553278 0.546875 0.541909 0.538318 0.536057 0.535099 0.535432 0.537059 0.540002 0.544295 0.549993 0.550933 0.548591 0.547582 0.547894 0.549531 0.552513 0.556876 0.562675 0.569984 0.578898 0.589538 0.602054 0.616631 0.633495 0.652925 0.675262 0.700931 0.730457 0.764504 0.803910 0.849758 0.903460 0.898085 0.867654 0.841178 0.818182 0.798282 0.781164 0.766573 0.754301 0.744180 0.736077 0.729888 0.725536 0.722966 0.722148 0.723072 0.725749 0.730212 0.736515 0.744737 0.754985 0.767393 0.782132 0.749446 0.711339 0.678475 0.650010 0.625283 0.603770 0.585051 0.568786 0.554702 0.542573 0.532219 0.523489 0.516266 0.510451 0.505972 0.502771 0.500810 0.500063 0.500523 0.500039 0.498716 0.498598 0.499684 0.501987 0.505534 0.510370 0.516556 0.524172 0.533320 0.544127 0.556751 0.571383 0.588260 0.607673 0.629981 0.655629 0.685174 0.719322 0.758977 0.805313 0.859881 1462.500000 1.358799 0.776556
1.000000 0.925433 0.863150 0.810552 0.765734 0.727274 0.694084 0.665324 0.640334 0.618589 0.599961 0.583826 0.569874 0.557885 0.547683 0.539123 0.532088 0.526487 0.522247 0.519316 0.517658 0.517252 0.518095 0.520195 0.523579 0.528289 0.534382 0.541939 0.551060 0.561869 0.574522 0.589211 0.606169 0.625534 0.622009 0.620009 0.619510 0.620505 0.623006 0.627044 0.632670 0.639952 0.648986 0.659891 0.672818 0.687951 0.705520 0.725804 0.749147 0.775972 0.806807 0.842306 0.851829 0.808000 0.770225 0.737522 0.709122 0.684415 0.662916 0.644231 0.628041 0.614089 0.602162 0.592089 0.583730 0.576975 0.571736 0.567947 0.565562 0.567097 0.572570 0.579561 0.588158 0.598478 0.610664 0.624893 0.641383 0.660401 0.682276 0.707411 0.736311 0.745452 0.729760 0.716406 0.705199 0.695989 0.688654 0.683101 0.679259 0.677083 0.676545 0.677639 0.680379 0.684797 0.690949 0.698911 0.708785 0.675983 0.645197 0.618518 0.595335 0.575163 0.557612 0.542369 0.529177 0.517830 0.508158 0.500023 0.493315 0.487943 0.483841 0.480956 0.486425 0.496152 0.507524 0.520713 0.535931 0.553439 0.573558 0.596686 0.623324 0.654099 0.689820 0.731532 0.780615 0.838924 0.909014 0.994497 1244.500000 1.259346 0.709689
0.818347 0.796209 0.774667 0.756033 0.740015 0.726376 0.714921 0.705495 0.697974 0.692262 0.688287 0.686001 0.685376 0.686404 0.689098 0.693490 0.699634 0.707609 0.717516 0.729487 0.743685 0.760316 0.779628 0.801930 0.827597 0.857095 0.890999 0.930029 0.975091 1.000000 0.962719 0.930279 0.902055 0.877546 0.856342 0.838109 0.822578 0.809526 0.798776 0.790187 0.783648 0.779078 0.776420 0.775643 0.776737 0.779715 0.784613 0.777843 0.758108 0.741090 0.726531 0.714221 0.703989 0.695698 0.689241 0.684537 0.681528 0.680176 0.680466 0.682400 0.686003 0.691318 0.698413 0.707376 0.718325 0.731408 0.746809 0.764754 0.785523 0.809455 0.836971 0.868589 0.904956 0.946883 0.987338 0.942489 0.903620 0.869843 0.840452 0.814880 0.792673 0.773457 0.756931 0.742849 0.731011 0.721254 0.713450 0.707499 0.703327 0.700883 0.700136 0.701079 0.703721 0.708096 0.714256 0.722281 0.732272 0.744361 0.758715 0.775538 0.795084 0.817660 0.843648 0.873516 0.907844 0.947355 0.953139 0.918803 0.888923 0.862938 0.840396 0.820929 0.804238 0.790077 0.778248 0.768593 0.760985 0.755329 0.751552 0.749611 0.749480 0.751158 0.754667 0.760048 0.767368 0.776719 0.788224 0.802036 4301.500000 1.112212 0.825108
0.831919 0.789921 0.753688 0.722297 0.695023 0.671293 0.650645 0.632708 0.617181 0.603817 0.592417 0.582817 0.574887 0.568520 0.563636 0.560173 0.558089 0.557358 0.557971 0.559936 0.563277 0.568034 0.574268 0.582058 0.591506 0.602743 0.615927 0.631256 0.648970 0.669367 0.692810 0.719752 0.750757 0.786532 0.827982 0.876273 0.932932 1.000000 0.980225 0.941049 0.906986 0.877342 0.851561 0.829193 0.809871 0.793296 0.779226 0.767463 0.757848 0.750257 0.744592 0.740783 0.738783 0.738569 0.740138 0.743508 0.748721 0.755841 0.764959 0.776191 0.789690 0.805642 0.824278 0.845882 0.840165 0.803002 0.770766 0.742738 0.718346 0.697132 0.678724 0.662818 0.649168 0.637575 0.627874 0.619935 0.613654 0.608952 0.605769 0.604067 0.603826 0.605041 0.607729 0.611921 0.617670 0.625047 0.634150 0.645098 0.658045 0.673176 0.690723 0.710968 0.734258 0.761021 0.791788 0.827224 0.868171 0.914473 0.882691 0.855035 0.831001 0.810179 0.792237 0.776904 0.763958 0.753221 0.744551 0.737836 0.732991 0.729955 0.728694 0.729190 0.731450 0.735502 0.741395 0.749202 0.759024 0.770989 0.785259 0.802035 0.821567 0.844158 0.870183 0.900100 0.934480 0.974029 0.938356 0.880876 1896.500000 1.285260 0.764485
0.850939 0.897837 0.901765 0.866441 0.835718 0.808981 0.785736 0.765583 0.748195 0.733306 0.720701 0.710204 0.701675 0.695002 0.690102 0.686914 0.685399 0.685538 0.687333 0.690807 0.696001 0.702980 0.711833 0.722675 0.735651 0.750945 0.768779 0.789429 0.813232 0.840604 0.872056 0.848219 0.802892 0.763910 0.730217 0.700987 0.675572 0.653455 0.634219 0.617529 0.603110 0.590740 0.580237 0.571454 0.564271 0.558596 0.554356 0.551499 0.549989 0.549808 0.550954 0.553441 0.557299 0.562577 0.569340 0.577676 0.587696 0.599540 0.613380 0.629426 0.647936 0.669230 0.693699 0.721829 0.754232 0.791677 0.835151 0.885936 0.945723 1.000000 0.949638 0.906183 0.868533 0.835819 0.807355 0.782589 0.761075 0.742454 0.726431 0.712765 0.701263 0.691765 0.684148 0.678313 0.674187 0.671719 0.670880 0.671659 0.674065 0.678128 0.683898 0.691448 0.700873 0.712298 0.725880 0.741811 0.760330 0.781729 0.751043 0.723911 0.700300 0.679765 0.661950 0.646563 0.633366 0.622166 0.612806 0.605159 0.599127 0.594632 0.591618 0.590050 0.589907 0.591188 0.593908 0.598101 0.603819 0.611133 0.620139 0.630958 0.643739 0.658668 0.675973 0.695933 0.718893 0.745277 0.775610 0.810553 1367.500000 1.265725 0.763738
0.723807 0.753275 0.787222 0.826458 0.872021 0.925260 0.987957 0.957054 0.913389 0.875552 0.842674 0.814066 0.789176 0.767556 0.748846 0.732749 0.719026 0.707480 0.697954 0.690322 0.684487 0.680374 0.677934 0.677137 0.677973 0.680453 0.684606 0.690484 0.698160 0.707732 0.719328 0.733106 0.749263 0.768039 0.789732 0.814706 0.843409 0.814354 0.786808 0.762841 0.742026 0.724015 0.708524 0.695322 0.684221 0.675070 0.667748 0.662161 0.658239 0.655934 0.655219 0.656084 0.658539 0.662616 0.668363 0.675854 0.685183 0.696475 0.709885 0.725603 0.743866 0.764962 0.789246 0.817156 0.849234 0.836296 0.807862 0.783123 0.761634 0.743035 0.727033 0.713388 0.701905 0.692428 0.684831 0.679017 0.674913 0.672469 0.671655 0.672461 0.674896 0.678991 0.684796 0.692383 0.701850 0.713322 0.726955 0.742944 0.761529 0.783001 0.807723 0.836136 0.868790 0.906370 0.949740 1.000000 0.936691 0.881762 0.834818 0.794437 0.759527 0.729239 0.702903 0.679984 0.660052 0.642760 0.627824 0.615015 0.604144 0.595060 0.587639 0.581786 0.577425 0.574503 0.572984 0.572849 0.574097 0.576743 0.580819 0.586376 0.593484 0.602235 0.612746 0.625163 0.639667 0.656479 0.675870 0.698175 7710.000000 1.132795 0.765043
0.830997 0.765121 0.710509 0.664668 0.625800 0.592576 0.563991 0.539277 0.517833 0.499186 0.482958 0.468846 0.456604 0.446032 0.436967 0.429278 0.422855 0.417613 0.413483 0.410413 0.408365 0.407313 0.407246 0.408161 0.410071 0.412999 0.416980 0.422066 0.428321 0.435831 0.444699 0.455055 0.467056 0.480898 0.496818 0.515113 0.536146 0.560379 0.588390 0.620923 0.658945 0.703733 0.757010 0.821154 0.899544 0.857236 0.803285 0.757440 0.718182 0.684360 0.655088 0.629672 0.607563 0.588324 0.571600 0.557106 0.544609 0.533918 0.524878 0.517365 0.511279 0.506540 0.503089 0.500884 0.499896 0.500115 0.501543 0.504198 0.508111 0.513331 0.519926 0.527981 0.537605 0.548933 0.562132 0.577407 0.595008 0.615245 0.638500 0.665247 0.696084 0.731767 0.773269 0.819793 0.762525 0.714344 0.673416 0.638378 0.608199 0.582084 0.559411 0.539689 0.522527 0.507607 0.494675 0.483521 0.473976 0.465901 0.459184 0.453736 0.449485 0.446379 0.444379 0.443460 0.443611 0.444835 0.447145 0.450571 0.455154 0.460954 0.468046 0.476525 0.486510 0.498149 0.511621 0.527147 0.545000 0.565513 0.589107 0.616304 0.647769 0.684358 0.727185 0.777728 0.837992 0.910757 1.000000 0.911687 8691.000000 1.267441 0.592088
0.735041 0.724070 0.715120 0.708073 0.702840 0.699357 0.697580 0.697488 0.699080 0.702375 0.707414 0.714259 0.722996 0.733739 0.746633 0.761855 0.769720 0.755797 0.744129 0.734558 0.726960 0.721236 0.717317 0.715154 0.714721 0.716011 0.719042 0.723850 0.730494 0.739059 0.749654 0.762420 0.777535 0.795215 0.815730 0.839406 0.866648 0.897953 0.904782 0.885009 0.868129 0.853899 0.842124 0.832648 0.825349 0.820135 0.816943 0.815733 0.816491 0.819225 0.823970 0.830783 0.839749 0.817990 0.795551 0.776130 0.759421 0.745173 0.733184 0.723289 0.715358 0.709290 0.705008 0.702459 0.701613 0.702459 0.705008 0.709290 0.706370 0.704111 0.703555 0.704697 0.707550 0.712148 0.718550 0.726834 0.737108 0.749508 0.764205 0.781410 0.801382 0.824441 0.850976 0.881471 0.906207 0.862277 0.824304 0.791360 0.762715 0.737786 0.716106 0.697296 0.681047 0.667109 0.655277 0.645385 0.644800 0.653128 0.663292 0.675430 0.689714 0.706352 0.725605 0.747789 0.773294 0.802602 0.836312 0.875180 0.920161 0.972487 1.000000 0.958660 0.922737 0.891479 0.864284 0.840664 0.820224 0.802642 0.787655 0.775052 0.764658 0.756337 0.749983 0.745515 0.742880 0.742044 0.742999 0.745754 1285.000000 1.136709 0.839537
0.661796 0.670833 0.677019 0.681131 0.686959 0.694575 0.704076 0.715589 0.729272 0.745317 0.763967 0.768048 0.755488 0.745099 0.736742 0.730311 0.725725 0.722926 0.721881 0.722577 0.725023 0.729249 0.735306 0.743270 0.753242 0.765355 0.779773 0.796701 0.816391 0.839151 0.865362 0.895489 0.930111 0.969949 1.000000 0.946421 0.900349 0.860532 0.825993 0.795963 0.769830 0.747101 0.727377 0.710335 0.695712 0.683291 0.672898 0.664394 0.657666 0.652630 0.649222 0.647402 0.646053 0.646124 0.647755 0.650967 0.655798 0.662309 0.670583 0.680726 0.692876 0.707203 0.723914 0.743269 0.765582 0.791242 0.820727 0.854633 0.848652 0.819595 0.794312 0.772347 0.753330 0.736960 0.722991 0.711224 0.701496 0.693679 0.687672 0.683402 0.680814 0.679877 0.680580 0.682931 0.686960 0.690534 0.695525 0.702292 0.710922 0.721526 0.734247 0.749262 0.766790 0.787099 0.810519 0.837455 0.868407 0.903995 0.897120 0.883811 0.872964 0.864437 0.858122 0.853940 0.851842 0.851801 0.853817 0.857914 0.864142 0.830878 0.799612 0.772407 0.748736 0.728176 0.710379 0.695067 0.682009 0.671019 0.661948 0.654674 0.649105 0.645172 0.642825 0.642036 0.642796 0.645114 0.649017 0.654555 775.500000 1.135920 0.840750
0.648143 0.639011 0.631633 0.625924 0.633179 0.642170 0.653016 0.665866 0.680905 0.698361 0.718511 0.741699 0.768346 0.798976 0.834243 0.874971 0.922217 0.914300 0.898514 0.885360 0.874663 0.866284 0.860116 0.856083 0.854135 0.854250 0.856428 0.860696 0.867107 0.875739 0.886702 0.895013 0.861730 0.832768 0.807571 0.785692 0.766765 0.750494 0.736637 0.724998 0.715417 0.707769 0.701956 0.697905 0.695567 0.694913 0.695936 0.702262 0.713946 0.727809 0.744049 0.762910 0.784691 0.809761 0.838573 0.871688 0.909808 0.953817 1.000000 0.957954 0.921431 0.889655 0.862005 0.837981 0.817174 0.799254 0.783951 0.771046 0.760361 0.751755 0.745116 0.740361 0.737432 0.736293 0.736929 0.739350 0.743584 0.749683 0.757723 0.767808 0.780069 0.794674 0.800246 0.788531 0.779004 0.771540 0.766047 0.762455 0.760720 0.760823 0.762763 0.766564 0.772273 0.779961 0.789726 0.801693 0.816026 0.832923 0.851519 0.840222 0.831197 0.824328 0.819530 0.816744 0.815936 0.817096 0.820238 0.825400 0.832646 0.842068 0.853785 0.867954 0.884768 0.904468 0.927351 0.953779 0.984198 0.932069 0.884161 0.842869 0.807119 0.776072 0.749063 0.725559 0.705133 0.687436 0.672185 0.659150 1779.000000 1.074151 0.826431
0.807119 0.854573 0.910286 0.976285 0.915507 0.862670 0.817462 0.778537 0.744864 0.715636 0.690215 0.668092 0.648858 0.632181 0.617791 0.605467 0.595031 0.586337 0.579269 0.573735 0.569665 0.567009 0.565734 0.565825 0.567282 0.570125 0.574386 0.580120 0.587399 0.596318 0.606996 0.619584 0.605147 0.586663 0.570609 0.556715 0.544763 0.534574 0.526003 0.518933 0.513271 0.508944 0.505898 0.504095 0.503513 0.504146 0.506002 0.509102 0.513485 0.519205 0.526337 0.534974 0.545235 0.557266 0.571247 0.587399 0.605994 0.627365 0.651926 0.680195 0.712821 0.750634 0.794706 0.846441 0.907721 0.981114 1.000000 0.928726 0.868890 0.818150 0.774772 0.737449 0.705178 0.677176 0.652825 0.631633 0.613205 0.597220 0.583417 0.571583 0.561546 0.553165 0.546327 0.540943 0.536946 0.534284 0.532927 0.532857 0.534073 0.536590 0.540440 0.545669 0.552344 0.560552 0.570402 0.582031 0.595610 0.611345 0.629491 0.649912 0.630089 0.612873 0.597975 0.585160 0.574237 0.565051 0.557476 0.551412 0.546782 0.543527 0.541608 0.541002 0.541700 0.543711 0.547061 0.551789 0.557956 0.565640 0.574943 0.585993 0.598946 0.613999 0.631387 0.651404 0.674410 0.700850 0.731282 0.766407 6430.000000 1.590988 0.706182
0.718547 0.690925 0.666896 0.645986 0.627814 0.612070 0.598504 0.586909 0.577118 0.568997 0.562438 0.557355 0.553686 0.551384 0.550422 0.550787 0.552485 0.555537 0.559978 0.565865 0.573273 0.582299 0.593066 0.605724 0.620463 0.637510 0.657149 0.679725 0.705669 0.708780 0.682768 0.660132 0.640442 0.623351 0.608576 0.595888 0.585099 0.576056 0.568638 0.562747 0.558308 0.555266 0.553583 0.553239 0.554230 0.556568 0.560281 0.565415 0.572035 0.580226 0.590097 0.601785 0.615458 0.631323 0.649634 0.670703 0.694914 0.722745 0.754793 0.791811 0.834762 0.884894 0.943851 1.000000 0.919452 0.852814 0.796973 0.749690 0.709317 0.674612 0.644625 0.618617 0.596007 0.576331 0.559216 0.544362 0.531525 0.520504 0.511137 0.503292 0.496863 0.491766 0.487937 0.485326 0.483903 0.483650 0.484564 0.486656 0.489952 0.494492 0.500334 0.507552 0.516244 0.526529 0.538557 0.552508 0.568608 0.587132 0.608418 0.632887 0.661067 0.693622 0.698348 0.686494 0.676639 0.668651 0.662426 0.657886 0.654976 0.653659 0.653919 0.655760 0.659204 0.664293 0.671090 0.679683 0.690182 0.702731 0.717505 0.734721 0.754646 0.777609 0.804009 0.834347 0.869240 0.829704 0.787086 0.750351 5267.500000 1.406136 0.735353
0.807155 0.763337 0.725689 0.693172 0.664977 0.640469 0.619141 0.600589 0.584483 0.570557 0.558593 0.548415 0.539879 0.532868 0.527291 0.523077 0.520173 0.518543 0.518168 0.519042 0.521178 0.524600 0.529351 0.535490 0.542616 0.550552 0.560093 0.571372 0.584551 0.599832 0.617460 0.637739 0.661042 0.687833 0.718691 0.754350 0.795750 0.844110 0.901039 0.968705 1.000000 0.948972 0.904973 0.866869 0.833772 0.804977 0.779920 0.758148 0.739291 0.723049 0.709177 0.697476 0.687784 0.679974 0.673945 0.669621 0.666948 0.665895 0.666448 0.668613 0.672419 0.677910 0.685156 0.694248 0.705308 0.689883 0.672174 0.656895 0.643812 0.632734 0.623507 0.616009 0.610141 0.605829 0.603021 0.601681 0.601794 0.603361 0.606400 0.610950 0.617066 0.624826 0.634332 0.645711 0.659122 0.674763 0.692873 0.713750 0.712735 0.702837 0.694860 0.688704 0.684289 0.681562 0.680490 0.681059 0.683277 0.687170 0.692786 0.700195 0.709493 0.720800 0.734271 0.750097 0.768512 0.789805 0.799252 0.782291 0.767846 0.755713 0.745725 0.737752 0.731692 0.727469 0.725031 0.724349 0.725414 0.728239 0.732858 0.739329 0.747732 0.758177 0.770800 0.785776 0.803319 0.823693 0.847221 0.858505 6595.500000 1.252521 0.799514
0.635688 0.618076 0.602827 0.589699 0.578494 0.569053 0.561245 0.554967 0.550139 0.546700 0.544608 0.543836 0.544377 0.546235 0.549435 0.554015 0.560032 0.567564 0.576709 0.587593 0.600369 0.615229 0.632405 0.652184 0.674919 0.701045 0.731108 0.765793 0.805971 0.852766 0.907651 0.972592 1.000000 0.928423 0.868361 0.817447 0.773934 0.736504 0.704146 0.676071 0.651659 0.630414 0.611939 0.595910 0.582066 0.570193 0.560117 0.551697 0.544820 0.539395 0.535355 0.532648 0.531241 0.531119 0.532278 0.534733 0.538515 0.543669 0.550262 0.558378 0.568126 0.579642 0.593092 0.608683 0.626667 0.647352 0.671121 0.684897 0.667956 0.653369 0.640917 0.630421 0.621736 0.614749 0.609368 0.605527 0.603178 0.602293 0.602861 0.604888 0.608399 0.613438 0.620067 0.628372 0.638461 0.650472 0.664575 0.680980 0.699944 0.721784 0.746888 0.775737 0.808931 0.847225 0.891580 0.910941 0.861640 0.819274 0.782676 0.750940 0.723352 0.699344 0.678461 0.660333 0.644662 0.631202 0.619756 0.610161 0.602287 0.596032 0.591315 0.588078 0.586280 0.585901 0.586936 0.589396 0.593313 0.598734 0.605728 0.614384 0.624819 0.637176 0.651633 0.668409 0.687772 0.706033 0.679256 0.655959 6094.000000 1.417962 0.736966
0.822942 0.882039 0.952753 1.000000 0.922443 0.857969 0.803728 0.757655 0.718214 0.684243 0.654846 0.629326 0.607127 0.587809 0.571016 0.556459 0.543903 0.533158 0.524067 0.516504 0.510368 0.505581 0.502080 0.499824 0.498783 0.498947 0.500317 0.502909 0.506755 0.511903 0.518419 0.526387 0.535915 0.536350 0.533208 0.531376 0.530832 0.531567 0.533592 0.536930 0.541624 0.547732 0.555332 0.564525 0.575438 0.588225 0.603080 0.620237 0.639986 0.662683 0.688769 0.718796 0.753458 0.793642 0.778570 0.752262 0.729373 0.709495 0.692294 0.677502 0.664897 0.654300 0.645566 0.638580 0.633254 0.629519 0.627330 0.626662 0.627504 0.629869 0.633784 0.639297 0.646479 0.655420 0.666240 0.679087 0.694144 0.711637 0.731843 0.755103 0.731954 0.706795 0.684903 0.665883 0.649412 0.635230 0.623123 0.612918 0.604475 0.597682 0.592451 0.588716 0.586433 0.585572 0.586124 0.588094 0.591508 0.592744 0.574492 0.558637 0.544910 0.533096 0.523016 0.514527 0.507512 0.501879 0.497555 0.494486 0.492634 0.491976 0.492506 0.494228 0.497164 0.501351 0.506840 0.513701 0.522026 0.531928 0.543547 0.557058 0.572672 0.590650 0.611314 0.635062 0.662390 0.693922 0.730455 0.773013 4394.500000 1.305309 0.747191
0.963849 0.857580 0.774096 0.706977 0.652014 0.606335 0.567917 0.535289 0.507363 0.483313 0.462503 0.444438 0.428725 0.415051 0.403164 0.392858 0.383969 0.376359 0.369919 0.364559 0.360207 0.356808 0.354318 0.352706 0.351953 0.352049 0.352996 0.354805 0.357498 0.361110 0.365685 0.371283 0.377980 0.385870 0.395068 0.405717 0.417990 0.432103 0.448320 0.466970 0.488468 0.513336 0.542249 0.576084 0.616005 0.663589 0.693581 0.665697 0.641453 0.620356 0.602006 0.586082 0.572322 0.560512 0.550480 0.542083 0.535209 0.529766 0.525688 0.522921 0.521434 0.521206 0.522237 0.524538 0.528136 0.533078 0.539425 0.547260 0.556686 0.567834 0.580866 0.595980 0.613418 0.633480 0.656534 0.683037 0.713560 0.748828 0.789764 0.739909 0.673130 0.618774 0.573820 0.536160 0.504278 0.477061 0.453667 0.433456 0.415929 0.400691 0.387431 0.375897 0.365886 0.357233 0.349802 0.343485 0.338193 0.333853 0.330409 0.327817 0.326045 0.325070 0.324882 0.325478 0.326865 0.329060 0.332089 0.335993 0.340820 0.346634 0.353517 0.361568 0.370908 0.381688 0.394091 0.408343 0.424727 0.443594 0.465388 0.490677 0.520199 0.554922 0.596151 0.645679 0.706036 0.780917 0.875927 1.000000 3963.000000 1.716465 0.545230
1.000000 0.975491 0.929871 0.890376 0.856077 0.826240 0.800275 0.777710 0.758158 0.741307 0.726902 0.714736 0.704639 0.696478 0.690148 0.685568 0.682683 0.681457 0.681875 0.683942 0.687683 0.693144 0.700394 0.709524 0.720655 0.733937 0.749557 0.767746 0.788788 0.813029 0.840897 0.872922 0.909760 0.891846 0.853338 0.819911 0.790838 0.765537 0.743541 0.724470 0.708015 0.693926 0.681998 0.672065 0.663993 0.657679 0.653042 0.650025 0.648591 0.648723 0.650422 0.653709 0.658624 0.665229 0.673606 0.683865 0.696145 0.710618 0.727494 0.747035 0.769560 0.795462 0.825225 0.859452 0.898902 0.944531 0.941311 0.904228 0.871976 0.843910 0.819506 0.798343 0.780078 0.764430 0.751172 0.740118 0.731121 0.724063 0.718856 0.715434 0.713756 0.713801 0.715570 0.719085 0.724388 0.731545 0.740648 0.751814 0.765193 0.780972 0.799382 0.820707 0.845292 0.873565 0.898059 0.857003 0.821429 0.790518 0.763623 0.740222 0.719896 0.702303 0.687165 0.674255 0.663391 0.654423 0.647232 0.641727 0.637839 0.635519 0.634740 0.635491 0.637783 0.641642 0.647117 0.654276 0.663211 0.674039 0.686910 0.702005 0.719551 0.739825 0.763166 0.789994 0.820825 0.856307 0.897255 0.944706 1148.000000 1.124616 0.779760
0.819115 0.853842 0.856689 0.827226 0.801589 0.779314 0.760025 0.743415 0.729236 0.717282 0.707391 0.699431 0.693300 0.688921 0.686239 0.685223 0.685859 0.688156 0.692142 0.697865 0.705396 0.714834 0.726300 0.739952 0.755983 0.774632 0.796191 0.821018 0.795767 0.763059 0.734634 0.709900 0.688381 0.669694 0.653528 0.639628 0.627789 0.617841 0.609649 0.603105 0.598127 0.594650 0.592633 0.592051 0.592898 0.595182 0.598933 0.604196 0.611038 0.619546 0.629833 0.642040 0.656342 0.672954 0.692139 0.714222 0.739600 0.768769 0.802345 0.841107 0.886047 0.938449 1.000000 0.975757 0.918554 0.869666 0.827612 0.791255 0.759712 0.732283 0.708414 0.687656 0.669646 0.654092 0.640752 0.629432 0.619972 0.612246 0.606152 0.601613 0.598574 0.596995 0.596859 0.598164 0.600925 0.605177 0.610972 0.618382 0.627505 0.638463 0.651407 0.666526 0.684050 0.704263 0.727513 0.754230 0.784946 0.820331 0.861230 0.869205 0.832448 0.800524 0.772752 0.748584 0.727582 0.709389 0.693713 0.680319 0.669014 0.659642 0.652077 0.646223 0.642007 0.639375 0.638296 0.638757 0.640764 0.644340 0.649530 0.656399 0.665033 0.675547 0.688083 0.702818 0.719971 0.739808 0.762659 0.788928 3774.000000 1.134761 0.766040
0.833248 0.836209 0.841225 0.848357 0.857696 0.869360 0.883504 0.900320 0.920048 0.942983 0.969486 1.000000 0.965310 0.922766 0.885858 0.853767 0.825839 0.801550 0.780476 0.762271 0.746654 0.733395 0.722308 0.713244 0.706085 0.700740 0.697141 0.695246 0.695031 0.696494 0.699651 0.704543 0.711229 0.719794 0.730348 0.743033 0.758025 0.752870 0.735018 0.719686 0.706648 0.695720 0.686755 0.679634 0.674267 0.670587 0.668549 0.668127 0.669318 0.672135 0.676613 0.682807 0.690795 0.700680 0.712593 0.726700 0.743203 0.762352 0.784454 0.809886 0.839110 0.872704 0.911387 0.956068 0.951799 0.939106 0.928956 0.921218 0.915797 0.912624 0.911662 0.912899 0.916350 0.922057 0.930090 0.940550 0.905546 0.873675 0.845939 0.821830 0.800933 0.782911 0.767491 0.754449 0.743604 0.734812 0.727958 0.722957 0.719746 0.718286 0.718560 0.720570 0.724342 0.729921 0.737377 0.746804 0.731959 0.716666 0.703658 0.692754 0.683805 0.676693 0.671329 0.667644 0.665595 0.665155 0.666321 0.669105 0.673542 0.679687 0.687616 0.695317 0.702819 0.712220 0.723642 0.737242 0.753212 0.771790 0.793266 0.817999 0.846429 0.870154 0.858343 0.848865 0.841600 0.836456 0.833371 0.832305 11241.000000 1.319189 0.874519
0.691935 0.679704 0.669481 0.661131 0.654545 0.649637 0.646348 0.644638 0.644485 0.645888 0.648863 0.653448 0.659698 0.667693 0.677537 0.689361 0.703329 0.719644 0.738556 0.760370 0.785462 0.814295 0.847444 0.885632 0.929769 0.981023 1.000000 0.946018 0.899621 0.859537 0.824774 0.794554 0.768255 0.745380 0.725525 0.708362 0.693625 0.681097 0.670599 0.661991 0.655159 0.650017 0.646500 0.644566 0.644190 0.645369 0.648116 0.652466 0.658471 0.666208 0.675775 0.687302 0.700947 0.716906 0.735422 0.756791 0.781378 0.809210 0.796190 0.785446 0.776833 0.770243 0.765593 0.762826 0.761907 0.762826 0.765593 0.770243 0.776833 0.785446 0.796190 0.809210 0.824682 0.842827 0.825613 0.800118 0.777969 0.758791 0.742281 0.728191 0.716320 0.706505 0.698615 0.692549 0.688232 0.685609 0.684649 0.685341 0.687693 0.691733 0.697511 0.705099 0.714595 0.726123 0.739841 0.755943 0.774670 0.796315 0.821240 0.849889 0.856197 0.832405 0.811802 0.794061 0.778915 0.766147 0.755582 0.747080 0.740531 0.735853 0.732989 0.731904 0.732583 0.735037 0.739294 0.745407 0.753452 0.763532 0.775779 0.790361 0.807485 0.827404 0.820460 0.790827 0.765038 0.742611 0.723154 0.706348 610.000000 1.017836 0.830614
0.651163 0.631739 0.614879 0.600304 0.587787 0.577144 0.568223 0.560905 0.555093 0.550714 0.547712 0.546052 0.545712 0.546688 0.548993 0.552655 0.557718 0.564247 0.572326 0.582062 0.593589 0.607075 0.622722 0.640783 0.661563 0.685443 0.712893 0.744502 0.781013 0.823376 0.872820 0.930969 1.000000 0.994000 0.919664 0.857594 0.805191 0.760549 0.722246 0.689197 0.660562 0.635681 0.614033 0.595197 0.578835 0.564673 0.552486 0.542093 0.533345 0.526121 0.520328 0.515890 0.512752 0.510875 0.510237 0.510829 0.512660 0.515750 0.520138 0.525880 0.533048 0.541737 0.552067 0.564184 0.578268 0.594543 0.613281 0.634818 0.659569 0.688053 0.720923 0.725197 0.711531 0.700025 0.690523 0.682899 0.677054 0.672916 0.670434 0.669577 0.670335 0.672717 0.676752 0.682490 0.690003 0.699387 0.710765 0.724293 0.740164 0.758615 0.779936 0.804485 0.832700 0.843762 0.804815 0.771081 0.741775 0.716279 0.694093 0.674817 0.658126 0.643753 0.631484 0.621143 0.612586 0.605701 0.600400 0.596615 0.594301 0.593429 0.593988 0.595985 0.599445 0.604410 0.610942 0.619124 0.629064 0.640899 0.654794 0.670958 0.689643 0.711161 0.735896 0.764320 0.762709 0.728671 0.699153 0.673493 1738.000000 1.324462 0.737863
0.540815 0.551794 0.564617 0.579478 0.596620 0.616337 0.638993 0.665042 0.695050 0.729736 0.770017 0.817090 0.872531 0.938468 1.000000 0.926207 0.864495 0.812328 0.767843 0.729644 0.696665 0.668077 0.643232 0.621612 0.602804 0.586471 0.572343 0.560197 0.549686 0.539341 0.530633 0.523443 0.517676 0.513257 0.510132 0.508262 0.507623 0.508209 0.510027 0.513098 0.517460 0.523169 0.530297 0.538937 0.549209 0.561259 0.575266 0.569499 0.560595 0.553276 0.547449 0.543037 0.539986 0.538259 0.537835 0.538707 0.540888 0.544404 0.549297 0.555630 0.563484 0.570422 0.571810 0.574593 0.578804 0.584496 0.591741 0.600632 0.611290 0.623863 0.638535 0.655531 0.675127 0.697664 0.723560 0.753338 0.787651 0.827327 0.873428 0.927335 0.904146 0.850894 0.805398 0.766273 0.732456 0.703120 0.677613 0.655415 0.636110 0.619358 0.604886 0.592470 0.581927 0.573109 0.565897 0.560197 0.555937 0.553064 0.548377 0.537996 0.529251 0.522024 0.516219 0.511760 0.508593 0.506677 0.505991 0.506525 0.508285 0.511295 0.515589 0.521223 0.528267 0.536816 0.546985 0.558920 0.560160 0.550338 0.542137 0.535448 0.530184 0.526278 0.523682 0.522363 0.522306 0.523510 0.525989 0.531520 1174.000000 1.397699 0.731267
0.849564 0.816219 0.787217 0.761978 0.740035 0.721008 0.704591 0.690530 0.678623 0.668703 0.657173 0.647258 0.639154 0.632757 0.627984 0.624776 0.623094 0.622918 0.624246 0.627093 0.631495 0.637506 0.645201 0.654681 0.666072 0.679533 0.695258 0.713488 0.734517 0.758706 0.786502 0.818460 0.855271 0.897815 0.947214 1.000000 0.976982 0.957255 0.940529 0.926572 0.915195 0.906251 0.899626 0.895239 0.893035 0.892988 0.895098 0.899389 0.905914 0.914755 0.926023 0.939864 0.956464 0.976055 0.998923 0.959056 0.908180 0.864408 0.826560 0.793720 0.765163 0.740311 0.718699 0.699952 0.683763 0.669883 0.658110 0.648278 0.640255 0.633937 0.629244 0.626117 0.624518 0.624427 0.625844 0.628785 0.633288 0.639407 0.647219 0.656827 0.668358 0.681975 0.697873 0.714362 0.724614 0.736966 0.751588 0.768692 0.788536 0.811438 0.837790 0.868071 0.902881 0.942966 0.989269 0.990489 0.958920 0.931476 0.907685 0.887164 0.869598 0.854733 0.842364 0.832324 0.824483 0.818742 0.815031 0.813304 0.812858 0.807650 0.804435 0.803172 0.803846 0.806467 0.811064 0.817696 0.826444 0.837421 0.850770 0.866674 0.885357 0.907097 0.932234 0.961185 0.994464 0.983967 0.932388 0.887981 4193.000000 1.221666 0.808225
0.872863 0.894571 0.863902 0.837216 0.814032 0.793959 0.776678 0.761929 0.749502 0.739226 0.730966 0.724614 0.720092 0.717343 0.716334 0.717053 0.719508 0.723730 0.729770 0.725725 0.713719 0.703771 0.695749 0.689551 0.685099 0.682336 0.681231 0.681768 0.683956 0.687820 0.693408 0.700790 0.710059 0.721338 0.734780 0.750575 0.768957 0.776447 0.762918 0.751632 0.742438 0.735216 0.729875 0.726347 0.724591 0.724585 0.726328 0.729842 0.735171 0.742379 0.751558 0.762828 0.776340 0.792283 0.810888 0.832442 0.857294 0.885876 0.918719 0.956485 1.000000 0.963880 0.918569 0.879349 0.845295 0.815671 0.789892 0.767485 0.748067 0.731325 0.717006 0.704902 0.694847 0.686705 0.680372 0.675768 0.672835 0.671539 0.671863 0.669372 0.663873 0.660042 0.657830 0.657210 0.658177 0.660740 0.664931 0.670802 0.678426 0.687903 0.699356 0.712944 0.728861 0.747346 0.768694 0.768806 0.761593 0.756319 0.752918 0.751351 0.751596 0.753658 0.757562 0.763354 0.771108 0.780922 0.792923 0.807274 0.824177 0.832256 0.815416 0.801136 0.789216 0.779496 0.771849 0.766178 0.762414 0.760509 0.760441 0.762210 0.765836 0.771363 0.778862 0.788425 0.800178 0.814278 0.830921 0.850350 5286.000000 1.080850 0.878998
0.813748 0.807000 0.785986 0.767841 0.752286 0.739095 0.728081 0.719099 0.712029 0.706783 0.703296 0.701525 0.701449 0.703066 0.706396 0.711480 0.718381 0.727186 0.738009 0.750997 0.766328 0.768479 0.753833 0.741487 0.731273 0.723054 0.716726 0.712208 0.709446 0.708404 0.709072 0.711456 0.715338 0.719414 0.725294 0.733051 0.742784 0.754622 0.768726 0.785294 0.804573 0.826865 0.852540 0.882053 0.915969 0.954990 1.000000 0.939603 0.883985 0.836485 0.795649 0.760361 0.729754 0.703143 0.679986 0.659844 0.642365 0.627259 0.614294 0.603277 0.594055 0.586502 0.584934 0.588517 0.593584 0.600197 0.608441 0.618426 0.630287 0.644195 0.660357 0.679029 0.700524 0.725229 0.753621 0.786300 0.824015 0.861137 0.839326 0.820520 0.804433 0.790834 0.779534 0.770382 0.763260 0.758078 0.754772 0.753301 0.753648 0.755817 0.759835 0.765750 0.773636 0.783594 0.795753 0.800386 0.789604 0.780965 0.774357 0.769700 0.766935 0.766028 0.766969 0.769770 0.774463 0.781107 0.789785 0.800609 0.782003 0.764630 0.749780 0.737237 0.726830 0.718418 0.711895 0.707177 0.704207 0.702948 0.703385 0.705523 0.709389 0.715029 0.722514 0.731939 0.743429 0.757137 0.773259 0.792032 514.000000 1.152401 0.841404
0.973909 0.996160 0.956191 0.921440 0.891198 0.864895 0.842071 0.822350 0.805428 0.791056 0.779032 0.769193 0.761410 0.755586 0.751647 0.749546 0.749256 0.750774 0.754119 0.759331 0.766476 0.775642 0.786949 0.800547 0.816626 0.835418 0.816986 0.792326 0.770913 0.752392 0.736473 0.722919 0.711538 0.702175 0.694708 0.689039 0.685100 0.682841 0.682236 0.683276 0.685974 0.690363 0.696498 0.704455 0.714336 0.726273 0.740431 0.757011 0.776263 0.798494 0.824080 0.853484 0.878084 0.854317 0.833758 0.816086 0.801036 0.788397 0.777996 0.769695 0.763390 0.759000 0.756473 0.755777 0.756904 0.759868 0.764705 0.771474 0.780261 0.791177 0.804370 0.820018 0.838347 0.859633 0.884213 0.912503 0.945015 0.982384 1.000000 0.949171 0.905336 0.867367 0.834385 0.805689 0.780719 0.759024 0.740237 0.724060 0.710250 0.698607 0.688974 0.681221 0.675250 0.670984 0.668373 0.667383 0.668002 0.670240 0.674121 0.679695 0.687031 0.696222 0.707390 0.720687 0.736301 0.754464 0.762481 0.750379 0.740412 0.732447 0.726383 0.722144 0.719679 0.718956 0.719967 0.722724 0.727262 0.733635 0.741924 0.752236 0.764706 0.779507 0.796849 0.816994 0.840260 0.867040 0.897817 0.933191 12415.000000 1.187138 0.839313
0.909143 0.925394 0.944552 0.924375 0.895983 0.871319 0.849970 0.831597 0.815926 0.802733 0.791837 0.783094 0.776392 0.771647 0.768800 0.767817 0.768686 0.771418 0.763973 0.752510 0.743150 0.735771 0.730278 0.726605 0.724706 0.724557 0.726157 0.729526 0.734705 0.741757 0.750773 0.761868 0.775191 0.790928 0.809308 0.830610 0.855180 0.883442 0.915917 0.953254 0.996268 0.985623 0.950180 0.919337 0.892515 0.869248 0.849158 0.831934 0.817325 0.805126 0.795174 0.787338 0.781519 0.777646 0.775670 0.775568 0.772747 0.769631 0.768384 0.768991 0.771458 0.775817 0.782120 0.790446 0.800901 0.813623 0.828784 0.846600 0.867334 0.891309 0.918925 0.950671 0.987151 1.000000 0.964041 0.932747 0.905534 0.881928 0.861545 0.844070 0.829247 0.816871 0.806773 0.798823 0.792920 0.788990 0.786985 0.786881 0.780320 0.763773 0.749681 0.737846 0.728105 0.720330 0.714423 0.710309 0.707938 0.707282 0.708331 0.711099 0.715619 0.721947 0.730164 0.740373 0.752711 0.767348 0.784492 0.804402 0.827394 0.853856 0.884268 0.919222 0.959461 0.942309 0.923480 0.907533 0.894245 0.883439 0.874972 0.868740 0.864664 0.862695 0.862809 0.865007 0.869315 0.875787 0.884504 0.895574 1133.000000 1.144793 0.864151
0.857228 0.885823 0.918681 0.956464 1.000000 0.953982 0.910986 0.873712 0.841316 0.813125 0.788600 0.767306 0.748888 0.733058 0.719582 0.708267 0.698960 0.691540 0.685910 0.682001 0.679764 0.679173 0.680220 0.682919 0.687301 0.693421 0.701355 0.708567 0.700798 0.694853 0.690658 0.688161 0.687332 0.688161 0.690658 0.694853 0.700798 0.708567 0.718260 0.730006 0.743963 0.760332 0.779358 0.801340 0.826648 0.855734 0.889163 0.927635 0.972035 0.989456 0.948420 0.912763 0.881738 0.854744 0.831297 0.811003 0.793543 0.778655 0.766128 0.755788 0.747501 0.741160 0.736686 0.734023 0.733138 0.734023 0.736686 0.741160 0.747501 0.755788 0.766128 0.778655 0.793543 0.811003 0.831297 0.854744 0.856165 0.827537 0.802633 0.781010 0.762310 0.746241 0.732563 0.721084 0.711646 0.704127 0.698430 0.694485 0.692241 0.691674 0.692774 0.695557 0.700055 0.706325 0.714444 0.724519 0.736681 0.751099 0.767980 0.787578 0.810205 0.836246 0.866171 0.900568 0.885743 0.857158 0.832303 0.810747 0.792140 0.776195 0.762681 0.751409 0.742227 0.735016 0.729684 0.726167 0.724420 0.724422 0.726174 0.729696 0.735032 0.742248 0.751436 0.762714 0.776234 0.792185 0.810800 0.832364 1545.000000 1.088119 0.825177
0.814180 0.823746 0.835576 0.849829 0.866700 0.886433 0.882691 0.878189 0.875831 0.875590 0.877462 0.881470 0.887664 0.896119 0.906942 0.920275 0.936294 0.955223 0.944941 0.909415 0.878504 0.851609 0.828248 0.808029 0.790632 0.775799 0.763317 0.753016 0.744760 0.738442 0.733984 0.731330 0.730449 0.730493 0.725394 0.722093 0.720549 0.720745 0.722682 0.726385 0.731898 0.739290 0.748655 0.760114 0.773823 0.789974 0.808804 0.830602 0.855727 0.884617 0.917815 0.955993 1.000000 0.986136 0.955418 0.928725 0.905606 0.885691 0.868682 0.854332 0.842446 0.832865 0.825465 0.820155 0.816867 0.815563 0.816226 0.818864 0.823510 0.830220 0.839079 0.850199 0.863727 0.855902 0.843298 0.833038 0.824988 0.819047 0.815140 0.813219 0.813263 0.815271 0.819267 0.825301 0.833447 0.843808 0.856520 0.871753 0.889719 0.901985 0.875480 0.852483 0.832618 0.815578 0.801113 0.789019 0.779135 0.771330 0.765505 0.761590 0.759534 0.759314 0.760926 0.764391 0.769750 0.777071 0.786444 0.797993 0.811871 0.828270 0.847430 0.869641 0.895263 0.921640 0.897090 0.875869 0.857647 0.842156 0.829176 0.818532 0.810085 0.803727 0.799379 0.796987 0.796522 0.797980 0.801377 0.806755 3333.000000 1.127743 0.888713
0.554049 0.570864 0.590198 0.612415 0.637966 0.667421 0.701499 0.688124 0.670166 0.654659 0.641363 0.630085 0.620665 0.612978 0.606924 0.602425 0.599425 0.597889 0.597796 0.599147 0.601958 0.606262 0.612114 0.619587 0.628778 0.639811 0.652839 0.668051 0.685680 0.706011 0.729396 0.756268 0.756766 0.732682 0.711746 0.693598 0.677945 0.664548 0.653214 0.643785 0.636135 0.630164 0.625799 0.622984 0.621685 0.621886 0.623591 0.626819 0.631610 0.638024 0.646142 0.656071 0.667943 0.681926 0.698225 0.717092 0.688053 0.653913 0.624434 0.598878 0.576667 0.557339 0.540524 0.525924 0.513297 0.502443 0.493203 0.485444 0.479062 0.473973 0.470111 0.467429 0.465894 0.465486 0.466200 0.468047 0.471047 0.475239 0.480674 0.487422 0.495574 0.505241 0.516561 0.529706 0.544885 0.562353 0.582429 0.605503 0.632067 0.662738 0.698306 0.739791 0.788537 0.846342 0.915673 1.000000 0.962295 0.887711 0.825703 0.773534 0.729218 0.691279 0.658601 0.630323 0.605773 0.584419 0.565835 0.549681 0.535677 0.523600 0.513265 0.504521 0.497249 0.491349 0.486747 0.483385 0.481219 0.480225 0.480390 0.481716 0.484218 0.487929 0.492893 0.499175 0.506855 0.516038 0.526853 0.539458 3415.500000 1.412666 0.718681
0.901984 0.826762 0.764822 0.713114 0.669466 0.632288 0.600392 0.572874 0.549032 0.528318 0.510294 0.494612 0.480989 0.469197 0.459048 0.450391 0.443102 0.437082 0.432250 0.428546 0.425921 0.424345 0.423797 0.424271 0.425774 0.428323 0.431949 0.436698 0.442631 0.449826 0.458381 0.468419 0.480088 0.493573 0.509099 0.526945 0.547454 0.571055 0.598290 0.629845 0.666610 0.709749 0.760817 0.821937 0.896083 0.920151 0.859916 0.808911 0.765359 0.727920 0.695572 0.667515 0.643124 0.621898 0.603435 0.587411 0.573562 0.561674 0.551569 0.543108 0.536174 0.530677 0.526547 0.523734 0.522201 0.521931 0.522921 0.525181 0.528741 0.533644 0.539952 0.547745 0.557129 0.568233 0.581217 0.596278 0.613659 0.633655 0.656634 0.683049 0.713470 0.748614 0.789400 0.837019 0.814276 0.760774 0.715486 0.676826 0.643600 0.614896 0.590004 0.568365 0.549534 0.533154 0.518936 0.506645 0.496091 0.487117 0.479597 0.473429 0.468531 0.464843 0.462317 0.460923 0.460643 0.461475 0.463429 0.466527 0.470810 0.476329 0.483158 0.491386 0.501128 0.512523 0.525744 0.541004 0.558562 0.578738 0.601932 0.628639 0.659489 0.695285 0.737067 0.786207 0.844548 0.914620 1.000000 0.994900 1734.000000 1.271617 0.591757
0.762414 0.760996 0.761416 0.763676 0.767805 0.773853 0.781896 0.792036 0.804406 0.819173 0.836545 0.856779 0.880189 0.907161 0.938170 0.973803 0.993633 0.963542 0.937411 0.914806 0.895372 0.878820 0.864914 0.853465 0.844323 0.837371 0.832522 0.829715 0.828918 0.830121 0.833337 0.838606 0.845994 0.855592 0.867525 0.881949 0.893044 0.857195 0.826027 0.798903 0.775313 0.754841 0.737153 0.721975 0.709083 0.698296 0.689468 0.682484 0.677256 0.673718 0.671827 0.671559 0.672912 0.675903 0.680567 0.686962 0.695169 0.705294 0.717472 0.731873 0.748704 0.768222 0.785390 0.802278 0.821932 0.844659 0.870836 0.900927 0.935507 0.975291 1.000000 0.968989 0.942044 0.918711 0.898619 0.881464 0.867002 0.855033 0.845399 0.837976 0.832671 0.829418 0.828178 0.828935 0.831700 0.836504 0.843409 0.852499 0.863891 0.875872 0.855683 0.838377 0.823703 0.811454 0.801467 0.793612 0.787788 0.783924 0.781973 0.781910 0.783735 0.787470 0.793161 0.800879 0.810720 0.822812 0.837319 0.844757 0.824634 0.807348 0.792641 0.780307 0.770178 0.762121 0.756034 0.751840 0.749487 0.748948 0.750216 0.753306 0.758256 0.765127 0.774005 0.785004 0.787136 0.777968 0.770848 0.765684 6334.500000 1.146164 0.882590
0.908799 0.846261 0.793564 0.748744 0.710336 0.677228 0.648561 0.623664 0.602005 0.583158 0.566778 0.552589 0.540362 0.529914 0.521094 0.513780 0.507875 0.503303 0.500007 0.497945 0.497093 0.497440 0.498990 0.501763 0.505792 0.511127 0.517837 0.526010 0.535756 0.547213 0.560551 0.575978 0.593748 0.614177 0.637653 0.664659 0.695805 0.731862 0.773828 0.823002 0.775187 0.725728 0.683751 0.647839 0.616923 0.590181 0.566970 0.546782 0.529215 0.513940 0.500695 0.489264 0.479473 0.471179 0.464267 0.458643 0.454235 0.450988 0.448860 0.447825 0.447872 0.449001 0.451226 0.454573 0.459084 0.464817 0.471845 0.480265 0.490192 0.501774 0.515186 0.530649 0.548431 0.568864 0.592361 0.619439 0.650755 0.687148 0.729715 0.779908 0.839687 0.911770 1.000000 0.902947 0.824877 0.760920 0.707750 0.663018 0.625020 0.592492 0.564474 0.540230 0.519181 0.500873 0.484940 0.471090 0.459084 0.448729 0.439867 0.432370 0.426133 0.421074 0.417127 0.414241 0.412382 0.411527 0.411664 0.412797 0.414938 0.418114 0.422365 0.427744 0.434321 0.442186 0.451448 0.462244 0.474741 0.489144 0.505704 0.524733 0.546619 0.571847 0.601035 0.634975 0.674699 0.721581 0.777476 0.844965 4176.500000 1.244771 0.593877
0.976621 0.915678 0.863852 0.819448 0.781175 0.748039 0.719262 0.694228 0.672443 0.653511 0.637108 0.622972 0.610890 0.600687 0.592223 0.585384 0.580083 0.576253 0.573847 0.572835 0.573205 0.576412 0.581394 0.587891 0.595987 0.605789 0.617430 0.631079 0.646938 0.665258 0.686349 0.710588 0.738446 0.770509 0.807517 0.806228 0.769787 0.738199 0.710746 0.686857 0.666074 0.648028 0.632416 0.618996 0.607566 0.597965 0.590062 0.583754 0.582748 0.583451 0.585568 0.589125 0.594165 0.600752 0.608970 0.618928 0.630762 0.644641 0.660771 0.679409 0.700866 0.725527 0.735857 0.727672 0.721386 0.716919 0.714218 0.713249 0.714000 0.716480 0.720721 0.726773 0.734712 0.744641 0.756689 0.771022 0.787843 0.807402 0.830009 0.856039 0.885958 0.920341 0.911172 0.846229 0.791709 0.745475 0.705950 0.671943 0.642538 0.617023 0.594836 0.575527 0.558736 0.544170 0.531593 0.520811 0.511665 0.504028 0.497798 0.492892 0.489250 0.486825 0.486286 0.486946 0.488787 0.491831 0.496116 0.501695 0.508641 0.517045 0.527022 0.538715 0.552300 0.567991 0.586053 0.606811 0.630669 0.658130 0.689350 0.707633 0.728716 0.752963 0.780826 0.812863 0.849777 0.892455 0.942035 1.000000 2422.000000 1.160815 0.729091
0.591619 0.633851 0.684352 0.745548 0.820935 0.888500 0.830169 0.780791 0.738637 0.702406 0.671105 0.643960 0.620362 0.599826 0.581963 0.566459 0.553057 0.541549 0.531765 0.523567 0.516845 0.511509 0.507493 0.504745 0.503234 0.502939 0.503857 0.506001 0.509395 0.514081 0.520120 0.527587 0.536585 0.547235 0.559692 0.574146 0.590826 0.610019 0.632074 0.657426 0.686621 0.720345 0.681345 0.641006 0.606556 0.576939 0.551346 0.529148 0.509849 0.493054 0.478446 0.465769 0.454814 0.445410 0.437420 0.430731 0.425252 0.420913 0.417657 0.415444 0.414247 0.414052 0.414855 0.416668 0.419512 0.423421 0.428447 0.434652 0.442121 0.450956 0.461286 0.473267 0.487091 0.502996 0.521272 0.542283 0.566480 0.594437 0.626885 0.664773 0.709355 0.762315 0.825972 0.903603 1.000000 0.939771 0.839773 0.760666 0.696714 0.644113 0.600241 0.563235 0.531733 0.504720 0.481423 0.461244 0.443714 0.428463 0.415192 0.403661 0.393677 0.385080 0.377740 0.371554 0.366436 0.362318 0.359146 0.356883 0.355498 0.354976 0.355311 0.356506 0.358575 0.361545 0.365452 0.370347 0.376293 0.383372 0.391684 0.401353 0.412530 0.425402 0.440197 0.457200 0.476764 0.499334 0.525475 0.555918 1254.500000 1.508364 0.567896
0.863587 0.819138 0.780830 0.747665 0.718864 0.693809 0.672006 0.653057 0.636639 0.622489 0.610393 0.600177 0.591698 0.584846 0.579530 0.575685 0.573262 0.572232 0.572583 0.574318 0.577460 0.582046 0.588134 0.595801 0.605147 0.616300 0.629417 0.644691 0.662360 0.674547 0.654624 0.637336 0.622397 0.609578 0.598690 0.589579 0.582123 0.576224 0.571807 0.568816 0.567217 0.566988 0.568128 0.570650 0.574585 0.579981 0.586907 0.595453 0.605731 0.617885 0.632091 0.648565 0.667572 0.689438 0.714564 0.743450 0.776719 0.815161 0.859786 0.911904 0.973243 1.000000 0.935249 0.880365 0.833463 0.793119 0.758243 0.727985 0.701674 0.678777 0.658865 0.641589 0.626667 0.613869 0.603006 0.593927 0.586510 0.580657 0.576294 0.573368 0.571842 0.571697 0.572932 0.575563 0.579620 0.585155 0.592237 0.600958 0.611434 0.623812 0.638271 0.655031 0.674364 0.695065 0.672759 0.653365 0.636548 0.622037 0.609608 0.599081 0.590309 0.583175 0.577587 0.573473 0.570782 0.569482 0.569557 0.571008 0.573852 0.578125 0.583878 0.591186 0.600144 0.610871 0.623518 0.638270 0.655354 0.675048 0.697696 0.723721 0.753648 0.788137 0.828025 0.874385 0.928613 0.992562 0.976486 0.915469 4626.000000 1.485166 0.727418
0.700349 0.686735 0.675235 0.665692 0.657978 0.651993 0.647663 0.644933 0.643770 0.644160 0.646109 0.649639 0.654794 0.661638 0.670259 0.680768 0.693310 0.708060 0.725236 0.745106 0.767998 0.794316 0.814996 0.755678 0.705995 0.663942 0.628046 0.597197 0.570546 0.547435 0.527345 0.509861 0.494654 0.481453 0.470042 0.460242 0.451908 0.444925 0.444859 0.453455 0.463527 0.475228 0.488743 0.504300 0.522179 0.542728 0.566381 0.593684 0.625337 0.662240 0.705577 0.756936 0.818484 0.893270 0.985711 1.000000 0.936988 0.883449 0.837606 0.798114 0.763936 0.734261 0.708448 0.685985 0.666459 0.649535 0.634941 0.622455 0.611897 0.603119 0.596005 0.590463 0.586423 0.583835 0.582666 0.582394 0.579238 0.577499 0.577157 0.578208 0.580664 0.584555 0.589929 0.596855 0.605420 0.615740 0.627958 0.642248 0.658828 0.677963 0.699980 0.725280 0.728932 0.708963 0.691681 0.676813 0.664137 0.653473 0.644674 0.637625 0.632235 0.628436 0.626182 0.625446 0.626218 0.628509 0.632345 0.637774 0.644864 0.653706 0.664417 0.667323 0.666520 0.667323 0.669745 0.673813 0.679578 0.687111 0.696511 0.707901 0.721436 0.737309 0.755759 0.777075 0.780615 0.756078 0.734752 0.716274 763.000000 1.178963 0.720691
0.786881 0.771253 0.758025 0.747012 0.738067 0.731074 0.725945 0.722616 0.721047 0.721218 0.723131 0.726811 0.732301 0.739671 0.749012 0.760449 0.774134 0.790259 0.809061 0.830829 0.855921 0.884773 0.917926 0.956054 1.000000 0.964935 0.929498 0.898660 0.871836 0.848551 0.828422 0.811134 0.796433 0.784111 0.774000 0.765968 0.759913 0.755760 0.753457 0.752977 0.754313 0.757482 0.762522 0.769497 0.778492 0.789626 0.803045 0.818935 0.837525 0.859096 0.883994 0.885553 0.859464 0.836826 0.817269 0.800490 0.786241 0.774324 0.764577 0.756873 0.751114 0.747229 0.745170 0.744911 0.746451 0.749807 0.755020 0.762155 0.771303 0.782581 0.796139 0.812168 0.830897 0.852614 0.877667 0.906486 0.939604 0.970311 0.935111 0.904477 0.877836 0.854718 0.834747 0.817612 0.803062 0.790893 0.780941 0.773075 0.767196 0.763231 0.761130 0.760869 0.762445 0.765875 0.771203 0.778495 0.787841 0.799364 0.813217 0.829593 0.848728 0.853886 0.836425 0.821603 0.809213 0.799088 0.791095 0.785133 0.781128 0.779031 0.778817 0.780482 0.784048 0.789556 0.797077 0.806705 0.818564 0.832813 0.849650 0.869319 0.892121 0.918423 0.948117 0.911029 0.878771 0.850698 0.826293 0.805134 1462.500000 1.033389 0.852765
0.847302 0.877831 0.912923 0.953330 1.000000 0.980214 0.934714 0.895312 0.861087 0.831312 0.805403 0.782889 0.763389 0.746591 0.732243 0.720137 0.710109 0.702024 0.695778 0.687529 0.672769 0.660186 0.649601 0.640870 0.633877 0.628533 0.624771 0.622544 0.621826 0.622608 0.624900 0.628728 0.634141 0.641206 0.650013 0.654220 0.649385 0.646167 0.644525 0.644440 0.645911 0.648956 0.653611 0.659936 0.668009 0.677935 0.689847 0.703912 0.720334 0.739364 0.761311 0.771848 0.784241 0.798994 0.816318 0.836469 0.859763 0.886590 0.917425 0.952861 0.993635 0.975347 0.928092 0.887244 0.851806 0.820992 0.794175 0.770854 0.750619 0.733141 0.718149 0.705424 0.694786 0.686092 0.679230 0.674111 0.670672 0.668872 0.668688 0.670117 0.669168 0.667243 0.666932 0.668230 0.671152 0.675736 0.682037 0.690135 0.700135 0.712169 0.726405 0.743049 0.762352 0.784626 0.810252 0.824834 0.796859 0.772519 0.751378 0.733083 0.717345 0.703928 0.692642 0.683332 0.675876 0.670178 0.666167 0.663792 0.663027 0.663861 0.666304 0.670386 0.676157 0.683690 0.693081 0.699792 0.699327 0.700549 0.703473 0.708135 0.714592 0.722925 0.733242 0.745680 0.760412 0.777648 0.797649 0.820737 1519.500000 1.204008 0.829479
0.764446 0.801724 0.844964 0.895415 0.889628 0.859960 0.834153 0.811747 0.792373 0.775728 0.761564 0.749682 0.739920 0.732150 0.726273 0.722216 0.719928 0.719383 0.720573 0.723513 0.725978 0.729934 0.735715 0.743394 0.753068 0.764864 0.778942 0.795501 0.814784 0.837092 0.862793 0.861520 0.833307 0.808770 0.787479 0.769086 0.753305 0.739906 0.728701 0.719537 0.712295 0.706883 0.703235 0.701305 0.701070 0.702527 0.703828 0.691455 0.681122 0.672690 0.666050 0.661116 0.657828 0.656145 0.656048 0.657534 0.660622 0.665350 0.671776 0.679981 0.690073 0.702185 0.716487 0.733187 0.752541 0.770901 0.755498 0.742452 0.731581 0.722740 0.715814 0.710715 0.707381 0.705770 0.705863 0.707661 0.711186 0.709223 0.708310 0.709105 0.711618 0.715879 0.721942 0.729882 0.739800 0.751827 0.766129 0.782908 0.802414 0.824956 0.850910 0.880740 0.915023 0.954475 1.000000 0.975063 0.913286 0.860821 0.815915 0.777241 0.743779 0.714730 0.689463 0.667474 0.648359 0.631787 0.617492 0.605256 0.594900 0.586281 0.579285 0.573819 0.569815 0.567224 0.566014 0.566170 0.568655 0.573785 0.580420 0.588644 0.598567 0.610326 0.624090 0.640067 0.658512 0.679737 0.704128 0.732165 1276.500000 1.184957 0.811433
0.882858 0.925794 0.929606 0.888438 0.852729 0.821683 0.794665 0.771166 0.750773 0.733152 0.718030 0.705183 0.694431 0.685629 0.678662 0.673441 0.669902 0.668000 0.667713 0.669037 0.671989 0.676604 0.682940 0.691076 0.701117 0.713198 0.727486 0.744188 0.763558 0.785906 0.811617 0.821981 0.791030 0.764099 0.740667 0.720312 0.702695 0.687535 0.674606 0.663724 0.654740 0.647535 0.642017 0.638116 0.635785 0.634995 0.635736 0.638018 0.641869 0.647335 0.654485 0.663411 0.674231 0.687092 0.702178 0.719714 0.739976 0.763305 0.790118 0.820933 0.856396 0.897320 0.944742 1.000000 0.962067 0.911129 0.867297 0.829396 0.796507 0.767907 0.743017 0.721373 0.702599 0.686389 0.672494 0.660710 0.650874 0.642851 0.636539 0.631857 0.628748 0.627172 0.627111 0.628564 0.631549 0.636102 0.642279 0.650160 0.659846 0.671466 0.685184 0.701198 0.719755 0.741154 0.765766 0.794047 0.826565 0.864030 0.870480 0.834932 0.804034 0.777147 0.753756 0.733448 0.715885 0.700792 0.687946 0.677164 0.668300 0.661237 0.655886 0.652179 0.650071 0.649537 0.650569 0.653181 0.657403 0.663289 0.670913 0.680371 0.691791 0.705329 0.721179 0.739581 0.760827 0.785278 0.813377 0.845674 7289.500000 1.141342 0.775096
0.881112 0.940033 1.000000 0.942168 0.892692 0.850098 0.813255 0.781276 0.753463 0.729259 0.708215 0.689967 0.674219 0.660730 0.649304 0.639781 0.632034 0.625963 0.621490 0.618560 0.617137 0.617205 0.618763 0.621831 0.626446 0.632666 0.640569 0.650259 0.661865 0.675550 0.691514 0.710002 0.731317 0.755828 0.783993 0.816381 0.853707 0.884360 0.840692 0.802977 0.770277 0.741853 0.717118 0.695601 0.676921 0.660768 0.646891 0.635082 0.625176 0.617038 0.610562 0.605663 0.602283 0.600378 0.599925 0.600920 0.603374 0.607318 0.612799 0.619887 0.628674 0.639275 0.651837 0.666541 0.683608 0.703311 0.725984 0.752040 0.781991 0.816474 0.801320 0.784229 0.769668 0.757428 0.747345 0.739283 0.733142 0.728842 0.726333 0.725582 0.726582 0.729344 0.733902 0.740312 0.748655 0.759037 0.771595 0.786504 0.803974 0.824269 0.847711 0.874694 0.852378 0.806448 0.766969 0.732857 0.703272 0.677553 0.655171 0.635703 0.618806 0.604202 0.591664 0.581007 0.572081 0.564765 0.558963 0.554602 0.551627 0.550001 0.549706 0.550737 0.553107 0.556844 0.561996 0.568627 0.576822 0.586690 0.598369 0.612027 0.627870 0.646154 0.667190 0.691364 0.719152 0.751153 0.788123 0.831025 12809.000000 1.170823 0.757054
0.854978 0.786342 0.729534 0.681913 0.641579 0.607131 0.577514 0.551920 0.529720 0.510419 0.493623 0.479014 0.466336 0.455380 0.445977 0.437989 0.431302 0.425827 0.421492 0.418242 0.416036 0.414847 0.414661 0.415476 0.417301 0.420159 0.424086 0.429130 0.435356 0.442849 0.451711 0.462072 0.474087 0.487951 0.503901 0.522229 0.543299 0.567566 0.595604 0.628148 0.666151 0.710872 0.764003 0.827872 0.905776 0.999620 0.922255 0.857923 0.803791 0.757801 0.718427 0.684510 0.655158 0.629674 0.607508 0.588218 0.571449 0.556915 0.544380 0.533655 0.524583 0.517040 0.510924 0.506155 0.502675 0.500440 0.499422 0.499610 0.501005 0.503625 0.507501 0.512682 0.519234 0.527242 0.536814 0.548085 0.561221 0.576425 0.593945 0.614091 0.637239 0.663864 0.694556 0.730068 0.771365 0.819708 0.786748 0.741582 0.702922 0.669627 0.640816 0.615806 0.594051 0.575119 0.558661 0.544394 0.532087 0.521553 0.512639 0.505221 0.499201 0.494499 0.491057 0.488833 0.487798 0.487940 0.489262 0.491778 0.495521 0.500536 0.506888 0.514658 0.523952 0.534901 0.547664 0.562439 0.579469 0.599050 0.621550 0.647427 0.677255 0.711762 0.751882 0.798835 0.854237 0.920280 1.000000 0.939220 19649.000000 1.284003 0.590403
0.909420 0.872990 0.841316 0.813751 0.789777 0.768975 0.751004 0.735584 0.722491 0.711540 0.702584 0.695504 0.690213 0.686642 0.684750 0.684513 0.685927 0.689011 0.693802 0.690484 0.674959 0.661676 0.650442 0.641103 0.633532 0.627632 0.623329 0.620569 0.619320 0.619564 0.621307 0.624568 0.629387 0.635826 0.628773 0.621391 0.615646 0.611466 0.608799 0.607613 0.607893 0.609643 0.612883 0.617654 0.624015 0.632047 0.641855 0.653571 0.667361 0.683427 0.702019 0.723442 0.748072 0.776375 0.801711 0.787821 0.776242 0.766820 0.759431 0.753982 0.750405 0.748658 0.748718 0.750587 0.754286 0.759862 0.767383 0.776946 0.788673 0.802724 0.819293 0.838624 0.813093 0.785948 0.762334 0.741833 0.724105 0.708872 0.695908 0.685031 0.676093 0.668975 0.663588 0.659864 0.657757 0.657242 0.658312 0.660981 0.665281 0.671265 0.679008 0.688610 0.700199 0.713933 0.730011 0.748676 0.717388 0.687841 0.662163 0.639820 0.620381 0.603500 0.588893 0.576333 0.565632 0.556637 0.549227 0.543302 0.538789 0.535629 0.533785 0.533234 0.533968 0.542474 0.556469 0.572620 0.591204 0.612559 0.637108 0.665376 0.698029 0.735917 0.780141 0.832153 0.893903 0.968070 1.000000 0.951414 868.000000 1.227766 0.805642
0.524819 0.527236 0.520719 0.515587 0.511777 0.509241 0.507947 0.507880 0.509039 0.511439 0.515108 0.520092 0.526454 0.534277 0.543665 0.554749 0.567691 0.582689 0.599985 0.619878 0.642737 0.669020 0.691108 0.683750 0.678164 0.674280 0.672049 0.671446 0.672462 0.675111 0.679423 0.685453 0.693276 0.702993 0.714732 0.728655 0.744962 0.763898 0.785764 0.810930 0.839851 0.873093 0.911360 0.955543 0.937767 0.870364 0.813830 0.765925 0.724995 0.689796 0.659371 0.632977 0.610028 0.590057 0.572687 0.557616 0.544596 0.533427 0.523942 0.516011 0.509526 0.504401 0.500572 0.492599 0.485238 0.479231 0.474500 0.470986 0.468643 0.467445 0.467375 0.468434 0.470634 0.474002 0.478580 0.484426 0.491615 0.500244 0.510433 0.522330 0.536117 0.552018 0.570307 0.591323 0.615486 0.643324 0.652167 0.652520 0.654451 0.657983 0.663159 0.670045 0.678727 0.689320 0.701967 0.716845 0.734175 0.754226 0.777328 0.803887 0.834407 0.869513 0.909992 0.956841 1.000000 0.926210 0.864501 0.812336 0.767853 0.729655 0.696676 0.668090 0.643245 0.621626 0.602818 0.586486 0.572358 0.560212 0.549869 0.541180 0.534029 0.528320 0.523981 0.520957 0.519212 0.518724 0.519487 0.521510 2187.500000 1.526887 0.749408
0.667844 0.701095 0.739706 0.784819 0.837942 0.829208 0.782100 0.741748 0.706974 0.676873 0.650734 0.627995 0.608208 0.591010 0.576107 0.563261 0.552277 0.542996 0.535290 0.529057 0.524215 0.520705 0.518481 0.517518 0.517804 0.519342 0.522151 0.526265 0.531735 0.538632 0.547045 0.557089 0.568904 0.582665 0.598587 0.616931 0.638021 0.662255 0.690132 0.722275 0.759477 0.802758 0.853452 0.913327 0.984790 0.916259 0.839710 0.776693 0.724097 0.679705 0.641900 0.609469 0.581491 0.557253 0.536194 0.517871 0.501929 0.488079 0.476089 0.465770 0.456966 0.449551 0.443424 0.438504 0.434729 0.432049 0.430433 0.429861 0.430325 0.431832 0.434400 0.438060 0.442858 0.448856 0.456132 0.464787 0.474942 0.486750 0.500397 0.516109 0.534170 0.554925 0.578809 0.606368 0.638297 0.675494 0.719134 0.770787 0.832595 0.907557 1.000000 0.995567 0.916313 0.850645 0.795549 0.748849 0.708942 0.674616 0.644942 0.619198 0.596812 0.577331 0.560389 0.545690 0.532994 0.522104 0.512861 0.505136 0.498823 0.493842 0.490128 0.487635 0.486333 0.486207 0.487254 0.489487 0.492934 0.497638 0.503656 0.511069 0.519974 0.530496 0.542787 0.557035 0.573470 0.592375 0.614098 0.639074 3997.000000 1.254717 0.592954
0.834581 0.852725 0.833584 0.814507 0.798164 0.784316 0.772771 0.763372 0.755999 0.750558 0.746982 0.745226 0.745269 0.747113 0.750778 0.756311 0.763780 0.773279 0.784933 0.798896 0.815366 0.834582 0.838318 0.821331 0.806924 0.794896 0.785085 0.777363 0.771632 0.767821 0.765884 0.765796 0.767558 0.771190 0.776736 0.771361 0.755404 0.741845 0.730493 0.721194 0.713828 0.708299 0.704539 0.702503 0.702165 0.703521 0.706589 0.711404 0.718027 0.726541 0.737057 0.749714 0.764688 0.782195 0.802501 0.797484 0.787194 0.779019 0.772855 0.768625 0.766277 0.765782 0.767135 0.770352 0.775472 0.782559 0.791700 0.803016 0.816655 0.832807 0.851704 0.873632 0.898942 0.928064 0.961530 1.000000 0.977975 0.923046 0.875956 0.835353 0.800189 0.769646 0.743073 0.719950 0.699857 0.682456 0.667467 0.654666 0.643869 0.634927 0.627722 0.622160 0.618172 0.615709 0.614740 0.619807 0.626663 0.635221 0.645592 0.657918 0.672376 0.689182 0.708599 0.730955 0.756649 0.786179 0.820163 0.859381 0.904828 0.902949 0.877929 0.856266 0.837615 0.821697 0.808284 0.797191 0.788272 0.781411 0.776524 0.773550 0.772452 0.773217 0.775854 0.780397 0.786899 0.795443 0.806139 0.819126 1412.500000 1.047015 0.850943
0.808464 0.797393 0.781460 0.767966 0.756721 0.747576 0.740412 0.735138 0.731689 0.730023 0.730119 0.731979 0.735625 0.741102 0.748478 0.757846 0.769328 0.783079 0.799291 0.818202 0.840102 0.865349 0.894381 0.927742 0.966106 0.970342 0.933036 0.900581 0.872339 0.847795 0.826531 0.808207 0.792546 0.779322 0.768353 0.759492 0.752626 0.747668 0.744557 0.743255 0.743746 0.746036 0.750153 0.756148 0.764094 0.774094 0.786279 0.800813 0.817903 0.837800 0.860814 0.887327 0.917807 0.894725 0.867874 0.844563 0.824405 0.807087 0.792350 0.779988 0.769831 0.761747 0.755633 0.751412 0.749032 0.748464 0.749702 0.752761 0.757677 0.764513 0.773352 0.784310 0.797532 0.813200 0.831539 0.852827 0.877402 0.897746 0.868269 0.842632 0.820386 0.801164 0.784669 0.770659 0.758937 0.749344 0.741755 0.736074 0.732230 0.730176 0.729887 0.731359 0.734611 0.739681 0.746633 0.755555 0.766561 0.779799 0.795452 0.813748 0.834963 0.859440 0.887599 0.919956 0.957155 1.000000 0.971499 0.934650 0.902589 0.874692 0.850456 0.829471 0.811404 0.795984 0.782990 0.772244 0.763604 0.756958 0.752224 0.749343 0.748279 0.749020 0.751575 0.755975 0.762275 0.770551 0.780912 0.793492 1169.500000 1.042608 0.848723
0.527019 0.540942 0.556998 0.567953 0.577932 0.589715 0.603471 0.619413 0.637799 0.658944 0.683243 0.711181 0.743369 0.780578 0.823797 0.825282 0.824776 0.826260 0.829751 0.835293 0.842955 0.852831 0.865050 0.879775 0.897209 0.917602 0.941265 0.968576 1.000000 0.968534 0.878233 0.805108 0.744881 0.694594 0.652140 0.615975 0.584945 0.558172 0.534974 0.514819 0.497282 0.482023 0.468769 0.457296 0.447423 0.439003 0.431915 0.426063 0.421368 0.422991 0.431004 0.440408 0.451343 0.463981 0.478533 0.495260 0.514482 0.536602 0.562125 0.591693 0.609877 0.603456 0.598595 0.595235 0.593334 0.592869 0.593834 0.596241 0.600119 0.605516 0.612500 0.621161 0.631614 0.644003 0.658505 0.675341 0.694777 0.717144 0.742848 0.772393 0.806409 0.845690 0.891252 0.897016 0.886076 0.877489 0.871145 0.866966 0.864901 0.864924 0.867035 0.871262 0.877654 0.886292 0.897284 0.871303 0.811468 0.761039 0.718140 0.681373 0.649676 0.622230 0.598392 0.577653 0.559606 0.543924 0.530339 0.518636 0.508637 0.500198 0.493203 0.487560 0.483195 0.480054 0.478098 0.477303 0.475111 0.472756 0.471555 0.471493 0.472569 0.474796 0.478203 0.482830 0.488736 0.495998 0.504714 0.515004 10883.500000 1.549303 0.745515
0.723374 0.714222 0.706980 0.701556 0.697884 0.695917 0.695633 0.697028 0.700118 0.704942 0.711558 0.720051 0.730531 0.743136 0.758043 0.775466 0.795671 0.818983 0.845801 0.876618 0.912047 0.952851 1.000000 0.986797 0.968474 0.953073 0.940385 0.930241 0.922513 0.917103 0.913945 0.913001 0.914259 0.917735 0.923470 0.931536 0.931312 0.893576 0.860772 0.832226 0.807394 0.785840 0.767207 0.751205 0.737597 0.726192 0.716835 0.709403 0.703802 0.699961 0.697835 0.697396 0.698640 0.701581 0.706256 0.712722 0.721061 0.731380 0.743817 0.758543 0.775771 0.795760 0.818832 0.809596 0.799274 0.791094 0.784951 0.780769 0.778497 0.778107 0.779595 0.782978 0.788299 0.795622 0.805040 0.816674 0.830680 0.843918 0.838823 0.835791 0.834784 0.835791 0.838823 0.843918 0.851139 0.860574 0.872347 0.886612 0.903564 0.923445 0.946552 0.965269 0.937107 0.912678 0.891584 0.873499 0.858160 0.845352 0.834902 0.826675 0.820566 0.816499 0.814424 0.814317 0.816176 0.820023 0.815221 0.804219 0.795401 0.788654 0.783893 0.781059 0.780118 0.781059 0.783893 0.788654 0.795401 0.804219 0.815221 0.828552 0.844394 0.855771 0.827658 0.803206 0.781988 0.763654 0.747921 0.734557 1821.000000 1.251169 0.893491
0.945382 0.972728 1.000000 0.965749 0.935946 0.910055 0.887638 0.868341 0.851874 0.838000 0.826531 0.817314 0.810230 0.805191 0.802135 0.801025 0.801847 0.804610 0.809350 0.816123 0.825015 0.811192 0.797420 0.785970 0.776688 0.769456 0.764180 0.760797 0.759265 0.759565 0.761701 0.765699 0.771608 0.779501 0.789479 0.801672 0.816244 0.833402 0.853396 0.876536 0.903204 0.929598 0.900695 0.875582 0.853832 0.835099 0.819102 0.805610 0.794439 0.785439 0.778495 0.773521 0.770453 0.769256 0.769915 0.772437 0.776853 0.783218 0.791611 0.802139 0.814940 0.830190 0.848102 0.868945 0.893043 0.920798 0.952701 0.989364 0.982790 0.957297 0.935289 0.916428 0.900440 0.887100 0.876230 0.867688 0.861367 0.857186 0.855096 0.855071 0.857112 0.861241 0.867511 0.875998 0.878003 0.849674 0.825041 0.803678 0.785237 0.769436 0.756044 0.744873 0.735774 0.728630 0.723348 0.719864 0.718136 0.718141 0.719881 0.723376 0.728670 0.735827 0.744938 0.756123 0.769530 0.785348 0.803806 0.825189 0.849844 0.878199 0.893300 0.877069 0.863461 0.852290 0.843410 0.836709 0.832102 0.829533 0.828970 0.830408 0.833862 0.839377 0.847018 0.856884 0.869100 0.883830 0.901277 0.921691 3272.000000 1.161663 0.886207
0.843050 0.869447 0.899788 0.934657 0.974779 1.000000 0.966968 0.938237 0.913301 0.891748 0.873244 0.857517 0.844344 0.833547 0.813271 0.790845 0.771432 0.754724 0.740470 0.728467 0.718550 0.710589 0.704480 0.700149 0.697540 0.696622 0.697385 0.699837 0.704009 0.709951 0.717739 0.727471 0.739275 0.753315 0.769788 0.780644 0.769214 0.759918 0.752636 0.747275 0.743769 0.742075 0.742173 0.744063 0.747769 0.753337 0.760834 0.770357 0.782029 0.796007 0.802041 0.799755 0.799401 0.800977 0.804502 0.810017 0.817592 0.827321 0.839332 0.853783 0.870876 0.890857 0.914029 0.940767 0.971527 0.974018 0.935534 0.902067 0.872942 0.847617 0.825652 0.806692 0.790445 0.776673 0.765184 0.755825 0.748474 0.743036 0.733082 0.722159 0.713249 0.706237 0.701034 0.697576 0.695819 0.695743 0.697347 0.700651 0.705693 0.712538 0.721272 0.732008 0.744890 0.760097 0.777851 0.798424 0.822149 0.849436 0.880791 0.916844 0.900050 0.870382 0.844576 0.822181 0.802827 0.786213 0.772096 0.760276 0.750593 0.742921 0.737162 0.733245 0.731121 0.730765 0.732172 0.728542 0.725772 0.724761 0.725500 0.727995 0.732277 0.738400 0.746439 0.756498 0.768709 0.783238 0.800293 0.820126 19422.500000 1.191709 0.864393
0.504133 0.504741 0.506573 0.509649 0.514010 0.519708 0.526818 0.535432 0.545670 0.557676 0.571631 0.587754 0.606316 0.627650 0.652169 0.680387 0.712952 0.750691 0.794670 0.846288 0.907416 0.980608 1.000000 0.951136 0.908913 0.872292 0.840453 0.812746 0.788647 0.767732 0.749657 0.734141 0.720957 0.709917 0.700874 0.693708 0.688329 0.684669 0.682684 0.682350 0.683662 0.686636 0.691309 0.686560 0.675790 0.666934 0.659877 0.654528 0.650819 0.648707 0.648165 0.649186 0.651784 0.636806 0.620535 0.606500 0.594486 0.584319 0.575858 0.568990 0.563625 0.559696 0.557155 0.555970 0.556127 0.557628 0.560491 0.564751 0.570461 0.577694 0.586543 0.597129 0.609599 0.624138 0.640968 0.649336 0.648085 0.648398 0.650279 0.653751 0.658855 0.665656 0.674240 0.684720 0.697236 0.711966 0.729126 0.748983 0.771863 0.798168 0.828396 0.863165 0.903251 0.919515 0.894169 0.872229 0.853345 0.837237 0.823672 0.812467 0.803471 0.796571 0.791680 0.788736 0.787705 0.788574 0.747373 0.709239 0.676358 0.647882 0.623148 0.601629 0.582904 0.566633 0.552541 0.540403 0.530037 0.521293 0.514050 0.508214 0.503709 0.500478 0.498482 0.497696 0.498110 0.499730 0.502575 0.504741 3424.500000 1.421284 0.798534
