30
1000 1000
6 24 35 78 46 92 94 86 147 14 128 -13 91
5 22 29 47 30 58 43 51 60 21 65
8 -6 -7 20 -5 31 2 58 10 36 29 19 41 7 31 -7 18
8 59 27 68 23 86 27 93 43 83 58 68 60 56 56 50 42
3 22 25 111 71 29 110
8 61 31 75 34 87 39 102 49 90 69 74 66 66 57 59 50
7 -3 15 13 2 35 6 48 26 37 41 17 44 2 32
8 61 82 63 70 78 41 105 63 114 90 96 98 86 110 55 110
6 6 29 14 17 33 23 46 34 32 41 14 50
5 20 31 77 21 129 69 85 117 2 95
6 74 54 94 70 102 80 96 94 83 95 60 82
3 6 -15 61 28 5 79
8 31 20 46 3 73 -8 90 9 95 27 88 42 67 45 50 40
4 54 123 74 106 110 124 79 155
7 -2 30 11 21 30 19 41 37 31 54 18 51 0 49
6 95 -30 193 -22 238 66 187 101 128 86 73 61
8 7 44 50 26 73 44 107 66 76 104 48 117 17 103 -9 80
6 -24 56 9 5 65 5 118 71 91 138 -3 137
6 13 14 26 -2 44 -2 62 14 45 28 22 41
5 45 28 90 -3 115 48 83 109 20 84
5 1 97 93 99 171 127 105 184 19 201
5 18 5 69 -10 117 45 65 77 3 68
5 14 60 67 41 110 103 60 122 22 107
3 90 38 174 91 81 134
7 9 54 46 29 63 51 102 64 90 124 43 139 23 88
3 23 -2 68 16 14 44
8 -10 25 2 10 13 10 32 13 40 28 29 40 12 40 -4 37
4 -4 6 16 -10 47 5 17 29
6 10 93 57 68 98 51 130 100 95 145 52 151
8 11 23 47 7 66 26 78 41 57 60 45 77 8 72 22 44
