50
1000 1000
4 33 21 49 41 32 57 17 41
3 4 0 69 30 5 55
5 38 24 78 10 93 33 77 71 50 48
3 9 7 52 33 4 56
4 21 10 35 29 21 42 3 29
4 32 16 50 30 36 45 11 33
3 22 59 90 82 35 106
6 67 91 101 42 183 32 225 109 177 143 113 159
5 59 29 88 15 106 44 92 66 63 61
7 13 24 26 18 40 13 44 34 34 44 25 53 4 47
6 30 10 52 1 72 27 50 44 34 51 19 36
4 40 32 75 78 44 133 -22 88
4 0 48 40 28 76 59 38 70
6 58 124 132 112 154 167 139 245 49 237 -9 182
5 40 13 86 8 123 49 71 78 33 60
3 19 27 63 48 17 66
3 10 16 71 53 15 72
6 11 -4 26 -5 35 8 26 19 11 23 5 10
7 -9 35 28 9 77 16 88 49 83 94 40 108 -4 87
6 20 -5 55 -8 69 27 54 52 16 53 -13 24
6 -21 92 35 44 101 49 156 96 94 164 32 155
6 -21 7 -1 -10 33 -21 43 18 40 43 0 31
3 95 22 253 85 91 189
3 35 -28 119 38 34 89
7 -11 6 40 -24 77 -1 109 22 73 68 47 59 6 53
4 4 49 44 19 79 51 43 78
6 -17 19 7 5 28 2 55 19 30 47 14 41
6 -20 32 14 6 69 -5 62 41 65 80 12 84
6 -8 19 30 -6 56 -11 78 26 56 54 29 60
7 57 42 69 4 107 34 148 55 122 107 61 106 27 83
3 35 36 119 82 40 134
3 51 152 221 186 55 288
3 24 9 60 26 23 42
7 56 91 64 34 136 59 156 118 118 144 58 163 52 128
7 85 172 157 131 224 135 276 205 214 256 148 250 87 231
4 -24 19 30 -25 101 33 36 74
3 15 1 70 24 10 61
3 30 45 103 79 24 132
3 196 113 302 174 191 245
8 1 26 8 1 32 20 40 31 36 51 13 69 3 49 -13 40
5 6 31 41 6 67 56 56 101 2 86
3 25 -10 116 38 24 60
6 28 52 44 44 68 33 66 53 60 72 42 72
8 27 10 59 -10 118 16 121 65 102 83 62 88 41 82 17 51
6 48 -4 90 0 147 37 87 75 47 74 3 38
4 42 18 92 64 29 102 -14 68
7 15 21 30 12 55 1 54 27 60 57 32 55 15 42
8 8 39 14 32 20 27 31 29 35 40 31 50 21 55 9 51
6 3 4 24 0 21 15 19 29 5 26 -10 16
8 -7 23 32 14 67 20 75 53 53 64 33 68 9 68 -2 46
