35
1000 1000
7 99 97 133 90 175 102 205 122 176 173 132 177 83 151
4 38 4 69 23 40 46 15 30
8 7 42 54 26 113 39 142 96 113 134 49 151 10 135 -14 94
7 22 4 36 -7 53 -7 71 17 51 38 27 40 16 30
6 -1 69 10 14 70 29 77 67 68 122 21 114
7 6 17 25 12 42 9 50 25 42 36 28 40 12 33
7 2 27 31 -20 75 -12 106 31 80 83 44 78 5 61
4 91 3 140 52 85 114 21 60
5 -15 23 59 34 91 79 66 121 24 108
6 161 218 173 160 229 163 244 211 253 285 173 293
4 63 28 87 55 54 85 27 58
7 35 29 52 19 66 20 83 43 68 59 47 61 34 49
7 2 20 27 18 42 22 54 44 45 57 25 70 12 47
5 38 58 65 32 84 76 70 93 34 88
3 67 110 129 137 66 166
3 95 80 143 126 98 151
8 -18 49 10 23 37 20 58 27 85 63 69 77 31 88 16 81
6 172 96 243 83 263 137 224 181 185 184 178 142
7 7 8 24 4 40 8 51 23 33 33 23 48 5 36
6 62 53 92 49 99 85 87 100 59 103 47 81
7 32 51 50 19 89 42 126 60 81 90 59 97 36 77
7 -28 0 35 -11 84 5 126 41 94 108 41 105 -10 59
6 -5 43 40 5 88 5 117 53 90 99 37 84
5 20 8 38 -8 58 15 35 35 8 27
5 20 3 38 -5 60 16 38 31 11 32
6 34 20 61 15 72 51 54 61 34 73 28 48
8 27 9 56 -8 95 -3 87 43 80 54 65 84 36 62 19 42
6 37 25 75 17 105 56 74 112 40 96 -9 69
5 347 196 463 160 510 246 428 331 350 292
5 25 18 89 -23 110 57 86 110 40 74
5 94 109 141 92 172 128 135 161 97 150
8 14 148 39 97 91 110 121 118 143 156 126 191 79 194 34 220
8 45 -3 80 -8 109 24 149 65 100 77 73 100 42 82 28 61
5 15 14 31 0 44 20 35 45 5 30
5 25 59 52 48 62 75 46 101 4 95
