30
1000 1000
8 50 37 71 -9 112 26 133 70 110 84 75 100 47 97 32 59
3 67 28 149 62 66 105
6 28 45 60 50 72 73 67 96 41 94 21 76
4 7 30 31 18 52 35 28 48
8 33 155 61 129 105 122 163 114 197 173 168 258 103 253 60 214
5 38 30 53 26 74 43 53 62 29 54
7 51 33 126 27 176 7 193 61 179 134 109 171 43 121
8 77 40 96 30 112 39 134 57 108 74 95 92 75 72 55 58
6 26 25 75 24 101 67 80 92 40 90 -21 68
7 -6 21 30 1 51 9 92 46 73 75 31 75 -15 55
8 30 4 57 -6 111 5 85 46 104 85 63 77 38 64 10 44
5 8 28 30 26 39 47 30 57 9 54
5 15 24 81 -15 111 63 87 125 38 85
6 -15 38 7 11 43 12 43 44 40 68 1 66
5 -8 68 97 48 151 110 115 187 18 167
6 14 -2 46 5 66 31 47 52 21 60 4 36
5 -17 36 60 19 92 72 53 96 -1 101
8 17 30 24 23 41 27 47 41 39 52 25 55 15 51 7 44
5 21 23 60 17 99 41 57 71 22 61
3 9 12 81 43 3 69
3 75 34 213 104 51 194
5 12 31 30 28 45 39 31 53 10 49
6 21 34 35 24 51 23 52 34 53 55 28 51
5 31 15 47 4 63 26 46 42 29 33
5 2 9 19 6 35 21 24 35 3 32
7 3 15 14 7 28 9 34 23 24 29 14 33 -1 27
6 61 57 99 56 133 108 93 146 58 150 9 112
7 1 27 22 20 34 24 41 36 47 56 19 47 10 38
6 10 4 38 -3 46 17 32 45 9 36 -17 26
7 19 6 37 1 49 7 56 22 46 32 38 37 21 29
