0.740943 0.711861 0.686567 0.664555 0.645418 0.628824 0.614505 0.602242 0.591858 0.583206 0.576172 0.570664 0.566612 0.563966 0.562695 0.562782 0.564228 0.567051 0.571286 0.576985 0.584221 0.593087 0.603703 0.616219 0.630815 0.647718 0.667204 0.689611 0.715359 0.744969 0.779093 0.818560 0.864433 0.918096 0.981384 1.000000 0.951534 0.909640 0.873294 0.841690 0.814187 0.790269 0.769516 0.751589 0.736213 0.723160 0.712247 0.703329 0.696287 0.691034 0.687503 0.685651 0.685456 0.686916 0.690047 0.694889 0.701502 0.709968 0.720398 0.732931 0.747741 0.765043 0.785101 0.808238 0.834853 0.865436 0.837182 0.805707 0.778321 0.754493 0.733796 0.715883 0.700470 0.687329 0.676270 0.667144 0.659829 0.654231 0.650282 0.647931 0.647150 0.647931 0.650282 0.654231 0.659829 0.667144 0.676270 0.687329 0.700470 0.715883 0.733796 0.754493 0.778321 0.805707 0.836125 0.811081 0.789340 0.770542 0.754393 0.740655 0.729134 0.719673 0.712148 0.706463 0.702547 0.700352 0.699852 0.701040 0.703930 0.708559 0.714983 0.723283 0.733565 0.745968 0.760661 0.777856 0.797812 0.820850 0.847359 0.877823 0.912840 0.953159 0.999724 0.972669 0.910736 0.858161 0.813178 0.774448 797.500000 1.186305 0.759368
1.000000 0.998222 0.945628 0.900359 0.861206 0.827227 0.797675 0.771958 0.749596 0.730204 0.713464 0.699122 0.686967 0.676830 0.668576 0.662096 0.657309 0.654155 0.652596 0.652612 0.654205 0.657393 0.662216 0.668733 0.677026 0.687205 0.699404 0.713795 0.730588 0.750041 0.772470 0.798263 0.827902 0.861984 0.833089 0.807074 0.784468 0.764886 0.748016 0.733603 0.721440 0.711360 0.703229 0.696941 0.692418 0.689604 0.688464 0.688986 0.691174 0.695057 0.700680 0.708116 0.717457 0.728828 0.742382 0.758312 0.776852 0.769442 0.757063 0.746846 0.738657 0.732391 0.727969 0.725338 0.724464 0.725338 0.727969 0.732391 0.738657 0.746846 0.757063 0.769442 0.784154 0.801408 0.821461 0.844631 0.871305 0.863035 0.838692 0.817600 0.799422 0.783882 0.770756 0.759863 0.751058 0.744226 0.739283 0.736167 0.734840 0.735285 0.737510 0.741539 0.747423 0.755236 0.765076 0.777072 0.791388 0.764629 0.739523 0.717688 0.698740 0.682368 0.668319 0.656386 0.646402 0.638232 0.631768 0.626929 0.623655 0.621906 0.621659 0.622913 0.625682 0.630001 0.635922 0.643521 0.652895 0.664170 0.677502 0.693084 0.711154 0.732001 0.755984 0.783544 0.815227 0.851718 0.893884 0.942832 13877.500000 1.125819 0.824918
0.713645 0.720404 0.729066 0.726439 0.712056 0.699884 0.689755 0.681534 0.675114 0.670413 0.667375 0.665960 0.666153 0.667956 0.671391 0.676499 0.667838 0.659998 0.653896 0.649456 0.646623 0.645363 0.645660 0.647518 0.650960 0.656027 0.662783 0.671314 0.681731 0.694175 0.708821 0.725885 0.745631 0.768385 0.794545 0.824606 0.859182 0.899046 0.945176 0.998833 1.000000 0.953930 0.914023 0.879354 0.849190 0.822944 0.800141 0.780397 0.763399 0.748892 0.736667 0.726557 0.718428 0.712175 0.707721 0.705010 0.704009 0.704707 0.707111 0.711250 0.717177 0.724964 0.734712 0.746548 0.760634 0.777171 0.760821 0.737777 0.717766 0.700455 0.685572 0.672896 0.662246 0.653478 0.646477 0.641151 0.637436 0.635286 0.634673 0.635592 0.638053 0.642085 0.647740 0.655087 0.664221 0.675263 0.688365 0.703714 0.721541 0.742129 0.765826 0.793060 0.791512 0.782442 0.775425 0.770372 0.767220 0.765932 0.766492 0.768906 0.773204 0.779438 0.787687 0.798056 0.810680 0.825732 0.843423 0.864016 0.887832 0.915266 0.935035 0.897609 0.865068 0.836750 0.812121 0.790751 0.772289 0.756451 0.743003 0.731757 0.722561 0.715296 0.709868 0.706210 0.704278 0.704048 0.705517 0.708703 833.000000 1.197225 0.848803
0.941415 0.918277 0.888552 0.862704 0.840285 0.820929 0.804339 0.790272 0.778532 0.768961 0.761435 0.755858 0.752160 0.750298 0.750248 0.752009 0.755603 0.761074 0.768489 0.777944 0.789559 0.803491 0.819935 0.823304 0.794663 0.769740 0.748080 0.729315 0.713144 0.699323 0.687652 0.677971 0.670151 0.664091 0.659714 0.656967 0.655817 0.656248 0.658267 0.661898 0.667186 0.674195 0.683017 0.693766 0.706588 0.721665 0.739218 0.759522 0.781145 0.783512 0.787798 0.794054 0.802359 0.812819 0.825569 0.840784 0.858678 0.879515 0.903619 0.931389 0.963314 1.000000 0.972978 0.929022 0.890919 0.857803 0.828987 0.803917 0.782148 0.763318 0.747130 0.733345 0.721767 0.712237 0.704632 0.698853 0.694828 0.692508 0.691865 0.692890 0.695597 0.700018 0.706208 0.714245 0.724231 0.736299 0.750615 0.767385 0.777287 0.764818 0.754531 0.746291 0.739993 0.735558 0.732930 0.732078 0.732993 0.735684 0.740184 0.746550 0.754860 0.765222 0.777772 0.792682 0.810165 0.812658 0.794819 0.779585 0.766736 0.756095 0.747522 0.740907 0.736165 0.733239 0.732092 0.732712 0.735105 0.739301 0.745350 0.753330 0.763341 0.775515 0.790017 0.807054 0.826878 0.849799 0.876197 0.906543 7224.500000 1.167196 0.866903
0.722666 0.664265 0.615970 0.575514 0.541269 0.512034 0.486909 0.465202 0.446377 0.430013 0.415772 0.403384 0.392632 0.383338 0.375357 0.368572 0.362886 0.358222 0.354520 0.351733 0.349825 0.348774 0.348566 0.349199 0.350681 0.353030 0.356274 0.360455 0.365626 0.371857 0.379233 0.387862 0.397872 0.409426 0.422720 0.437996 0.455557 0.475778 0.499137 0.526241 0.557878 0.595088 0.639267 0.692333 0.756996 0.837206 0.938959 0.949159 0.878565 0.819582 0.769759 0.727298 0.690854 0.659400 0.632143 0.608457 0.587847 0.569915 0.554341 0.540864 0.529271 0.519390 0.511080 0.504227 0.498741 0.494552 0.491607 0.489870 0.489320 0.489950 0.491768 0.494796 0.499072 0.504648 0.511596 0.520009 0.530002 0.541716 0.555328 0.571053 0.589155 0.609960 0.633871 0.661392 0.693157 0.667881 0.634902 0.606419 0.581724 0.560257 0.541577 0.525328 0.511220 0.499021 0.488541 0.479623 0.472142 0.465996 0.461105 0.457405 0.454852 0.453413 0.453072 0.453823 0.455677 0.458655 0.462794 0.468148 0.474783 0.482789 0.492276 0.503381 0.516270 0.531150 0.548273 0.567951 0.590570 0.616612 0.646687 0.681572 0.722274 0.770119 0.826887 0.895017 0.977950 1.000000 0.884370 0.794424 2816.500000 1.593164 0.556788
0.877534 0.854855 0.835281 0.818510 0.804300 0.792450 0.782804 0.775234 0.769646 0.765970 0.764161 0.764197 0.766079 0.769829 0.775494 0.783143 0.792874 0.793740 0.776693 0.762161 0.749936 0.739851 0.731773 0.725599 0.721252 0.718677 0.717843 0.718741 0.709473 0.693274 0.679397 0.667643 0.657846 0.649875 0.643627 0.639023 0.636005 0.634538 0.634602 0.636200 0.639349 0.644090 0.650479 0.658600 0.668556 0.680483 0.694547 0.710953 0.729954 0.751860 0.777051 0.805998 0.839285 0.833883 0.828667 0.825493 0.824321 0.825138 0.827952 0.832800 0.839739 0.848857 0.852107 0.834233 0.819027 0.806272 0.795797 0.787463 0.781164 0.776822 0.774383 0.773817 0.775119 0.778302 0.783408 0.790497 0.799660 0.811015 0.824712 0.840941 0.859934 0.881979 0.907428 0.903330 0.856133 0.815490 0.780325 0.749799 0.723249 0.700143 0.680056 0.662641 0.647617 0.634754 0.623866 0.614802 0.607439 0.601683 0.597461 0.594721 0.593428 0.593241 0.594297 0.596798 0.600774 0.606273 0.613365 0.622142 0.632720 0.645244 0.659897 0.676900 0.692577 0.702034 0.713496 0.727120 0.743098 0.761671 0.783131 0.807838 0.836235 0.868870 0.906429 0.949773 1.000000 0.968322 0.933762 0.903685 6290.000000 1.181562 0.855563
0.846332 0.826678 0.809822 0.795518 0.783566 0.773803 0.766105 0.760371 0.756532 0.754540 0.754371 0.756023 0.759516 0.764892 0.772219 0.781589 0.793123 0.806976 0.823340 0.817779 0.760590 0.712480 0.671617 0.636637 0.606509 0.580439 0.557806 0.538120 0.520988 0.506095 0.493185 0.482050 0.472519 0.464456 0.457747 0.452303 0.448054 0.444946 0.445771 0.450583 0.456611 0.463936 0.472657 0.482898 0.494811 0.508582 0.524442 0.542672 0.563622 0.587727 0.615536 0.647744 0.685251 0.729234 0.781261 0.843470 0.918848 0.986596 0.960299 0.937567 0.918048 0.901452 0.887545 0.876140 0.867086 0.860269 0.855604 0.853033 0.852524 0.854073 0.857697 0.863442 0.871377 0.881603 0.843615 0.801166 0.764539 0.732802 0.705226 0.681232 0.660356 0.642222 0.626526 0.613021 0.601505 0.591812 0.583812 0.577397 0.572485 0.569016 0.566946 0.566250 0.563269 0.552899 0.544191 0.537027 0.531313 0.526975 0.523960 0.522230 0.521764 0.522556 0.524617 0.527971 0.532659 0.538742 0.546296 0.555422 0.566245 0.576215 0.587101 0.599879 0.614739 0.631916 0.651695 0.674429 0.700556 0.730619 0.765305 0.805486 0.852286 0.907181 0.972137 1.000000 0.960141 0.925482 0.895320 0.869089 5369.000000 1.390504 0.740804
0.544232 0.553838 0.565176 0.578410 0.593744 0.611425 0.631761 0.655129 0.681997 0.687907 0.670726 0.655925 0.643278 0.632606 0.623760 0.616623 0.611103 0.607130 0.604656 0.603651 0.604102 0.606014 0.609412 0.614336 0.620848 0.629031 0.638993 0.650869 0.664826 0.681072 0.688663 0.672486 0.658601 0.646805 0.636932 0.628847 0.622446 0.617647 0.614390 0.612636 0.612362 0.613567 0.616263 0.620485 0.626284 0.633734 0.642930 0.653997 0.667086 0.682387 0.700133 0.720608 0.744165 0.771234 0.802353 0.838193 0.879602 0.825086 0.767232 0.718578 0.677260 0.641898 0.611446 0.585098 0.562225 0.542331 0.525017 0.509966 0.496918 0.485661 0.476024 0.467868 0.461078 0.455565 0.451256 0.448097 0.446049 0.445088 0.445200 0.446389 0.448667 0.452063 0.456620 0.462395 0.469463 0.477920 0.487884 0.499501 0.512951 0.528454 0.546280 0.566764 0.590321 0.617473 0.648883 0.685398 0.728127 0.778539 0.838620 0.911129 1.000000 0.968264 0.899456 0.841672 0.792658 0.750747 0.714682 0.683493 0.656429 0.632892 0.612409 0.594599 0.579150 0.565813 0.554381 0.544689 0.536600 0.530006 0.524821 0.520979 0.518433 0.517152 0.517120 0.518336 0.520816 0.524590 0.529703 0.536223 4288.000000 1.315255 0.699092
0.825462 0.788308 0.756098 0.728102 0.703740 0.682547 0.664146 0.648232 0.634555 0.622913 0.613142 0.605107 0.598704 0.593851 0.590487 0.588570 0.588078 0.589005 0.591362 0.595177 0.600498 0.607391 0.615945 0.626274 0.638520 0.652858 0.669506 0.688727 0.710847 0.736268 0.765487 0.799126 0.798164 0.770729 0.746857 0.726116 0.708156 0.692691 0.679489 0.668361 0.659154 0.651746 0.646042 0.641970 0.639479 0.638541 0.639142 0.641291 0.645014 0.650356 0.657385 0.666189 0.676885 0.689619 0.704571 0.721963 0.742069 0.765223 0.791838 0.822423 0.857615 0.898214 0.945238 1.000000 0.972428 0.912473 0.861436 0.817672 0.779928 0.747235 0.718835 0.694125 0.672625 0.653944 0.637768 0.623840 0.611949 0.601927 0.593634 0.586962 0.581824 0.578156 0.575913 0.575067 0.575608 0.577543 0.580895 0.585705 0.592034 0.599963 0.609595 0.621062 0.634526 0.650189 0.668295 0.689146 0.713114 0.740657 0.759462 0.740970 0.725062 0.711501 0.700093 0.690683 0.683147 0.677388 0.673333 0.670934 0.670160 0.671003 0.673472 0.677598 0.683431 0.691045 0.700538 0.712033 0.725690 0.741703 0.760311 0.781810 0.806558 0.835002 0.867693 0.905317 0.948742 0.977299 0.918578 0.868487 7501.500000 1.304384 0.757487
0.699736 0.729707 0.733980 0.740049 0.748037 0.758044 0.770204 0.784681 0.801681 0.821457 0.844319 0.870647 0.900911 0.935689 0.975705 1.000000 0.934630 0.879270 0.831994 0.791352 0.756232 0.725771 0.699289 0.676243 0.656198 0.638801 0.623767 0.610863 0.599897 0.590716 0.583195 0.577237 0.572765 0.569724 0.568077 0.567727 0.568561 0.570775 0.574396 0.579468 0.586054 0.594240 0.604134 0.615872 0.629622 0.645590 0.664031 0.685256 0.673536 0.660822 0.650116 0.641271 0.634171 0.628725 0.624864 0.622541 0.621727 0.622413 0.624607 0.628335 0.633644 0.640599 0.649291 0.658925 0.662981 0.668709 0.676179 0.685488 0.696759 0.710146 0.725841 0.744078 0.765146 0.789399 0.817273 0.849308 0.886180 0.889647 0.865922 0.845414 0.827803 0.812828 0.800280 0.789987 0.781815 0.775660 0.771445 0.769119 0.768653 0.770041 0.773301 0.778471 0.778784 0.742438 0.710970 0.683641 0.659866 0.639177 0.621197 0.605620 0.592196 0.580724 0.571037 0.563002 0.556513 0.551484 0.547854 0.545577 0.544625 0.544987 0.546668 0.549424 0.545973 0.543868 0.543082 0.543606 0.545446 0.548625 0.553181 0.559173 0.566675 0.575788 0.586635 0.599370 0.614183 0.631306 0.651024 0.673690 1946.000000 1.330689 0.821602
0.741644 0.805167 0.882919 0.852130 0.801808 0.758825 0.721866 0.689925 0.662219 0.638130 0.617166 0.598934 0.583112 0.569441 0.557709 0.547743 0.539405 0.532580 0.527180 0.523135 0.520397 0.518931 0.518719 0.519759 0.522063 0.525660 0.530594 0.536927 0.544741 0.554141 0.565256 0.578248 0.593315 0.610698 0.630696 0.653675 0.680094 0.710521 0.745679 0.786490 0.775457 0.722992 0.678707 0.640990 0.608633 0.580718 0.556533 0.535520 0.517237 0.501329 0.487510 0.475548 0.465252 0.456469 0.449073 0.442963 0.438059 0.434296 0.431629 0.430024 0.429461 0.429935 0.431450 0.434025 0.437691 0.442496 0.448499 0.455781 0.464440 0.474600 0.486413 0.500064 0.515782 0.533848 0.554610 0.578502 0.606072 0.638015 0.675229 0.718892 0.770578 0.832432 0.907460 1.000000 0.974663 0.878758 0.801795 0.738864 0.686627 0.642734 0.605487 0.573627 0.546202 0.522481 0.501893 0.483988 0.468406 0.454858 0.443109 0.432969 0.424281 0.416920 0.410783 0.405787 0.401868 0.398975 0.397074 0.396140 0.396164 0.397144 0.399092 0.402033 0.406003 0.411053 0.417248 0.424670 0.433425 0.443640 0.455471 0.469112 0.484799 0.502825 0.523553 0.547439 0.575061 0.607158 0.644695 0.688949 1522.500000 1.363793 0.583584
0.926663 0.888961 0.856189 0.827671 0.802863 0.781326 0.762704 0.746706 0.733095 0.721679 0.712303 0.704843 0.699205 0.695318 0.693135 0.692629 0.693794 0.696644 0.701214 0.703070 0.696065 0.690847 0.687349 0.685530 0.685368 0.686859 0.690024 0.694899 0.701546 0.710048 0.720516 0.733090 0.747944 0.765294 0.785406 0.782260 0.775647 0.770987 0.768222 0.767318 0.768266 0.771076 0.775782 0.782443 0.791141 0.801989 0.815129 0.795962 0.760059 0.728934 0.701883 0.678344 0.657866 0.640085 0.624705 0.611485 0.600229 0.590778 0.583002 0.576800 0.572092 0.568820 0.566943 0.573254 0.583815 0.596236 0.610700 0.627432 0.646708 0.668869 0.694335 0.723629 0.757409 0.796509 0.842006 0.895302 0.958266 1.000000 0.955896 0.917636 0.884369 0.855418 0.830240 0.808393 0.789520 0.773328 0.759580 0.748083 0.738683 0.731255 0.725706 0.721966 0.719991 0.719756 0.721258 0.712226 0.691953 0.674382 0.659230 0.646266 0.635304 0.626190 0.618804 0.613050 0.608856 0.606168 0.604955 0.605203 0.606913 0.610106 0.614823 0.621121 0.629080 0.638805 0.650427 0.661671 0.668692 0.677515 0.688253 0.701053 0.716097 0.733606 0.753854 0.777178 0.803989 0.834799 0.870245 0.911127 1614.000000 1.077446 0.806360
0.746047 0.703952 0.667876 0.636777 0.609849 0.586462 0.566116 0.548411 0.533025 0.519696 0.508213 0.498400 0.490118 0.483252 0.477710 0.473421 0.470332 0.468404 0.467614 0.467952 0.469422 0.472042 0.475844 0.480876 0.487202 0.494904 0.504088 0.514883 0.527449 0.541982 0.558722 0.577967 0.600081 0.625523 0.654864 0.688835 0.728374 0.774708 0.829471 0.894886 0.974049 0.984600 0.909921 0.847669 0.795183 0.750520 0.712232 0.679218 0.650626 0.625792 0.604185 0.585384 0.569047 0.554898 0.542711 0.532303 0.523524 0.516253 0.510395 0.505872 0.502630 0.500627 0.499839 0.500257 0.501886 0.504746 0.508871 0.514313 0.521143 0.529448 0.539343 0.550968 0.564494 0.580134 0.598148 0.618855 0.642650 0.670028 0.701607 0.738176 0.780752 0.830663 0.889681 0.912792 0.851844 0.800333 0.756415 0.718708 0.686156 0.657941 0.633421 0.612084 0.593521 0.577401 0.563455 0.551464 0.541250 0.532667 0.525598 0.519951 0.515652 0.512650 0.510905 0.510398 0.511122 0.513086 0.516314 0.520845 0.526736 0.534064 0.542925 0.553441 0.565762 0.580073 0.596602 0.615627 0.637492 0.662622 0.691549 0.724943 0.763659 0.808802 0.861824 0.924669 1.000000 0.924751 0.854260 0.795535 1357.500000 1.114114 0.601942
0.897155 0.815273 0.748740 0.693792 0.647812 0.608923 0.575748 0.547250 0.522641 0.501305 0.482760 0.466623 0.452584 0.440396 0.429855 0.420797 0.413088 0.406618 0.401299 0.397062 0.393852 0.391630 0.390367 0.390050 0.390673 0.392245 0.394785 0.398323 0.402905 0.408589 0.415451 0.423586 0.433109 0.444166 0.456931 0.471622 0.488504 0.507909 0.530250 0.556047 0.585967 0.620871 0.661892 0.710550 0.768929 0.839964 0.901838 0.840899 0.789456 0.745637 0.708043 0.675607 0.647505 0.623088 0.601842 0.583357 0.567300 0.553400 0.541438 0.531235 0.522646 0.515552 0.509860 0.505496 0.502407 0.500554 0.499914 0.500480 0.502259 0.505272 0.509557 0.515166 0.522172 0.530668 0.540769 0.552619 0.566394 0.582314 0.600642 0.621709 0.645919 0.673780 0.705931 0.743184 0.786587 0.735602 0.690668 0.652388 0.619543 0.591203 0.566647 0.545311 0.526747 0.510594 0.496563 0.484419 0.473969 0.465057 0.457556 0.451363 0.446397 0.442593 0.439904 0.438298 0.437754 0.438266 0.439839 0.442494 0.446263 0.451193 0.457347 0.464807 0.473674 0.484075 0.496165 0.510134 0.526218 0.544703 0.565948 0.590398 0.618612 0.651307 0.689404 0.734113 0.787051 0.850425 0.927327 1.000000 1380.000000 1.336531 0.585916
0.880704 0.820205 0.769218 0.725846 0.688674 0.656628 0.628880 0.604780 0.583814 0.565569 0.549715 0.535980 0.524148 0.514038 0.505506 0.498433 0.492726 0.488312 0.485134 0.483154 0.482347 0.482704 0.484229 0.486940 0.490871 0.496070 0.502605 0.510561 0.520046 0.531193 0.544169 0.559175 0.576460 0.596331 0.619166 0.645435 0.675732 0.710811 0.751641 0.799491 0.856050 0.923615 1.000000 0.911444 0.839153 0.779226 0.728927 0.686281 0.649828 0.618467 0.591352 0.567826 0.547368 0.529565 0.514082 0.500652 0.489053 0.479107 0.470669 0.463621 0.457868 0.453334 0.449963 0.447712 0.446554 0.446475 0.447473 0.449562 0.452765 0.457125 0.462694 0.469546 0.477772 0.487487 0.498831 0.511980 0.527144 0.544586 0.564629 0.587673 0.614221 0.644908 0.680548 0.722199 0.771261 0.829619 0.899876 0.962313 0.891308 0.831927 0.781730 0.738925 0.702168 0.670433 0.642925 0.619017 0.598214 0.580115 0.564399 0.550804 0.539117 0.529163 0.520803 0.513921 0.508428 0.504253 0.501344 0.499665 0.499195 0.499930 0.501878 0.505063 0.509524 0.515317 0.522516 0.531217 0.541539 0.553631 0.567674 0.583891 0.602557 0.624008 0.648663 0.677044 0.709811 0.747804 0.792111 0.844160 1916.500000 1.145121 0.600426
0.855785 0.820187 0.789258 0.762346 0.738931 0.718590 0.700983 0.685831 0.672907 0.662026 0.653040 0.645829 0.640302 0.636389 0.634041 0.633230 0.633947 0.636200 0.640016 0.645443 0.652548 0.661422 0.672183 0.671436 0.664110 0.658511 0.654569 0.652237 0.651484 0.652304 0.654704 0.658715 0.664386 0.671788 0.681016 0.692191 0.705467 0.721034 0.739124 0.730904 0.724019 0.718978 0.715719 0.714202 0.714409 0.716343 0.720026 0.725504 0.732845 0.742143 0.753518 0.767124 0.783151 0.801836 0.823467 0.848397 0.837110 0.821405 0.808190 0.797283 0.788541 0.781852 0.777131 0.774322 0.773389 0.774322 0.777131 0.781852 0.788541 0.797283 0.808190 0.821405 0.837110 0.824853 0.795192 0.769379 0.746932 0.727461 0.710648 0.696233 0.684007 0.673798 0.665469 0.658911 0.654042 0.650800 0.649147 0.649061 0.650543 0.653609 0.645609 0.636896 0.629912 0.624569 0.620798 0.618554 0.617809 0.618554 0.620798 0.624569 0.629912 0.636896 0.645609 0.656166 0.668711 0.683425 0.700526 0.704631 0.703402 0.703869 0.706040 0.709939 0.715616 0.723140 0.732608 0.744143 0.757902 0.774080 0.792916 0.814702 0.839800 0.868653 0.901808 0.939950 0.983935 1.000000 0.944494 0.896872 1368.000000 1.189549 0.867051
0.702065 0.700104 0.699835 0.702291 0.708300 0.716152 0.725949 0.737820 0.751927 0.768471 0.787700 0.809918 0.835496 0.864894 0.898681 0.937565 0.907970 0.878843 0.853519 0.831560 0.812611 0.796383 0.782639 0.771187 0.761875 0.754581 0.749213 0.745705 0.744013 0.744118 0.746020 0.749743 0.755332 0.762856 0.772412 0.784122 0.798146 0.814679 0.833963 0.845032 0.827909 0.813387 0.801262 0.791372 0.783588 0.777812 0.773970 0.772017 0.771929 0.773705 0.777366 0.762600 0.747586 0.734888 0.724330 0.715772 0.709101 0.704234 0.701112 0.699695 0.699966 0.701930 0.705609 0.711049 0.718317 0.727507 0.738737 0.752160 0.767964 0.786381 0.807697 0.832262 0.860506 0.892961 0.930290 0.973322 1.000000 0.957235 0.920103 0.887803 0.859695 0.835262 0.814087 0.795829 0.780210 0.767005 0.756030 0.747140 0.740218 0.735179 0.731959 0.730519 0.718943 0.708899 0.700796 0.694531 0.690024 0.687221 0.686086 0.686606 0.688788 0.692658 0.698263 0.705673 0.714983 0.726316 0.739824 0.755700 0.774177 0.795546 0.820159 0.848454 0.880968 0.918375 0.961518 0.930406 0.893079 0.860625 0.832383 0.807819 0.786504 0.768087 0.752284 0.738863 0.727634 0.718446 0.711180 0.705742 9432.500000 1.066189 0.835569
0.785071 0.719852 0.666121 0.621246 0.583352 0.551066 0.523362 0.499455 0.478740 0.460741 0.445079 0.431453 0.419617 0.409373 0.400559 0.393043 0.386719 0.381500 0.377316 0.374115 0.371856 0.370511 0.370064 0.370510 0.371854 0.374112 0.377313 0.381495 0.386714 0.393037 0.400551 0.409364 0.419607 0.431441 0.445066 0.460726 0.478723 0.499435 0.523339 0.551039 0.583320 0.621208 0.666076 0.719799 0.785006 0.865496 0.816233 0.771061 0.732298 0.698849 0.669865 0.644681 0.622768 0.603702 0.587142 0.572808 0.560476 0.549961 0.541113 0.533810 0.527957 0.523479 0.520318 0.518437 0.517813 0.518437 0.520318 0.523479 0.527957 0.533810 0.541113 0.549961 0.560476 0.572808 0.587142 0.603702 0.622768 0.644681 0.669865 0.698849 0.732298 0.755105 0.701677 0.656788 0.618698 0.586119 0.558076 0.533822 0.512771 0.494464 0.478532 0.464680 0.452666 0.442297 0.433413 0.425884 0.419607 0.414495 0.410484 0.407522 0.405573 0.404612 0.404628 0.405621 0.407604 0.410600 0.414647 0.419796 0.426113 0.433685 0.442616 0.453037 0.465108 0.479025 0.495031 0.513422 0.534571 0.558941 0.587121 0.619866 0.658158 0.703299 0.757046 0.821832 0.901117 1.000000 0.967077 0.865577 1363.000000 1.470528 0.572742
0.810654 0.765856 0.727410 0.694233 0.665483 0.640501 0.618764 0.599851 0.583424 0.569207 0.556977 0.546550 0.537778 0.530542 0.524744 0.520312 0.517190 0.515339 0.514737 0.515377 0.517266 0.520427 0.524899 0.530738 0.538020 0.546840 0.557319 0.569606 0.583886 0.600383 0.609219 0.594113 0.581105 0.569998 0.560632 0.552880 0.546638 0.541826 0.538384 0.536270 0.535456 0.535934 0.537710 0.540805 0.545256 0.551121 0.558473 0.567409 0.578050 0.590549 0.605090 0.621901 0.641262 0.663517 0.689092 0.718518 0.752462 0.791775 0.837552 0.891225 0.954706 0.987886 0.916365 0.856424 0.805666 0.762321 0.725060 0.692863 0.664937 0.640659 0.619531 0.601155 0.585206 0.571423 0.559591 0.549536 0.541117 0.534219 0.528753 0.524649 0.521855 0.520338 0.520079 0.521075 0.523338 0.526895 0.531791 0.538088 0.545866 0.555229 0.566308 0.579261 0.594286 0.611624 0.600601 0.586014 0.573468 0.562776 0.553784 0.546371 0.540439 0.535911 0.532731 0.530860 0.530275 0.530969 0.532951 0.536243 0.540889 0.546944 0.554488 0.563619 0.574463 0.587175 0.601945 0.619008 0.638649 0.661223 0.687167 0.717027 0.751494 0.791445 0.838013 0.892690 0.957467 1.000000 0.925478 0.863228 7560.000000 1.651977 0.696010
0.657599 0.630150 0.606303 0.585555 0.567501 0.551817 0.538239 0.526550 0.516577 0.508175 0.501231 0.495652 0.491367 0.488321 0.486478 0.485814 0.486323 0.488009 0.490894 0.495012 0.500416 0.507175 0.515377 0.525135 0.536587 0.549905 0.565296 0.583019 0.603390 0.626800 0.653739 0.684821 0.720830 0.762775 0.811980 0.870213 0.939882 1.000000 0.941597 0.891668 0.848710 0.811566 0.779336 0.751308 0.726917 0.705707 0.687308 0.671420 0.657800 0.646247 0.636599 0.628728 0.622531 0.617929 0.614864 0.613301 0.613218 0.614616 0.617512 0.621940 0.627956 0.635636 0.645079 0.656413 0.669794 0.685418 0.703523 0.704680 0.682259 0.662768 0.645872 0.631299 0.618827 0.608276 0.599498 0.592377 0.586820 0.582758 0.580139 0.578932 0.579122 0.580712 0.583721 0.588186 0.594161 0.601724 0.610973 0.622033 0.635058 0.650240 0.667815 0.688069 0.711358 0.738119 0.768897 0.794897 0.770356 0.749035 0.730575 0.714684 0.701122 0.689696 0.680249 0.672656 0.666819 0.662665 0.660143 0.659223 0.659892 0.662160 0.666054 0.671621 0.678931 0.688078 0.699182 0.712395 0.727905 0.745941 0.766789 0.790795 0.818388 0.850099 0.886587 0.878714 0.819124 0.768837 0.726015 0.689284 3039.500000 1.302848 0.739235
0.907309 0.841109 0.785677 0.738769 0.698735 0.664335 0.634620 0.608854 0.586456 0.566965 0.550010 0.535292 0.522567 0.511637 0.502340 0.494546 0.488147 0.483061 0.479222 0.476583 0.475111 0.474789 0.475612 0.477590 0.480748 0.485124 0.490774 0.497771 0.506207 0.516199 0.527890 0.541458 0.557120 0.575141 0.595851 0.619656 0.647067 0.678725 0.715453 0.758314 0.808711 0.868525 0.940339 0.935827 0.872792 0.819563 0.774211 0.735294 0.701711 0.672612 0.647328 0.625327 0.606185 0.589558 0.575168 0.562787 0.552230 0.543347 0.536016 0.530140 0.525644 0.522472 0.520585 0.519959 0.520587 0.522478 0.525652 0.530151 0.536030 0.543364 0.552251 0.562812 0.575197 0.589592 0.606224 0.625372 0.647379 0.672671 0.701779 0.735372 0.774302 0.819669 0.872918 0.935976 0.895960 0.833551 0.781029 0.736403 0.698191 0.665273 0.636785 0.612050 0.590534 0.571810 0.555535 0.541428 0.529264 0.518857 0.510056 0.502739 0.496810 0.492191 0.488823 0.486666 0.485693 0.485892 0.487265 0.489829 0.493617 0.498673 0.505064 0.512872 0.522204 0.533189 0.545991 0.560806 0.577879 0.597508 0.620064 0.646008 0.675917 0.710524 0.750773 0.797893 0.853518 0.919861 1.000000 0.987402 1791.000000 1.113342 0.602011
0.613529 0.581317 0.553586 0.529598 0.508777 0.490669 0.474910 0.461209 0.449328 0.439075 0.430293 0.422854 0.416655 0.411612 0.407660 0.404749 0.402843 0.401918 0.401964 0.402981 0.404981 0.407989 0.412042 0.417191 0.423504 0.431065 0.439980 0.450380 0.462425 0.476310 0.492278 0.510626 0.531725 0.556041 0.584162 0.616844 0.655071 0.700147 0.753835 0.818577 0.897850 0.996783 1.000000 0.882605 0.791585 0.719153 0.660323 0.611752 0.571119 0.536760 0.507454 0.482283 0.460549 0.441708 0.425332 0.411081 0.398684 0.387920 0.378610 0.370609 0.363797 0.358077 0.353373 0.349623 0.346777 0.344802 0.343672 0.343375 0.343905 0.345270 0.347487 0.350582 0.354595 0.359577 0.365594 0.372729 0.381085 0.390787 0.401989 0.414882 0.429699 0.446729 0.466335 0.488973 0.515225 0.545845 0.581826 0.624495 0.675674 0.737928 0.814979 0.889365 0.833136 0.785374 0.744488 0.709272 0.678798 0.652343 0.629331 0.609305 0.591896 0.576806 0.563790 0.552651 0.543227 0.535387 0.529026 0.524062 0.520433 0.518093 0.517014 0.517183 0.518602 0.521288 0.525274 0.530610 0.537362 0.545621 0.555496 0.567127 0.580684 0.596377 0.614463 0.635259 0.659155 0.686638 0.695542 0.651181 2422.000000 1.615190 0.555707
0.929745 0.880731 0.838545 0.802059 0.770395 0.742857 0.718893 0.698055 0.679983 0.664384 0.651017 0.639688 0.630239 0.622543 0.616501 0.612034 0.609089 0.607628 0.607635 0.609110 0.612069 0.616551 0.622609 0.630321 0.639787 0.651134 0.664521 0.680143 0.698240 0.719105 0.743102 0.770676 0.802383 0.838918 0.881164 0.930249 0.987646 0.951648 0.906228 0.866940 0.832839 0.803182 0.777372 0.754932 0.735473 0.718679 0.704295 0.692109 0.681953 0.673690 0.667213 0.662441 0.659313 0.657791 0.657858 0.659514 0.662779 0.667693 0.674317 0.682735 0.693057 0.705420 0.720000 0.737007 0.756705 0.779413 0.805527 0.824344 0.802240 0.783127 0.766708 0.752740 0.741024 0.731403 0.723750 0.717967 0.713982 0.711746 0.711232 0.712434 0.715367 0.720065 0.726588 0.735017 0.745460 0.758058 0.772982 0.790448 0.810721 0.834123 0.861052 0.891998 0.882556 0.842823 0.808377 0.778438 0.752385 0.729721 0.710042 0.693023 0.678397 0.665946 0.655495 0.646901 0.640052 0.634859 0.631259 0.629206 0.628677 0.629664 0.632179 0.636253 0.641937 0.649302 0.658442 0.669480 0.682566 0.697888 0.715678 0.736219 0.759858 0.787024 0.818250 0.854198 0.895707 0.943846 1.000000 0.987054 6105.000000 1.013066 0.760466
0.815236 0.774700 0.739703 0.709366 0.682999 0.660056 0.640096 0.622764 0.607772 0.594883 0.583908 0.574689 0.567102 0.561047 0.556446 0.553242 0.551395 0.550884 0.551701 0.553857 0.557377 0.562307 0.568706 0.576658 0.586268 0.597668 0.611021 0.626528 0.644436 0.665047 0.688734 0.715959 0.747299 0.783483 0.825439 0.874368 0.931850 1.000000 0.965533 0.920440 0.881400 0.847496 0.818001 0.792334 0.770028 0.750702 0.734048 0.719813 0.707793 0.697820 0.689764 0.683519 0.679008 0.676174 0.674982 0.675420 0.677491 0.681220 0.686655 0.693862 0.673726 0.653976 0.636841 0.622041 0.609349 0.598577 0.589575 0.582221 0.576421 0.572099 0.569203 0.567696 0.567562 0.568797 0.571417 0.575455 0.580959 0.588000 0.596669 0.607081 0.619382 0.633750 0.650405 0.669615 0.691712 0.717104 0.746297 0.779926 0.818795 0.863932 0.916673 0.978783 0.932404 0.885244 0.844562 0.809320 0.778701 0.752060 0.728880 0.708743 0.691308 0.676302 0.663497 0.652711 0.643797 0.636636 0.631136 0.627228 0.624865 0.624017 0.624674 0.626844 0.630554 0.635849 0.642795 0.651482 0.662023 0.674563 0.689279 0.706392 0.726170 0.748944 0.775120 0.805202 0.839818 0.879759 0.917793 0.862440 5823.000000 1.224152 0.729450
0.788567 0.768913 0.751984 0.737522 0.725320 0.715210 0.707059 0.700760 0.696235 0.693428 0.692304 0.692850 0.695074 0.699000 0.704679 0.712181 0.721601 0.733063 0.746724 0.733425 0.716686 0.702348 0.690203 0.680081 0.671846 0.665393 0.660639 0.657525 0.656013 0.656085 0.657742 0.661004 0.665910 0.672522 0.680924 0.691225 0.703562 0.718110 0.735080 0.754734 0.777393 0.797956 0.759531 0.726305 0.697474 0.672403 0.650585 0.631612 0.615154 0.600943 0.588760 0.578427 0.569799 0.562761 0.557221 0.553108 0.550372 0.549846 0.550695 0.552881 0.556430 0.561386 0.567812 0.575790 0.585425 0.596851 0.610231 0.625766 0.643705 0.664350 0.688076 0.715346 0.746741 0.782990 0.825027 0.874059 0.931674 1.000000 0.969353 0.908743 0.857211 0.813063 0.775016 0.742078 0.713474 0.688591 0.666937 0.648118 0.631812 0.618273 0.606908 0.597366 0.589518 0.583260 0.578512 0.575216 0.573331 0.572833 0.573717 0.575994 0.579691 0.584853 0.591547 0.599857 0.609894 0.621797 0.635735 0.651919 0.670606 0.681247 0.671306 0.663225 0.656899 0.652250 0.649220 0.647770 0.647885 0.649565 0.652830 0.657720 0.664297 0.672644 0.682869 0.695110 0.709539 0.726366 0.745852 0.768313 18391.500000 1.182758 0.793040
0.853984 0.831406 0.811897 0.795155 0.780932 0.769029 0.759286 0.751574 0.745796 0.741879 0.739777 0.739462 0.740933 0.744205 0.749320 0.756340 0.765354 0.776479 0.789863 0.805692 0.824194 0.845650 0.870407 0.898888 0.931616 0.906885 0.876601 0.850258 0.827386 0.807607 0.790612 0.776149 0.764013 0.754039 0.746097 0.740084 0.735926 0.733573 0.732994 0.734184 0.737156 0.741947 0.729583 0.713649 0.700047 0.688581 0.679095 0.671462 0.665585 0.661389 0.658822 0.657854 0.658474 0.660687 0.664522 0.670025 0.677265 0.686334 0.697353 0.710471 0.725874 0.743792 0.764504 0.788357 0.815775 0.847283 0.883537 0.925362 0.973805 1.000000 0.971388 0.946585 0.925191 0.906878 0.891383 0.878488 0.868023 0.859851 0.853870 0.850004 0.848208 0.848459 0.850761 0.855140 0.861652 0.870376 0.850087 0.815426 0.785299 0.759082 0.736276 0.716475 0.699353 0.684641 0.672120 0.661615 0.652982 0.646108 0.640905 0.637308 0.635273 0.634776 0.635809 0.638387 0.642540 0.648319 0.655798 0.665071 0.676264 0.689529 0.700391 0.706367 0.714181 0.723933 0.735753 0.749801 0.766278 0.785430 0.807560 0.833037 0.862320 0.895973 0.934704 0.979399 0.983822 0.944287 0.909913 0.880001 19274.000000 1.120585 0.835539
0.943899 0.908664 0.866635 0.830234 0.798614 0.771104 0.747166 0.726367 0.708354 0.692842 0.679597 0.668429 0.659185 0.651741 0.646003 0.641897 0.639374 0.638403 0.638972 0.641087 0.644775 0.650081 0.657071 0.665834 0.670639 0.659942 0.651125 0.644072 0.638692 0.634917 0.632703 0.632021 0.632864 0.635242 0.639183 0.644736 0.651971 0.660980 0.671883 0.684830 0.700005 0.717635 0.738001 0.761444 0.788387 0.819353 0.854994 0.896135 0.943824 0.999416 1.000000 0.949640 0.906187 0.868537 0.835825 0.807361 0.782596 0.761084 0.742463 0.726440 0.712775 0.701273 0.691776 0.684159 0.678325 0.674200 0.671732 0.670894 0.671673 0.674080 0.678144 0.683915 0.691465 0.700891 0.712317 0.725900 0.741833 0.760353 0.781754 0.796729 0.771336 0.749261 0.730124 0.713617 0.699487 0.687531 0.677581 0.669504 0.663197 0.658580 0.655595 0.654205 0.654395 0.656166 0.659540 0.664558 0.671283 0.679799 0.690218 0.702681 0.717363 0.734478 0.754291 0.777127 0.803385 0.814158 0.796315 0.781079 0.768231 0.757595 0.749029 0.742423 0.737694 0.734784 0.733657 0.734300 0.736721 0.740948 0.747034 0.755055 0.765114 0.777342 0.791906 0.809012 0.828915 0.851926 0.878428 0.908891 5256.000000 1.202625 0.817665
0.952563 0.880614 0.820609 0.769996 0.726914 0.689971 0.658110 0.630514 0.606541 0.585684 0.567536 0.551767 0.538113 0.526355 0.516318 0.507856 0.500855 0.495221 0.490882 0.487783 0.485886 0.485168 0.485620 0.487248 0.490072 0.494126 0.499460 0.506144 0.514265 0.514854 0.510236 0.506911 0.504838 0.503990 0.504358 0.505947 0.508775 0.512877 0.518305 0.525128 0.533435 0.536640 0.537424 0.539511 0.542928 0.547716 0.553935 0.561667 0.571012 0.582099 0.595088 0.610173 0.627594 0.647644 0.670688 0.697173 0.727661 0.762860 0.803671 0.851263 0.907168 0.973443 1.000000 0.919912 0.853604 0.798006 0.750907 0.710673 0.676078 0.646179 0.620244 0.597694 0.578070 0.561003 0.546192 0.533396 0.522415 0.513088 0.505284 0.498898 0.493846 0.490064 0.483956 0.477116 0.471587 0.467297 0.464194 0.462237 0.461404 0.461683 0.463080 0.465610 0.469305 0.474210 0.480389 0.487921 0.496910 0.507482 0.519792 0.534034 0.550441 0.569303 0.590978 0.615911 0.615355 0.608200 0.602645 0.598620 0.596075 0.594978 0.595317 0.597096 0.600336 0.605077 0.611378 0.619319 0.629005 0.640566 0.654166 0.670004 0.688328 0.709440 0.733711 0.761601 0.793683 0.830676 0.873493 0.923310 3688.000000 1.514943 0.706208
1.000000 0.964678 0.890183 0.828221 0.776071 0.731758 0.693813 0.661124 0.632832 0.608268 0.586900 0.568306 0.552142 0.538134 0.526054 0.515720 0.506982 0.499719 0.493834 0.489251 0.485912 0.483776 0.482817 0.483023 0.484396 0.486954 0.490727 0.495763 0.502126 0.509898 0.519186 0.530118 0.542857 0.557600 0.574588 0.594121 0.616566 0.642381 0.672143 0.706582 0.746636 0.793530 0.848893 0.914928 0.994703 0.967845 0.898196 0.839785 0.790296 0.748016 0.711658 0.680234 0.652973 0.629271 0.608645 0.590705 0.575139 0.561690 0.550152 0.540353 0.532156 0.525452 0.520152 0.516189 0.513514 0.512093 0.511910 0.512963 0.515264 0.518841 0.523738 0.530019 0.537762 0.547073 0.558080 0.570943 0.585858 0.603064 0.622858 0.645603 0.671751 0.701870 0.736674 0.777080 0.824277 0.879834 0.945864 0.913281 0.852279 0.800725 0.756771 0.719033 0.686456 0.658219 0.633680 0.612327 0.593750 0.577617 0.563660 0.551660 0.541436 0.532845 0.525770 0.520116 0.515812 0.512804 0.511055 0.510543 0.511263 0.513223 0.516447 0.520975 0.526864 0.534189 0.543047 0.553559 0.565877 0.580186 0.596711 0.615732 0.637593 0.662718 0.691639 0.725026 0.763733 0.808864 0.861871 0.924697 620.500000 1.081013 0.603217
1.000000 0.946630 0.863683 0.795865 0.739573 0.692276 0.652141 0.617812 0.588263 0.562705 0.540523 0.521232 0.504443 0.489846 0.477187 0.466261 0.456900 0.448968 0.442354 0.436969 0.432744 0.429625 0.427573 0.426564 0.426584 0.427635 0.429729 0.432891 0.437162 0.442594 0.449259 0.457246 0.466667 0.477659 0.490391 0.505071 0.521953 0.541351 0.563658 0.589363 0.619087 0.653627 0.694019 0.741637 0.756288 0.718123 0.685196 0.656668 0.631883 0.610317 0.591553 0.575253 0.561142 0.548998 0.538639 0.529916 0.522711 0.516928 0.512492 0.509348 0.507458 0.506798 0.507361 0.509152 0.512195 0.516526 0.522200 0.529289 0.537887 0.548111 0.560107 0.574053 0.590170 0.608727 0.630056 0.654567 0.682775 0.715324 0.753037 0.796975 0.848528 0.886608 0.804558 0.738036 0.683194 0.637368 0.598655 0.565660 0.537339 0.512895 0.491711 0.473303 0.457286 0.443350 0.431246 0.420773 0.411765 0.404087 0.397631 0.392308 0.388048 0.384797 0.382514 0.381171 0.380751 0.381249 0.382672 0.385036 0.388372 0.392720 0.398136 0.404693 0.412479 0.421607 0.432212 0.444463 0.458566 0.474774 0.493403 0.514844 0.539592 0.568277 0.601715 0.640974 0.687486 0.743206 0.810881 0.894487 982.500000 1.392805 0.580520
0.841394 0.775368 0.720560 0.674507 0.635425 0.601995 0.573219 0.548329 0.526727 0.507939 0.491589 0.477374 0.465046 0.454405 0.445290 0.437567 0.431127 0.425886 0.421774 0.418741 0.416747 0.415769 0.415795 0.416826 0.418873 0.421962 0.426130 0.431432 0.437936 0.445729 0.454920 0.465644 0.478065 0.492386 0.508854 0.527778 0.549539 0.574615 0.603613 0.637310 0.676719 0.723179 0.778503 0.845198 0.926833 0.898428 0.838092 0.787127 0.743695 0.706417 0.674245 0.646365 0.622138 0.601058 0.582717 0.566787 0.553002 0.541144 0.531037 0.522536 0.515525 0.509912 0.505625 0.502610 0.500830 0.500264 0.500904 0.502759 0.505850 0.510217 0.515914 0.523013 0.531609 0.541819 0.553790 0.567700 0.583769 0.602267 0.623528 0.647963 0.676086 0.708546 0.746167 0.790018 0.825640 0.770935 0.724667 0.685194 0.651288 0.622007 0.596621 0.574556 0.555355 0.538651 0.524149 0.511607 0.500830 0.491658 0.483960 0.477633 0.472592 0.468775 0.466133 0.464633 0.464258 0.465003 0.466877 0.469902 0.474117 0.479573 0.486343 0.494514 0.504200 0.515540 0.528704 0.543903 0.561395 0.581496 0.604601 0.631201 0.661918 0.697544 0.739104 0.787949 0.845890 0.915408 1.000000 0.922140 899.000000 1.248063 0.593524
0.607052 0.582194 0.560588 0.541788 0.525432 0.511230 0.498946 0.488388 0.479398 0.471849 0.465639 0.460686 0.456926 0.454312 0.452813 0.452410 0.453098 0.454886 0.457795 0.461862 0.467137 0.473688 0.481603 0.490989 0.501981 0.514746 0.529486 0.546450 0.565945 0.588353 0.614149 0.643933 0.678470 0.718753 0.766083 0.822205 0.889514 0.971373 1.000000 0.927718 0.867129 0.815814 0.771989 0.734311 0.701752 0.673511 0.648959 0.627592 0.609007 0.592879 0.578942 0.566980 0.556816 0.548308 0.541340 0.535822 0.531683 0.528872 0.527354 0.527112 0.528141 0.530454 0.534081 0.539065 0.545469 0.553376 0.562892 0.574148 0.587308 0.593545 0.582038 0.572321 0.564260 0.557748 0.552701 0.549056 0.546766 0.545806 0.546162 0.547839 0.550857 0.555254 0.561085 0.568423 0.577365 0.588032 0.600574 0.615178 0.632070 0.651531 0.673902 0.699610 0.729183 0.763287 0.802766 0.793685 0.764666 0.739413 0.717448 0.698384 0.681907 0.667761 0.655738 0.645668 0.637415 0.630871 0.625953 0.622599 0.620768 0.620438 0.621606 0.624284 0.628507 0.634325 0.641813 0.651067 0.662211 0.675398 0.690819 0.708707 0.729351 0.753102 0.780396 0.806577 0.752951 0.707610 0.668939 0.635728 7805.500000 1.410694 0.707899
0.659575 0.662212 0.666482 0.672438 0.680132 0.685183 0.691990 0.700638 0.711240 0.723938 0.738911 0.756377 0.776604 0.799923 0.826740 0.857554 0.892989 0.933825 0.981051 1.000000 0.966009 0.936436 0.910747 0.888514 0.869386 0.853075 0.839350 0.828022 0.818943 0.811996 0.807094 0.804176 0.803208 0.804176 0.792747 0.777501 0.764638 0.753980 0.745386 0.738746 0.733976 0.731016 0.729832 0.730408 0.732752 0.736892 0.742878 0.750786 0.760717 0.772801 0.787202 0.804123 0.823817 0.846590 0.872820 0.902972 0.937622 0.977487 0.944539 0.902378 0.865817 0.834034 0.806376 0.782317 0.761434 0.743381 0.727877 0.714693 0.703643 0.694577 0.687377 0.681951 0.678231 0.676171 0.675747 0.676953 0.679804 0.684335 0.690602 0.698683 0.708683 0.720735 0.735005 0.751699 0.771070 0.793428 0.819153 0.848716 0.882698 0.921828 0.942361 0.918722 0.898351 0.880941 0.866239 0.854044 0.844193 0.836559 0.831046 0.827586 0.826136 0.826680 0.829223 0.833797 0.840458 0.849288 0.860401 0.873941 0.890094 0.909085 0.931198 0.924423 0.882810 0.846734 0.815378 0.788092 0.764355 0.743746 0.725922 0.710603 0.697564 0.686619 0.677619 0.670447 0.665010 0.661240 0.659092 0.658540 7814.500000 1.136984 0.825701
0.877048 0.862695 0.850820 0.841267 0.833912 0.828664 0.825458 0.824255 0.825040 0.827823 0.832637 0.839542 0.847938 0.816595 0.789321 0.765594 0.744994 0.727180 0.711873 0.698846 0.687914 0.678930 0.671775 0.666357 0.662610 0.660487 0.659963 0.661030 0.663702 0.668012 0.674013 0.681780 0.691413 0.703040 0.716821 0.732954 0.718214 0.701216 0.686620 0.674211 0.663812 0.655285 0.648516 0.643420 0.639933 0.635098 0.628825 0.624163 0.621055 0.619464 0.619368 0.620768 0.623680 0.628140 0.634203 0.641945 0.651468 0.662899 0.676397 0.692157 0.710423 0.731488 0.755717 0.783558 0.815569 0.852448 0.895079 0.944593 1.000000 0.969385 0.942793 0.919778 0.899976 0.883092 0.868883 0.857158 0.847759 0.840567 0.835493 0.832472 0.831470 0.814022 0.780261 0.750927 0.725403 0.703195 0.683905 0.667209 0.652845 0.640597 0.630290 0.621784 0.614967 0.604200 0.593484 0.584524 0.577202 0.571419 0.567105 0.564204 0.562681 0.562518 0.563712 0.566279 0.570250 0.575673 0.582617 0.591172 0.601453 0.613603 0.627796 0.644251 0.663233 0.685067 0.710157 0.716366 0.722495 0.730505 0.740498 0.752607 0.766997 0.783873 0.803488 0.826150 0.852241 0.882229 0.914028 0.894078 641.000000 1.293377 0.858491
0.876307 0.911821 0.952728 1.000000 0.954524 0.908005 0.867803 0.832931 0.802613 0.776229 0.753281 0.733366 0.716159 0.701392 0.688847 0.678348 0.669754 0.662953 0.657856 0.654403 0.652549 0.652272 0.653570 0.656457 0.661836 0.668977 0.677926 0.688799 0.701745 0.716946 0.734630 0.755074 0.778617 0.805679 0.836779 0.872562 0.913842 0.961654 0.960899 0.918866 0.882393 0.850676 0.823074 0.799071 0.778250 0.760272 0.744860 0.731788 0.720874 0.711970 0.704961 0.699759 0.696297 0.694535 0.694450 0.696042 0.699330 0.704354 0.711177 0.719884 0.730589 0.743435 0.758601 0.776308 0.786124 0.770402 0.757083 0.745985 0.736956 0.729881 0.724670 0.721257 0.719603 0.719685 0.721506 0.725087 0.730473 0.737730 0.746950 0.758253 0.771792 0.787755 0.806376 0.827941 0.852803 0.881392 0.914245 0.952023 0.960889 0.917288 0.879499 0.846659 0.818084 0.793222 0.771632 0.752951 0.736887 0.723200 0.711696 0.702216 0.694638 0.688863 0.684819 0.682458 0.681749 0.682685 0.685276 0.689555 0.695573 0.703407 0.713015 0.705833 0.700466 0.696845 0.694927 0.694689 0.696127 0.699260 0.704124 0.710782 0.719315 0.729836 0.742484 0.757436 0.774907 0.795164 0.818533 0.845416 15700.500000 1.095275 0.803401
0.589032 0.635815 0.692482 0.762255 0.849941 0.963044 0.903298 0.839259 0.785466 0.739828 0.700798 0.667207 0.638155 0.612943 0.591017 0.571936 0.555345 0.540955 0.528533 0.517889 0.508866 0.501340 0.495209 0.490393 0.486831 0.484479 0.483309 0.483306 0.484470 0.486815 0.490370 0.495180 0.501304 0.508822 0.517836 0.528472 0.540883 0.555262 0.571841 0.590908 0.612817 0.638011 0.662446 0.627628 0.597655 0.571729 0.549227 0.529657 0.512626 0.497818 0.484977 0.473894 0.464401 0.456359 0.449655 0.444199 0.439922 0.436769 0.434700 0.433690 0.433728 0.434813 0.436959 0.440192 0.444552 0.450095 0.456892 0.465035 0.474638 0.485841 0.498816 0.513775 0.530977 0.550744 0.573475 0.599670 0.629963 0.665167 0.706340 0.754886 0.812699 0.882405 0.967739 1.000000 0.878041 0.784281 0.710158 0.650268 0.601029 0.559976 0.525357 0.495895 0.470635 0.448853 0.429988 0.413601 0.399344 0.386938 0.376158 0.366823 0.358783 0.351918 0.346129 0.341336 0.337476 0.334499 0.332367 0.331056 0.330548 0.330837 0.331927 0.333831 0.336572 0.340186 0.344717 0.350226 0.356787 0.364493 0.373459 0.383826 0.395765 0.409489 0.425260 0.443405 0.464337 0.488578 0.516803 0.549896 1323.500000 1.673442 0.546895
0.970228 0.991029 0.966137 0.944684 0.926346 0.910860 0.898010 0.887627 0.879576 0.873755 0.870094 0.868546 0.869095 0.871745 0.876530 0.883507 0.892765 0.904420 0.880003 0.856982 0.837100 0.820051 0.805584 0.793498 0.783628 0.775847 0.770057 0.766184 0.764181 0.764025 0.765713 0.769266 0.774727 0.782164 0.791671 0.803371 0.817421 0.821669 0.812984 0.806403 0.801844 0.799251 0.798592 0.799859 0.803069 0.808259 0.815494 0.824865 0.836492 0.850531 0.867173 0.886658 0.909280 0.935398 0.965457 1.000000 0.993320 0.965082 0.940608 0.919505 0.901452 0.886188 0.873502 0.863224 0.855222 0.849394 0.845668 0.843999 0.844367 0.846776 0.851256 0.857861 0.866674 0.877805 0.891403 0.907649 0.889259 0.871650 0.856749 0.844349 0.834284 0.826424 0.820669 0.816948 0.815215 0.815451 0.817656 0.821859 0.828111 0.836490 0.847101 0.860083 0.875612 0.890325 0.868960 0.850597 0.834965 0.821841 0.811047 0.802440 0.795912 0.791380 0.788789 0.788108 0.789327 0.792462 0.797552 0.804658 0.813870 0.825307 0.839120 0.855500 0.857568 0.848185 0.841010 0.835951 0.832948 0.831964 0.832986 0.836027 0.841124 0.848340 0.857765 0.869521 0.883761 0.900682 0.920524 0.943585 15467.000000 1.098405 0.916460
0.658546 0.650138 0.643472 0.638464 0.635051 0.633192 0.632864 0.634063 0.636803 0.641119 0.647063 0.654710 0.664159 0.675536 0.688999 0.704741 0.723002 0.744075 0.768320 0.796181 0.828208 0.865091 0.907702 0.902309 0.873443 0.848348 0.826590 0.807817 0.791743 0.778135 0.766802 0.757594 0.750391 0.745101 0.741660 0.740025 0.740176 0.742115 0.745867 0.751476 0.759012 0.768571 0.780278 0.794291 0.810804 0.830062 0.852359 0.878061 0.879488 0.846523 0.817839 0.792883 0.771207 0.752450 0.736315 0.722561 0.710994 0.701454 0.693816 0.687983 0.683880 0.681458 0.680687 0.681558 0.684081 0.688288 0.694229 0.701979 0.711639 0.723334 0.737227 0.753514 0.772440 0.794304 0.819473 0.848401 0.863769 0.831093 0.802663 0.777925 0.756435 0.737829 0.721814 0.708149 0.696639 0.687126 0.679485 0.673616 0.669447 0.666926 0.666022 0.666725 0.669042 0.673003 0.678656 0.686071 0.695344 0.706596 0.719982 0.735691 0.753958 0.775070 0.799379 0.827321 0.859431 0.896382 0.939017 0.988410 1.000000 0.954042 0.914228 0.879638 0.849543 0.823356 0.800607 0.780911 0.763958 0.749492 0.737308 0.727237 0.719146 0.712933 0.708517 0.705847 0.704888 0.695477 0.681061 0.668808 6997.000000 1.157025 0.816946
0.821668 0.861737 0.908215 0.962442 1.000000 0.972788 0.949245 0.928999 0.911749 0.897251 0.885305 0.875756 0.868480 0.863387 0.860415 0.859526 0.860710 0.863982 0.869381 0.873909 0.825589 0.784122 0.748337 0.717330 0.690386 0.666942 0.646544 0.628827 0.613494 0.600302 0.589055 0.579592 0.571784 0.565528 0.560743 0.557371 0.555368 0.554712 0.555393 0.557421 0.560820 0.565631 0.571915 0.579753 0.586596 0.593885 0.602828 0.613545 0.626186 0.640936 0.658020 0.677718 0.700371 0.726400 0.756332 0.790824 0.830708 0.877055 0.931254 0.995149 0.974478 0.935701 0.901982 0.872638 0.847119 0.824981 0.805863 0.789470 0.775561 0.763943 0.754458 0.746984 0.741425 0.737712 0.735799 0.735665 0.737306 0.740743 0.746018 0.753196 0.762368 0.773653 0.787202 0.803204 0.821891 0.843548 0.868527 0.897257 0.921992 0.873619 0.831973 0.795948 0.764678 0.737482 0.713815 0.693237 0.675394 0.659997 0.646810 0.635640 0.626333 0.618764 0.612835 0.608469 0.605615 0.604235 0.604315 0.605854 0.608872 0.613405 0.609573 0.606167 0.604248 0.603790 0.604789 0.607256 0.611222 0.616736 0.623867 0.632707 0.643373 0.656013 0.670807 0.687980 0.707805 0.730619 0.756836 0.786972 641.500000 1.252263 0.783941
0.923621 0.892145 0.864758 0.840968 0.820375 0.802654 0.787540 0.774816 0.764309 0.755880 0.749421 0.744850 0.742111 0.741172 0.742020 0.744666 0.749143 0.755504 0.763831 0.774229 0.786836 0.801824 0.819406 0.839845 0.863463 0.890656 0.921911 0.957830 0.980578 0.940738 0.906107 0.875970 0.849755 0.826998 0.807322 0.790420 0.776043 0.763987 0.754089 0.746219 0.740276 0.736187 0.733901 0.733390 0.734649 0.737692 0.742557 0.749304 0.758017 0.768810 0.781824 0.797241 0.815281 0.836218 0.860386 0.888196 0.920155 0.956891 0.948975 0.922970 0.900464 0.881102 0.864594 0.850704 0.839244 0.830062 0.823039 0.818089 0.815150 0.814187 0.815187 0.818163 0.823151 0.830213 0.839437 0.850941 0.842411 0.824297 0.808853 0.795859 0.785138 0.776547 0.769978 0.765347 0.762597 0.761696 0.762631 0.765416 0.770082 0.776689 0.785318 0.796080 0.809118 0.824610 0.842776 0.863889 0.888282 0.916364 0.948640 0.916481 0.887321 0.861971 0.839997 0.821045 0.804824 0.791102 0.779686 0.770424 0.763197 0.757914 0.754508 0.752938 0.753186 0.755253 0.759167 0.764973 0.772745 0.782581 0.794609 0.808993 0.825933 0.845679 0.868536 0.894878 0.925167 0.959971 1.000000 0.959797 2837.000000 1.060163 0.846401
0.952485 0.877288 0.814915 0.762538 0.718112 0.680126 0.647439 0.619172 0.594643 0.573312 0.554749 0.538607 0.524605 0.512517 0.502156 0.493370 0.486037 0.480059 0.475357 0.471872 0.469561 0.468395 0.468361 0.469457 0.471698 0.475110 0.479736 0.485635 0.492882 0.501576 0.511837 0.523815 0.537693 0.553697 0.572104 0.593255 0.617574 0.645595 0.647989 0.632714 0.619602 0.608458 0.599126 0.591479 0.585417 0.580864 0.577762 0.576073 0.575777 0.576871 0.579367 0.583296 0.588707 0.595667 0.604267 0.614622 0.626874 0.641201 0.657819 0.676996 0.699060 0.724414 0.753561 0.787127 0.825904 0.861579 0.815165 0.775269 0.740797 0.710900 0.684908 0.662289 0.642615 0.625540 0.610782 0.598112 0.587343 0.578324 0.570932 0.565071 0.560665 0.557661 0.556022 0.555727 0.556773 0.559172 0.562954 0.568166 0.574874 0.583163 0.593144 0.604956 0.599914 0.579161 0.561103 0.545411 0.531819 0.520110 0.510109 0.501670 0.494679 0.489042 0.484686 0.481557 0.479616 0.478840 0.479218 0.480757 0.483474 0.487402 0.492592 0.499108 0.507037 0.516487 0.527590 0.540512 0.555455 0.572666 0.592451 0.615187 0.641344 0.671514 0.706449 0.747116 0.794784 0.851138 0.918476 1.000000 3136.000000 1.552796 0.708464
0.591156 0.576527 0.563931 0.553177 0.544112 0.536612 0.530576 0.525927 0.522607 0.520575 0.519807 0.520292 0.522036 0.525062 0.529406 0.535122 0.542284 0.550985 0.561344 0.573509 0.587659 0.604018 0.622857 0.644511 0.669396 0.698029 0.731061 0.769320 0.813873 0.866119 0.927921 1.000000 0.934394 0.878853 0.831436 0.790680 0.755468 0.724931 0.698383 0.675281 0.655186 0.637744 0.622668 0.609724 0.598719 0.589500 0.581941 0.575943 0.571430 0.568347 0.566653 0.566331 0.567374 0.569797 0.573629 0.578916 0.585726 0.594146 0.604290 0.616296 0.630338 0.646629 0.665429 0.687061 0.711919 0.740495 0.723561 0.697989 0.675736 0.656390 0.639619 0.625152 0.612768 0.602289 0.593568 0.586488 0.580958 0.576909 0.574290 0.573068 0.573230 0.574777 0.577728 0.582119 0.588005 0.595460 0.604581 0.615493 0.628347 0.643332 0.660680 0.680675 0.703666 0.730084 0.760467 0.795489 0.836003 0.883107 0.856080 0.821415 0.791281 0.765057 0.742247 0.722447 0.705331 0.690633 0.678135 0.667661 0.659070 0.652248 0.647109 0.643589 0.641644 0.641251 0.642405 0.645121 0.649430 0.655387 0.663067 0.672568 0.684017 0.697572 0.713429 0.705086 0.675521 0.649838 0.627493 0.608049 551.000000 1.333219 0.749035
0.776058 0.797169 0.815214 0.792244 0.772343 0.755191 0.740530 0.728149 0.717875 0.709573 0.703135 0.698481 0.695553 0.694314 0.694751 0.696868 0.700692 0.706268 0.713667 0.722983 0.734338 0.747885 0.763816 0.782367 0.803826 0.828548 0.856969 0.889627 0.886362 0.864513 0.845703 0.829650 0.816125 0.804942 0.795952 0.789042 0.784123 0.781134 0.780041 0.780829 0.783509 0.788112 0.794695 0.803340 0.814159 0.827294 0.842923 0.861269 0.882604 0.858530 0.829244 0.803763 0.781628 0.762468 0.745978 0.731912 0.720069 0.710288 0.702438 0.696419 0.692156 0.689596 0.688708 0.689481 0.691924 0.696068 0.701963 0.709683 0.719327 0.731022 0.744927 0.761242 0.780208 0.802126 0.811428 0.789673 0.770863 0.754703 0.740956 0.729426 0.719958 0.712426 0.706735 0.702815 0.700616 0.700112 0.701297 0.704186 0.708813 0.715235 0.723534 0.733817 0.746220 0.760914 0.778110 0.798068 0.821108 0.847620 0.878087 0.913108 0.953431 1.000000 0.990813 0.944193 0.903842 0.868806 0.838329 0.811808 0.788755 0.768776 0.751550 0.736815 0.724358 0.714007 0.705623 0.699099 0.694352 0.691323 0.689975 0.690293 0.692279 0.695958 0.701375 0.708598 0.717718 0.728854 0.742158 0.757815 1797.000000 1.172736 0.847545
0.972481 0.939747 0.900773 0.866908 0.837441 0.811803 0.789534 0.770260 0.753677 0.739537 0.727638 0.717819 0.709948 0.703926 0.699676 0.697146 0.696307 0.697146 0.699676 0.703926 0.709948 0.717572 0.724876 0.734116 0.745415 0.758923 0.774832 0.793373 0.814835 0.839570 0.868009 0.900689 0.910837 0.905580 0.902545 0.901695 0.903021 0.906537 0.912288 0.920343 0.930804 0.943805 0.959519 0.978162 1.000000 0.990111 0.962676 0.938922 0.918471 0.901016 0.886308 0.874144 0.864364 0.856842 0.851483 0.848221 0.847017 0.847856 0.850748 0.855729 0.862859 0.872228 0.883956 0.898196 0.915144 0.935040 0.958179 0.948637 0.907210 0.871260 0.839997 0.812791 0.789132 0.768612 0.750895 0.735708 0.722831 0.713500 0.714173 0.716574 0.720734 0.726703 0.734556 0.744394 0.756346 0.770575 0.787282 0.806716 0.829182 0.855054 0.884793 0.918969 0.955460 0.928329 0.904816 0.884542 0.867201 0.852541 0.840359 0.830493 0.822815 0.817228 0.813664 0.812079 0.812453 0.814791 0.819122 0.825499 0.834001 0.844735 0.857844 0.873503 0.891932 0.913405 0.938253 0.966885 0.999803 0.996020 0.981605 0.969906 0.960769 0.954079 0.949755 0.947742 0.948017 0.950583 0.955470 0.962740 1232.000000 1.051154 0.865867
0.804714 0.788593 0.774935 0.763550 0.754286 0.747023 0.741667 0.738153 0.736438 0.736502 0.738344 0.741987 0.747476 0.754880 0.764291 0.775832 0.789659 0.801561 0.789888 0.780403 0.772983 0.767534 0.763990 0.762306 0.762462 0.764461 0.768326 0.774104 0.781868 0.791716 0.803776 0.818210 0.835222 0.855060 0.878030 0.881616 0.858475 0.838485 0.821339 0.806785 0.794618 0.784676 0.776827 0.770973 0.767040 0.764981 0.764770 0.766406 0.768940 0.761796 0.756588 0.753254 0.751752 0.752065 0.754195 0.758169 0.764036 0.771868 0.781765 0.793857 0.808306 0.825316 0.845137 0.868077 0.894512 0.924905 0.959830 1.000000 0.970425 0.933012 0.900465 0.872142 0.847526 0.826197 0.807814 0.792098 0.778822 0.767803 0.758894 0.751980 0.746975 0.743815 0.742464 0.742904 0.739000 0.731467 0.725816 0.721979 0.719907 0.719575 0.720980 0.724138 0.729088 0.735891 0.744634 0.740332 0.734899 0.731295 0.729474 0.729416 0.731118 0.734603 0.739911 0.747111 0.756291 0.767572 0.781105 0.797078 0.815725 0.837330 0.862245 0.890899 0.923826 0.912325 0.900138 0.890389 0.882953 0.877738 0.874678 0.873738 0.874904 0.878193 0.883643 0.891322 0.899407 0.870486 0.845339 0.823533 3928.000000 1.076668 0.896452
0.840437 0.901973 0.975769 0.945702 0.887459 0.837875 0.795353 0.758678 0.726910 0.699313 0.675302 0.654409 0.636257 0.620539 0.607007 0.595455 0.585720 0.577668 0.571191 0.566207 0.562653 0.560484 0.559676 0.560218 0.562116 0.565394 0.570092 0.576268 0.584002 0.593396 0.601603 0.580221 0.561614 0.545436 0.531408 0.519304 0.508937 0.500158 0.492843 0.486895 0.482238 0.478810 0.476572 0.475494 0.475564 0.476784 0.479166 0.482742 0.487554 0.493665 0.501154 0.510121 0.520692 0.533022 0.547300 0.563760 0.582687 0.604437 0.629449 0.658274 0.691612 0.730360 0.775688 0.829143 0.892822 0.969625 1.000000 0.929724 0.870637 0.820470 0.777540 0.740575 0.708594 0.680834 0.656689 0.635677 0.617409 0.601571 0.587906 0.576205 0.566298 0.558048 0.551344 0.546099 0.542247 0.539740 0.538548 0.538656 0.540065 0.542792 0.546872 0.552354 0.559308 0.567824 0.578019 0.590033 0.604043 0.594673 0.576711 0.561114 0.547623 0.536027 0.526153 0.517861 0.511038 0.505595 0.501462 0.498588 0.496937 0.496488 0.497237 0.499193 0.502380 0.506836 0.512618 0.519800 0.528478 0.538770 0.550824 0.564822 0.580986 0.599590 0.620970 0.645543 0.673832 0.706494 0.744367 0.788539 3951.000000 1.706802 0.687255
0.749172 0.734048 0.721226 0.710526 0.701806 0.694950 0.689873 0.686512 0.684825 0.684792 0.686413 0.689706 0.694714 0.701496 0.710141 0.720758 0.733493 0.748520 0.766061 0.786383 0.809817 0.836769 0.810958 0.769242 0.733288 0.702160 0.675128 0.651612 0.631148 0.613363 0.597954 0.584674 0.573323 0.563736 0.555781 0.549353 0.544368 0.540764 0.538496 0.537536 0.537874 0.539512 0.542471 0.546787 0.552515 0.559726 0.568516 0.579003 0.591336 0.605697 0.622309 0.641446 0.661647 0.677432 0.695707 0.716769 0.740988 0.768816 0.800822 0.837714 0.880392 0.930013 0.988084 1.000000 0.946401 0.900314 0.860484 0.825935 0.795896 0.769754 0.747018 0.727288 0.710241 0.695611 0.683185 0.672788 0.664278 0.657546 0.652504 0.649092 0.647265 0.647004 0.648304 0.646831 0.635494 0.626029 0.618311 0.612237 0.607731 0.604737 0.603219 0.603157 0.604552 0.607421 0.611797 0.617736 0.625312 0.634625 0.645798 0.658988 0.661964 0.653062 0.645932 0.640482 0.636645 0.634372 0.633636 0.634429 0.636759 0.640656 0.646168 0.653362 0.662332 0.673196 0.686103 0.701237 0.718825 0.739143 0.762535 0.789419 0.820316 0.855877 0.896919 0.869069 0.837927 0.810825 0.787258 0.766818 15301.500000 1.296213 0.792399
0.732598 0.762810 0.797624 0.813102 0.792529 0.774792 0.759622 0.746799 0.736146 0.727520 0.720811 0.715933 0.712826 0.711453 0.711797 0.713861 0.717671 0.723275 0.730740 0.740163 0.751667 0.765407 0.781577 0.800414 0.822211 0.847328 0.876205 0.909387 0.935359 0.883746 0.839447 0.801216 0.768085 0.739296 0.714245 0.692450 0.673520 0.657138 0.643047 0.631036 0.620934 0.612602 0.605932 0.600837 0.597254 0.595139 0.594466 0.595226 0.597430 0.601103 0.606292 0.613061 0.621497 0.631711 0.643843 0.658068 0.674596 0.693691 0.715672 0.740936 0.769971 0.803389 0.841959 0.858249 0.824674 0.795471 0.770058 0.747964 0.728809 0.712284 0.698136 0.686160 0.676190 0.668092 0.661760 0.657116 0.654102 0.652680 0.652833 0.654564 0.657893 0.662862 0.669531 0.677985 0.688336 0.700721 0.715316 0.732333 0.752035 0.774745 0.800858 0.830864 0.865373 0.905147 0.951156 1.000000 0.936098 0.881869 0.835482 0.795551 0.761014 0.731037 0.704967 0.682280 0.662553 0.645447 0.630683 0.618034 0.607317 0.598383 0.591111 0.585407 0.581199 0.578435 0.577080 0.577119 0.578551 0.581395 0.585685 0.591474 0.598836 0.607866 0.618686 0.631447 0.646335 0.663580 0.683462 0.706326 697.500000 1.224381 0.767935
0.632868 0.632220 0.633096 0.637343 0.647955 0.660545 0.675293 0.692421 0.712201 0.734966 0.761130 0.791201 0.825817 0.865782 0.912122 0.966161 1.000000 0.962518 0.929903 0.901527 0.876882 0.855554 0.837208 0.821570 0.808418 0.797571 0.788886 0.782253 0.777589 0.774835 0.773958 0.774948 0.773338 0.757220 0.743516 0.732031 0.722609 0.715128 0.709492 0.705631 0.703497 0.703065 0.704329 0.707304 0.712028 0.718557 0.726975 0.737391 0.749941 0.763532 0.748676 0.736127 0.725710 0.717289 0.710753 0.706021 0.703033 0.701755 0.702169 0.704282 0.708119 0.713726 0.721174 0.730558 0.742000 0.755656 0.771718 0.790423 0.812063 0.836993 0.864241 0.840440 0.819836 0.802105 0.786981 0.774246 0.763728 0.755287 0.748815 0.744231 0.741477 0.740522 0.741352 0.743979 0.748434 0.754772 0.763072 0.773440 0.786014 0.800965 0.818507 0.838899 0.862465 0.889598 0.920784 0.891660 0.862359 0.836875 0.814760 0.795651 0.779252 0.765322 0.753665 0.744124 0.736573 0.730917 0.727086 0.725032 0.724731 0.726179 0.729393 0.734413 0.741301 0.750144 0.761055 0.774181 0.784986 0.758507 0.735471 0.715465 0.698156 0.683273 0.670592 0.659934 0.651154 0.644136 0.638790 0.635050 3208.000000 1.111585 0.853096
0.981955 0.957482 0.936400 0.918392 0.903198 0.890609 0.880458 0.872614 0.866979 0.863484 0.862085 0.862765 0.865534 0.870423 0.877495 0.886836 0.898566 0.912840 0.929850 0.949838 0.973100 1.000000 0.986483 0.939775 0.899360 0.864273 0.833755 0.807196 0.784108 0.764094 0.746830 0.732054 0.719551 0.709147 0.700705 0.694113 0.689289 0.686174 0.684728 0.684936 0.686798 0.690339 0.695600 0.702648 0.711572 0.722489 0.735545 0.750924 0.768852 0.789606 0.813525 0.841029 0.872632 0.908979 0.950876 0.964214 0.943455 0.925755 0.910860 0.898568 0.888716 0.881176 0.875857 0.872690 0.871639 0.872690 0.875857 0.881176 0.888716 0.898568 0.910860 0.925755 0.943455 0.964214 0.988341 0.978461 0.942494 0.911195 0.883969 0.860335 0.839903 0.822354 0.807428 0.794916 0.784647 0.776486 0.770331 0.766103 0.763751 0.763247 0.764584 0.767779 0.772870 0.779921 0.789020 0.800284 0.813864 0.829947 0.848764 0.870600 0.895804 0.917147 0.887582 0.861875 0.839581 0.820338 0.803850 0.789878 0.778225 0.768737 0.761289 0.755787 0.752163 0.750373 0.750394 0.752228 0.755897 0.761445 0.768941 0.778480 0.790186 0.804217 0.820768 0.840081 0.862452 0.888246 0.917910 0.951997 1361.000000 1.226669 0.852307
