50
1000 1000
5 15 0 45 -10 56 23 46 48 21 28
4 101 109 146 160 112 217 57 163
8 8 15 24 2 36 14 58 32 38 49 21 52 8 56 1 32
4 32 -8 63 28 34 60 -2 36
6 -13 35 17 16 60 -8 66 47 43 66 10 62
4 145 117 197 167 128 217 73 182
3 80 91 184 141 71 181
4 -14 31 64 -6 105 51 61 101
7 -10 16 9 3 29 11 41 28 26 45 12 48 -8 46
8 7 11 21 9 32 14 44 29 31 31 23 47 16 34 4 25
3 7 -5 72 22 3 39
6 24 20 33 12 51 2 66 22 53 42 26 44
4 181 88 339 164 192 242 84 174
4 31 0 63 28 37 47 7 30
6 -3 51 8 -6 58 20 96 61 78 107 11 94
6 150 104 181 103 217 154 197 187 137 197 101 154
7 13 27 27 -24 72 -8 101 48 83 80 23 84 -19 67
3 21 10 85 43 25 74
3 9 -13 76 25 -1 66
7 66 84 90 55 169 47 173 101 144 174 100 171 39 129
8 40 47 65 -2 102 21 124 81 103 111 49 118 19 99 9 76
3 88 31 170 65 65 132
4 -6 32 44 -22 115 27 46 96
7 98 45 155 31 217 20 222 103 202 141 160 149 92 124
6 211 162 286 175 340 223 286 305 201 326 157 244
4 29 1 67 45 40 82 -10 43
8 -3 14 -3 4 9 -5 19 4 18 15 21 29 9 31 -3 25
7 51 38 62 32 70 35 74 48 74 60 63 61 46 54
4 1 35 30 15 58 33 27 58
6 48 -2 114 1 134 33 106 99 70 76 33 49
7 3 33 17 22 26 33 38 40 27 48 17 47 2 46
3 42 42 141 113 46 162
7 2 -4 36 -15 85 -15 98 26 68 64 41 89 5 57
8 18 30 36 27 54 33 62 51 50 64 36 83 24 68 0 55
7 66 121 82 96 102 116 119 135 101 150 79 153 70 138
3 32 19 79 43 29 60
8 5 21 13 11 21 6 26 16 39 20 30 36 22 32 11 33
6 27 122 86 66 132 87 217 129 164 198 60 216
4 140 247 233 190 278 247 235 333
4 7 25 18 1 51 28 20 53
8 -9 19 9 14 16 4 29 5 40 22 36 36 20 34 10 28
5 23 4 57 -8 74 25 63 53 27 48
6 83 50 106 26 152 26 173 48 154 92 109 86
3 29 -36 152 26 49 72
3 102 62 152 90 93 132
4 52 36 89 67 58 103 1 72
4 31 36 44 53 37 76 8 56
3 37 19 101 45 47 82
4 12 98 65 62 125 117 70 162
8 -2 5 13 1 26 0 36 12 27 25 14 27 -1 29 -6 18
