55
1000 1000
6 62 41 85 30 102 60 86 80 60 77 48 61
6 8 13 30 11 31 36 22 45 8 50 -1 32
5 6 8 30 -13 41 19 24 39 2 39
6 58 13 79 13 85 30 72 43 59 45 48 30
6 4 40 34 -9 88 11 100 44 73 88 39 93
8 55 92 74 71 107 62 141 59 149 95 137 119 99 117 60 124
6 -5 113 44 62 93 95 131 120 100 163 36 179
5 29 16 72 -1 82 28 61 47 35 47
7 54 58 72 44 87 50 109 62 90 93 69 95 55 79
5 36 62 122 -11 162 105 117 195 33 157
3 1 12 105 72 12 105
6 74 9 117 32 175 76 111 105 85 109 45 72
6 5 -3 28 1 39 18 30 40 12 33 2 20
4 8 10 34 -14 55 18 35 35
4 19 47 33 21 62 49 33 88
5 51 34 78 25 98 47 85 66 52 59
5 142 99 258 53 265 140 246 236 163 177
6 69 54 96 68 131 85 98 109 60 122 46 90
8 26 101 51 59 115 55 182 64 242 100 168 162 115 169 69 162
3 63 102 114 128 54 152
8 88 42 140 25 177 60 213 92 172 158 131 155 107 125 96 102
5 124 122 177 116 229 158 205 219 133 189
3 66 56 115 97 80 110
5 22 25 49 7 62 46 47 59 21 63
8 9 -7 31 8 64 2 62 26 52 45 35 57 19 37 17 30
7 52 61 68 30 107 40 116 69 115 108 79 100 39 89
4 -25 32 42 -25 98 32 35 105
6 29 -4 59 25 77 50 69 80 23 83 -10 57
8 52 36 70 30 96 31 109 60 107 81 79 83 55 82 40 61
4 27 15 57 38 29 53 4 40
4 42 94 73 67 110 101 72 120
4 46 -15 88 34 47 53 19 27
8 96 119 125 88 158 103 187 143 143 177 120 178 80 200 70 159
6 -3 16 22 -18 60 -14 87 22 65 58 33 41
7 22 19 50 20 64 23 70 37 78 62 44 56 29 53
5 9 28 31 22 63 42 38 71 -2 60
7 -3 15 14 2 39 9 46 26 30 46 15 47 0 38
3 194 84 280 131 189 187
7 19 5 34 -5 52 0 65 14 54 41 37 28 21 20
6 29 11 59 21 103 45 66 83 30 89 -11 59
8 24 32 37 28 54 21 53 48 49 59 36 68 27 57 11 47
5 16 45 77 24 108 83 80 125 5 116
5 5 12 176 -15 181 90 147 132 45 114
6 74 107 118 117 150 157 117 172 90 174 38 147
7 33 49 42 38 65 38 64 56 61 78 41 81 34 64
8 32 19 44 19 67 17 83 46 60 58 45 62 26 55 6 43
4 20 44 42 36 61 52 44 73
4 -6 37 49 -7 119 54 46 103
4 34 -10 115 39 26 80 -44 37
7 4 48 26 36 57 48 73 66 61 91 31 88 6 79
7 30 26 33 8 56 16 55 30 50 47 38 40 30 35
3 50 44 216 112 56 186
7 36 50 52 40 80 44 101 73 82 103 49 96 34 85
8 37 70 78 36 124 9 183 22 215 85 167 137 120 147 79 139
7 3 32 42 16 60 33 87 57 77 92 33 92 13 79
