55
1000 1000
7 33 11 47 10 67 2 73 25 71 50 41 56 31 30
8 -1 2 14 -5 23 5 23 19 20 28 15 35 5 28 -1 19
7 30 45 52 24 87 32 105 59 98 94 56 105 16 71
3 28 16 75 44 21 69
8 25 56 45 2 77 52 99 70 71 97 55 132 -2 115 -20 79
3 209 99 289 140 203 190
5 95 51 117 28 157 71 119 92 77 99
5 14 4 36 4 43 18 40 40 8 34
7 -11 13 16 7 42 -6 36 22 35 37 9 46 -11 41
6 11 55 32 9 103 5 145 55 117 124 41 136
3 27 10 124 84 27 137
5 -6 1 12 -1 29 13 11 28 -8 25
6 66 25 99 38 162 67 109 97 58 98 20 74
4 20 24 63 -5 96 33 62 51
3 86 18 268 128 80 187
7 15 17 42 -2 69 -3 90 31 64 46 29 63 14 50
4 66 102 128 53 185 115 126 152
4 25 -13 56 18 19 44 0 22
4 6 76 74 4 165 90 77 186
5 56 32 97 31 161 67 114 124 56 87
6 34 52 95 65 132 95 99 128 38 143 4 107
8 47 12 57 11 77 14 90 34 74 43 55 53 41 46 27 32
4 78 54 141 115 63 164 5 118
5 63 65 119 33 166 89 124 137 57 126
7 32 37 46 13 61 38 80 47 70 70 42 74 31 59
5 17 120 104 114 173 179 116 237 61 189
4 8 42 50 10 103 38 66 104
7 16 7 28 -10 50 -9 63 20 54 34 24 37 19 22
4 27 -9 53 23 35 41 -3 23
8 20 48 57 23 84 20 130 30 174 45 124 92 82 111 63 94
4 35 32 102 90 31 139 -15 89
3 20 -3 57 24 25 37
3 66 25 122 53 72 89
3 25 10 64 41 30 55
3 103 49 246 147 98 254
6 -3 22 8 4 27 3 48 20 39 47 5 50
5 37 124 129 102 139 158 115 229 59 183
3 16 31 73 63 24 84
7 35 51 68 50 105 45 107 73 99 100 58 133 15 92
7 19 23 30 -3 48 8 47 28 48 54 27 47 21 34
8 45 45 49 30 63 31 79 34 92 48 77 64 66 70 54 61
8 28 42 35 39 42 46 56 52 49 62 35 68 29 60 17 56
5 31 26 55 17 70 36 53 52 29 46
7 -14 26 13 5 45 17 61 46 48 66 15 81 -10 58
6 31 115 117 67 162 76 267 134 174 176 98 187
4 96 114 192 204 112 237 68 187
5 70 69 105 68 111 85 100 107 75 99
3 96 61 197 123 122 177
5 128 86 171 48 185 110 168 143 107 138
7 -9 5 14 -11 38 -3 46 12 41 39 15 38 2 23
6 101 155 106 99 170 123 226 148 167 229 115 225
4 51 80 69 24 144 77 84 145
4 168 20 269 157 149 217 103 150
4 3 29 18 0 52 33 23 70
6 56 36 58 27 72 23 80 37 76 62 58 56
