60
1000 1000
6 4 31 13 19 28 10 44 33 26 47 9 53
8 -4 -9 10 -8 37 -3 40 9 33 31 16 41 -6 30 -5 14
7 37 107 53 74 83 84 118 119 100 155 53 169 30 127
4 66 36 94 -8 121 39 100 78
5 -18 -10 80 -15 120 51 80 129 18 98
4 35 9 71 37 38 68 6 39
3 22 32 63 51 22 86
3 103 70 179 123 101 163
8 -10 21 19 9 66 13 53 49 58 84 21 97 -1 71 -17 49
8 40 4 78 9 106 18 140 61 104 77 73 89 35 78 3 59
4 -10 20 23 7 56 21 20 49
7 5 53 37 40 75 49 89 74 92 141 42 152 6 99
5 16 46 39 43 52 53 35 73 15 66
5 32 52 63 40 95 78 71 136 13 123
7 66 81 80 67 102 74 119 93 94 100 83 103 73 92
7 10 98 60 78 86 95 102 126 104 173 60 172 -1 146
4 -23 78 74 32 140 91 91 204
3 18 17 67 40 3 69
4 56 46 91 68 56 105 28 75
8 -31 55 -3 24 27 24 59 30 83 60 48 82 28 90 -9 97
5 15 56 58 39 145 98 80 150 -2 134
8 -35 56 11 41 32 0 60 39 110 49 73 87 41 134 14 84
4 80 39 145 62 74 102 32 77
3 27 -16 90 20 34 49
7 52 19 87 -22 129 7 180 49 127 77 95 116 50 66
8 16 45 17 18 41 21 56 33 62 47 69 68 42 61 14 72
7 2 30 31 8 53 18 82 46 44 70 22 95 -2 60
8 0 29 8 16 25 15 40 22 47 28 44 44 28 50 14 48
7 -4 17 10 4 26 10 42 28 38 48 10 53 -12 43
5 36 79 54 70 82 87 70 119 36 103
5 74 87 140 49 167 109 125 160 75 147
4 11 73 127 -9 202 86 120 143
6 180 91 241 91 260 144 224 186 174 211 164 159
8 8 5 27 5 52 5 57 28 49 36 31 52 14 40 9 27
8 57 14 97 1 118 18 135 44 135 81 84 92 60 79 38 53
3 24 54 71 77 10 128
5 29 44 70 23 110 66 66 86 43 76
8 17 38 32 25 41 19 54 23 59 43 54 56 42 55 29 53
7 -4 32 13 17 37 23 55 45 38 61 13 63 -6 48
5 12 12 30 3 40 19 27 39 7 30
6 2 -12 37 -5 61 15 39 37 11 36 4 19
3 39 67 85 103 43 128
8 11 64 30 48 50 29 79 52 107 72 73 89 58 96 32 106
6 39 41 48 17 79 19 117 49 87 76 41 80
5 46 49 75 36 87 61 79 89 49 68
8 -19 18 -1 -6 30 -18 53 -2 76 28 59 65 32 69 -1 61
7 50 182 116 138 175 142 201 229 171 273 120 323 56 256
7 -15 10 23 0 54 9 83 23 53 69 25 68 -21 46
3 29 37 74 66 15 107
8 -7 61 30 34 55 8 103 24 127 58 109 111 64 107 15 105
3 12 8 78 31 17 70
7 -7 37 28 31 63 40 102 64 81 109 18 110 2 87
3 93 50 227 110 106 163
4 25 115 47 96 73 118 56 143
4 261 167 340 95 453 162 358 264
8 34 22 45 14 67 18 75 42 70 58 49 61 31 54 20 43
4 25 99 101 46 196 91 116 183
3 48 12 90 36 35 68
6 135 103 188 123 213 148 191 192 150 179 124 154
8 68 52 101 49 137 42 133 75 123 105 108 128 71 109 60 83
