30
1000 1000
6 5 10 30 35 45 55 36 82 8 99 -16 60
3 216 9 405 91 216 219
5 53 57 68 40 80 67 72 83 42 87
5 1 61 64 40 124 80 65 136 10 127
3 20 -1 109 50 34 98
8 -7 -11 25 6 63 -5 73 21 47 68 28 80 -6 61 -4 32
5 36 111 92 70 145 147 83 169 18 176
5 13 5 46 -2 54 18 46 44 10 38
8 82 57 99 45 129 56 161 89 137 114 97 126 70 128 44 88
4 49 7 79 33 42 64 21 35
4 32 11 62 34 33 56 4 38
6 35 63 44 57 55 52 61 65 59 80 39 78
4 53 13 99 66 58 108 19 69
6 -6 19 8 10 19 9 37 20 21 34 9 31
7 65 58 90 38 102 50 111 67 114 90 82 98 70 79
5 10 32 28 21 50 39 29 74 6 62
8 -21 16 -8 -19 18 -11 40 5 67 21 39 33 15 62 5 36
4 81 -16 103 53 78 130 36 56
3 57 88 100 134 54 164
6 45 42 65 44 86 63 64 86 32 88 28 67
7 1 0 15 -25 45 4 81 12 68 56 17 71 5 38
8 53 98 84 84 100 89 131 116 109 142 84 174 20 166 4 125
6 18 62 22 40 34 49 56 61 42 77 18 82
7 54 42 68 16 128 15 122 57 133 105 64 123 18 80
6 -5 158 44 89 118 109 169 181 142 236 31 242
6 14 33 23 20 44 16 53 36 43 60 18 54
8 21 47 32 33 43 6 58 36 69 47 78 76 45 90 20 66
3 27 24 74 55 21 77
6 43 128 77 101 116 98 143 138 120 174 65 176
7 138 59 195 43 252 27 266 74 262 132 202 136 170 94
