0.929169 0.889933 0.855855 0.826207 0.800409 0.777990 0.758570 0.741840 0.727547 0.715486 0.705489 0.697425 0.691190 0.686705 0.683915 0.682785 0.683303 0.685474 0.689325 0.694903 0.702277 0.711543 0.722820 0.736263 0.752062 0.770451 0.791716 0.816211 0.844369 0.876727 0.913953 0.956888 0.940971 0.901367 0.866966 0.837037 0.810994 0.788365 0.768765 0.751885 0.737468 0.725308 0.715237 0.707123 0.700860 0.696370 0.693597 0.692509 0.693090 0.695350 0.699314 0.705032 0.712575 0.722039 0.733549 0.747262 0.763371 0.782115 0.803788 0.828750 0.857445 0.890419 0.896582 0.859793 0.827819 0.799997 0.775792 0.754773 0.736591 0.720961 0.707649 0.696468 0.687264 0.679917 0.674333 0.670442 0.668195 0.667567 0.668549 0.671153 0.675412 0.681376 0.689121 0.698748 0.710383 0.724186 0.740355 0.759133 0.780818 0.805777 0.834461 0.867429 0.905381 0.949196 1.000000 0.989659 0.939907 0.896975 0.859774 0.827450 0.799325 0.774854 0.753598 0.735202 0.719373 0.705877 0.694520 0.685147 0.677635 0.671887 0.667830 0.665416 0.664614 0.665416 0.667830 0.671887 0.677635 0.685147 0.694520 0.705877 0.719373 0.735202 0.753598 0.774854 0.799325 0.827450 0.859774 0.896975 1303.000000 1.082681 0.781586
0.913278 1.000000 0.975992 0.900120 0.837066 0.784032 0.738992 0.700442 0.667242 0.638515 0.613577 0.591886 0.573010 0.556600 0.542373 0.530102 0.519597 0.510707 0.503308 0.497301 0.492609 0.489172 0.486948 0.485909 0.486043 0.487351 0.489850 0.493569 0.498556 0.504874 0.512604 0.521851 0.532745 0.545446 0.560149 0.577096 0.596583 0.618974 0.644726 0.674409 0.708747 0.748669 0.795388 0.850511 0.906111 0.847049 0.797018 0.754283 0.717539 0.685783 0.658238 0.634289 0.613447 0.595321 0.579590 0.565999 0.554335 0.544427 0.536136 0.529349 0.523979 0.519957 0.517233 0.515773 0.515560 0.516591 0.518879 0.522451 0.527352 0.533644 0.541408 0.550747 0.561791 0.574700 0.589671 0.606943 0.626814 0.649647 0.675897 0.706131 0.741064 0.781615 0.828974 0.884710 0.950938 0.931160 0.857002 0.795559 0.744010 0.700320 0.662984 0.630871 0.603111 0.579027 0.558085 0.539861 0.524012 0.510261 0.498383 0.488195 0.479547 0.472318 0.466411 0.461749 0.458272 0.455937 0.454715 0.454593 0.455568 0.457651 0.460870 0.465262 0.470885 0.477810 0.486131 0.495962 0.507447 0.520761 0.536119 0.553785 0.574084 0.597423 0.624307 0.655379 0.691458 0.733611 0.783247 0.842263 1873.500000 1.158061 0.599734
0.534719 0.534064 0.531478 0.530187 0.530177 0.531447 0.534013 0.537906 0.543175 0.549885 0.558125 0.568004 0.579661 0.593266 0.609028 0.627201 0.648103 0.672120 0.699736 0.731557 0.768350 0.811096 0.854351 0.831814 0.812343 0.795635 0.781445 0.769574 0.759861 0.752180 0.746433 0.742549 0.740479 0.740199 0.741705 0.745016 0.750172 0.757237 0.766300 0.777478 0.790920 0.806814 0.825388 0.846927 0.871776 0.900362 0.910381 0.864286 0.824524 0.790079 0.760155 0.734119 0.711464 0.691783 0.674743 0.660074 0.647556 0.637010 0.628292 0.621285 0.615900 0.612070 0.609747 0.608903 0.599127 0.588536 0.579685 0.572455 0.566751 0.562502 0.559654 0.558173 0.558041 0.559256 0.561832 0.565802 0.571214 0.578136 0.586660 0.596897 0.608992 0.623119 0.639495 0.658383 0.680109 0.705074 0.733778 0.766843 0.768590 0.759952 0.753300 0.748552 0.745649 0.744554 0.745256 0.747762 0.752102 0.758332 0.766527 0.776793 0.789265 0.804113 0.821547 0.841827 0.865271 0.892269 0.923302 0.958965 1.000000 0.944815 0.882719 0.830159 0.785291 0.746732 0.713420 0.684532 0.659420 0.637566 0.618556 0.602056 0.587793 0.575544 0.565129 0.556400 0.549241 0.543556 0.539273 0.536339 1544.500000 1.303514 0.793610
0.942757 0.904992 0.872156 0.843581 0.818729 0.797164 0.778534 0.762549 0.748976 0.737624 0.728339 0.721000 0.715514 0.711813 0.696034 0.676634 0.659834 0.645364 0.633008 0.622588 0.613960 0.607011 0.601650 0.597811 0.595446 0.594526 0.595040 0.596994 0.600413 0.605338 0.611830 0.619973 0.629873 0.641666 0.655518 0.662555 0.659327 0.657707 0.657676 0.659233 0.662397 0.667206 0.673721 0.682023 0.692221 0.704452 0.718885 0.735732 0.755251 0.777758 0.803643 0.830668 0.807665 0.787749 0.770603 0.755970 0.743640 0.733445 0.725249 0.718946 0.714459 0.711732 0.710731 0.711444 0.713881 0.718070 0.724063 0.731935 0.741786 0.753747 0.767981 0.784690 0.804121 0.826582 0.809536 0.786796 0.767097 0.750123 0.735617 0.723372 0.713217 0.705019 0.698671 0.694093 0.691230 0.690045 0.690526 0.692677 0.696524 0.702116 0.709521 0.718834 0.730177 0.743705 0.746576 0.716305 0.689991 0.667091 0.647172 0.629881 0.614933 0.602095 0.591177 0.582025 0.574516 0.568549 0.564051 0.560963 0.559250 0.558889 0.559876 0.562224 0.568714 0.578553 0.590185 0.603779 0.619542 0.637727 0.658647 0.682686 0.710322 0.742154 0.778937 0.821640 0.871516 0.930226 1.000000 0.986291 5995.000000 1.201869 0.822518
0.984733 0.947146 0.914444 0.885988 0.861262 0.839847 0.821402 0.805649 0.792362 0.781358 0.772490 0.765646 0.760738 0.757707 0.756515 0.757147 0.759613 0.763941 0.770184 0.776703 0.750303 0.727332 0.707380 0.690112 0.675254 0.662586 0.651926 0.643128 0.636076 0.630680 0.626872 0.624606 0.623854 0.624606 0.626872 0.630680 0.636076 0.643128 0.651926 0.662586 0.661685 0.659017 0.657949 0.658469 0.660581 0.664313 0.669711 0.676840 0.685792 0.696686 0.709668 0.724923 0.742677 0.763207 0.786854 0.814037 0.845274 0.870775 0.863624 0.858640 0.855764 0.854959 0.856217 0.859552 0.865005 0.872644 0.882564 0.894892 0.909793 0.927471 0.948178 0.972227 1.000000 0.952374 0.898157 0.851721 0.811711 0.777079 0.747007 0.720848 0.698084 0.678297 0.661150 0.646368 0.633725 0.623040 0.614164 0.606979 0.601392 0.597334 0.594752 0.593617 0.593915 0.595648 0.598838 0.603525 0.605916 0.606647 0.608848 0.612546 0.617787 0.624636 0.633181 0.643535 0.655839 0.670269 0.687041 0.706419 0.728729 0.754371 0.759603 0.755074 0.752400 0.751549 0.752511 0.755298 0.759942 0.766502 0.775060 0.785725 0.798639 0.813978 0.831962 0.852859 0.876999 0.904790 0.936730 0.973439 621.000000 1.308968 0.853256
0.735452 0.694468 0.659316 0.628992 0.602724 0.579903 0.560046 0.542769 0.527760 0.514765 0.503578 0.494032 0.485991 0.479343 0.474001 0.469896 0.466978 0.465209 0.464568 0.465048 0.466655 0.469407 0.473339 0.478500 0.484956 0.492791 0.502114 0.513056 0.525781 0.540488 0.557423 0.576888 0.599258 0.624998 0.654698 0.689104 0.729181 0.776193 0.831826 0.898382 0.979078 1.000000 0.924846 0.862130 0.809205 0.764137 0.725480 0.692132 0.663244 0.638146 0.616309 0.597308 0.580801 0.566510 0.554208 0.543712 0.534870 0.527562 0.521690 0.517181 0.513976 0.512036 0.511338 0.511874 0.513649 0.516686 0.521022 0.526711 0.533825 0.542459 0.552731 0.564785 0.578803 0.595004 0.613660 0.635102 0.659744 0.688100 0.720818 0.758722 0.802874 0.854669 0.915966 0.877577 0.822730 0.776096 0.736143 0.701710 0.671900 0.646013 0.623493 0.603896 0.586864 0.572107 0.559388 0.548515 0.539332 0.531710 0.525550 0.520771 0.517313 0.515133 0.514206 0.514519 0.516076 0.518897 0.523015 0.528483 0.535370 0.543766 0.553785 0.565568 0.579289 0.595162 0.613449 0.634472 0.658630 0.686420 0.718465 0.755559 0.798720 0.849281 0.909013 0.980324 0.992036 0.908978 0.840622 0.783583 7332.000000 1.146328 0.600346
0.850195 0.870749 0.879950 0.852410 0.828477 0.807744 0.789880 0.774615 0.761729 0.751044 0.742419 0.735742 0.730929 0.727921 0.726681 0.727194 0.729466 0.733526 0.739422 0.747228 0.721603 0.692537 0.667268 0.645277 0.626149 0.609550 0.595204 0.582890 0.572427 0.563666 0.556490 0.550805 0.546538 0.543636 0.542064 0.541802 0.542848 0.545214 0.548928 0.554038 0.564115 0.581717 0.601949 0.625200 0.651952 0.682815 0.718563 0.760192 0.809011 0.824647 0.806285 0.790586 0.777324 0.766315 0.757413 0.750503 0.745497 0.742334 0.740975 0.741404 0.743626 0.747668 0.753580 0.761435 0.759485 0.757644 0.757632 0.759451 0.763120 0.768686 0.776218 0.785811 0.797589 0.811710 0.828373 0.847819 0.870347 0.896324 0.926198 0.960527 1.000000 0.914213 0.754052 0.642961 0.561579 0.499553 0.468975 0.462918 0.458104 0.454474 0.451981 0.450595 0.450298 0.451088 0.452974 0.455979 0.460140 0.465510 0.472157 0.480170 0.489660 0.500764 0.513648 0.528521 0.545633 0.565299 0.587904 0.613933 0.643997 0.678876 0.719583 0.767450 0.824267 0.811617 0.800089 0.790763 0.783518 0.778262 0.774930 0.773483 0.773901 0.776191 0.780381 0.786520 0.794687 0.804985 0.817549 0.832548 7588.000000 1.187792 0.716907
0.529308 0.524790 0.521594 0.519682 0.519029 0.519628 0.521487 0.524627 0.529087 0.534924 0.542212 0.551047 0.561550 0.573870 0.588192 0.604741 0.623795 0.645695 0.647816 0.644584 0.642925 0.642820 0.644266 0.647282 0.651904 0.658189 0.666218 0.676094 0.687949 0.701948 0.718296 0.737242 0.759092 0.784224 0.813103 0.846307 0.884561 0.872182 0.846177 0.823605 0.804093 0.787337 0.773089 0.761149 0.751354 0.743577 0.737719 0.733705 0.731488 0.731040 0.732356 0.735451 0.740364 0.747156 0.706736 0.668549 0.635730 0.607377 0.582789 0.561414 0.542814 0.526634 0.512590 0.500450 0.490025 0.481160 0.473732 0.467639 0.462802 0.459158 0.456663 0.455286 0.455010 0.455832 0.457762 0.460822 0.465052 0.470505 0.477250 0.485143 0.493032 0.502411 0.513416 0.526209 0.540993 0.558014 0.577579 0.600063 0.625937 0.655794 0.690389 0.730696 0.777991 0.833981 0.900993 0.982288 1.000000 0.952539 0.911475 0.875828 0.844824 0.817842 0.794384 0.774048 0.756504 0.741484 0.728771 0.718187 0.709591 0.700344 0.682444 0.667003 0.653785 0.642599 0.633290 0.625732 0.619828 0.615503 0.612704 0.611397 0.611566 0.605500 0.588850 0.574438 0.562037 0.551460 0.542556 0.535205 4378.000000 1.550005 0.779251
0.768353 0.781189 0.796414 0.814244 0.834948 0.858856 0.881999 0.855737 0.832942 0.813238 0.796319 0.781935 0.769884 0.760001 0.752157 0.746254 0.742216 0.739995 0.739564 0.740917 0.744071 0.749064 0.755958 0.764840 0.775824 0.789057 0.798082 0.765110 0.736458 0.711527 0.689836 0.670997 0.654695 0.640673 0.628722 0.618672 0.610386 0.603754 0.598691 0.595134 0.593039 0.592382 0.593153 0.595362 0.597359 0.600734 0.605614 0.612061 0.620157 0.630008 0.641748 0.655543 0.671598 0.690163 0.711547 0.736128 0.764375 0.796874 0.834358 0.877761 0.928287 0.987509 1.000000 0.963359 0.931474 0.903738 0.879665 0.858856 0.840988 0.825798 0.813070 0.802633 0.794350 0.788115 0.783852 0.781506 0.781051 0.782480 0.785811 0.773292 0.743671 0.717902 0.695478 0.675992 0.659112 0.644570 0.632146 0.621661 0.612971 0.605960 0.600537 0.596636 0.594208 0.593222 0.593667 0.595549 0.598891 0.603732 0.610135 0.618180 0.627972 0.639646 0.653366 0.669336 0.687804 0.709076 0.733530 0.761632 0.793961 0.831248 0.874420 0.852296 0.829259 0.809332 0.792205 0.777622 0.765377 0.755303 0.747267 0.741167 0.736928 0.734495 0.733841 0.734957 0.737857 0.742575 0.749171 0.757727 1666.500000 1.258735 0.825750
0.868228 0.850582 0.835611 0.823107 0.812900 0.804860 0.798882 0.794893 0.792845 0.792712 0.794492 0.798208 0.803905 0.811653 0.821550 0.833724 0.848340 0.865600 0.885754 0.904705 0.888143 0.874244 0.862821 0.853722 0.846832 0.842065 0.839362 0.838690 0.840042 0.843432 0.848904 0.856524 0.866389 0.878624 0.872225 0.850987 0.832717 0.817143 0.804042 0.793235 0.784579 0.777965 0.773308 0.770553 0.769664 0.770632 0.773468 0.778206 0.784906 0.793650 0.804552 0.817755 0.818784 0.813071 0.809374 0.807647 0.807870 0.810044 0.814198 0.820380 0.828669 0.839169 0.852018 0.867388 0.864207 0.852794 0.843685 0.836762 0.831940 0.829160 0.828387 0.829612 0.832850 0.838141 0.845549 0.855168 0.867122 0.881568 0.898705 0.918779 0.942092 0.969014 1.000000 0.997045 0.957174 0.922506 0.892337 0.866098 0.843332 0.823666 0.806795 0.792473 0.780497 0.770708 0.762976 0.752300 0.741623 0.732986 0.726276 0.721411 0.718330 0.716995 0.717389 0.719519 0.723409 0.729107 0.736685 0.746239 0.757893 0.771806 0.788174 0.807238 0.829294 0.854707 0.883922 0.889849 0.884194 0.880720 0.879382 0.880166 0.883081 0.888162 0.895471 0.905100 0.917173 0.931846 0.912642 0.888810 4314.000000 1.029656 0.908880
0.797062 0.826943 0.861307 0.900916 0.946734 1.000000 0.981233 0.935407 0.895732 0.861276 0.831302 0.805218 0.782549 0.762909 0.745984 0.731518 0.719302 0.709167 0.700980 0.694634 0.690049 0.687168 0.685958 0.686402 0.688507 0.692297 0.697820 0.705145 0.714363 0.725598 0.739000 0.754758 0.773107 0.794331 0.818782 0.812300 0.791094 0.772782 0.757081 0.743761 0.732637 0.723557 0.716405 0.711089 0.707543 0.705724 0.705610 0.707200 0.710512 0.715588 0.722489 0.731304 0.742146 0.755162 0.770532 0.788479 0.809278 0.833267 0.860858 0.892562 0.929015 0.971012 0.992685 0.939821 0.894347 0.855036 0.820930 0.791273 0.765465 0.743020 0.723547 0.706728 0.692303 0.680060 0.669829 0.661471 0.654877 0.649964 0.646670 0.644956 0.644799 0.646199 0.649173 0.653756 0.660006 0.668001 0.677845 0.689670 0.703640 0.719959 0.738874 0.760692 0.785788 0.814627 0.847783 0.885977 0.930121 0.981384 0.988355 0.936740 0.892291 0.853833 0.820448 0.791410 0.766141 0.744172 0.725126 0.708696 0.694630 0.682724 0.672813 0.664764 0.658473 0.653860 0.650869 0.649462 0.649624 0.651354 0.654676 0.659628 0.666274 0.674697 0.685006 0.697342 0.711877 0.728824 0.748444 0.771058 3938.000000 1.058645 0.765047
0.943149 0.913992 0.888659 0.866725 0.847841 0.831723 0.818141 0.806908 0.797875 0.790927 0.785976 0.782961 0.781845 0.782615 0.785280 0.789873 0.796450 0.805093 0.815914 0.829053 0.844691 0.863049 0.884400 0.909081 0.937502 0.970170 0.964124 0.931170 0.902496 0.877587 0.856022 0.837461 0.821625 0.808288 0.797267 0.788417 0.781623 0.776800 0.773890 0.772856 0.773687 0.776391 0.781003 0.787578 0.796200 0.806978 0.820054 0.835608 0.853860 0.875082 0.899608 0.927848 0.959844 0.933292 0.910303 0.890513 0.873625 0.859397 0.847635 0.838183 0.830918 0.825751 0.822617 0.821478 0.822321 0.825155 0.830015 0.836962 0.846081 0.857489 0.871337 0.887814 0.907153 0.929643 0.955638 0.946698 0.913579 0.884758 0.859707 0.838000 0.819286 0.803284 0.789760 0.778529 0.769440 0.762377 0.757250 0.753995 0.752574 0.752968 0.755184 0.759246 0.765207 0.773138 0.783143 0.795351 0.809927 0.827078 0.847055 0.870170 0.896802 0.927421 0.962606 1.000000 0.965935 0.936296 0.910550 0.888265 0.869088 0.852732 0.838965 0.827597 0.818478 0.811492 0.806551 0.803594 0.802584 0.803511 0.806385 0.811240 0.818138 0.827163 0.838432 0.852094 0.868335 0.887386 0.909532 0.935123 17112.000000 1.050995 0.861703
0.902412 1.000000 0.987450 0.893039 0.816902 0.754402 0.702358 0.658515 0.621233 0.589290 0.561758 0.537922 0.517222 0.499214 0.483543 0.469924 0.458125 0.447956 0.439264 0.431924 0.425834 0.420913 0.417098 0.414341 0.412608 0.411877 0.412140 0.413399 0.415671 0.418983 0.423376 0.428907 0.435647 0.443689 0.453145 0.464156 0.476893 0.491565 0.508434 0.527817 0.550116 0.575829 0.605595 0.640233 0.680812 0.728758 0.786007 0.841916 0.794083 0.753109 0.717801 0.687237 0.660696 0.637608 0.617516 0.600054 0.584922 0.571878 0.560725 0.551301 0.543477 0.537147 0.532231 0.528665 0.526407 0.525429 0.525718 0.527279 0.530130 0.534306 0.539859 0.546860 0.555401 0.565597 0.577591 0.591562 0.607725 0.626348 0.647758 0.672361 0.700661 0.733292 0.771060 0.814998 0.837371 0.770818 0.715662 0.669377 0.630141 0.596608 0.567762 0.542825 0.521188 0.502374 0.486002 0.471763 0.459410 0.448741 0.439591 0.431827 0.425339 0.420040 0.415860 0.412748 0.410664 0.409583 0.409491 0.410388 0.412284 0.415202 0.419180 0.424266 0.430527 0.438046 0.446929 0.457304 0.469330 0.483201 0.499155 0.517489 0.538568 0.562850 0.590916 0.623509 0.661594 0.706446 0.759787 0.823987 1362.000000 1.360083 0.584213
0.911906 0.892169 0.875332 0.861155 0.849444 0.840043 0.832833 0.827723 0.824649 0.823575 0.824487 0.827397 0.832340 0.839376 0.848595 0.860113 0.874082 0.831419 0.786716 0.748285 0.715077 0.686274 0.661233 0.639441 0.620486 0.604037 0.589821 0.577619 0.567250 0.563548 0.561583 0.560977 0.561725 0.563836 0.567334 0.572263 0.578684 0.586681 0.596359 0.607850 0.621319 0.636968 0.655044 0.675852 0.699766 0.727251 0.758886 0.795403 0.796931 0.791876 0.788773 0.787585 0.788296 0.790915 0.795475 0.802031 0.810665 0.821488 0.834642 0.850305 0.868700 0.890101 0.914842 0.943336 0.976089 1.000000 0.965623 0.935711 0.909722 0.887218 0.867840 0.851297 0.837353 0.825816 0.816532 0.809384 0.804280 0.801158 0.799980 0.800731 0.803422 0.768955 0.737064 0.709353 0.685242 0.664264 0.646042 0.630271 0.616702 0.605132 0.595396 0.587361 0.580920 0.575992 0.573041 0.571940 0.572219 0.573881 0.576947 0.581454 0.587458 0.595037 0.604288 0.615337 0.628340 0.643487 0.661015 0.681212 0.704432 0.731115 0.761805 0.797191 0.828656 0.821988 0.817380 0.814775 0.814142 0.815473 0.818784 0.824115 0.831532 0.841130 0.853030 0.867391 0.884412 0.904335 0.927464 0.934839 14240.000000 1.265076 0.844242
0.931348 0.867004 0.812808 0.766727 0.727249 0.693225 0.663770 0.638191 0.615939 0.596576 0.579746 0.565165 0.552597 0.541853 0.532779 0.525247 0.519159 0.514435 0.511017 0.508861 0.507943 0.508249 0.509785 0.512569 0.516635 0.522033 0.528833 0.537124 0.547017 0.558653 0.572203 0.587878 0.605937 0.626699 0.650556 0.678000 0.709646 0.746276 0.788898 0.838827 0.897812 0.841233 0.784859 0.737231 0.696635 0.661787 0.631709 0.605642 0.582990 0.563279 0.546130 0.531237 0.518350 0.507266 0.497820 0.489879 0.483333 0.478096 0.474102 0.471299 0.469655 0.469148 0.469772 0.471536 0.474460 0.478581 0.483951 0.490638 0.498730 0.508339 0.519601 0.532687 0.547802 0.565202 0.585199 0.608183 0.634636 0.665171 0.700566 0.741827 0.790275 0.847679 0.916456 1.000000 0.941357 0.864408 0.800872 0.747714 0.702762 0.664418 0.631484 0.603045 0.578390 0.556962 0.538315 0.522093 0.508008 0.495827 0.485357 0.476445 0.468964 0.462811 0.457907 0.454188 0.451609 0.450137 0.449754 0.450457 0.452253 0.455164 0.459226 0.464490 0.471025 0.478916 0.488273 0.499229 0.511949 0.526637 0.543540 0.562966 0.585294 0.610999 0.640680 0.675101 0.715252 0.762434 0.818391 0.885514 4831.000000 1.151081 0.600157
0.878343 0.913510 0.954004 0.984645 0.942788 0.906440 0.874820 0.847304 0.823389 0.802668 0.784808 0.769540 0.756642 0.745937 0.737281 0.730565 0.725702 0.722632 0.721319 0.721747 0.723919 0.727864 0.733629 0.725685 0.712956 0.702329 0.693660 0.686837 0.681773 0.678406 0.676695 0.676618 0.678174 0.681383 0.686283 0.692936 0.688932 0.679049 0.671040 0.664800 0.660251 0.657337 0.656022 0.656290 0.658144 0.661607 0.666722 0.673551 0.682183 0.692729 0.705332 0.720169 0.737459 0.757469 0.780528 0.777943 0.770295 0.764620 0.760848 0.758932 0.758849 0.760598 0.764201 0.769701 0.777166 0.786692 0.798401 0.812451 0.829038 0.848402 0.870840 0.896717 0.926479 0.960678 1.000000 0.995358 0.933728 0.881283 0.836324 0.797558 0.763985 0.734824 0.709453 0.687376 0.668193 0.651578 0.637268 0.625046 0.614738 0.606200 0.599808 0.597000 0.595646 0.595729 0.597252 0.600233 0.604707 0.610731 0.618381 0.627757 0.638984 0.652220 0.667658 0.685537 0.706147 0.729848 0.757082 0.753311 0.739666 0.728229 0.718845 0.711392 0.705776 0.701925 0.699792 0.699352 0.700599 0.703549 0.708237 0.714721 0.723084 0.733432 0.745903 0.760670 0.777946 0.797992 0.821129 0.847751 1667.000000 1.192550 0.832250
0.821182 0.785345 0.754246 0.727201 0.703665 0.683199 0.665447 0.650122 0.636986 0.625849 0.616554 0.608976 0.603018 0.598604 0.595678 0.594205 0.594167 0.595564 0.598413 0.602748 0.608623 0.616113 0.625315 0.636351 0.649377 0.664582 0.682199 0.702514 0.725878 0.752726 0.783596 0.819164 0.860286 0.908058 0.963906 0.947250 0.913343 0.883835 0.858177 0.835924 0.816713 0.800251 0.786295 0.774652 0.765166 0.757712 0.752196 0.748551 0.746731 0.746715 0.748501 0.752113 0.757593 0.765011 0.774459 0.786061 0.799972 0.816387 0.835544 0.857739 0.883330 0.912763 0.911601 0.867685 0.829712 0.796763 0.768110 0.743175 0.721491 0.702682 0.686440 0.672515 0.660704 0.650842 0.642796 0.636461 0.631756 0.628624 0.627026 0.626943 0.628373 0.631334 0.635862 0.642014 0.649866 0.659522 0.671110 0.684791 0.700766 0.719278 0.740627 0.765181 0.793397 0.825839 0.863215 0.906423 0.895651 0.866331 0.840832 0.818706 0.799592 0.783194 0.769270 0.757627 0.748106 0.740584 0.734964 0.731177 0.729176 0.728938 0.730459 0.733758 0.738875 0.745873 0.754841 0.765894 0.779181 0.794887 0.813237 0.834513 0.859058 0.887292 0.919736 0.957036 1.000000 0.967103 0.910782 0.862624 16372.000000 1.217503 0.774500
0.603480 0.623115 0.645678 0.671616 0.701486 0.735991 0.743807 0.732826 0.723883 0.716862 0.711674 0.708254 0.706562 0.706575 0.708295 0.711742 0.716958 0.724008 0.732982 0.743996 0.757198 0.772772 0.790946 0.811999 0.836272 0.819442 0.778451 0.743070 0.712407 0.685761 0.662575 0.642403 0.624883 0.609724 0.596686 0.585575 0.576234 0.568533 0.562373 0.557674 0.554377 0.552443 0.551846 0.552580 0.554655 0.558095 0.562942 0.569257 0.563599 0.550350 0.538979 0.529317 0.521230 0.514607 0.509361 0.505427 0.502755 0.501313 0.501083 0.502061 0.504261 0.507709 0.512447 0.518535 0.526052 0.535099 0.545800 0.558310 0.572819 0.589561 0.608822 0.630955 0.656399 0.685703 0.719561 0.758858 0.804746 0.858743 0.922891 1.000000 0.948032 0.892196 0.844492 0.803468 0.768009 0.737249 0.710504 0.687228 0.666986 0.649421 0.634247 0.621228 0.610173 0.600927 0.593365 0.587389 0.582922 0.579909 0.578313 0.578115 0.579312 0.581918 0.585967 0.591507 0.598608 0.607364 0.593910 0.578114 0.564461 0.552739 0.542775 0.534429 0.527587 0.522160 0.518079 0.515293 0.513768 0.513485 0.514441 0.516648 0.520132 0.524937 0.531123 0.538770 0.547979 0.558879 0.571626 0.586414 2667.500000 1.514304 0.774050
0.760669 0.827234 0.905160 0.864829 0.829852 0.799445 0.772985 0.749968 0.729991 0.712722 0.697895 0.685288 0.674726 0.666065 0.659191 0.654017 0.650479 0.648532 0.648154 0.649340 0.652104 0.656480 0.662522 0.626467 0.592813 0.563880 0.538877 0.517191 0.498337 0.481929 0.467658 0.455273 0.444570 0.435384 0.428257 0.423044 0.418953 0.415934 0.413947 0.412970 0.412990 0.414007 0.416034 0.419096 0.423230 0.428489 0.434942 0.442674 0.451795 0.462437 0.474763 0.488975 0.505319 0.525229 0.549789 0.578221 0.611306 0.650068 0.695869 0.750558 0.816712 0.898027 1.000000 0.958399 0.874948 0.806654 0.749925 0.702231 0.661740 0.627092 0.597259 0.571450 0.549047 0.529562 0.512605 0.497863 0.485081 0.474052 0.475005 0.481552 0.489479 0.498892 0.509927 0.522750 0.537562 0.554613 0.574210 0.596733 0.622656 0.652578 0.687259 0.727685 0.775148 0.816924 0.749869 0.694534 0.648258 0.609140 0.575782 0.547138 0.522407 0.500970 0.482340 0.466128 0.452024 0.439777 0.429182 0.420074 0.412318 0.405802 0.403944 0.407106 0.411315 0.416627 0.423111 0.430854 0.439965 0.450579 0.462860 0.477011 0.493281 0.511976 0.533480 0.558273 0.586967 0.620345 0.659432 0.705591 1146.500000 1.286715 0.573858
0.633862 0.632555 0.632775 0.634523 0.637823 0.642713 0.649255 0.657531 0.667651 0.679750 0.693999 0.710607 0.729830 0.751983 0.777456 0.806726 0.840391 0.879198 0.924096 0.976305 1.000000 0.946824 0.901079 0.861531 0.827217 0.797379 0.771412 0.748831 0.729240 0.712321 0.697812 0.685501 0.675216 0.667246 0.661976 0.658363 0.656361 0.655947 0.657116 0.659881 0.664277 0.670357 0.678199 0.687903 0.699599 0.709668 0.708339 0.708719 0.710812 0.714644 0.720263 0.727738 0.737164 0.748665 0.762396 0.778550 0.797367 0.819138 0.844222 0.873061 0.906200 0.944319 0.988271 0.993765 0.929874 0.875684 0.829351 0.789481 0.755003 0.725085 0.699067 0.676425 0.656737 0.639659 0.624914 0.612276 0.603246 0.598128 0.594517 0.592368 0.591654 0.592368 0.594517 0.598128 0.603246 0.609933 0.618277 0.628387 0.640402 0.654493 0.670870 0.689792 0.711577 0.736615 0.765390 0.798507 0.836726 0.881016 0.904873 0.892305 0.882178 0.874360 0.868755 0.865291 0.863929 0.864650 0.867465 0.872406 0.879535 0.888940 0.884546 0.844889 0.810504 0.780615 0.754605 0.731979 0.712337 0.695353 0.680761 0.668347 0.657933 0.649380 0.642574 0.637430 0.633882 0.631886 0.631420 0.632478 4989.000000 1.088989 0.770283
0.846529 0.873317 0.850900 0.831558 0.814996 0.800972 0.789292 0.779800 0.772372 0.766914 0.763359 0.761663 0.761806 0.763789 0.767637 0.773396 0.781138 0.790962 0.802995 0.817400 0.834377 0.854176 0.859222 0.835411 0.814794 0.797044 0.781895 0.769129 0.758571 0.750082 0.743552 0.738900 0.736068 0.735021 0.735747 0.738255 0.742575 0.748761 0.756889 0.767063 0.779419 0.794123 0.811385 0.831461 0.854668 0.871051 0.838603 0.810368 0.785804 0.764472 0.746018 0.730152 0.716636 0.705280 0.695929 0.688460 0.682776 0.678808 0.676505 0.675841 0.676807 0.679415 0.683697 0.689705 0.697515 0.707227 0.718969 0.718333 0.714378 0.712172 0.711690 0.712924 0.715890 0.720624 0.727184 0.735654 0.746142 0.758788 0.773766 0.791292 0.811632 0.835109 0.862123 0.893167 0.928852 0.969941 1.000000 0.955752 0.917371 0.884000 0.854960 0.829702 0.807784 0.788845 0.772593 0.758788 0.747236 0.737782 0.730301 0.724699 0.720905 0.718874 0.718580 0.720021 0.723213 0.728196 0.729939 0.715246 0.702793 0.692405 0.683943 0.677298 0.672385 0.669143 0.667533 0.667534 0.669148 0.672393 0.677310 0.683958 0.692424 0.702816 0.715274 0.729971 0.747124 0.766994 0.789904 0.816253 6544.500000 1.133870 0.865063
0.935097 0.984595 0.954888 0.909627 0.870465 0.836468 0.806898 0.781164 0.758793 0.739398 0.722669 0.708348 0.696228 0.686142 0.677953 0.671556 0.666871 0.663838 0.646609 0.631506 0.618549 0.607547 0.598345 0.590821 0.584874 0.580431 0.577435 0.575850 0.575657 0.576854 0.579454 0.583489 0.589010 0.596087 0.604810 0.615297 0.627692 0.642177 0.658970 0.670038 0.659242 0.650330 0.643184 0.637713 0.633849 0.631544 0.630769 0.631516 0.633793 0.637629 0.643069 0.650184 0.659063 0.669823 0.682613 0.697614 0.715051 0.735198 0.758393 0.785052 0.815691 0.850951 0.891643 0.938797 0.993745 1.000000 0.945238 0.898214 0.857615 0.822423 0.791838 0.765223 0.742069 0.721963 0.704571 0.689619 0.676885 0.666189 0.657385 0.650356 0.645014 0.641291 0.639142 0.638541 0.639479 0.638838 0.624662 0.612546 0.602314 0.593825 0.586967 0.581650 0.577809 0.575395 0.574379 0.574749 0.576509 0.579680 0.584302 0.590433 0.598149 0.607553 0.618772 0.631964 0.647324 0.665092 0.685561 0.681642 0.674168 0.668449 0.664413 0.662011 0.661214 0.662011 0.664413 0.668449 0.674168 0.681642 0.690966 0.702265 0.715692 0.731440 0.749742 0.770889 0.795235 0.823216 0.855375 0.892385 1841.500000 1.393765 0.804567
0.760609 0.758505 0.758234 0.759793 0.763201 0.768499 0.775754 0.785056 0.796526 0.810317 0.826620 0.845673 0.867764 0.893249 0.922567 0.952770 0.929113 0.908739 0.891340 0.876667 0.864519 0.854733 0.847185 0.841779 0.838448 0.837153 0.828978 0.796638 0.768508 0.744029 0.722748 0.704300 0.688388 0.674769 0.663244 0.653655 0.645874 0.639798 0.635352 0.632481 0.631149 0.631340 0.633058 0.636321 0.641171 0.647668 0.655894 0.665957 0.677992 0.692169 0.708695 0.727825 0.749873 0.759699 0.763958 0.770130 0.778294 0.788553 0.801041 0.815928 0.833426 0.853791 0.877344 0.904474 0.935661 0.971500 1.000000 0.963874 0.932436 0.905095 0.881375 0.860887 0.843315 0.828402 0.815939 0.805758 0.797726 0.791741 0.787729 0.785640 0.785450 0.787155 0.790777 0.796360 0.803973 0.798415 0.778218 0.760806 0.745913 0.733325 0.722868 0.714401 0.707816 0.703029 0.699982 0.698637 0.698977 0.701008 0.704753 0.710258 0.717593 0.726850 0.738150 0.740846 0.738146 0.737235 0.738103 0.740760 0.745237 0.751591 0.759900 0.770272 0.782842 0.797784 0.815309 0.829317 0.819138 0.811136 0.805211 0.801287 0.799318 0.799280 0.801171 0.800362 0.788222 0.778292 0.770441 0.764571 3694.500000 1.153447 0.892333
1.000000 0.956243 0.909345 0.868827 0.833688 0.803141 0.776558 0.753435 0.733366 0.716017 0.701121 0.688457 0.677846 0.669144 0.662239 0.657041 0.653486 0.651531 0.651151 0.652342 0.655119 0.659515 0.665585 0.673405 0.683076 0.694727 0.708519 0.724651 0.743366 0.764966 0.789819 0.818378 0.851208 0.889013 0.859898 0.830488 0.804899 0.782668 0.763422 0.746856 0.732721 0.720816 0.710977 0.703073 0.697005 0.692694 0.690089 0.689157 0.689888 0.692289 0.696391 0.702244 0.709921 0.719520 0.731168 0.745023 0.761283 0.780190 0.802042 0.827203 0.856123 0.889359 0.927604 0.971733 0.952978 0.906951 0.867158 0.832631 0.802608 0.776481 0.753759 0.734048 0.717024 0.702426 0.690040 0.679692 0.671243 0.664583 0.659628 0.656315 0.654604 0.654475 0.655926 0.658974 0.663657 0.670033 0.678182 0.688210 0.700251 0.714473 0.731083 0.750334 0.772537 0.798076 0.827423 0.861164 0.900035 0.878223 0.844828 0.815772 0.790490 0.768524 0.749502 0.733122 0.719139 0.707351 0.697597 0.689747 0.683701 0.679382 0.676738 0.675735 0.676363 0.678628 0.682559 0.688202 0.695630 0.704936 0.716244 0.729707 0.745516 0.763907 0.785167 0.809651 0.837794 0.870136 0.907348 0.950278 2339.000000 1.117481 0.780620
0.598235 0.582449 0.568809 0.557105 0.547164 0.538848 0.532043 0.526660 0.522632 0.519908 0.518455 0.518255 0.519305 0.521620 0.525225 0.530167 0.536508 0.544330 0.553736 0.564859 0.577857 0.592931 0.610321 0.630327 0.653316 0.679744 0.710185 0.745359 0.786191 0.833883 0.890016 0.956723 0.921979 0.873052 0.830957 0.794561 0.762981 0.735519 0.711620 0.690837 0.672809 0.657240 0.643892 0.632569 0.623112 0.615395 0.609317 0.604800 0.601788 0.600246 0.600153 0.601510 0.604331 0.608653 0.614528 0.622030 0.631258 0.642334 0.655413 0.670685 0.685895 0.656563 0.631094 0.608940 0.589661 0.572902 0.558378 0.545855 0.535142 0.526085 0.518557 0.512459 0.507712 0.504256 0.502047 0.501060 0.501281 0.502715 0.505378 0.509302 0.514538 0.521150 0.529227 0.538876 0.550234 0.563467 0.578782 0.596429 0.616718 0.640033 0.666850 0.697766 0.733542 0.775153 0.823873 0.881393 0.950009 1.000000 0.935150 0.880189 0.833227 0.792835 0.757920 0.727629 0.701291 0.678370 0.658436 0.641140 0.626200 0.613385 0.602506 0.593410 0.585976 0.580106 0.575726 0.572781 0.571235 0.571069 0.572282 0.574888 0.578918 0.584424 0.591474 0.600159 0.610596 0.622930 0.637340 0.616428 825.000000 1.540815 0.718638
0.948436 0.904001 0.865534 0.832131 0.803073 0.777786 0.755808 0.736764 0.720350 0.706315 0.694457 0.684614 0.676652 0.670471 0.665991 0.663158 0.661936 0.662312 0.664289 0.667892 0.673165 0.680174 0.689007 0.678844 0.668733 0.660487 0.653998 0.649184 0.645985 0.644363 0.644296 0.645786 0.648849 0.653523 0.659866 0.667958 0.677905 0.689839 0.703928 0.720375 0.719368 0.715619 0.713618 0.713343 0.714789 0.717974 0.722938 0.729740 0.738468 0.749233 0.762181 0.777490 0.795382 0.816129 0.802361 0.789754 0.779387 0.771121 0.764852 0.760502 0.758016 0.757366 0.758542 0.761560 0.766455 0.773289 0.782147 0.793143 0.806423 0.822170 0.840609 0.862019 0.886740 0.878143 0.844382 0.815011 0.789452 0.767241 0.747997 0.731414 0.717241 0.705273 0.695346 0.687328 0.681114 0.676627 0.673812 0.672633 0.673078 0.675150 0.678876 0.674011 0.659460 0.647050 0.636603 0.627977 0.621058 0.615757 0.612007 0.609764 0.608998 0.609701 0.611881 0.615566 0.620799 0.627648 0.636199 0.646565 0.658889 0.673345 0.690149 0.709567 0.729728 0.731261 0.734574 0.739708 0.746725 0.755715 0.766793 0.780109 0.795846 0.814233 0.835550 0.860142 0.888430 0.920936 0.958307 1.000000 5588.000000 1.213362 0.872715
0.900357 0.941383 0.988823 0.946262 0.878811 0.822185 0.774166 0.733116 0.697797 0.667257 0.640758 0.617714 0.597660 0.580221 0.565094 0.552032 0.540833 0.531334 0.523402 0.516931 0.511836 0.508052 0.505532 0.504246 0.504179 0.505328 0.507709 0.511350 0.516296 0.522610 0.530375 0.535631 0.537376 0.540437 0.544854 0.550682 0.557994 0.566886 0.577481 0.589928 0.604411 0.621157 0.640444 0.662615 0.688093 0.717407 0.751219 0.790374 0.835960 0.889401 0.952592 1.000000 0.952698 0.911766 0.876231 0.845321 0.818422 0.795039 0.774770 0.757287 0.742325 0.729666 0.719135 0.710591 0.703924 0.699050 0.695907 0.694458 0.694685 0.696591 0.700199 0.705553 0.712719 0.721790 0.695396 0.671161 0.650071 0.631742 0.615861 0.602175 0.590475 0.580593 0.572392 0.565764 0.560623 0.556904 0.554561 0.553566 0.553906 0.555586 0.558626 0.563064 0.568954 0.576372 0.585415 0.596206 0.608896 0.623673 0.640768 0.660461 0.683102 0.709119 0.739047 0.773558 0.762640 0.745160 0.730183 0.717491 0.706906 0.698287 0.691522 0.686524 0.683232 0.681606 0.681626 0.683292 0.686624 0.691663 0.698472 0.707137 0.717771 0.730516 0.745550 0.763093 0.783414 0.806845 0.833790 0.864753 1002.500000 1.391455 0.754640
0.587677 0.590618 0.595028 0.600964 0.608501 0.617736 0.628793 0.641828 0.657032 0.674637 0.694933 0.718271 0.745089 0.775929 0.790994 0.778873 0.768942 0.761072 0.755162 0.751139 0.748953 0.748578 0.750010 0.753265 0.758383 0.765428 0.774489 0.785682 0.799157 0.815100 0.833741 0.855364 0.880315 0.909022 0.942010 0.979932 1.000000 0.928503 0.868500 0.817632 0.774154 0.736753 0.704417 0.676361 0.651965 0.630735 0.612272 0.596254 0.582421 0.570558 0.560493 0.552083 0.545216 0.539802 0.535772 0.533077 0.531684 0.532232 0.537803 0.544819 0.553371 0.563575 0.575575 0.589549 0.605713 0.624336 0.645744 0.670345 0.698645 0.731279 0.769055 0.813011 0.803824 0.786222 0.771191 0.758518 0.748028 0.739581 0.733069 0.728410 0.725547 0.724445 0.725090 0.727491 0.731676 0.737697 0.745629 0.755574 0.767661 0.782057 0.798964 0.818634 0.841376 0.867566 0.897672 0.932269 0.912431 0.875881 0.844101 0.816445 0.792392 0.771521 0.753490 0.738020 0.724884 0.713896 0.704910 0.697807 0.692498 0.688916 0.687017 0.686779 0.688199 0.691293 0.696099 0.702678 0.705763 0.684156 0.665388 0.649145 0.635170 0.623253 0.613225 0.604950 0.598317 0.593241 0.589660 0.587528 1086.500000 1.111268 0.797348
1.000000 0.930852 0.872615 0.823102 0.780686 0.744132 0.712488 0.685008 0.661103 0.640301 0.622221 0.606555 0.593052 0.581508 0.571755 0.563660 0.557114 0.552034 0.548354 0.546029 0.545032 0.545350 0.546986 0.549962 0.554313 0.560093 0.567376 0.576257 0.567375 0.556909 0.548119 0.540885 0.535112 0.530725 0.527671 0.525912 0.525426 0.526207 0.528265 0.531625 0.536329 0.542435 0.550021 0.559190 0.570065 0.582804 0.597598 0.614682 0.634345 0.656942 0.682914 0.712813 0.747332 0.787358 0.795981 0.777427 0.761511 0.747999 0.736703 0.727469 0.720177 0.714735 0.711074 0.709151 0.708941 0.710442 0.713673 0.718672 0.725502 0.734249 0.745026 0.757978 0.773284 0.791165 0.811896 0.782891 0.742842 0.708314 0.678415 0.652446 0.629854 0.610194 0.593111 0.578313 0.565564 0.554673 0.545483 0.537868 0.531725 0.526976 0.523561 0.521439 0.520583 0.520982 0.522642 0.525583 0.529841 0.535469 0.542539 0.551144 0.561400 0.571257 0.563170 0.556632 0.551557 0.547882 0.545561 0.544566 0.544884 0.546521 0.549495 0.553844 0.559620 0.566899 0.575774 0.586367 0.598827 0.613338 0.630125 0.649465 0.671700 0.697250 0.726641 0.760531 0.799758 0.845400 0.898862 0.962017 6017.500000 1.486820 0.771133
0.834597 0.846512 0.847403 0.825541 0.806673 0.790510 0.776816 0.765401 0.756112 0.748829 0.743458 0.739933 0.738212 0.738273 0.740118 0.743768 0.749268 0.756687 0.766118 0.777684 0.747941 0.719918 0.695534 0.674320 0.655894 0.639950 0.626235 0.614545 0.604713 0.596606 0.590116 0.585160 0.581677 0.579623 0.578973 0.579720 0.581872 0.585456 0.588229 0.592342 0.597963 0.605164 0.614038 0.624704 0.637309 0.652036 0.669110 0.688807 0.711464 0.737499 0.767432 0.794204 0.797791 0.803355 0.810963 0.820714 0.832732 0.847179 0.864255 0.884207 0.907340 0.934026 0.964724 1.000000 0.999043 0.946412 0.901112 0.861931 0.827927 0.798355 0.772620 0.750242 0.730836 0.714085 0.699733 0.686638 0.669336 0.654422 0.641671 0.630897 0.621953 0.614720 0.609103 0.605032 0.602457 0.601347 0.601687 0.603483 0.606755 0.611544 0.617910 0.625934 0.635720 0.647402 0.661144 0.659764 0.653083 0.648082 0.644698 0.642890 0.642636 0.643933 0.646797 0.651262 0.657384 0.665239 0.674931 0.686588 0.700371 0.716480 0.735161 0.756713 0.781507 0.809998 0.842753 0.869865 0.854076 0.840840 0.829977 0.821345 0.814833 0.810360 0.807872 0.807338 0.808752 0.812131 0.817516 0.824973 17578.000000 1.355556 0.857508
0.709347 0.690229 0.673695 0.659485 0.647391 0.637239 0.628893 0.622242 0.617202 0.613709 0.611721 0.611213 0.612180 0.614633 0.618602 0.624136 0.631304 0.640199 0.650939 0.663672 0.678580 0.695888 0.715873 0.738871 0.765301 0.795680 0.819064 0.796947 0.777818 0.761377 0.747380 0.735628 0.725962 0.718254 0.712407 0.708347 0.706024 0.705410 0.706498 0.709300 0.713851 0.720208 0.728449 0.738681 0.751040 0.765696 0.782858 0.802786 0.825796 0.852277 0.882711 0.917691 0.957961 1.000000 0.941524 0.891538 0.848534 0.811352 0.779090 0.751035 0.726620 0.705389 0.686971 0.671066 0.657429 0.645860 0.636197 0.628310 0.622097 0.617479 0.614398 0.612816 0.612715 0.614093 0.616967 0.621372 0.627362 0.635014 0.644426 0.655726 0.669069 0.684650 0.702707 0.723533 0.747486 0.747283 0.738878 0.732404 0.727781 0.724951 0.723881 0.724556 0.726986 0.731199 0.737249 0.745209 0.755182 0.767299 0.781726 0.798666 0.803021 0.788207 0.775765 0.765525 0.757353 0.751144 0.746820 0.744328 0.743639 0.744744 0.747655 0.752409 0.759065 0.767705 0.778441 0.791415 0.806806 0.824834 0.845769 0.869946 0.897772 0.929750 0.902534 0.857833 0.819231 0.785766 0.756678 0.731367 7653.000000 1.232372 0.822091
0.743232 0.733048 0.724861 0.718568 0.714088 0.711367 0.710371 0.711089 0.713529 0.717721 0.723716 0.731589 0.741442 0.753403 0.767636 0.756306 0.743025 0.731935 0.722887 0.715764 0.710474 0.706953 0.705157 0.705064 0.706673 0.710004 0.715098 0.722017 0.730849 0.741709 0.754742 0.770130 0.788097 0.808917 0.832928 0.860545 0.892279 0.928767 0.944972 0.923706 0.905510 0.890120 0.877322 0.866946 0.858858 0.852955 0.849164 0.847440 0.847760 0.850130 0.854577 0.861157 0.869951 0.881071 0.894662 0.910907 0.930036 0.919556 0.877197 0.840504 0.808628 0.780894 0.756762 0.735796 0.717642 0.702014 0.688675 0.677435 0.668140 0.660667 0.654919 0.650825 0.648334 0.647416 0.648059 0.650272 0.654081 0.659533 0.666696 0.675662 0.686550 0.699506 0.714716 0.711022 0.708861 0.708413 0.709676 0.712662 0.717409 0.723976 0.732445 0.742926 0.755557 0.770514 0.788011 0.808314 0.831748 0.858711 0.864142 0.866328 0.870628 0.877094 0.885807 0.896877 0.910448 0.926703 0.945870 0.968227 0.994120 1.000000 0.957855 0.921248 0.889400 0.861687 0.837605 0.816747 0.798781 0.783434 0.770487 0.759762 0.751116 0.744438 0.739643 0.736674 0.735493 0.736086 0.738460 0.742645 1301.500000 1.260305 0.880331
0.863239 0.810668 0.765873 0.727429 0.694253 0.665504 0.640523 0.618787 0.599875 0.583449 0.569233 0.557004 0.546578 0.537806 0.530570 0.524774 0.520343 0.517221 0.515371 0.514770 0.515411 0.517300 0.520463 0.524936 0.530777 0.537464 0.530482 0.524926 0.520727 0.517833 0.516207 0.515830 0.516697 0.518820 0.522223 0.526949 0.533057 0.540626 0.549757 0.560575 0.573236 0.587932 0.604896 0.624417 0.646851 0.672637 0.702327 0.736616 0.776390 0.822801 0.815671 0.790780 0.769162 0.750455 0.734363 0.720646 0.709109 0.699594 0.691977 0.686159 0.682067 0.679651 0.678882 0.679751 0.682268 0.686463 0.692388 0.700118 0.709752 0.721416 0.735272 0.751516 0.770392 0.792198 0.817301 0.785719 0.739694 0.700357 0.666517 0.637261 0.611878 0.589805 0.570596 0.553892 0.539400 0.526884 0.516151 0.507044 0.499434 0.493221 0.488322 0.484676 0.482236 0.480974 0.480875 0.481936 0.484170 0.487606 0.492285 0.498267 0.505629 0.514470 0.524913 0.537109 0.551245 0.567549 0.586303 0.587228 0.589047 0.592308 0.597053 0.603338 0.611246 0.620880 0.632370 0.645878 0.661605 0.679795 0.700750 0.724840 0.752522 0.784367 0.821092 0.863608 0.913087 0.971062 1.000000 0.925484 2277.500000 1.482551 0.748734
0.666954 0.657815 0.650469 0.644821 0.640801 0.638359 0.637466 0.638110 0.640299 0.644061 0.649441 0.656506 0.665348 0.676081 0.688854 0.703846 0.721282 0.741436 0.764643 0.791317 0.821972 0.857246 0.897944 0.945088 1.000000 0.998360 0.951555 0.911039 0.875856 0.845250 0.818617 0.795468 0.775409 0.758119 0.743334 0.730842 0.720470 0.712080 0.705562 0.700837 0.697844 0.696547 0.696931 0.699001 0.702781 0.708318 0.715680 0.724962 0.736285 0.749802 0.765704 0.784225 0.805654 0.803577 0.777252 0.754357 0.734491 0.717328 0.702603 0.690099 0.679641 0.671088 0.664328 0.659276 0.655868 0.654062 0.653837 0.655190 0.658138 0.662716 0.668981 0.677012 0.686914 0.698817 0.712889 0.729332 0.748396 0.770390 0.795691 0.824764 0.858188 0.896688 0.889271 0.863488 0.841127 0.821825 0.805285 0.791267 0.779574 0.770050 0.762571 0.757042 0.753394 0.751583 0.751588 0.753407 0.757064 0.762602 0.770091 0.779625 0.791328 0.805358 0.821910 0.841226 0.848341 0.824504 0.803854 0.786060 0.770854 0.758016 0.747370 0.738774 0.732117 0.727315 0.724310 0.723064 0.723562 0.725811 0.729838 0.735692 0.743446 0.753199 0.765079 0.744977 0.724354 0.706498 0.691126 0.678007 13879.500000 1.181571 0.833631
0.935756 0.964213 0.996932 0.991844 0.914611 0.850437 0.796471 0.750646 0.711428 0.677656 0.648436 0.623071 0.601010 0.581810 0.565119 0.550648 0.538164 0.527476 0.518429 0.510897 0.507177 0.515260 0.524889 0.536202 0.549366 0.564587 0.582118 0.602270 0.625428 0.652072 0.682805 0.718394 0.759829 0.808402 0.865838 0.934483 1.000000 0.961446 0.927907 0.898721 0.873355 0.851376 0.832433 0.816238 0.802557 0.791202 0.782022 0.774898 0.769740 0.766484 0.765091 0.765544 0.767849 0.772033 0.778148 0.774083 0.764095 0.756160 0.750177 0.746071 0.743792 0.743311 0.744625 0.747747 0.752717 0.759595 0.768469 0.779452 0.792692 0.808369 0.826712 0.847996 0.872563 0.900831 0.928124 0.885475 0.848528 0.816429 0.788500 0.764199 0.743087 0.724810 0.709077 0.695654 0.684347 0.675002 0.667495 0.661730 0.657634 0.655158 0.654270 0.648387 0.644105 0.641414 0.640281 0.640693 0.642655 0.646191 0.651343 0.658177 0.666779 0.677262 0.689768 0.704473 0.721596 0.741402 0.764220 0.790451 0.820594 0.855269 0.866152 0.851438 0.839204 0.829285 0.821555 0.815915 0.812295 0.810652 0.810964 0.813238 0.817498 0.823799 0.832218 0.842863 0.855872 0.871421 0.889728 0.911063 1813.500000 1.065450 0.761057
0.883394 0.854206 0.828818 0.806783 0.787738 0.771386 0.757488 0.745846 0.736304 0.728737 0.723047 0.719165 0.717042 0.716654 0.717994 0.721080 0.725949 0.732661 0.741301 0.751981 0.764842 0.780063 0.797863 0.818512 0.842342 0.869758 0.901264 0.937482 0.965153 0.931798 0.902773 0.877552 0.855708 0.836892 0.820820 0.807263 0.796032 0.786979 0.779988 0.774971 0.771865 0.770634 0.771261 0.773755 0.778146 0.784487 0.792859 0.803367 0.797727 0.790919 0.786102 0.783220 0.782237 0.783140 0.785941 0.790673 0.797396 0.806192 0.817176 0.830491 0.846320 0.864888 0.886473 0.911415 0.940131 0.937674 0.907858 0.881939 0.859471 0.840093 0.823511 0.809482 0.797813 0.788348 0.780964 0.775569 0.772095 0.770499 0.770764 0.772891 0.776906 0.782860 0.790825 0.800903 0.813226 0.810967 0.801630 0.794398 0.789179 0.785909 0.784549 0.785081 0.787512 0.791873 0.798215 0.806619 0.817191 0.830070 0.845432 0.863491 0.884023 0.860739 0.840623 0.823364 0.808708 0.796451 0.786425 0.778501 0.772578 0.768582 0.766463 0.766198 0.767781 0.771233 0.776595 0.783934 0.793343 0.804943 0.818890 0.835376 0.854640 0.876977 0.902746 0.932390 0.966453 1.000000 0.955515 0.916935 3178.500000 1.056535 0.869093
0.482520 0.474103 0.467081 0.461359 0.456862 0.453535 0.451335 0.450236 0.450224 0.451299 0.453474 0.456777 0.461247 0.466941 0.473934 0.482319 0.492213 0.503761 0.517139 0.532566 0.550307 0.570694 0.594135 0.621145 0.652375 0.688657 0.731079 0.781074 0.840584 0.912288 1.000000 0.964035 0.868268 0.791543 0.728890 0.676939 0.633326 0.596341 0.564724 0.537519 0.513997 0.493587 0.475838 0.460391 0.446959 0.435308 0.425247 0.416622 0.409305 0.403196 0.398212 0.394288 0.391374 0.389435 0.388445 0.388394 0.389281 0.391116 0.393921 0.397733 0.402598 0.408581 0.415760 0.424237 0.434134 0.445603 0.458830 0.474043 0.491524 0.511624 0.534781 0.561550 0.564111 0.560090 0.557460 0.556188 0.556258 0.557673 0.560448 0.564617 0.570234 0.577368 0.586113 0.596586 0.608934 0.623337 0.640017 0.659246 0.681359 0.706769 0.735989 0.769664 0.808609 0.853872 0.881074 0.818120 0.765283 0.720487 0.682198 0.649258 0.620779 0.596070 0.574583 0.555885 0.539623 0.525517 0.513334 0.502887 0.494024 0.486619 0.480574 0.475809 0.472265 0.469896 0.468675 0.468586 0.469628 0.471814 0.475170 0.479738 0.485577 0.492761 0.501387 0.511574 0.523471 0.517456 0.504035 0.492449 1523.500000 1.910570 0.647541
0.890633 0.847307 0.809861 0.777378 0.749135 0.724557 0.703181 0.684632 0.668606 0.654854 0.643175 0.633404 0.625410 0.619088 0.614358 0.611161 0.609457 0.609227 0.610467 0.613192 0.617436 0.623250 0.630710 0.639910 0.650974 0.664055 0.663872 0.648892 0.636072 0.625225 0.616201 0.608881 0.603168 0.598991 0.596298 0.595056 0.595251 0.596884 0.599975 0.604563 0.610704 0.618476 0.627981 0.639347 0.652733 0.668337 0.686399 0.707215 0.731150 0.758653 0.790285 0.826747 0.868932 0.917983 0.926518 0.889062 0.856500 0.828163 0.803515 0.782122 0.763630 0.747752 0.734254 0.722946 0.713673 0.706316 0.700779 0.696995 0.694917 0.694519 0.695797 0.698766 0.703462 0.709944 0.718293 0.728617 0.741054 0.755774 0.749629 0.724526 0.702687 0.683726 0.667326 0.653231 0.641233 0.631160 0.622876 0.616272 0.611264 0.607789 0.605804 0.605286 0.606228 0.608642 0.612556 0.618020 0.625101 0.633891 0.644507 0.657094 0.671834 0.683426 0.672221 0.662949 0.655486 0.649738 0.645631 0.643116 0.642161 0.642755 0.644905 0.648638 0.653999 0.661055 0.669896 0.680639 0.693430 0.708450 0.725923 0.746122 0.769385 0.796124 0.826852 0.862208 0.902996 0.950237 1.000000 0.941018 2537.000000 1.304543 0.808637
0.722517 0.740757 0.761825 0.769198 0.757935 0.748776 0.741600 0.736318 0.732863 0.731194 0.731290 0.733153 0.736805 0.742291 0.749678 0.759061 0.770562 0.784335 0.800574 0.819515 0.841450 0.866737 0.895816 0.869893 0.839990 0.813970 0.791362 0.771786 0.754929 0.740539 0.728410 0.718374 0.710298 0.703603 0.688493 0.675611 0.664774 0.655834 0.648674 0.643201 0.639347 0.637064 0.636326 0.637122 0.639462 0.643376 0.648910 0.656135 0.665143 0.676054 0.689016 0.704214 0.721876 0.742281 0.765771 0.792770 0.823798 0.851654 0.816507 0.785965 0.759389 0.736267 0.716186 0.698809 0.683865 0.671129 0.660421 0.651595 0.644533 0.639146 0.635366 0.633148 0.632463 0.633303 0.635679 0.639620 0.645174 0.652410 0.661423 0.672330 0.685282 0.700462 0.718100 0.738475 0.761928 0.788882 0.819862 0.855519 0.896677 0.944385 1.000000 0.980556 0.925501 0.878302 0.837604 0.802358 0.771743 0.745107 0.721930 0.701791 0.684348 0.669325 0.656495 0.645674 0.636713 0.629493 0.623921 0.619928 0.617463 0.616497 0.617018 0.619032 0.622565 0.627658 0.634377 0.642806 0.653057 0.654991 0.652736 0.652062 0.652961 0.655444 0.659541 0.665302 0.672800 0.682131 0.693418 0.706816 15564.500000 1.172685 0.814050
0.913320 0.873756 0.839415 0.809549 0.783557 0.760959 0.741363 0.724453 0.709969 0.697701 0.687478 0.679163 0.672647 0.667849 0.664709 0.663189 0.663269 0.664952 0.668257 0.673226 0.679919 0.688421 0.698844 0.711327 0.722640 0.703849 0.687625 0.673718 0.661925 0.652083 0.644057 0.637745 0.633065 0.629960 0.628392 0.628341 0.629808 0.632809 0.637383 0.643584 0.651492 0.661210 0.672868 0.686628 0.702690 0.721302 0.742764 0.767448 0.795812 0.828426 0.866003 0.847440 0.816652 0.789859 0.766556 0.746335 0.728865 0.713874 0.701142 0.690491 0.681776 0.674885 0.669728 0.666243 0.664386 0.664134 0.665486 0.668457 0.673083 0.679422 0.687553 0.697582 0.709644 0.723904 0.740570 0.759895 0.782190 0.807839 0.837312 0.871195 0.910221 0.935827 0.884579 0.840573 0.802579 0.769646 0.741023 0.716117 0.694448 0.675633 0.659356 0.645364 0.633448 0.623438 0.615198 0.608621 0.603622 0.600138 0.598127 0.597564 0.598442 0.600773 0.604583 0.607800 0.602630 0.598979 0.596800 0.596067 0.596773 0.598924 0.602549 0.607690 0.614412 0.622802 0.632971 0.645056 0.659231 0.675708 0.694746 0.716665 0.741857 0.770809 0.804129 0.842580 0.887139 0.939062 1.000000 0.959057 994.000000 1.133713 0.787878
0.829783 0.862565 0.900302 0.943870 0.994386 1.000000 0.962811 0.930450 0.902296 0.877849 0.856701 0.838521 0.823038 0.810032 0.799327 0.790781 0.784285 0.779759 0.777146 0.776414 0.777555 0.780583 0.785535 0.792471 0.801478 0.812673 0.826204 0.842256 0.861060 0.882899 0.862727 0.841364 0.822968 0.807262 0.794021 0.783064 0.774245 0.767451 0.762596 0.759621 0.758489 0.759186 0.761722 0.766126 0.772454 0.780783 0.791221 0.803905 0.819007 0.836742 0.857373 0.874022 0.849630 0.828504 0.810308 0.794768 0.781660 0.770804 0.762057 0.755305 0.750463 0.747473 0.746297 0.746921 0.749353 0.753623 0.759782 0.767908 0.778104 0.790505 0.805279 0.822635 0.842831 0.866183 0.893079 0.879851 0.860264 0.843518 0.829372 0.817629 0.808134 0.800764 0.795426 0.792054 0.790608 0.791069 0.793443 0.797759 0.804070 0.812454 0.823019 0.835902 0.851279 0.869365 0.890429 0.914797 0.942871 0.975147 0.982683 0.933796 0.891589 0.855002 0.823206 0.795537 0.771466 0.750563 0.732482 0.716938 0.703699 0.692580 0.683426 0.676120 0.670566 0.666696 0.664461 0.663836 0.664812 0.667401 0.671634 0.677564 0.685266 0.694838 0.706406 0.720131 0.736209 0.754880 0.776443 0.801261 1075.000000 1.117925 0.843384
0.675727 0.645807 0.619854 0.597290 0.577654 0.560575 0.545754 0.532947 0.521957 0.512620 0.504806 0.498410 0.493347 0.489554 0.486983 0.485602 0.485395 0.486360 0.488508 0.491865 0.496472 0.502389 0.509691 0.518476 0.528865 0.541010 0.555094 0.571344 0.590038 0.611520 0.636217 0.664660 0.697525 0.735673 0.780224 0.832654 0.894949 0.926394 0.877277 0.835016 0.798476 0.766768 0.739196 0.715201 0.694335 0.676235 0.660605 0.647206 0.635841 0.626351 0.618608 0.612512 0.607986 0.604972 0.603435 0.603356 0.604733 0.607583 0.611942 0.617863 0.625421 0.634715 0.645868 0.659036 0.674411 0.692228 0.712775 0.736408 0.754770 0.731663 0.711592 0.694221 0.679275 0.666531 0.655807 0.646957 0.639863 0.634435 0.630605 0.628325 0.627568 0.628325 0.630605 0.634435 0.639863 0.646957 0.655807 0.666531 0.679275 0.694221 0.698991 0.676767 0.657447 0.640700 0.626256 0.613896 0.603439 0.594742 0.587687 0.582184 0.578163 0.575575 0.574387 0.574585 0.576172 0.579166 0.583606 0.589545 0.597059 0.606247 0.617232 0.630169 0.645248 0.662701 0.682816 0.705943 0.732519 0.763085 0.798319 0.839084 0.886486 0.941971 1.000000 0.919802 0.853415 0.797759 0.750615 0.710349 945.000000 1.188719 0.722205
0.781534 0.814808 0.853187 0.897630 0.949371 1.000000 0.945125 0.898011 0.857338 0.822084 0.791446 0.764787 0.741593 0.721451 0.704026 0.689043 0.676281 0.665556 0.656724 0.649668 0.644297 0.640545 0.638366 0.637732 0.638637 0.641090 0.645123 0.650785 0.658147 0.667302 0.678374 0.678770 0.680728 0.684351 0.689682 0.696790 0.705763 0.716719 0.729808 0.745211 0.763157 0.783924 0.807853 0.813605 0.793766 0.776698 0.762146 0.749902 0.739800 0.731706 0.725515 0.721152 0.718561 0.717712 0.718593 0.721217 0.725614 0.731839 0.739970 0.750111 0.762396 0.769206 0.750748 0.734883 0.721377 0.710039 0.700713 0.693277 0.687637 0.683722 0.681483 0.680895 0.681948 0.684657 0.689054 0.695193 0.703152 0.713033 0.724967 0.739119 0.755690 0.774932 0.797149 0.822718 0.812689 0.796945 0.783652 0.772625 0.763719 0.756818 0.751836 0.748711 0.747405 0.747902 0.750208 0.754352 0.760384 0.768378 0.778438 0.790695 0.791617 0.761383 0.735079 0.712190 0.692301 0.675075 0.660237 0.647564 0.636873 0.628019 0.620882 0.615372 0.611418 0.608973 0.608006 0.608506 0.610478 0.613948 0.618956 0.625566 0.633863 0.643955 0.655979 0.670106 0.686545 0.705553 0.727447 0.752613 1061.000000 1.079392 0.840890
0.877119 0.931393 0.995384 0.935032 0.879633 0.832325 0.791656 0.756513 0.726033 0.699533 0.676473 0.656415 0.639007 0.623963 0.611049 0.600076 0.590888 0.583361 0.577397 0.572920 0.569874 0.568222 0.567944 0.569037 0.571513 0.575403 0.580755 0.587636 0.596136 0.606368 0.618472 0.632626 0.618771 0.605721 0.594613 0.585289 0.577624 0.571515 0.566886 0.563678 0.561853 0.561387 0.562275 0.564528 0.568174 0.573257 0.579842 0.588012 0.597877 0.609572 0.623266 0.639163 0.657519 0.678643 0.702919 0.730823 0.762947 0.800041 0.843062 0.893246 0.952222 1.000000 0.933985 0.878131 0.830468 0.789517 0.754146 0.723477 0.696818 0.673618 0.653438 0.635918 0.620770 0.607757 0.596687 0.587402 0.579777 0.573712 0.569129 0.565972 0.564201 0.563795 0.564750 0.567076 0.570802 0.575974 0.582657 0.590938 0.600926 0.612758 0.626606 0.642679 0.661232 0.682582 0.707117 0.735320 0.754158 0.724466 0.698643 0.676170 0.656631 0.639687 0.625063 0.612536 0.601922 0.593075 0.585875 0.580228 0.576064 0.573331 0.571995 0.572040 0.573467 0.576292 0.580551 0.586297 0.593602 0.602560 0.613294 0.625952 0.640720 0.657825 0.677545 0.700223 0.726282 0.756247 0.790779 0.830712 15880.500000 1.403572 0.725570
0.848367 0.870779 0.895141 0.882392 0.872072 0.864049 0.858221 0.854515 0.852888 0.853318 0.855811 0.860398 0.867135 0.876105 0.887423 0.901237 0.917733 0.934349 0.892776 0.856720 0.825375 0.798098 0.774371 0.753778 0.735979 0.720698 0.707708 0.696828 0.687908 0.680834 0.675515 0.671168 0.667223 0.664917 0.664221 0.665128 0.667647 0.671810 0.677669 0.685295 0.694789 0.706274 0.719909 0.735889 0.754452 0.775895 0.800576 0.828942 0.861544 0.899071 0.942388 0.992603 1.000000 0.966169 0.936734 0.911171 0.889050 0.870025 0.853810 0.840176 0.828936 0.819941 0.813078 0.808260 0.805427 0.804546 0.805605 0.797648 0.791158 0.786654 0.784078 0.783401 0.784613 0.787729 0.792788 0.799852 0.809009 0.820378 0.810344 0.794630 0.781360 0.770351 0.761457 0.754563 0.749583 0.746454 0.745139 0.745622 0.747908 0.752026 0.758025 0.765981 0.775995 0.788199 0.802757 0.819875 0.839807 0.862863 0.889423 0.911719 0.883522 0.859024 0.837812 0.819550 0.803962 0.790825 0.779960 0.771221 0.764498 0.759706 0.756785 0.755700 0.756437 0.759007 0.763439 0.769789 0.764808 0.761017 0.759084 0.758984 0.760716 0.764302 0.769785 0.777233 0.786741 0.798432 0.812462 0.829026 18534.000000 1.144725 0.873393
0.756230 0.769015 0.784162 0.801888 0.804238 0.803287 0.804274 0.807210 0.812132 0.819099 0.828199 0.839549 0.853299 0.869637 0.888795 0.911061 0.936785 0.966401 1.000000 0.929759 0.870697 0.820550 0.777636 0.740683 0.708713 0.680961 0.656824 0.635818 0.617556 0.601722 0.588062 0.576366 0.566464 0.558218 0.551519 0.549992 0.550801 0.552945 0.556453 0.561366 0.567747 0.575677 0.585262 0.596633 0.609953 0.625423 0.639103 0.642685 0.647877 0.654743 0.663372 0.673877 0.686400 0.701118 0.718250 0.738062 0.760883 0.787117 0.790091 0.782538 0.776982 0.773354 0.771610 0.771729 0.773712 0.777584 0.783391 0.791206 0.801128 0.813286 0.827844 0.845006 0.865022 0.888201 0.914921 0.945648 0.980955 0.981976 0.928311 0.882223 0.842428 0.807931 0.777949 0.751858 0.729161 0.709453 0.692406 0.677753 0.665278 0.654802 0.646184 0.639310 0.634092 0.630465 0.628385 0.627825 0.628781 0.631262 0.631866 0.625366 0.620477 0.617140 0.615313 0.614974 0.616119 0.618761 0.622933 0.628687 0.636095 0.645252 0.656281 0.669335 0.684600 0.702310 0.722748 0.746262 0.751662 0.741908 0.734151 0.728290 0.724253 0.721990 0.721475 0.722699 0.725679 0.730451 0.737073 0.745629 6487.000000 1.220047 0.825643
0.928865 0.962996 0.892216 0.832997 0.782918 0.740202 0.703513 0.671831 0.644365 0.620493 0.599719 0.581648 0.565957 0.552386 0.540723 0.530795 0.522460 0.515606 0.510143 0.506001 0.503127 0.501487 0.501062 0.501844 0.503845 0.507089 0.511615 0.517481 0.524761 0.533553 0.543977 0.556184 0.570356 0.586720 0.605552 0.627195 0.652071 0.680710 0.713778 0.752128 0.796861 0.849427 0.911771 0.986555 1.000000 0.920968 0.855424 0.800388 0.753713 0.713806 0.679467 0.649774 0.624008 0.601601 0.582102 0.565145 0.550437 0.537738 0.526852 0.517621 0.509914 0.503629 0.498684 0.495016 0.492580 0.491346 0.491298 0.492436 0.494775 0.498342 0.503181 0.509355 0.516943 0.526047 0.536794 0.549340 0.563878 0.580643 0.599924 0.622081 0.647556 0.676908 0.710840 0.750257 0.796333 0.850622 0.915221 0.993027 0.938307 0.874658 0.820947 0.775211 0.735982 0.702142 0.672826 0.647357 0.625198 0.605917 0.589166 0.574663 0.562180 0.551527 0.542554 0.535136 0.529176 0.524597 0.521342 0.519371 0.518659 0.519199 0.520996 0.524072 0.528465 0.534231 0.541443 0.550195 0.560608 0.572830 0.587042 0.603467 0.622381 0.644121 0.669105 0.697854 0.731025 0.769453 0.814215 0.866725 1803.500000 1.065271 0.603696
0.765413 0.750079 0.737089 0.726260 0.717448 0.710539 0.705445 0.702103 0.700472 0.700532 0.702285 0.705750 0.710971 0.718013 0.726964 0.737942 0.751093 0.766602 0.784695 0.805651 0.829811 0.857594 0.889519 0.926231 0.872352 0.822171 0.779224 0.742241 0.710242 0.682465 0.658305 0.637279 0.619001 0.603154 0.589483 0.577779 0.567872 0.559624 0.552926 0.547690 0.543850 0.541359 0.540186 0.540316 0.541753 0.544512 0.548628 0.554152 0.558409 0.559082 0.561110 0.564519 0.569348 0.575660 0.583535 0.593077 0.604417 0.617716 0.633173 0.651032 0.671592 0.695223 0.722382 0.753637 0.789709 0.831511 0.880225 0.937400 1.000000 0.966652 0.937643 0.912458 0.890680 0.871969 0.856048 0.842692 0.831718 0.822985 0.816379 0.811818 0.804531 0.767783 0.735940 0.708272 0.684197 0.663251 0.645057 0.629310 0.615761 0.604209 0.594488 0.586465 0.580035 0.575114 0.571642 0.569575 0.568889 0.569575 0.571642 0.575114 0.580035 0.586465 0.594488 0.604209 0.602383 0.600453 0.599976 0.600946 0.603376 0.607294 0.612749 0.619810 0.628568 0.639138 0.651666 0.666333 0.683360 0.703017 0.725639 0.751636 0.781518 0.815921 0.855648 0.887092 0.855482 0.827973 0.804054 0.783314 1585.000000 1.313585 0.787027
1.000000 0.998837 0.953714 0.914599 0.880605 0.851024 0.825289 0.802942 0.783612 0.766995 0.752844 0.740958 0.731176 0.723369 0.715169 0.703346 0.693552 0.685655 0.679555 0.675175 0.672461 0.671379 0.671917 0.674080 0.677897 0.683412 0.690696 0.699840 0.710966 0.724224 0.739802 0.757931 0.778895 0.803041 0.830797 0.831655 0.825509 0.821417 0.819330 0.819222 0.821092 0.824963 0.830881 0.838920 0.849182 0.861801 0.873761 0.849301 0.828113 0.809861 0.794268 0.781110 0.770206 0.761412 0.754614 0.749726 0.746688 0.745463 0.746037 0.748416 0.752629 0.758728 0.766789 0.776915 0.789239 0.803928 0.821190 0.841281 0.864514 0.879583 0.858031 0.839484 0.823665 0.810346 0.799347 0.790521 0.783755 0.778965 0.776091 0.775099 0.775976 0.778734 0.783405 0.786000 0.775369 0.766844 0.760316 0.755704 0.752950 0.752021 0.752907 0.755616 0.760184 0.766665 0.775141 0.785720 0.798543 0.813784 0.813511 0.794731 0.778632 0.764978 0.753579 0.744281 0.736964 0.731535 0.727926 0.726093 0.726013 0.727687 0.731134 0.733615 0.731490 0.731133 0.732541 0.735730 0.740740 0.747631 0.756492 0.767436 0.780609 0.796194 0.814417 0.835553 0.859942 0.888001 0.920245 0.957312 1306.500000 1.021376 0.883857
0.768506 0.820489 0.882296 0.862665 0.825994 0.794149 0.766446 0.742338 0.721386 0.703232 0.687585 0.674208 0.662908 0.653529 0.645946 0.640061 0.635800 0.633111 0.631961 0.632335 0.634239 0.625610 0.612421 0.601195 0.591773 0.584028 0.577856 0.573180 0.569942 0.568100 0.567633 0.568536 0.570819 0.574510 0.579655 0.586317 0.594584 0.604564 0.616396 0.630249 0.646331 0.664899 0.686268 0.710826 0.739052 0.771549 0.809074 0.758353 0.715097 0.678054 0.646140 0.618518 0.594534 0.573672 0.555517 0.539736 0.526059 0.514267 0.504179 0.495651 0.488564 0.482824 0.481376 0.483550 0.486922 0.491534 0.497443 0.504728 0.513484 0.523834 0.535927 0.549948 0.566123 0.584729 0.606110 0.630691 0.659005 0.691725 0.729713 0.774090 0.826334 0.888435 0.963137 1.000000 0.921141 0.855721 0.800778 0.754172 0.714319 0.680023 0.650364 0.624626 0.602243 0.582764 0.565826 0.551135 0.538452 0.527582 0.518367 0.510677 0.504409 0.499482 0.495833 0.493417 0.492204 0.488682 0.483794 0.480148 0.477699 0.476417 0.476286 0.477304 0.479484 0.482853 0.487453 0.493340 0.500593 0.509307 0.519603 0.531632 0.545577 0.561662 0.580164 0.601426 0.625870 0.654028 0.686571 0.724358 3740.500000 1.245617 0.679200
0.709327 0.729239 0.752165 0.765057 0.762082 0.760956 0.761665 0.764219 0.768647 0.775006 0.783373 0.793856 0.806593 0.821758 0.839565 0.860279 0.884225 0.911803 0.919134 0.855350 0.801649 0.756007 0.716917 0.683235 0.654081 0.628766 0.606744 0.587581 0.570925 0.556490 0.544046 0.533403 0.524407 0.516935 0.510885 0.506182 0.502764 0.500590 0.499633 0.518241 0.539671 0.564368 0.592931 0.626128 0.664960 0.710752 0.765298 0.831080 0.911637 0.894276 0.846355 0.805150 0.769539 0.738648 0.711791 0.688418 0.668090 0.650449 0.635208 0.622128 0.611019 0.601724 0.594117 0.594484 0.599237 0.605538 0.613466 0.623125 0.634647 0.648194 0.663966 0.682209 0.703226 0.727386 0.755150 0.787088 0.823920 0.866559 0.916179 0.974316 1.000000 0.924357 0.861282 0.808088 0.762812 0.723993 0.690517 0.661522 0.636336 0.614423 0.596986 0.593345 0.591163 0.590415 0.591091 0.593199 0.596765 0.601832 0.608465 0.616748 0.626791 0.638730 0.652736 0.669018 0.687832 0.709494 0.734391 0.731008 0.710862 0.693422 0.678413 0.665609 0.654828 0.645922 0.638773 0.633289 0.629402 0.627064 0.626247 0.626940 0.629152 0.632909 0.638259 0.645268 0.654025 0.664647 0.677278 0.692097 6054.000000 1.162022 0.676740
0.714137 0.747113 0.785266 0.829632 0.855071 0.837726 0.823014 0.810730 0.800707 0.792816 0.786956 0.783055 0.781064 0.780961 0.782742 0.786431 0.792072 0.799735 0.794132 0.787099 0.782057 0.778944 0.777722 0.778376 0.780914 0.785367 0.791789 0.800261 0.810890 0.823818 0.839219 0.857311 0.878363 0.902704 0.930740 0.962966 1.000000 0.906463 0.797711 0.713794 0.647263 0.593385 0.549008 0.511954 0.480671 0.454021 0.431155 0.411426 0.394331 0.379479 0.366555 0.366437 0.370794 0.376172 0.382645 0.390300 0.399250 0.409630 0.421607 0.435386 0.451219 0.469422 0.490385 0.514606 0.542720 0.575549 0.614181 0.660076 0.715247 0.782539 0.866112 0.943942 0.922804 0.904725 0.889442 0.876744 0.866461 0.858461 0.852642 0.848934 0.847289 0.847690 0.850139 0.854668 0.861332 0.870213 0.881424 0.895113 0.911465 0.930708 0.953128 0.915859 0.860542 0.813375 0.772874 0.737909 0.707602 0.681262 0.658342 0.638402 0.621087 0.606108 0.593229 0.582260 0.573045 0.565458 0.559400 0.554792 0.551577 0.549716 0.544819 0.541057 0.538636 0.537525 0.537711 0.539197 0.542001 0.546156 0.551715 0.558749 0.567348 0.577630 0.589738 0.603850 0.620185 0.639011 0.660657 0.685530 4634.500000 1.298660 0.688464
0.573009 0.571312 0.570996 0.572057 0.574510 0.578382 0.583723 0.590600 0.599101 0.609340 0.621458 0.635630 0.652072 0.671046 0.692876 0.717962 0.746800 0.780009 0.818373 0.862891 0.904302 0.892492 0.883086 0.875965 0.871039 0.868248 0.867558 0.868961 0.872474 0.878140 0.886028 0.896238 0.908901 0.924185 0.895984 0.867733 0.843178 0.821900 0.803557 0.787872 0.774618 0.763612 0.754707 0.747787 0.742767 0.739584 0.738198 0.738594 0.740775 0.744769 0.750625 0.756650 0.734790 0.715833 0.699473 0.685458 0.673584 0.663687 0.655632 0.649317 0.644660 0.641604 0.640112 0.640165 0.641765 0.644930 0.649700 0.656133 0.664311 0.674340 0.686356 0.700526 0.717058 0.736205 0.758279 0.783664 0.812834 0.815284 0.800685 0.788466 0.778462 0.770541 0.764603 0.760575 0.758406 0.758070 0.759564 0.762906 0.768135 0.775318 0.784543 0.795932 0.801516 0.795627 0.791718 0.789739 0.789669 0.791505 0.795270 0.801010 0.808796 0.818726 0.830930 0.845572 0.862854 0.883030 0.906407 0.933366 0.964372 1.000000 0.937228 0.882866 0.836370 0.796348 0.761733 0.731691 0.705564 0.682826 0.663056 0.645911 0.631113 0.618433 0.607688 0.598728 0.591433 0.585707 0.580649 0.576109 5897.000000 1.312871 0.846518
0.638753 0.594724 0.557630 0.526085 0.499055 0.475758 0.455587 0.438069 0.422830 0.409569 0.398044 0.388059 0.379455 0.372101 0.365891 0.360740 0.356579 0.353354 0.351026 0.349564 0.348952 0.349181 0.350256 0.352188 0.355001 0.358731 0.363425 0.369144 0.375967 0.383989 0.393329 0.404132 0.416578 0.430886 0.447327 0.466241 0.488052 0.513301 0.542685 0.577111 0.617790 0.666366 0.725128 0.797363 0.887959 1.000000 0.899088 0.818466 0.752777 0.698407 0.652829 0.614224 0.581252 0.552903 0.528405 0.507156 0.488682 0.472604 0.458621 0.446486 0.436000 0.427000 0.419354 0.412954 0.407715 0.403566 0.400456 0.398346 0.397210 0.397035 0.397817 0.399567 0.402306 0.406068 0.410900 0.416865 0.424042 0.432530 0.442454 0.453962 0.467241 0.482518 0.500073 0.520254 0.543497 0.570352 0.601523 0.637924 0.680760 0.703810 0.671004 0.642599 0.617930 0.596468 0.577792 0.561563 0.547502 0.535387 0.525035 0.516295 0.509047 0.503196 0.498665 0.495398 0.493355 0.492509 0.492852 0.494388 0.497134 0.501125 0.506410 0.513057 0.521154 0.530809 0.542159 0.555373 0.570656 0.588261 0.608499 0.631756 0.658511 0.689366 0.725088 0.766662 0.815377 0.835856 0.756017 0.691622 916.000000 1.491402 0.570069
0.949521 1.000000 0.950460 0.907680 0.870592 0.838356 0.810305 0.785902 0.764715 0.746391 0.730643 0.717238 0.705987 0.696735 0.689362 0.683774 0.679900 0.677694 0.677127 0.678194 0.680907 0.685300 0.691427 0.699363 0.709213 0.721106 0.726049 0.712557 0.701216 0.691870 0.684398 0.678703 0.674713 0.672381 0.671678 0.672594 0.675142 0.679352 0.685276 0.692988 0.702588 0.714203 0.727991 0.744150 0.762922 0.775798 0.760730 0.748004 0.737445 0.728911 0.722292 0.717506 0.714492 0.713215 0.713658 0.715827 0.719749 0.725472 0.733066 0.742629 0.754286 0.768195 0.784553 0.803599 0.825633 0.851016 0.880198 0.913731 0.895553 0.864258 0.837024 0.813354 0.792843 0.775163 0.760045 0.747272 0.736666 0.728086 0.721422 0.716589 0.713529 0.712202 0.712595 0.714710 0.718574 0.724235 0.720524 0.709981 0.701408 0.694693 0.689751 0.686521 0.684964 0.685060 0.686811 0.690239 0.695384 0.702311 0.711108 0.721890 0.734801 0.750021 0.737722 0.720609 0.705933 0.693480 0.683077 0.674582 0.667884 0.662900 0.659567 0.657844 0.657710 0.659164 0.662224 0.666926 0.673329 0.681514 0.691587 0.703683 0.717970 0.734655 0.753995 0.776300 0.801957 0.831439 0.865336 0.904385 1635.000000 1.125579 0.858396
