0.742026 0.787564 0.773794 0.733269 0.698376 0.668190 0.641987 0.619198 0.599365 0.582122 0.567172 0.554273 0.543226 0.533873 0.526082 0.519749 0.514792 0.511149 0.508774 0.507638 0.507728 0.509044 0.511603 0.515435 0.520590 0.527131 0.535144 0.544737 0.556044 0.569231 0.584501 0.602103 0.622345 0.645604 0.672351 0.703178 0.738834 0.780278 0.828763 0.885949 0.954081 0.983385 0.887219 0.809963 0.746739 0.694222 0.650070 0.612585 0.580510 0.552893 0.529000 0.508260 0.490222 0.474525 0.460877 0.449044 0.438834 0.430091 0.422688 0.416522 0.411511 0.407588 0.404706 0.402828 0.401931 0.402004 0.403049 0.405077 0.408114 0.412197 0.417379 0.423726 0.431325 0.440281 0.450726 0.462820 0.476761 0.492793 0.511215 0.532400 0.556816 0.585056 0.617882 0.656286 0.701582 0.755549 0.820652 0.900407 1.000000 0.990019 0.911718 0.846785 0.792268 0.746035 0.706508 0.672498 0.643089 0.617571 0.595380 0.576068 0.559275 0.544708 0.532130 0.521347 0.512202 0.504567 0.498339 0.493438 0.489800 0.487381 0.486151 0.486096 0.487214 0.489519 0.493040 0.497820 0.503919 0.511416 0.520413 0.531035 0.543435 0.557804 0.574375 0.593435 0.615335 0.640517 0.669529 0.703068 733.000000 1.364830 0.582758
0.656648 0.681349 0.709758 0.742505 0.751955 0.733023 0.716705 0.702754 0.690969 0.681186 0.673275 0.667135 0.662688 0.659879 0.658674 0.659058 0.661036 0.664632 0.669890 0.676876 0.685677 0.696411 0.709222 0.724290 0.741839 0.762141 0.785531 0.812421 0.843321 0.878865 0.919851 0.874907 0.830924 0.792970 0.760083 0.731507 0.706643 0.685009 0.666218 0.649954 0.635962 0.624030 0.613990 0.605704 0.599063 0.593981 0.590395 0.588260 0.587552 0.588260 0.590395 0.593981 0.599063 0.605704 0.613990 0.624030 0.635962 0.649954 0.666218 0.685009 0.706643 0.731507 0.733919 0.709233 0.687756 0.669106 0.652973 0.639103 0.627289 0.617365 0.609194 0.602670 0.597708 0.594248 0.592246 0.591678 0.592538 0.594834 0.598597 0.603871 0.610724 0.619243 0.629540 0.641759 0.656073 0.672697 0.691896 0.713994 0.739390 0.768578 0.802179 0.840970 0.885945 0.938392 1.000000 0.988396 0.919308 0.861186 0.811816 0.769553 0.733152 0.701653 0.674306 0.650520 0.629820 0.611825 0.596227 0.582773 0.571258 0.561517 0.553413 0.546838 0.541707 0.537956 0.535537 0.534422 0.534597 0.536064 0.538840 0.542960 0.548476 0.555456 0.563992 0.574200 0.586222 0.600236 0.616457 0.635153 844.000000 1.348596 0.749996
0.622195 0.622475 0.624259 0.627571 0.632449 0.638955 0.647171 0.657206 0.669194 0.683305 0.699745 0.718770 0.740693 0.765899 0.794862 0.828176 0.866584 0.911029 0.962724 1.000000 0.930015 0.871147 0.821148 0.778350 0.741490 0.709595 0.681906 0.657823 0.636864 0.618644 0.602849 0.589225 0.577564 0.567696 0.559486 0.552822 0.547618 0.543810 0.541349 0.540206 0.540367 0.541834 0.544625 0.548773 0.554330 0.561368 0.569977 0.580274 0.592403 0.600346 0.605252 0.611726 0.619848 0.629727 0.641496 0.655322 0.671411 0.690013 0.711439 0.736067 0.764370 0.796932 0.834493 0.877988 0.888067 0.852036 0.820716 0.793460 0.769751 0.749170 0.731378 0.716096 0.703098 0.692202 0.683259 0.676153 0.670792 0.667110 0.665062 0.664623 0.665787 0.668568 0.673001 0.679140 0.687063 0.696871 0.708696 0.722700 0.730874 0.718275 0.707778 0.699245 0.692563 0.687649 0.684441 0.682901 0.683009 0.684767 0.688196 0.693339 0.700259 0.709044 0.719808 0.732696 0.740317 0.719757 0.701953 0.686622 0.673535 0.662504 0.653377 0.646033 0.640378 0.636341 0.633872 0.632941 0.633537 0.635666 0.639356 0.644650 0.651616 0.660342 0.653240 0.643899 0.636331 0.630441 0.626154 0.623416 5987.500000 1.097902 0.800160
0.829653 0.766734 0.714284 0.670062 0.632431 0.600171 0.572354 0.548264 0.527339 0.509134 0.493293 0.479528 0.467606 0.457338 0.448569 0.441172 0.435046 0.430111 0.426301 0.423570 0.421883 0.421220 0.423560 0.428815 0.435263 0.442992 0.452109 0.462747 0.475070 0.489278 0.505618 0.524394 0.545985 0.570864 0.599632 0.633059 0.672148 0.718226 0.773087 0.839210 0.920126 0.977811 0.939479 0.906139 0.877125 0.851900 0.830029 0.811158 0.794999 0.781317 0.769921 0.760659 0.753410 0.748084 0.744613 0.742956 0.743093 0.745025 0.748776 0.754391 0.761940 0.771520 0.783254 0.797301 0.813858 0.833167 0.791824 0.755370 0.723791 0.696357 0.672488 0.651719 0.633675 0.618052 0.604602 0.593124 0.583453 0.575456 0.569028 0.564086 0.560568 0.558430 0.557647 0.558209 0.560123 0.563412 0.568116 0.574295 0.578593 0.572324 0.567542 0.564188 0.562219 0.561612 0.562360 0.564471 0.567972 0.572905 0.579333 0.587337 0.597025 0.608527 0.622010 0.637674 0.655769 0.676598 0.700537 0.728050 0.759717 0.796270 0.825985 0.820207 0.816462 0.814705 0.814915 0.817094 0.821268 0.827489 0.835834 0.846409 0.859352 0.874836 0.893081 0.914351 0.938978 0.967362 1.000000 0.906201 7435.500000 1.402350 0.731775
0.942909 0.904297 0.870739 0.841536 0.816131 0.794072 0.774992 0.758592 0.744629 0.732904 0.723258 0.715564 0.709723 0.705664 0.703335 0.702709 0.703778 0.706555 0.711074 0.717391 0.725584 0.735760 0.748053 0.762632 0.779707 0.799534 0.822428 0.848777 0.833034 0.813865 0.797436 0.783507 0.771884 0.762411 0.754964 0.749449 0.745798 0.743966 0.743931 0.745692 0.749271 0.754711 0.762080 0.771472 0.783007 0.796842 0.813168 0.832224 0.854303 0.840710 0.820164 0.802485 0.787409 0.774721 0.764247 0.755850 0.749421 0.744879 0.742170 0.741259 0.742136 0.744812 0.749319 0.755712 0.764072 0.774506 0.787151 0.802181 0.819809 0.840299 0.863974 0.891232 0.922560 0.958564 1.000000 0.968730 0.921411 0.880522 0.845057 0.814224 0.787392 0.764054 0.743800 0.726296 0.711272 0.698505 0.687816 0.679061 0.672124 0.666918 0.663378 0.661461 0.661143 0.662420 0.665308 0.669842 0.676078 0.684095 0.693997 0.705914 0.720013 0.736498 0.755617 0.777680 0.803062 0.832229 0.841273 0.825261 0.811766 0.800603 0.791624 0.784714 0.779785 0.776778 0.775655 0.776404 0.779032 0.783572 0.790080 0.798637 0.809353 0.822368 0.837860 0.856049 0.877206 0.901661 0.929824 0.962196 938.500000 1.122868 0.844609
0.715763 0.720351 0.726761 0.735072 0.745393 0.751719 0.759531 0.769381 0.781397 0.795742 0.812618 0.832273 0.855013 0.881214 0.834359 0.766025 0.709616 0.662432 0.622538 0.588513 0.559292 0.534062 0.512190 0.493180 0.476639 0.462248 0.449753 0.438945 0.429655 0.424891 0.429346 0.434955 0.441790 0.449945 0.459535 0.470701 0.483617 0.498497 0.515603 0.535260 0.557872 0.583949 0.614134 0.649260 0.690412 0.739034 0.797090 0.867311 0.919950 0.903793 0.890301 0.879293 0.870626 0.864190 0.859904 0.857717 0.857602 0.859557 0.863607 0.869800 0.878214 0.888954 0.902161 0.910531 0.862629 0.821395 0.785730 0.754776 0.727855 0.704427 0.684057 0.666392 0.651146 0.638085 0.627018 0.617791 0.610281 0.604390 0.600043 0.597186 0.595786 0.595823 0.597300 0.585163 0.570935 0.558697 0.548265 0.539492 0.532257 0.526465 0.522042 0.518933 0.517098 0.516517 0.517181 0.519099 0.522294 0.526806 0.532691 0.540025 0.548904 0.566638 0.591289 0.619743 0.652726 0.691175 0.736324 0.789818 0.853912 0.931771 1.000000 0.954919 0.915838 0.881871 0.852313 0.826599 0.804272 0.784961 0.768363 0.754232 0.742368 0.732608 0.724826 0.718920 0.714818 0.712470 0.711846 0.712939 2534.500000 1.238923 0.704632
0.935682 0.908618 0.885148 0.864892 0.847538 0.832833 0.820573 0.810594 0.802764 0.796987 0.793189 0.791324 0.791370 0.793328 0.797220 0.803096 0.811026 0.821113 0.833487 0.848315 0.865804 0.886208 0.909842 0.937091 0.921708 0.896205 0.874124 0.855116 0.838896 0.825230 0.813931 0.804851 0.797872 0.792906 0.789893 0.788796 0.789602 0.792320 0.796984 0.803650 0.812402 0.823353 0.836645 0.852462 0.871027 0.892616 0.917570 0.946304 0.947607 0.917897 0.892076 0.869707 0.850430 0.833955 0.820044 0.808506 0.799186 0.791965 0.786751 0.783481 0.782114 0.782635 0.785048 0.789384 0.795696 0.804062 0.814589 0.827415 0.842714 0.860702 0.881646 0.905870 0.933776 0.960232 0.926859 0.897818 0.872580 0.850715 0.831874 0.815773 0.802178 0.790904 0.781799 0.774747 0.769659 0.766471 0.765146 0.765666 0.768038 0.772292 0.778479 0.786676 0.796988 0.809551 0.824533 0.842148 0.862656 0.886376 0.913701 0.945113 0.981210 1.000000 0.962229 0.929366 0.900771 0.875930 0.854426 0.835918 0.820129 0.806833 0.795848 0.787028 0.780261 0.775462 0.772571 0.771553 0.772396 0.775111 0.779729 0.786309 0.794932 0.805709 0.818782 0.834329 0.852571 0.873782 0.898293 0.926516 4173.000000 1.011602 0.862102
0.890680 0.832874 0.783888 0.742032 0.706034 0.674918 0.647924 0.624453 0.604027 0.586262 0.570849 0.557534 0.546112 0.536414 0.528306 0.521677 0.516441 0.512531 0.509900 0.508514 0.508357 0.509427 0.511737 0.515315 0.520206 0.526471 0.534191 0.543469 0.554435 0.567247 0.582101 0.581573 0.567942 0.556245 0.546309 0.537995 0.531191 0.525808 0.521778 0.519049 0.517590 0.517381 0.518421 0.520722 0.524313 0.529237 0.535557 0.543355 0.552734 0.563825 0.576788 0.591821 0.609164 0.629117 0.652045 0.678403 0.708762 0.743840 0.784561 0.832119 0.888092 0.954603 0.998756 0.924182 0.861902 0.809313 0.764508 0.726062 0.692886 0.664140 0.639162 0.617429 0.598519 0.582094 0.567878 0.555647 0.545217 0.536439 0.529195 0.523388 0.518943 0.515806 0.513937 0.513313 0.513928 0.515788 0.518916 0.523351 0.529149 0.536382 0.545148 0.555566 0.567784 0.581985 0.598394 0.587090 0.572644 0.560209 0.549598 0.540661 0.533273 0.527338 0.522779 0.519539 0.517578 0.516873 0.517414 0.519209 0.522278 0.526661 0.532411 0.539602 0.548330 0.558712 0.570897 0.585066 0.601442 0.620299 0.641973 0.666882 0.695544 0.728616 0.766928 0.811558 0.863912 0.925871 1.000000 0.959592 4464.000000 1.710521 0.684247
0.802162 0.763288 0.729684 0.700531 0.675181 0.653121 0.633936 0.617290 0.602911 0.590578 0.580108 0.576331 0.574755 0.574567 0.575766 0.578366 0.582399 0.587915 0.594984 0.603697 0.614170 0.626549 0.641014 0.657784 0.677130 0.699385 0.724958 0.754359 0.788224 0.827360 0.864137 0.851673 0.841563 0.833674 0.827908 0.824193 0.822484 0.822760 0.825025 0.829305 0.835653 0.844149 0.854900 0.868047 0.883766 0.902279 0.845411 0.775019 0.717043 0.668635 0.627768 0.592954 0.563084 0.537311 0.514981 0.495579 0.478697 0.464009 0.451249 0.440205 0.430701 0.422596 0.415773 0.413708 0.422954 0.433690 0.446089 0.460360 0.476760 0.495610 0.517309 0.542362 0.571411 0.605289 0.645090 0.692278 0.748861 0.817662 0.902779 1.000000 0.961273 0.927585 0.898269 0.872788 0.850705 0.831667 0.815383 0.801618 0.790183 0.780924 0.773722 0.768486 0.765152 0.763677 0.764046 0.766262 0.770352 0.776367 0.784380 0.760413 0.723161 0.690974 0.663060 0.638794 0.617676 0.599307 0.583364 0.569584 0.557752 0.547695 0.539270 0.532363 0.526885 0.522764 0.526376 0.545555 0.567604 0.592998 0.622341 0.656402 0.696181 0.742999 0.798631 0.865521 0.947131 0.962661 0.900252 0.847359 1980.500000 1.036517 0.638447
0.912303 1.000000 0.922391 0.849963 0.789845 0.739333 0.696470 0.659807 0.628249 0.600954 0.577264 0.556662 0.538732 0.523143 0.509623 0.497954 0.487957 0.479486 0.472422 0.466672 0.462159 0.458828 0.456637 0.455559 0.455581 0.456703 0.458939 0.462317 0.466877 0.472679 0.479797 0.488327 0.498388 0.510127 0.523725 0.539402 0.557432 0.578149 0.601972 0.629424 0.661169 0.698057 0.741195 0.792049 0.852602 0.889287 0.830800 0.781297 0.739042 0.702729 0.671359 0.644155 0.620507 0.599928 0.582027 0.566489 0.553057 0.541521 0.531711 0.523489 0.516743 0.511386 0.507348 0.504579 0.503046 0.502729 0.503625 0.505745 0.509115 0.513776 0.519787 0.527225 0.536190 0.546805 0.559223 0.573633 0.590264 0.609400 0.631391 0.656670 0.685778 0.719399 0.758409 0.803940 0.857484 0.914291 0.842248 0.782477 0.732274 0.689686 0.653266 0.621924 0.594818 0.571295 0.550839 0.533037 0.517557 0.504131 0.492540 0.482607 0.474187 0.467161 0.461436 0.456937 0.453608 0.451406 0.450304 0.450291 0.451365 0.453539 0.456840 0.461309 0.467002 0.473994 0.482378 0.492271 0.503818 0.517195 0.532620 0.550361 0.570746 0.594186 0.621194 0.652421 0.688701 0.731118 0.781108 0.840610 5682.000000 1.145539 0.600480
1.000000 0.972023 0.928409 0.890594 0.857724 0.829121 0.804239 0.782637 0.763958 0.747909 0.734253 0.722797 0.713385 0.705894 0.700228 0.696316 0.694111 0.693585 0.694732 0.697567 0.702123 0.708457 0.716648 0.726802 0.739055 0.753574 0.770569 0.790295 0.793859 0.772902 0.754795 0.739257 0.726059 0.715017 0.705980 0.698832 0.693482 0.689861 0.687927 0.687656 0.689044 0.692109 0.696888 0.703439 0.711846 0.722217 0.734691 0.749440 0.766679 0.786669 0.809733 0.836265 0.866754 0.849337 0.822117 0.798452 0.777932 0.760227 0.745064 0.732224 0.721528 0.712832 0.706024 0.701017 0.697751 0.696184 0.696297 0.698093 0.701593 0.706839 0.713897 0.722856 0.733834 0.746977 0.762471 0.780540 0.801465 0.825586 0.853324 0.885196 0.921850 0.906583 0.874906 0.847340 0.823382 0.802621 0.784725 0.769424 0.756495 0.745761 0.737077 0.730333 0.725443 0.722346 0.721006 0.721405 0.723548 0.727463 0.733195 0.740222 0.719896 0.702303 0.687165 0.674255 0.663391 0.654423 0.647232 0.641727 0.637839 0.635519 0.634739 0.635491 0.637783 0.641642 0.647117 0.654276 0.663211 0.674039 0.686910 0.702005 0.719551 0.739825 0.763166 0.789994 0.820825 0.856307 0.897255 0.944706 6792.500000 1.097828 0.829831
0.850001 0.894995 0.947428 0.904972 0.842820 0.790439 0.745879 0.707689 0.674766 0.646257 0.621496 0.599955 0.581210 0.565744 0.561287 0.558233 0.556546 0.556205 0.557207 0.559562 0.563300 0.568467 0.575128 0.583369 0.593299 0.605057 0.618811 0.634769 0.653188 0.674380 0.698734 0.726729 0.758965 0.796202 0.838021 0.822483 0.809425 0.798669 0.790074 0.783529 0.778953 0.776289 0.775505 0.776592 0.779563 0.784453 0.791324 0.800261 0.811379 0.824826 0.840785 0.859486 0.881208 0.835804 0.795096 0.759914 0.729398 0.702865 0.679775 0.659692 0.642265 0.627207 0.614285 0.603309 0.594124 0.586607 0.580659 0.576205 0.573189 0.571573 0.571340 0.572485 0.575024 0.578985 0.584420 0.591395 0.594859 0.595607 0.597799 0.601461 0.606639 0.613398 0.621823 0.632028 0.644150 0.658363 0.674881 0.693963 0.715931 0.741179 0.770197 0.803594 0.842139 0.886812 0.938879 1.000000 0.954433 0.900298 0.853921 0.813953 0.779353 0.749306 0.723167 0.700421 0.680652 0.663523 0.648759 0.636137 0.625475 0.616626 0.609471 0.603919 0.601042 0.601767 0.603950 0.607618 0.612817 0.619611 0.628087 0.638358 0.650563 0.664877 0.681514 0.700737 0.722867 0.748302 0.777534 0.811176 1059.500000 1.101121 0.729024
0.841494 0.835267 0.831120 0.829000 0.828884 0.830768 0.834677 0.840657 0.848783 0.859158 0.871916 0.887228 0.905307 0.926417 0.935392 0.904304 0.877261 0.853786 0.833490 0.816057 0.801229 0.788797 0.778591 0.770479 0.764356 0.760147 0.757799 0.757285 0.758597 0.761753 0.766790 0.773770 0.782782 0.793941 0.796674 0.795015 0.795275 0.797457 0.801587 0.807716 0.815920 0.826304 0.839003 0.854189 0.872073 0.873244 0.860384 0.849915 0.841701 0.835638 0.831651 0.829692 0.829735 0.831783 0.835859 0.842014 0.850324 0.860894 0.873862 0.889403 0.907732 0.929118 0.953890 0.948961 0.933849 0.921396 0.911437 0.903845 0.898526 0.895413 0.894469 0.895683 0.899069 0.904668 0.912550 0.922813 0.899651 0.870553 0.845251 0.823305 0.804359 0.788121 0.774354 0.762867 0.753504 0.746143 0.740692 0.737083 0.735272 0.735237 0.736977 0.740513 0.745889 0.753171 0.762452 0.766197 0.761693 0.759061 0.758266 0.759301 0.762177 0.766930 0.773618 0.782324 0.793162 0.806273 0.821839 0.840081 0.861273 0.885751 0.913927 0.946310 0.983528 1.000000 0.971184 0.946199 0.924638 0.906172 0.890533 0.877503 0.866907 0.858607 0.852499 0.848507 0.846582 0.846702 0.848866 0.849876 6244.500000 1.148088 0.909630
0.931803 0.871111 0.819697 0.775778 0.738013 0.705375 0.677064 0.652448 0.631027 0.612396 0.596229 0.582260 0.570273 0.560091 0.551573 0.544601 0.539087 0.534959 0.532166 0.530673 0.530464 0.531534 0.533898 0.537583 0.542637 0.549121 0.557121 0.566743 0.578120 0.587361 0.580012 0.574211 0.569884 0.566977 0.565455 0.565299 0.566508 0.569096 0.573095 0.578554 0.585542 0.594150 0.604493 0.616714 0.630991 0.647542 0.666634 0.688595 0.713830 0.742843 0.776264 0.787150 0.763164 0.742332 0.724306 0.708802 0.695589 0.684477 0.675317 0.667986 0.662391 0.658463 0.656152 0.655431 0.656291 0.658742 0.662814 0.668558 0.676044 0.685371 0.696660 0.710066 0.725781 0.744040 0.765133 0.789414 0.771843 0.737876 0.708408 0.682785 0.660487 0.641094 0.624269 0.609736 0.597270 0.586689 0.577843 0.570615 0.564910 0.560655 0.557797 0.556302 0.556150 0.557342 0.559890 0.563826 0.569198 0.576076 0.584547 0.580669 0.570354 0.561728 0.554676 0.549105 0.544945 0.542144 0.540667 0.540497 0.541631 0.544083 0.547884 0.553080 0.559737 0.567941 0.577801 0.589456 0.603072 0.618859 0.637071 0.658021 0.682094 0.709770 0.741649 0.778491 0.821266 0.871236 0.930066 1.000000 2392.500000 1.308720 0.777530
0.699109 0.693756 0.690133 0.688198 0.687926 0.689314 0.692380 0.697159 0.689901 0.669765 0.652297 0.637214 0.624283 0.613314 0.604154 0.596680 0.590795 0.586423 0.583511 0.582024 0.581942 0.595134 0.611189 0.629692 0.650968 0.675417 0.703534 0.735944 0.773437 0.817030 0.868046 0.928243 1.000000 0.976830 0.936318 0.901116 0.870487 0.843837 0.820689 0.800655 0.783417 0.768720 0.756352 0.746144 0.737963 0.731703 0.727285 0.724656 0.720555 0.708374 0.698252 0.690054 0.683675 0.679033 0.676071 0.674754 0.675065 0.677008 0.680607 0.685905 0.688116 0.688573 0.690697 0.694512 0.700065 0.707425 0.716687 0.727972 0.741432 0.757259 0.775685 0.796998 0.821550 0.849776 0.833712 0.805712 0.781353 0.760201 0.741904 0.726175 0.712781 0.701532 0.692274 0.684885 0.679272 0.675364 0.673113 0.672492 0.673492 0.676127 0.680429 0.686449 0.694265 0.703976 0.715712 0.729633 0.745938 0.764874 0.769594 0.759384 0.751227 0.745019 0.740683 0.738165 0.737434 0.738482 0.741322 0.745988 0.752537 0.761052 0.771642 0.784447 0.799644 0.817449 0.838130 0.862015 0.889508 0.914759 0.878043 0.846121 0.818341 0.794179 0.773213 0.755097 0.739552 0.726349 0.715301 0.706261 1561.000000 1.070871 0.821665
0.911121 0.869503 0.833442 0.802108 0.774844 0.751123 0.730518 0.712685 0.697341 0.684259 0.673249 0.664164 0.656881 0.651782 0.648823 0.647443 0.647626 0.649374 0.652707 0.657668 0.664318 0.672740 0.683046 0.695373 0.709896 0.726826 0.746425 0.769015 0.794990 0.824837 0.859164 0.898730 0.874769 0.849546 0.827675 0.808801 0.792636 0.778944 0.767535 0.758255 0.750985 0.745632 0.742130 0.740437 0.740530 0.742413 0.746108 0.751659 0.759136 0.768633 0.780275 0.794217 0.810656 0.829830 0.852036 0.873500 0.840008 0.810871 0.785516 0.763483 0.744396 0.727951 0.713900 0.702040 0.692208 0.684273 0.678134 0.673712 0.670953 0.669824 0.670311 0.672420 0.676176 0.681625 0.688836 0.683879 0.677188 0.672230 0.668944 0.667290 0.667248 0.668817 0.672016 0.676884 0.683482 0.691893 0.702226 0.714621 0.729249 0.746324 0.766108 0.788921 0.815159 0.845309 0.879976 0.919919 0.966099 1.000000 0.945238 0.898214 0.857615 0.822423 0.791838 0.765223 0.742069 0.721963 0.704571 0.689619 0.676885 0.666189 0.657385 0.650356 0.645014 0.641291 0.639142 0.642092 0.650144 0.660011 0.671825 0.685752 0.701996 0.720806 0.742491 0.767426 0.796080 0.829030 0.867005 0.910926 1855.000000 1.048457 0.794782
0.903807 0.891423 0.881468 0.873814 0.868367 0.865058 0.863847 0.864720 0.867687 0.872784 0.880075 0.859701 0.826417 0.797464 0.772269 0.750369 0.731390 0.715028 0.701034 0.689206 0.679379 0.671424 0.665237 0.660740 0.657878 0.656615 0.656937 0.658847 0.662369 0.667545 0.674441 0.683143 0.693766 0.706454 0.716522 0.722264 0.729871 0.739441 0.751098 0.765001 0.781347 0.800377 0.822387 0.847742 0.876890 0.910385 0.928025 0.915098 0.904677 0.896626 0.890844 0.887260 0.885830 0.886537 0.889390 0.894423 0.901697 0.911305 0.923367 0.938044 0.955534 0.976084 1.000000 0.969308 0.928250 0.892591 0.861570 0.834576 0.811117 0.790793 0.773280 0.758314 0.745678 0.735198 0.726736 0.720181 0.715452 0.712489 0.711258 0.711742 0.713948 0.717903 0.711267 0.703789 0.698132 0.694224 0.692017 0.691485 0.692621 0.695438 0.699972 0.706278 0.714436 0.724550 0.736755 0.751219 0.768150 0.787803 0.810493 0.836603 0.847443 0.839735 0.834158 0.830641 0.829144 0.829647 0.832156 0.836703 0.843342 0.852157 0.863260 0.864841 0.854574 0.846564 0.840708 0.836936 0.835201 0.835481 0.837780 0.842127 0.848573 0.857200 0.868118 0.881468 0.897430 0.916230 0.936563 0.918786 5053.000000 1.242401 0.898406
0.777922 0.803721 0.833366 0.861756 0.824344 0.791873 0.763634 0.739058 0.717690 0.699160 0.683167 0.669466 0.657858 0.648180 0.640303 0.634124 0.629566 0.626571 0.625104 0.625146 0.626697 0.629778 0.634425 0.640696 0.648670 0.658452 0.670172 0.683995 0.700123 0.718802 0.740338 0.765105 0.766179 0.741098 0.719284 0.700357 0.684006 0.669978 0.658068 0.648107 0.639963 0.633527 0.628720 0.625481 0.623769 0.623565 0.624867 0.627688 0.632066 0.638052 0.645724 0.655179 0.666546 0.679981 0.695679 0.713879 0.734875 0.759028 0.786782 0.818690 0.855444 0.897917 0.947229 1.000000 0.932063 0.874744 0.825940 0.784083 0.747980 0.716705 0.689535 0.665896 0.645326 0.627456 0.611983 0.598663 0.587295 0.577716 0.569796 0.563428 0.558533 0.555047 0.552928 0.552150 0.552704 0.554597 0.557851 0.562507 0.568623 0.576276 0.585569 0.596627 0.609607 0.624703 0.642152 0.662245 0.685341 0.711882 0.742423 0.777659 0.818477 0.866019 0.871326 0.836733 0.806651 0.780471 0.757706 0.737958 0.720907 0.706288 0.693889 0.683537 0.675091 0.668442 0.663505 0.660220 0.658545 0.658462 0.659968 0.663082 0.667843 0.674308 0.682560 0.692706 0.704882 0.719258 0.736042 0.755491 4614.000000 1.176382 0.764208
0.869305 0.895492 0.925605 0.960207 1.000000 0.996642 0.943800 0.898335 0.859023 0.824912 0.795249 0.769434 0.746986 0.727513 0.710698 0.696283 0.684056 0.673846 0.665517 0.656845 0.644505 0.634120 0.625547 0.618674 0.613411 0.609694 0.607476 0.606731 0.607449 0.609639 0.613328 0.618561 0.624923 0.625677 0.627947 0.631761 0.637166 0.644230 0.653043 0.663722 0.676412 0.691295 0.708593 0.728579 0.751589 0.778035 0.808428 0.843407 0.883775 0.930556 0.906215 0.878277 0.854005 0.832992 0.814903 0.799469 0.786468 0.775723 0.767089 0.760458 0.755745 0.752894 0.751868 0.752655 0.755266 0.759731 0.766106 0.774471 0.784932 0.797628 0.812731 0.830456 0.851067 0.874890 0.897455 0.861337 0.829937 0.802611 0.778844 0.758218 0.740393 0.725095 0.712096 0.701215 0.692304 0.685247 0.679954 0.676359 0.674417 0.674107 0.675423 0.678381 0.683019 0.689392 0.697582 0.707694 0.719864 0.707767 0.696300 0.686827 0.679223 0.673390 0.669255 0.666767 0.665895 0.666629 0.668979 0.672972 0.678658 0.686108 0.695417 0.706708 0.720135 0.735890 0.754207 0.760143 0.756616 0.754932 0.755070 0.757032 0.760843 0.766547 0.774218 0.783951 0.795873 0.810146 0.826969 0.846588 709.000000 1.138385 0.840298
0.833109 0.776254 0.728305 0.687496 0.652506 0.622331 0.596197 0.573495 0.553744 0.536557 0.521624 0.508692 0.497556 0.488047 0.480029 0.473393 0.468050 0.463931 0.460985 0.459175 0.458480 0.458891 0.460412 0.463063 0.466876 0.471899 0.478195 0.485848 0.494962 0.505665 0.518118 0.532514 0.549094 0.568153 0.590055 0.615254 0.644324 0.677990 0.717193 0.763158 0.817523 0.882517 0.961253 1.000000 0.915322 0.845744 0.787760 0.738883 0.697298 0.661654 0.630923 0.604311 0.581196 0.561087 0.543588 0.528382 0.515211 0.503865 0.494173 0.485996 0.479220 0.473757 0.469534 0.466501 0.464618 0.463864 0.464229 0.465717 0.468346 0.472149 0.477174 0.483484 0.491162 0.500313 0.511065 0.523580 0.538051 0.554719 0.573879 0.595898 0.621229 0.650447 0.684279 0.723662 0.769823 0.824395 0.889602 0.887269 0.830893 0.783027 0.742065 0.706794 0.676279 0.649791 0.626752 0.606703 0.589272 0.574160 0.561121 0.549956 0.540504 0.532633 0.526238 0.521235 0.517561 0.515171 0.514036 0.514142 0.515490 0.518096 0.521993 0.527228 0.533869 0.542002 0.551736 0.563207 0.576585 0.592074 0.609929 0.630459 0.654051 0.681182 0.712452 0.748620 0.790665 0.839856 0.897882 0.901294 1100.500000 1.150992 0.600190
0.596588 0.611538 0.628811 0.648696 0.671550 0.697816 0.728046 0.762935 0.803368 0.850491 0.905804 0.971315 1.000000 0.949198 0.905385 0.867435 0.834468 0.805785 0.780827 0.759142 0.740365 0.724197 0.710394 0.698760 0.689134 0.681390 0.675426 0.671169 0.668565 0.651627 0.633111 0.617064 0.603228 0.591392 0.581385 0.573068 0.566332 0.561088 0.557270 0.554832 0.553743 0.553990 0.555577 0.558522 0.562861 0.568650 0.575960 0.584888 0.595555 0.608110 0.622739 0.639668 0.645553 0.647796 0.651629 0.657101 0.664280 0.673256 0.684150 0.697109 0.712317 0.730001 0.750440 0.766598 0.753136 0.741895 0.732724 0.725504 0.720142 0.716573 0.714752 0.714658 0.716290 0.719666 0.724829 0.731842 0.740795 0.751802 0.765013 0.780610 0.798821 0.819925 0.844263 0.872255 0.904422 0.917440 0.857522 0.806774 0.763434 0.726174 0.693975 0.666047 0.641766 0.620635 0.602257 0.586307 0.572524 0.560694 0.550643 0.542229 0.540743 0.543689 0.547996 0.553715 0.560921 0.569708 0.580194 0.592527 0.606890 0.623506 0.642650 0.664658 0.689948 0.719039 0.724131 0.694189 0.668170 0.645529 0.625831 0.608723 0.593918 0.581183 0.570328 0.561197 0.555898 0.563520 0.572753 0.583724 4847.500000 1.202083 0.758336
0.811931 0.811434 0.812894 0.816330 0.821783 0.829321 0.839039 0.851062 0.865549 0.882702 0.902767 0.926048 0.952919 0.956230 0.866523 0.793952 0.734229 0.684397 0.642347 0.606543 0.575833 0.549342 0.526394 0.506458 0.489112 0.474019 0.460907 0.449554 0.439781 0.431442 0.424416 0.418607 0.413940 0.410352 0.407801 0.406254 0.405692 0.411584 0.421518 0.433012 0.446255 0.461481 0.478977 0.499102 0.522305 0.549159 0.580398 0.616981 0.660184 0.711736 0.717697 0.718035 0.720108 0.723942 0.729584 0.737105 0.746600 0.758193 0.772040 0.788338 0.807325 0.829297 0.854615 0.883723 0.917171 0.955644 1.000000 0.949705 0.901864 0.860585 0.824820 0.793745 0.766706 0.743180 0.722744 0.705055 0.689834 0.676852 0.665924 0.656900 0.649663 0.644117 0.640195 0.629047 0.611951 0.597160 0.584442 0.573607 0.564502 0.557003 0.551010 0.546447 0.543257 0.541401 0.540856 0.541615 0.543689 0.547101 0.551894 0.555700 0.558306 0.562299 0.567726 0.574657 0.583182 0.593415 0.605497 0.619606 0.635957 0.645359 0.640619 0.637473 0.635882 0.635827 0.637307 0.640340 0.644963 0.651234 0.659232 0.669061 0.680852 0.694770 0.711018 0.729844 0.751553 0.776523 0.805214 0.814392 10251.000000 1.375915 0.762067
0.970618 0.945253 0.923348 0.904565 0.888629 0.875317 0.864449 0.855885 0.849515 0.845261 0.843070 0.842915 0.844796 0.848734 0.854778 0.863003 0.873512 0.886442 0.901967 0.920301 0.941712 0.950800 0.920572 0.894294 0.871516 0.851871 0.835059 0.820837 0.809008 0.799414 0.791930 0.786461 0.782942 0.781327 0.781598 0.783758 0.787833 0.793873 0.801954 0.812177 0.824677 0.839622 0.849561 0.851725 0.855968 0.862340 0.870923 0.881823 0.895184 0.911185 0.930049 0.952054 0.977536 1.000000 0.968489 0.941101 0.917369 0.896912 0.879420 0.864640 0.852368 0.842441 0.834730 0.829139 0.825597 0.824063 0.824516 0.826964 0.831435 0.837985 0.846694 0.857674 0.871069 0.887060 0.905872 0.888352 0.873462 0.861104 0.851113 0.843359 0.837745 0.834202 0.832686 0.833180 0.835688 0.840242 0.846897 0.855736 0.866872 0.880451 0.896657 0.915718 0.913316 0.897010 0.883367 0.872203 0.863371 0.856759 0.852286 0.849896 0.849560 0.851275 0.855060 0.860963 0.869056 0.879441 0.892253 0.890437 0.872105 0.856535 0.843508 0.832847 0.824414 0.818101 0.813829 0.811547 0.811226 0.812863 0.816478 0.822114 0.829842 0.839759 0.851993 0.866707 0.884106 0.904442 0.928023 0.955230 668.000000 1.060779 0.912149
0.860944 0.924162 1.000000 0.959146 0.898929 0.847748 0.803914 0.766145 0.733453 0.705066 0.680373 0.658884 0.640206 0.624020 0.610065 0.598131 0.588044 0.579664 0.572881 0.567607 0.563774 0.561336 0.560263 0.560542 0.562176 0.565186 0.569607 0.575495 0.582926 0.591995 0.602827 0.615573 0.630421 0.647602 0.667398 0.673953 0.653132 0.635043 0.619381 0.605897 0.594390 0.584693 0.576675 0.570230 0.565273 0.561743 0.559597 0.558808 0.559368 0.561282 0.564573 0.569283 0.575471 0.583215 0.592617 0.603806 0.616940 0.632216 0.649872 0.670204 0.693574 0.720431 0.751335 0.786990 0.828292 0.876398 0.902388 0.859135 0.821728 0.789264 0.761032 0.736462 0.715098 0.696570 0.680576 0.666870 0.655252 0.645562 0.637667 0.631466 0.626880 0.623852 0.622346 0.622342 0.623842 0.626862 0.631440 0.637634 0.645520 0.655202 0.666810 0.680505 0.696488 0.712695 0.680613 0.652800 0.628626 0.607589 0.589289 0.573400 0.559658 0.547848 0.537795 0.529357 0.522418 0.516889 0.512697 0.509791 0.508135 0.507708 0.508507 0.510540 0.513832 0.518424 0.524373 0.531757 0.540672 0.551242 0.563618 0.577988 0.594579 0.613673 0.635616 0.660837 0.689873 0.723401 0.762285 0.807642 16905.000000 1.431314 0.736764
0.634932 0.644362 0.655679 0.667487 0.658572 0.651440 0.646002 0.642187 0.639950 0.639263 0.640118 0.642525 0.646514 0.652134 0.659454 0.668570 0.679602 0.692701 0.708053 0.725890 0.746494 0.770211 0.797469 0.828797 0.864856 0.877074 0.840792 0.809265 0.781832 0.757964 0.737233 0.719293 0.703861 0.690706 0.679641 0.670515 0.663207 0.657624 0.653696 0.651375 0.650631 0.651457 0.653863 0.657877 0.663549 0.667293 0.665071 0.664459 0.665450 0.668056 0.672308 0.678259 0.685984 0.695582 0.707180 0.720938 0.737053 0.755766 0.777377 0.802249 0.830832 0.863686 0.901506 0.906607 0.854405 0.809731 0.771262 0.737981 0.709090 0.683961 0.662094 0.643082 0.626599 0.612379 0.600203 0.589896 0.581313 0.574340 0.568887 0.564885 0.562283 0.561051 0.561173 0.562651 0.564529 0.566289 0.569437 0.574010 0.580066 0.587683 0.596959 0.608020 0.621024 0.636163 0.653672 0.673841 0.697027 0.723672 0.754323 0.789673 0.830598 0.878228 0.934040 1.000000 0.999052 0.940692 0.890802 0.847877 0.810762 0.778557 0.750552 0.726180 0.704986 0.686602 0.670726 0.657116 0.645571 0.635930 0.628064 0.621870 0.617270 0.614206 0.612640 0.612555 0.613949 0.616838 0.621258 0.627264 12411.000000 1.130123 0.762676
0.553575 0.543367 0.534794 0.527739 0.522109 0.517832 0.514855 0.513142 0.512670 0.513435 0.515446 0.518728 0.523320 0.529281 0.536687 0.545636 0.556252 0.568686 0.583126 0.599800 0.618992 0.641047 0.666397 0.695579 0.729272 0.768340 0.771536 0.749346 0.730107 0.713507 0.699293 0.687257 0.677232 0.669084 0.662708 0.658022 0.654969 0.653511 0.653630 0.655329 0.658627 0.663566 0.670206 0.678631 0.688952 0.701307 0.715870 0.732853 0.752519 0.775187 0.801255 0.831209 0.865655 0.905356 0.922759 0.858026 0.803590 0.757364 0.717803 0.683734 0.654258 0.628670 0.606415 0.587047 0.570209 0.555611 0.543018 0.532236 0.523110 0.515513 0.509342 0.504519 0.500982 0.498687 0.497606 0.497727 0.499050 0.501591 0.505383 0.510471 0.514666 0.511696 0.509981 0.509501 0.510250 0.512237 0.515486 0.520038 0.525949 0.533295 0.542174 0.552708 0.565048 0.579378 0.595928 0.614976 0.636867 0.662027 0.690991 0.724430 0.763202 0.808416 0.861531 0.924501 1.000000 0.992484 0.936478 0.888481 0.847105 0.811279 0.780164 0.753094 0.729539 0.709068 0.691336 0.676057 0.663002 0.651982 0.642847 0.635473 0.629766 0.625655 0.623089 0.622036 0.614193 0.595628 0.579507 0.565562 1273.000000 1.434032 0.733064
0.862668 0.892540 0.904856 0.870265 0.840171 0.813984 0.791229 0.771519 0.754541 0.740039 0.727804 0.717668 0.709496 0.703183 0.698649 0.695839 0.694719 0.695274 0.697513 0.701460 0.707167 0.714702 0.724164 0.735675 0.749393 0.765511 0.756261 0.738543 0.723338 0.710424 0.699619 0.690777 0.683782 0.678546 0.675003 0.673110 0.672844 0.674202 0.677200 0.681875 0.688284 0.696509 0.706657 0.718861 0.733292 0.750159 0.752220 0.737152 0.724387 0.713747 0.705089 0.698301 0.693297 0.690014 0.688413 0.688473 0.690197 0.693605 0.698738 0.705660 0.714460 0.725250 0.738177 0.753422 0.771206 0.791805 0.815552 0.842861 0.874241 0.910326 0.951910 1.000000 0.993033 0.933319 0.882384 0.838636 0.800860 0.768111 0.739647 0.714878 0.693330 0.674621 0.658440 0.644533 0.632694 0.622755 0.614582 0.608066 0.603124 0.599695 0.597737 0.597226 0.598156 0.600537 0.604399 0.609790 0.616777 0.625450 0.635925 0.648344 0.662888 0.679774 0.699271 0.721710 0.747497 0.777137 0.811260 0.800183 0.782615 0.767611 0.754956 0.744476 0.736031 0.729514 0.724843 0.721958 0.720827 0.721434 0.723787 0.727916 0.733869 0.741723 0.751576 0.763559 0.777835 0.794605 0.814119 0.836682 14371.500000 1.196819 0.825247
0.916017 0.882120 0.852622 0.826962 0.804683 0.785415 0.768857 0.754764 0.742935 0.733211 0.725463 0.719593 0.715527 0.713215 0.712629 0.713762 0.716628 0.721262 0.727721 0.736086 0.746464 0.758994 0.773848 0.791238 0.811429 0.834740 0.861568 0.892398 0.904352 0.878183 0.855488 0.835900 0.819118 0.804897 0.793040 0.783386 0.775812 0.770220 0.766542 0.764732 0.764769 0.766653 0.770407 0.776076 0.783732 0.793471 0.805419 0.819738 0.836627 0.856334 0.879160 0.905477 0.935743 0.958634 0.922983 0.891961 0.864972 0.841536 0.821263 0.803835 0.788992 0.776524 0.766262 0.758069 0.751842 0.747503 0.744998 0.744297 0.745391 0.748294 0.753040 0.759689 0.768324 0.779056 0.792027 0.807415 0.825441 0.846376 0.870553 0.888532 0.866470 0.847469 0.831243 0.817560 0.806230 0.797105 0.790065 0.785024 0.781918 0.780710 0.781385 0.783952 0.788441 0.794908 0.803433 0.814126 0.827127 0.842613 0.860803 0.867585 0.843609 0.822851 0.804983 0.789737 0.776894 0.766279 0.757751 0.751200 0.746545 0.743728 0.742715 0.743493 0.746071 0.750483 0.756780 0.765043 0.775377 0.787918 0.802837 0.820346 0.840707 0.864239 0.891336 0.922481 0.958273 0.999460 1.000000 0.955016 1339.500000 1.036906 0.851675
0.696902 0.762233 0.843322 0.946269 0.946926 0.876028 0.816838 0.766871 0.724309 0.687793 0.656287 0.628990 0.605273 0.584637 0.566681 0.551084 0.537583 0.525964 0.516054 0.507711 0.500821 0.495292 0.491055 0.488054 0.486255 0.485635 0.486186 0.487915 0.490842 0.495006 0.500456 0.507263 0.515517 0.525330 0.536843 0.550227 0.565693 0.583500 0.603967 0.627489 0.654557 0.685793 0.679903 0.645692 0.616172 0.590594 0.568370 0.549032 0.532207 0.517592 0.504943 0.494059 0.484777 0.476965 0.470517 0.465347 0.461389 0.458593 0.456925 0.456364 0.456904 0.458551 0.461326 0.465262 0.470409 0.476833 0.484618 0.493871 0.504724 0.517339 0.531915 0.548696 0.567984 0.590150 0.615661 0.645100 0.679216 0.718969 0.765625 0.820870 0.887012 0.967281 1.000000 0.884840 0.795183 0.723606 0.665321 0.617102 0.576695 0.542481 0.513266 0.488154 0.466455 0.447636 0.431275 0.417037 0.404653 0.393905 0.384615 0.376640 0.369862 0.364186 0.359534 0.355846 0.353075 0.351186 0.350156 0.349973 0.350635 0.352149 0.354533 0.357819 0.362046 0.367269 0.373559 0.381001 0.389704 0.399800 0.411450 0.424854 0.440257 0.457963 0.478354 0.501911 0.529250 0.561168 0.598718 0.643314 3180.000000 1.578927 0.558479
0.688359 0.705064 0.724390 0.728760 0.706760 0.687657 0.671134 0.656932 0.644840 0.634686 0.626332 0.619669 0.614612 0.611096 0.609080 0.608538 0.609463 0.611868 0.615782 0.621252 0.628347 0.637159 0.647805 0.660430 0.675216 0.692386 0.712213 0.735031 0.761254 0.791395 0.826093 0.866155 0.912612 0.916914 0.878886 0.845844 0.817093 0.792078 0.770350 0.751545 0.735365 0.721568 0.709959 0.700378 0.692698 0.686822 0.682676 0.680208 0.679388 0.680208 0.682676 0.686822 0.692698 0.700378 0.709959 0.721568 0.735365 0.728905 0.713839 0.701037 0.690320 0.681543 0.674592 0.669376 0.665833 0.663918 0.663608 0.664899 0.667808 0.672369 0.678638 0.686696 0.691439 0.674038 0.659041 0.646219 0.635388 0.626398 0.619130 0.613490 0.609406 0.606828 0.605726 0.606085 0.607909 0.611222 0.616063 0.622493 0.630594 0.640472 0.652260 0.666126 0.682273 0.700953 0.722474 0.747216 0.775647 0.808352 0.846064 0.889716 0.940506 1.000000 0.944403 0.895798 0.853907 0.817641 0.786147 0.758749 0.734907 0.714186 0.696233 0.680760 0.667533 0.656362 0.647091 0.639598 0.633786 0.629581 0.626933 0.625808 0.626193 0.628092 0.631529 0.636546 0.643205 0.651591 0.661814 0.674012 788.000000 1.213899 0.807134
0.821728 0.858784 0.901615 0.944345 0.902669 0.866516 0.835081 0.807725 0.783933 0.763289 0.745454 0.730152 0.717159 0.706291 0.697404 0.690380 0.685129 0.681588 0.679712 0.679479 0.680886 0.683950 0.688708 0.695220 0.703567 0.713857 0.726228 0.740852 0.757941 0.777754 0.800612 0.826906 0.857121 0.862746 0.841430 0.823077 0.807412 0.794209 0.783287 0.774503 0.767742 0.762920 0.759978 0.758880 0.759612 0.762184 0.766626 0.772994 0.781366 0.791850 0.804584 0.790939 0.770531 0.752918 0.737829 0.725046 0.714390 0.705718 0.698918 0.693904 0.690612 0.689004 0.689059 0.690779 0.694184 0.699315 0.706237 0.715038 0.725831 0.738761 0.754011 0.750172 0.736681 0.725384 0.716127 0.708789 0.703277 0.699522 0.697479 0.697122 0.698447 0.701471 0.706229 0.712782 0.721210 0.731624 0.744163 0.758999 0.776347 0.796470 0.819691 0.846407 0.877108 0.912401 0.953045 1.000000 0.961267 0.910122 0.866126 0.828090 0.795090 0.766394 0.741421 0.719704 0.700863 0.684591 0.670636 0.658794 0.648899 0.640817 0.634445 0.629699 0.626523 0.624876 0.624739 0.626110 0.629005 0.633461 0.639532 0.647295 0.656850 0.668326 0.681883 0.697716 0.716068 0.737235 0.761583 0.789561 5190.000000 1.092759 0.819874
0.794723 0.767204 0.743258 0.722449 0.704425 0.688897 0.675632 0.664438 0.655162 0.647680 0.641896 0.637737 0.635152 0.629641 0.619230 0.610605 0.603652 0.598279 0.594421 0.592030 0.591076 0.591548 0.593451 0.596809 0.601663 0.608074 0.616123 0.625916 0.637586 0.643314 0.650671 0.659807 0.670841 0.683927 0.699251 0.717045 0.737592 0.761238 0.788414 0.819649 0.855607 0.897126 0.945273 1.000000 0.956436 0.918630 0.885751 0.857139 0.832259 0.810681 0.792053 0.776090 0.762559 0.751270 0.742072 0.734845 0.729498 0.725965 0.724202 0.724188 0.725923 0.729428 0.734745 0.741941 0.751107 0.762361 0.774446 0.763910 0.755453 0.748965 0.744365 0.741598 0.740628 0.741445 0.744059 0.748500 0.754824 0.763110 0.773464 0.786022 0.800956 0.818479 0.838852 0.814619 0.772766 0.736690 0.705457 0.678332 0.654734 0.634200 0.616354 0.600893 0.587569 0.576182 0.566566 0.558590 0.552147 0.547154 0.543548 0.541285 0.540337 0.540692 0.542356 0.554952 0.585680 0.621596 0.663909 0.714249 0.774869 0.848969 0.933451 0.919761 0.908624 0.899895 0.893465 0.889253 0.887208 0.887305 0.889545 0.893955 0.900590 0.909532 0.920894 0.934824 0.951509 0.904828 0.862772 0.826354 11458.000000 1.188167 0.781254
0.792963 0.749722 0.712580 0.680507 0.652702 0.628534 0.607503 0.589208 0.573323 0.559585 0.547779 0.537729 0.529293 0.522357 0.516830 0.512640 0.509736 0.508082 0.507657 0.508457 0.510491 0.513784 0.518377 0.524328 0.531712 0.540629 0.551200 0.563577 0.577948 0.594540 0.613635 0.635579 0.660803 0.689841 0.723371 0.762258 0.807620 0.860927 0.924152 1.000000 0.992124 0.905334 0.834355 0.775429 0.725911 0.683886 0.647936 0.616989 0.590221 0.566987 0.546781 0.529197 0.513908 0.500650 0.489207 0.479405 0.471101 0.464179 0.458546 0.454129 0.450872 0.448735 0.447691 0.447728 0.448847 0.451061 0.454396 0.458896 0.464615 0.471630 0.480034 0.489944 0.501506 0.514898 0.530336 0.548091 0.568492 0.591952 0.618987 0.650251 0.686583 0.729076 0.779177 0.838841 0.910777 0.998839 0.973569 0.903634 0.844972 0.795261 0.752788 0.716259 0.684684 0.657292 0.633475 0.612748 0.594722 0.579082 0.565570 0.553979 0.544138 0.535909 0.529181 0.523866 0.519897 0.517225 0.515816 0.515653 0.516735 0.519075 0.522701 0.527658 0.534009 0.541836 0.551243 0.562362 0.575353 0.590414 0.607789 0.627775 0.650742 0.677146 0.707560 0.742708 0.783517 0.831190 0.887316 0.843655 1014.000000 1.207094 0.596528
0.685466 0.661693 0.641006 0.623029 0.607456 0.594039 0.582575 0.572899 0.564877 0.558404 0.553396 0.549789 0.547540 0.546621 0.547020 0.548743 0.551810 0.552706 0.548995 0.546643 0.545619 0.545911 0.547524 0.550476 0.554805 0.560562 0.567823 0.576682 0.587259 0.599703 0.614198 0.630968 0.650290 0.672504 0.696137 0.685810 0.677393 0.670776 0.665875 0.662631 0.661003 0.660971 0.662535 0.665714 0.670547 0.677094 0.685437 0.695686 0.707977 0.722482 0.739413 0.759028 0.781647 0.807661 0.779994 0.696535 0.630582 0.577310 0.533522 0.497021 0.466247 0.440059 0.417609 0.398252 0.381488 0.366926 0.354257 0.343234 0.333655 0.325359 0.318213 0.314408 0.321477 0.329684 0.339160 0.350064 0.362596 0.377000 0.393583 0.412733 0.434942 0.460851 0.491301 0.527419 0.570754 0.623484 0.688777 0.771421 0.879008 1.000000 0.927600 0.866923 0.815542 0.771665 0.733946 0.701353 0.673085 0.648509 0.627122 0.608520 0.592375 0.578423 0.566445 0.556267 0.547744 0.540762 0.535228 0.531074 0.528246 0.526710 0.526447 0.527455 0.529745 0.533346 0.538302 0.543302 0.547950 0.554025 0.561604 0.570788 0.581701 0.594500 0.609376 0.626564 0.646352 0.669095 0.695232 0.712792 7713.000000 1.079609 0.636725
0.789648 0.758314 0.731066 0.707353 0.686732 0.668845 0.653401 0.640161 0.628932 0.619557 0.611910 0.605891 0.601424 0.598454 0.596944 0.596876 0.598249 0.601080 0.605403 0.611272 0.618761 0.627967 0.639014 0.651373 0.641630 0.633679 0.627415 0.622759 0.619654 0.618061 0.617961 0.619353 0.622254 0.626699 0.632743 0.640463 0.649959 0.661358 0.674818 0.690536 0.708752 0.729760 0.753924 0.781690 0.813615 0.850395 0.892910 0.942289 1.000000 0.938085 0.883710 0.837199 0.797163 0.762535 0.732481 0.706344 0.683598 0.663820 0.646669 0.631865 0.619183 0.608436 0.599476 0.592181 0.586458 0.582234 0.579456 0.578091 0.578121 0.579548 0.582388 0.586676 0.592466 0.599831 0.608867 0.619694 0.632465 0.647366 0.664626 0.666032 0.654336 0.644570 0.636603 0.630329 0.625671 0.622570 0.620988 0.620906 0.622324 0.625257 0.629743 0.635836 0.643614 0.653178 0.664655 0.678206 0.694029 0.712364 0.733509 0.757829 0.785776 0.817908 0.854928 0.864958 0.833373 0.805887 0.781980 0.761231 0.743299 0.727906 0.714825 0.703871 0.694897 0.687785 0.682444 0.678808 0.676833 0.676494 0.677788 0.680729 0.685355 0.691722 0.699910 0.710025 0.722202 0.736610 0.753456 0.772997 949.000000 1.251541 0.807630
