35
1000 1000
7 12 30 29 15 46 17 54 36 44 55 30 52 21 41
6 -28 62 -3 5 108 -8 117 66 76 126 -5 131
3 58 51 133 100 46 175
6 28 2 86 15 87 61 75 88 36 101 -3 55
7 48 82 86 48 124 74 145 104 121 149 84 161 62 124
7 -3 7 9 -2 30 -3 47 24 35 36 12 37 -5 32
6 74 63 131 20 177 -14 216 51 188 114 110 158
6 42 21 55 31 66 38 59 49 44 57 34 40
7 70 62 102 43 161 22 191 72 178 147 101 175 47 126
3 21 10 74 37 22 55
3 20 40 131 87 21 159
6 137 67 216 61 250 133 235 191 162 175 90 140
3 177 155 325 242 189 263
4 27 78 96 37 147 94 81 132
3 1 14 50 41 -1 73
3 57 37 158 113 58 190
6 18 10 48 22 60 39 45 54 21 59 -1 47
6 8 40 40 28 55 75 47 121 13 103 -11 76
7 10 49 48 18 82 23 129 62 86 103 46 104 -1 91
5 45 26 156 -27 166 73 146 171 10 111
7 -1 11 15 7 30 5 40 16 29 34 13 36 0 30
4 66 17 82 52 57 91 46 57
7 56 75 72 69 92 69 98 87 84 102 72 105 55 96
8 109 83 137 70 159 92 187 116 164 131 139 134 111 151 95 118
7 -6 44 11 22 38 32 54 58 33 76 18 83 -12 65
4 28 69 68 50 108 72 69 87
3 128 114 223 173 119 245
3 39 5 88 28 35 41
4 53 71 76 38 131 77 78 121
7 30 32 45 6 62 18 66 40 58 53 45 53 24 53
6 14 80 4 30 86 35 85 85 88 136 26 119
4 20 59 55 37 72 55 50 106
7 24 31 33 24 50 13 62 35 43 48 32 49 24 39
5 51 -9 107 -31 147 36 127 92 51 57
3 49 16 82 37 51 55
