30
1000 1000
5 40 55 86 33 128 78 97 129 26 93
5 -1 1 25 2 49 19 24 43 7 26
7 13 32 45 16 88 25 109 59 98 102 50 114 9 72
4 21 23 37 6 65 27 35 44
4 42 0 67 24 43 48 12 29
5 35 0 78 -21 106 45 84 101 28 59
3 72 129 231 244 97 321
8 41 46 63 5 108 24 96 70 88 99 61 102 24 122 -6 74
7 5 27 19 11 31 19 39 34 33 41 20 46 11 39
4 -15 63 42 37 95 62 38 102
8 -13 -21 36 -48 102 -20 78 44 78 93 30 117 -16 91 -42 52
4 20 -2 39 28 19 41 4 28
3 19 3 78 36 21 62
6 24 0 49 -3 63 15 52 43 24 38 8 22
4 97 18 171 81 96 129 33 93
7 58 78 102 58 145 61 162 98 140 133 107 148 68 117
7 5 25 20 9 41 13 66 35 50 54 26 62 -6 45
6 36 39 56 22 73 14 101 42 74 60 53 62
4 135 148 175 187 146 230 92 195
5 90 111 112 101 137 117 108 148 82 144
4 103 31 183 106 83 193 45 118
3 48 64 103 112 53 132
4 3 15 23 2 47 15 26 34
3 33 15 61 35 29 63
8 -18 54 -3 0 60 5 136 -17 100 50 128 105 71 129 -8 108
8 64 166 91 140 114 181 127 200 139 232 94 225 73 217 41 202
4 25 44 62 56 23 76 -9 62
4 37 206 89 161 166 199 90 269
6 -7 46 25 19 77 10 86 56 68 84 15 86
7 83 32 124 2 154 35 175 61 160 113 124 92 87 98
