60
1000 1000
6 38 46 56 43 67 60 54 80 36 86 33 64
7 5 10 26 -4 66 -23 80 16 64 73 16 85 -27 49
8 35 28 58 30 80 24 83 59 74 81 52 82 30 78 29 58
5 4 14 36 -13 66 30 33 67 0 46
8 19 10 25 5 42 10 45 18 44 34 24 48 9 41 5 24
4 27 120 139 35 223 137 143 199
4 89 -22 124 45 82 115 44 53
7 27 16 36 1 58 1 65 25 51 39 35 43 22 31
7 8 75 27 58 40 72 62 90 50 107 30 107 3 96
5 135 127 223 130 302 179 243 268 131 245
7 -5 17 36 -19 72 5 77 40 76 69 35 63 7 43
7 67 137 91 99 142 135 177 155 145 191 115 227 61 198
4 13 38 39 23 69 39 43 78
8 15 67 26 54 46 45 60 53 73 66 58 87 45 95 19 86
4 105 37 159 94 90 146 13 114
8 96 149 130 126 173 55 237 89 213 167 247 222 154 212 106 205
5 54 21 98 0 119 43 91 113 44 72
7 12 28 13 5 38 10 46 29 33 48 23 45 -1 46
3 4 24 60 53 16 92
7 5 18 35 -3 59 7 79 35 56 48 37 53 -3 40
8 38 68 59 37 104 67 118 102 99 132 66 136 17 146 18 100
6 13 8 20 -8 37 -5 49 11 38 27 26 21
5 45 34 100 -2 140 46 84 88 34 86
7 19 67 56 47 85 48 99 74 77 116 41 124 14 100
8 70 127 92 103 126 94 142 103 178 130 158 153 125 158 101 158
8 38 50 52 48 65 33 78 38 82 57 75 63 61 71 37 73
8 41 67 46 52 76 23 104 45 110 79 102 112 74 121 55 88
7 -2 22 15 4 33 11 49 34 30 48 15 50 -5 37
7 48 20 106 -27 196 -11 181 76 155 107 112 148 35 116
3 81 11 154 65 96 96
4 -8 52 80 -23 121 54 89 135
6 4 25 13 10 40 12 38 27 38 46 18 37
8 9 24 24 25 48 27 54 40 46 61 26 66 6 61 3 45
5 11 12 75 -2 128 42 75 111 22 69
4 58 36 79 69 55 91 15 78
3 64 23 100 38 62 61
6 59 46 91 19 131 70 84 115 51 120 17 76
4 67 -9 147 38 64 69 -5 42
8 79 7 129 -7 172 7 202 79 153 112 119 127 83 111 30 85
4 39 21 80 43 37 69 4 51
7 19 42 30 31 58 25 59 46 52 77 35 68 19 55
7 9 24 25 17 44 12 41 35 44 58 18 60 -2 44
3 17 7 58 25 16 41
6 6 10 21 6 30 21 22 33 8 33 -3 22
6 41 -10 100 -15 134 40 84 67 28 74 -4 33
4 -6 23 26 0 62 28 31 51
3 58 10 119 39 65 89
4 74 105 142 147 78 200 -9 151
7 51 32 59 27 78 31 84 46 78 55 61 60 44 50
8 104 89 145 7 211 65 226 135 162 160 145 209 96 171 25 137
8 7 15 15 -2 34 2 48 3 59 19 57 40 30 43 15 41
7 31 26 47 16 60 21 69 36 60 47 46 53 31 48
5 148 129 203 124 232 165 190 190 154 187
7 99 156 133 120 178 134 187 179 186 222 142 208 79 208
6 9 12 28 13 58 24 26 44 11 49 -18 31
4 66 69 150 30 208 74 154 127
8 5 87 26 61 55 62 76 61 97 90 70 106 51 122 29 118
5 19 20 39 15 57 30 45 48 20 38
5 1 10 22 5 35 19 20 32 5 29
7 207 194 218 147 278 158 292 202 292 250 228 245 210 229
