40
1000 1000
3 358 102 481 211 328 363
8 28 54 30 19 68 7 106 32 97 54 106 94 62 113 43 82
5 -1 10 27 -5 55 22 35 45 0 38
4 34 95 70 70 89 98 69 125
8 47 65 48 57 62 42 72 55 80 64 78 80 62 84 41 83
5 3 85 51 79 69 114 62 163 17 138
8 -2 44 -18 10 36 -11 43 22 67 45 65 79 21 111 -25 91
6 65 92 77 71 116 63 126 100 125 134 79 147
4 95 10 172 61 91 114 49 79
3 81 68 169 111 67 159
3 77 64 131 100 74 125
7 -1 4 14 -5 30 0 37 18 28 30 10 27 -5 25
6 -2 48 20 41 41 30 43 51 34 69 21 64
7 -15 23 4 7 37 20 64 48 47 71 9 76 -9 64
4 -1 71 112 18 189 83 112 122
7 19 15 38 12 56 10 78 35 62 53 31 58 22 37
5 9 14 26 -3 34 19 27 45 -3 33
7 -16 31 34 19 65 24 98 77 82 101 36 111 -9 84
7 47 34 76 5 107 26 150 56 115 93 79 103 45 87
5 11 40 83 46 118 78 91 139 11 120
6 77 80 98 81 121 104 100 121 80 120 54 106
4 46 83 148 31 251 115 149 202
4 49 -1 79 19 50 49 20 24
4 74 -12 124 46 84 122 26 57
3 10 7 65 27 -20 87
5 14 35 42 29 55 48 47 74 5 65
6 -8 50 15 23 52 28 84 46 52 82 25 79
6 3 32 13 18 34 19 43 37 36 53 12 52
8 -8 17 11 4 30 -18 40 5 56 21 49 42 30 42 13 31
5 6 0 38 -4 55 14 33 29 10 37
3 63 -9 135 59 58 102
4 87 69 121 55 159 81 128 104
3 140 68 265 163 131 238
3 42 36 83 56 31 76
6 69 54 101 36 133 24 160 51 136 92 97 96
7 9 95 46 87 81 90 96 121 82 154 46 172 11 155
5 15 29 78 1 140 57 95 122 27 101
6 60 70 73 52 95 58 108 71 94 91 67 101
4 121 95 160 9 245 99 175 179
8 42 47 56 44 62 49 72 57 63 66 55 71 42 68 40 59
