50
1000 1000
8 54 47 75 36 104 41 119 77 107 97 85 109 50 101 10 81
4 120 171 184 222 129 275 38 228
8 42 38 52 13 75 13 93 19 108 48 92 62 79 78 46 69
4 69 30 112 82 58 134 -6 99
7 -1 29 30 37 58 32 58 54 49 75 33 77 -9 77
6 69 63 71 45 101 36 123 66 97 82 68 90
7 -41 48 9 27 49 46 98 79 85 135 8 136 -19 94
7 8 51 40 42 74 43 78 81 65 105 35 106 5 100
5 15 61 61 37 105 94 72 126 4 121
4 38 23 60 46 38 77 6 53
7 -2 16 13 -4 34 9 41 32 44 57 9 54 -14 47
3 57 8 149 46 63 107
5 12 23 70 18 112 37 63 77 20 70
7 26 45 40 29 57 36 56 52 51 67 37 67 25 61
6 9 81 31 67 46 63 68 81 55 104 32 98
8 20 43 21 31 41 20 55 25 66 51 60 75 41 60 26 55
4 -1 38 29 15 70 48 31 69
3 168 52 337 133 146 214
5 17 31 45 4 71 45 40 74 0 66
6 7 17 31 14 39 31 25 41 13 42 -6 36
3 50 32 97 66 39 101
4 -16 34 56 10 113 26 56 91
5 12 8 38 0 68 20 36 42 12 38
5 17 28 39 20 66 36 40 63 16 59
6 49 60 61 42 86 39 96 60 86 82 52 90
3 40 38 91 62 29 99
6 9 26 16 12 41 4 46 30 43 53 22 52
3 8 -16 61 29 15 41
3 15 15 71 47 11 100
5 13 13 30 -5 51 19 30 43 9 28
6 56 49 136 46 160 118 135 164 60 161 26 117
8 10 14 5 3 18 -1 30 3 38 16 29 25 18 34 13 22
7 51 43 65 27 82 29 97 58 80 72 68 71 49 60
3 57 -11 210 58 68 97
6 10 25 52 3 92 67 49 99 7 107 -40 67
7 63 34 113 35 160 16 163 65 154 96 110 127 61 85
5 -11 19 36 2 101 48 41 78 -15 72
6 1 9 15 2 27 0 42 12 31 26 14 24
6 1 -1 18 -10 29 15 16 24 0 29 -5 13
3 162 24 264 74 162 117
3 100 61 243 145 93 202
6 179 88 271 137 346 206 285 236 184 264 188 198
6 43 44 75 46 108 60 77 99 43 92 9 77
8 32 109 73 62 138 82 129 153 106 193 58 248 41 186 27 153
3 363 206 514 283 362 376
3 53 5 87 38 46 58
3 260 90 396 161 276 210
7 0 34 45 8 78 28 95 58 88 93 45 104 2 73
5 42 50 65 42 79 60 63 74 42 70
6 16 21 32 8 58 0 86 22 62 45 35 43
