50
1000 1000
7 49 199 108 175 165 167 186 236 181 280 117 285 64 272
5 -3 16 26 3 44 34 24 52 0 41
8 67 79 94 89 126 84 118 110 120 135 83 151 76 125 64 112
6 13 25 55 3 84 61 55 90 20 91 -18 69
8 12 114 21 82 49 91 87 84 101 124 82 165 52 161 12 159
4 226 114 296 203 217 254 152 198
7 11 42 57 -2 98 7 125 73 87 87 58 114 34 80
3 84 75 234 158 44 299
8 -13 9 -3 0 13 -12 33 -6 38 13 29 29 15 25 2 28
6 2 -6 19 -4 36 11 20 20 2 27 -10 11
7 34 23 40 7 68 15 79 36 65 54 46 65 28 50
8 8 31 21 11 45 -12 82 5 94 45 79 62 56 70 35 64
7 -7 9 9 3 20 7 31 13 26 37 12 34 -3 25
8 36 -4 69 -3 88 1 114 32 95 67 74 75 37 56 15 36
6 71 24 143 32 135 84 116 114 84 115 72 79
4 31 22 57 37 26 59 -6 40
4 91 47 104 72 89 93 66 72
3 63 119 185 220 79 247
8 43 39 54 23 82 33 75 57 77 75 61 80 33 82 42 56
5 1 16 22 7 35 24 23 43 6 34
7 21 21 50 -17 95 22 133 53 97 78 74 116 22 66
5 15 28 44 26 55 43 42 65 21 52
8 -6 19 10 6 21 7 41 12 50 29 35 39 26 46 10 37
7 4 89 39 73 80 87 110 106 88 141 45 140 25 128
3 78 105 122 145 70 175
3 64 26 119 45 66 67
6 49 6 94 11 114 42 103 87 56 76 37 48
4 21 89 61 70 101 95 62 118
6 1 11 16 3 36 -6 44 7 37 30 15 27
6 78 63 91 42 113 47 125 67 120 90 85 97
3 47 20 102 63 54 79
7 28 45 72 39 107 20 128 60 92 88 65 100 51 70
3 316 127 406 177 289 267
5 -14 -6 43 -7 84 33 40 63 -10 61
6 47 5 91 0 119 38 84 71 48 66 2 45
6 74 5 149 -2 186 63 145 109 99 96 41 59
3 118 139 162 168 114 214
7 -18 18 20 -20 45 12 63 39 63 66 13 77 -32 55
7 11 14 20 -10 50 13 48 31 48 49 31 47 -6 39
7 32 68 53 55 71 48 88 68 82 99 49 95 22 92
8 23 63 46 53 59 30 74 52 81 62 85 88 57 102 46 85
4 -7 101 70 25 160 85 62 208
8 29 95 10 41 80 17 128 56 155 117 124 172 51 205 13 171
4 10 33 44 5 71 37 35 66
4 28 3 66 48 35 72 -12 42
6 -5 -6 19 4 42 21 27 45 3 40 -7 21
4 72 19 106 94 49 169 0 97
7 42 78 78 26 106 51 112 86 131 143 67 148 47 107
3 43 88 115 135 56 145
6 9 80 68 24 141 14 147 91 130 190 65 137
