30
1000 1000
8 90 285 121 223 181 217 236 247 249 303 220 352 172 366 101 341
8 19 24 26 10 32 0 55 9 55 30 51 40 41 54 21 38
7 -5 31 44 -14 100 25 164 68 94 111 41 173 -24 117
5 38 -2 107 -18 160 64 113 113 42 103
3 9 -1 49 19 12 33
4 27 35 41 -4 65 38 47 76
8 47 2 86 -19 113 -2 143 32 126 79 85 74 48 69 28 34
7 84 73 106 64 135 64 175 100 144 124 100 136 88 117
6 34 -8 88 2 91 40 94 94 43 76 36 49
5 15 46 43 24 56 51 44 86 1 77
3 10 27 48 38 5 54
6 -6 32 23 8 45 14 70 30 45 57 25 55
6 59 10 114 15 157 84 113 116 69 95 49 76
4 16 26 34 4 56 29 34 51
7 109 160 155 138 190 152 224 186 188 217 148 226 121 199
8 13 88 25 77 40 75 62 67 55 89 58 113 39 101 23 110
7 -4 5 14 -5 30 9 37 17 40 37 12 43 -1 26
5 50 15 96 3 112 47 92 83 42 64
6 38 47 58 18 94 27 99 58 85 73 54 90
3 116 86 199 123 111 168
6 109 186 164 175 167 230 151 260 109 249 74 222
4 14 42 36 8 52 40 36 80
4 52 98 94 145 55 178 21 143
5 5 4 35 -12 58 20 34 30 8 30
4 46 3 66 52 44 66 22 45
5 65 68 142 17 164 106 135 162 52 155
6 0 111 46 74 94 76 121 111 91 163 39 163
5 4 39 29 24 50 47 29 76 0 62
8 11 37 17 28 28 22 42 26 45 37 40 52 27 52 19 49
7 15 37 49 22 68 33 100 62 81 89 37 98 11 70
