35
1000 1000
5 13 6 32 -7 46 14 29 30 12 30
3 33 -16 115 43 22 94
5 15 79 78 71 145 122 78 180 31 144
8 61 17 74 17 97 19 111 37 95 49 71 52 59 44 46 36
4 143 54 213 105 146 152 89 111
4 0 32 25 11 65 33 32 61
4 36 -5 73 34 31 65 0 35
6 39 72 79 12 126 27 160 87 157 154 77 126
3 33 7 77 30 30 58
3 30 -5 209 47 11 126
5 22 13 45 -3 61 24 51 50 17 37
8 22 41 44 8 59 28 63 55 58 76 39 82 12 85 13 58
8 0 8 41 7 78 18 98 42 76 79 37 98 10 72 7 47
3 62 5 116 32 57 61
7 -12 8 3 -10 23 6 32 21 22 34 10 38 -13 39
6 32 47 29 22 60 30 82 51 56 67 25 75
8 26 49 34 23 62 10 92 36 98 49 103 85 67 104 43 84
5 35 1 123 -1 200 60 127 114 63 101
8 31 47 47 31 74 7 94 26 108 49 104 84 82 90 50 72
5 17 5 40 -10 57 17 44 45 7 35
4 44 85 94 40 122 85 96 141
6 32 12 56 -4 71 33 55 48 34 51 15 28
6 -10 37 8 14 34 12 56 41 31 62 6 65
4 125 91 140 118 129 153 88 124
8 3 30 44 12 71 33 113 53 66 99 32 112 -8 119 7 67
4 -3 78 29 46 86 69 19 143
3 354 112 561 239 398 304
5 123 181 199 182 251 222 205 283 155 240
3 31 57 74 89 36 107
6 7 18 14 6 35 -13 51 18 37 36 4 47
3 104 63 209 128 107 204
6 30 74 57 43 100 54 140 91 98 119 62 111
7 -10 31 33 -22 87 2 65 43 77 87 25 93 -21 72
6 8 2 21 2 33 14 24 27 11 25 0 14
6 16 -4 32 -4 38 10 31 23 16 26 3 10
