35
1000 1000
6 -5 22 18 8 40 1 51 29 41 57 15 56
5 46 57 68 59 79 68 68 91 55 81
7 92 154 120 126 155 146 169 161 157 203 135 212 90 188
8 -6 6 -2 -1 8 -9 17 0 22 9 18 16 5 18 -3 19
5 98 125 127 105 151 140 125 178 102 154
7 18 12 44 -10 108 -8 131 48 105 90 61 110 6 62
8 2 44 9 27 37 18 49 32 57 53 55 66 36 69 16 62
5 40 95 102 50 168 111 98 168 53 152
6 12 73 50 31 98 36 124 85 107 125 45 126
7 12 48 34 37 68 36 90 66 61 91 31 108 9 82
4 -42 66 64 8 191 58 74 157
4 56 28 77 55 46 87 21 62
5 18 2 42 3 63 23 40 37 16 28
6 -27 34 4 -10 52 0 89 33 52 72 1 84
5 -2 20 25 10 48 26 25 44 4 42
3 48 2 115 29 67 55
4 -21 64 37 14 62 65 28 124
4 55 -14 129 60 64 93 20 58
6 54 38 71 41 88 58 75 85 54 86 27 62
3 14 -9 73 13 18 42
4 25 16 55 40 17 64 -6 43
7 -8 6 13 -6 33 3 46 24 32 42 5 46 -7 36
8 24 40 37 21 48 10 76 18 100 44 81 75 52 73 24 70
6 8 41 28 31 47 30 72 49 52 66 28 64
6 184 48 255 77 339 157 258 218 193 237 159 149
5 -2 -1 18 -3 27 6 16 21 -7 18
7 -11 30 47 -12 95 1 142 85 102 139 45 134 2 100
6 28 43 59 10 103 8 131 47 102 92 52 90
5 22 22 66 7 104 53 74 80 23 73
3 82 105 179 133 65 232
7 4 4 25 -6 45 1 55 11 41 31 27 33 9 29
7 10 27 32 13 53 14 61 38 53 56 32 69 19 54
4 3 10 26 -6 62 6 22 44
7 40 47 52 30 78 25 98 57 78 79 56 82 35 70
8 52 150 50 111 98 103 126 135 154 158 141 186 101 194 75 175
