0.799337 0.848958 0.907480 0.977195 1.000000 0.934294 0.878677 0.831199 0.790395 0.755144 0.724575 0.698000 0.674874 0.654757 0.637297 0.622203 0.609242 0.598221 0.588985 0.581410 0.575396 0.570866 0.567764 0.566052 0.565709 0.566730 0.569129 0.572935 0.578194 0.584973 0.593359 0.603464 0.615427 0.629421 0.645658 0.664398 0.656410 0.640875 0.627535 0.616193 0.606690 0.598896 0.592710 0.588052 0.584865 0.583110 0.582765 0.583825 0.586305 0.590234 0.595661 0.602653 0.611302 0.621723 0.634058 0.648488 0.665228 0.684550 0.706780 0.732327 0.761693 0.795509 0.834572 0.879898 0.882894 0.842566 0.807622 0.777259 0.750839 0.727853 0.707886 0.690606 0.675737 0.663060 0.652392 0.643588 0.636531 0.631131 0.627321 0.625053 0.624300 0.625053 0.627321 0.631131 0.636531 0.643588 0.652392 0.663060 0.675737 0.690606 0.707886 0.727853 0.750839 0.777259 0.751941 0.716127 0.685146 0.658254 0.634865 0.614510 0.596814 0.581470 0.568229 0.556890 0.547287 0.539287 0.532783 0.527689 0.523943 0.521496 0.520321 0.520401 0.521738 0.524349 0.528265 0.533535 0.540226 0.548424 0.558241 0.569814 0.583311 0.598941 0.616960 0.637680 0.661489 0.688868 0.720423 0.756918 864.000000 1.356474 0.738662
0.938382 0.976326 0.913510 0.860235 0.814686 0.775492 0.741601 0.712192 0.686618 0.664361 0.645008 0.628220 0.613725 0.601300 0.590764 0.581967 0.574794 0.569149 0.564962 0.562181 0.560771 0.560716 0.562014 0.564683 0.568753 0.574276 0.581321 0.589981 0.600370 0.612634 0.626952 0.643543 0.662675 0.651587 0.629891 0.611018 0.594634 0.580467 0.568297 0.557944 0.549260 0.542129 0.536456 0.532169 0.529216 0.527558 0.527178 0.528069 0.530242 0.533725 0.538559 0.544807 0.552548 0.561885 0.572948 0.585894 0.600920 0.618266 0.638226 0.661164 0.687530 0.717888 0.752949 0.793619 0.841077 0.896869 0.963073 1.000000 0.929825 0.870813 0.820704 0.777820 0.740891 0.708940 0.681205 0.657081 0.636087 0.617836 0.602012 0.588361 0.576674 0.566781 0.558544 0.551854 0.546624 0.542787 0.540296 0.539120 0.539246 0.540675 0.543425 0.547528 0.553036 0.560018 0.568567 0.578797 0.590851 0.604905 0.615555 0.599778 0.586165 0.574511 0.564644 0.556429 0.549755 0.544535 0.540703 0.538213 0.537034 0.537150 0.538565 0.541294 0.545372 0.550849 0.557795 0.566299 0.576477 0.588471 0.602458 0.618652 0.637318 0.658782 0.683446 0.711811 0.744503 0.782317 0.826276 0.877710 2726.000000 1.561343 0.710637
0.576971 0.560458 0.546143 0.533796 0.523226 0.514283 0.506840 0.500799 0.496081 0.492627 0.490394 0.489355 0.489497 0.486115 0.482128 0.479352 0.477752 0.477309 0.478017 0.479885 0.482935 0.487206 0.492751 0.499641 0.507967 0.517844 0.529414 0.542850 0.558366 0.576225 0.596748 0.620337 0.647492 0.678843 0.715195 0.757589 0.757740 0.750338 0.744857 0.741228 0.739406 0.739371 0.741120 0.744677 0.750083 0.757406 0.766739 0.767540 0.750475 0.735887 0.723564 0.713338 0.705072 0.698659 0.694018 0.691093 0.689847 0.690265 0.692353 0.696136 0.701660 0.708994 0.718231 0.729493 0.742932 0.758738 0.767040 0.722680 0.684730 0.652060 0.623799 0.599270 0.577937 0.559371 0.543229 0.529232 0.517153 0.506806 0.498042 0.490738 0.484796 0.480139 0.476708 0.473753 0.471273 0.469945 0.469753 0.470695 0.472782 0.476039 0.480507 0.486242 0.493319 0.501831 0.511898 0.523663 0.537308 0.553050 0.571160 0.591970 0.605085 0.613796 0.624288 0.636706 0.651228 0.668075 0.687517 0.709886 0.735592 0.765141 0.799170 0.838481 0.884099 0.937354 1.000000 0.966700 0.907266 0.856662 0.813260 0.775823 0.743393 0.715219 0.690706 0.669377 0.650847 0.634803 0.617792 0.595965 678.000000 1.457810 0.777463
0.795465 0.826699 0.862650 0.856845 0.842874 0.831323 0.822037 0.814898 0.809817 0.806729 0.805598 0.806411 0.809177 0.813929 0.820726 0.829653 0.840824 0.854387 0.870526 0.889471 0.911503 0.936969 0.966294 1.000000 0.996248 0.918131 0.853280 0.798784 0.752534 0.712971 0.678914 0.649455 0.623887 0.601651 0.582299 0.565474 0.550883 0.538291 0.527503 0.518364 0.510746 0.508697 0.508422 0.509373 0.511563 0.515018 0.519781 0.525911 0.533489 0.542614 0.553413 0.566042 0.580693 0.597600 0.617052 0.639405 0.665101 0.694693 0.728878 0.768549 0.814863 0.869346 0.934047 0.968517 0.940312 0.915846 0.894723 0.876616 0.861261 0.848443 0.837991 0.829768 0.823669 0.819620 0.817570 0.817495 0.819394 0.823289 0.829229 0.837287 0.847566 0.860197 0.875352 0.888294 0.852817 0.821969 0.795123 0.771776 0.751519 0.734022 0.719014 0.706274 0.695625 0.686922 0.680053 0.674929 0.671488 0.669687 0.669504 0.670937 0.674003 0.678740 0.685207 0.693485 0.703681 0.715932 0.704681 0.689609 0.676765 0.665965 0.657063 0.649940 0.644507 0.640694 0.638455 0.637762 0.638608 0.641003 0.644975 0.650574 0.657870 0.666956 0.677952 0.691010 0.706316 0.724099 0.744641 0.768288 9645.500000 1.268294 0.787079
0.842714 0.783830 0.734291 0.692210 0.656187 0.625158 0.598308 0.574998 0.554722 0.537077 0.521738 0.508442 0.496974 0.493187 0.492074 0.492150 0.493415 0.495884 0.499588 0.504571 0.510899 0.518652 0.527936 0.538881 0.551646 0.566427 0.583467 0.603063 0.625579 0.651472 0.681314 0.715828 0.755944 0.802872 0.858216 0.878831 0.855762 0.835836 0.818744 0.804235 0.792107 0.782196 0.774372 0.768537 0.764616 0.762564 0.762354 0.763984 0.767474 0.772866 0.780228 0.789652 0.801260 0.815208 0.831689 0.850943 0.873263 0.899009 0.928625 0.958777 0.914943 0.876963 0.843963 0.815248 0.790265 0.768564 0.749781 0.733619 0.719837 0.708237 0.698663 0.690986 0.685108 0.680956 0.678479 0.677647 0.678449 0.680895 0.665708 0.646517 0.629877 0.615517 0.603219 0.592802 0.584122 0.577063 0.571533 0.567462 0.564800 0.563514 0.563588 0.565023 0.567838 0.572066 0.577759 0.584990 0.594566 0.606111 0.619635 0.635342 0.653482 0.674360 0.698354 0.725932 0.757677 0.794328 0.836823 0.882697 0.869756 0.859229 0.850979 0.844903 0.840924 0.838994 0.839090 0.841212 0.845387 0.851666 0.860126 0.870875 0.884053 0.899837 0.918448 0.940157 0.965300 0.994285 1.000000 0.913542 893.500000 1.247681 0.767069
0.879327 0.824681 0.778194 0.738353 0.704005 0.674264 0.648432 0.625959 0.606403 0.589410 0.574689 0.562007 0.551171 0.542027 0.534447 0.528332 0.523603 0.520199 0.518079 0.517218 0.517604 0.519243 0.522154 0.526373 0.531953 0.538964 0.547500 0.551864 0.544232 0.538086 0.533348 0.529959 0.527876 0.527074 0.527544 0.529290 0.532335 0.536716 0.542487 0.549722 0.558516 0.568990 0.581291 0.595602 0.612147 0.631203 0.653106 0.678277 0.707238 0.740647 0.736551 0.717169 0.700425 0.686061 0.673865 0.663665 0.655325 0.648735 0.643813 0.640495 0.638743 0.638534 0.639867 0.642756 0.647238 0.653369 0.661224 0.670907 0.682546 0.696304 0.712379 0.731016 0.752516 0.777249 0.805669 0.838343 0.807382 0.757775 0.715534 0.679305 0.648053 0.620980 0.597461 0.576997 0.559191 0.543722 0.530329 0.518800 0.508961 0.500672 0.493820 0.488313 0.484081 0.481070 0.479244 0.478581 0.479072 0.480723 0.483555 0.487601 0.492914 0.499560 0.505446 0.502773 0.501330 0.501099 0.502078 0.504277 0.507724 0.512462 0.518550 0.526067 0.535113 0.545814 0.558323 0.572833 0.589574 0.608835 0.630967 0.656411 0.685714 0.719570 0.758867 0.804754 0.858749 0.922895 1.000000 0.944165 786.000000 1.394479 0.737202
0.792021 0.816190 0.839340 0.827477 0.817888 0.810449 0.805066 0.801673 0.800227 0.800713 0.803135 0.807523 0.813931 0.822438 0.833154 0.842430 0.803673 0.770100 0.740932 0.715554 0.693473 0.674289 0.657680 0.643382 0.631180 0.620901 0.612403 0.605574 0.600325 0.596592 0.594328 0.593505 0.594114 0.596162 0.599673 0.604692 0.611280 0.611127 0.599976 0.590622 0.582939 0.576824 0.572201 0.569011 0.567215 0.566792 0.567736 0.570059 0.573789 0.578972 0.585673 0.593979 0.604000 0.614790 0.624434 0.635942 0.649476 0.665237 0.683468 0.704473 0.728620 0.756368 0.788287 0.825095 0.867701 0.917276 0.975352 1.000000 0.957491 0.920576 0.888463 0.860518 0.836230 0.815185 0.797047 0.781540 0.768441 0.757569 0.748779 0.741958 0.737019 0.733902 0.705630 0.673869 0.646335 0.622403 0.601578 0.583461 0.567731 0.554127 0.542436 0.532484 0.524343 0.523122 0.523164 0.524470 0.527055 0.530951 0.536207 0.542888 0.551083 0.560900 0.572479 0.585986 0.601631 0.619667 0.640410 0.664244 0.691652 0.723236 0.732048 0.719672 0.709389 0.701060 0.694578 0.689862 0.686853 0.685515 0.685831 0.687804 0.691460 0.696843 0.704019 0.713080 0.724145 0.737364 0.752921 0.771046 1254.000000 1.351709 0.823944
0.793246 0.772077 0.753777 0.738062 0.724698 0.713499 0.704311 0.697014 0.691516 0.687748 0.685664 0.685238 0.686465 0.689360 0.693959 0.700318 0.708517 0.702178 0.696237 0.692050 0.689563 0.688748 0.689594 0.692112 0.696332 0.702306 0.710108 0.719840 0.731629 0.745637 0.762064 0.781155 0.803212 0.828604 0.845044 0.836717 0.830534 0.826417 0.824318 0.824209 0.826090 0.829984 0.835939 0.844027 0.854352 0.867047 0.882282 0.900271 0.921273 0.945612 0.973681 0.924320 0.880598 0.842764 0.809918 0.781348 0.756485 0.734871 0.716135 0.699976 0.686146 0.674445 0.664711 0.656814 0.650652 0.646146 0.643241 0.642563 0.643508 0.646014 0.650112 0.655852 0.663307 0.672572 0.683770 0.697055 0.712617 0.730690 0.751562 0.775585 0.803193 0.834924 0.871452 0.913624 0.962521 1.000000 0.929520 0.870280 0.819995 0.776973 0.739934 0.707894 0.680084 0.655896 0.640399 0.645008 0.651264 0.659246 0.669059 0.680833 0.694732 0.710959 0.729762 0.751447 0.776387 0.805046 0.837998 0.868362 0.853808 0.841728 0.831961 0.824382 0.818894 0.815431 0.813949 0.814431 0.816883 0.821334 0.827840 0.836480 0.847366 0.860639 0.876480 0.895112 0.914950 0.877889 0.845671 0.817634 579.000000 1.141360 0.798092
0.985160 0.905470 0.839579 0.784389 0.737674 0.697798 0.663528 0.633922 0.608248 0.585930 0.566508 0.549613 0.534949 0.522272 0.511386 0.502129 0.494371 0.488007 0.482953 0.479146 0.476537 0.475094 0.474801 0.475654 0.477662 0.480850 0.485259 0.490942 0.497974 0.506448 0.516482 0.528219 0.541838 0.557557 0.575643 0.596426 0.620317 0.647828 0.679605 0.716476 0.759511 0.810124 0.870209 0.942373 1.000000 0.920968 0.855424 0.800389 0.753713 0.713806 0.679467 0.649774 0.624008 0.601601 0.582102 0.565145 0.550438 0.537738 0.526852 0.517621 0.509914 0.503630 0.498684 0.495016 0.492580 0.491346 0.491298 0.492436 0.494775 0.498342 0.503181 0.509355 0.516943 0.526047 0.536794 0.549340 0.563878 0.580643 0.599924 0.622081 0.647556 0.676908 0.710840 0.750257 0.796333 0.850622 0.915221 0.912952 0.851393 0.799416 0.755134 0.717138 0.684352 0.655944 0.631260 0.609783 0.591096 0.574864 0.560815 0.548726 0.538418 0.529742 0.522580 0.516838 0.512442 0.509336 0.507484 0.506861 0.507461 0.509290 0.512372 0.516744 0.522460 0.529595 0.538241 0.548518 0.560572 0.574583 0.590771 0.609410 0.630832 0.655451 0.683784 0.716481 0.754371 0.798523 0.850341 0.911700 1897.500000 1.078692 0.603300
0.956737 0.919186 0.886525 0.858102 0.833391 0.811964 0.793475 0.777641 0.764232 0.753061 0.743978 0.736866 0.731634 0.728218 0.726576 0.726688 0.728555 0.732201 0.737669 0.745028 0.751423 0.728418 0.708436 0.691142 0.676262 0.663575 0.652899 0.644088 0.637025 0.631621 0.627808 0.625539 0.624785 0.625539 0.627808 0.631621 0.637025 0.644088 0.652899 0.663575 0.676262 0.691142 0.708436 0.728418 0.726057 0.718790 0.713368 0.709724 0.707814 0.707614 0.709122 0.712357 0.717357 0.724185 0.732926 0.743695 0.756635 0.771926 0.789789 0.810498 0.834386 0.861865 0.893440 0.913863 0.879994 0.850521 0.824882 0.802620 0.783365 0.766817 0.752729 0.740902 0.731176 0.723422 0.717540 0.713459 0.711128 0.710517 0.711621 0.714452 0.719044 0.725455 0.733765 0.744081 0.756540 0.771313 0.788612 0.808697 0.831889 0.858580 0.829586 0.790796 0.757214 0.728050 0.702680 0.680603 0.661415 0.644791 0.630463 0.618215 0.607871 0.599287 0.592349 0.586968 0.583076 0.580625 0.579584 0.579942 0.581703 0.584887 0.589535 0.595387 0.602460 0.611194 0.621704 0.634136 0.648671 0.665528 0.684979 0.707356 0.733071 0.762632 0.796678 0.836014 0.881670 0.934983 0.997717 1.000000 1498.500000 1.215252 0.815188
0.838442 0.826404 0.816646 0.809042 0.803496 0.799939 0.798329 0.798646 0.800892 0.805097 0.811311 0.819611 0.830103 0.842925 0.858248 0.837896 0.812219 0.789915 0.770609 0.753999 0.739834 0.727912 0.718071 0.710181 0.704140 0.699873 0.697327 0.696472 0.697296 0.699810 0.704045 0.710052 0.717907 0.727710 0.739591 0.753713 0.770276 0.789528 0.785593 0.766416 0.749915 0.735846 0.724007 0.714236 0.706405 0.700412 0.696184 0.693667 0.692831 0.693667 0.696184 0.700412 0.706405 0.714236 0.724007 0.735846 0.749915 0.748709 0.749187 0.751477 0.755607 0.761627 0.769613 0.779667 0.791920 0.806538 0.823727 0.843743 0.866895 0.893568 0.924231 0.959466 1.000000 0.994643 0.945027 0.902195 0.865072 0.832810 0.804736 0.780312 0.759102 0.740752 0.724973 0.711531 0.700235 0.690930 0.683494 0.677832 0.673873 0.671569 0.670891 0.671831 0.674401 0.678632 0.684576 0.692307 0.701925 0.698687 0.692777 0.688610 0.686136 0.685325 0.686167 0.688672 0.692871 0.698815 0.706579 0.716262 0.727993 0.741931 0.758276 0.758731 0.754626 0.752368 0.751930 0.753305 0.756512 0.761588 0.768598 0.777628 0.788796 0.802250 0.818177 0.836805 0.858417 0.883360 0.870043 0.852922 3145.000000 1.192634 0.881519
0.806528 0.837023 0.872098 0.869318 0.838591 0.811850 0.788604 0.768451 0.751067 0.736186 0.723593 0.713113 0.704605 0.697959 0.693091 0.689942 0.688472 0.688664 0.690520 0.694063 0.699336 0.706404 0.715357 0.726313 0.739418 0.754857 0.772856 0.793693 0.817709 0.845325 0.855636 0.840594 0.828033 0.817782 0.809709 0.803712 0.799715 0.797669 0.797550 0.799357 0.803112 0.808859 0.816671 0.826646 0.838914 0.853639 0.871026 0.891328 0.878704 0.842834 0.811657 0.784526 0.760925 0.740433 0.722712 0.707484 0.694522 0.683645 0.674703 0.667580 0.662184 0.658449 0.656327 0.655794 0.656843 0.659486 0.663756 0.669706 0.677411 0.686968 0.698507 0.712184 0.728197 0.746787 0.763360 0.750583 0.739980 0.731410 0.724763 0.719953 0.716923 0.715635 0.716074 0.718245 0.722174 0.727909 0.735523 0.745111 0.756800 0.770748 0.787151 0.806253 0.828349 0.853806 0.883073 0.916703 0.955389 1.000000 0.992639 0.941207 0.896896 0.858545 0.825246 0.796280 0.771073 0.749163 0.730173 0.713800 0.699794 0.687952 0.678111 0.670139 0.663933 0.659415 0.656529 0.655240 0.655533 0.657409 0.660894 0.666028 0.672877 0.681527 0.692091 0.704712 0.719568 0.736878 0.756908 0.779990 2177.500000 1.199302 0.833162
0.713939 0.668929 0.630688 0.597945 0.569739 0.545328 0.524134 0.505699 0.489656 0.475710 0.463623 0.453199 0.444281 0.436739 0.430468 0.425385 0.421424 0.418535 0.416683 0.415844 0.416009 0.417179 0.419369 0.422606 0.426929 0.432394 0.439073 0.447055 0.456453 0.467404 0.480079 0.494685 0.511479 0.530776 0.552972 0.578559 0.608165 0.642597 0.682905 0.730485 0.787231 0.855772 0.939865 1.000000 0.913588 0.842791 0.783930 0.734408 0.692340 0.656325 0.625304 0.598460 0.575154 0.554883 0.537241 0.521906 0.508613 0.497148 0.487336 0.479037 0.472133 0.466534 0.462166 0.458975 0.456921 0.455979 0.456137 0.457397 0.459775 0.463301 0.468016 0.473983 0.481277 0.489999 0.500270 0.512242 0.526099 0.542069 0.560430 0.581530 0.605797 0.633771 0.666136 0.703771 0.747823 0.799813 0.816875 0.770033 0.729935 0.695399 0.665514 0.639569 0.617002 0.597363 0.580291 0.565491 0.552727 0.541802 0.532559 0.524869 0.518630 0.513761 0.510199 0.507902 0.506841 0.507004 0.508392 0.511021 0.514925 0.520152 0.526768 0.534860 0.544537 0.555934 0.569219 0.584597 0.602321 0.622700 0.646117 0.673049 0.704094 0.740011 0.781773 0.830652 0.888333 0.910212 0.831739 0.767424 2392.500000 1.258570 0.592770
0.784253 0.811785 0.798957 0.773883 0.752092 0.733213 0.716944 0.703037 0.691293 0.681551 0.673679 0.667577 0.663168 0.660398 0.659232 0.659656 0.661676 0.665316 0.670621 0.677657 0.686513 0.697307 0.710183 0.725324 0.742953 0.763345 0.786838 0.813846 0.844881 0.829744 0.787634 0.751314 0.719854 0.692524 0.668746 0.648056 0.630079 0.614514 0.601112 0.589673 0.580032 0.572058 0.565644 0.560708 0.557188 0.555040 0.554240 0.554776 0.556656 0.559901 0.564553 0.570669 0.578328 0.587630 0.598702 0.611701 0.626821 0.644298 0.664425 0.687560 0.714146 0.744737 0.780030 0.820910 0.868520 0.924356 0.990415 1.000000 0.935572 0.880937 0.834230 0.794044 0.759296 0.729144 0.702925 0.680107 0.660265 0.643053 0.628190 0.615449 0.604641 0.595617 0.588254 0.582457 0.578153 0.575287 0.573826 0.573750 0.575060 0.577770 0.581915 0.587546 0.594733 0.603570 0.614176 0.626698 0.641319 0.658261 0.677801 0.700274 0.726098 0.755790 0.789998 0.813046 0.785350 0.761252 0.740319 0.722200 0.706608 0.693310 0.682117 0.672874 0.665460 0.659780 0.655763 0.653359 0.652538 0.653291 0.655628 0.659576 0.665184 0.672522 0.681684 0.692792 0.705996 0.721486 0.739492 0.760298 13404.500000 1.176206 0.755252
0.524770 0.535701 0.548446 0.563202 0.580211 0.599770 0.622244 0.648090 0.677880 0.712339 0.752399 0.799274 0.854573 0.920474 1.000000 0.972523 0.923632 0.881444 0.844887 0.813123 0.785485 0.761438 0.740550 0.722472 0.706918 0.693655 0.682495 0.673284 0.665902 0.660253 0.656267 0.653894 0.653107 0.653894 0.656267 0.660253 0.665902 0.673284 0.682495 0.693655 0.706918 0.722472 0.740550 0.761438 0.785485 0.739020 0.698191 0.663151 0.632912 0.606708 0.583939 0.564127 0.546889 0.531917 0.518960 0.507813 0.498310 0.490316 0.483721 0.478439 0.474401 0.471558 0.469873 0.470510 0.475966 0.482726 0.490881 0.500543 0.511850 0.524974 0.540125 0.557559 0.577594 0.600623 0.627138 0.657761 0.693283 0.734733 0.783461 0.841282 0.910688 0.936664 0.909523 0.885985 0.865667 0.848258 0.833504 0.821199 0.811178 0.803310 0.797497 0.793665 0.791768 0.791783 0.793710 0.797572 0.803418 0.811318 0.792797 0.745263 0.704708 0.669870 0.639782 0.613696 0.591023 0.571292 0.554127 0.539226 0.526339 0.515266 0.505843 0.497937 0.491440 0.486266 0.482350 0.479643 0.478112 0.477072 0.475860 0.475797 0.476883 0.479131 0.482569 0.487238 0.493198 0.500527 0.507740 0.515493 1435.500000 1.358084 0.716771
0.825520 0.819411 0.815343 0.813264 0.813149 0.814998 0.818832 0.824699 0.832671 0.842848 0.855364 0.870386 0.888122 0.908831 0.932830 0.960508 0.992342 1.000000 0.954649 0.915343 0.881185 0.851462 0.825602 0.803145 0.783715 0.767007 0.752773 0.740809 0.730953 0.723074 0.717073 0.712874 0.710426 0.709698 0.710681 0.713389 0.717853 0.724129 0.732296 0.742457 0.754749 0.756619 0.758409 0.762049 0.767581 0.775075 0.784626 0.796358 0.810427 0.827032 0.846412 0.868866 0.847681 0.828857 0.812766 0.799176 0.787900 0.778789 0.771723 0.766615 0.763401 0.762041 0.762521 0.764845 0.769041 0.775161 0.783282 0.793507 0.805969 0.820838 0.838323 0.858684 0.882236 0.909369 0.940562 0.944527 0.922129 0.902893 0.886536 0.872826 0.861578 0.852643 0.845910 0.841292 0.838734 0.838205 0.839699 0.843232 0.848849 0.856619 0.866640 0.842005 0.818300 0.797763 0.780065 0.764938 0.752163 0.741566 0.733004 0.726368 0.721574 0.718562 0.717296 0.717761 0.719962 0.723925 0.729701 0.737359 0.746999 0.758747 0.772761 0.789240 0.808427 0.821478 0.808353 0.797532 0.788873 0.782264 0.777622 0.774891 0.774037 0.775050 0.777942 0.782749 0.789530 0.798369 0.809380 0.822709 1014.500000 1.098946 0.892338
0.605167 0.615518 0.627768 0.642094 0.658713 0.677891 0.699957 0.725314 0.754462 0.788030 0.826808 0.810164 0.781612 0.756765 0.735166 0.716443 0.700296 0.686478 0.674788 0.665066 0.657180 0.651029 0.646536 0.643644 0.642318 0.642542 0.644320 0.647672 0.652639 0.659284 0.667690 0.677968 0.690256 0.704727 0.721486 0.710153 0.700832 0.693401 0.687766 0.683857 0.681624 0.681041 0.682100 0.684816 0.689220 0.695367 0.703335 0.713225 0.725170 0.739332 0.755917 0.775172 0.797406 0.822994 0.852400 0.837618 0.824700 0.814105 0.805696 0.799364 0.795032 0.792646 0.792177 0.793619 0.796990 0.799042 0.758755 0.723996 0.693881 0.667715 0.644948 0.625139 0.607931 0.593036 0.580217 0.569284 0.560079 0.552477 0.546377 0.541701 0.538391 0.536405 0.535719 0.536326 0.538232 0.541461 0.547125 0.556072 0.566704 0.579173 0.593665 0.610410 0.629688 0.651844 0.674828 0.685132 0.697462 0.711990 0.728929 0.748542 0.771148 0.797143 0.827013 0.861364 0.900957 0.946757 1.000000 0.963751 0.904768 0.854528 0.811426 0.774239 0.742020 0.714028 0.689671 0.668479 0.650069 0.634134 0.620419 0.608721 0.598872 0.590737 0.584208 0.579202 0.580296 0.584215 0.589617 0.596571 2597.500000 1.182530 0.791163
0.650180 0.652357 0.656135 0.661560 0.668700 0.677647 0.688517 0.701458 0.716656 0.734334 0.748091 0.720654 0.696777 0.676008 0.657980 0.642397 0.629015 0.617636 0.608101 0.600280 0.594071 0.589394 0.586191 0.584423 0.584515 0.586260 0.589439 0.594092 0.600276 0.608071 0.617579 0.628927 0.642277 0.657825 0.675813 0.696538 0.720364 0.747743 0.779237 0.815552 0.857583 0.906486 0.963764 0.944614 0.911907 0.883447 0.858715 0.837292 0.818837 0.803071 0.789767 0.778742 0.769850 0.762976 0.758034 0.754962 0.753724 0.754303 0.756709 0.760968 0.767135 0.775285 0.785523 0.797983 0.812834 0.830287 0.850600 0.874090 0.901148 0.861931 0.789226 0.729453 0.679618 0.637595 0.601832 0.571171 0.544731 0.521832 0.501941 0.484635 0.469577 0.456492 0.445161 0.435402 0.427068 0.420040 0.414222 0.409536 0.405921 0.409247 0.423107 0.439034 0.457352 0.478468 0.502898 0.531305 0.564556 0.603799 0.650589 0.707086 0.776377 0.863029 0.940019 0.939207 0.940660 0.944397 0.950462 0.958930 0.969909 0.983538 1.000000 0.989490 0.936614 0.891140 0.851834 0.817736 0.788089 0.762288 0.739848 0.720378 0.703558 0.689128 0.676876 0.666629 0.658251 0.653082 0.650540 0.649576 3956.500000 1.263489 0.710567
0.844872 0.844767 0.813624 0.786524 0.762949 0.742483 0.724787 0.709584 0.696650 0.685801 0.676891 0.669802 0.664444 0.660751 0.658676 0.658195 0.659302 0.662011 0.666353 0.672383 0.680178 0.689836 0.701486 0.715290 0.727136 0.707435 0.690393 0.675742 0.663264 0.652783 0.644156 0.637269 0.632035 0.628387 0.626281 0.625691 0.626611 0.629051 0.633041 0.638631 0.645890 0.654912 0.665816 0.678752 0.693905 0.711504 0.731828 0.755220 0.782103 0.813001 0.848570 0.889634 0.937248 0.992773 1.000000 0.942048 0.892477 0.849807 0.812900 0.780868 0.753010 0.728767 0.707687 0.689407 0.673630 0.660113 0.648660 0.639111 0.631338 0.625240 0.620739 0.617781 0.616328 0.616364 0.617888 0.620920 0.625495 0.631672 0.639528 0.649165 0.660713 0.674334 0.688027 0.678303 0.670443 0.664345 0.659932 0.657150 0.655966 0.656364 0.658349 0.661946 0.667199 0.674172 0.682956 0.693665 0.706444 0.721474 0.738975 0.759222 0.782548 0.809363 0.840178 0.859903 0.831402 0.806611 0.785093 0.766491 0.750516 0.736933 0.725550 0.716212 0.708797 0.703211 0.699384 0.697269 0.696840 0.698093 0.701043 0.705724 0.712196 0.720540 0.730863 0.743302 0.758031 0.775260 0.795251 0.818324 2794.000000 1.163236 0.816383
0.504809 0.505417 0.507251 0.510332 0.514698 0.520405 0.527524 0.536150 0.546401 0.558423 0.572397 0.588541 0.607128 0.628491 0.653042 0.681298 0.713907 0.751697 0.778536 0.755345 0.735215 0.717815 0.702874 0.690170 0.679526 0.670796 0.663867 0.658651 0.655081 0.653115 0.652728 0.653916 0.656694 0.661094 0.667172 0.675005 0.684692 0.696363 0.710180 0.726341 0.745092 0.749399 0.735402 0.723629 0.713921 0.706147 0.700210 0.696035 0.693570 0.692786 0.693673 0.696241 0.700523 0.706570 0.714459 0.724290 0.736194 0.750334 0.766911 0.780828 0.748248 0.719942 0.695314 0.673884 0.655268 0.639151 0.625278 0.613440 0.603470 0.595229 0.588609 0.583526 0.579914 0.577730 0.576947 0.577556 0.579564 0.582995 0.587892 0.590308 0.581077 0.573492 0.567451 0.562878 0.559716 0.557926 0.557486 0.558390 0.560651 0.564295 0.569367 0.575931 0.584072 0.593898 0.605543 0.619176 0.635002 0.653274 0.671451 0.687337 0.705734 0.726943 0.751332 0.779357 0.811584 0.848725 0.891679 0.941603 1.000000 0.987539 0.908138 0.842433 0.787363 0.740726 0.700899 0.666661 0.637075 0.611414 0.589104 0.569689 0.552802 0.538147 0.527524 0.520405 0.514698 0.510332 0.507251 0.505417 677.500000 1.327868 0.771433
0.888858 0.882762 0.827703 0.780879 0.740759 0.706178 0.676238 0.650236 0.627616 0.607932 0.590826 0.576005 0.563233 0.552317 0.543100 0.535454 0.529278 0.524492 0.521035 0.518866 0.517957 0.518298 0.519892 0.522760 0.526936 0.532472 0.539439 0.547929 0.558056 0.569963 0.583827 0.599863 0.618336 0.639573 0.663978 0.692051 0.724427 0.761905 0.805519 0.856619 0.917000 0.944201 0.868389 0.805643 0.753045 0.708497 0.670450 0.637739 0.609471 0.584953 0.563636 0.545085 0.528950 0.514948 0.502848 0.492463 0.483640 0.476254 0.470206 0.465417 0.461827 0.459389 0.458074 0.457868 0.458765 0.460779 0.463933 0.468267 0.473834 0.480707 0.488978 0.498761 0.510198 0.523463 0.538768 0.556376 0.576609 0.599870 0.626659 0.657611 0.693537 0.735489 0.784856 0.843506 0.914008 1.000000 0.980425 0.902460 0.837851 0.783637 0.737682 0.698407 0.664623 0.635417 0.610078 0.588044 0.568869 0.552194 0.537726 0.525231 0.514514 0.505419 0.497819 0.491611 0.486713 0.483065 0.480620 0.479349 0.479236 0.480279 0.482492 0.485902 0.490550 0.496496 0.503816 0.512609 0.522997 0.535130 0.549194 0.565415 0.584075 0.605516 0.630168 0.658566 0.691388 0.729503 0.774040 0.826488 1486.000000 1.153140 0.600041
0.531160 0.563550 0.601690 0.647040 0.701611 0.768256 0.745817 0.712118 0.682907 0.657520 0.635428 0.616209 0.599521 0.585085 0.572674 0.562106 0.553229 0.545923 0.540091 0.535660 0.532573 0.530793 0.530298 0.531083 0.533156 0.536542 0.541285 0.547443 0.555095 0.564342 0.575313 0.588164 0.603088 0.620322 0.640158 0.662954 0.689155 0.719317 0.754140 0.710002 0.654903 0.609102 0.570573 0.537847 0.509834 0.485706 0.464827 0.446702 0.430936 0.417216 0.405289 0.394950 0.386032 0.378400 0.371942 0.366569 0.362209 0.358806 0.356317 0.354711 0.353968 0.354079 0.355046 0.356881 0.359605 0.363253 0.367871 0.373520 0.380275 0.388231 0.397506 0.408242 0.420616 0.434843 0.451192 0.469994 0.491668 0.516742 0.545898 0.580020 0.620287 0.668292 0.726247 0.797311 0.886158 1.000000 0.983664 0.871998 0.784797 0.715018 0.658089 0.610921 0.571346 0.537804 0.509140 0.484485 0.463171 0.444680 0.428602 0.414610 0.402441 0.391884 0.382764 0.374943 0.368304 0.362755 0.358220 0.354642 0.351973 0.350182 0.349247 0.349155 0.349906 0.351508 0.353982 0.357359 0.361680 0.367001 0.373395 0.380950 0.389774 0.400004 0.411804 0.425378 0.440975 0.458907 0.479564 0.503438 8482.000000 1.644571 0.554030
0.595699 0.596418 0.598582 0.602217 0.607370 0.614103 0.622504 0.632683 0.644780 0.658967 0.675456 0.694508 0.716441 0.741651 0.770623 0.803966 0.842446 0.887039 0.939006 1.000000 0.940985 0.886035 0.839057 0.798638 0.763689 0.733363 0.706992 0.684042 0.664085 0.646774 0.631825 0.619010 0.608140 0.599063 0.591658 0.585827 0.581498 0.578616 0.577146 0.577070 0.578387 0.581113 0.585282 0.590945 0.598174 0.607063 0.617730 0.630324 0.616667 0.604057 0.593353 0.584405 0.577092 0.571320 0.567014 0.564122 0.562608 0.562453 0.563655 0.566230 0.570209 0.575640 0.582593 0.591157 0.601447 0.613607 0.627812 0.644279 0.663274 0.685124 0.710232 0.739098 0.772350 0.810780 0.855403 0.907538 0.940079 0.894441 0.854993 0.820771 0.791016 0.765121 0.742600 0.723059 0.706178 0.691696 0.679399 0.669116 0.660708 0.654064 0.649101 0.645756 0.643989 0.643779 0.645122 0.648036 0.652555 0.658735 0.666655 0.676418 0.688152 0.702023 0.718230 0.707914 0.685986 0.666935 0.650437 0.636232 0.624105 0.613884 0.605426 0.598622 0.593382 0.589641 0.587353 0.586490 0.587042 0.589015 0.592434 0.597340 0.603795 0.611881 0.621704 0.614103 0.607370 0.602217 0.598582 0.596418 1227.000000 1.327688 0.779384
0.839993 0.829761 0.821731 0.815801 0.811899 0.809975 0.810007 0.811996 0.815965 0.821963 0.830064 0.840371 0.853018 0.868175 0.886054 0.906915 0.889641 0.857216 0.828998 0.804455 0.783155 0.764749 0.748952 0.735530 0.724294 0.715094 0.707808 0.702344 0.698634 0.696633 0.696315 0.697678 0.700738 0.705532 0.712119 0.720582 0.731032 0.743607 0.758481 0.775870 0.796037 0.819308 0.846079 0.876843 0.912209 0.952940 1.000000 0.993920 0.956495 0.923930 0.895596 0.870984 0.849681 0.831351 0.815718 0.802559 0.791696 0.782984 0.776311 0.771595 0.768776 0.767820 0.768717 0.771476 0.776132 0.782742 0.791388 0.802181 0.815264 0.830815 0.849056 0.842803 0.836239 0.831766 0.829327 0.828893 0.830460 0.834045 0.839694 0.847475 0.857486 0.869858 0.884754 0.902382 0.922994 0.897033 0.869442 0.845473 0.824724 0.806867 0.791633 0.778805 0.768208 0.759700 0.753174 0.748546 0.745761 0.744784 0.745604 0.748229 0.752370 0.743608 0.736802 0.731867 0.728742 0.727388 0.727789 0.729950 0.733897 0.739679 0.747368 0.757061 0.768885 0.783001 0.799607 0.818948 0.841325 0.867107 0.896748 0.930809 0.969989 0.989847 0.957954 0.930222 0.906173 0.885415 0.867631 0.852560 7377.500000 1.099275 0.858786
0.901252 0.861767 0.827506 0.797714 0.771787 0.749240 0.729682 0.712792 0.698310 0.686025 0.675765 0.667391 0.660794 0.655892 0.652622 0.650945 0.650840 0.652307 0.655363 0.660045 0.666411 0.674543 0.684545 0.696551 0.710728 0.727283 0.746469 0.768597 0.794048 0.823293 0.856918 0.895657 0.940436 0.992446 0.940943 0.895188 0.855642 0.821338 0.791511 0.765554 0.742979 0.723390 0.706465 0.691943 0.679611 0.669294 0.660854 0.654181 0.649190 0.645818 0.644025 0.643788 0.645104 0.647991 0.652482 0.658634 0.666524 0.676254 0.687955 0.701788 0.717953 0.736698 0.758323 0.783201 0.811788 0.844652 0.882506 0.858311 0.834433 0.813755 0.795948 0.780745 0.767926 0.757317 0.748776 0.742194 0.737488 0.734599 0.733494 0.734157 0.736598 0.740846 0.746953 0.754996 0.765077 0.777328 0.791918 0.809052 0.828984 0.852029 0.878568 0.909074 0.890424 0.850181 0.815297 0.784980 0.758598 0.735647 0.715718 0.698478 0.683657 0.671035 0.660433 0.651706 0.644740 0.639446 0.635757 0.633628 0.633033 0.633965 0.636435 0.640474 0.646130 0.653476 0.662605 0.673639 0.686729 0.702063 0.719871 0.740436 0.764106 0.791308 0.822573 0.858564 0.900116 0.948295 1.000000 0.946919 13702.000000 1.064670 0.772494
0.621319 0.618271 0.616732 0.616683 0.618122 0.621068 0.625556 0.631643 0.639404 0.648942 0.660383 0.673888 0.689652 0.707919 0.728983 0.753209 0.781047 0.813055 0.849935 0.892571 0.942100 1.000000 0.957889 0.894201 0.840352 0.794426 0.754984 0.720927 0.691405 0.665746 0.643418 0.623993 0.607127 0.592538 0.579999 0.569322 0.560357 0.552981 0.547098 0.542632 0.536913 0.532001 0.528439 0.526185 0.525209 0.525501 0.527063 0.529915 0.534092 0.539646 0.546647 0.555187 0.565382 0.577375 0.591344 0.607505 0.626125 0.647532 0.672130 0.700426 0.733053 0.770815 0.767188 0.747894 0.731266 0.717051 0.705044 0.695079 0.687025 0.680776 0.676254 0.673403 0.672189 0.672597 0.674632 0.678317 0.683700 0.690846 0.699847 0.710821 0.723916 0.739317 0.757252 0.777999 0.801902 0.782125 0.763196 0.746918 0.733050 0.721393 0.711789 0.704111 0.698261 0.694167 0.691776 0.691062 0.692014 0.694645 0.698986 0.705091 0.713036 0.722924 0.734886 0.749085 0.719854 0.692439 0.668587 0.647832 0.629798 0.614181 0.600732 0.589248 0.579566 0.571551 0.565097 0.560122 0.556563 0.554375 0.553534 0.554027 0.555862 0.559060 0.563661 0.569722 0.577321 0.586558 0.597557 0.610476 1047.000000 1.292722 0.797811
0.933372 1.000000 0.966237 0.894024 0.833724 0.782810 0.739436 0.702219 0.670105 0.642280 0.618104 0.597068 0.578764 0.562866 0.549105 0.537264 0.527166 0.518667 0.511651 0.506025 0.501717 0.498673 0.496855 0.494560 0.487291 0.481376 0.476737 0.473317 0.471072 0.469975 0.470013 0.471186 0.473508 0.477008 0.481730 0.487733 0.495095 0.503915 0.514317 0.526452 0.540507 0.556711 0.575346 0.596759 0.603577 0.602691 0.603259 0.605287 0.608801 0.613843 0.620477 0.628787 0.638883 0.650902 0.665014 0.681430 0.700407 0.722261 0.747381 0.776249 0.809466 0.847785 0.892169 0.943857 0.891825 0.841991 0.799255 0.762395 0.730467 0.702732 0.678600 0.657602 0.639359 0.623562 0.609961 0.598351 0.588567 0.580473 0.573963 0.568953 0.565380 0.563199 0.562385 0.562928 0.564833 0.568125 0.572844 0.579048 0.580591 0.565493 0.552458 0.541285 0.531811 0.523903 0.517455 0.512383 0.508623 0.506128 0.504868 0.504828 0.506006 0.508418 0.512092 0.517074 0.523428 0.531236 0.540602 0.551657 0.560854 0.560031 0.560559 0.562444 0.565709 0.570394 0.576558 0.584280 0.593661 0.604829 0.617943 0.633197 0.650831 0.671138 0.694480 0.721305 0.752170 0.787777 0.829020 0.877049 2460.000000 1.514417 0.739797
0.728242 0.709422 0.693177 0.679260 0.667467 0.657634 0.649628 0.643346 0.638709 0.635658 0.634157 0.634187 0.635749 0.638861 0.643562 0.649910 0.657985 0.667893 0.679767 0.693772 0.710112 0.729040 0.750863 0.775960 0.804798 0.837959 0.876172 0.920359 0.971706 0.958976 0.910462 0.868612 0.832357 0.800859 0.773454 0.749608 0.728893 0.710958 0.695520 0.682347 0.671250 0.662079 0.654710 0.649050 0.645028 0.642594 0.641719 0.642391 0.644619 0.648430 0.653871 0.661011 0.669939 0.680775 0.693665 0.708794 0.726386 0.746718 0.770130 0.797040 0.827965 0.863551 0.860935 0.821810 0.787903 0.758437 0.732797 0.710490 0.691117 0.674353 0.659936 0.647650 0.637320 0.628806 0.621995 0.616800 0.613156 0.611018 0.610360 0.611174 0.613470 0.617277 0.622640 0.629628 0.638329 0.648859 0.661362 0.676018 0.693045 0.712713 0.735354 0.761374 0.791280 0.825702 0.865434 0.911491 0.965181 1.000000 0.947263 0.901874 0.862619 0.828551 0.798923 0.773140 0.750720 0.731277 0.714493 0.700110 0.687920 0.677752 0.669470 0.662965 0.658156 0.654983 0.653407 0.653408 0.654988 0.658164 0.662977 0.669485 0.677771 0.687943 0.700137 0.714524 0.731313 0.750763 0.773189 0.749945 3156.000000 1.198862 0.764471
0.511956 0.505478 0.500353 0.496514 0.493915 0.492523 0.492322 0.493309 0.495496 0.498910 0.503593 0.509604 0.517020 0.525942 0.536492 0.548823 0.563122 0.579621 0.598601 0.598052 0.596438 0.596265 0.597531 0.600252 0.604461 0.610209 0.617570 0.626639 0.637536 0.650415 0.665460 0.682902 0.703022 0.726166 0.752762 0.783338 0.818558 0.859263 0.906526 0.927972 0.887363 0.852126 0.821485 0.794818 0.771629 0.751514 0.734145 0.719254 0.706624 0.696077 0.687473 0.680698 0.675668 0.672319 0.670611 0.670522 0.672053 0.675221 0.680065 0.686645 0.695044 0.671025 0.635851 0.605567 0.579368 0.556628 0.536850 0.519638 0.504674 0.491698 0.480502 0.470914 0.464342 0.464320 0.465419 0.467652 0.471047 0.475646 0.481507 0.488706 0.497341 0.507530 0.519424 0.533203 0.549092 0.567367 0.588365 0.612511 0.614658 0.616172 0.619189 0.623746 0.629898 0.637726 0.647329 0.658837 0.672412 0.688250 0.706596 0.727747 0.752072 0.780024 0.812165 0.849203 0.892032 0.941799 1.000000 0.990556 0.924698 0.869015 0.821523 0.780737 0.745520 0.714991 0.688458 0.665369 0.645282 0.627841 0.612755 0.599788 0.588748 0.579478 0.571851 0.565767 0.553438 0.540463 0.529328 0.519870 735.000000 1.400455 0.758540
0.754444 0.739248 0.726368 0.715623 0.706869 0.699993 0.694908 0.691550 0.689878 0.689872 0.691532 0.694878 0.699951 0.706814 0.715554 0.726284 0.739149 0.754328 0.772042 0.792563 0.816225 0.843438 0.874708 0.910664 0.952096 1.000000 0.994590 0.940643 0.894291 0.854253 0.819537 0.789359 0.763099 0.740255 0.720424 0.703278 0.688549 0.676020 0.665513 0.656887 0.650027 0.644846 0.641279 0.639284 0.638835 0.639928 0.642574 0.646808 0.652680 0.660266 0.669661 0.680993 0.694416 0.710124 0.728355 0.749399 0.773615 0.801443 0.786679 0.771374 0.758445 0.747714 0.739039 0.732306 0.727431 0.724355 0.723038 0.723467 0.725645 0.729599 0.735378 0.743053 0.752723 0.764514 0.778585 0.795136 0.814411 0.836708 0.862398 0.891931 0.925869 0.939668 0.909170 0.882650 0.859644 0.839779 0.822749 0.808305 0.796244 0.786404 0.778658 0.772906 0.769078 0.767127 0.767028 0.768782 0.751471 0.731833 0.714874 0.700331 0.687993 0.677687 0.669273 0.662642 0.657711 0.654417 0.652721 0.652601 0.654057 0.657106 0.661785 0.668153 0.676290 0.686300 0.698320 0.712515 0.729091 0.748303 0.770462 0.795949 0.825235 0.858908 0.897700 0.874946 0.843645 0.816405 0.792720 0.772177 15771.500000 1.205983 0.818168
0.917029 0.926782 0.855727 0.796574 0.746753 0.704394 0.668106 0.636833 0.609760 0.586249 0.565797 0.547999 0.532531 0.519128 0.507576 0.497700 0.489357 0.482433 0.476834 0.472489 0.469343 0.467357 0.466507 0.466782 0.468187 0.470737 0.474464 0.479416 0.485654 0.493260 0.502338 0.513015 0.525450 0.539835 0.545243 0.537670 0.531568 0.526857 0.523479 0.521392 0.520571 0.521006 0.522702 0.525679 0.529975 0.535642 0.542754 0.551403 0.561708 0.573813 0.587900 0.604187 0.622947 0.644511 0.669291 0.697802 0.730689 0.768772 0.813110 0.865086 0.926546 1.000000 0.937461 0.863229 0.801679 0.750010 0.706195 0.668740 0.636513 0.608649 0.584471 0.563446 0.545149 0.529237 0.515435 0.503516 0.493298 0.484631 0.477393 0.471487 0.466837 0.463382 0.461081 0.459906 0.459841 0.460886 0.463055 0.466372 0.470881 0.476636 0.483714 0.492209 0.502239 0.513950 0.527521 0.543173 0.561176 0.581862 0.605647 0.633049 0.633169 0.618584 0.606083 0.595483 0.586637 0.579425 0.573754 0.569551 0.566765 0.565362 0.565324 0.566651 0.569359 0.573482 0.579070 0.586193 0.594946 0.605444 0.617835 0.632298 0.649057 0.668381 0.690607 0.716146 0.745511 0.779345 0.818462 0.863904 3368.000000 1.689012 0.682947
0.902352 0.823886 0.759659 0.706299 0.661433 0.623338 0.590738 0.562666 0.538380 0.517298 0.498962 0.483005 0.469131 0.457104 0.446726 0.437841 0.430319 0.424055 0.418966 0.414986 0.412063 0.410163 0.409262 0.409349 0.410424 0.412502 0.415607 0.419778 0.425068 0.431546 0.439300 0.448437 0.459091 0.471428 0.485648 0.502000 0.520790 0.542399 0.567304 0.596111 0.629599 0.668780 0.714998 0.770071 0.836520 0.884735 0.828605 0.780941 0.740149 0.705021 0.674627 0.648243 0.625295 0.605325 0.587963 0.572911 0.559925 0.548809 0.539399 0.531565 0.525203 0.520230 0.516583 0.514216 0.513102 0.513227 0.514591 0.517212 0.521122 0.526369 0.533020 0.541162 0.550903 0.562382 0.575766 0.591262 0.609122 0.629660 0.653259 0.680400 0.711682 0.747867 0.789934 0.820983 0.762038 0.712593 0.670690 0.634886 0.604093 0.577475 0.554383 0.534305 0.516832 0.501635 0.488450 0.477060 0.467290 0.458995 0.452059 0.446389 0.441911 0.438569 0.436319 0.435136 0.435004 0.435922 0.437901 0.440965 0.445152 0.450516 0.457125 0.465067 0.474454 0.485421 0.498136 0.512803 0.529675 0.549063 0.571352 0.597027 0.626699 0.661151 0.701398 0.748785 0.805118 0.872891 0.955636 1.000000 1439.000000 1.298628 0.589594
0.913212 0.842153 0.783104 0.733444 0.691273 0.655180 0.624098 0.597205 0.573860 0.553554 0.535883 0.520521 0.507203 0.495714 0.485878 0.477553 0.470623 0.464996 0.460598 0.457374 0.455284 0.454303 0.454418 0.455631 0.457957 0.461424 0.466075 0.471970 0.479185 0.487817 0.497988 0.509846 0.523575 0.539399 0.557595 0.578503 0.602549 0.630265 0.662325 0.699598 0.743214 0.794671 0.855999 0.877848 0.822064 0.774701 0.734171 0.699272 0.669079 0.642869 0.620074 0.600236 0.582989 0.568035 0.555134 0.544087 0.534734 0.526946 0.520617 0.515666 0.512030 0.509665 0.508540 0.508644 0.509976 0.512553 0.516406 0.521585 0.528153 0.536197 0.545825 0.557172 0.570404 0.585726 0.603387 0.623695 0.647031 0.673867 0.704798 0.740574 0.782162 0.830819 0.888214 0.876403 0.810326 0.755207 0.708707 0.669120 0.635170 0.605889 0.580525 0.558490 0.539319 0.522638 0.508145 0.495596 0.484792 0.475570 0.467798 0.461369 0.456199 0.452221 0.449385 0.447657 0.447014 0.447449 0.448968 0.451589 0.455344 0.460280 0.466460 0.473966 0.482900 0.493389 0.505588 0.519690 0.535929 0.554595 0.576045 0.600728 0.629204 0.662188 0.700603 0.745657 0.798961 0.862710 0.939976 1.000000 3016.500000 1.169632 0.599137
0.795813 0.776239 0.759390 0.745014 0.732905 0.722897 0.714857 0.708683 0.704297 0.701644 0.700693 0.701433 0.703871 0.708038 0.713985 0.721786 0.731542 0.743380 0.742942 0.741706 0.742260 0.744610 0.748785 0.754835 0.762836 0.772891 0.785131 0.799723 0.816873 0.836834 0.859919 0.886510 0.917078 0.949864 0.920443 0.894882 0.872747 0.853688 0.837417 0.823703 0.812356 0.803226 0.796196 0.791178 0.788109 0.786952 0.787693 0.790342 0.794930 0.801514 0.810176 0.821026 0.834208 0.849902 0.868329 0.889764 0.901288 0.884379 0.870150 0.858407 0.848995 0.841793 0.836710 0.833686 0.832682 0.833686 0.836710 0.841793 0.848995 0.858407 0.849946 0.822705 0.799021 0.778485 0.760765 0.745590 0.732740 0.722034 0.713331 0.706517 0.701506 0.698236 0.696667 0.696779 0.698575 0.702076 0.707324 0.714386 0.723350 0.734334 0.747485 0.762987 0.781067 0.781469 0.776751 0.773943 0.773010 0.773943 0.776751 0.781469 0.788155 0.796892 0.807794 0.821003 0.836700 0.855110 0.876507 0.901230 0.929692 0.962404 1.000000 0.979246 0.951373 0.927214 0.906381 0.888558 0.873485 0.860955 0.850800 0.842889 0.837121 0.833426 0.831759 0.832099 0.834450 0.838841 0.844448 0.818422 843.500000 1.136811 0.896578
0.810742 0.867875 0.936096 1.000000 0.916822 0.848305 0.791090 0.742782 0.701627 0.666314 0.635844 0.609443 0.586503 0.566543 0.549176 0.534091 0.521034 0.509799 0.500218 0.492154 0.485497 0.480160 0.476072 0.473184 0.471460 0.470878 0.471433 0.473129 0.475989 0.480047 0.485355 0.491979 0.500008 0.509551 0.520745 0.533756 0.543185 0.536091 0.530441 0.526164 0.523205 0.521529 0.521114 0.521957 0.524067 0.527471 0.532209 0.538341 0.545948 0.555129 0.566010 0.578749 0.593538 0.610611 0.630260 0.652840 0.678794 0.708675 0.743181 0.783202 0.829892 0.884768 0.912915 0.855982 0.807566 0.766079 0.730321 0.699361 0.672474 0.649083 0.628729 0.611040 0.595715 0.582508 0.571221 0.561690 0.553784 0.547399 0.542450 0.538877 0.536635 0.535697 0.536051 0.537702 0.540670 0.544991 0.550719 0.557927 0.566709 0.577185 0.589503 0.603844 0.620432 0.639542 0.661511 0.640185 0.615564 0.594145 0.575506 0.559307 0.545273 0.533179 0.522842 0.514113 0.506872 0.501023 0.496489 0.493214 0.491158 0.490295 0.490614 0.492121 0.494833 0.498782 0.504020 0.510612 0.518644 0.528226 0.539493 0.552612 0.567786 0.585267 0.605363 0.628456 0.655022 0.685657 0.721121 0.762391 2991.000000 1.576074 0.689519
0.848771 0.873782 0.902553 0.883245 0.840682 0.803880 0.771947 0.744178 0.720011 0.698996 0.680767 0.665025 0.651529 0.640082 0.630522 0.622722 0.616580 0.612017 0.608978 0.607426 0.607340 0.608721 0.611585 0.615967 0.621921 0.629523 0.638871 0.650090 0.663337 0.678805 0.691973 0.687268 0.684265 0.682926 0.683234 0.685195 0.688831 0.694187 0.701329 0.710350 0.721366 0.734526 0.750016 0.768063 0.788948 0.813014 0.840683 0.872478 0.909048 0.951210 1.000000 0.970125 0.926921 0.889454 0.856881 0.828536 0.803880 0.782480 0.763983 0.748100 0.734598 0.723287 0.714012 0.706653 0.701117 0.697333 0.695255 0.694859 0.696140 0.699113 0.703814 0.710301 0.718656 0.728988 0.741433 0.756164 0.737038 0.715226 0.696298 0.679941 0.665903 0.653976 0.643993 0.635819 0.629347 0.624495 0.621202 0.619428 0.619152 0.620369 0.623096 0.627364 0.633228 0.640760 0.650059 0.661247 0.674482 0.689952 0.707895 0.728598 0.752415 0.779785 0.811248 0.847486 0.889354 0.909990 0.880253 0.854391 0.831953 0.812570 0.795944 0.781830 0.770031 0.760388 0.752774 0.747093 0.743274 0.741271 0.741059 0.742635 0.746020 0.751253 0.758401 0.767553 0.778827 0.792375 0.808385 0.827088 2217.500000 1.265554 0.820569
0.789912 0.813549 0.840731 0.871967 0.886176 0.841666 0.803256 0.769972 0.741051 0.715887 0.693992 0.674975 0.658516 0.644356 0.632283 0.622126 0.613745 0.607030 0.601894 0.598274 0.596125 0.595420 0.596152 0.598328 0.601976 0.607141 0.613886 0.622299 0.627667 0.629220 0.632307 0.636967 0.643257 0.651257 0.661072 0.672832 0.686703 0.702886 0.721632 0.743244 0.768098 0.796658 0.829499 0.867343 0.911105 0.961959 1.000000 0.940288 0.889326 0.845537 0.807712 0.774914 0.746403 0.721592 0.700010 0.681275 0.665077 0.651164 0.639329 0.629407 0.622663 0.618531 0.615927 0.614821 0.615197 0.617062 0.620437 0.625365 0.631905 0.640143 0.650184 0.662167 0.676260 0.692670 0.711653 0.733524 0.758667 0.787559 0.820795 0.805565 0.779588 0.757000 0.737411 0.720502 0.706014 0.693735 0.683495 0.675156 0.668608 0.663771 0.660582 0.659005 0.659018 0.660624 0.663840 0.668706 0.675283 0.683655 0.693929 0.706244 0.720771 0.737724 0.757361 0.780004 0.806043 0.835965 0.812711 0.789185 0.768782 0.751171 0.736083 0.723297 0.712636 0.703955 0.697142 0.692112 0.688801 0.687169 0.687196 0.688883 0.692251 0.697339 0.704212 0.712956 0.723686 0.736545 0.751713 0.769411 2598.500000 1.150817 0.789683
0.609776 0.601062 0.594005 0.588513 0.584517 0.581967 0.580832 0.581100 0.582772 0.585869 0.590429 0.596509 0.604186 0.613561 0.624760 0.637941 0.653298 0.671069 0.691547 0.715091 0.742145 0.773263 0.809139 0.850655 0.898944 0.946913 0.880270 0.824246 0.776686 0.735991 0.700953 0.670642 0.644331 0.621448 0.601533 0.584219 0.569207 0.556253 0.545160 0.535767 0.527941 0.521580 0.516600 0.512938 0.510549 0.509403 0.509487 0.510802 0.513364 0.517204 0.522370 0.528927 0.534340 0.523730 0.514749 0.507273 0.501200 0.496453 0.492972 0.490713 0.489649 0.489767 0.491068 0.493569 0.497299 0.502305 0.508651 0.516420 0.525715 0.536668 0.549439 0.564224 0.581267 0.600864 0.623382 0.649279 0.679128 0.713656 0.753796 0.800765 0.856175 0.922211 1.000000 0.931466 0.873693 0.824539 0.782405 0.746078 0.714620 0.687296 0.663525 0.642839 0.624864 0.609295 0.595884 0.584428 0.574763 0.566755 0.560298 0.555310 0.551727 0.549506 0.548618 0.549055 0.550819 0.553934 0.558438 0.561255 0.552180 0.544685 0.538672 0.534062 0.530798 0.528840 0.528164 0.528762 0.530642 0.533825 0.538351 0.544278 0.551680 0.560656 0.571327 0.583847 0.598401 0.615220 0.632667 0.620262 3304.000000 1.485421 0.728668
0.523198 0.551499 0.584526 0.575559 0.557629 0.542049 0.528555 0.516931 0.507003 0.498627 0.491689 0.486097 0.481778 0.478678 0.476758 0.475997 0.476383 0.477923 0.480634 0.484549 0.489719 0.496209 0.504103 0.513510 0.524563 0.537425 0.552297 0.569427 0.589118 0.611746 0.637780 0.667809 0.702581 0.743061 0.790512 0.846616 0.838319 0.739254 0.662554 0.601588 0.552114 0.511297 0.477170 0.448326 0.423733 0.402618 0.384389 0.368588 0.354857 0.342908 0.332513 0.323486 0.315676 0.308961 0.303242 0.298436 0.294479 0.291317 0.288912 0.287232 0.286257 0.285976 0.286384 0.287487 0.289298 0.291840 0.295144 0.299252 0.304221 0.310116 0.317024 0.325047 0.334313 0.344978 0.357235 0.371323 0.387539 0.406260 0.427965 0.453273 0.483000 0.518235 0.560472 0.611810 0.675292 0.755503 0.859689 1.000000 0.932862 0.837537 0.761552 0.699753 0.648677 0.605910 0.569721 0.538836 0.512298 0.489376 0.469499 0.452221 0.437185 0.424106 0.412752 0.402935 0.394503 0.387331 0.381317 0.376380 0.372455 0.369491 0.367453 0.366315 0.366063 0.366694 0.368216 0.370647 0.374018 0.378370 0.383760 0.390260 0.397959 0.406968 0.417423 0.429491 0.443378 0.459337 0.477681 0.498803 1734.500000 1.899429 0.519516
0.757801 0.755617 0.751016 0.748262 0.747322 0.748185 0.750861 0.755382 0.761805 0.770209 0.780702 0.793423 0.808546 0.826285 0.826500 0.815592 0.806886 0.800272 0.795667 0.793014 0.792281 0.793459 0.796563 0.801629 0.808721 0.817928 0.829368 0.843193 0.859592 0.878801 0.901109 0.926869 0.956518 0.947132 0.909711 0.877167 0.848846 0.824220 0.802862 0.784425 0.768626 0.755234 0.744063 0.734962 0.727813 0.722526 0.719035 0.717297 0.717292 0.719018 0.722498 0.727773 0.734910 0.743998 0.743786 0.735013 0.728179 0.723198 0.720006 0.718566 0.718861 0.720893 0.724687 0.730290 0.737771 0.747226 0.758779 0.772584 0.788837 0.807777 0.829696 0.854954 0.883996 0.917368 0.955751 1.000000 0.977548 0.936244 0.900370 0.869161 0.842003 0.818403 0.797960 0.780347 0.765298 0.752598 0.742072 0.733578 0.727008 0.722280 0.719334 0.718135 0.718669 0.720942 0.724981 0.726400 0.729549 0.734503 0.741323 0.750094 0.760931 0.773977 0.789414 0.807463 0.828400 0.852559 0.880355 0.912296 0.949015 0.939569 0.905044 0.875000 0.848865 0.826179 0.806567 0.789723 0.775397 0.763389 0.753534 0.745704 0.739799 0.735745 0.733493 0.733015 0.734306 0.737381 0.742277 0.749055 19782.500000 1.088625 0.856122
