45
1000 1000
8 36 -6 76 -2 97 3 142 27 102 74 66 74 45 74 -6 50
3 90 83 185 118 69 173
7 44 24 59 -2 82 8 87 34 90 55 67 51 54 35
3 54 26 97 42 38 82
8 65 82 83 56 111 38 151 56 161 86 134 113 112 120 78 113
3 44 35 151 74 55 115
4 57 22 83 42 56 79 23 53
5 18 9 55 -9 87 30 55 66 24 42
8 12 35 23 13 49 0 96 11 120 33 99 75 52 74 23 67
4 148 -20 230 87 168 144 69 73
3 74 65 172 142 103 202
7 112 126 139 96 181 103 202 134 180 163 141 177 125 150
6 77 44 122 54 158 83 119 129 83 127 76 97
5 5 16 31 5 47 25 29 54 8 37
4 43 -10 129 50 49 118 -17 57
7 26 13 40 1 60 6 66 16 57 33 41 33 33 29
5 100 191 174 129 212 223 169 339 44 269
5 2 -2 31 -8 44 17 26 36 8 33
5 8 7 26 1 37 19 25 32 8 29
3 26 1 78 25 26 51
7 66 32 81 17 107 15 105 40 99 53 84 59 66 54
6 47 42 42 3 87 29 110 39 106 88 51 88
6 -5 36 25 21 67 4 63 47 55 68 26 60
5 38 41 109 31 147 68 114 110 47 104
3 86 21 143 41 76 86
5 29 78 59 82 87 101 56 118 29 119
3 27 49 75 80 26 95
4 24 15 82 63 25 85 -35 60
7 3 3 19 -2 29 -6 37 11 26 20 15 23 8 16
7 34 63 87 48 128 70 148 108 134 150 82 147 42 131
6 43 71 52 57 79 44 88 72 83 108 51 98
8 -8 64 29 36 47 35 85 39 85 65 70 84 47 107 23 88
4 117 44 181 156 102 232 16 145
3 30 24 130 90 23 127
4 -10 42 35 28 59 44 30 70
3 303 266 464 360 297 422
7 43 29 70 23 85 19 95 42 84 49 68 49 60 45
6 5 20 18 6 33 6 44 21 33 32 16 37
8 40 35 63 43 87 41 78 63 79 78 58 85 52 73 39 61
8 33 54 42 21 78 37 85 69 75 96 49 94 25 95 15 70
8 67 40 87 33 91 52 96 59 91 65 83 79 62 74 66 61
4 99 80 147 102 98 150 49 116
7 -18 14 13 -15 46 -13 53 23 40 65 9 58 -15 42
6 20 11 35 14 49 26 33 34 20 37 12 25
3 41 0 158 102 75 145
