35
1000 1000
5 -3 4 18 2 43 16 16 31 1 31
3 95 119 215 184 91 243
7 27 33 43 13 61 27 70 38 80 66 39 60 19 55
8 36 135 82 136 101 171 132 178 117 216 70 242 49 215 45 190
5 19 31 102 -30 132 74 91 152 -18 112
8 46 -12 82 -52 114 6 134 35 120 79 88 79 41 94 34 35
4 39 34 55 20 79 34 52 54
7 69 53 109 19 149 30 180 65 144 113 103 121 64 94
4 77 144 129 86 181 143 118 204
7 -9 29 18 19 39 24 56 45 44 63 22 74 -6 62
5 76 82 139 39 155 109 121 150 67 142
6 29 38 44 34 50 48 42 60 28 62 19 49
4 96 -40 206 25 96 133 -12 53
8 32 175 64 151 93 132 121 155 149 186 139 226 89 220 80 203
5 44 64 69 60 91 69 74 99 46 89
6 5 3 29 -4 56 20 32 42 5 51 -22 23
3 63 19 114 37 61 65
3 81 -17 269 39 92 145
3 76 136 162 209 67 265
6 14 1 55 -9 77 38 38 49 20 48 -4 35
8 83 100 113 94 156 116 170 148 153 179 108 192 84 183 64 148
7 -2 17 23 -3 41 11 56 28 35 40 23 48 3 34
7 9 20 33 -5 47 16 61 33 62 67 19 70 20 39
8 21 23 33 7 45 4 66 9 82 20 61 43 46 45 33 42
4 125 69 210 139 116 197 35 153
6 25 28 49 26 57 43 43 58 29 56 22 46
7 10 9 33 2 63 0 68 28 60 57 35 61 16 39
6 2 -2 16 -2 31 12 19 21 6 22 -10 12
4 85 -4 121 65 85 141 20 69
6 41 21 76 11 68 39 62 61 37 56 10 42
5 52 45 73 38 92 58 73 80 53 72
5 10 21 34 21 68 33 37 60 10 56
8 39 46 44 37 57 31 63 35 71 43 64 57 58 60 38 58
5 -3 6 34 -1 52 25 34 63 8 35
8 52 -7 99 -27 121 12 135 45 128 68 92 93 71 82 60 46
