60
1000 1000
4 53 51 71 29 88 56 73 83
5 70 69 129 34 144 95 128 171 65 133
4 83 209 157 166 214 211 167 283
6 64 61 142 64 167 137 131 178 91 187 14 147
5 62 52 147 41 214 94 159 186 64 158
5 1 5 21 -1 41 14 22 32 8 23
5 23 27 55 0 88 38 59 82 25 60
4 -39 115 29 25 100 122 41 197
7 115 121 150 69 182 113 220 133 195 167 149 197 101 158
4 41 17 90 57 47 105 17 62
6 38 42 43 30 55 31 66 40 57 51 37 60
8 30 23 35 16 45 6 74 3 62 23 64 48 40 57 20 51
5 50 28 80 10 93 41 78 77 43 54
3 156 91 268 120 140 201
6 14 17 73 35 83 68 73 115 37 97 14 79
8 -23 26 4 -2 29 -13 48 3 81 26 63 67 20 71 0 49
6 117 158 192 177 214 230 190 305 141 292 50 259
5 91 147 183 132 225 189 208 284 108 225
3 34 14 70 53 39 77
8 33 61 35 23 70 36 115 27 121 58 107 111 81 117 32 106
5 34 34 104 7 152 67 111 113 42 105
3 20 26 73 36 16 71
8 14 23 36 19 59 18 57 44 51 60 37 63 23 61 11 47
5 27 19 42 7 49 26 35 44 21 36
6 57 10 100 23 107 56 104 96 56 87 46 60
8 19 27 32 24 46 26 47 39 39 51 27 66 23 51 11 41
5 29 37 49 18 77 48 54 75 27 61
5 26 14 57 0 81 27 48 55 9 47
3 128 240 250 273 128 333
3 22 -7 61 18 21 30
7 48 73 69 59 95 61 123 75 97 102 74 108 38 103
8 10 24 23 20 43 35 64 47 44 65 25 71 6 61 5 51
4 28 -11 60 24 25 36 -15 22
8 14 14 26 -9 41 5 61 24 41 49 29 46 12 43 -2 25
4 55 125 124 85 184 125 107 201
4 452 420 579 491 453 563 385 497
5 -5 12 10 8 22 17 14 35 -6 29
4 101 35 152 104 102 152 51 116
3 33 35 105 73 35 93
3 22 24 91 34 9 93
6 7 14 43 7 62 47 32 63 17 62 -10 49
5 104 76 124 67 145 94 128 110 100 110
7 8 14 16 0 38 3 45 15 36 38 19 40 5 24
4 86 11 147 58 80 106 24 70
4 33 85 67 20 108 90 71 160
7 63 96 81 53 108 68 140 101 104 120 87 140 40 117
5 58 48 76 30 95 60 79 88 37 93
6 15 18 38 8 41 28 31 43 10 47 3 33
5 10 41 41 39 54 62 42 111 17 76
4 67 111 103 81 122 107 99 146
6 29 84 46 69 78 54 70 85 77 114 36 113
5 64 -1 130 3 193 41 142 97 87 75
4 30 -16 133 42 49 112 -33 65
7 102 51 118 39 138 33 151 65 140 78 108 95 101 70
4 153 11 214 132 172 247 111 133
7 76 119 102 97 147 80 150 128 139 164 113 169 57 155
8 5 32 15 14 33 17 40 21 45 31 44 48 34 60 18 49
6 -21 22 -7 0 36 -9 52 36 29 58 10 53
8 10 44 16 25 38 30 45 34 62 48 48 61 35 61 21 66
6 8 -7 20 -8 25 7 21 25 5 20 1 9
