40
1000 1000
8 34 6 46 5 54 13 63 20 59 31 51 36 37 34 35 21
8 34 70 68 50 82 37 104 49 142 67 113 108 94 111 62 95
4 37 77 66 38 94 79 68 144
3 38 24 81 39 36 64
3 20 3 86 54 29 113
5 9 54 80 63 109 95 87 184 25 122
8 -6 54 15 37 38 23 79 37 70 59 74 87 46 105 3 90
6 2 17 14 5 26 7 29 18 26 33 11 31
4 70 121 149 57 188 127 147 183
7 22 16 30 5 58 8 49 29 52 45 38 41 15 35
3 20 38 78 63 28 95
7 78 294 106 246 195 277 184 342 198 391 130 403 89 353
7 10 27 19 23 32 24 39 34 33 43 22 49 8 42
8 11 11 12 -2 25 -16 44 -5 59 8 41 29 22 44 10 25
4 19 52 81 9 131 56 76 132
5 15 15 42 9 58 29 38 47 22 41
8 27 53 39 27 81 -8 146 -26 117 56 140 136 84 146 2 105
6 14 23 16 -9 49 10 53 26 52 53 22 53
8 129 142 141 113 176 108 203 105 228 151 209 184 162 198 128 184
8 9 11 22 13 31 14 42 26 32 36 25 41 13 33 5 26
7 -3 19 14 8 34 13 51 26 40 54 17 41 2 34
6 13 -16 43 -12 67 16 41 54 20 35 -14 20
8 52 80 46 47 93 45 112 52 122 72 116 107 95 142 59 113
6 39 12 61 -4 77 26 59 48 34 51 15 30
3 51 16 103 39 42 73
3 121 48 216 97 134 140
3 238 240 357 322 226 412
4 48 35 74 4 107 33 76 72
8 8 19 10 6 27 5 42 0 41 22 40 39 26 51 9 42
4 122 117 223 32 298 126 203 220
7 18 81 43 64 60 71 73 90 59 117 37 110 19 108
3 252 87 414 197 249 279
6 29 18 75 7 94 40 74 73 26 79 29 43
5 39 13 64 -4 75 28 55 43 31 50
8 54 54 44 27 77 2 129 33 123 61 125 114 97 114 50 102
5 41 27 61 14 72 40 57 59 42 47
4 81 9 95 32 76 65 48 36
7 24 76 74 53 113 78 122 104 101 140 61 157 19 134
6 17 20 49 9 70 49 48 77 11 70 -7 51
3 79 72 211 187 82 213
