0.822385 0.862305 0.863999 0.844621 0.828045 0.814030 0.802382 0.792947 0.785601 0.780253 0.776835 0.775307 0.775651 0.777869 0.781989 0.746569 0.710345 0.679035 0.651872 0.628254 0.607700 0.589824 0.574315 0.560916 0.549422 0.539663 0.531504 0.524832 0.519563 0.515628 0.512978 0.511582 0.511423 0.512497 0.514819 0.518417 0.523335 0.529635 0.537399 0.546731 0.557760 0.565980 0.561027 0.557490 0.555328 0.554513 0.555035 0.556901 0.560134 0.564773 0.570877 0.578523 0.587811 0.598869 0.611854 0.626957 0.644417 0.664524 0.687637 0.714197 0.744758 0.780014 0.820850 0.868406 0.924174 0.990146 1.000000 0.936163 0.881984 0.835637 0.795738 0.761226 0.731272 0.705221 0.682549 0.662837 0.645744 0.630992 0.618355 0.607650 0.598727 0.591466 0.585774 0.581578 0.578826 0.577484 0.577537 0.578985 0.581846 0.586154 0.591963 0.599347 0.588406 0.578841 0.570935 0.564584 0.559707 0.556242 0.554146 0.553394 0.553976 0.555901 0.559191 0.563886 0.570046 0.577750 0.587098 0.598218 0.611269 0.616582 0.611563 0.608079 0.606085 0.605559 0.606494 0.608901 0.612809 0.618266 0.625342 0.634127 0.644738 0.657320 0.672055 0.689163 0.708918 0.731653 0.757781 0.787813 5841.000000 1.491055 0.791641
0.887296 0.858249 0.832987 0.811068 0.792132 0.775887 0.762094 0.750559 0.741127 0.733675 0.728107 0.724355 0.722374 0.722138 0.723644 0.726912 0.731981 0.738914 0.747799 0.758749 0.771912 0.787471 0.804977 0.789731 0.776888 0.766273 0.757745 0.751195 0.746540 0.743722 0.742709 0.743487 0.746066 0.750477 0.756774 0.765037 0.775371 0.787912 0.802831 0.820340 0.840701 0.857371 0.835710 0.817035 0.801065 0.787569 0.776358 0.767285 0.760232 0.755110 0.751856 0.750429 0.750814 0.753014 0.757056 0.762989 0.770888 0.780854 0.793015 0.807538 0.824626 0.844532 0.867564 0.894102 0.924612 0.959672 1.000000 0.960165 0.916766 0.879147 0.846452 0.818002 0.793251 0.771758 0.753166 0.737183 0.723571 0.712137 0.702726 0.695213 0.689502 0.685522 0.683225 0.675232 0.668990 0.664448 0.661550 0.660261 0.660565 0.662467 0.665988 0.671172 0.678085 0.686812 0.697470 0.710202 0.725186 0.742644 0.762847 0.786126 0.812891 0.843646 0.879021 0.919806 0.934159 0.905495 0.880596 0.859044 0.840498 0.824680 0.811366 0.800372 0.791553 0.784797 0.780018 0.777158 0.776182 0.777078 0.779857 0.784553 0.791224 0.799952 0.810851 0.824063 0.839770 0.858194 0.879612 0.904360 1546.500000 1.050939 0.855515
0.848670 0.817790 0.790916 0.767543 0.747260 0.729734 0.714693 0.701917 0.691226 0.682475 0.675550 0.670363 0.666849 0.664965 0.664689 0.666017 0.667520 0.667388 0.668867 0.671976 0.676751 0.683253 0.691562 0.701788 0.714067 0.728570 0.745507 0.765138 0.787780 0.796788 0.784834 0.775074 0.767379 0.761653 0.757823 0.755843 0.755690 0.757361 0.760876 0.766279 0.773636 0.783041 0.794614 0.808512 0.824928 0.844100 0.866320 0.891949 0.921428 0.955303 0.937345 0.893726 0.855956 0.823152 0.794613 0.769779 0.748199 0.729504 0.713398 0.699637 0.688023 0.678395 0.670627 0.664618 0.660291 0.657595 0.656496 0.656908 0.658886 0.662476 0.667723 0.674692 0.683473 0.694179 0.706956 0.721984 0.739485 0.759732 0.783058 0.809874 0.836330 0.819189 0.804636 0.792468 0.782518 0.774659 0.768789 0.764837 0.762753 0.762512 0.764112 0.767572 0.772933 0.780263 0.789654 0.801227 0.815138 0.831579 0.850788 0.856071 0.824124 0.796326 0.772141 0.751138 0.732966 0.717340 0.704027 0.692838 0.683620 0.676252 0.670640 0.666713 0.664423 0.663742 0.664662 0.678598 0.697480 0.719225 0.744219 0.772943 0.805993 0.844119 0.888278 0.939701 1.000000 0.972515 0.925135 0.884188 4943.000000 1.106932 0.811310
0.983462 1.000000 0.966410 0.930077 0.898463 0.870957 0.847065 0.826387 0.808595 0.793425 0.780660 0.770124 0.761680 0.755219 0.750659 0.751181 0.753962 0.758598 0.765146 0.773689 0.784335 0.797225 0.812537 0.830488 0.851347 0.875444 0.903185 0.929932 0.909313 0.891690 0.876809 0.864465 0.854494 0.846767 0.841186 0.837684 0.836217 0.836767 0.839341 0.843971 0.850713 0.859651 0.870899 0.884605 0.900954 0.878180 0.857883 0.840482 0.825723 0.813399 0.803344 0.795427 0.789549 0.785636 0.783640 0.783537 0.785325 0.789027 0.794687 0.802377 0.812192 0.824260 0.838744 0.855845 0.875811 0.898949 0.925632 0.956323 0.972000 0.951777 0.934584 0.920178 0.908365 0.898990 0.891933 0.887107 0.884451 0.883935 0.885552 0.889320 0.895287 0.903526 0.914141 0.927269 0.943084 0.961805 0.983702 0.936381 0.893659 0.856639 0.824472 0.796482 0.772129 0.750977 0.732671 0.716922 0.703495 0.692198 0.682878 0.679874 0.680382 0.682536 0.686362 0.691908 0.699243 0.708459 0.719679 0.733054 0.748774 0.767072 0.788232 0.812606 0.840626 0.872824 0.909867 0.952590 0.978486 0.965707 0.955529 0.947823 0.942493 0.939474 0.938727 0.940246 0.944047 0.950177 0.958713 0.969760 1529.500000 1.083299 0.864735
0.695170 0.645077 0.603073 0.567489 0.537091 0.510953 0.488363 0.468767 0.451730 0.436903 0.424007 0.412817 0.403149 0.394852 0.387806 0.381911 0.377087 0.373271 0.370415 0.368484 0.367453 0.367310 0.368054 0.369694 0.372248 0.375750 0.380243 0.385786 0.392452 0.400333 0.409545 0.420226 0.432550 0.446727 0.463019 0.481747 0.503319 0.528245 0.557181 0.590977 0.630755 0.678026 0.734870 0.804232 0.890421 1.000000 0.914350 0.841368 0.780917 0.730212 0.687245 0.650533 0.618960 0.591669 0.567994 0.547409 0.529494 0.513914 0.500396 0.488717 0.478699 0.470192 0.463079 0.457263 0.452669 0.449237 0.446926 0.445706 0.445563 0.446496 0.448516 0.451647 0.455928 0.461413 0.468174 0.476300 0.485904 0.497126 0.510136 0.525145 0.542410 0.562250 0.585059 0.611332 0.641694 0.676945 0.718126 0.714034 0.678823 0.648411 0.622041 0.599119 0.579172 0.561821 0.546757 0.533733 0.522544 0.513025 0.505042 0.498486 0.493271 0.489330 0.486615 0.485093 0.484743 0.485564 0.487563 0.490767 0.495213 0.500959 0.508078 0.516665 0.526839 0.538745 0.552563 0.568515 0.586871 0.607965 0.632212 0.660130 0.692372 0.729774 0.773417 0.824726 0.885611 0.922760 0.829898 0.755672 13744.000000 1.426402 0.576390
0.955451 0.944997 0.937003 0.931367 0.928021 0.926924 0.928063 0.931451 0.937130 0.945170 0.955671 0.968768 0.984634 0.965563 0.915576 0.872508 0.835232 0.802865 0.774710 0.750208 0.728911 0.710455 0.694541 0.680930 0.669423 0.659862 0.652119 0.646095 0.641712 0.638917 0.637676 0.637974 0.639814 0.643219 0.648231 0.654911 0.663345 0.673643 0.685944 0.684927 0.683244 0.683211 0.684828 0.688114 0.693109 0.699876 0.708501 0.719094 0.731799 0.746792 0.764292 0.784567 0.807947 0.834836 0.865734 0.901262 0.942197 0.989525 1.000000 0.967539 0.939311 0.914825 0.893681 0.875554 0.860179 0.847340 0.836866 0.828619 0.822496 0.818419 0.816340 0.816232 0.818095 0.821952 0.827848 0.835858 0.846083 0.858656 0.873744 0.866977 0.847701 0.831222 0.817303 0.805752 0.796415 0.789171 0.783929 0.780625 0.779218 0.779690 0.782049 0.786322 0.792561 0.800845 0.811280 0.824001 0.798507 0.770047 0.745279 0.723744 0.705070 0.688953 0.675146 0.663449 0.653699 0.645763 0.639541 0.634952 0.632356 0.633151 0.635481 0.639374 0.644878 0.652063 0.661020 0.671867 0.684753 0.699863 0.717422 0.737707 0.761060 0.787899 0.818746 0.854248 0.895222 0.942711 0.984311 0.968498 1102.000000 1.231874 0.845299
1.000000 0.929812 0.853103 0.789844 0.736972 0.692297 0.654215 0.621524 0.593306 0.568849 0.547596 0.529103 0.513013 0.499040 0.486949 0.476552 0.467693 0.460245 0.454108 0.449200 0.445459 0.442838 0.441304 0.440839 0.441438 0.443107 0.445867 0.449752 0.454810 0.461107 0.468726 0.477771 0.488372 0.500688 0.514913 0.531288 0.550107 0.571736 0.596632 0.625369 0.658683 0.697520 0.743127 0.797169 0.861927 0.908497 0.847413 0.795823 0.751860 0.714131 0.681572 0.653357 0.628839 0.607507 0.588946 0.572824 0.558873 0.546871 0.536639 0.528032 0.520931 0.515244 0.510898 0.507837 0.506024 0.505438 0.506070 0.507930 0.511039 0.515435 0.521175 0.528330 0.536997 0.547293 0.559366 0.573395 0.589604 0.608263 0.629709 0.654357 0.682724 0.715464 0.753408 0.797632 0.849545 0.861690 0.799712 0.747733 0.703690 0.666062 0.633703 0.605734 0.581471 0.560375 0.542016 0.526050 0.512195 0.500226 0.489957 0.481237 0.473943 0.467978 0.463264 0.459740 0.457363 0.456103 0.455946 0.456889 0.458944 0.462136 0.466504 0.472104 0.479008 0.487308 0.497120 0.508585 0.521879 0.537215 0.554857 0.575129 0.598436 0.625281 0.656303 0.692319 0.734389 0.783914 0.842778 0.913581 3487.000000 1.173953 0.598863
0.888934 0.804216 0.735859 0.679722 0.632959 0.593555 0.560039 0.531317 0.506559 0.485122 0.466503 0.450306 0.436212 0.423963 0.413352 0.404209 0.396396 0.389801 0.384333 0.379918 0.376500 0.374036 0.372496 0.371861 0.372122 0.373284 0.375361 0.378377 0.382371 0.387393 0.393510 0.400803 0.409378 0.419359 0.430903 0.444202 0.459489 0.477056 0.497266 0.520573 0.547557 0.578962 0.615762 0.659254 0.711200 0.774058 0.851352 0.948335 1.000000 0.920998 0.855474 0.800455 0.753791 0.713894 0.679562 0.649875 0.624113 0.601711 0.582215 0.565262 0.550556 0.537860 0.526977 0.517748 0.510044 0.503762 0.498820 0.495156 0.492723 0.491492 0.491448 0.492591 0.494934 0.498507 0.503353 0.509533 0.517129 0.526241 0.536997 0.549553 0.564103 0.580881 0.600177 0.622351 0.647847 0.677222 0.711182 0.736937 0.698234 0.664915 0.636094 0.611079 0.589323 0.570389 0.553927 0.539653 0.527334 0.516782 0.507843 0.500394 0.494334 0.489583 0.486084 0.483791 0.482677 0.482728 0.483946 0.486344 0.489952 0.494815 0.500995 0.508572 0.517647 0.528348 0.540832 0.555290 0.571958 0.591125 0.613150 0.638478 0.667666 0.701421 0.740651 0.786535 0.840640 0.905079 0.982781 0.996285 2020.500000 1.500779 0.567761
0.727867 0.724789 0.723472 0.723900 0.726080 0.730036 0.735818 0.743498 0.753174 0.764972 0.779052 0.795613 0.814899 0.837210 0.862915 0.892466 0.926424 0.965486 0.975444 0.934919 0.899708 0.869071 0.842414 0.819259 0.799217 0.781970 0.767262 0.754881 0.744660 0.736462 0.730182 0.725742 0.723088 0.722186 0.723026 0.725618 0.729993 0.736207 0.744335 0.754483 0.766784 0.781406 0.798558 0.815170 0.799633 0.786536 0.775701 0.766982 0.760268 0.755475 0.752544 0.751438 0.752146 0.754674 0.759054 0.765340 0.773610 0.783970 0.796556 0.811540 0.829134 0.849600 0.873260 0.900506 0.931824 0.967815 1.000000 0.958987 0.923343 0.892326 0.865342 0.841911 0.821643 0.804219 0.789381 0.776919 0.766662 0.758476 0.752256 0.747925 0.745428 0.744736 0.745841 0.748756 0.753515 0.760179 0.767640 0.753766 0.742141 0.732607 0.725040 0.719342 0.715444 0.713296 0.712874 0.714172 0.717205 0.722011 0.728649 0.737203 0.747783 0.760530 0.775620 0.793270 0.813749 0.837384 0.864578 0.895828 0.931750 0.973117 0.951729 0.920766 0.893840 0.870481 0.850309 0.833011 0.818336 0.806077 0.796069 0.788182 0.782316 0.778398 0.776381 0.771836 0.758900 0.748163 0.739482 0.732745 711.000000 1.105183 0.849949
0.555389 0.558673 0.563361 0.569512 0.577205 0.574409 0.554102 0.536431 0.521068 0.507750 0.496262 0.486428 0.478105 0.471178 0.465555 0.461163 0.457945 0.455863 0.454890 0.455015 0.456240 0.458579 0.462061 0.466730 0.472644 0.479880 0.488537 0.498736 0.506435 0.506057 0.506900 0.508974 0.512304 0.516932 0.522915 0.530331 0.539278 0.549879 0.562288 0.576691 0.593318 0.612452 0.634440 0.659714 0.688814 0.722420 0.761402 0.806885 0.860352 0.923792 0.999932 0.978339 0.888202 0.815071 0.754746 0.704316 0.661697 0.625362 0.594166 0.567237 0.543896 0.523612 0.505961 0.490606 0.477270 0.465733 0.455812 0.447361 0.440258 0.434408 0.429733 0.426173 0.423684 0.422235 0.415188 0.407506 0.401052 0.395738 0.391494 0.388265 0.386011 0.384705 0.384330 0.384882 0.386368 0.388806 0.392226 0.396671 0.402197 0.408879 0.416807 0.426096 0.436884 0.449344 0.463685 0.480167 0.499110 0.520916 0.546090 0.575277 0.609311 0.649288 0.696674 0.753480 0.822530 0.907920 1.000000 0.932188 0.874962 0.826232 0.784433 0.748376 0.717140 0.690002 0.666391 0.645846 0.627998 0.612545 0.599244 0.587895 0.578334 0.570432 0.564084 0.559207 0.555742 0.553645 0.552890 0.553469 1801.000000 1.784401 0.634973
0.515525 0.502131 0.490567 0.480656 0.472252 0.465239 0.459521 0.455026 0.451695 0.449487 0.448376 0.448348 0.449403 0.451553 0.454824 0.459258 0.464910 0.471854 0.480182 0.490012 0.501486 0.514780 0.530110 0.547741 0.568000 0.591295 0.618135 0.649167 0.685216 0.727360 0.777022 0.836125 0.907325 0.994398 1.000000 0.918182 0.850635 0.794126 0.746344 0.705589 0.670586 0.640362 0.614161 0.591388 0.571571 0.554331 0.539362 0.526416 0.515288 0.505815 0.497861 0.491319 0.486102 0.482145 0.479397 0.477824 0.477408 0.478144 0.480041 0.483121 0.487422 0.492999 0.499924 0.508288 0.518206 0.529821 0.543307 0.558879 0.576801 0.597398 0.621071 0.648324 0.679791 0.716283 0.739812 0.714170 0.691857 0.672467 0.655670 0.641199 0.628835 0.618401 0.609753 0.602775 0.597377 0.593493 0.591073 0.590089 0.590529 0.592397 0.595717 0.600530 0.606894 0.614892 0.624629 0.636237 0.649879 0.665758 0.684122 0.705275 0.725349 0.710257 0.697427 0.686677 0.677862 0.670866 0.665599 0.661998 0.660016 0.659631 0.660837 0.663650 0.668102 0.674251 0.682172 0.691968 0.703770 0.717741 0.734082 0.753040 0.729745 0.687249 0.650911 0.619641 0.592600 0.569134 0.548727 0.530968 1257.500000 1.410250 0.699592
0.911586 0.852386 0.802220 0.759359 0.722498 0.690636 0.662996 0.638963 0.618048 0.599859 0.584076 0.570442 0.558744 0.548813 0.540508 0.533717 0.528352 0.524344 0.521643 0.520217 0.520049 0.521135 0.523490 0.527142 0.532136 0.538536 0.546423 0.555905 0.567111 0.580205 0.595387 0.612900 0.633046 0.656196 0.682811 0.713468 0.748896 0.790029 0.838079 0.894648 0.961890 0.991010 0.909130 0.841621 0.785205 0.737543 0.696919 0.662048 0.631950 0.605866 0.583199 0.563475 0.546315 0.531412 0.518516 0.507425 0.497973 0.490025 0.483474 0.478232 0.474233 0.471427 0.469779 0.469268 0.469890 0.471651 0.474573 0.478692 0.484059 0.490743 0.498834 0.508441 0.519701 0.532785 0.547898 0.565296 0.585290 0.608271 0.634721 0.665251 0.700640 0.741894 0.790332 0.847723 0.916481 1.000000 0.996220 0.920570 0.857518 0.804364 0.759136 0.720367 0.686940 0.657993 0.632849 0.610974 0.591939 0.575399 0.561073 0.548732 0.538192 0.529300 0.521934 0.515996 0.511410 0.508118 0.506079 0.505270 0.505679 0.507312 0.510188 0.514344 0.519830 0.526717 0.535096 0.545079 0.556810 0.570461 0.586245 0.604426 0.625325 0.649342 0.676973 0.708844 0.745749 0.788712 0.839074 0.898618 3617.000000 1.133386 0.601034
0.645704 0.608610 0.576861 0.549518 0.525860 0.505322 0.487458 0.471912 0.458397 0.446681 0.436574 0.427923 0.420601 0.414508 0.409561 0.405697 0.402866 0.401034 0.400178 0.400288 0.401366 0.403424 0.406487 0.410594 0.415797 0.422163 0.429779 0.438751 0.449211 0.461320 0.475277 0.491325 0.509766 0.530974 0.555420 0.583699 0.616578 0.655054 0.700451 0.754562 0.819874 0.899938 1.000000 0.950109 0.860555 0.788163 0.728625 0.678971 0.637090 0.601440 0.570871 0.544507 0.521673 0.501836 0.484578 0.469560 0.456513 0.445214 0.435485 0.427179 0.420177 0.414383 0.409721 0.406130 0.403565 0.401994 0.401399 0.401772 0.403118 0.405453 0.408806 0.413219 0.418747 0.425465 0.433463 0.442854 0.453779 0.466409 0.480953 0.497672 0.516885 0.538991 0.564493 0.594031 0.628428 0.668763 0.716476 0.773526 0.820819 0.774629 0.735037 0.700902 0.671342 0.645667 0.623330 0.603893 0.587003 0.572374 0.559771 0.549006 0.539923 0.532397 0.526329 0.521641 0.518272 0.516182 0.515346 0.515753 0.517408 0.520331 0.524558 0.530142 0.537154 0.545687 0.555856 0.567804 0.581710 0.597790 0.616312 0.637603 0.662070 0.690219 0.722686 0.760280 0.804043 0.803796 0.741311 0.689381 837.000000 1.368048 0.583463
0.612141 0.608396 0.606148 0.605369 0.606051 0.608201 0.611845 0.617029 0.623817 0.632297 0.642579 0.654805 0.669149 0.685824 0.705094 0.712894 0.710370 0.709566 0.710475 0.713105 0.717490 0.723684 0.731764 0.741833 0.754026 0.768508 0.785487 0.805216 0.828009 0.854247 0.884403 0.919061 0.958950 0.950361 0.923779 0.900754 0.880920 0.863976 0.849681 0.837836 0.828285 0.820905 0.815603 0.812313 0.810995 0.811634 0.814237 0.818836 0.825487 0.834273 0.845306 0.858732 0.874732 0.849140 0.803553 0.764360 0.730490 0.701112 0.675570 0.653342 0.634009 0.617232 0.602734 0.590291 0.579904 0.576620 0.574749 0.574270 0.575176 0.577478 0.581205 0.586401 0.593134 0.601489 0.611576 0.623536 0.637539 0.653797 0.672569 0.694172 0.718998 0.747534 0.780387 0.807932 0.797054 0.788340 0.781676 0.776980 0.774195 0.773285 0.774241 0.777073 0.781817 0.788530 0.797297 0.808230 0.821473 0.837208 0.843817 0.850716 0.859818 0.871238 0.885127 0.901673 0.921110 0.943728 0.969880 1.000000 0.970808 0.921300 0.878609 0.841638 0.809524 0.781584 0.757272 0.736147 0.717850 0.702092 0.688634 0.677283 0.667883 0.660310 0.654465 0.650276 0.643328 0.632922 0.624326 0.617429 17531.500000 1.298635 0.839038
0.869958 0.837575 0.809396 0.784881 0.763593 0.745176 0.729343 0.715858 0.704528 0.695200 0.687751 0.682086 0.678134 0.675846 0.675195 0.676172 0.678790 0.683080 0.689095 0.696911 0.706628 0.718376 0.732314 0.748643 0.732092 0.715590 0.701468 0.689521 0.679585 0.671525 0.665238 0.660645 0.657688 0.656331 0.656559 0.658374 0.661797 0.666871 0.673659 0.682246 0.692747 0.705301 0.720085 0.737317 0.757262 0.780249 0.777857 0.768026 0.760249 0.754427 0.750488 0.748383 0.748088 0.749597 0.752931 0.758128 0.765255 0.774400 0.785681 0.799251 0.815296 0.834048 0.855794 0.880883 0.909746 0.942912 0.929494 0.894549 0.864143 0.837688 0.814708 0.794820 0.777708 0.763117 0.750840 0.740707 0.732585 0.726371 0.721985 0.719375 0.718509 0.719375 0.721985 0.726371 0.715077 0.696452 0.680370 0.666584 0.654891 0.645129 0.637166 0.630899 0.626248 0.623155 0.621583 0.621512 0.622942 0.625889 0.630391 0.636502 0.644300 0.653886 0.665390 0.678970 0.694825 0.713197 0.716785 0.713612 0.712174 0.712456 0.714459 0.718209 0.723752 0.731155 0.740514 0.751951 0.765620 0.781713 0.800467 0.822173 0.847186 0.875945 0.908993 0.947002 0.990820 1.000000 0.950207 0.907219 620.500000 1.253577 0.855865
0.919360 0.886768 0.858405 0.833747 0.812368 0.793923 0.778130 0.764759 0.753625 0.744578 0.737502 0.732307 0.728928 0.727324 0.727476 0.729385 0.733075 0.738592 0.746002 0.755401 0.766912 0.780688 0.796923 0.815855 0.793606 0.761526 0.733638 0.709369 0.688259 0.669937 0.654099 0.640501 0.628941 0.619256 0.611315 0.605014 0.600274 0.597034 0.595255 0.594916 0.596012 0.598557 0.602581 0.608135 0.615289 0.624134 0.634789 0.647401 0.662151 0.679264 0.699013 0.721736 0.747849 0.777866 0.812432 0.819532 0.810280 0.803148 0.798045 0.794911 0.793705 0.794414 0.797046 0.801633 0.808232 0.816925 0.827822 0.841068 0.856842 0.875369 0.896923 0.921842 0.950541 0.983529 0.985387 0.926053 0.875448 0.831987 0.794461 0.761930 0.733657 0.709054 0.687650 0.669065 0.652990 0.639173 0.627409 0.617531 0.609404 0.602922 0.598003 0.594583 0.592622 0.592096 0.592997 0.595338 0.599147 0.604470 0.611375 0.619950 0.630310 0.642595 0.656984 0.673691 0.678813 0.672265 0.667435 0.664263 0.662709 0.662756 0.664404 0.667672 0.672601 0.679252 0.687709 0.698082 0.710511 0.725169 0.742270 0.762078 0.784915 0.811177 0.841354 0.876056 0.916045 0.962288 1.000000 0.956832 6635.000000 1.390576 0.813864
0.837967 0.772559 0.718227 0.672550 0.633770 0.600587 0.572015 0.547297 0.525840 0.507179 0.490939 0.476819 0.464577 0.465245 0.470528 0.477095 0.485033 0.494451 0.505484 0.518297 0.533095 0.550127 0.569700 0.592198 0.618095 0.647994 0.682660 0.723085 0.716441 0.708640 0.702682 0.698492 0.696019 0.695232 0.696122 0.698699 0.702996 0.709064 0.716981 0.726847 0.738793 0.752982 0.769618 0.788949 0.806617 0.783276 0.763034 0.745563 0.730594 0.717910 0.707334 0.698724 0.691968 0.686981 0.683700 0.682086 0.682119 0.683799 0.687147 0.692204 0.699032 0.707719 0.718376 0.731148 0.746212 0.763788 0.784147 0.807621 0.775983 0.742275 0.713020 0.687577 0.665435 0.646183 0.629488 0.615077 0.602732 0.592271 0.583548 0.576448 0.570877 0.566765 0.564061 0.562731 0.562761 0.565073 0.570342 0.577114 0.585476 0.595540 0.607444 0.621362 0.637504 0.656130 0.677559 0.702184 0.730492 0.763094 0.800761 0.782335 0.755743 0.732607 0.712510 0.695116 0.680151 0.667391 0.656653 0.647791 0.640688 0.635253 0.631418 0.632620 0.638442 0.645943 0.655220 0.666396 0.679626 0.695100 0.713053 0.733772 0.757611 0.785006 0.816497 0.852761 0.894651 0.943259 1.000000 0.917890 1662.000000 1.088530 0.735091
0.930368 0.915820 0.885994 0.860056 0.837554 0.818119 0.801454 0.787312 0.775497 0.765849 0.758242 0.752580 0.748793 0.746833 0.746678 0.748326 0.751795 0.757130 0.764396 0.773684 0.785116 0.798843 0.815058 0.833996 0.855945 0.845703 0.835502 0.827515 0.821639 0.817803 0.815959 0.816085 0.818182 0.822276 0.828417 0.836682 0.847174 0.860031 0.875426 0.893573 0.914740 0.939251 0.967507 1.000000 0.987109 0.948960 0.915774 0.886895 0.861794 0.840043 0.821293 0.805259 0.791710 0.780459 0.771355 0.764281 0.759148 0.755892 0.754474 0.754876 0.757104 0.761184 0.767166 0.775126 0.785163 0.778403 0.771818 0.767176 0.764419 0.763516 0.764454 0.767245 0.771923 0.778545 0.787195 0.797983 0.811052 0.826581 0.844790 0.865954 0.864654 0.848468 0.834851 0.823617 0.814618 0.807738 0.802891 0.800019 0.799085 0.800078 0.803010 0.807918 0.814861 0.823927 0.835232 0.848924 0.865192 0.884268 0.906437 0.932048 0.961534 0.995422 0.957665 0.923771 0.894275 0.868632 0.846401 0.827223 0.810804 0.796907 0.785338 0.775943 0.768600 0.763216 0.759725 0.758083 0.758271 0.760291 0.764168 0.769949 0.777706 0.787537 0.799571 0.813970 0.830936 0.850717 0.873618 0.900015 7746.500000 1.070841 0.877836
0.696112 0.703317 0.712406 0.723499 0.725646 0.724178 0.724457 0.726488 0.730294 0.735923 0.743444 0.752953 0.764574 0.778464 0.794819 0.813878 0.835937 0.861358 0.890587 0.924173 0.890304 0.860064 0.833753 0.810900 0.791121 0.774105 0.759596 0.747389 0.737316 0.729245 0.723071 0.718718 0.716132 0.715282 0.716157 0.711906 0.708529 0.706878 0.706934 0.708698 0.712190 0.717454 0.724555 0.733582 0.744654 0.757920 0.773563 0.791815 0.812953 0.837324 0.865351 0.853539 0.827687 0.805238 0.785818 0.769122 0.754901 0.742953 0.733117 0.725262 0.719289 0.715121 0.712709 0.712022 0.713053 0.707489 0.694493 0.683584 0.674612 0.667459 0.662035 0.658272 0.656122 0.655561 0.656581 0.659195 0.663434 0.669352 0.677021 0.686893 0.699135 0.713571 0.730412 0.749919 0.772407 0.798268 0.827985 0.862157 0.901537 0.947077 1.000000 0.961967 0.920538 0.884574 0.853292 0.826069 0.802403 0.781886 0.764188 0.749037 0.736215 0.725542 0.716877 0.710107 0.705147 0.701935 0.700431 0.700619 0.702499 0.706095 0.711451 0.718633 0.727732 0.738868 0.752190 0.762494 0.745453 0.730879 0.718562 0.708331 0.700051 0.693613 0.688938 0.685966 0.684663 0.685011 0.687016 0.690701 7682.000000 1.137520 0.853495
0.770645 0.749482 0.731165 0.715405 0.701965 0.690654 0.681316 0.673830 0.668098 0.664050 0.661634 0.660822 0.661604 0.663990 0.668008 0.673707 0.681160 0.690462 0.701735 0.715133 0.730848 0.749115 0.770221 0.794521 0.816462 0.805037 0.795819 0.788687 0.783553 0.780354 0.779049 0.779624 0.782086 0.786463 0.792811 0.801207 0.811760 0.824608 0.839925 0.857928 0.878883 0.903117 0.931033 0.963123 1.000000 0.979306 0.931259 0.889749 0.853751 0.822457 0.795224 0.771536 0.750975 0.733202 0.717940 0.704964 0.694092 0.685175 0.678098 0.672769 0.669123 0.661827 0.652275 0.644526 0.638479 0.634057 0.631207 0.629892 0.630098 0.631827 0.635099 0.639955 0.646456 0.654683 0.664744 0.676776 0.690946 0.707463 0.726582 0.748617 0.773953 0.803066 0.836550 0.875147 0.919801 0.971724 0.942497 0.909476 0.880741 0.855765 0.834120 0.815459 0.799498 0.786008 0.774801 0.765728 0.758671 0.753542 0.750277 0.748837 0.749204 0.751382 0.755397 0.761300 0.769164 0.779088 0.791202 0.805671 0.822698 0.824129 0.811929 0.801988 0.794178 0.788400 0.784582 0.782677 0.782662 0.784537 0.788325 0.794072 0.801849 0.811756 0.823919 0.838504 0.855712 0.855190 0.823009 0.795008 4710.000000 1.193253 0.841535
0.755464 0.738733 0.724435 0.712363 0.702352 0.694267 0.688004 0.683486 0.680656 0.679479 0.679941 0.682048 0.685826 0.691321 0.698601 0.707759 0.718915 0.732221 0.747864 0.766076 0.787141 0.811407 0.839303 0.871360 0.908237 0.950766 1.000000 0.970132 0.933512 0.901649 0.873925 0.849841 0.828993 0.811051 0.795745 0.782857 0.772210 0.763665 0.757110 0.752464 0.749670 0.748694 0.749523 0.752168 0.756662 0.763058 0.771438 0.781909 0.794609 0.809711 0.827429 0.848030 0.871836 0.899247 0.879204 0.849920 0.824445 0.802330 0.783207 0.766779 0.752803 0.741080 0.731452 0.723792 0.718003 0.714012 0.711771 0.711251 0.712447 0.715374 0.720067 0.726584 0.735006 0.745443 0.758034 0.772950 0.790409 0.810672 0.834063 0.860981 0.891914 0.919435 0.892793 0.869688 0.849744 0.832656 0.818173 0.806094 0.796257 0.788534 0.782827 0.779066 0.777204 0.777218 0.779110 0.782902 0.788639 0.796395 0.806266 0.818381 0.832903 0.830117 0.814838 0.802009 0.791455 0.783037 0.776647 0.772206 0.769659 0.768975 0.770147 0.773187 0.778133 0.785047 0.794015 0.805151 0.818605 0.834561 0.853248 0.874946 0.900002 0.928839 0.926007 0.886782 0.852717 0.823081 0.797292 0.774880 6484.000000 1.108914 0.843984
0.761951 0.743590 0.727805 0.714362 0.703069 0.693773 0.686352 0.680710 0.676777 0.674505 0.673867 0.674854 0.677478 0.681771 0.687787 0.695601 0.705313 0.717051 0.730978 0.747293 0.766240 0.788122 0.813307 0.842250 0.875517 0.913812 0.958023 1.000000 0.951627 0.909809 0.873527 0.841979 0.814524 0.790647 0.769933 0.752041 0.736697 0.723675 0.712792 0.703903 0.696891 0.691667 0.688166 0.686346 0.686184 0.687678 0.690847 0.695729 0.702385 0.710898 0.721379 0.723053 0.718077 0.714880 0.713421 0.713685 0.715673 0.719411 0.724943 0.732339 0.741693 0.753127 0.766795 0.782889 0.801645 0.823355 0.848374 0.877141 0.910196 0.898629 0.873978 0.852642 0.834286 0.818634 0.805463 0.794593 0.785880 0.779213 0.774509 0.771709 0.770780 0.771709 0.774509 0.772148 0.757642 0.745434 0.735356 0.727276 0.721089 0.716720 0.714113 0.713236 0.714080 0.716655 0.720991 0.727143 0.735187 0.745226 0.757394 0.771855 0.788817 0.808532 0.831312 0.818906 0.802534 0.788667 0.777111 0.767711 0.760346 0.754923 0.751373 0.749654 0.749745 0.751648 0.755384 0.761000 0.768566 0.778177 0.789959 0.804069 0.820706 0.840113 0.862589 0.888499 0.868002 0.835715 0.807619 0.783176 6916.000000 1.016767 0.853656
0.930935 0.958978 0.951626 0.945902 0.942504 0.941390 0.942546 0.945987 0.951755 0.959920 0.970585 0.983886 1.000000 0.977498 0.943134 0.913230 0.887236 0.864705 0.845277 0.828655 0.814599 0.802913 0.793443 0.786065 0.780686 0.777241 0.775685 0.776002 0.778195 0.782290 0.788338 0.796413 0.806619 0.819089 0.833991 0.826782 0.819138 0.813577 0.810029 0.808450 0.808823 0.811151 0.815463 0.821811 0.830274 0.840961 0.854011 0.869600 0.887947 0.909324 0.934061 0.962565 0.948626 0.928710 0.911765 0.897551 0.885874 0.876582 0.869556 0.864708 0.861979 0.861336 0.862770 0.866300 0.871969 0.879845 0.890029 0.902651 0.917879 0.935924 0.938911 0.919634 0.903265 0.889574 0.878376 0.869526 0.862910 0.858446 0.856081 0.855784 0.856760 0.846452 0.838385 0.832457 0.828595 0.826750 0.826901 0.829050 0.833223 0.839471 0.847871 0.858530 0.871587 0.887217 0.905640 0.927125 0.952004 0.925372 0.901012 0.879967 0.861912 0.846581 0.833760 0.823274 0.814989 0.808797 0.804623 0.802414 0.802145 0.803812 0.807435 0.813058 0.820752 0.827719 0.819831 0.814034 0.810257 0.808453 0.808601 0.810702 0.814783 0.820892 0.829106 0.839529 0.852297 0.867582 0.885597 0.906607 1238.500000 1.154462 0.920128
0.785569 0.810653 0.839480 0.835313 0.821392 0.809846 0.800522 0.793300 0.788088 0.784823 0.783465 0.783996 0.786424 0.790779 0.797112 0.805504 0.816062 0.828924 0.844263 0.862298 0.883295 0.907581 0.935557 0.967719 0.944949 0.893505 0.849313 0.811149 0.778061 0.749301 0.724274 0.702503 0.683601 0.667255 0.653209 0.641255 0.631225 0.622981 0.616415 0.611444 0.608006 0.606058 0.605576 0.606556 0.609008 0.612963 0.618469 0.625595 0.634434 0.645103 0.657749 0.672553 0.689738 0.709579 0.732412 0.755850 0.749421 0.744879 0.742169 0.741259 0.742136 0.744812 0.749319 0.755712 0.764072 0.774506 0.787151 0.802181 0.819809 0.840299 0.863974 0.891232 0.922560 0.958564 1.000000 0.990727 0.942197 0.900266 0.863901 0.832287 0.804775 0.780845 0.760075 0.742123 0.726710 0.713608 0.702633 0.693636 0.686499 0.681132 0.677468 0.675462 0.675089 0.676344 0.679244 0.683824 0.690139 0.698270 0.708322 0.720428 0.734756 0.751512 0.770952 0.793386 0.819197 0.805359 0.780966 0.759783 0.741459 0.725704 0.712286 0.701013 0.691731 0.684319 0.678683 0.674750 0.672473 0.671825 0.672797 0.675402 0.679670 0.685656 0.693432 0.703101 0.714789 0.728658 0.744905 0.763776 2693.500000 1.280898 0.826297
0.732652 0.725055 0.719329 0.715402 0.713227 0.712777 0.714047 0.717052 0.721829 0.728436 0.736957 0.747502 0.760211 0.775260 0.792865 0.813293 0.809560 0.791716 0.776472 0.763609 0.752950 0.744353 0.737707 0.732928 0.729958 0.728761 0.729322 0.731648 0.735767 0.741729 0.749610 0.759509 0.771556 0.785916 0.802792 0.822432 0.845145 0.871307 0.901381 0.904887 0.869412 0.838557 0.811706 0.788362 0.768121 0.750657 0.735702 0.723040 0.712493 0.703921 0.697212 0.692282 0.689070 0.687536 0.686695 0.684283 0.683529 0.684424 0.686978 0.691223 0.697210 0.705016 0.714740 0.726510 0.740488 0.756874 0.775913 0.797907 0.814048 0.826686 0.841782 0.859549 0.880248 0.904201 0.931802 0.963535 1.000000 0.998063 0.917816 0.851411 0.795754 0.748620 0.708369 0.673766 0.643864 0.617930 0.595382 0.579984 0.580628 0.582679 0.586161 0.591118 0.597611 0.605724 0.615564 0.627265 0.640993 0.656954 0.675399 0.696636 0.721045 0.749097 0.781379 0.818630 0.861790 0.912074 0.905376 0.883217 0.864149 0.847886 0.834197 0.822894 0.813827 0.806881 0.801968 0.799027 0.798024 0.798945 0.801802 0.806630 0.813489 0.822463 0.825221 0.803189 0.784143 0.767785 0.753876 0.742217 1227.500000 1.061420 0.797751
0.939642 0.967715 1.000000 0.979414 0.928943 0.885448 0.847794 0.815096 0.786651 0.761898 0.740384 0.721743 0.705676 0.691939 0.680335 0.670703 0.656813 0.644331 0.633813 0.625114 0.618120 0.612741 0.608908 0.606576 0.605715 0.606315 0.608383 0.611945 0.617044 0.623744 0.632130 0.642314 0.654434 0.668661 0.685209 0.679738 0.673652 0.669271 0.666543 0.665433 0.665929 0.668036 0.671780 0.677206 0.684384 0.693403 0.704383 0.717472 0.732856 0.750763 0.756539 0.763689 0.772854 0.784155 0.797741 0.813801 0.832569 0.854329 0.879432 0.908310 0.941494 0.978206 0.945888 0.917776 0.893378 0.872290 0.854185 0.838796 0.825906 0.815341 0.806962 0.800663 0.796365 0.794016 0.793586 0.795072 0.798490 0.803883 0.811317 0.820886 0.832713 0.799623 0.755386 0.717424 0.684666 0.656281 0.631617 0.610157 0.591484 0.575266 0.561229 0.549152 0.538855 0.530190 0.523040 0.517310 0.512927 0.509835 0.507996 0.507389 0.508005 0.517797 0.535170 0.555132 0.578087 0.604543 0.635139 0.670699 0.712295 0.761347 0.819775 0.860926 0.848205 0.837843 0.829706 0.823690 0.819722 0.817753 0.817758 0.819738 0.823717 0.829744 0.837892 0.848266 0.861001 0.876267 0.894277 0.915294 2640.000000 1.284403 0.808772
0.659009 0.625358 0.596344 0.571217 0.549393 0.530405 0.513883 0.499526 0.487091 0.476380 0.467231 0.459513 0.453120 0.447966 0.443986 0.441130 0.439362 0.438660 0.439017 0.440436 0.442935 0.446544 0.451309 0.457290 0.464566 0.473235 0.483422 0.495275 0.508982 0.524769 0.542917 0.563772 0.587765 0.615440 0.647486 0.684794 0.728526 0.780233 0.842024 0.916843 1.000000 0.904598 0.827634 0.764436 0.711799 0.667448 0.629727 0.597405 0.569543 0.545420 0.524469 0.506243 0.490383 0.476600 0.464659 0.454370 0.445576 0.438153 0.431996 0.427024 0.423173 0.420395 0.418655 0.417932 0.418217 0.419514 0.421839 0.425219 0.429698 0.435332 0.442195 0.450380 0.460004 0.471207 0.484165 0.499092 0.516253 0.535973 0.558658 0.584819 0.615106 0.650354 0.691654 0.740461 0.798748 0.869270 0.854901 0.801536 0.756156 0.717275 0.683764 0.654751 0.629555 0.607636 0.588562 0.571985 0.557623 0.545246 0.534666 0.525732 0.518319 0.512330 0.507686 0.504330 0.502221 0.501331 0.501651 0.503184 0.505949 0.509981 0.515328 0.522060 0.530264 0.540052 0.551562 0.564964 0.580467 0.598327 0.618859 0.642452 0.669593 0.700892 0.737122 0.779283 0.828675 0.799128 0.744402 0.698265 995.000000 1.235261 0.594709
0.774407 0.732366 0.696246 0.665048 0.637997 0.614483 0.594021 0.576221 0.560769 0.547408 0.535930 0.526165 0.517975 0.511248 0.505898 0.501854 0.499068 0.497504 0.497144 0.497983 0.500032 0.503315 0.507873 0.513764 0.521063 0.529867 0.540298 0.544657 0.529248 0.515895 0.504385 0.494543 0.486226 0.479320 0.473733 0.469392 0.466243 0.464247 0.463380 0.463630 0.465002 0.467512 0.471190 0.476082 0.482251 0.489778 0.498763 0.509335 0.521648 0.535895 0.552309 0.571180 0.592865 0.617809 0.646570 0.679857 0.718583 0.763939 0.817508 0.881441 0.958726 1.000000 0.907557 0.832595 0.770787 0.719134 0.675494 0.638298 0.606369 0.578810 0.554925 0.534170 0.516110 0.500397 0.486751 0.474943 0.464787 0.456133 0.448856 0.442859 0.438060 0.434400 0.431833 0.430326 0.429861 0.430434 0.432050 0.434729 0.438505 0.443425 0.449552 0.456966 0.465771 0.476090 0.488080 0.501930 0.517873 0.536195 0.557254 0.581492 0.593532 0.583450 0.575068 0.568273 0.562977 0.559113 0.556634 0.555509 0.555725 0.557284 0.560205 0.564524 0.570294 0.577590 0.586506 0.597163 0.609710 0.624332 0.641256 0.660759 0.683182 0.708949 0.738586 0.772750 0.812281 0.858253 0.881903 0.823673 3503.000000 1.753888 0.674616
0.853977 0.828549 0.806478 0.787401 0.771019 0.757093 0.745424 0.735855 0.728261 0.722545 0.718636 0.716486 0.716069 0.717379 0.720433 0.725267 0.731943 0.740542 0.751178 0.763991 0.779158 0.796898 0.817480 0.841233 0.868564 0.899971 0.936074 0.967654 0.928028 0.893588 0.863618 0.837546 0.814907 0.795326 0.778495 0.764164 0.752131 0.742231 0.734335 0.728341 0.724174 0.721784 0.721141 0.722238 0.725087 0.729724 0.736206 0.744613 0.755055 0.767670 0.782631 0.800152 0.820498 0.843992 0.871031 0.902106 0.934386 0.905081 0.879612 0.857548 0.838533 0.822282 0.808559 0.797176 0.787981 0.780856 0.775710 0.772480 0.771127 0.771634 0.774008 0.778277 0.784495 0.792737 0.803110 0.815749 0.830825 0.848553 0.869192 0.893067 0.920570 0.952187 0.962447 0.921761 0.886424 0.855682 0.828931 0.805683 0.785545 0.768195 0.753370 0.740858 0.730485 0.722114 0.715638 0.710974 0.708066 0.706877 0.707394 0.709622 0.713588 0.719342 0.726955 0.736524 0.748175 0.762066 0.773512 0.769200 0.766773 0.766200 0.767476 0.770617 0.775659 0.782665 0.791724 0.802952 0.816499 0.832550 0.851337 0.873144 0.898319 0.927288 0.960580 0.998846 1.000000 0.955443 0.916802 0.883209 601.500000 1.069491 0.831006
0.865488 0.843378 0.824306 0.807981 0.794166 0.782670 0.773338 0.766050 0.760713 0.757262 0.755654 0.755870 0.757913 0.761807 0.767600 0.775364 0.785198 0.797229 0.811621 0.828574 0.848338 0.871219 0.897590 0.921278 0.887764 0.858599 0.833232 0.811220 0.792200 0.775877 0.762013 0.750411 0.740916 0.733403 0.727776 0.723965 0.721925 0.721629 0.723075 0.726280 0.731283 0.738146 0.746956 0.757826 0.770902 0.785653 0.771585 0.759810 0.750170 0.742537 0.736815 0.732933 0.730843 0.730519 0.731959 0.735179 0.740218 0.747140 0.756030 0.767005 0.780210 0.795829 0.814087 0.835262 0.859695 0.887803 0.920103 0.957235 1.000000 0.981242 0.950972 0.924675 0.901908 0.882309 0.865585 0.851496 0.839850 0.830491 0.823300 0.818187 0.815089 0.813967 0.814809 0.817624 0.822447 0.829337 0.820397 0.794036 0.771116 0.751241 0.734088 0.719396 0.706951 0.696578 0.688138 0.681524 0.676649 0.673455 0.671902 0.671971 0.673663 0.676999 0.682019 0.688786 0.697386 0.707930 0.720560 0.735453 0.752827 0.772948 0.796145 0.816917 0.813260 0.811583 0.811865 0.814108 0.818341 0.824615 0.833009 0.843628 0.856612 0.872136 0.890417 0.911725 0.936388 0.954042 0.920330 0.890992 2389.000000 1.154041 0.874370
0.861894 0.865567 0.853461 0.843694 0.836140 0.830703 0.827316 0.825939 0.826554 0.829170 0.833817 0.840552 0.849461 0.860656 0.874284 0.890531 0.909625 0.931851 0.957555 0.944940 0.915336 0.889608 0.867320 0.848114 0.831701 0.817844 0.806351 0.797071 0.789883 0.784698 0.781450 0.780100 0.780633 0.783054 0.785654 0.784018 0.784275 0.786426 0.790500 0.796544 0.804635 0.814875 0.827398 0.842374 0.843543 0.831112 0.820991 0.813048 0.807184 0.803325 0.801424 0.801458 0.803429 0.807358 0.813295 0.821314 0.831515 0.844032 0.859032 0.876726 0.897371 0.921284 0.948856 0.980564 1.000000 0.961991 0.928921 0.900145 0.875144 0.853495 0.834854 0.818940 0.805526 0.794427 0.785496 0.778619 0.773710 0.770706 0.769573 0.770296 0.772884 0.777369 0.780775 0.780953 0.783017 0.786993 0.792930 0.800901 0.811007 0.823381 0.838189 0.855639 0.875985 0.899542 0.926696 0.914819 0.894237 0.876627 0.861732 0.849347 0.839307 0.831481 0.825770 0.822104 0.820439 0.820753 0.823052 0.827362 0.833736 0.842254 0.853025 0.866188 0.863389 0.847091 0.833367 0.822029 0.812928 0.805947 0.800998 0.798020 0.796976 0.797856 0.800668 0.805447 0.812252 0.821168 0.832310 0.845824 13265.500000 1.062870 0.905658
0.992997 0.960315 0.888027 0.827715 0.776827 0.733498 0.696336 0.664281 0.636514 0.612391 0.591402 0.573139 0.557273 0.543536 0.531709 0.521617 0.513113 0.506082 0.500430 0.496085 0.492993 0.491114 0.490427 0.490922 0.492607 0.495501 0.499640 0.505075 0.511877 0.520135 0.529962 0.541496 0.554910 0.570415 0.588269 0.608791 0.632375 0.659512 0.690822 0.727092 0.769338 0.818891 0.829929 0.780653 0.738579 0.702415 0.671168 0.644068 0.620509 0.600007 0.582174 0.566696 0.553319 0.541833 0.532071 0.523894 0.517191 0.511875 0.507879 0.505152 0.503661 0.503388 0.504330 0.506497 0.509917 0.514632 0.520701 0.528203 0.537236 0.547928 0.560431 0.574935 0.591673 0.610931 0.633061 0.658501 0.687798 0.721642 0.760917 0.806768 0.860706 0.924761 1.000000 0.906628 0.831035 0.768787 0.716821 0.672954 0.635589 0.603533 0.575875 0.551913 0.531094 0.512979 0.497217 0.483526 0.471674 0.461474 0.452774 0.445449 0.439398 0.434543 0.430821 0.428184 0.426601 0.426053 0.426532 0.428044 0.430608 0.434256 0.439033 0.445000 0.452235 0.460839 0.470933 0.482667 0.496228 0.511841 0.529786 0.550410 0.574143 0.601530 0.633262 0.670234 0.713615 0.764972 0.826439 0.901008 683.000000 1.244960 0.593680
0.741194 0.695704 0.656966 0.623738 0.595073 0.570241 0.548668 0.529897 0.513564 0.499375 0.487091 0.476517 0.467495 0.459896 0.453615 0.448569 0.444694 0.441940 0.440275 0.439678 0.440141 0.431925 0.423600 0.416574 0.410750 0.406052 0.402419 0.399805 0.398177 0.397517 0.397815 0.399076 0.401315 0.404560 0.408850 0.414241 0.420803 0.428626 0.437819 0.448520 0.460896 0.475151 0.491537 0.510368 0.532032 0.557018 0.585947 0.619621 0.659085 0.705734 0.761465 0.828919 0.911897 1.000000 0.910782 0.838033 0.777782 0.727247 0.684427 0.647843 0.616381 0.589187 0.565596 0.545084 0.527234 0.511709 0.498239 0.486601 0.476617 0.468139 0.461049 0.455251 0.450670 0.447246 0.444937 0.443716 0.443567 0.444489 0.446493 0.449602 0.453857 0.457936 0.453416 0.450057 0.447819 0.446673 0.446607 0.447619 0.449721 0.452940 0.457314 0.462900 0.469770 0.478015 0.487751 0.499120 0.512295 0.527489 0.544966 0.565047 0.588137 0.614738 0.637805 0.625077 0.614298 0.605319 0.598018 0.592301 0.588096 0.585350 0.584030 0.584120 0.585621 0.588551 0.592947 0.598862 0.606372 0.615575 0.626594 0.639583 0.654733 0.672277 0.692502 0.715759 0.742483 0.773215 0.808633 0.795099 1042.000000 1.595989 0.675292
0.864456 0.903214 0.948003 1.000000 0.977609 0.928123 0.885436 0.848457 0.816330 0.788378 0.764057 0.742927 0.724633 0.708885 0.695447 0.684127 0.674768 0.667248 0.661470 0.657361 0.654870 0.653968 0.654643 0.656904 0.660778 0.666313 0.673577 0.668080 0.659033 0.651778 0.646220 0.642291 0.639942 0.639143 0.639887 0.642181 0.646053 0.651552 0.658746 0.667727 0.678613 0.691554 0.706734 0.724380 0.744769 0.768244 0.795225 0.826233 0.861918 0.903099 0.898971 0.865174 0.835766 0.810180 0.787955 0.768720 0.752170 0.738058 0.726184 0.716384 0.708529 0.702518 0.698277 0.695752 0.694914 0.695752 0.698277 0.702518 0.708529 0.716384 0.726184 0.738058 0.752170 0.768720 0.787955 0.810180 0.835766 0.865174 0.890770 0.854848 0.823617 0.796439 0.772800 0.752284 0.734553 0.719331 0.706394 0.695561 0.686684 0.679648 0.674363 0.670762 0.668803 0.668460 0.669731 0.672630 0.677192 0.683475 0.691557 0.701543 0.713565 0.727791 0.744425 0.760160 0.740128 0.722822 0.707973 0.695363 0.684815 0.676188 0.669367 0.664267 0.660824 0.658996 0.658761 0.660116 0.663076 0.667680 0.673982 0.682064 0.692029 0.704011 0.718176 0.734729 0.753922 0.776064 0.801536 0.830805 3496.500000 1.129911 0.815207
0.762246 0.714478 0.673871 0.639089 0.609117 0.583172 0.560642 0.541044 0.523989 0.509165 0.496320 0.485247 0.475779 0.467779 0.461135 0.455761 0.455596 0.463299 0.472425 0.483104 0.495498 0.509806 0.526270 0.545191 0.566939 0.591980 0.620900 0.654448 0.693596 0.681695 0.671566 0.663307 0.656812 0.651999 0.648808 0.647199 0.647153 0.648670 0.651768 0.656484 0.662878 0.671031 0.681047 0.693062 0.707243 0.723796 0.742976 0.753685 0.738124 0.724904 0.713838 0.704777 0.697604 0.692225 0.688575 0.686609 0.686302 0.687652 0.690674 0.695405 0.701905 0.710254 0.720561 0.732964 0.747633 0.746947 0.728267 0.712172 0.698419 0.686811 0.677187 0.669420 0.663409 0.659078 0.656374 0.655265 0.655737 0.657795 0.661464 0.666790 0.673840 0.682702 0.668004 0.647477 0.629646 0.614211 0.600927 0.589597 0.580057 0.572177 0.565854 0.561005 0.557571 0.555509 0.554793 0.555416 0.557384 0.560722 0.560249 0.557105 0.555326 0.554891 0.555795 0.558048 0.561678 0.566730 0.573267 0.581374 0.591158 0.602754 0.616328 0.632086 0.650278 0.671214 0.685258 0.700440 0.718080 0.738455 0.761910 0.788866 0.819848 0.855507 0.896668 0.944381 1.000000 0.970214 0.887131 0.818973 5321.000000 1.247767 0.776524
0.826925 0.789153 0.756424 0.727986 0.703242 0.681712 0.663012 0.646826 0.632901 0.621027 0.611035 0.602789 0.596179 0.591122 0.587553 0.585429 0.584724 0.585429 0.587553 0.591122 0.596179 0.602789 0.611035 0.621027 0.632901 0.646826 0.663012 0.681712 0.703242 0.727986 0.748380 0.719232 0.693878 0.671814 0.652633 0.636008 0.621668 0.609397 0.599016 0.590381 0.583377 0.577913 0.573921 0.571350 0.570169 0.570365 0.571939 0.574911 0.579316 0.585211 0.592669 0.601788 0.612691 0.625531 0.640497 0.657820 0.677785 0.700741 0.727118 0.757456 0.792428 0.832888 0.879937 0.935007 1.000000 0.985387 0.919483 0.863793 0.816318 0.775561 0.740378 0.709886 0.683386 0.660328 0.640267 0.622845 0.607771 0.594809 0.583766 0.574483 0.566836 0.560722 0.556064 0.552804 0.550901 0.550333 0.551091 0.553187 0.556645 0.561507 0.567835 0.575710 0.585236 0.596545 0.609796 0.625191 0.642971 0.663438 0.673925 0.659399 0.647011 0.636585 0.627979 0.621079 0.615796 0.612064 0.609837 0.609089 0.609810 0.612009 0.615712 0.620965 0.627835 0.636408 0.646799 0.659148 0.673633 0.690470 0.709924 0.732321 0.758063 0.787648 0.821696 0.860988 0.906520 0.959577 0.921706 0.870696 2774.500000 1.395169 0.736860
0.560269 0.559798 0.560679 0.562920 0.566549 0.571612 0.577265 0.581007 0.586219 0.592967 0.601338 0.611442 0.623420 0.637442 0.653721 0.672515 0.694144 0.719001 0.747571 0.780464 0.818447 0.862500 0.913893 0.974294 1.000000 0.962637 0.930126 0.901840 0.877275 0.856021 0.837742 0.822167 0.809075 0.798285 0.789657 0.783080 0.778471 0.775774 0.774957 0.776008 0.778942 0.777194 0.757970 0.741416 0.727285 0.715373 0.705518 0.697588 0.691481 0.687122 0.684456 0.683451 0.684094 0.686393 0.690377 0.696094 0.703616 0.713039 0.724486 0.738114 0.736444 0.715723 0.697772 0.682302 0.669081 0.657917 0.648657 0.641176 0.635380 0.631194 0.628568 0.627468 0.627883 0.629816 0.633292 0.638353 0.645061 0.653504 0.663790 0.676060 0.690487 0.707285 0.726714 0.749097 0.774828 0.804397 0.838411 0.877638 0.893293 0.870583 0.850998 0.834241 0.820068 0.808284 0.798730 0.791284 0.785851 0.782364 0.780780 0.781081 0.783269 0.787372 0.793440 0.801548 0.811800 0.824328 0.839303 0.856935 0.877483 0.901265 0.928671 0.874482 0.826789 0.785824 0.750449 0.719782 0.693127 0.669931 0.649753 0.632233 0.617081 0.604059 0.592974 0.583670 0.576019 0.569922 0.565299 0.562095 1270.500000 1.279377 0.816378
0.835585 0.801750 0.772337 0.746740 0.724476 0.705150 0.688443 0.674097 0.661898 0.651675 0.643289 0.636630 0.631614 0.628178 0.626279 0.625896 0.627022 0.629672 0.633878 0.639692 0.647188 0.656461 0.667636 0.680866 0.696343 0.714068 0.700533 0.689131 0.679705 0.672131 0.666312 0.662173 0.659666 0.658758 0.659439 0.661718 0.665621 0.671197 0.678516 0.687671 0.698783 0.712004 0.710714 0.699562 0.690392 0.683084 0.677544 0.673703 0.671514 0.670951 0.672006 0.674692 0.679042 0.685110 0.692972 0.702729 0.714510 0.728478 0.744834 0.763823 0.785748 0.810980 0.839977 0.873307 0.911678 0.955985 1.000000 0.936930 0.883345 0.837467 0.797946 0.763744 0.734049 0.708219 0.685742 0.666202 0.649266 0.634661 0.622164 0.611595 0.602807 0.595683 0.590130 0.586079 0.583479 0.582298 0.582523 0.584156 0.584978 0.581433 0.579318 0.578608 0.579292 0.581381 0.584899 0.589889 0.596415 0.604559 0.614430 0.626161 0.639921 0.655915 0.674396 0.695672 0.720126 0.748231 0.772059 0.760601 0.751262 0.743919 0.738480 0.734878 0.733068 0.733029 0.734760 0.738281 0.743637 0.750893 0.760142 0.771503 0.785129 0.801209 0.819979 0.841726 0.866803 0.895644 0.919764 0.874601 1806.000000 1.180916 0.824302
0.654721 0.651033 0.648941 0.648419 0.649462 0.652081 0.656309 0.662198 0.669822 0.679279 0.690694 0.704226 0.720067 0.738458 0.759691 0.784126 0.812206 0.844483 0.881643 0.924553 0.974322 1.000000 0.927720 0.867133 0.815819 0.771995 0.734318 0.701759 0.673519 0.648966 0.627600 0.609016 0.592888 0.578951 0.566989 0.556825 0.549847 0.550482 0.552451 0.555777 0.560503 0.566686 0.574406 0.583766 0.594893 0.607944 0.623117 0.640649 0.660834 0.684034 0.710696 0.741380 0.776789 0.795651 0.782242 0.771105 0.762091 0.755083 0.749993 0.746758 0.745339 0.745718 0.747900 0.751912 0.757803 0.765646 0.775540 0.787617 0.802037 0.819006 0.838772 0.861644 0.844710 0.810536 0.780828 0.754975 0.732488 0.712969 0.696097 0.681609 0.669291 0.658970 0.650505 0.643787 0.638729 0.635269 0.633363 0.632989 0.634142 0.636837 0.641105 0.647001 0.654597 0.663993 0.675313 0.688713 0.704387 0.712808 0.717007 0.723007 0.730885 0.740740 0.752703 0.766936 0.783642 0.803070 0.825525 0.850527 0.818884 0.791348 0.767393 0.746591 0.728596 0.713126 0.699950 0.688882 0.679770 0.672495 0.666964 0.663108 0.660879 0.660250 0.661214 0.663782 0.667986 0.673877 0.667087 0.660050 4338.000000 1.073661 0.795151
0.660489 0.644832 0.631386 0.619953 0.610371 0.602509 0.596266 0.591561 0.588337 0.586552 0.586187 0.587235 0.589711 0.593644 0.599082 0.606095 0.614772 0.625230 0.637612 0.652097 0.668904 0.688303 0.710624 0.736274 0.765759 0.799711 0.838929 0.884431 0.937541 1.000000 0.963060 0.895027 0.837857 0.789339 0.747836 0.712109 0.681206 0.654385 0.631059 0.610759 0.593108 0.577802 0.564593 0.553276 0.543689 0.535696 0.529192 0.524091 0.520329 0.517860 0.516652 0.516692 0.517980 0.520532 0.524378 0.529567 0.536164 0.544255 0.553949 0.565382 0.578720 0.594168 0.611979 0.632461 0.655996 0.683060 0.714249 0.712212 0.696263 0.682622 0.671090 0.661509 0.653750 0.647714 0.643323 0.640525 0.639284 0.639586 0.641434 0.644850 0.649877 0.656578 0.665037 0.675365 0.687701 0.702220 0.719135 0.738709 0.761263 0.787194 0.816991 0.851265 0.890780 0.936508 0.883761 0.834365 0.792006 0.755473 0.723828 0.696337 0.672419 0.651607 0.633525 0.617868 0.604387 0.592880 0.583181 0.575158 0.568704 0.563736 0.560192 0.558029 0.557219 0.557753 0.559638 0.562896 0.567568 0.573712 0.581406 0.590752 0.601877 0.614938 0.630131 0.647694 0.667919 0.691166 0.699465 0.678600 19236.000000 1.422987 0.740342
0.875055 0.894080 0.916205 0.932245 0.897304 0.866899 0.840447 0.817471 0.797589 0.780487 0.765909 0.753648 0.743536 0.735440 0.729257 0.724909 0.722342 0.721525 0.722449 0.713306 0.702262 0.693199 0.685999 0.680570 0.676844 0.674775 0.674338 0.675528 0.678359 0.682866 0.689105 0.697154 0.707117 0.719126 0.733347 0.749985 0.769293 0.791577 0.817219 0.846686 0.880558 0.899372 0.886667 0.876398 0.868432 0.862669 0.859038 0.857495 0.858020 0.860621 0.865329 0.872201 0.881323 0.892812 0.906817 0.923530 0.943184 0.966072 0.992548 1.000000 0.960714 0.926546 0.896811 0.870958 0.848541 0.829197 0.812628 0.798596 0.786903 0.777393 0.769943 0.764459 0.743815 0.725097 0.708963 0.695170 0.683518 0.673848 0.666029 0.659961 0.655568 0.652796 0.651610 0.651995 0.653958 0.657522 0.662730 0.669647 0.678361 0.688987 0.701669 0.716585 0.733955 0.754050 0.777202 0.782647 0.784447 0.788159 0.793827 0.801523 0.811343 0.823415 0.837900 0.855001 0.874967 0.898102 0.924783 0.955469 0.976933 0.946739 0.920506 0.897792 0.878237 0.861547 0.847483 0.835852 0.826500 0.819307 0.814183 0.811064 0.809913 0.810715 0.813481 0.818243 0.825061 0.834020 0.845234 0.858850 1078.000000 1.193780 0.876390
0.792726 0.785959 0.781173 0.778309 0.777332 0.778229 0.781012 0.785715 0.792396 0.801137 0.812052 0.825284 0.841013 0.859465 0.880915 0.905700 0.934236 0.909065 0.876576 0.848302 0.823717 0.802396 0.783992 0.768222 0.754857 0.743710 0.734631 0.727503 0.722235 0.718762 0.717041 0.717052 0.718795 0.722290 0.727581 0.734733 0.743836 0.755010 0.768404 0.784206 0.776355 0.766149 0.758009 0.751834 0.747544 0.745088 0.744436 0.745579 0.748532 0.753330 0.760033 0.768725 0.779518 0.792555 0.808015 0.826119 0.847142 0.871416 0.899353 0.931459 0.968361 1.000000 0.964460 0.933531 0.906641 0.883324 0.863205 0.845974 0.831381 0.819223 0.809338 0.801596 0.795900 0.792179 0.790389 0.785538 0.770393 0.757611 0.747017 0.738470 0.731859 0.727102 0.724139 0.722935 0.723475 0.725765 0.729834 0.735731 0.734321 0.730320 0.728106 0.727654 0.728957 0.732032 0.736915 0.743668 0.752375 0.763148 0.776132 0.791504 0.809488 0.830354 0.854438 0.882149 0.913128 0.887900 0.866058 0.847258 0.831216 0.817704 0.806536 0.797565 0.790675 0.785779 0.782819 0.781756 0.782579 0.785298 0.789946 0.796579 0.805281 0.816163 0.829369 0.845078 0.841743 0.825902 0.812567 0.801557 1691.500000 1.108444 0.887098
0.757588 0.751469 0.747235 0.744832 0.744232 0.745427 0.748432 0.753284 0.760041 0.768790 0.779643 0.792744 0.808272 0.826453 0.847558 0.871926 0.884886 0.871679 0.860904 0.852420 0.846121 0.841927 0.839788 0.839677 0.841594 0.845561 0.851627 0.859867 0.870386 0.883319 0.898841 0.872659 0.845441 0.821789 0.801302 0.783653 0.768578 0.755857 0.745317 0.736818 0.730250 0.725530 0.722601 0.721426 0.721991 0.724304 0.728392 0.734305 0.742118 0.751929 0.763868 0.778098 0.784710 0.791284 0.799912 0.810705 0.823805 0.839391 0.857684 0.878957 0.903544 0.931855 0.964397 0.976529 0.933426 0.896035 0.863524 0.835232 0.810625 0.789274 0.770828 0.755002 0.741563 0.730323 0.721130 0.713864 0.708433 0.704768 0.702826 0.702582 0.704034 0.707199 0.712117 0.717894 0.721035 0.725959 0.732728 0.741428 0.752171 0.765100 0.780394 0.798274 0.819012 0.842942 0.870472 0.902107 0.938475 0.980359 1.000000 0.962404 0.929692 0.901230 0.876507 0.855110 0.836700 0.821003 0.807794 0.795780 0.783297 0.773032 0.764852 0.758652 0.754354 0.751905 0.751277 0.752461 0.755471 0.760345 0.767142 0.775948 0.786876 0.800071 0.815715 0.820123 0.802848 0.788146 0.775808 0.765666 1288.500000 1.100497 0.865179
0.859041 0.893649 0.855239 0.813273 0.777017 0.745575 0.718242 0.694456 0.673766 0.655807 0.640283 0.626953 0.615619 0.606122 0.598334 0.592151 0.587495 0.584309 0.582553 0.582206 0.583264 0.585739 0.589662 0.595081 0.602064 0.610702 0.621110 0.633431 0.647843 0.664564 0.683863 0.706067 0.731584 0.760916 0.794692 0.833708 0.878980 0.931825 0.993978 0.960706 0.924885 0.893715 0.866597 0.843047 0.822673 0.805155 0.790231 0.777689 0.767359 0.759105 0.752821 0.748428 0.745873 0.745123 0.746172 0.749030 0.753733 0.760339 0.768930 0.779617 0.792542 0.807882 0.794245 0.759475 0.729305 0.703070 0.680238 0.660383 0.643160 0.628288 0.615537 0.604722 0.595690 0.588320 0.582517 0.578206 0.575335 0.573868 0.573787 0.575091 0.577796 0.581936 0.587561 0.594742 0.603573 0.614173 0.626688 0.641300 0.658234 0.677764 0.700227 0.726038 0.755716 0.789907 0.829431 0.875339 0.928996 0.992207 1.000000 0.951151 0.908939 0.872327 0.840497 0.812797 0.788704 0.767795 0.749725 0.734215 0.721035 0.710000 0.700961 0.693799 0.688425 0.684770 0.682789 0.682460 0.683777 0.686757 0.691436 0.697872 0.706146 0.716365 0.728666 0.743218 0.760232 0.779966 0.802738 0.828936 15140.500000 1.296612 0.757677
0.808332 0.781871 0.758857 0.738888 0.721638 0.706838 0.694272 0.683764 0.675171 0.668382 0.663310 0.659893 0.658087 0.657872 0.659245 0.662222 0.666840 0.673156 0.681249 0.691225 0.703217 0.717391 0.733953 0.753155 0.775306 0.800788 0.830069 0.863732 0.902508 0.877805 0.854397 0.834161 0.816784 0.802009 0.789628 0.779472 0.771409 0.765336 0.761177 0.758882 0.758421 0.759791 0.763007 0.768109 0.775160 0.775819 0.739145 0.707408 0.679856 0.655889 0.635033 0.616903 0.601187 0.587633 0.576033 0.566221 0.558059 0.551438 0.546273 0.542499 0.540069 0.538953 0.539138 0.540626 0.543434 0.547599 0.553170 0.560220 0.571524 0.588700 0.608451 0.631146 0.657245 0.687323 0.722109 0.762538 0.809830 0.865599 0.932028 1.000000 0.955861 0.917571 0.884279 0.855307 0.830109 0.808244 0.789355 0.773149 0.759387 0.747877 0.738463 0.731022 0.725460 0.721707 0.719718 0.719469 0.720956 0.724197 0.729232 0.736124 0.744959 0.755851 0.752854 0.729967 0.710091 0.692894 0.678104 0.665503 0.654911 0.646182 0.639203 0.633884 0.630158 0.627980 0.627323 0.628179 0.630559 0.634491 0.640023 0.647227 0.656192 0.667040 0.679917 0.695009 0.712542 0.732793 0.756103 0.782894 1592.000000 1.191735 0.801199
0.835504 0.819732 0.806451 0.795480 0.786673 0.779917 0.775127 0.772245 0.771236 0.772087 0.774808 0.779433 0.786018 0.794647 0.805428 0.818506 0.834057 0.852304 0.873518 0.898035 0.926263 0.958708 0.995994 0.980096 0.956259 0.935754 0.918276 0.903576 0.891452 0.881746 0.874333 0.869120 0.866042 0.865063 0.866170 0.869377 0.874723 0.882274 0.892125 0.904401 0.916733 0.895520 0.877333 0.861905 0.849020 0.838504 0.830222 0.824068 0.819965 0.817863 0.817737 0.819585 0.823430 0.829318 0.837323 0.847545 0.860118 0.865426 0.854346 0.845558 0.838949 0.834438 0.831968 0.831510 0.833059 0.836632 0.842274 0.850055 0.860072 0.872454 0.887368 0.905018 0.888541 0.867249 0.848952 0.833377 0.820303 0.809554 0.800987 0.794494 0.789993 0.787429 0.786771 0.788010 0.791163 0.796267 0.803385 0.812607 0.824052 0.837870 0.854254 0.873436 0.895708 0.904867 0.899404 0.896153 0.895073 0.896153 0.899404 0.904867 0.912609 0.922726 0.935349 0.950644 0.968821 0.990137 1.000000 0.964922 0.934397 0.907864 0.884869 0.865043 0.848083 0.833747 0.821833 0.812185 0.804676 0.799213 0.795727 0.794177 0.794543 0.796830 0.801065 0.807301 0.815615 0.826113 0.838933 0.853992 1529.500000 1.130702 0.913017
0.737480 0.768416 0.804082 0.819469 0.801044 0.785280 0.771948 0.760863 0.751878 0.744877 0.739770 0.736495 0.735011 0.735302 0.737369 0.741240 0.746960 0.754601 0.764260 0.776064 0.790171 0.787209 0.759748 0.735851 0.715082 0.697087 0.681576 0.668316 0.657115 0.647818 0.640301 0.634468 0.630244 0.627579 0.626438 0.626809 0.628696 0.632122 0.637129 0.643779 0.652157 0.662372 0.674564 0.688904 0.679572 0.658411 0.640022 0.624096 0.610378 0.598661 0.588777 0.580590 0.573992 0.568897 0.565241 0.562980 0.562085 0.562547 0.564369 0.567576 0.572205 0.578316 0.585985 0.595313 0.606429 0.619487 0.634684 0.652255 0.672493 0.695758 0.722492 0.753250 0.788728 0.829812 0.877641 0.933707 1.000000 0.961377 0.907267 0.860887 0.820900 0.786273 0.756197 0.730031 0.707262 0.687476 0.670338 0.655575 0.642964 0.632323 0.623507 0.616397 0.610903 0.606955 0.604505 0.603523 0.603996 0.605932 0.609352 0.614299 0.620836 0.629044 0.639033 0.650938 0.659633 0.642933 0.628534 0.616218 0.605807 0.597156 0.590151 0.584701 0.580736 0.578209 0.577087 0.577358 0.579025 0.582108 0.586645 0.592693 0.600327 0.609649 0.620784 0.633888 0.649155 0.666823 0.687180 0.710585 6733.000000 1.359925 0.807542
0.481986 0.470998 0.461587 0.453616 0.446974 0.441572 0.437341 0.434226 0.436090 0.452882 0.472203 0.494489 0.520300 0.550352 0.585585 0.627253 0.677061 0.737392 0.811672 0.838379 0.812507 0.790030 0.770570 0.753818 0.739522 0.727479 0.717522 0.709520 0.703371 0.698997 0.696344 0.695380 0.696093 0.698493 0.702607 0.709031 0.717656 0.728269 0.741013 0.756065 0.773644 0.794017 0.817516 0.844545 0.875603 0.911312 0.952450 1.000000 0.903014 0.817592 0.748582 0.691853 0.644559 0.604681 0.570744 0.541650 0.516563 0.498139 0.490626 0.484485 0.479637 0.476021 0.473591 0.472318 0.472187 0.473195 0.475355 0.478693 0.483251 0.489086 0.496274 0.504911 0.515117 0.527040 0.540861 0.556805 0.575145 0.596219 0.620448 0.648358 0.680615 0.718069 0.733029 0.726538 0.721884 0.719010 0.717882 0.718486 0.720828 0.724939 0.730867 0.738687 0.748499 0.760431 0.774647 0.791347 0.810779 0.833248 0.842788 0.821491 0.803132 0.787430 0.774160 0.763138 0.754217 0.747281 0.742244 0.739042 0.737638 0.738013 0.740173 0.744144 0.749973 0.757735 0.767528 0.779479 0.793751 0.802404 0.745850 0.698316 0.657967 0.623446 0.593726 0.568017 0.545702 0.526294 0.509404 0.494719 7545.500000 1.266869 0.697606
0.898288 0.926135 0.914167 0.899554 0.887505 0.877862 0.870501 0.865329 0.862283 0.861327 0.862448 0.865660 0.871003 0.878541 0.888370 0.900615 0.915439 0.933045 0.953683 0.977664 0.994525 0.960979 0.931793 0.906447 0.884518 0.865662 0.849596 0.836093 0.824970 0.816078 0.809305 0.804566 0.801802 0.800981 0.802091 0.805147 0.810185 0.817268 0.826485 0.837954 0.851827 0.868293 0.887589 0.884919 0.861115 0.840530 0.822842 0.807789 0.795158 0.784778 0.776511 0.770254 0.765927 0.763477 0.762875 0.764113 0.767206 0.772193 0.779133 0.788116 0.799256 0.812702 0.828638 0.847293 0.868950 0.893953 0.922726 0.955791 0.993798 1.000000 0.970497 0.944897 0.922778 0.903799 0.887680 0.874195 0.863162 0.854437 0.847908 0.843496 0.841145 0.840827 0.842538 0.846299 0.852156 0.860181 0.870476 0.883174 0.898444 0.916498 0.937598 0.928033 0.905403 0.885935 0.869336 0.855370 0.843847 0.834615 0.827554 0.822576 0.819621 0.818652 0.819658 0.822651 0.827666 0.834767 0.844041 0.855608 0.859877 0.840956 0.824794 0.811159 0.799863 0.790756 0.783721 0.778669 0.775539 0.774291 0.774911 0.777407 0.781808 0.788169 0.796569 0.807115 0.819946 0.835237 0.853203 0.874111 1096.000000 1.116549 0.895468
0.918940 0.851935 0.795824 0.748339 0.707811 0.672985 0.642901 0.616815 0.594138 0.574404 0.557239 0.542338 0.529455 0.518391 0.508980 0.501091 0.494615 0.489470 0.485587 0.482921 0.481437 0.481117 0.481958 0.483970 0.487178 0.491620 0.497354 0.504453 0.513010 0.523146 0.535004 0.548766 0.564650 0.582927 0.603931 0.628075 0.655875 0.687985 0.725237 0.768713 0.819834 0.880512 0.953369 0.931738 0.867525 0.813425 0.767417 0.727995 0.694015 0.664596 0.639046 0.616819 0.597477 0.580668 0.566105 0.553556 0.542830 0.533774 0.526261 0.520194 0.515492 0.512097 0.509967 0.509075 0.509413 0.510982 0.513803 0.517909 0.523353 0.530203 0.538550 0.548506 0.560212 0.573841 0.589606 0.607767 0.628645 0.652637 0.680236 0.712064 0.748909 0.791787 0.842025 0.901388 0.953650 0.882344 0.822803 0.772533 0.729709 0.692965 0.661260 0.633790 0.609922 0.589154 0.571085 0.555389 0.541803 0.530112 0.520142 0.511750 0.504822 0.499265 0.495009 0.492000 0.490201 0.489590 0.490161 0.491919 0.494886 0.499099 0.504610 0.511491 0.519831 0.529745 0.541375 0.554893 0.570513 0.588496 0.609166 0.632921 0.660259 0.691807 0.728364 0.770960 0.820949 0.880138 0.950993 1.000000 15629.000000 1.068404 0.603612
0.751075 0.700370 0.657563 0.621097 0.589809 0.562813 0.539423 0.519100 0.501417 0.486031 0.472667 0.461098 0.451143 0.442653 0.435507 0.429606 0.424872 0.421246 0.418681 0.421030 0.424916 0.429919 0.436105 0.443555 0.452373 0.462686 0.474651 0.488458 0.504345 0.522601 0.543586 0.567753 0.595670 0.628067 0.665886 0.710372 0.763198 0.826664 0.904018 1.000000 0.926717 0.859266 0.802770 0.754952 0.714134 0.679056 0.648751 0.622472 0.599627 0.579747 0.562454 0.547444 0.534468 0.534040 0.536853 0.541007 0.546552 0.553559 0.562120 0.572351 0.584395 0.598430 0.614672 0.633389 0.654909 0.679638 0.708080 0.740870 0.749723 0.719235 0.692734 0.669672 0.649611 0.632195 0.617137 0.604201 0.593196 0.583967 0.576387 0.570358 0.565803 0.562665 0.560906 0.560503 0.561453 0.563766 0.567471 0.572614 0.579259 0.587492 0.586049 0.577493 0.570538 0.565094 0.561092 0.558482 0.557232 0.557328 0.558770 0.561576 0.565780 0.571434 0.578611 0.587403 0.597930 0.610337 0.624808 0.641565 0.660881 0.683093 0.708617 0.737969 0.771797 0.787808 0.773252 0.761025 0.750959 0.742922 0.736812 0.732552 0.730089 0.729395 0.730460 0.733297 0.737941 0.744449 0.752902 0.763410 18880.000000 1.322521 0.696816
0.580221 0.576966 0.575125 0.574676 0.575612 0.577947 0.581708 0.586941 0.593712 0.602109 0.612243 0.624254 0.638314 0.654635 0.673478 0.695162 0.720081 0.721245 0.713648 0.707897 0.703920 0.701669 0.701115 0.702253 0.705096 0.709679 0.716058 0.724313 0.734552 0.746909 0.761555 0.778700 0.798603 0.821582 0.848025 0.878414 0.913345 0.953560 1.000000 0.963942 0.906899 0.858182 0.816299 0.780105 0.748712 0.721419 0.697667 0.677008 0.659080 0.643587 0.630289 0.618991 0.609533 0.601788 0.595654 0.591053 0.587929 0.586242 0.585972 0.587117 0.589689 0.593721 0.599262 0.606382 0.615172 0.625751 0.638265 0.652895 0.669862 0.668787 0.658064 0.649220 0.642136 0.636722 0.632911 0.630656 0.629928 0.630720 0.633041 0.636920 0.642403 0.649560 0.658482 0.669288 0.682125 0.697176 0.714668 0.734875 0.758138 0.784875 0.815603 0.833179 0.820365 0.809859 0.801526 0.795259 0.790981 0.788637 0.788201 0.789666 0.793051 0.798397 0.805770 0.815263 0.826998 0.841131 0.857859 0.877422 0.869279 0.828598 0.793380 0.762797 0.736192 0.713040 0.692918 0.675483 0.660457 0.647610 0.636759 0.627752 0.620471 0.614820 0.610730 0.608149 0.607047 0.598968 0.591153 0.584931 7193.000000 1.342077 0.831014
0.683241 0.672270 0.663218 0.655966 0.650420 0.646513 0.644194 0.643437 0.644231 0.646587 0.650534 0.656119 0.663413 0.672509 0.683528 0.696620 0.711973 0.729814 0.750428 0.774159 0.801433 0.804230 0.788657 0.775508 0.764601 0.755793 0.748970 0.744044 0.740957 0.739670 0.740167 0.742454 0.746560 0.752535 0.760453 0.770415 0.782551 0.797027 0.814047 0.833862 0.856782 0.883184 0.913537 0.948416 0.988540 0.988295 0.949416 0.915603 0.886177 0.860592 0.838406 0.819259 0.802859 0.788965 0.777385 0.767963 0.760578 0.755135 0.751567 0.749830 0.749904 0.751789 0.753316 0.730238 0.710193 0.692844 0.677916 0.665187 0.654474 0.645632 0.638543 0.633117 0.629286 0.627002 0.626238 0.626984 0.629250 0.633063 0.638470 0.645538 0.654359 0.665049 0.677753 0.692654 0.709973 0.729985 0.753024 0.779504 0.809936 0.831226 0.817382 0.805901 0.796631 0.789452 0.784274 0.781033 0.779688 0.780225 0.782649 0.786991 0.793302 0.801663 0.812179 0.824988 0.840265 0.858225 0.879133 0.903316 0.931174 0.963199 1.000000 0.982395 0.936669 0.897075 0.862687 0.832770 0.806737 0.784114 0.764516 0.747632 0.733205 0.721029 0.710936 0.702790 0.696488 0.691951 0.689121 0.687965 18465.000000 1.284995 0.849016
0.668679 0.692154 0.719133 0.750181 0.757139 0.747250 0.739375 0.733413 0.729289 0.726952 0.726374 0.727549 0.730491 0.735234 0.741839 0.750387 0.760989 0.773786 0.788954 0.806711 0.827325 0.824950 0.799777 0.777913 0.758993 0.742718 0.728846 0.717178 0.707556 0.699852 0.693968 0.689830 0.687387 0.686610 0.687489 0.690034 0.692541 0.674911 0.659705 0.646694 0.635688 0.626534 0.619110 0.613321 0.609092 0.606372 0.605128 0.605344 0.607023 0.610186 0.614870 0.621136 0.629061 0.638750 0.650333 0.663973 0.679870 0.698271 0.717305 0.696866 0.679151 0.663873 0.650802 0.639746 0.630553 0.623101 0.617293 0.613055 0.610335 0.609100 0.609335 0.611043 0.614245 0.618979 0.625305 0.633303 0.643077 0.654760 0.668516 0.684547 0.703101 0.724482 0.749066 0.777315 0.809806 0.847262 0.890600 0.941000 1.000000 0.938816 0.884560 0.838142 0.798180 0.763610 0.733605 0.707509 0.684799 0.665053 0.647932 0.633157 0.620502 0.609784 0.600852 0.593588 0.587897 0.583706 0.580965 0.579639 0.579712 0.581186 0.581595 0.573714 0.567393 0.562550 0.559124 0.557074 0.556375 0.557017 0.559009 0.562375 0.567157 0.573413 0.581226 0.590696 0.601955 0.615162 0.630514 0.648254 1912.000000 1.286623 0.825794
0.813969 0.850685 0.893124 0.942409 1.000000 0.984306 0.936517 0.895211 0.859378 0.828221 0.801106 0.777525 0.757064 0.739387 0.724222 0.711346 0.700579 0.691773 0.684816 0.679619 0.676116 0.674265 0.674044 0.675449 0.678498 0.683229 0.689699 0.693530 0.684528 0.677367 0.671956 0.668228 0.666138 0.665659 0.666785 0.669532 0.673931 0.680038 0.687928 0.697705 0.709497 0.723468 0.739818 0.758794 0.780700 0.805908 0.834875 0.868173 0.890693 0.857711 0.829011 0.804043 0.782366 0.763617 0.747505 0.733790 0.722278 0.712812 0.705268 0.699550 0.695586 0.693328 0.692747 0.693838 0.696613 0.701107 0.707373 0.715492 0.725568 0.737734 0.752158 0.769047 0.788656 0.811296 0.837352 0.820209 0.799779 0.782181 0.767148 0.754466 0.743959 0.735489 0.728946 0.724247 0.721335 0.720175 0.720752 0.723073 0.727166 0.733083 0.740896 0.750705 0.762639 0.776861 0.793571 0.813018 0.835505 0.861406 0.857737 0.820080 0.787407 0.758997 0.734272 0.712771 0.694117 0.678007 0.664192 0.652468 0.642673 0.634674 0.628366 0.623671 0.620529 0.618902 0.618770 0.620132 0.623004 0.627422 0.633439 0.641132 0.650602 0.661974 0.675406 0.691094 0.709278 0.730252 0.754376 0.782097 6929.500000 1.105669 0.814838
0.701259 0.688943 0.678658 0.670267 0.663660 0.658754 0.655487 0.653820 0.653732 0.655223 0.658310 0.663031 0.669444 0.677631 0.687698 0.699781 0.714046 0.730702 0.750003 0.772263 0.797865 0.827285 0.861111 0.900081 0.945132 0.957425 0.915286 0.878727 0.846939 0.819275 0.795216 0.774343 0.756312 0.740846 0.727718 0.716744 0.707776 0.700696 0.695416 0.691868 0.690011 0.689821 0.691296 0.694454 0.699333 0.705994 0.714522 0.725025 0.737646 0.752559 0.769981 0.790177 0.813474 0.840271 0.871065 0.904575 0.866763 0.833914 0.805333 0.780464 0.758858 0.740152 0.724048 0.710304 0.698725 0.689150 0.681454 0.675537 0.671326 0.668768 0.667832 0.668506 0.670800 0.674741 0.680377 0.687779 0.687031 0.679695 0.674121 0.670240 0.668002 0.667383 0.668372 0.670984 0.675250 0.681221 0.688974 0.698607 0.710250 0.724060 0.740237 0.759024 0.780719 0.805689 0.834385 0.867367 0.905336 0.949171 1.000000 0.979017 0.933824 0.894681 0.860677 0.831092 0.805348 0.782982 0.763614 0.746937 0.732700 0.720700 0.710771 0.702782 0.696631 0.692239 0.689553 0.688540 0.689188 0.691505 0.695518 0.701278 0.708856 0.718348 0.729881 0.743611 0.759732 0.752331 0.732717 0.715780 519.500000 1.121918 0.810879
0.939258 0.886261 0.840842 0.801689 0.767788 0.738344 0.712728 0.690438 0.671067 0.654287 0.639829 0.627476 0.617048 0.608404 0.601427 0.596028 0.592139 0.589711 0.588716 0.570191 0.551856 0.535915 0.522091 0.510161 0.499941 0.491283 0.484066 0.478193 0.473588 0.470193 0.467966 0.466879 0.466920 0.468088 0.470398 0.473879 0.478572 0.484539 0.491856 0.497728 0.504122 0.511932 0.521263 0.532247 0.545046 0.559856 0.576923 0.596546 0.619094 0.645029 0.674928 0.709527 0.749768 0.745015 0.739010 0.734856 0.732505 0.731925 0.733112 0.736078 0.740861 0.747518 0.756135 0.766822 0.779720 0.795007 0.812904 0.833679 0.857665 0.885267 0.893105 0.833962 0.783937 0.741259 0.704597 0.672936 0.645486 0.621627 0.600864 0.582802 0.567121 0.553560 0.541908 0.531991 0.523669 0.516830 0.511383 0.507259 0.496361 0.487049 0.479212 0.472745 0.467562 0.463595 0.460797 0.459131 0.458578 0.459131 0.460797 0.463595 0.467562 0.472745 0.479212 0.487049 0.496361 0.507282 0.519976 0.534642 0.551527 0.570933 0.582878 0.587033 0.592685 0.599906 0.608791 0.619457 0.632053 0.646763 0.663811 0.683474 0.706089 0.732077 0.761956 0.796378 0.836167 0.882379 0.936386 1.000000 6752.000000 1.512682 0.767355
0.971571 1.000000 0.941582 0.891641 0.848674 0.811522 0.779285 0.751252 0.726856 0.705641 0.687238 0.671347 0.657723 0.646166 0.636516 0.628641 0.622441 0.617835 0.614767 0.613200 0.613113 0.614507 0.617398 0.621822 0.627833 0.635507 0.644943 0.656270 0.669643 0.685258 0.703353 0.724222 0.748224 0.768387 0.737650 0.710924 0.687665 0.667438 0.649887 0.634726 0.621719 0.610676 0.601443 0.593894 0.587931 0.583478 0.580480 0.578900 0.578719 0.579935 0.582563 0.586634 0.592199 0.599328 0.608114 0.618674 0.631154 0.645737 0.662643 0.682145 0.704579 0.730359 0.759997 0.794136 0.833589 0.879396 0.932909 0.995911 0.996041 0.937875 0.888150 0.845365 0.808372 0.776272 0.748357 0.724065 0.702940 0.684616 0.668793 0.655227 0.643721 0.634113 0.626275 0.620104 0.615521 0.612470 0.610914 0.610833 0.612228 0.615114 0.619526 0.625521 0.633173 0.642581 0.653873 0.667204 0.682769 0.700807 0.681837 0.662902 0.646505 0.632387 0.620334 0.610175 0.601770 0.595006 0.589799 0.586081 0.583808 0.582951 0.583500 0.585462 0.588861 0.593738 0.600154 0.608192 0.617957 0.629582 0.643232 0.659111 0.677466 0.698605 0.722902 0.750825 0.782953 0.820017 0.862948 0.912942 1224.000000 1.386685 0.741168
0.755553 0.794709 0.840280 0.893680 0.956788 0.990590 0.954756 0.923571 0.896450 0.872919 0.852593 0.835159 0.820360 0.807989 0.797879 0.789899 0.783946 0.779947 0.777854 0.777640 0.779303 0.782863 0.788364 0.795873 0.805486 0.817327 0.831555 0.848367 0.868007 0.890775 0.892401 0.844830 0.803913 0.768543 0.737856 0.711173 0.687952 0.667758 0.650237 0.635103 0.622122 0.611103 0.601893 0.594368 0.588428 0.583998 0.581024 0.579469 0.579315 0.580558 0.583215 0.587318 0.592918 0.600085 0.608912 0.619517 0.632048 0.646687 0.663656 0.683231 0.705747 0.731620 0.761366 0.795632 0.835235 0.881220 0.883318 0.859868 0.839601 0.822202 0.807416 0.795033 0.784887 0.776845 0.770803 0.766688 0.764448 0.764057 0.765509 0.768822 0.774037 0.781219 0.790456 0.801870 0.815612 0.831872 0.850885 0.872940 0.898391 0.927672 0.961320 1.000000 0.986775 0.918875 0.861660 0.812996 0.771294 0.735346 0.704221 0.677189 0.653672 0.633208 0.615424 0.600017 0.586742 0.575398 0.565822 0.557881 0.551470 0.546506 0.542927 0.540689 0.539764 0.540142 0.541826 0.544837 0.549213 0.555007 0.562294 0.571169 0.581753 0.594194 0.608678 0.625430 0.644728 0.666912 0.692405 0.721731 11101.000000 1.395224 0.757811
0.771889 0.774457 0.732714 0.696833 0.665832 0.638945 0.615571 0.595230 0.577537 0.562180 0.548908 0.537512 0.527826 0.519713 0.513063 0.507788 0.503822 0.501116 0.499636 0.499364 0.500297 0.502446 0.505837 0.510513 0.516532 0.523972 0.532932 0.543536 0.555937 0.570323 0.586926 0.606027 0.627977 0.653210 0.682268 0.715837 0.754792 0.800269 0.853767 0.917298 0.965837 0.872302 0.797034 0.735355 0.684065 0.640908 0.604242 0.572849 0.545808 0.522406 0.502088 0.484415 0.469035 0.455666 0.444077 0.434084 0.425533 0.418300 0.412286 0.407410 0.403609 0.400835 0.399054 0.398243 0.398394 0.399508 0.401598 0.404690 0.408822 0.414048 0.420435 0.428069 0.437059 0.447535 0.459660 0.473633 0.489700 0.508161 0.529395 0.553873 0.582195 0.615131 0.653687 0.699195 0.753466 0.819009 0.899416 1.000000 0.952172 0.877873 0.816154 0.764264 0.720208 0.682510 0.650050 0.621968 0.597591 0.576390 0.557939 0.541898 0.527990 0.515990 0.505715 0.497014 0.489768 0.483880 0.479272 0.475886 0.473682 0.472631 0.472720 0.473952 0.476341 0.479916 0.484722 0.490820 0.498288 0.507228 0.517765 0.530053 0.544282 0.560683 0.579543 0.601215 0.626138 0.654863 0.688086 0.726706 2811.000000 1.339251 0.585331
