0.802518 0.817517 0.799773 0.784632 0.771879 0.761339 0.752872 0.746369 0.741750 0.738956 0.737955 0.738733 0.741301 0.745690 0.751953 0.760170 0.758063 0.735969 0.716804 0.700256 0.686071 0.674040 0.663996 0.655804 0.649357 0.644573 0.641393 0.639777 0.639708 0.641182 0.644219 0.648856 0.655149 0.663179 0.673050 0.684894 0.696269 0.691362 0.688169 0.686652 0.686793 0.688593 0.692074 0.697279 0.704273 0.713143 0.724006 0.737008 0.752332 0.770201 0.790891 0.814740 0.842165 0.873678 0.909918 0.951687 1.000000 0.961528 0.921815 0.887305 0.857277 0.831151 0.808461 0.788826 0.771938 0.757545 0.745442 0.735463 0.727477 0.721382 0.717102 0.714583 0.708522 0.690692 0.675323 0.662185 0.651086 0.641874 0.634427 0.628647 0.624462 0.621821 0.620691 0.621059 0.622929 0.626323 0.631284 0.637873 0.646174 0.656296 0.668376 0.682584 0.699130 0.718271 0.721863 0.717159 0.714225 0.713026 0.713547 0.715795 0.719796 0.725600 0.733279 0.742931 0.754684 0.768695 0.785165 0.804335 0.826506 0.852045 0.873074 0.849638 0.829373 0.811963 0.797150 0.784724 0.774517 0.766394 0.760253 0.756016 0.753631 0.753071 0.754326 0.757414 0.762371 0.769259 0.778165 0.789202 1193.000000 1.200186 0.879648
0.909955 0.846373 0.792882 0.747443 0.708545 0.675041 0.646048 0.620878 0.598984 0.579931 0.563368 0.549011 0.536628 0.526031 0.517066 0.509608 0.503558 0.498838 0.495388 0.493165 0.493878 0.497607 0.502613 0.508960 0.516729 0.526026 0.536982 0.549756 0.564545 0.581593 0.601195 0.623720 0.649624 0.679481 0.714017 0.754167 0.801146 0.856568 0.905254 0.883961 0.865684 0.850154 0.837153 0.826504 0.818069 0.811740 0.807439 0.805112 0.804732 0.806294 0.809816 0.815343 0.822941 0.832707 0.844768 0.859283 0.876454 0.896530 0.872140 0.845860 0.823041 0.803306 0.786345 0.771907 0.759786 0.749819 0.741874 0.735850 0.731671 0.729287 0.728668 0.729806 0.732716 0.737433 0.744015 0.752545 0.763132 0.775918 0.749821 0.721385 0.696644 0.675116 0.656412 0.640218 0.626277 0.614377 0.604351 0.596059 0.589393 0.584266 0.580614 0.578392 0.577573 0.578147 0.580122 0.583521 0.588385 0.591325 0.595020 0.600217 0.606981 0.615398 0.625580 0.637667 0.651832 0.668286 0.687292 0.709168 0.734311 0.763207 0.796469 0.834865 0.879375 0.910199 0.903326 0.898705 0.896279 0.896020 0.897922 0.902011 0.908335 0.916974 0.928035 0.941662 0.958039 0.977391 1.000000 0.986435 5562.500000 1.340362 0.793702
0.697554 0.658153 0.624390 0.595285 0.570085 0.548199 0.529159 0.512591 0.498193 0.485719 0.474971 0.465786 0.458033 0.451603 0.446412 0.442392 0.439494 0.437681 0.436931 0.437235 0.438597 0.441033 0.444574 0.449263 0.455160 0.462342 0.470908 0.480977 0.492699 0.506257 0.521876 0.539830 0.560462 0.584198 0.611571 0.643261 0.680143 0.723360 0.774434 0.835434 0.909243 1.000000 0.971692 0.880032 0.805948 0.745025 0.694219 0.651370 0.614897 0.583625 0.556655 0.533295 0.513004 0.495349 0.479987 0.466640 0.455082 0.445128 0.436630 0.429466 0.423537 0.418765 0.415087 0.412459 0.410847 0.410233 0.410608 0.411977 0.414356 0.417776 0.422278 0.427921 0.434778 0.442943 0.452531 0.463685 0.476581 0.491432 0.508502 0.528120 0.550691 0.576730 0.606888 0.642005 0.683184 0.731891 0.790126 0.860682 0.875877 0.821913 0.775973 0.736577 0.702599 0.673168 0.647601 0.625356 0.606000 0.589183 0.574621 0.562083 0.551381 0.542360 0.534898 0.528896 0.524275 0.520979 0.518966 0.518213 0.518709 0.520462 0.523492 0.527836 0.533549 0.540704 0.549395 0.559741 0.571888 0.586016 0.602349 0.621157 0.642776 0.667621 0.696208 0.729188 0.767388 0.811877 0.798855 0.743878 19510.500000 1.309760 0.588622
0.889907 0.846323 0.808666 0.776008 0.747616 0.722908 0.701417 0.682764 0.666642 0.652800 0.641034 0.631179 0.623100 0.616692 0.611874 0.608585 0.606786 0.606453 0.607585 0.610193 0.614309 0.619986 0.627293 0.636327 0.647206 0.660081 0.675139 0.692607 0.712766 0.735960 0.762612 0.793251 0.828534 0.869294 0.916594 0.934431 0.891700 0.854675 0.822505 0.794513 0.770158 0.749003 0.730692 0.714936 0.701500 0.690191 0.680856 0.673370 0.667638 0.663588 0.661170 0.660354 0.661132 0.663511 0.667522 0.673213 0.680655 0.689945 0.701205 0.714588 0.730286 0.748533 0.769616 0.793890 0.821789 0.853851 0.890751 0.902018 0.866166 0.834990 0.807859 0.784266 0.763799 0.746125 0.730972 0.718117 0.707382 0.698621 0.691720 0.686593 0.683174 0.681423 0.681318 0.682858 0.686061 0.690967 0.697636 0.706153 0.716629 0.729203 0.744050 0.761388 0.781480 0.804652 0.827513 0.797503 0.771386 0.748672 0.728963 0.711937 0.697329 0.684926 0.674553 0.666070 0.659366 0.654357 0.650979 0.649193 0.648975 0.650324 0.653255 0.657804 0.664029 0.672006 0.681841 0.693663 0.707637 0.723966 0.742899 0.764739 0.789864 0.818735 0.851926 0.890158 0.934339 0.985633 1.000000 0.940612 1102.500000 1.093849 0.769633
0.971773 0.936847 0.906453 0.880022 0.857095 0.837299 0.820328 0.805934 0.793917 0.784113 0.776397 0.770669 0.766859 0.764921 0.764830 0.766585 0.770209 0.770964 0.762843 0.756696 0.752445 0.750038 0.749447 0.750663 0.753702 0.758600 0.765419 0.774244 0.785188 0.798397 0.814052 0.832379 0.849389 0.832110 0.817449 0.805203 0.795205 0.787326 0.781466 0.777551 0.775535 0.775392 0.777121 0.780743 0.786303 0.793867 0.803534 0.815427 0.829707 0.846572 0.866267 0.889092 0.915419 0.928374 0.911870 0.898068 0.886782 0.877865 0.871204 0.866715 0.864343 0.864061 0.865864 0.869774 0.875840 0.858480 0.839901 0.824052 0.810707 0.799683 0.790835 0.784048 0.779238 0.776346 0.775336 0.776197 0.778937 0.783592 0.790218 0.798897 0.809742 0.822895 0.838536 0.827669 0.818451 0.811369 0.806334 0.803285 0.802184 0.803018 0.805797 0.810555 0.817350 0.826268 0.837421 0.829945 0.812656 0.797955 0.785636 0.775532 0.767510 0.761467 0.757329 0.755046 0.754588 0.755951 0.759151 0.764227 0.771242 0.780284 0.791470 0.804948 0.820906 0.820850 0.818807 0.818741 0.820652 0.824563 0.830522 0.838603 0.848907 0.861570 0.876760 0.894689 0.915619 0.939870 0.967836 1.000000 14844.500000 1.102122 0.918665
1.000000 0.944338 0.896592 0.855403 0.819720 0.788719 0.761746 0.738277 0.717888 0.700236 0.685043 0.672080 0.661161 0.652137 0.644889 0.639324 0.635371 0.632983 0.632129 0.632801 0.635005 0.638769 0.644138 0.651181 0.659987 0.670673 0.679137 0.663225 0.649572 0.637974 0.628271 0.620331 0.614049 0.609347 0.606165 0.604466 0.604227 0.605446 0.608139 0.612337 0.618093 0.625479 0.634591 0.645551 0.658510 0.673657 0.691221 0.711485 0.730421 0.716389 0.704552 0.694745 0.686840 0.680735 0.676352 0.673637 0.672558 0.673102 0.675274 0.679102 0.684632 0.691934 0.701100 0.712251 0.725539 0.741152 0.759321 0.780330 0.804528 0.832344 0.864309 0.901085 0.943504 0.938458 0.886474 0.841869 0.803381 0.770032 0.741055 0.715842 0.693905 0.674850 0.658357 0.644166 0.632064 0.621879 0.613472 0.606731 0.601570 0.597925 0.595750 0.595019 0.595723 0.597871 0.601489 0.606621 0.613331 0.621707 0.631857 0.625382 0.612713 0.601969 0.592999 0.585683 0.579925 0.575653 0.572812 0.571370 0.571308 0.572625 0.575337 0.579478 0.585098 0.592270 0.601085 0.611663 0.624150 0.638729 0.655622 0.675103 0.697510 0.723257 0.752861 0.786969 0.826399 0.872201 0.925738 0.988816 3187.000000 1.332844 0.788289
0.853133 0.818423 0.788251 0.761996 0.739156 0.719328 0.702184 0.687455 0.674924 0.664414 0.655782 0.648914 0.643723 0.640145 0.638135 0.637669 0.638742 0.641365 0.645572 0.651415 0.658966 0.668323 0.679610 0.692984 0.708635 0.707527 0.694544 0.683646 0.674684 0.667543 0.662129 0.658375 0.656236 0.655685 0.656716 0.659342 0.663593 0.669523 0.677206 0.686740 0.698254 0.711904 0.727887 0.746444 0.767871 0.792529 0.820866 0.853438 0.890936 0.934235 0.984450 1.000000 0.956329 0.918433 0.885478 0.856798 0.831859 0.810227 0.791551 0.775542 0.761968 0.750637 0.741399 0.734132 0.728745 0.725171 0.723366 0.723307 0.724996 0.728451 0.733715 0.740854 0.749958 0.761144 0.774564 0.790403 0.802616 0.772497 0.746290 0.723488 0.703683 0.686544 0.671799 0.659230 0.648656 0.639933 0.632946 0.627606 0.623845 0.621618 0.620897 0.621674 0.623958 0.627777 0.633177 0.640227 0.649016 0.659662 0.672310 0.687139 0.704373 0.724284 0.747205 0.773548 0.803825 0.829358 0.816014 0.805002 0.796175 0.789421 0.784656 0.781819 0.780877 0.781819 0.784656 0.789421 0.796175 0.805002 0.816014 0.829358 0.845215 0.863812 0.885427 0.910401 0.939153 0.972199 0.939513 0.893165 888.500000 1.320751 0.827881
0.822243 0.859109 0.901711 0.896549 0.852825 0.815039 0.782264 0.753769 0.728972 0.707404 0.688687 0.672513 0.658632 0.646839 0.636968 0.628887 0.622488 0.617692 0.614438 0.612687 0.612416 0.613623 0.616323 0.620549 0.626352 0.633805 0.643006 0.654078 0.667172 0.682479 0.700232 0.714870 0.694582 0.676999 0.661840 0.648874 0.637913 0.628806 0.621431 0.615694 0.611521 0.608861 0.607682 0.607969 0.609726 0.612975 0.617754 0.624124 0.632165 0.641983 0.653711 0.667513 0.683592 0.702199 0.723639 0.748290 0.776616 0.809196 0.846760 0.890229 0.940793 1.000000 0.944728 0.886608 0.837124 0.794686 0.758081 0.726372 0.698825 0.674858 0.654004 0.635886 0.620198 0.606692 0.595166 0.585453 0.577421 0.570963 0.565996 0.562458 0.560306 0.559513 0.560070 0.561983 0.565275 0.569987 0.576179 0.583929 0.593338 0.604537 0.617682 0.632971 0.650644 0.670994 0.694386 0.721267 0.752199 0.787885 0.829224 0.832625 0.799258 0.770246 0.744999 0.723040 0.703987 0.687525 0.673401 0.661407 0.651375 0.643168 0.636681 0.631830 0.628555 0.626816 0.626593 0.627881 0.630697 0.635076 0.641071 0.648758 0.658236 0.669633 0.683106 0.698851 0.717106 0.738168 0.762395 0.790236 5876.000000 1.225023 0.755331
0.542680 0.544590 0.548376 0.553558 0.560202 0.568393 0.578241 0.589883 0.603486 0.619259 0.637455 0.658387 0.682440 0.710093 0.741945 0.778752 0.821485 0.871400 0.930160 1.000000 0.949986 0.883814 0.828125 0.780807 0.740292 0.705389 0.675182 0.648956 0.626143 0.606290 0.589033 0.574076 0.561178 0.550143 0.540812 0.533054 0.526767 0.521869 0.518299 0.516012 0.514980 0.515217 0.520053 0.526260 0.533919 0.543132 0.554027 0.566761 0.581528 0.598566 0.618166 0.640689 0.666583 0.696405 0.695073 0.692144 0.690896 0.691315 0.693406 0.697194 0.702727 0.710072 0.719324 0.730603 0.744062 0.759892 0.778326 0.799650 0.824218 0.852462 0.884918 0.922252 0.885709 0.833879 0.789576 0.751463 0.718510 0.689919 0.665057 0.643420 0.624605 0.608282 0.594186 0.582098 0.571843 0.563277 0.555909 0.549598 0.544726 0.541232 0.539073 0.538222 0.538670 0.540422 0.543499 0.547938 0.553796 0.561147 0.570087 0.580739 0.593253 0.607814 0.624651 0.644043 0.666335 0.691951 0.721423 0.755419 0.794786 0.840619 0.894347 0.925973 0.867569 0.817950 0.775466 0.738870 0.707199 0.679702 0.655783 0.634969 0.616875 0.601193 0.587668 0.576096 0.566309 0.558171 0.551574 0.546432 1907.000000 1.137029 0.683977
0.907670 1.000000 0.903943 0.821628 0.754720 0.699447 0.653183 0.614048 0.580657 0.551971 0.527196 0.505716 0.487045 0.470797 0.456663 0.444392 0.433781 0.424665 0.416907 0.410398 0.405051 0.400794 0.397574 0.395349 0.394094 0.393792 0.394440 0.396046 0.398630 0.402222 0.406869 0.412631 0.419583 0.427822 0.437466 0.448661 0.461584 0.476456 0.493547 0.513193 0.535811 0.561931 0.592228 0.627576 0.669126 0.718421 0.777580 0.849585 0.861621 0.806740 0.760153 0.720294 0.685977 0.656290 0.630522 0.608110 0.588607 0.571650 0.556947 0.544259 0.533394 0.524191 0.516524 0.510290 0.505407 0.501814 0.499467 0.498337 0.498410 0.499686 0.502183 0.505929 0.510972 0.517375 0.525222 0.534619 0.545696 0.558617 0.573579 0.590828 0.610663 0.633455 0.659666 0.689872 0.724808 0.765413 0.778142 0.725392 0.680875 0.642966 0.610448 0.582397 0.558096 0.536984 0.518614 0.502631 0.488745 0.476724 0.466376 0.457547 0.450110 0.443964 0.439027 0.435235 0.432541 0.430912 0.430328 0.430782 0.432280 0.434839 0.438491 0.443282 0.449274 0.456544 0.465193 0.475343 0.487145 0.500786 0.516493 0.534546 0.555293 0.579168 0.606715 0.638628 0.675804 0.719416 0.771030 0.832785 4371.500000 1.311653 0.588328
0.523884 0.523628 0.524637 0.526921 0.530508 0.535444 0.541790 0.549628 0.552195 0.553193 0.555534 0.559249 0.564382 0.570999 0.579185 0.589048 0.600726 0.614386 0.630235 0.648528 0.669575 0.693761 0.721564 0.753580 0.758470 0.754924 0.753218 0.753330 0.755262 0.759037 0.764701 0.772325 0.782006 0.793869 0.808074 0.798355 0.768889 0.743248 0.720943 0.701579 0.684834 0.670447 0.658206 0.647936 0.639499 0.632784 0.627705 0.624198 0.622221 0.621750 0.622778 0.618837 0.590580 0.566096 0.544821 0.526310 0.510203 0.496213 0.484105 0.473688 0.464806 0.457332 0.451165 0.446222 0.442441 0.439774 0.438188 0.437664 0.438697 0.441131 0.444670 0.449357 0.455252 0.462433 0.470997 0.481066 0.492787 0.506343 0.521960 0.539913 0.560543 0.584276 0.611647 0.643333 0.680211 0.723421 0.774487 0.835475 0.909267 1.000000 0.996902 0.930812 0.874916 0.827233 0.786275 0.750906 0.720242 0.693589 0.670396 0.650220 0.632702 0.617552 0.604533 0.593452 0.584152 0.576506 0.570414 0.565798 0.562601 0.560783 0.560323 0.561214 0.563467 0.567111 0.572189 0.578766 0.586926 0.596778 0.605180 0.589132 0.575264 0.563360 0.553244 0.544774 0.537836 0.532339 0.528212 0.525405 4450.000000 1.433050 0.755081
0.935672 0.966116 1.000000 0.966071 0.936551 0.910912 0.888722 0.869633 0.853360 0.839670 0.828376 0.819330 0.812416 0.807546 0.804661 0.803726 0.794521 0.773862 0.756024 0.740735 0.727771 0.716950 0.708127 0.701187 0.696042 0.692629 0.690906 0.690851 0.692464 0.695765 0.700794 0.707614 0.716309 0.726995 0.739813 0.754943 0.772605 0.793069 0.816668 0.843810 0.835357 0.818772 0.804734 0.793046 0.783555 0.776135 0.770694 0.767164 0.765502 0.765687 0.767723 0.771633 0.777466 0.785294 0.795217 0.807364 0.821898 0.839023 0.858990 0.870006 0.865473 0.863054 0.862722 0.864472 0.868325 0.874328 0.882556 0.893112 0.906134 0.921794 0.940310 0.961950 0.942074 0.907260 0.876964 0.850609 0.827728 0.807941 0.790939 0.776470 0.764329 0.754351 0.746405 0.740390 0.736231 0.733876 0.733297 0.734487 0.737461 0.742254 0.748926 0.756470 0.743382 0.732475 0.723601 0.716645 0.711519 0.708161 0.706527 0.706600 0.708380 0.711887 0.717166 0.724282 0.733325 0.744412 0.757693 0.773354 0.791623 0.812781 0.837174 0.828612 0.818003 0.809589 0.803262 0.798942 0.796577 0.796139 0.797622 0.801043 0.806445 0.813895 0.823486 0.835342 0.849621 0.866521 0.886285 0.909213 4215.500000 1.256798 0.898292
0.809768 0.837894 0.870217 0.907408 0.950310 1.000000 0.973172 0.935042 0.901878 0.873017 0.847926 0.826171 0.807401 0.791329 0.777722 0.766389 0.757180 0.749975 0.744683 0.741238 0.739599 0.739745 0.741678 0.745422 0.751022 0.758548 0.768096 0.779790 0.793787 0.794317 0.775589 0.759511 0.745847 0.734403 0.725026 0.717592 0.712007 0.708202 0.706128 0.705762 0.707099 0.710156 0.714968 0.721597 0.730125 0.740663 0.753350 0.768364 0.785919 0.806284 0.829784 0.856822 0.887891 0.879696 0.854287 0.832254 0.813239 0.796950 0.783151 0.771648 0.762289 0.754951 0.749541 0.745992 0.744262 0.744328 0.746193 0.749877 0.755428 0.762912 0.772426 0.784093 0.798070 0.814552 0.833781 0.856051 0.881726 0.910891 0.880293 0.853674 0.830559 0.810565 0.793377 0.778739 0.766445 0.756327 0.748252 0.742116 0.737843 0.735381 0.734699 0.735789 0.738664 0.743360 0.749935 0.758470 0.769076 0.781892 0.797097 0.814906 0.835588 0.859472 0.878790 0.845350 0.816256 0.790941 0.768945 0.749897 0.733494 0.719490 0.707684 0.697912 0.690047 0.683987 0.679655 0.676998 0.675984 0.676601 0.678856 0.682776 0.688410 0.695827 0.705124 0.716422 0.729874 0.745673 0.764051 0.785298 3482.500000 1.103977 0.848064
0.869202 0.831791 0.799313 0.771064 0.746481 0.725109 0.706582 0.690601 0.676921 0.665344 0.655710 0.647889 0.641781 0.637307 0.634414 0.633065 0.633243 0.634952 0.638212 0.643063 0.649565 0.657800 0.667877 0.679931 0.694130 0.710684 0.729849 0.751937 0.777335 0.806519 0.840083 0.844068 0.809524 0.779500 0.753373 0.730645 0.710910 0.693840 0.679169 0.666678 0.656191 0.647564 0.640685 0.635465 0.631840 0.629764 0.629212 0.630179 0.632674 0.636730 0.642396 0.649742 0.658865 0.669884 0.682950 0.698253 0.716021 0.736539 0.760151 0.787288 0.818478 0.854386 0.895845 0.943923 1.000000 0.976301 0.916628 0.865796 0.822181 0.784550 0.751944 0.723615 0.698965 0.677517 0.658887 0.642761 0.628884 0.617049 0.607087 0.598861 0.592263 0.587207 0.583632 0.581492 0.580762 0.581432 0.583512 0.587025 0.592016 0.598547 0.606702 0.616588 0.628340 0.642126 0.658151 0.676668 0.697988 0.722493 0.750654 0.783063 0.820463 0.863800 0.842222 0.816161 0.793519 0.773914 0.757033 0.742625 0.730481 0.720436 0.712356 0.706137 0.701702 0.698996 0.697986 0.698659 0.701025 0.705110 0.710967 0.718667 0.728309 0.740021 0.753962 0.770330 0.789368 0.811375 0.836717 0.865847 610.500000 1.162047 0.769889
0.968157 0.914713 0.860966 0.815040 0.775538 0.741392 0.711769 0.686011 0.663595 0.644100 0.627186 0.612575 0.600043 0.589404 0.580510 0.573241 0.567502 0.563220 0.560342 0.558833 0.558674 0.559863 0.562416 0.566362 0.571752 0.578652 0.587153 0.597368 0.609439 0.615308 0.620930 0.628182 0.637159 0.647980 0.660794 0.675787 0.693184 0.713264 0.736369 0.762921 0.793442 0.828586 0.869178 0.916274 0.971240 1.000000 0.942196 0.892743 0.850169 0.813340 0.781374 0.753573 0.729378 0.708342 0.690102 0.674361 0.660879 0.649459 0.639943 0.632202 0.626137 0.621671 0.618748 0.617333 0.617408 0.618974 0.622051 0.626676 0.632906 0.640821 0.650523 0.662143 0.675843 0.691825 0.710333 0.731670 0.756206 0.784401 0.816823 0.831497 0.801353 0.775120 0.752305 0.732509 0.715407 0.700736 0.688278 0.677861 0.669342 0.662612 0.657584 0.654195 0.652406 0.652192 0.653553 0.656505 0.661083 0.667344 0.675368 0.685258 0.697146 0.711198 0.727616 0.746652 0.740995 0.727093 0.715395 0.705740 0.698002 0.692081 0.687903 0.685416 0.684590 0.685416 0.687903 0.692081 0.698002 0.705740 0.715395 0.727093 0.740995 0.757299 0.776249 0.798143 0.823350 0.852320 0.885616 0.923934 1137.000000 1.154782 0.770705
0.723509 0.674665 0.633429 0.598301 0.568162 0.542157 0.519625 0.500048 0.483014 0.468193 0.455319 0.444175 0.434586 0.426407 0.419523 0.413838 0.409278 0.405785 0.403314 0.401835 0.401331 0.401794 0.403231 0.405659 0.409108 0.413621 0.419257 0.426088 0.432192 0.429161 0.427193 0.426266 0.426368 0.427500 0.429675 0.432922 0.437279 0.442802 0.449564 0.457655 0.467189 0.478305 0.491175 0.506010 0.523068 0.542669 0.565211 0.591193 0.621247 0.656186 0.697069 0.745300 0.802778 0.872140 0.957145 1.000000 0.924052 0.860754 0.807392 0.761988 0.723069 0.689512 0.660452 0.635211 0.613252 0.594143 0.577539 0.563157 0.550769 0.540187 0.531260 0.523865 0.517904 0.513299 0.509993 0.507945 0.507131 0.496385 0.481854 0.469249 0.458362 0.449026 0.441104 0.434486 0.429082 0.424821 0.421650 0.419529 0.418432 0.418346 0.419270 0.421216 0.424206 0.428277 0.433483 0.439889 0.447582 0.456668 0.467280 0.479580 0.493766 0.510083 0.528834 0.550392 0.564862 0.564442 0.565383 0.567697 0.571413 0.576575 0.583250 0.591523 0.601504 0.613330 0.627172 0.643238 0.661786 0.683129 0.707657 0.735850 0.768311 0.805799 0.849283 0.900020 0.959664 0.940745 0.853035 0.782008 1176.500000 1.969800 0.644896
0.941253 0.889925 0.845838 0.807767 0.774762 0.746074 0.721111 0.699394 0.680539 0.664232 0.650217 0.638288 0.628275 0.620042 0.613481 0.608508 0.605060 0.603097 0.602592 0.600152 0.590623 0.582775 0.576503 0.571727 0.568388 0.566445 0.565873 0.566666 0.568834 0.572402 0.577415 0.583937 0.578602 0.571281 0.565488 0.561150 0.558213 0.556640 0.556413 0.557528 0.560000 0.563858 0.569150 0.575944 0.584326 0.594408 0.606332 0.620268 0.636429 0.655076 0.676526 0.701176 0.729514 0.762152 0.799865 0.790918 0.771784 0.755330 0.741312 0.729531 0.719825 0.712067 0.706157 0.702022 0.699610 0.698893 0.699862 0.702529 0.706925 0.713105 0.721147 0.731154 0.743259 0.757627 0.774463 0.794022 0.816612 0.835843 0.792874 0.755839 0.723775 0.695930 0.671705 0.650625 0.632305 0.616433 0.602755 0.591063 0.581190 0.572999 0.566381 0.561251 0.557544 0.555215 0.547382 0.536082 0.526481 0.518446 0.511866 0.506657 0.502752 0.500102 0.498675 0.498453 0.499435 0.501631 0.505068 0.509790 0.515855 0.523342 0.532351 0.543007 0.555463 0.569910 0.586579 0.605756 0.627792 0.650402 0.667287 0.686770 0.709185 0.734943 0.764553 0.798655 0.838054 0.883782 0.937176 1.000000 7787.000000 1.316592 0.797383
0.843148 0.825975 0.811403 0.799229 0.789288 0.781450 0.775617 0.771715 0.769698 0.769540 0.771240 0.774818 0.780318 0.787809 0.797384 0.809168 0.823318 0.840032 0.859553 0.882178 0.908273 0.938289 0.956039 0.907490 0.865618 0.829350 0.797843 0.770431 0.746579 0.725855 0.707910 0.692459 0.679269 0.668153 0.658956 0.651557 0.645861 0.641796 0.639313 0.638382 0.638989 0.641145 0.644873 0.650221 0.657255 0.666065 0.676766 0.689506 0.704464 0.721862 0.741975 0.765137 0.791761 0.822356 0.857560 0.898174 0.945216 1.000000 0.965349 0.929944 0.899133 0.872332 0.849069 0.828960 0.811691 0.797008 0.784704 0.774611 0.766599 0.760564 0.756431 0.754149 0.753692 0.755054 0.758250 0.763320 0.770326 0.779358 0.790530 0.803993 0.819932 0.838576 0.821500 0.803345 0.787832 0.774738 0.763882 0.755120 0.748339 0.743454 0.740404 0.739153 0.739685 0.742006 0.746146 0.752154 0.760105 0.770102 0.782275 0.796789 0.813849 0.833708 0.846247 0.821923 0.800833 0.782637 0.767056 0.753864 0.742877 0.733949 0.726964 0.721833 0.718492 0.716901 0.717041 0.718914 0.722541 0.727968 0.735261 0.744514 0.755847 0.769413 0.785401 0.804045 0.825634 0.850520 0.879136 0.863174 1866.500000 1.130451 0.840014
0.528237 0.534460 0.542154 0.551420 0.562387 0.575212 0.590092 0.607263 0.627019 0.649722 0.675819 0.705873 0.740592 0.780881 0.827914 0.883241 0.948942 1.000000 0.891729 0.806366 0.737540 0.681050 0.634017 0.594400 0.560715 0.531855 0.506982 0.485448 0.466748 0.450481 0.436325 0.426278 0.423563 0.421892 0.421245 0.421614 0.423004 0.425431 0.428926 0.433532 0.439307 0.446328 0.454690 0.464512 0.475940 0.489152 0.504369 0.521860 0.541960 0.565087 0.591765 0.622660 0.658634 0.683027 0.664291 0.648074 0.634122 0.622225 0.612214 0.603952 0.597330 0.592262 0.588687 0.586559 0.585852 0.586559 0.588687 0.592262 0.597330 0.603952 0.612214 0.622225 0.634122 0.648074 0.664291 0.683027 0.694339 0.682743 0.673122 0.665349 0.659324 0.654971 0.652236 0.651086 0.651506 0.653503 0.657099 0.662340 0.669291 0.678040 0.688701 0.701420 0.716376 0.716332 0.684739 0.657332 0.633502 0.612764 0.594728 0.579078 0.565558 0.553960 0.544112 0.535876 0.529142 0.523821 0.519846 0.517168 0.515753 0.515584 0.516660 0.509365 0.500421 0.492952 0.486858 0.482061 0.478498 0.476127 0.474917 0.474854 0.475938 0.478182 0.481612 0.486272 0.492220 0.499535 0.508312 0.518676 4299.500000 1.365318 0.714813
0.637385 0.645287 0.643681 0.643629 0.645132 0.648206 0.652891 0.659243 0.667344 0.677298 0.689239 0.703334 0.719787 0.738852 0.760836 0.786121 0.815175 0.848582 0.887073 0.931572 0.983266 0.997938 0.975586 0.956466 0.940304 0.926874 0.915998 0.907535 0.901379 0.897454 0.895711 0.896129 0.898714 0.903496 0.894735 0.837832 0.789522 0.748184 0.712590 0.681797 0.655068 0.631821 0.611589 0.594000 0.578750 0.565591 0.554323 0.544782 0.536836 0.530377 0.525323 0.521608 0.519188 0.518032 0.518127 0.519473 0.522088 0.525768 0.529540 0.534663 0.541204 0.549246 0.558897 0.570292 0.583597 0.599014 0.616795 0.637246 0.660745 0.687765 0.718894 0.754879 0.796678 0.845533 0.903089 0.971564 1.000000 0.973932 0.951422 0.932124 0.915755 0.902087 0.890936 0.882157 0.875638 0.871298 0.869084 0.868969 0.867129 0.840521 0.817409 0.797403 0.780188 0.765505 0.753146 0.742941 0.734755 0.728484 0.724048 0.721393 0.720487 0.721319 0.723899 0.728258 0.734449 0.742552 0.752668 0.764932 0.779512 0.756235 0.730743 0.708565 0.689305 0.672642 0.658314 0.646108 0.635850 0.627401 0.620649 0.615507 0.611913 0.609820 0.609204 0.610058 0.612392 0.616234 0.621631 0.628651 644.500000 1.468193 0.809547
0.880178 0.917986 0.885703 0.846421 0.812349 0.782727 0.756949 0.734527 0.715069 0.698254 0.683821 0.671558 0.661292 0.652884 0.646224 0.641228 0.637834 0.636000 0.635703 0.636940 0.639726 0.644095 0.650101 0.657820 0.667351 0.678822 0.692391 0.708256 0.726655 0.747886 0.772312 0.800380 0.818668 0.791498 0.767864 0.747349 0.729613 0.714381 0.701427 0.690569 0.681658 0.674579 0.669242 0.665578 0.663545 0.663117 0.664288 0.667074 0.671508 0.677644 0.685560 0.695359 0.707169 0.721156 0.737519 0.756507 0.778424 0.803642 0.832622 0.865934 0.904292 0.948597 1.000000 0.964392 0.907460 0.858828 0.817012 0.780873 0.749525 0.722269 0.698550 0.677921 0.660019 0.644551 0.631278 0.620004 0.610570 0.602850 0.596743 0.592170 0.589075 0.587420 0.587185 0.588367 0.590980 0.595057 0.600647 0.607821 0.616673 0.627320 0.639909 0.654623 0.671687 0.691374 0.714022 0.740047 0.769966 0.804425 0.844243 0.890465 0.885269 0.851750 0.822586 0.797209 0.775163 0.756076 0.739646 0.725625 0.713814 0.704050 0.696204 0.690175 0.685888 0.683290 0.682349 0.683054 0.685413 0.689456 0.695231 0.702811 0.712293 0.723803 0.737496 0.753567 0.772257 0.793858 0.818732 0.847322 1345.500000 1.167800 0.772228
0.919635 0.999883 0.993388 0.933483 0.882396 0.838526 0.800650 0.767817 0.739281 0.714450 0.692848 0.674090 0.657864 0.643916 0.632038 0.622061 0.613851 0.607298 0.602320 0.598853 0.596856 0.596304 0.597190 0.599525 0.603338 0.608675 0.589721 0.572086 0.556778 0.543543 0.532175 0.522506 0.514398 0.507743 0.502454 0.498461 0.495716 0.494186 0.493851 0.494707 0.496765 0.500050 0.504603 0.510480 0.517758 0.526533 0.536927 0.549088 0.563202 0.579493 0.598239 0.619781 0.622230 0.619146 0.617573 0.617492 0.618901 0.621819 0.626279 0.632339 0.640074 0.649585 0.661000 0.674477 0.690212 0.708446 0.729475 0.753662 0.781454 0.813410 0.850226 0.892786 0.942220 1.000000 0.981510 0.899977 0.832803 0.776702 0.729328 0.688965 0.654329 0.624442 0.598544 0.576041 0.556462 0.539426 0.524628 0.511821 0.500802 0.491406 0.483500 0.476975 0.471745 0.467743 0.464920 0.463239 0.462681 0.463239 0.464920 0.467743 0.471745 0.476975 0.483500 0.491406 0.491479 0.488133 0.485996 0.485040 0.485254 0.486642 0.489220 0.493019 0.498087 0.504488 0.512306 0.521647 0.532641 0.545452 0.560277 0.577360 0.597001 0.619570 0.645529 0.675457 0.710089 0.750370 0.797532 0.853213 1433.000000 1.696275 0.701722
0.793671 0.736543 0.688635 0.648044 0.613367 0.583548 0.557775 0.535417 0.515978 0.499061 0.484348 0.471581 0.460551 0.451087 0.443050 0.436327 0.430828 0.426480 0.423228 0.421032 0.419865 0.419713 0.420574 0.422458 0.425389 0.429402 0.434549 0.440895 0.448526 0.457548 0.468090 0.480315 0.494418 0.510642 0.529284 0.550717 0.575404 0.603931 0.637048 0.675731 0.721265 0.775383 0.840469 0.919902 1.000000 0.906636 0.831048 0.768803 0.716840 0.672974 0.635611 0.603556 0.575899 0.551938 0.531119 0.513004 0.497243 0.483552 0.471700 0.461501 0.452801 0.445476 0.439426 0.434572 0.430850 0.428214 0.426632 0.426084 0.426563 0.428077 0.430642 0.434290 0.439068 0.445036 0.452274 0.460879 0.470974 0.482711 0.496274 0.511890 0.529838 0.550465 0.574202 0.601594 0.633332 0.670310 0.713700 0.765066 0.826546 0.820276 0.772600 0.731827 0.696737 0.666390 0.640053 0.617150 0.597218 0.579886 0.564854 0.551878 0.540759 0.531333 0.523470 0.517063 0.512030 0.508307 0.505847 0.504621 0.504614 0.505825 0.508269 0.511977 0.516993 0.523383 0.531228 0.540633 0.551732 0.564684 0.579689 0.596991 0.616889 0.639754 0.666045 0.696339 0.731366 0.772062 0.819645 0.862658 7742.000000 1.251952 0.593509
0.718620 0.705312 0.694129 0.684920 0.677563 0.671964 0.668053 0.665782 0.665123 0.666068 0.668630 0.672838 0.678745 0.686425 0.695976 0.707526 0.721232 0.737292 0.755945 0.777488 0.802285 0.798936 0.775309 0.754806 0.737089 0.721884 0.708967 0.698157 0.689307 0.682301 0.677051 0.673492 0.671579 0.671290 0.672620 0.675587 0.680226 0.686595 0.694773 0.704867 0.717012 0.731376 0.748166 0.767637 0.790104 0.815950 0.845650 0.879794 0.919119 0.964556 1.000000 0.946077 0.899729 0.859684 0.824955 0.794763 0.768489 0.745635 0.725799 0.708655 0.693934 0.681421 0.670939 0.662346 0.655530 0.650404 0.646903 0.644985 0.644628 0.645825 0.648592 0.652963 0.658992 0.666754 0.676350 0.687908 0.701587 0.717585 0.718794 0.706643 0.696545 0.688367 0.682003 0.677373 0.674418 0.673104 0.673414 0.675352 0.678941 0.684227 0.691273 0.700170 0.711035 0.724014 0.739290 0.757087 0.777682 0.801414 0.828698 0.860052 0.896114 0.892961 0.864823 0.840367 0.819175 0.800908 0.785288 0.772090 0.761132 0.752267 0.745382 0.740389 0.737226 0.735856 0.736261 0.738447 0.742440 0.748288 0.756065 0.765870 0.777831 0.792111 0.808909 0.825402 0.797602 0.773416 0.752413 0.734243 1052.500000 1.166420 0.834790
0.429165 0.427582 0.427036 0.427520 0.429039 0.431613 0.435273 0.440064 0.446049 0.453306 0.461935 0.472057 0.483825 0.497423 0.513080 0.531075 0.551756 0.575556 0.603019 0.634841 0.671918 0.715424 0.766930 0.828578 0.819336 0.787575 0.759948 0.735906 0.715009 0.696897 0.681282 0.667925 0.656633 0.647249 0.639650 0.633736 0.629432 0.626687 0.625465 0.625753 0.627553 0.630888 0.635799 0.642346 0.650613 0.660708 0.672768 0.686962 0.703499 0.722636 0.744687 0.728796 0.691010 0.658457 0.630283 0.605821 0.584543 0.566025 0.549929 0.535979 0.523950 0.513660 0.504958 0.497726 0.491867 0.487303 0.483980 0.481854 0.480900 0.481106 0.482476 0.485025 0.488785 0.493803 0.500142 0.507886 0.517139 0.528030 0.540721 0.541264 0.537386 0.534841 0.533601 0.533648 0.534985 0.537626 0.541605 0.546971 0.553792 0.562157 0.572178 0.583994 0.597780 0.613747 0.632154 0.653323 0.677647 0.705618 0.737852 0.775129 0.818449 0.869116 0.928855 1.000000 0.917830 0.845275 0.785103 0.734580 0.691733 0.655100 0.623578 0.596321 0.572670 0.552102 0.534202 0.518637 0.505136 0.493478 0.483485 0.475011 0.467936 0.462166 0.457625 0.453791 0.446454 0.440394 0.435531 0.431804 7220.000000 1.447370 0.706785
0.655417 0.707784 0.771267 0.849506 0.947954 1.000000 0.915767 0.846503 0.788746 0.740036 0.698578 0.663031 0.632376 0.605825 0.582761 0.562695 0.545235 0.530064 0.516926 0.505612 0.495952 0.487808 0.481066 0.475639 0.471456 0.468465 0.466628 0.465924 0.466344 0.467892 0.470589 0.474466 0.479573 0.485975 0.493755 0.503020 0.513901 0.526559 0.541194 0.558048 0.577422 0.599686 0.625302 0.654852 0.689077 0.728929 0.700200 0.667528 0.639241 0.614674 0.593302 0.574704 0.558542 0.544539 0.532473 0.522161 0.513454 0.506232 0.500399 0.495881 0.492619 0.490574 0.489721 0.490049 0.491562 0.494280 0.498235 0.503476 0.510070 0.518105 0.527688 0.538955 0.552073 0.567245 0.584724 0.604818 0.627908 0.654471 0.685104 0.720566 0.761835 0.810189 0.867328 0.935563 0.967010 0.864444 0.783254 0.717587 0.663553 0.618473 0.580438 0.548053 0.520279 0.496322 0.475569 0.457540 0.441854 0.428205 0.416347 0.406080 0.397241 0.389698 0.383341 0.378086 0.373861 0.370612 0.368299 0.366892 0.366376 0.366744 0.368000 0.370159 0.373248 0.377306 0.382384 0.388550 0.395887 0.404500 0.414516 0.426094 0.439427 0.454751 0.472362 0.492627 0.516007 0.543091 0.574636 0.611636 3350.000000 1.492274 0.568816
0.754254 0.728067 0.705279 0.685476 0.668321 0.653539 0.640908 0.630245 0.621404 0.614266 0.608741 0.604758 0.602268 0.601241 0.601665 0.603544 0.601785 0.594114 0.588036 0.583472 0.580365 0.578678 0.578391 0.579499 0.582016 0.585973 0.591418 0.598421 0.607072 0.617486 0.629807 0.644213 0.660924 0.680206 0.702391 0.727884 0.757191 0.790941 0.829934 0.875188 0.906615 0.893779 0.883400 0.875344 0.869509 0.865824 0.864242 0.864746 0.867342 0.872060 0.878959 0.888124 0.899673 0.913757 0.930565 0.950337 0.973362 1.000000 0.956003 0.871565 0.802609 0.745429 0.697423 0.656712 0.621907 0.591960 0.566066 0.543597 0.524058 0.507054 0.492268 0.479441 0.468366 0.458871 0.450819 0.444095 0.438610 0.434292 0.432644 0.439282 0.447221 0.456572 0.467472 0.480091 0.494635 0.511358 0.530574 0.552674 0.578148 0.607619 0.641885 0.681989 0.729311 0.785724 0.853826 0.909345 0.894864 0.882931 0.873388 0.866113 0.861016 0.858033 0.857129 0.858292 0.861536 0.866902 0.874454 0.870516 0.850816 0.833952 0.819680 0.807802 0.798159 0.790625 0.785105 0.781532 0.779862 0.780074 0.782171 0.786178 0.792145 0.800145 0.810281 0.822684 0.837521 0.855002 0.819014 0.784355 6143.500000 1.364785 0.766678
0.833869 0.896373 0.971537 0.967731 0.904027 0.850113 0.804096 0.764553 0.730393 0.700772 0.675022 0.652614 0.633122 0.616203 0.601575 0.589012 0.578328 0.569371 0.562021 0.556182 0.551778 0.548754 0.547075 0.546719 0.547682 0.549975 0.553627 0.558683 0.565206 0.573281 0.566070 0.547330 0.531029 0.516880 0.504650 0.494148 0.485220 0.477738 0.471603 0.466734 0.463068 0.460561 0.459180 0.458911 0.459748 0.461703 0.464799 0.469074 0.474583 0.481396 0.489604 0.499321 0.510687 0.523873 0.539092 0.556602 0.576724 0.599855 0.626491 0.657260 0.692962 0.734638 0.783656 0.841856 0.911767 0.996960 1.000000 0.927314 0.866424 0.814880 0.770877 0.733058 0.700385 0.672050 0.647418 0.625982 0.607337 0.591153 0.577164 0.565151 0.554938 0.546380 0.539362 0.533792 0.529598 0.526728 0.525148 0.524838 0.525795 0.528029 0.531568 0.536456 0.542755 0.550545 0.559931 0.571041 0.584038 0.577497 0.560455 0.545666 0.532889 0.521925 0.512613 0.504823 0.498449 0.493407 0.489634 0.487083 0.485722 0.485536 0.486521 0.488690 0.492069 0.496700 0.502642 0.509970 0.518784 0.529206 0.541385 0.555508 0.571802 0.590547 0.612087 0.636850 0.665371 0.698328 0.736587 0.781273 7892.500000 1.800249 0.668530
0.924725 0.897496 0.873869 0.853458 0.835947 0.821078 0.808643 0.798473 0.790437 0.784432 0.780383 0.778242 0.777981 0.779597 0.783111 0.788565 0.796027 0.805590 0.794111 0.764256 0.738278 0.715676 0.696044 0.679052 0.664433 0.651967 0.641478 0.632821 0.625882 0.620573 0.616826 0.614596 0.613856 0.611626 0.607008 0.603903 0.602273 0.602098 0.603377 0.606124 0.610374 0.616178 0.623611 0.632769 0.643773 0.656777 0.671970 0.689582 0.709899 0.733270 0.760125 0.770660 0.764965 0.761174 0.759240 0.759140 0.760873 0.764459 0.769943 0.777393 0.786903 0.798596 0.812628 0.829197 0.848541 0.870958 0.896811 0.926546 0.960714 1.000000 0.962685 0.916310 0.876211 0.841417 0.811161 0.784830 0.761932 0.742070 0.724919 0.710215 0.697743 0.687329 0.678833 0.672144 0.667176 0.663870 0.662183 0.662096 0.663607 0.666735 0.671518 0.678016 0.670152 0.655742 0.643456 0.633119 0.624590 0.617756 0.612530 0.608846 0.606659 0.605941 0.606686 0.608901 0.612613 0.617869 0.624734 0.633295 0.643667 0.655991 0.670442 0.687238 0.706643 0.728983 0.749879 0.750323 0.752582 0.756683 0.762676 0.770636 0.780665 0.792894 0.807488 0.824653 0.844643 0.867768 0.894411 0.925041 820.500000 1.290714 0.863125
0.935321 0.890404 0.851561 0.817853 0.788540 0.763029 0.740847 0.721607 0.704996 0.690760 0.678689 0.668617 0.660407 0.653952 0.649171 0.646005 0.644414 0.644379 0.645901 0.648996 0.653704 0.660083 0.668213 0.678200 0.690178 0.704314 0.720814 0.739931 0.761975 0.787328 0.816461 0.849959 0.818182 0.787515 0.760830 0.737613 0.717449 0.699999 0.684989 0.672194 0.661433 0.652558 0.645453 0.640026 0.636209 0.633956 0.633238 0.634049 0.636396 0.640309 0.645836 0.653046 0.662032 0.672913 0.685837 0.700989 0.718595 0.738935 0.762350 0.789262 0.820190 0.855788 0.896874 0.944495 1.000000 0.998940 0.945043 0.898719 0.858695 0.823985 0.793810 0.767551 0.744710 0.724886 0.707750 0.693036 0.680528 0.670049 0.661457 0.654640 0.649511 0.646005 0.644081 0.643714 0.644901 0.647654 0.652009 0.658019 0.665760 0.675331 0.686860 0.700506 0.716467 0.734984 0.756354 0.780941 0.796170 0.770106 0.747439 0.727771 0.710780 0.696203 0.683826 0.673476 0.665013 0.658326 0.653330 0.649964 0.648186 0.647974 0.649326 0.652258 0.656807 0.663027 0.670999 0.680825 0.692637 0.706597 0.722910 0.741823 0.763641 0.788739 0.817579 0.850736 0.888928 0.933064 0.984307 0.987516 714.500000 1.232951 0.766660
0.799607 0.861571 0.936391 0.891663 0.836178 0.788983 0.748538 0.713673 0.683484 0.657265 0.634456 0.614607 0.597358 0.582415 0.569541 0.558540 0.549253 0.541554 0.535340 0.530530 0.527064 0.524900 0.524010 0.524385 0.526028 0.528960 0.533217 0.538851 0.545935 0.554562 0.564848 0.576939 0.591014 0.607293 0.626044 0.647601 0.672372 0.700869 0.733735 0.771785 0.816072 0.867968 0.906621 0.839324 0.783082 0.735566 0.695065 0.660299 0.630291 0.604284 0.581685 0.562020 0.544911 0.530052 0.517195 0.506137 0.496714 0.488791 0.482260 0.477036 0.473051 0.470256 0.468616 0.468111 0.468735 0.470496 0.473415 0.477528 0.482887 0.489560 0.497635 0.507224 0.518464 0.531522 0.546606 0.563969 0.583924 0.606859 0.633258 0.663729 0.699050 0.740225 0.788573 0.845857 0.914493 0.997867 1.000000 0.913573 0.842765 0.783897 0.734370 0.692297 0.656280 0.625256 0.598410 0.575103 0.554830 0.537187 0.521850 0.508556 0.497091 0.487278 0.478978 0.472073 0.466473 0.462104 0.458911 0.456856 0.455912 0.456068 0.457327 0.459703 0.463226 0.467939 0.473902 0.481194 0.489912 0.500179 0.512146 0.525998 0.541962 0.560317 0.581409 0.605667 0.633631 0.665984 0.703604 0.747639 1370.000000 1.180039 0.598502
0.564636 0.532421 0.504834 0.481067 0.460497 0.442636 0.427100 0.413580 0.401828 0.391642 0.382860 0.375348 0.368996 0.363718 0.359442 0.356113 0.353690 0.352142 0.351451 0.351608 0.352614 0.354483 0.357237 0.360911 0.365550 0.371217 0.377986 0.385955 0.395239 0.405983 0.418363 0.432598 0.448954 0.467768 0.489457 0.514556 0.543749 0.577929 0.618285 0.666425 0.724588 0.795975 0.885331 1.000000 0.973808 0.882070 0.807907 0.746908 0.696032 0.653118 0.616588 0.585263 0.558247 0.534847 0.514519 0.496832 0.481443 0.468072 0.456494 0.446524 0.438014 0.430840 0.424904 0.420128 0.416451 0.413825 0.412220 0.411614 0.412001 0.413386 0.415786 0.419229 0.423759 0.429434 0.436328 0.444536 0.454174 0.465384 0.478344 0.493268 0.510424 0.530138 0.552822 0.578991 0.609302 0.644600 0.685993 0.709145 0.677790 0.650592 0.626944 0.606365 0.588467 0.572935 0.559516 0.548000 0.538220 0.530037 0.523341 0.518045 0.514081 0.511399 0.509968 0.509769 0.510801 0.513075 0.516620 0.521479 0.527714 0.535405 0.544655 0.555593 0.568376 0.583199 0.600301 0.619975 0.642582 0.668573 0.698508 0.733099 0.773253 0.820152 0.875352 0.849788 0.767766 0.701726 0.647584 0.602545 19881.500000 1.550295 0.563138
0.819331 0.788271 0.761246 0.737732 0.717303 0.699614 0.684387 0.671391 0.660440 0.651386 0.644107 0.638510 0.634525 0.632102 0.631213 0.631847 0.634011 0.637731 0.643053 0.650045 0.651613 0.641416 0.633035 0.626360 0.621305 0.617807 0.615824 0.615331 0.616323 0.618810 0.622825 0.628416 0.635653 0.644630 0.655466 0.668310 0.683346 0.700802 0.720955 0.744148 0.770801 0.781700 0.769123 0.758744 0.750424 0.744058 0.739566 0.736893 0.736005 0.736893 0.739566 0.744058 0.750424 0.758744 0.769123 0.781700 0.796646 0.814175 0.834547 0.858086 0.885186 0.882598 0.846591 0.815293 0.788058 0.764366 0.743796 0.726008 0.710722 0.697713 0.686797 0.677825 0.670679 0.665268 0.661525 0.659403 0.658877 0.659941 0.662606 0.666907 0.672895 0.680647 0.690261 0.701866 0.715622 0.731725 0.750419 0.738338 0.717082 0.698653 0.682750 0.669131 0.657598 0.647991 0.640180 0.634065 0.629568 0.626633 0.625225 0.625326 0.626937 0.630079 0.634789 0.641127 0.649172 0.659029 0.663184 0.663455 0.665330 0.668831 0.674001 0.680906 0.689631 0.700292 0.713033 0.728032 0.745511 0.765739 0.789050 0.815852 0.846650 0.882072 0.922909 0.970161 1.000000 0.944208 0.896358 0.855084 2432.500000 1.241474 0.837995
0.792207 0.763003 0.737589 0.715482 0.696290 0.679695 0.665439 0.653310 0.643137 0.634781 0.628134 0.623110 0.619647 0.617702 0.617252 0.618290 0.620831 0.624904 0.630559 0.637869 0.646927 0.657854 0.670800 0.685951 0.703537 0.723837 0.747198 0.774044 0.804902 0.796159 0.753026 0.715962 0.683946 0.656184 0.632051 0.611050 0.592782 0.576924 0.563214 0.551438 0.541422 0.533025 0.526132 0.520653 0.516519 0.513678 0.512095 0.511750 0.512640 0.514776 0.518183 0.522904 0.528997 0.536542 0.545639 0.556413 0.569020 0.583649 0.600536 0.619968 0.642297 0.667965 0.697520 0.731656 0.771258 0.817475 0.871818 0.936318 1.000000 0.936922 0.883331 0.837447 0.797923 0.763717 0.734020 0.708188 0.685708 0.666167 0.649229 0.634622 0.622124 0.611554 0.602764 0.595639 0.590084 0.586031 0.583430 0.582247 0.582470 0.584101 0.587160 0.591683 0.597728 0.605371 0.614713 0.625878 0.639025 0.645944 0.629665 0.615633 0.603636 0.593499 0.585084 0.578278 0.572992 0.569161 0.566738 0.565692 0.566010 0.567698 0.570775 0.575278 0.581265 0.588811 0.598016 0.609003 0.621928 0.636981 0.654396 0.674461 0.697529 0.724037 0.754528 0.789687 0.830380 0.877725 0.864552 0.825804 12017.500000 1.306105 0.736539
1.000000 0.922640 0.858309 0.804176 0.758184 0.718806 0.684884 0.655529 0.630041 0.607871 0.588578 0.571808 0.557271 0.544736 0.534010 0.524938 0.517395 0.511280 0.506514 0.503037 0.500311 0.496820 0.494561 0.493506 0.493642 0.494971 0.497508 0.501286 0.506351 0.512767 0.520618 0.530010 0.541074 0.553974 0.568907 0.586119 0.605910 0.628652 0.654806 0.684953 0.719828 0.724407 0.722529 0.722396 0.724008 0.727383 0.732563 0.739612 0.748618 0.759700 0.773005 0.788718 0.807067 0.828334 0.852862 0.861850 0.837902 0.817163 0.799306 0.784061 0.771210 0.760576 0.752018 0.745427 0.740719 0.737836 0.736744 0.737429 0.739900 0.744186 0.750340 0.758439 0.768586 0.734191 0.703537 0.676906 0.653734 0.633573 0.616057 0.600893 0.587839 0.576701 0.567317 0.559561 0.553329 0.548541 0.545138 0.543076 0.542332 0.542896 0.544774 0.542917 0.542149 0.542688 0.544541 0.547732 0.552298 0.558297 0.565806 0.574923 0.585774 0.598512 0.613326 0.630450 0.650168 0.672833 0.698880 0.711000 0.704801 0.700383 0.697690 0.696690 0.697370 0.699739 0.703825 0.709679 0.717374 0.727009 0.738709 0.752635 0.768984 0.788000 0.809981 0.835294 0.864389 0.897826 0.936299 0.980686 7174.500000 1.340571 0.803368
0.888185 0.891324 0.856067 0.825406 0.798723 0.775521 0.755397 0.738025 0.723136 0.710514 0.699982 0.691400 0.684655 0.679661 0.676358 0.674704 0.674679 0.676284 0.679537 0.684479 0.691171 0.699696 0.710167 0.722724 0.737541 0.754836 0.774872 0.777344 0.763390 0.751706 0.742136 0.734554 0.728864 0.724994 0.722897 0.722548 0.723943 0.727098 0.732052 0.738866 0.747626 0.758446 0.771469 0.786876 0.804889 0.825783 0.849892 0.877629 0.909502 0.946143 0.988342 1.000000 0.955807 0.917472 0.884141 0.855135 0.829907 0.808016 0.789103 0.772874 0.759091 0.747560 0.738126 0.730665 0.725083 0.721310 0.719300 0.719029 0.720493 0.723710 0.728719 0.735582 0.744387 0.755246 0.768305 0.783745 0.769508 0.748807 0.730905 0.715523 0.702432 0.691447 0.682420 0.675231 0.669788 0.666024 0.663893 0.663368 0.664443 0.667132 0.671467 0.677501 0.685311 0.694997 0.706687 0.720543 0.736764 0.755593 0.777333 0.802350 0.831100 0.864147 0.902193 0.946128 0.947891 0.915703 0.887697 0.863371 0.842319 0.824206 0.808764 0.795772 0.785052 0.776462 0.769893 0.765263 0.762513 0.761612 0.762548 0.765332 0.769998 0.776604 0.785232 0.795993 0.809030 0.824519 0.842684 0.863794 6523.000000 1.197248 0.840730
0.592644 0.592457 0.570660 0.551692 0.535192 0.520869 0.508486 0.497849 0.488802 0.481216 0.474989 0.470039 0.466303 0.463734 0.462301 0.461986 0.462786 0.464710 0.467781 0.472039 0.477535 0.484342 0.492549 0.502270 0.513645 0.526845 0.542083 0.559616 0.579765 0.602925 0.629593 0.660394 0.696126 0.737826 0.786857 0.845048 0.914914 1.000000 0.923527 0.857186 0.801540 0.754384 0.714094 0.679442 0.649491 0.623507 0.600914 0.581253 0.564153 0.549316 0.536499 0.525504 0.516169 0.508363 0.501981 0.496939 0.493174 0.490639 0.489302 0.489148 0.490175 0.492394 0.495834 0.500536 0.504996 0.492009 0.480803 0.471205 0.463077 0.456305 0.450799 0.446487 0.443314 0.441242 0.440244 0.440310 0.441439 0.443645 0.446956 0.451412 0.457071 0.464004 0.472307 0.482095 0.493511 0.506732 0.521972 0.539498 0.559636 0.582795 0.609484 0.640352 0.676230 0.718200 0.767695 0.826657 0.897771 0.984055 0.912888 0.853238 0.802720 0.759578 0.722488 0.690437 0.662638 0.638469 0.617437 0.599143 0.583267 0.569547 0.557771 0.547764 0.539387 0.532526 0.527091 0.523013 0.520242 0.518743 0.518497 0.519503 0.521773 0.525333 0.530229 0.536521 0.544292 0.553644 0.564707 0.577642 4581.500000 1.782845 0.657697
0.616795 0.637827 0.661996 0.689795 0.721847 0.741026 0.729686 0.720398 0.713039 0.707517 0.703761 0.701727 0.701390 0.702744 0.705808 0.710618 0.717234 0.725739 0.736243 0.748886 0.763844 0.781331 0.801615 0.825020 0.851948 0.882891 0.918462 0.885563 0.835909 0.793338 0.756626 0.724832 0.697213 0.673184 0.652275 0.634108 0.618374 0.604825 0.593254 0.583498 0.575421 0.568916 0.563900 0.560310 0.558102 0.557247 0.557737 0.559577 0.562790 0.567415 0.573509 0.581151 0.590441 0.601505 0.614500 0.629620 0.647101 0.667234 0.690376 0.716970 0.747569 0.782865 0.798577 0.767539 0.740541 0.717047 0.696624 0.678923 0.663658 0.650597 0.639552 0.630368 0.622924 0.617124 0.612893 0.610179 0.608950 0.609191 0.610904 0.614111 0.618849 0.625180 0.633183 0.642962 0.654649 0.668410 0.684446 0.703005 0.724393 0.748984 0.777241 0.809742 0.847209 0.890561 0.940978 1.000000 0.952605 0.886493 0.830833 0.783526 0.743009 0.708098 0.677881 0.651643 0.628819 0.608956 0.591692 0.576731 0.563833 0.552802 0.543478 0.535732 0.529462 0.524586 0.521043 0.518789 0.517797 0.518053 0.519563 0.522343 0.526428 0.531869 0.538735 0.547116 0.557125 0.568903 0.582624 0.598501 20002.500000 1.339570 0.743738
1.000000 0.916574 0.847882 0.790539 0.742136 0.700910 0.665542 0.635028 0.608591 0.585622 0.565636 0.548247 0.533142 0.520065 0.508812 0.499212 0.491129 0.484452 0.479092 0.474982 0.472069 0.470318 0.469708 0.470230 0.471891 0.474712 0.478727 0.483987 0.490558 0.498528 0.508005 0.519124 0.532051 0.546990 0.564191 0.583960 0.606681 0.632827 0.662997 0.697954 0.738681 0.786467 0.843035 0.867870 0.814373 0.768834 0.729783 0.696103 0.666930 0.641588 0.619539 0.600353 0.583684 0.569250 0.556822 0.546212 0.537269 0.529871 0.523918 0.519335 0.516064 0.514064 0.513312 0.513798 0.515528 0.518523 0.522820 0.528472 0.535553 0.544154 0.554394 0.566417 0.580402 0.596569 0.615187 0.636587 0.661180 0.689478 0.722124 0.759936 0.803971 0.855611 0.916700 0.913253 0.839683 0.778819 0.727817 0.684633 0.647759 0.616062 0.588675 0.564922 0.544272 0.526302 0.510671 0.497105 0.485380 0.475314 0.466759 0.459594 0.453722 0.449067 0.445568 0.443183 0.441883 0.441650 0.442484 0.444393 0.447401 0.451546 0.456879 0.463469 0.471405 0.480795 0.491776 0.504514 0.519214 0.536126 0.555560 0.577902 0.603630 0.633353 0.667847 0.708118 0.755495 0.811762 0.879374 0.961799 13180.500000 1.189531 0.597844
0.913557 0.899922 0.888798 0.880039 0.873536 0.869206 0.866998 0.866884 0.868862 0.872958 0.879220 0.887728 0.898587 0.911939 0.885812 0.852580 0.823664 0.798505 0.776653 0.757742 0.741474 0.727606 0.715941 0.706318 0.698611 0.692721 0.688575 0.686121 0.685330 0.686192 0.684179 0.674547 0.666767 0.660737 0.656383 0.653650 0.652505 0.652934 0.654943 0.658556 0.663816 0.670791 0.679568 0.690263 0.703020 0.718020 0.735485 0.755687 0.773688 0.777559 0.783366 0.791181 0.801103 0.813260 0.827818 0.844979 0.864994 0.888173 0.914892 0.945618 0.980924 1.000000 0.972436 0.948575 0.928039 0.910520 0.895769 0.883582 0.873800 0.866295 0.860975 0.857774 0.856653 0.857598 0.860621 0.865758 0.873073 0.882657 0.894632 0.909158 0.878687 0.842705 0.811432 0.784218 0.760544 0.739987 0.722207 0.706924 0.693911 0.682985 0.673996 0.666826 0.661383 0.657600 0.650842 0.643110 0.637076 0.632664 0.629820 0.628508 0.628714 0.630439 0.633704 0.638549 0.645036 0.653245 0.663284 0.675289 0.689428 0.705909 0.724986 0.746972 0.772253 0.801302 0.834712 0.869727 0.868634 0.869637 0.872748 0.878003 0.885468 0.895236 0.907433 0.922219 0.939796 0.960415 0.949138 0.929886 1873.500000 1.292655 0.884281
0.880415 0.907483 0.938600 0.949389 0.924468 0.902942 0.884478 0.868805 0.855703 0.844996 0.836544 0.830240 0.826005 0.823787 0.823560 0.825321 0.829092 0.834917 0.842870 0.853050 0.865591 0.862933 0.830841 0.802915 0.778621 0.757525 0.739275 0.723587 0.710226 0.699003 0.689765 0.682391 0.676785 0.672879 0.670624 0.669993 0.670978 0.673591 0.677863 0.683849 0.691622 0.701282 0.712958 0.726810 0.743037 0.759975 0.752309 0.746577 0.742708 0.740653 0.740389 0.741911 0.745239 0.750413 0.757497 0.766580 0.777780 0.791246 0.807166 0.825770 0.847341 0.872227 0.900855 0.933752 0.971572 1.000000 0.966888 0.938086 0.913087 0.891477 0.872921 0.857144 0.843925 0.833083 0.824478 0.817999 0.813566 0.811124 0.810644 0.812119 0.815569 0.821034 0.828583 0.838309 0.832525 0.805149 0.781338 0.760675 0.742821 0.727498 0.714480 0.703586 0.694667 0.687607 0.682316 0.678729 0.676802 0.676510 0.677851 0.680840 0.685516 0.691934 0.700176 0.710349 0.722588 0.737063 0.753983 0.773606 0.796248 0.822295 0.811206 0.797636 0.786375 0.777275 0.770217 0.765113 0.761900 0.760537 0.761010 0.763324 0.767506 0.773608 0.781706 0.791904 0.804334 0.819166 0.836609 0.856919 1846.500000 1.260855 0.882472
0.636196 0.595974 0.561808 0.532561 0.507369 0.485571 0.466646 0.450185 0.435860 0.423406 0.412612 0.403301 0.395333 0.388591 0.382983 0.378433 0.374882 0.372286 0.370613 0.369841 0.369962 0.370977 0.372898 0.375749 0.379566 0.384397 0.390304 0.397368 0.405688 0.415386 0.426612 0.439550 0.454426 0.471520 0.491180 0.513842 0.540061 0.570547 0.606229 0.648339 0.698543 0.759157 0.833489 0.926431 1.000000 0.909095 0.835184 0.774113 0.722987 0.679733 0.642823 0.611111 0.583721 0.559973 0.539329 0.521365 0.505738 0.492172 0.480442 0.470365 0.461791 0.454600 0.448694 0.443995 0.440444 0.437996 0.436620 0.436302 0.437036 0.438831 0.441710 0.445707 0.450874 0.457276 0.465000 0.474150 0.484859 0.497289 0.511638 0.528150 0.547126 0.568937 0.594050 0.623052 0.656696 0.695952 0.742101 0.711022 0.677833 0.649098 0.624142 0.602432 0.583540 0.567122 0.552898 0.540640 0.530164 0.521318 0.513980 0.508053 0.503460 0.500143 0.498062 0.497191 0.497519 0.499051 0.501805 0.505815 0.511131 0.517820 0.525971 0.535694 0.547126 0.560435 0.575831 0.593566 0.613955 0.637384 0.664337 0.695419 0.731400 0.773273 0.822333 0.880304 0.899016 0.811730 0.741522 0.684008 1845.000000 1.432162 0.576014
0.841158 0.781817 0.731943 0.689613 0.653400 0.622224 0.595256 0.571850 0.551492 0.533776 0.518373 0.505017 0.493490 0.483617 0.475253 0.468283 0.462613 0.458169 0.454895 0.452751 0.451710 0.451759 0.452899 0.455145 0.458523 0.463076 0.468860 0.475952 0.484447 0.494464 0.506149 0.519681 0.535282 0.553223 0.573838 0.597545 0.624865 0.656460 0.693179 0.736128 0.786771 0.847088 0.919821 0.916158 0.856605 0.806145 0.763036 0.725963 0.693920 0.666123 0.641954 0.620921 0.602628 0.586755 0.573043 0.561277 0.551287 0.542931 0.536097 0.530695 0.526657 0.523933 0.522489 0.522308 0.523387 0.525740 0.529396 0.534399 0.540812 0.548720 0.558227 0.569466 0.582598 0.597825 0.615391 0.635599 0.658820 0.685515 0.716265 0.751798 0.793051 0.841239 0.897965 0.852611 0.794767 0.745955 0.704391 0.668741 0.637988 0.611347 0.588202 0.568065 0.550543 0.535320 0.522141 0.510796 0.501115 0.492960 0.486219 0.480802 0.476640 0.473681 0.471888 0.471240 0.471728 0.473359 0.476152 0.480142 0.485379 0.491929 0.499880 0.509338 0.520440 0.533350 0.548271 0.565452 0.585200 0.607895 0.634011 0.664142 0.699049 0.739710 0.787407 0.843852 0.911380 0.993256 1.000000 0.912626 1032.000000 1.183873 0.598241
0.784561 0.760596 0.739782 0.721769 0.706273 0.693064 0.681952 0.672786 0.665445 0.659835 0.655885 0.653548 0.652794 0.653615 0.656020 0.660040 0.665722 0.673138 0.682385 0.693583 0.706886 0.722484 0.740610 0.761551 0.785658 0.813365 0.845209 0.881858 0.924157 0.973181 0.946269 0.888148 0.838657 0.796207 0.759589 0.727868 0.700309 0.676331 0.655467 0.637342 0.621649 0.608141 0.596613 0.586903 0.578875 0.572425 0.567468 0.563944 0.561808 0.561035 0.561615 0.563556 0.566880 0.571629 0.577862 0.585659 0.595123 0.598977 0.594432 0.591369 0.589751 0.589558 0.590788 0.593456 0.597595 0.603255 0.610508 0.619448 0.630194 0.642897 0.657739 0.674946 0.694798 0.717633 0.743873 0.774041 0.808790 0.848947 0.895570 0.950034 1.000000 0.950086 0.906999 0.869655 0.837201 0.808962 0.784393 0.763057 0.744597 0.728723 0.715199 0.703832 0.694468 0.686983 0.681281 0.677292 0.674966 0.674274 0.675209 0.677781 0.679437 0.661211 0.645452 0.631913 0.620394 0.610733 0.602798 0.596486 0.591714 0.588425 0.586578 0.586150 0.587135 0.589547 0.593414 0.598784 0.605725 0.614326 0.624702 0.636995 0.651382 0.668081 0.687357 0.709540 0.735032 0.764333 0.798071 0.812104 1036.000000 1.286033 0.772786
0.868044 0.814022 0.768072 0.728694 0.694750 0.665358 0.639831 0.617624 0.598299 0.581505 0.566957 0.554422 0.543711 0.534670 0.527173 0.521122 0.516438 0.513063 0.510955 0.510087 0.510450 0.512049 0.514901 0.519043 0.524526 0.531420 0.539815 0.549826 0.561594 0.575292 0.591135 0.609385 0.630365 0.654474 0.682209 0.714196 0.733541 0.720634 0.709853 0.701054 0.694123 0.688970 0.685533 0.683769 0.683657 0.685195 0.688403 0.693319 0.700004 0.708542 0.719046 0.731654 0.746543 0.763929 0.784079 0.807317 0.834046 0.864760 0.900074 0.940758 0.882201 0.830825 0.786895 0.749091 0.716399 0.688030 0.663359 0.641890 0.623220 0.607027 0.593047 0.581064 0.570905 0.562426 0.555514 0.550079 0.546051 0.543382 0.542039 0.542004 0.543279 0.545877 0.549832 0.555191 0.562023 0.570417 0.580485 0.592367 0.606237 0.622307 0.640839 0.662152 0.686642 0.714802 0.747248 0.760803 0.735956 0.714348 0.695600 0.679406 0.665516 0.653725 0.643870 0.635816 0.629458 0.624717 0.621533 0.619866 0.619698 0.621025 0.623865 0.628250 0.634237 0.641900 0.651339 0.662680 0.676080 0.691734 0.709881 0.730815 0.754893 0.782563 0.814374 0.851018 0.893369 0.942545 1.000000 0.932151 7809.000000 1.400093 0.744326
