35
1000 1000
6 160 82 219 93 279 124 234 182 164 191 140 141
7 26 89 50 78 81 77 104 109 89 129 54 125 21 114
8 2 22 25 28 38 35 49 38 49 67 22 73 5 70 -8 49
6 -12 32 7 14 28 12 49 36 31 52 -1 56
4 155 346 257 247 349 363 253 446
8 21 65 24 33 49 15 74 38 98 73 76 97 53 100 17 111
5 15 5 47 4 79 20 53 54 24 34
8 -4 51 33 24 60 7 76 25 99 57 95 76 60 111 8 87
4 44 -10 73 15 45 44 4 22
8 22 95 40 78 56 79 72 69 67 95 72 108 48 125 30 121
6 28 18 69 -5 69 33 46 61 18 87 1 44
8 31 26 45 33 54 28 62 42 52 48 42 60 34 51 27 44
5 1 3 15 -8 39 16 16 27 -4 21
6 15 5 49 6 71 23 42 55 19 47 -2 32
6 14 99 33 59 66 76 101 104 72 138 23 164
8 -16 15 41 -5 73 21 91 41 52 71 39 92 -5 103 0 55
6 19 24 42 20 61 44 41 63 15 73 6 46
6 6 4 28 -5 36 18 21 33 4 31 -2 17
4 114 -11 210 39 121 107 25 64
6 -1 43 11 29 49 23 44 47 39 61 14 82
3 42 -1 101 42 35 83
3 0 -2 40 21 1 46
5 5 10 28 2 50 25 34 45 -3 38
8 12 -1 56 -7 82 3 115 18 82 61 60 75 29 60 -3 39
8 46 61 65 62 87 64 103 87 92 101 68 111 47 103 37 87
8 15 24 13 7 26 14 31 19 44 27 37 37 25 37 12 42
5 44 84 107 49 122 113 88 157 33 137
5 96 182 146 161 187 200 156 259 77 233
8 17 30 36 29 46 43 65 50 50 68 37 78 16 69 5 55
5 -28 49 95 1 127 128 92 197 11 170
6 -4 17 3 5 17 6 27 17 21 33 7 32
5 1 43 70 38 119 91 80 143 16 123
7 30 17 51 -4 108 8 121 57 89 75 48 114 28 78
5 26 5 56 -7 91 27 57 66 15 48
7 43 48 55 45 67 43 74 53 67 69 49 71 39 63
