45
1000 1000
8 48 26 62 20 69 28 73 37 74 47 65 55 56 43 52 40
5 32 29 59 13 76 34 63 69 42 50
3 34 56 86 89 39 122
3 47 1 111 42 38 84
7 3 0 17 -10 28 -3 42 16 30 27 15 23 -3 21
5 2 18 30 4 50 27 25 60 0 51
7 2 9 29 -9 54 6 70 29 47 44 24 49 11 36
4 128 144 232 190 126 236 77 195
8 31 43 54 37 70 50 94 68 87 107 55 91 35 85 13 72
3 33 -6 86 56 29 111
7 27 24 47 -12 83 -13 100 34 79 85 45 93 20 60
5 31 113 95 112 145 164 87 210 46 182
7 3 18 10 10 26 15 28 23 25 35 10 39 6 32
3 29 19 186 119 39 183
4 124 96 172 139 114 184 99 140
8 8 54 14 38 37 36 51 36 62 52 55 77 39 76 23 70
6 15 16 48 11 51 42 40 57 8 63 2 42
7 4 1 13 -3 26 0 33 9 28 24 14 26 2 21
3 43 72 100 103 41 134
5 -9 35 47 36 114 68 62 142 14 106
3 22 27 79 68 21 103
4 32 76 84 -11 135 83 97 170
4 -29 39 10 -2 47 47 9 92
5 30 82 85 24 158 99 90 209 31 150
8 -2 5 25 -21 56 -21 87 34 59 56 30 82 -1 61 -26 31
6 16 17 41 18 59 37 35 53 18 54 6 37
6 -2 61 20 38 46 36 53 63 39 91 19 79
3 67 81 181 113 63 156
7 3 21 59 -30 144 -19 138 56 121 121 82 161 7 85
7 7 13 23 10 37 14 54 30 41 40 24 46 9 32
5 56 91 133 82 149 140 145 211 80 157
6 6 -2 25 -1 34 15 26 29 7 24 -1 15
4 59 52 91 33 123 57 93 72
5 36 63 77 51 79 84 69 103 43 102
4 22 46 53 26 66 49 54 68
8 28 10 58 -39 65 1 97 27 87 63 44 56 24 53 -14 37
7 2 20 19 10 28 12 36 29 32 40 17 44 6 32
3 56 66 145 105 45 152
7 39 31 87 37 121 13 120 61 106 84 85 111 39 85
5 3 32 117 -7 193 94 114 151 26 139
3 103 -11 200 48 74 129
5 -5 -1 19 -6 46 15 23 32 -10 23
6 -44 68 9 8 79 12 103 76 103 149 27 113
3 69 19 178 85 82 125
3 24 -5 60 19 29 31
