50
1000 1000
8 5 17 16 16 28 16 44 29 25 39 19 40 0 42 -1 32
3 75 71 196 99 46 174
6 -20 49 9 1 39 28 77 56 62 90 14 81
3 31 36 65 56 22 84
3 22 11 70 30 26 51
6 33 69 57 58 76 56 89 68 81 93 60 83
6 -5 21 8 5 23 13 44 19 32 39 13 40
8 3 -5 20 -6 57 -13 44 25 63 55 22 45 -1 60 -6 25
3 5 -4 38 13 5 35
6 5 6 20 8 33 19 24 32 10 34 -6 20
3 123 -17 272 94 119 165
4 37 7 68 21 37 41 15 29
7 46 55 71 52 86 53 99 68 87 89 67 92 50 79
8 -12 15 -1 6 12 4 24 2 36 21 26 32 8 40 1 33
6 -19 16 72 8 136 74 82 153 3 147 -34 90
6 23 21 33 6 51 10 54 23 52 35 34 39
6 102 87 121 78 137 104 124 122 104 124 86 105
7 3 28 25 21 55 11 66 40 51 63 34 73 8 55
3 39 41 85 55 32 91
4 75 -2 148 50 78 108 4 59
5 -17 9 51 -20 111 34 51 92 -14 67
4 151 52 200 123 151 166 99 127
6 -5 37 17 24 35 27 58 35 38 56 16 73
4 67 16 157 102 73 181 -7 102
3 157 199 256 247 162 300
3 185 247 344 297 216 375
8 14 68 20 34 78 26 110 40 127 80 96 109 66 125 39 102
6 13 70 25 53 43 51 58 76 42 85 29 83
5 -16 8 65 27 100 71 62 112 5 83
7 137 128 201 126 263 112 264 163 253 199 186 240 172 188
6 -8 65 38 36 87 33 95 64 80 102 44 101
4 15 165 84 126 153 162 89 226
5 161 60 235 44 246 110 226 160 160 126
8 26 39 20 -5 66 14 88 17 122 39 102 71 60 83 27 89
6 20 10 56 12 60 37 57 65 32 55 20 40
6 253 115 307 124 358 155 326 212 266 200 246 164
6 27 53 48 41 67 32 88 53 75 80 41 75
5 48 74 155 76 208 133 144 240 54 179
8 2 18 56 15 88 34 81 64 88 109 49 112 13 103 -10 73
7 2 14 23 6 44 2 67 33 47 43 24 55 -1 34
8 32 -7 64 -4 88 5 105 35 110 69 67 65 47 55 39 36
7 -22 23 37 19 81 7 67 44 59 76 24 101 15 61
4 17 122 85 92 165 131 97 174
5 18 21 37 -4 58 29 41 63 9 45
8 -5 41 5 29 24 9 35 29 55 39 36 63 19 62 2 64
6 21 46 49 19 90 10 129 61 91 90 46 84
4 11 1 31 16 13 28 -7 18
7 30 37 45 26 63 32 77 44 69 68 41 70 27 55
3 63 84 116 110 66 131
3 257 83 389 140 260 194
