35
1000 1000
5 -13 26 35 0 79 48 48 89 -5 61
4 36 31 74 2 99 37 70 60
4 34 16 64 31 39 54 6 41
4 81 45 130 85 80 105 39 79
6 36 22 82 24 114 69 84 102 50 118 23 75
5 137 44 189 26 228 87 190 131 137 110
5 167 63 200 23 224 87 210 147 146 111
3 37 15 140 58 33 118
5 56 75 103 47 153 105 103 166 36 123
6 46 12 73 17 82 33 70 57 44 53 37 39
7 23 36 30 22 50 19 46 44 43 55 32 73 14 51
7 9 4 15 -7 32 -6 31 11 37 30 19 34 0 24
8 23 2 55 -3 83 8 87 37 77 53 60 59 20 68 35 33
7 74 44 122 26 158 33 207 70 168 100 132 109 80 89
6 10 32 26 18 48 20 57 34 41 48 21 50
7 60 99 118 35 221 61 230 126 211 180 128 194 96 140
5 41 27 76 -4 97 44 80 91 35 61
5 94 240 181 203 236 268 179 339 123 305
7 9 23 23 4 49 10 53 34 39 48 23 44 9 39
5 24 49 56 31 71 60 51 86 16 74
5 38 12 87 17 151 64 101 108 50 81
8 38 21 49 15 66 19 69 33 62 48 52 50 37 52 26 36
5 73 127 134 97 184 177 157 227 94 185
5 27 32 52 23 64 39 51 60 32 52
7 19 29 38 16 62 15 90 45 65 67 42 71 3 58
3 21 34 93 56 16 95
4 52 12 85 34 47 56 8 35
6 2 16 16 -9 36 3 59 23 38 37 13 43
8 73 85 83 74 98 56 107 71 109 83 111 103 92 112 74 105
6 -7 22 13 -4 37 9 47 28 38 54 19 41
8 37 54 77 -5 135 -17 200 2 209 70 175 105 135 126 71 143
3 8 28 169 100 14 214
3 9 -9 164 77 -5 187
4 100 83 130 67 166 89 128 123
8 -1 25 21 8 40 20 50 37 36 60 14 65 -4 59 -11 39
