40
1000 1000
3 32 27 86 42 39 69
4 35 42 93 86 40 118 -18 94
4 58 38 101 59 58 75 15 59
3 49 -4 120 46 45 84
8 77 55 108 10 165 45 182 74 156 144 93 156 73 108 18 98
8 9 7 27 -1 34 1 48 13 34 27 24 32 13 30 -4 20
7 -8 14 20 4 44 -2 73 39 52 61 23 67 -14 60
5 1 17 31 13 42 35 28 59 1 58
5 46 85 119 29 176 108 142 204 52 161
8 2 20 5 4 19 0 37 5 45 27 41 42 18 49 8 35
6 0 39 14 12 69 18 93 47 63 76 27 81
6 11 1 24 11 45 22 26 36 10 39 -7 24
7 32 51 64 19 87 40 95 75 95 110 59 106 36 84
5 36 85 145 108 188 173 136 270 49 208
3 89 200 138 246 80 282
6 60 109 118 81 143 154 99 181 53 214 34 158
5 -3 6 27 -2 44 25 23 48 -1 41
3 264 227 346 281 263 351
4 41 -5 68 20 34 52 19 26
6 136 100 158 73 200 72 230 103 203 134 158 147
8 43 55 64 46 79 30 112 31 113 63 96 83 76 89 61 86
8 73 117 98 105 126 92 168 96 177 133 151 161 129 172 82 157
8 20 4 30 2 46 9 54 20 47 30 34 37 21 32 17 24
8 19 23 23 11 38 12 44 18 45 26 52 36 39 40 31 32
7 23 69 72 42 102 62 128 79 101 111 83 142 30 118
7 12 17 24 5 43 5 57 19 43 39 27 42 14 33
4 13 4 35 15 15 36 -10 20
7 15 71 37 55 56 80 76 89 69 118 45 120 25 102
6 34 20 84 6 96 60 76 122 28 100 -19 64
5 76 82 109 59 143 98 113 121 70 116
3 25 -11 81 24 27 61
3 12 9 78 49 23 73
7 13 15 34 4 67 -9 70 15 61 47 32 43 15 31
3 147 12 307 98 131 227
6 -15 19 1 0 26 2 41 23 27 39 1 41
6 58 -15 168 -25 190 68 141 94 78 109 -8 48
7 2 7 20 -2 30 2 45 11 32 30 21 30 -2 21
5 33 93 73 47 99 113 71 146 34 124
5 11 15 42 8 67 33 45 58 8 42
4 64 1 102 45 65 63 46 42
