50
1000 1000
3 10 14 67 25 10 54
5 -1 38 41 23 66 49 47 88 9 72
4 32 11 55 28 35 37 11 32
5 24 30 53 20 73 37 51 82 31 50
7 161 76 242 40 302 47 386 99 297 147 243 156 191 146
5 13 7 46 14 80 33 66 86 1 61
5 -5 20 26 5 42 34 23 46 -4 50
6 -6 44 14 32 35 31 50 52 39 68 5 72
4 2 19 53 -2 73 27 52 51
8 -4 20 28 -14 56 -19 83 -11 91 26 96 81 50 73 27 60
6 8 64 6 39 35 47 67 60 34 81 5 94
5 26 2 77 -10 94 29 75 70 38 54
6 10 33 15 10 39 22 43 36 38 48 13 56
8 35 38 46 19 62 3 89 18 99 43 86 61 70 72 44 68
8 15 38 23 -19 71 6 116 -11 137 42 115 95 61 100 27 91
4 28 60 55 33 84 59 55 90
3 41 33 118 68 22 107
7 48 30 95 22 147 14 147 70 134 95 96 104 45 85
8 65 34 83 23 105 30 104 42 93 62 80 68 61 65 52 47
8 30 55 35 46 42 31 54 49 66 59 68 78 48 72 31 77
7 239 103 273 78 305 90 322 135 298 164 250 214 229 163
7 103 126 149 91 178 135 196 160 181 200 146 231 112 183
4 34 114 126 57 252 125 103 235
5 6 21 43 2 47 44 34 77 12 57
4 -18 28 17 6 49 35 13 50
3 43 38 137 100 25 195
3 49 31 83 53 48 71
5 -7 35 40 23 62 59 41 87 -5 74
7 37 23 62 10 87 17 101 47 91 70 55 75 34 56
5 35 -1 76 -9 106 31 73 89 25 63
6 77 130 98 100 145 89 192 132 139 172 90 198
4 199 187 268 300 186 418 103 314
4 47 19 72 50 39 75 0 53
5 -16 27 48 17 77 68 42 97 -18 90
3 100 12 192 69 94 158
5 -17 12 49 3 87 51 52 102 -24 72
3 24 27 146 113 50 191
3 52 55 95 76 36 124
7 107 123 170 92 226 109 264 148 223 209 177 219 100 182
5 79 45 131 27 210 67 138 117 84 116
8 6 8 13 -4 28 6 32 13 25 31 10 40 4 25 -9 19
7 49 151 62 90 104 128 138 172 132 213 77 211 36 182
5 -4 -3 18 -10 20 11 11 26 -3 17
6 10 4 34 -5 51 13 29 29 8 33 -17 17
6 43 52 72 51 84 68 70 84 45 87 34 69
3 92 -20 269 73 73 183
5 7 14 41 3 62 34 46 68 11 51
3 11 2 46 27 10 36
8 -1 22 0 8 16 1 27 15 30 25 29 31 20 40 5 37
6 36 39 71 37 78 59 62 75 43 75 28 58
