0.865651 0.898808 0.936953 0.911440 0.888896 0.869484 0.852913 0.838945 0.827388 0.818089 0.810929 0.805817 0.802692 0.801514 0.802269 0.804966 0.809639 0.816345 0.825167 0.835550 0.803914 0.776389 0.752438 0.731631 0.713617 0.698110 0.684877 0.673730 0.664515 0.657110 0.651420 0.647375 0.644923 0.644036 0.644702 0.646929 0.650745 0.656197 0.661746 0.655593 0.651107 0.648233 0.646936 0.647201 0.649029 0.652445 0.657488 0.664223 0.672735 0.683135 0.695564 0.710196 0.727246 0.746979 0.769718 0.795863 0.825907 0.860462 0.900298 0.946392 1.000000 0.989383 0.949248 0.914358 0.883997 0.857586 0.834661 0.814841 0.797818 0.783340 0.771203 0.761243 0.753328 0.747358 0.743258 0.740978 0.740491 0.741790 0.744892 0.749833 0.756676 0.765506 0.776437 0.789614 0.783241 0.762611 0.744788 0.729497 0.716512 0.705652 0.696769 0.689748 0.684500 0.680960 0.679083 0.678847 0.680250 0.683309 0.688060 0.694562 0.702898 0.713176 0.725532 0.740139 0.757207 0.776998 0.777908 0.760741 0.746074 0.733696 0.723436 0.715158 0.708756 0.704149 0.701280 0.700114 0.700637 0.702855 0.706795 0.712506 0.720059 0.729550 0.741104 0.754877 0.771065 0.789907 0.811697 0.836797 5506.000000 1.196480 0.858120
0.899127 0.938290 0.983498 0.958736 0.917569 0.881829 0.850742 0.823688 0.800170 0.779785 0.762203 0.747156 0.734427 0.723839 0.715251 0.708551 0.703655 0.700502 0.699054 0.699293 0.701222 0.704864 0.710264 0.717490 0.707978 0.689568 0.673672 0.660048 0.648495 0.638852 0.630989 0.624805 0.620220 0.617178 0.615641 0.615592 0.617029 0.619969 0.619066 0.614233 0.610936 0.609134 0.608805 0.609944 0.612567 0.616704 0.622407 0.629747 0.638821 0.649748 0.662679 0.677801 0.695345 0.715590 0.738882 0.765649 0.796419 0.831853 0.872788 0.920292 0.975750 1.000000 0.955331 0.916596 0.882923 0.853621 0.828132 0.806007 0.786879 0.770451 0.756480 0.744770 0.735160 0.727525 0.721769 0.717818 0.715625 0.715163 0.716427 0.719431 0.724213 0.730830 0.739368 0.749936 0.762674 0.777758 0.754304 0.729207 0.707376 0.688424 0.672037 0.657961 0.645987 0.635946 0.627701 0.621144 0.616192 0.612783 0.610874 0.610444 0.611487 0.614015 0.618059 0.623668 0.630915 0.639892 0.650718 0.663543 0.678551 0.695969 0.706324 0.700446 0.696329 0.693923 0.693196 0.694142 0.696772 0.701117 0.707230 0.715190 0.725097 0.737084 0.751313 0.767990 0.787364 0.809741 0.835500 0.865103 1997.500000 1.248688 0.826259
0.973202 0.920909 0.875951 0.837102 0.803405 0.774109 0.748615 0.726440 0.707196 0.690566 0.676292 0.664164 0.654011 0.645695 0.639109 0.634168 0.630811 0.628997 0.628703 0.629927 0.632682 0.637003 0.642943 0.650577 0.660003 0.671348 0.684768 0.700458 0.718655 0.739652 0.763808 0.791567 0.823479 0.860231 0.902693 0.951977 1.000000 0.940836 0.890306 0.846864 0.809322 0.776760 0.748450 0.723814 0.702386 0.683790 0.667720 0.653928 0.642209 0.632400 0.624368 0.618007 0.613237 0.609999 0.608252 0.607975 0.609166 0.611838 0.616024 0.621776 0.629167 0.638292 0.649272 0.662260 0.677444 0.695054 0.715373 0.738750 0.748305 0.739262 0.732177 0.726962 0.723551 0.721903 0.721998 0.723838 0.727443 0.732859 0.740153 0.749416 0.760771 0.774369 0.790401 0.809102 0.830758 0.855724 0.884434 0.917424 0.955361 0.990470 0.928650 0.876080 0.831038 0.792216 0.758606 0.729417 0.704024 0.681927 0.662723 0.646085 0.631746 0.619491 0.609141 0.600554 0.593616 0.588238 0.584351 0.581908 0.580879 0.581251 0.583030 0.586236 0.590908 0.597106 0.604908 0.614416 0.625760 0.639099 0.654630 0.672596 0.693293 0.717087 0.744429 0.775882 0.812153 0.854140 0.902999 0.960241 4963.500000 1.131364 0.737580
0.696663 0.724626 0.756827 0.794025 0.837189 0.887578 0.946847 0.936492 0.909097 0.885332 0.864808 0.847208 0.832276 0.819801 0.809617 0.801590 0.795619 0.791629 0.789571 0.789421 0.791176 0.794859 0.794153 0.785427 0.778746 0.774027 0.771211 0.770265 0.771176 0.773957 0.778640 0.785284 0.793971 0.804813 0.817953 0.833570 0.836888 0.802067 0.771814 0.745490 0.722586 0.702690 0.685468 0.670646 0.658003 0.647359 0.638568 0.631513 0.626104 0.619734 0.614840 0.611484 0.609625 0.609240 0.610326 0.612894 0.616977 0.622624 0.629908 0.638921 0.649784 0.662647 0.677695 0.695156 0.715309 0.738498 0.765145 0.795777 0.831049 0.871791 0.859867 0.838318 0.819749 0.803880 0.790482 0.779369 0.770395 0.763444 0.758428 0.755284 0.753976 0.754487 0.756823 0.761012 0.767107 0.775182 0.785342 0.797718 0.812479 0.829834 0.850039 0.873409 0.900331 0.931280 0.966845 1.000000 0.932063 0.874744 0.825940 0.784083 0.747980 0.716705 0.689535 0.665895 0.645326 0.627456 0.611983 0.598663 0.587295 0.577716 0.569796 0.563601 0.559185 0.556167 0.554510 0.554194 0.555216 0.557586 0.561336 0.566510 0.573174 0.581414 0.591340 0.603088 0.616830 0.632771 0.651169 0.672338 6002.500000 1.185473 0.798495
0.544487 0.577844 0.617137 0.663881 0.720163 0.788949 0.832957 0.784069 0.742290 0.706354 0.675288 0.648336 0.624901 0.604506 0.586769 0.571381 0.558089 0.546688 0.537012 0.528925 0.522317 0.517103 0.513216 0.510607 0.509246 0.509115 0.510214 0.512554 0.516165 0.521092 0.527396 0.535160 0.544487 0.555507 0.568380 0.583302 0.600515 0.620314 0.643066 0.669223 0.699355 0.734180 0.694171 0.648493 0.609834 0.576836 0.548479 0.523983 0.502741 0.484275 0.468206 0.454228 0.442095 0.431605 0.422597 0.414935 0.408514 0.403245 0.399059 0.395903 0.393737 0.392536 0.392284 0.392979 0.394628 0.397253 0.400885 0.405570 0.411368 0.418357 0.426633 0.436316 0.447552 0.460520 0.475442 0.492590 0.512301 0.534998 0.561214 0.591631 0.627131 0.668877 0.718432 0.777941 0.850433 0.940321 1.000000 0.887150 0.798916 0.728242 0.670539 0.622700 0.582542 0.548491 0.519383 0.494340 0.472687 0.453899 0.437561 0.423343 0.410979 0.400253 0.390991 0.383050 0.376313 0.370687 0.366096 0.362479 0.359792 0.358000 0.357082 0.357027 0.357833 0.359512 0.362082 0.365577 0.370039 0.375528 0.382117 0.389897 0.398982 0.409510 0.421652 0.435618 0.451666 0.470117 0.491374 0.515947 4485.500000 1.502527 0.569258
0.863837 0.869297 0.876952 0.886899 0.899265 0.914214 0.880042 0.845200 0.814900 0.788531 0.765602 0.745715 0.728545 0.713829 0.701352 0.690940 0.682452 0.675779 0.670835 0.666626 0.656865 0.648927 0.642708 0.638130 0.635136 0.633690 0.633774 0.635388 0.638553 0.643307 0.649709 0.657841 0.661194 0.659965 0.660328 0.662288 0.665869 0.671114 0.678089 0.686883 0.697611 0.710417 0.725483 0.743031 0.763333 0.786724 0.813616 0.844519 0.880065 0.921051 0.968489 1.000000 0.968402 0.940937 0.917135 0.896614 0.879064 0.864229 0.851904 0.841926 0.834166 0.828524 0.824933 0.823348 0.823749 0.826142 0.830555 0.837044 0.819410 0.797984 0.779480 0.763612 0.750149 0.738901 0.729718 0.722480 0.717094 0.713494 0.711636 0.711497 0.713075 0.716391 0.721483 0.728416 0.737277 0.748181 0.761273 0.776737 0.776071 0.753158 0.733274 0.716094 0.701352 0.688831 0.678354 0.669780 0.662998 0.657921 0.654486 0.652651 0.652393 0.653709 0.656616 0.661149 0.667364 0.675339 0.685178 0.697011 0.711004 0.727357 0.746322 0.768201 0.793372 0.822296 0.855547 0.893845 0.938099 0.948321 0.928172 0.911010 0.896592 0.884721 0.875242 0.868032 0.863002 0.860091 0.859262 0.860506 2849.500000 1.279488 0.862812
0.786004 0.729603 0.682288 0.642189 0.607925 0.578455 0.552981 0.530880 0.511664 0.494941 0.480397 0.467778 0.456878 0.447528 0.439590 0.432954 0.427530 0.423247 0.420051 0.417903 0.416775 0.416654 0.417539 0.419440 0.422381 0.426398 0.431541 0.437878 0.445493 0.454492 0.465005 0.477193 0.491253 0.507425 0.526009 0.547375 0.571986 0.600430 0.633456 0.672040 0.717469 0.771479 0.836462 0.915808 1.000000 0.918879 0.851830 0.795687 0.748178 0.707631 0.672791 0.642696 0.616600 0.593915 0.574175 0.557003 0.542096 0.529209 0.518139 0.508723 0.500828 0.494348 0.489196 0.485308 0.482634 0.481143 0.480815 0.481648 0.483651 0.486848 0.491279 0.497000 0.504084 0.512626 0.522743 0.534582 0.548321 0.564180 0.582428 0.603399 0.627504 0.655259 0.687316 0.724506 0.767907 0.818937 0.794924 0.749652 0.710878 0.677470 0.648554 0.623445 0.601603 0.582596 0.566075 0.551758 0.539415 0.528858 0.519935 0.512522 0.506520 0.501853 0.498461 0.496302 0.495349 0.495592 0.497033 0.499690 0.503595 0.508797 0.515363 0.523377 0.532948 0.544212 0.557334 0.572517 0.590012 0.610126 0.633240 0.659826 0.690478 0.725951 0.767214 0.815534 0.872594 0.940674 0.937553 0.854086 1508.500000 1.253978 0.592956
0.886779 0.903283 0.908119 0.882900 0.861061 0.842257 0.826205 0.812674 0.801479 0.792472 0.785536 0.780584 0.777556 0.776415 0.777147 0.772698 0.769059 0.767294 0.767381 0.769322 0.773141 0.778883 0.786620 0.796451 0.808502 0.822937 0.839957 0.859812 0.882805 0.909313 0.939797 0.945363 0.927853 0.913139 0.901021 0.891340 0.883972 0.878824 0.875834 0.874964 0.876206 0.879572 0.885105 0.892873 0.902973 0.897325 0.874311 0.854455 0.837454 0.823061 0.811074 0.801335 0.793716 0.788122 0.784482 0.782753 0.782914 0.784966 0.788934 0.794868 0.802840 0.812952 0.825335 0.840157 0.857625 0.877995 0.901581 0.928768 0.960031 0.995954 1.000000 0.962325 0.929543 0.901021 0.876245 0.854799 0.836345 0.820605 0.807356 0.796417 0.787282 0.776494 0.767823 0.761156 0.756411 0.753528 0.752474 0.753234 0.755819 0.760259 0.766609 0.774950 0.785386 0.798056 0.813133 0.830830 0.851412 0.870300 0.863542 0.858942 0.856442 0.856013 0.857650 0.861373 0.867226 0.875282 0.885643 0.898442 0.913850 0.932082 0.953398 0.954263 0.930457 0.909949 0.892428 0.877645 0.865393 0.855512 0.847874 0.842382 0.838968 0.837592 0.838237 0.840910 0.845644 0.852497 0.861554 0.872932 1831.500000 1.057022 0.897564
0.411243 0.402043 0.394174 0.387524 0.381998 0.377525 0.374046 0.371518 0.369909 0.369199 0.369380 0.370454 0.372434 0.375344 0.379222 0.384115 0.390088 0.397222 0.405617 0.415396 0.426713 0.439752 0.454744 0.471971 0.491785 0.514631 0.541070 0.571824 0.607838 0.650365 0.701107 0.762429 0.837717 0.931995 1.000000 0.903384 0.825606 0.761849 0.708818 0.664186 0.626261 0.593786 0.565809 0.541595 0.520572 0.502285 0.486371 0.472537 0.460548 0.450210 0.441366 0.433887 0.427671 0.422634 0.418712 0.415854 0.414026 0.413205 0.413381 0.414556 0.416745 0.419974 0.424283 0.429728 0.436380 0.444328 0.453684 0.464586 0.477202 0.491741 0.508457 0.527561 0.518749 0.511438 0.505531 0.500952 0.497644 0.495565 0.494690 0.495008 0.496524 0.499256 0.503236 0.508516 0.515162 0.523261 0.532924 0.544285 0.557515 0.572817 0.590446 0.610713 0.634001 0.660792 0.691686 0.727449 0.769066 0.750872 0.723800 0.700240 0.679751 0.661977 0.646627 0.633464 0.622295 0.612964 0.605346 0.599341 0.594874 0.591887 0.590346 0.590230 0.591540 0.594290 0.598515 0.604266 0.611617 0.620662 0.631523 0.592485 0.558741 0.529842 0.504941 0.483389 0.464674 0.448395 0.434228 0.421914 1640.000000 1.813416 0.656262
0.806227 0.833768 0.865416 0.901820 0.943794 0.889197 0.834326 0.787620 0.747572 0.713034 0.683119 0.657133 0.634524 0.614851 0.597758 0.583947 0.586532 0.590568 0.596107 0.603218 0.611992 0.622547 0.635030 0.649620 0.666540 0.686062 0.708520 0.734327 0.763996 0.798167 0.837650 0.883481 0.937006 1.000000 0.949679 0.877360 0.817104 0.766321 0.723121 0.686096 0.654177 0.626538 0.606018 0.603859 0.603162 0.603921 0.606143 0.609857 0.615107 0.621960 0.630503 0.640850 0.653141 0.667553 0.684301 0.703650 0.725924 0.751525 0.751910 0.739043 0.728334 0.719640 0.712848 0.707872 0.704651 0.703146 0.703337 0.705229 0.708843 0.714223 0.721437 0.730576 0.741760 0.755139 0.770901 0.789276 0.810550 0.835069 0.863263 0.851144 0.825061 0.802404 0.782794 0.765920 0.751531 0.739421 0.729425 0.721410 0.715274 0.710939 0.708353 0.707484 0.708321 0.710875 0.715176 0.721279 0.729258 0.739216 0.745970 0.729617 0.715652 0.703875 0.694125 0.686272 0.680215 0.675878 0.673208 0.672172 0.672757 0.674970 0.678839 0.684411 0.691583 0.685243 0.680642 0.677725 0.676456 0.676819 0.678818 0.682478 0.687844 0.694983 0.703985 0.714969 0.728082 0.743510 0.761480 0.782271 4905.500000 1.063187 0.751465
0.916862 0.973779 1.000000 0.942462 0.893220 0.850816 0.814129 0.782281 0.754580 0.730473 0.709516 0.691347 0.675672 0.662252 0.650892 0.641435 0.633753 0.627748 0.623343 0.620484 0.619136 0.619282 0.620924 0.624083 0.628796 0.614289 0.601329 0.590297 0.581036 0.573422 0.567355 0.562755 0.559567 0.557751 0.557285 0.558163 0.560396 0.564011 0.569053 0.575585 0.583692 0.593480 0.605084 0.618672 0.634447 0.652661 0.673623 0.697713 0.725402 0.757279 0.794087 0.836776 0.886571 0.909976 0.873453 0.841698 0.814063 0.790027 0.769171 0.751150 0.735686 0.722551 0.711562 0.702568 0.695454 0.690129 0.686525 0.684600 0.684330 0.685711 0.688760 0.693515 0.700034 0.708399 0.718719 0.731132 0.745810 0.762964 0.782857 0.799395 0.770415 0.745194 0.723260 0.704229 0.687787 0.673682 0.661705 0.651690 0.643500 0.637030 0.632196 0.628938 0.627218 0.627013 0.628321 0.631158 0.635560 0.641579 0.649293 0.658801 0.670231 0.666962 0.651775 0.638769 0.627754 0.618578 0.611117 0.605275 0.600977 0.598171 0.596823 0.596915 0.598449 0.601443 0.605935 0.611980 0.619654 0.629058 0.640319 0.653593 0.669074 0.687003 0.707670 0.731437 0.758746 0.790152 0.826346 0.868207 1563.500000 1.267492 0.791356
0.889878 0.925821 0.967218 1.000000 0.959457 0.924213 0.893543 0.866865 0.843707 0.823687 0.806493 0.791870 0.779613 0.769556 0.761566 0.755541 0.751408 0.749114 0.748632 0.749956 0.753102 0.758109 0.765039 0.773978 0.785042 0.798378 0.814170 0.832646 0.854086 0.878832 0.897106 0.871245 0.848820 0.829469 0.812896 0.798858 0.787162 0.777649 0.770197 0.764711 0.761123 0.759390 0.759490 0.761424 0.765217 0.770914 0.778586 0.788331 0.800276 0.814580 0.831444 0.851116 0.873897 0.896430 0.871839 0.850556 0.832244 0.816630 0.803492 0.792648 0.783957 0.777307 0.772614 0.769821 0.768893 0.769821 0.772614 0.777307 0.783957 0.792648 0.803492 0.816630 0.832244 0.850556 0.871839 0.896430 0.882509 0.859503 0.839638 0.822607 0.808162 0.796100 0.786259 0.778511 0.772758 0.768928 0.766974 0.766873 0.768623 0.772246 0.777787 0.785312 0.794919 0.806731 0.820907 0.837644 0.857185 0.879831 0.905947 0.935984 0.939655 0.901899 0.869073 0.840506 0.815660 0.794099 0.775468 0.759479 0.745897 0.734531 0.725226 0.717862 0.712345 0.708607 0.706601 0.706302 0.707709 0.710836 0.715724 0.722431 0.731044 0.741672 0.754458 0.769580 0.787255 0.807754 0.831404 0.858612 1578.500000 1.038861 0.854574
0.900129 0.943712 0.924589 0.889828 0.859583 0.833267 0.810409 0.790625 0.773604 0.759090 0.746877 0.736798 0.728719 0.722537 0.718175 0.715579 0.714717 0.715579 0.718175 0.722537 0.728719 0.736798 0.746877 0.759090 0.773604 0.790625 0.810409 0.833267 0.859583 0.889828 0.882436 0.848711 0.819371 0.793839 0.771654 0.752439 0.735887 0.721748 0.709821 0.699940 0.691975 0.685822 0.681406 0.678670 0.677582 0.678128 0.680315 0.684171 0.689741 0.697096 0.706329 0.717562 0.730948 0.746675 0.764978 0.786142 0.810518 0.838540 0.870741 0.907788 0.950519 1.000000 0.949958 0.905273 0.866596 0.833014 0.803802 0.778380 0.756284 0.737134 0.720623 0.706500 0.694561 0.684642 0.676608 0.670357 0.665810 0.662910 0.661623 0.661932 0.663841 0.667374 0.672573 0.679504 0.688255 0.698940 0.711703 0.726724 0.744225 0.764477 0.787813 0.814642 0.845472 0.880933 0.921816 0.969128 0.981958 0.933133 0.890978 0.854437 0.822679 0.795043 0.771001 0.750125 0.732066 0.716542 0.703322 0.692218 0.683080 0.675786 0.670244 0.666385 0.664160 0.663544 0.664528 0.667125 0.671366 0.677303 0.685011 0.694589 0.706164 0.719896 0.735980 0.754658 0.776228 0.801055 0.829586 0.862379 949.000000 1.024970 0.779119
0.924811 0.887363 0.854809 0.826479 0.801837 0.780447 0.761957 0.746079 0.732577 0.721263 0.711981 0.704611 0.699060 0.695256 0.693155 0.692731 0.693977 0.696910 0.701566 0.708001 0.716296 0.726560 0.738928 0.753571 0.770700 0.790576 0.813515 0.839909 0.824633 0.810052 0.797866 0.787912 0.780059 0.774208 0.770286 0.768245 0.768060 0.769729 0.773272 0.778733 0.786179 0.795704 0.807432 0.821519 0.838162 0.857602 0.880135 0.906127 0.936023 0.970378 0.998433 0.956365 0.919825 0.888035 0.860373 0.836335 0.815516 0.797583 0.782265 0.769343 0.758639 0.750011 0.743348 0.738566 0.735605 0.734430 0.735027 0.737404 0.741587 0.747630 0.755607 0.765621 0.777803 0.792318 0.809373 0.829219 0.852168 0.878599 0.908970 0.877516 0.850146 0.826363 0.805762 0.788015 0.772855 0.760064 0.749466 0.740919 0.734314 0.729568 0.726623 0.725441 0.726010 0.728335 0.732446 0.738392 0.746248 0.756114 0.768120 0.782429 0.799242 0.818810 0.841439 0.867503 0.862158 0.844809 0.830105 0.817840 0.807850 0.800005 0.794207 0.790381 0.788483 0.788490 0.790400 0.794237 0.800049 0.807907 0.817912 0.830192 0.844912 0.862280 0.882546 0.906024 0.933094 0.964226 1.000000 0.967994 1667.500000 1.136755 0.849615
0.642279 0.646487 0.652332 0.655660 0.647738 0.641532 0.636965 0.633978 0.632536 0.632621 0.634234 0.637395 0.642142 0.648534 0.656653 0.666604 0.678522 0.692571 0.708959 0.727938 0.749816 0.774976 0.803886 0.813940 0.791045 0.771210 0.754117 0.739509 0.727175 0.716944 0.708680 0.702278 0.697655 0.694756 0.693545 0.694007 0.696148 0.699994 0.705592 0.713011 0.722347 0.733722 0.747290 0.763242 0.781815 0.803297 0.828045 0.856495 0.833350 0.806572 0.783290 0.763101 0.745678 0.730754 0.718112 0.707575 0.699003 0.692284 0.687332 0.684088 0.682510 0.682580 0.684299 0.687688 0.692787 0.699661 0.708396 0.719107 0.731937 0.747065 0.764713 0.785152 0.808716 0.795071 0.762417 0.734038 0.709344 0.687860 0.669204 0.653065 0.639190 0.627372 0.617444 0.609270 0.602742 0.597778 0.594315 0.592311 0.591740 0.592597 0.594892 0.598653 0.603925 0.610776 0.619293 0.629589 0.641805 0.656117 0.672740 0.691936 0.714032 0.739425 0.768610 0.802206 0.840992 0.885962 0.938402 1.000000 0.995073 0.941023 0.894586 0.854478 0.819703 0.789475 0.763170 0.740287 0.720422 0.703245 0.688488 0.675932 0.665401 0.656751 0.649868 0.644664 0.641076 0.639058 0.638587 0.639656 9569.000000 1.176840 0.806679
0.711590 0.692388 0.675781 0.661507 0.649357 0.639156 0.630767 0.624080 0.619008 0.615489 0.613480 0.612955 0.613909 0.616353 0.620317 0.625850 0.633021 0.641922 0.652673 0.665420 0.680346 0.697677 0.717687 0.740717 0.767184 0.797604 0.832626 0.873063 0.919959 0.974660 1.000000 0.942900 0.894006 0.851884 0.815428 0.783775 0.756242 0.732282 0.711454 0.693403 0.677838 0.664522 0.653263 0.643904 0.636320 0.630415 0.626112 0.623360 0.622123 0.622388 0.624158 0.627453 0.632315 0.638804 0.647002 0.657016 0.668983 0.683070 0.699484 0.718479 0.740369 0.765537 0.772007 0.745528 0.722489 0.702473 0.685141 0.670221 0.657486 0.646755 0.637881 0.630746 0.625259 0.621350 0.618972 0.618095 0.618709 0.620822 0.624458 0.629663 0.636502 0.645063 0.655457 0.667827 0.682348 0.699236 0.718758 0.741238 0.767076 0.796771 0.830939 0.870359 0.916023 0.969208 0.988541 0.933833 0.886887 0.846377 0.811275 0.780775 0.754236 0.731145 0.711088 0.693729 0.678794 0.666059 0.655343 0.646499 0.639410 0.633986 0.630158 0.627880 0.627124 0.627880 0.630158 0.633986 0.639410 0.646499 0.655343 0.666059 0.678794 0.693729 0.711088 0.731145 0.754236 0.780775 0.759127 0.733705 1918.000000 1.294558 0.759946
0.859637 0.915170 0.961765 0.945667 0.932309 0.921512 0.913136 0.907077 0.903260 0.901637 0.902190 0.904925 0.909875 0.917102 0.926694 0.934554 0.921126 0.910239 0.901754 0.895563 0.891590 0.889786 0.890130 0.892625 0.897302 0.904217 0.913458 0.925142 0.939421 0.956487 0.976582 1.000000 0.997225 0.929903 0.873066 0.824649 0.783108 0.747264 0.716209 0.689225 0.665747 0.645319 0.627574 0.612214 0.598997 0.587725 0.583009 0.581230 0.580858 0.581887 0.584330 0.588217 0.593595 0.600532 0.609119 0.619468 0.631724 0.646062 0.662700 0.681903 0.703999 0.729391 0.758579 0.792189 0.831009 0.876050 0.928618 0.927123 0.915743 0.906798 0.900174 0.895788 0.893586 0.893543 0.895658 0.899956 0.906489 0.915340 0.926619 0.940474 0.957090 0.952740 0.939351 0.928541 0.920167 0.914126 0.910342 0.908770 0.909390 0.912210 0.917265 0.924616 0.934354 0.946605 0.961528 0.979326 0.977560 0.914026 0.860191 0.814198 0.774646 0.740459 0.710802 0.685016 0.662576 0.643059 0.626124 0.611494 0.598942 0.588284 0.579369 0.572079 0.566317 0.562010 0.559105 0.563598 0.571230 0.580489 0.591502 0.604426 0.619452 0.636818 0.656813 0.679795 0.706208 0.736601 0.771672 0.812303 11922.000000 1.291691 0.797489
0.941438 0.896437 0.857514 0.823732 0.794351 0.768783 0.746552 0.727273 0.710634 0.696379 0.684301 0.674232 0.666035 0.659606 0.654862 0.651745 0.650216 0.650257 0.651869 0.655071 0.659902 0.666422 0.674714 0.684886 0.697074 0.711448 0.728220 0.747646 0.770042 0.795798 0.825394 0.859427 0.898645 0.943997 0.961760 0.920808 0.885247 0.854312 0.827391 0.803994 0.783719 0.766242 0.751299 0.738672 0.728188 0.719707 0.713120 0.708343 0.705317 0.704006 0.704394 0.706485 0.710305 0.715900 0.723341 0.732721 0.744165 0.757826 0.773897 0.792616 0.814273 0.813875 0.788723 0.766872 0.747952 0.731663 0.717761 0.706047 0.696359 0.688570 0.682580 0.678313 0.675716 0.674759 0.675430 0.677736 0.681706 0.687388 0.694854 0.704199 0.715546 0.729050 0.744902 0.763339 0.784650 0.809191 0.837398 0.869815 0.907115 0.950150 1.000000 0.992826 0.938637 0.892095 0.851906 0.817066 0.786784 0.760433 0.737509 0.717605 0.700390 0.685594 0.672999 0.662425 0.653729 0.646796 0.641538 0.637888 0.635804 0.635258 0.636245 0.638776 0.642882 0.648614 0.656044 0.665267 0.676406 0.689614 0.705081 0.723039 0.743774 0.767638 0.795063 0.826585 0.862874 0.904775 0.953368 0.993716 748.000000 1.060077 0.765888
0.931018 0.887708 0.850205 0.817633 0.789295 0.764637 0.743208 0.724646 0.708654 0.694991 0.683461 0.673903 0.666192 0.660228 0.655936 0.653263 0.652177 0.652664 0.654730 0.658400 0.663720 0.670755 0.679596 0.690359 0.703189 0.718268 0.735820 0.756118 0.779499 0.804160 0.764582 0.730395 0.700750 0.674980 0.652554 0.633047 0.616113 0.601473 0.588899 0.578204 0.569237 0.561877 0.556027 0.551613 0.548580 0.546890 0.546524 0.547475 0.549757 0.553397 0.558439 0.564948 0.573007 0.582723 0.594231 0.607696 0.623322 0.641358 0.662112 0.685962 0.713377 0.744943 0.781403 0.823701 0.873065 0.931108 1.000000 0.995313 0.936536 0.886330 0.843161 0.805853 0.773491 0.745355 0.720869 0.699572 0.681092 0.665124 0.651420 0.639781 0.630041 0.622069 0.615761 0.611038 0.607839 0.606126 0.605879 0.607094 0.609785 0.613986 0.619749 0.627146 0.636274 0.647253 0.660236 0.675411 0.693009 0.713313 0.719839 0.697604 0.678286 0.661560 0.647160 0.634871 0.624516 0.615954 0.609071 0.603779 0.600010 0.597720 0.596879 0.597478 0.599524 0.603042 0.608075 0.614686 0.622960 0.633005 0.644958 0.658990 0.675309 0.694172 0.715893 0.740859 0.769551 0.802566 0.840657 0.884781 6549.000000 1.319614 0.752210
0.669451 0.667570 0.667303 0.668646 0.671616 0.676249 0.682602 0.690755 0.700814 0.712914 0.727221 0.743943 0.763335 0.785708 0.811446 0.841022 0.875023 0.914185 0.959435 0.887888 0.825910 0.773763 0.729463 0.691536 0.658868 0.630597 0.606052 0.584702 0.566123 0.549973 0.535973 0.523900 0.513568 0.504829 0.497560 0.504636 0.514508 0.526066 0.539485 0.554979 0.572809 0.593301 0.616853 0.643969 0.675280 0.711593 0.753953 0.803734 0.862779 0.933615 1.000000 0.966773 0.937871 0.912781 0.891089 0.872458 0.856611 0.843325 0.832419 0.823752 0.817211 0.812716 0.810211 0.809666 0.786628 0.748195 0.714984 0.686180 0.661137 0.639344 0.620389 0.603938 0.589721 0.577518 0.567148 0.558465 0.551353 0.545717 0.544042 0.543936 0.545143 0.547677 0.551571 0.556871 0.563645 0.571981 0.581990 0.593811 0.607618 0.623619 0.642075 0.663303 0.687696 0.715742 0.748051 0.785397 0.828769 0.879454 0.888881 0.871401 0.856620 0.844332 0.834373 0.826614 0.820958 0.817335 0.815699 0.816032 0.818338 0.822645 0.811543 0.784197 0.760405 0.739745 0.721870 0.706501 0.693408 0.682406 0.673344 0.666104 0.660591 0.656739 0.654499 0.653844 0.654766 0.657276 0.661405 0.667204 10443.000000 1.145021 0.733493
0.884915 0.937813 1.000000 0.975517 0.912667 0.859370 0.813806 0.774603 0.740706 0.711293 0.685716 0.663456 0.644100 0.627309 0.612811 0.600381 0.589838 0.581035 0.573852 0.568197 0.563998 0.561203 0.559777 0.559703 0.560981 0.563625 0.567668 0.573161 0.580172 0.588793 0.599140 0.611355 0.625618 0.642145 0.661206 0.683129 0.708321 0.737286 0.742175 0.724057 0.708469 0.695177 0.683992 0.674761 0.667363 0.661702 0.657707 0.655329 0.654540 0.655329 0.657707 0.661702 0.667363 0.674761 0.683992 0.695177 0.708469 0.724057 0.742175 0.763108 0.787208 0.814907 0.846741 0.883377 0.918918 0.871117 0.829944 0.794315 0.763382 0.736476 0.713061 0.692707 0.675063 0.659847 0.646825 0.635809 0.626646 0.619214 0.613417 0.609181 0.606455 0.605204 0.605414 0.607087 0.610244 0.614923 0.621182 0.629100 0.638783 0.650359 0.663991 0.679881 0.698272 0.719468 0.743840 0.771844 0.786592 0.754589 0.726770 0.702563 0.681504 0.663223 0.647416 0.633836 0.622282 0.612592 0.604633 0.598301 0.593515 0.590216 0.588363 0.587933 0.588922 0.591341 0.595220 0.600607 0.607569 0.616196 0.626603 0.638933 0.653364 0.670114 0.689449 0.711699 0.737269 0.766659 0.800500 0.839581 1027.500000 1.280768 0.756294
0.924900 0.858777 0.803283 0.756238 0.716027 0.681436 0.651530 0.625583 0.603020 0.583384 0.566308 0.551494 0.538701 0.527729 0.518420 0.510642 0.504292 0.499285 0.495559 0.493067 0.491779 0.491679 0.492765 0.495052 0.498567 0.503354 0.509472 0.517002 0.526044 0.536725 0.549198 0.563655 0.580330 0.599509 0.593273 0.577166 0.563232 0.551252 0.541047 0.532472 0.525411 0.519771 0.515479 0.512482 0.510743 0.510240 0.510969 0.512937 0.516168 0.520703 0.526598 0.533929 0.542793 0.553312 0.565637 0.579951 0.596484 0.615513 0.637382 0.662517 0.691451 0.724853 0.763579 0.808734 0.861772 0.924640 1.000000 0.957662 0.876932 0.810555 0.755211 0.708539 0.668818 0.634762 0.605394 0.579958 0.557864 0.538641 0.521914 0.507380 0.494794 0.483955 0.474699 0.466894 0.460434 0.455231 0.451219 0.448349 0.446583 0.445902 0.446296 0.447770 0.450343 0.454045 0.458924 0.465041 0.472477 0.481333 0.491735 0.503837 0.517828 0.533942 0.544862 0.539072 0.534679 0.531627 0.529880 0.529414 0.530226 0.532325 0.535737 0.540502 0.546682 0.554356 0.563626 0.574619 0.587493 0.602441 0.619702 0.639567 0.662397 0.688637 0.718845 0.753724 0.794172 0.841348 0.896780 0.962513 11376.000000 1.758343 0.668647
0.921384 0.871577 0.828772 0.791794 0.759726 0.731849 0.707590 0.686489 0.668172 0.652338 0.638741 0.627179 0.617489 0.609540 0.603227 0.598472 0.595213 0.593412 0.593045 0.594110 0.596618 0.600601 0.606107 0.604038 0.600098 0.597639 0.596632 0.597064 0.598941 0.602285 0.607138 0.613559 0.621632 0.631461 0.643180 0.656956 0.672991 0.691536 0.712898 0.737455 0.765675 0.796453 0.777922 0.762029 0.748538 0.737263 0.728050 0.720780 0.715359 0.711722 0.709822 0.709638 0.711166 0.714426 0.719458 0.726322 0.735107 0.745926 0.758925 0.774282 0.792222 0.813018 0.837005 0.864598 0.896305 0.932758 0.974750 1.000000 0.932998 0.876390 0.828138 0.786720 0.750969 0.719986 0.693062 0.669633 0.649250 0.631548 0.616230 0.603057 0.591830 0.582392 0.573508 0.562081 0.552405 0.544346 0.537796 0.532669 0.528901 0.526446 0.525273 0.525368 0.526732 0.529382 0.533350 0.538685 0.545456 0.553750 0.563679 0.575382 0.589030 0.604835 0.623053 0.644002 0.668074 0.695758 0.727663 0.764566 0.807460 0.836687 0.823644 0.812930 0.804404 0.797958 0.793511 0.791008 0.790419 0.791736 0.794977 0.800179 0.807409 0.816755 0.828340 0.842316 0.858877 0.878260 0.900758 0.926730 6947.000000 1.300676 0.795880
0.980340 0.928177 0.865967 0.813408 0.768611 0.730157 0.696966 0.668202 0.643206 0.621455 0.602532 0.586097 0.571876 0.559646 0.549222 0.540459 0.533234 0.527455 0.523046 0.519952 0.518135 0.517574 0.518261 0.520205 0.523429 0.527973 0.533895 0.541269 0.550194 0.560792 0.573214 0.587647 0.604319 0.623510 0.645567 0.670917 0.700094 0.733773 0.772812 0.818320 0.825197 0.773461 0.729484 0.691815 0.659356 0.631259 0.606861 0.585637 0.567168 0.551115 0.537204 0.525212 0.514958 0.506292 0.499096 0.493274 0.488749 0.485466 0.483383 0.482475 0.482732 0.484155 0.486764 0.490588 0.495677 0.502095 0.509926 0.519276 0.530276 0.543090 0.557915 0.574996 0.594634 0.617201 0.643158 0.673087 0.707726 0.748024 0.795219 0.850958 0.917477 0.997885 1.000000 0.905950 0.829898 0.767331 0.715139 0.671108 0.633623 0.601476 0.573749 0.549731 0.528867 0.510713 0.494918 0.481194 0.469312 0.459081 0.450348 0.442989 0.436902 0.432007 0.428241 0.425555 0.423919 0.423310 0.423723 0.425162 0.427644 0.431201 0.435876 0.441729 0.448838 0.457298 0.467232 0.478785 0.492140 0.507519 0.525196 0.545511 0.568886 0.595854 0.627091 0.663472 0.706140 0.756622 0.816996 0.890172 3710.500000 1.278725 0.590955
0.863623 0.891427 0.874659 0.833201 0.797330 0.766189 0.739103 0.715531 0.695039 0.677275 0.661951 0.648833 0.637732 0.628493 0.620992 0.615133 0.610841 0.608063 0.606766 0.606933 0.608567 0.611687 0.616331 0.622559 0.620589 0.614349 0.609687 0.606546 0.604886 0.604689 0.605950 0.608687 0.612931 0.618737 0.626176 0.635346 0.646368 0.654547 0.652884 0.652798 0.654288 0.657372 0.662088 0.668494 0.676672 0.686727 0.698794 0.713041 0.729676 0.748953 0.771184 0.796753 0.826135 0.859918 0.898839 0.943832 0.996093 1.000000 0.931888 0.874435 0.825528 0.783590 0.747421 0.716092 0.688877 0.665198 0.644595 0.626693 0.611192 0.597845 0.586451 0.580997 0.578271 0.576954 0.577030 0.578500 0.581382 0.585710 0.591539 0.598943 0.608018 0.618886 0.631699 0.646644 0.663952 0.683905 0.706851 0.733216 0.763536 0.756236 0.735057 0.716712 0.700908 0.687406 0.676012 0.666570 0.658953 0.653063 0.648828 0.646193 0.645128 0.645619 0.647673 0.651313 0.656585 0.663556 0.672312 0.682970 0.695675 0.710605 0.727983 0.748079 0.758078 0.750097 0.744057 0.739881 0.737519 0.736941 0.738141 0.741134 0.745955 0.752665 0.761347 0.772113 0.785107 0.800507 0.818535 0.839463 1345.500000 1.242679 0.802305
0.500683 0.484877 0.471139 0.459234 0.448970 0.440193 0.432775 0.426613 0.421626 0.417749 0.414933 0.413143 0.412358 0.412568 0.413775 0.415995 0.419254 0.423593 0.429067 0.435748 0.443726 0.453114 0.464050 0.476703 0.491283 0.508045 0.527307 0.549462 0.575007 0.604571 0.638962 0.679236 0.726798 0.783552 0.852148 0.936378 0.980039 0.908330 0.848304 0.797522 0.754191 0.716963 0.684811 0.656933 0.632700 0.611613 0.593269 0.577344 0.563574 0.551743 0.541677 0.533234 0.526298 0.520778 0.516605 0.513726 0.512106 0.511725 0.512578 0.514676 0.518045 0.498356 0.480902 0.465713 0.452511 0.441070 0.431206 0.422770 0.415640 0.409717 0.404923 0.401194 0.398485 0.396762 0.396003 0.396200 0.397355 0.399482 0.402607 0.406769 0.412020 0.418431 0.426086 0.435095 0.445590 0.457733 0.471725 0.487811 0.506297 0.527559 0.552074 0.580444 0.613447 0.652094 0.697732 0.752187 0.818000 0.898806 1.000000 0.930905 0.868409 0.815617 0.770626 0.732010 0.698683 0.669801 0.644704 0.622866 0.603867 0.587365 0.573085 0.560801 0.550332 0.541526 0.534265 0.528452 0.524013 0.520893 0.519052 0.518470 0.519137 0.521064 0.524272 0.528802 0.534710 0.542072 0.539726 0.518846 1870.500000 2.024322 0.630142
0.626610 0.631124 0.637250 0.645065 0.654671 0.666196 0.679802 0.695686 0.714091 0.735316 0.759728 0.787780 0.820033 0.857194 0.900154 0.950057 0.941301 0.909222 0.881311 0.857065 0.836079 0.818018 0.802615 0.789648 0.778940 0.770349 0.763766 0.759108 0.756317 0.755359 0.756224 0.758921 0.763483 0.759575 0.739955 0.723021 0.708514 0.696221 0.685973 0.677630 0.671085 0.666255 0.663080 0.661521 0.661560 0.663196 0.666450 0.657212 0.642842 0.630574 0.620231 0.611672 0.604784 0.599477 0.595684 0.593360 0.592476 0.593021 0.595001 0.598442 0.603384 0.609890 0.618044 0.627951 0.639748 0.653601 0.669717 0.681421 0.693934 0.708655 0.725799 0.745635 0.768489 0.794763 0.824955 0.859684 0.899729 0.946077 1.000000 0.971878 0.925465 0.885319 0.850474 0.820170 0.793797 0.770867 0.750983 0.733822 0.719122 0.706668 0.696287 0.687839 0.681216 0.676333 0.673129 0.671566 0.671624 0.673304 0.675942 0.680048 0.685866 0.693470 0.702957 0.714452 0.728112 0.744132 0.762752 0.784266 0.781672 0.752663 0.727420 0.705459 0.686391 0.669898 0.655721 0.643651 0.633515 0.625177 0.618525 0.613477 0.609967 0.607954 0.607412 0.608336 0.610736 0.614642 0.620101 0.623652 3549.500000 1.208214 0.821110
0.711475 0.751625 0.798617 0.854071 0.920183 1.000000 0.946857 0.887362 0.836799 0.793496 0.756186 0.723893 0.695853 0.671461 0.650235 0.631785 0.615796 0.602011 0.590220 0.580253 0.571972 0.565267 0.560051 0.556258 0.553841 0.552771 0.553035 0.554636 0.557594 0.561944 0.567741 0.575059 0.583993 0.594665 0.607223 0.621854 0.611173 0.595804 0.582557 0.571233 0.561669 0.553731 0.547314 0.542337 0.538735 0.536464 0.535497 0.535822 0.537443 0.540380 0.544668 0.550362 0.557533 0.566276 0.576708 0.588978 0.603266 0.619795 0.638837 0.660729 0.685886 0.714824 0.748194 0.786820 0.831764 0.884413 0.861938 0.823027 0.789297 0.759982 0.734472 0.712279 0.693009 0.676340 0.662012 0.649811 0.639565 0.631133 0.624406 0.619297 0.615742 0.613698 0.613139 0.614060 0.616470 0.620400 0.625898 0.633033 0.641897 0.652607 0.665311 0.680190 0.697468 0.717421 0.740379 0.701823 0.668615 0.639880 0.614933 0.593234 0.574351 0.557936 0.543706 0.531432 0.520927 0.512040 0.504646 0.498646 0.493964 0.490539 0.488330 0.487310 0.487465 0.488799 0.491327 0.495080 0.500105 0.506465 0.514244 0.523547 0.534504 0.547276 0.562061 0.579101 0.598693 0.621206 0.647099 0.676946 7942.000000 1.444339 0.726880
0.868411 0.905027 0.947249 0.996121 0.967994 0.911466 0.863140 0.821561 0.785608 0.754412 0.727284 0.703676 0.681576 0.660151 0.641531 0.625398 0.611493 0.599606 0.589566 0.581233 0.574498 0.569272 0.565491 0.563107 0.562092 0.555755 0.544585 0.535119 0.527225 0.520797 0.515751 0.512023 0.509568 0.508355 0.508370 0.509613 0.512098 0.515856 0.520935 0.527397 0.535328 0.544833 0.556046 0.569130 0.584286 0.601761 0.621857 0.644950 0.671504 0.702102 0.737484 0.740828 0.741728 0.744426 0.748954 0.755369 0.763750 0.774206 0.786874 0.801927 0.819581 0.840098 0.863804 0.891095 0.922462 0.958512 1.000000 0.973491 0.904985 0.847394 0.798503 0.756670 0.720651 0.689491 0.662443 0.638919 0.618447 0.600648 0.585216 0.571900 0.560496 0.550840 0.542796 0.536257 0.531138 0.529368 0.529289 0.530489 0.532980 0.536794 0.541979 0.548599 0.556740 0.566512 0.578051 0.591524 0.607138 0.610659 0.605492 0.601851 0.599688 0.598979 0.599715 0.601905 0.605575 0.610770 0.617556 0.626019 0.636272 0.648454 0.662739 0.679342 0.682288 0.679402 0.678168 0.678569 0.680612 0.684321 0.689741 0.696940 0.706010 0.717069 0.730267 0.745791 0.763869 0.784783 0.808878 0.836579 4029.000000 1.446473 0.776216
0.665657 0.698608 0.736858 0.781532 0.834112 0.896592 0.971722 0.983136 0.927281 0.879437 0.838207 0.802517 0.771526 0.744565 0.721104 0.700713 0.683044 0.667813 0.654789 0.643785 0.634648 0.627257 0.621517 0.617354 0.614718 0.613576 0.613914 0.615737 0.619066 0.623944 0.630429 0.638605 0.648579 0.660487 0.674494 0.690809 0.709685 0.731434 0.728348 0.709890 0.693975 0.680361 0.668851 0.659286 0.651538 0.645508 0.641118 0.638314 0.637064 0.637350 0.639178 0.642568 0.647563 0.654224 0.662637 0.672912 0.685186 0.699634 0.716467 0.735947 0.725951 0.704313 0.685530 0.669294 0.655352 0.643497 0.633563 0.625414 0.618945 0.614072 0.610735 0.608893 0.608524 0.609623 0.612204 0.616297 0.621954 0.629246 0.638267 0.649137 0.662005 0.677059 0.694525 0.714683 0.737877 0.764531 0.795170 0.830452 0.871206 0.918493 0.973689 1.000000 0.919898 0.853581 0.797976 0.750871 0.710634 0.676035 0.646133 0.620196 0.597644 0.578019 0.560950 0.546138 0.533341 0.522358 0.513030 0.505225 0.498838 0.493785 0.490001 0.487441 0.486072 0.485879 0.486857 0.489020 0.492394 0.497021 0.502958 0.510284 0.519094 0.529513 0.541690 0.555810 0.572102 0.590844 0.612381 0.637140 5235.000000 1.224945 0.713690
