45
1000 1000
8 23 23 42 14 55 36 70 39 57 60 46 63 30 64 29 44
7 13 21 25 15 41 15 55 28 52 49 24 52 8 39
7 20 23 45 22 70 21 78 44 79 69 41 68 31 48
4 42 45 83 21 122 51 80 95
6 26 83 85 58 114 66 154 103 144 168 82 129
8 -4 -7 10 -6 23 0 27 7 19 23 11 29 -1 20 -1 11
7 4 9 22 -1 42 0 51 26 43 46 18 51 4 29
7 -17 19 11 6 30 7 42 30 33 46 9 51 -7 41
6 119 34 150 50 162 61 152 91 125 85 118 66
3 34 5 81 31 22 66
4 -13 25 28 4 75 35 24 64
7 3 50 74 15 142 1 153 70 141 149 68 174 22 121
3 19 11 66 33 17 71
5 68 29 116 5 144 35 114 82 44 66
8 12 2 27 -5 33 10 42 17 37 35 25 35 5 32 12 18
6 47 104 107 61 179 61 207 109 167 170 104 157
7 13 35 23 9 44 22 66 47 47 67 27 75 3 63
7 0 28 15 21 23 27 37 38 26 45 13 50 0 40
3 43 2 154 53 46 88
4 56 197 140 145 220 186 139 261
5 6 27 49 28 72 42 49 69 16 65
7 35 43 74 28 109 26 149 63 104 90 64 99 40 88
8 21 72 35 66 63 70 77 89 53 114 35 122 12 115 -5 95
4 63 124 114 98 154 131 110 162
3 113 76 179 96 120 121
6 44 58 57 34 88 37 101 53 99 96 55 92
6 6 11 12 -13 40 -4 56 15 49 37 22 43
5 3 4 35 -2 62 20 34 53 -3 40
3 33 67 117 135 37 178
8 23 21 37 -16 56 13 63 39 61 66 33 83 8 61 1 47
8 5 38 -1 22 24 2 44 21 67 43 44 63 26 71 10 57
6 88 70 174 55 177 135 160 199 71 208 37 144
3 71 49 132 96 71 151
5 18 5 41 -17 60 8 32 26 15 19
7 -6 4 8 1 22 0 31 13 20 19 7 22 -1 18
7 30 31 68 22 107 22 149 70 103 96 75 113 30 86
3 87 9 263 101 80 199
8 2 41 0 15 31 15 46 29 56 43 39 60 28 77 2 78
4 74 80 103 59 149 83 105 99
3 99 75 296 190 62 253
7 -6 9 10 -3 32 4 42 23 27 35 18 43 6 29
6 48 43 50 18 81 21 88 51 79 76 51 82
6 30 9 55 0 65 24 47 39 25 46 21 24
3 11 -2 83 42 30 60
5 68 32 87 31 98 39 87 58 71 50
