30
1000 1000
8 47 100 58 81 77 74 87 93 95 100 101 124 74 125 59 127
4 40 65 71 46 108 71 69 97
8 38 27 58 14 111 38 127 64 104 94 68 113 34 96 9 66
5 41 39 75 25 124 64 74 77 24 93
4 70 82 133 134 81 178 4 141
5 58 60 79 50 93 71 83 105 59 81
7 24 39 49 27 84 24 120 75 93 95 48 117 8 85
8 67 57 67 43 87 34 98 49 116 63 102 78 85 71 70 73
5 -8 15 24 10 51 26 21 51 -11 48
3 26 10 75 27 28 44
7 48 60 79 41 107 46 135 73 110 103 81 122 50 99
6 49 73 102 3 193 9 190 91 205 163 75 162
3 105 102 145 137 109 155
3 13 34 44 44 4 65
8 60 55 102 43 147 42 134 91 151 136 105 147 49 142 65 94
6 2 -6 15 -8 20 9 17 19 2 24 -6 10
5 27 41 57 7 80 59 73 106 15 78
7 17 22 48 -8 95 4 110 43 109 86 56 81 22 58
6 20 24 32 22 45 32 35 45 20 45 11 35
8 -3 27 38 24 56 47 91 64 63 90 39 111 18 85 1 70
6 42 52 98 63 114 103 100 132 39 148 34 100
8 10 4 26 -3 36 5 49 19 35 27 24 29 15 28 8 16
6 10 23 49 15 67 57 54 81 11 73 -12 57
6 142 129 174 145 199 181 182 216 131 226 102 188
3 149 91 286 146 119 232
6 3 16 33 11 45 39 30 51 10 56 2 35
7 27 176 93 168 154 150 161 212 139 271 66 277 37 247
8 2 33 8 23 15 8 31 19 35 33 35 47 21 54 3 51
3 111 62 221 147 131 196
7 22 20 45 -4 82 4 108 30 91 76 42 80 26 60
