50
1000 1000
3 28 37 84 76 30 108
7 13 46 15 20 42 31 49 50 43 71 24 79 1 61
8 -2 46 1 19 38 5 59 28 84 40 57 74 39 91 -6 83
8 1 20 14 2 28 7 47 10 52 26 41 37 32 48 13 44
3 98 90 187 126 79 192
7 13 4 28 -2 37 5 52 15 48 31 24 33 6 25
3 27 1 67 23 25 43
3 104 217 222 267 71 338
6 8 44 20 33 38 31 41 42 39 60 19 59
5 16 20 51 -9 55 33 36 48 -2 54
4 17 40 43 28 61 41 36 85
3 81 47 119 70 84 95
3 105 164 222 228 85 336
8 12 36 45 24 75 23 81 67 76 104 41 136 -4 105 6 76
6 -12 15 8 -4 36 -7 63 12 37 45 7 42
5 27 41 62 35 85 52 65 79 31 67
8 -3 25 14 13 27 2 38 13 58 26 37 38 30 53 9 52
6 38 27 42 9 68 -2 90 27 71 51 45 53
8 -8 49 5 21 20 -13 79 20 86 58 75 99 34 97 -6 86
6 18 0 42 4 52 17 39 40 16 42 14 24
5 28 10 51 6 71 22 54 57 23 43
6 52 44 78 18 122 7 160 43 122 115 72 83
8 61 78 85 49 129 23 179 55 204 101 195 141 124 161 69 140
5 14 8 38 3 48 19 39 35 18 24
8 56 69 54 43 84 48 118 31 139 63 128 104 81 119 67 91
8 9 12 36 16 54 10 71 40 51 53 29 62 10 55 -6 41
3 9 14 89 52 14 119
4 77 6 122 34 79 70 13 49
5 45 45 78 48 101 64 75 103 35 84
6 32 58 52 40 85 44 99 60 80 94 50 87
8 -27 37 -4 9 15 -7 47 7 59 37 47 71 16 72 -2 69
3 21 0 61 19 27 37
5 69 51 85 42 106 60 87 74 51 79
5 15 25 58 18 92 58 55 80 15 78
8 3 90 55 84 103 96 156 125 84 176 65 214 -2 201 -29 141
4 26 30 50 16 70 28 51 48
6 65 39 117 45 115 92 106 134 66 121 44 91
6 36 29 62 14 82 9 101 29 78 55 59 54
7 43 36 86 15 108 14 120 47 113 97 80 80 50 74
4 25 59 68 -4 130 59 88 140
7 27 20 79 -22 127 -24 157 53 120 84 56 105 8 61
7 137 161 171 136 233 121 278 181 260 260 174 268 108 214
8 26 33 52 10 68 26 87 50 80 92 53 105 17 84 -2 63
4 134 24 212 126 99 212 50 131
6 72 58 66 40 96 38 115 61 95 89 75 81
7 12 44 30 29 46 29 56 51 46 75 25 74 13 60
5 14 46 88 43 127 92 100 131 46 125
8 24 -5 44 -16 67 0 57 21 61 40 39 40 18 42 25 21
6 -33 103 19 52 74 64 110 123 81 180 9 178
3 139 108 244 158 143 220
