35
1000 1000
5 65 74 120 49 138 95 119 143 75 116
4 -7 17 34 -9 79 32 39 72
6 9 -8 30 0 37 20 29 39 6 45 -9 26
3 30 47 67 68 28 89
4 -6 42 16 28 41 47 18 69
7 -54 12 15 -19 64 1 121 56 63 88 17 101 -26 80
5 19 10 34 -10 46 16 34 34 8 31
8 97 74 113 46 149 32 180 47 200 85 163 111 142 130 103 127
3 17 4 60 29 18 60
5 21 10 47 16 62 30 52 68 18 44
6 16 37 61 35 96 100 60 129 6 180 -66 101
8 8 18 14 5 22 -1 41 -2 39 17 35 31 26 43 7 37
5 20 9 51 6 83 16 53 40 19 41
3 90 67 167 102 84 143
4 41 44 79 92 46 122 2 89
4 39 -3 79 37 49 67 -2 36
3 148 139 191 156 133 197
6 -12 15 -2 -7 16 7 38 23 22 31 5 29
7 40 34 61 24 93 20 122 59 101 90 65 86 20 81
7 48 149 76 109 114 124 144 173 132 224 80 215 58 185
8 62 26 106 -1 168 30 230 101 146 121 89 140 58 135 -15 96
8 13 3 41 -4 65 0 105 38 71 63 30 65 13 55 -21 36
3 12 14 80 46 15 86
7 71 77 92 33 143 47 153 87 134 125 95 133 39 130
3 5 4 43 20 6 42
6 25 -14 58 -8 60 20 55 42 29 43 6 25
6 -7 28 7 13 31 12 49 33 30 52 13 54
7 -7 4 16 -13 34 3 47 22 34 42 19 34 -7 35
4 37 79 63 38 92 84 59 128
8 38 55 55 37 133 35 153 85 108 138 62 130 4 125 -13 100
3 110 93 146 126 99 152
7 -14 23 41 3 79 -19 98 45 73 93 35 100 2 57
7 -7 2 15 -2 27 -1 41 12 31 21 13 28 -5 20
8 13 80 35 45 88 17 129 50 140 80 122 126 77 140 65 110
8 5 1 45 6 66 12 102 50 72 79 33 74 11 67 -20 50
