55
1000 1000
4 54 69 77 40 124 67 84 110
8 7 12 11 4 23 -1 30 7 44 15 28 22 23 28 7 28
5 -2 12 26 1 40 25 25 42 -4 35
7 105 86 140 49 199 28 214 95 188 141 154 162 120 118
6 40 8 74 5 85 38 70 53 47 53 33 32
3 15 -11 135 48 24 103
5 28 126 102 120 141 183 89 244 29 217
7 50 62 63 8 126 30 118 82 105 103 82 109 56 99
5 28 63 62 61 103 82 72 120 36 99
3 64 12 132 47 69 94
3 33 0 60 24 30 41
8 -5 12 6 7 11 -3 22 6 28 16 26 31 13 37 1 30
6 39 4 74 6 103 35 85 79 34 69 2 43
6 -12 230 52 170 119 167 191 248 124 305 32 307
7 -32 29 33 22 63 33 88 57 72 92 28 103 -28 89
7 22 20 38 12 57 12 65 29 47 41 33 50 16 36
8 30 27 63 2 119 21 115 72 122 127 60 167 7 140 -11 91
7 23 0 33 -36 77 -7 84 29 90 76 44 53 -4 41
5 94 89 124 56 142 114 128 134 74 137
3 21 10 63 30 11 51
3 25 -4 81 24 32 56
4 72 163 130 130 192 164 123 228
5 51 48 77 47 97 61 77 80 49 77
3 92 73 226 140 116 201
4 25 -11 33 17 21 34 0 18
5 15 25 43 21 63 38 41 62 14 59
8 54 86 75 73 83 95 89 106 93 128 73 119 64 117 51 105
4 29 18 62 57 24 72 -11 55
3 198 139 304 216 212 275
4 97 13 125 57 98 95 62 67
6 50 35 122 35 172 93 124 144 58 193 40 112
4 -19 27 36 -6 91 29 30 82
3 22 17 58 39 31 52
7 21 34 51 19 72 30 98 43 79 73 52 82 20 71
5 44 19 76 -5 81 37 63 51 43 50
6 51 57 50 0 107 6 142 61 112 109 50 121
5 99 124 152 123 174 155 143 200 102 181
3 51 29 140 74 55 110
7 189 104 212 63 280 65 272 119 273 187 212 188 177 159
6 88 37 117 53 139 72 108 91 87 95 63 72
8 46 180 79 178 119 160 136 217 99 238 76 269 49 238 33 213
4 59 62 85 52 113 66 86 81
3 43 15 100 45 35 74
6 16 4 47 2 61 23 39 38 20 38 4 22
4 -6 54 51 14 75 52 54 109
8 49 42 64 28 70 43 82 50 73 64 58 79 45 70 34 58
4 6 39 31 7 66 47 34 69
3 10 14 61 35 4 62
8 41 47 83 64 114 56 123 86 131 131 85 127 41 125 30 97
5 51 70 127 59 150 110 121 180 38 169
6 8 -12 29 -6 42 13 27 24 14 19 2 9
3 46 1 190 59 55 114
7 2 13 43 -1 83 -20 76 34 76 75 35 82 -11 58
7 14 9 29 -7 48 -2 53 15 51 32 25 37 14 22
5 33 50 50 42 70 65 55 85 28 79
