0.848531 0.815430 0.786638 0.761582 0.739800 0.720918 0.704632 0.690692 0.678896 0.669082 0.661117 0.654899 0.650349 0.647410 0.646047 0.646244 0.648002 0.651344 0.656309 0.662960 0.671381 0.681682 0.694003 0.708515 0.725432 0.745015 0.767585 0.793537 0.782134 0.763054 0.746639 0.732643 0.720867 0.711149 0.703362 0.697406 0.693205 0.690709 0.689887 0.690729 0.693245 0.697466 0.703443 0.711252 0.711942 0.710154 0.710081 0.711722 0.715098 0.720249 0.727240 0.736159 0.747121 0.760274 0.775801 0.793928 0.814932 0.839155 0.867014 0.899027 0.935835 0.978244 1.000000 0.948722 0.904519 0.866245 0.833005 0.804087 0.778922 0.757054 0.738109 0.721786 0.707838 0.696063 0.686301 0.678420 0.672319 0.667921 0.665173 0.664041 0.664511 0.666588 0.670298 0.675687 0.682821 0.674243 0.665339 0.658232 0.652832 0.649071 0.646902 0.646299 0.647256 0.649783 0.653911 0.659691 0.667197 0.676523 0.687795 0.701166 0.716828 0.735018 0.756023 0.780199 0.789582 0.777614 0.767826 0.760089 0.754306 0.750404 0.748336 0.748077 0.749623 0.752993 0.758228 0.765394 0.774580 0.785906 0.799523 0.815619 0.834428 0.856237 0.881396 0.910338 0.943596 0.981832 0.930725 0.886660 6005.500000 1.214976 0.836684
0.719232 0.747976 0.781072 0.775069 0.754660 0.737027 0.721900 0.709054 0.698311 0.689524 0.682580 0.677391 0.673890 0.672036 0.671807 0.673199 0.676229 0.680934 0.687373 0.695626 0.705801 0.718034 0.732494 0.749391 0.768982 0.791583 0.817582 0.847458 0.881805 0.921367 0.967086 0.968619 0.909593 0.859298 0.816137 0.778891 0.746616 0.718572 0.694170 0.672939 0.654498 0.638539 0.624808 0.613101 0.603252 0.595125 0.588613 0.583633 0.580122 0.578038 0.577354 0.578063 0.580173 0.583710 0.588718 0.595258 0.603416 0.613298 0.625040 0.638809 0.654812 0.673301 0.694586 0.719050 0.747165 0.779523 0.789964 0.766432 0.746007 0.728352 0.713191 0.700301 0.689501 0.680643 0.673612 0.668319 0.664697 0.662702 0.662310 0.663515 0.666333 0.670799 0.676966 0.684913 0.694742 0.706585 0.720605 0.737003 0.756029 0.777988 0.803253 0.832286 0.865661 0.904093 0.948487 1.000000 0.948079 0.891491 0.843195 0.801694 0.765846 0.734761 0.707739 0.684224 0.663769 0.646013 0.630662 0.617476 0.606261 0.596859 0.589141 0.583007 0.578378 0.575197 0.573425 0.573040 0.574037 0.576429 0.580245 0.585531 0.592355 0.600804 0.610991 0.623057 0.637174 0.653557 0.672467 0.694227 1107.000000 1.317892 0.760337
0.657802 0.679458 0.704342 0.732952 0.765907 0.753201 0.740637 0.730216 0.721798 0.715277 0.710568 0.707614 0.706380 0.706850 0.709030 0.712946 0.718646 0.726202 0.735710 0.747294 0.761112 0.777358 0.796273 0.818152 0.843356 0.872331 0.874806 0.832004 0.795021 0.762946 0.735061 0.710794 0.689686 0.671367 0.655535 0.641942 0.630390 0.620715 0.612786 0.606500 0.601777 0.598558 0.596803 0.596491 0.597618 0.600198 0.604263 0.609862 0.617067 0.625970 0.636690 0.649375 0.664208 0.681415 0.701271 0.724117 0.750369 0.780548 0.815302 0.855453 0.866935 0.824139 0.787177 0.755130 0.727273 0.703031 0.681944 0.663637 0.647807 0.634207 0.622635 0.612928 0.604954 0.598609 0.593811 0.590500 0.588637 0.588197 0.589177 0.591588 0.595458 0.600837 0.607791 0.616411 0.626810 0.639133 0.653556 0.670296 0.689622 0.711861 0.737419 0.766795 0.800618 0.839679 0.884988 0.937854 1.000000 0.976960 0.913604 0.859910 0.814030 0.774568 0.740457 0.710865 0.685133 0.662740 0.643266 0.626369 0.611773 0.599253 0.588624 0.579738 0.572475 0.566741 0.562461 0.559584 0.558074 0.557912 0.559097 0.561642 0.565580 0.570959 0.577846 0.586332 0.596529 0.608578 0.622656 0.638976 1125.500000 1.187335 0.749075
0.965872 0.971037 0.953830 0.939446 0.927691 0.918412 0.911491 0.906841 0.904407 0.904158 0.906091 0.910230 0.916625 0.925356 0.936533 0.950300 0.966843 0.986389 0.988535 0.933714 0.886678 0.846094 0.810931 0.780379 0.753796 0.730666 0.710574 0.693183 0.678218 0.665455 0.654711 0.645840 0.638724 0.633272 0.629416 0.627108 0.626320 0.627043 0.629286 0.633075 0.638458 0.645501 0.657074 0.672605 0.690593 0.711329 0.735176 0.762577 0.794088 0.830401 0.872397 0.921204 0.976689 0.957048 0.940401 0.926518 0.915212 0.906335 0.899776 0.895452 0.893312 0.893329 0.895503 0.899861 0.906456 0.915370 0.926716 0.940641 0.957332 0.977023 1.000000 0.988933 0.949797 0.915763 0.886145 0.860390 0.838052 0.818767 0.802239 0.788226 0.776534 0.767003 0.759512 0.753964 0.750291 0.748448 0.748412 0.750184 0.753784 0.759257 0.766671 0.776118 0.787723 0.801641 0.802235 0.793218 0.786275 0.781318 0.778286 0.777143 0.777874 0.780489 0.785019 0.791520 0.800073 0.810787 0.820668 0.804702 0.791214 0.780020 0.770969 0.763946 0.758860 0.755651 0.754278 0.754725 0.756997 0.761122 0.767150 0.775157 0.785245 0.797545 0.812225 0.829491 0.849598 0.872859 0.899658 0.930468 1530.000000 1.133346 0.854595
0.761790 0.754671 0.741357 0.730233 0.721150 0.713990 0.708660 0.705095 0.703252 0.703108 0.704661 0.707930 0.712955 0.719799 0.728547 0.739314 0.747279 0.728899 0.713078 0.699578 0.688208 0.678810 0.671260 0.665463 0.661344 0.658853 0.657961 0.658655 0.660945 0.664858 0.670442 0.677767 0.686928 0.698044 0.711268 0.726787 0.744833 0.752576 0.738950 0.727529 0.718160 0.710720 0.705113 0.701270 0.699145 0.698710 0.699961 0.702913 0.707601 0.714085 0.722445 0.732790 0.745256 0.760016 0.777284 0.797320 0.820444 0.847052 0.877629 0.912777 0.953250 1.000000 0.959768 0.905607 0.859191 0.819179 0.784533 0.754443 0.728265 0.705486 0.685690 0.668542 0.653767 0.641142 0.630485 0.621650 0.614519 0.609001 0.605025 0.602543 0.601525 0.601957 0.603846 0.607215 0.612104 0.618574 0.626709 0.636615 0.648426 0.662310 0.678471 0.697162 0.718693 0.743444 0.740822 0.729957 0.721118 0.714191 0.709088 0.705745 0.704122 0.704199 0.705977 0.709477 0.714743 0.721839 0.730856 0.741911 0.755153 0.770767 0.788981 0.810076 0.834394 0.862360 0.894495 0.870206 0.847553 0.827993 0.811226 0.797007 0.785136 0.775454 0.767836 0.762184 0.758428 0.756523 0.756446 0.758194 5410.500000 1.238158 0.853084
0.844164 0.866465 0.892185 0.921766 0.955758 0.955940 0.925548 0.899128 0.876227 0.856476 0.839574 0.825275 0.813382 0.803735 0.796211 0.790713 0.787174 0.785551 0.785823 0.787557 0.783133 0.780628 0.780012 0.781278 0.784441 0.789539 0.796636 0.805821 0.817211 0.830958 0.847253 0.866327 0.888470 0.914035 0.943454 0.977263 1.000000 0.954230 0.914572 0.880116 0.850135 0.824049 0.801389 0.781776 0.764898 0.755124 0.748055 0.742889 0.739564 0.738039 0.738295 0.740335 0.744185 0.749890 0.757523 0.767180 0.778988 0.793104 0.809729 0.829106 0.851535 0.850153 0.835074 0.822468 0.812165 0.804029 0.797958 0.793876 0.791733 0.791503 0.793184 0.796796 0.802383 0.810013 0.819784 0.831822 0.846289 0.863383 0.883355 0.906508 0.903255 0.886414 0.872252 0.860575 0.851231 0.844099 0.839091 0.836144 0.835222 0.836316 0.839437 0.844623 0.851940 0.861478 0.873359 0.887742 0.904822 0.924845 0.901894 0.875834 0.853235 0.833731 0.817023 0.802868 0.791069 0.781466 0.773936 0.768383 0.764738 0.762957 0.763019 0.764923 0.768693 0.774375 0.774315 0.766685 0.761019 0.757247 0.755323 0.755223 0.756947 0.760515 0.765971 0.773383 0.782843 0.794476 0.808436 0.824919 595.000000 1.077422 0.880300
0.613316 0.597615 0.584070 0.572473 0.562657 0.554485 0.547849 0.542661 0.538856 0.536388 0.535225 0.535355 0.536778 0.539512 0.543590 0.549063 0.556000 0.564493 0.574654 0.586628 0.600588 0.616751 0.635382 0.656804 0.681420 0.709730 0.742360 0.780105 0.823985 0.875329 0.935903 1.000000 0.942179 0.892712 0.850126 0.813288 0.781314 0.753506 0.729306 0.708265 0.690020 0.674275 0.660788 0.649365 0.639845 0.632100 0.626031 0.621561 0.618634 0.617214 0.617285 0.618846 0.621917 0.626536 0.610126 0.595232 0.582417 0.571491 0.562296 0.554707 0.548625 0.543971 0.540687 0.538732 0.538083 0.538732 0.540687 0.543971 0.548625 0.554707 0.562296 0.571491 0.582417 0.595232 0.610126 0.627335 0.647148 0.669918 0.696088 0.726206 0.722917 0.714220 0.707413 0.702411 0.699152 0.697596 0.697723 0.699537 0.703058 0.708329 0.715417 0.724411 0.735428 0.748617 0.764162 0.782291 0.803283 0.827481 0.855307 0.836845 0.801799 0.771355 0.744867 0.721818 0.701794 0.684454 0.669525 0.656782 0.646042 0.637158 0.630012 0.624512 0.620590 0.618197 0.617303 0.617899 0.619991 0.623604 0.628783 0.635594 0.644122 0.654480 0.666809 0.681285 0.698122 0.676198 0.652260 0.631427 674.500000 1.414949 0.795196
0.682813 0.724695 0.774038 0.832745 0.820602 0.775663 0.737073 0.703756 0.674876 0.649777 0.627937 0.608936 0.592436 0.578163 0.565893 0.555443 0.546666 0.539440 0.533672 0.529288 0.526233 0.524469 0.523974 0.524744 0.526787 0.530128 0.534808 0.540886 0.548441 0.557571 0.568404 0.581093 0.595830 0.612849 0.632437 0.654948 0.680822 0.710606 0.744993 0.784863 0.831359 0.885979 0.886417 0.813519 0.753377 0.703092 0.660592 0.624355 0.593243 0.566383 0.543102 0.522869 0.505263 0.489946 0.476645 0.465138 0.455244 0.446816 0.439735 0.433904 0.429246 0.425702 0.423226 0.421790 0.421375 0.421977 0.423602 0.426271 0.430016 0.434884 0.440939 0.448259 0.456946 0.467124 0.478946 0.492599 0.508314 0.526374 0.547132 0.571027 0.598611 0.630593 0.667884 0.711685 0.763603 0.825839 0.901484 0.995023 1.000000 0.911659 0.839517 0.779696 0.729474 0.686885 0.650475 0.619147 0.592059 0.568554 0.548114 0.530326 0.514858 0.501440 0.489854 0.479922 0.471497 0.464463 0.458724 0.454207 0.450853 0.448621 0.447484 0.447427 0.448451 0.450568 0.453803 0.458196 0.463804 0.470699 0.478973 0.488742 0.500148 0.513364 0.528607 0.546138 0.566283 0.589445 0.616131 0.646980 17469.500000 1.286444 0.590630
0.718375 0.742896 0.771074 0.803485 0.840855 0.884105 0.851913 0.818007 0.788524 0.762866 0.740553 0.721196 0.704479 0.690145 0.677983 0.667823 0.659528 0.652991 0.648129 0.644880 0.643206 0.643085 0.644517 0.647519 0.627526 0.609071 0.593058 0.579225 0.567358 0.557283 0.548859 0.541973 0.536533 0.532471 0.529738 0.528298 0.528135 0.529246 0.531646 0.535364 0.540444 0.546953 0.554973 0.564613 0.576005 0.589316 0.604748 0.611164 0.601985 0.594488 0.588576 0.584174 0.581227 0.579699 0.579572 0.580844 0.583530 0.587664 0.593296 0.600498 0.609363 0.620009 0.632585 0.647274 0.664299 0.683937 0.706524 0.732480 0.762321 0.796699 0.836433 0.882577 0.936497 1.000000 0.931581 0.864077 0.807509 0.759610 0.718710 0.683552 0.653173 0.626826 0.603920 0.583986 0.566648 0.551600 0.538595 0.527430 0.517941 0.509994 0.503482 0.498320 0.494442 0.491799 0.490359 0.490105 0.491033 0.493156 0.496498 0.501101 0.507023 0.514341 0.523152 0.533577 0.545769 0.559910 0.576230 0.595005 0.616581 0.641384 0.632696 0.623695 0.616410 0.610748 0.606637 0.604027 0.602885 0.603198 0.604969 0.608221 0.612992 0.619343 0.627353 0.637129 0.648802 0.662536 0.678535 0.697046 6940.500000 1.493251 0.768962
0.940259 0.889274 0.845467 0.807627 0.774816 0.746295 0.721475 0.699885 0.681142 0.664938 0.651018 0.639178 0.629249 0.621097 0.614616 0.609722 0.606355 0.604473 0.604054 0.605091 0.607599 0.611607 0.617165 0.624342 0.633232 0.643953 0.656652 0.671512 0.656119 0.641892 0.629754 0.619532 0.611085 0.604301 0.599093 0.595397 0.593166 0.592374 0.593010 0.595083 0.598618 0.603658 0.610266 0.618527 0.628549 0.640471 0.654460 0.670726 0.689525 0.711170 0.736049 0.764641 0.797543 0.835507 0.879490 0.871670 0.839745 0.811963 0.787797 0.766822 0.748692 0.733125 0.719891 0.708804 0.699713 0.692499 0.687071 0.683361 0.681323 0.680933 0.682186 0.685097 0.689701 0.696057 0.704242 0.714364 0.726557 0.740990 0.757870 0.777454 0.796014 0.768118 0.743842 0.722741 0.704455 0.688689 0.675205 0.663807 0.654337 0.646670 0.640706 0.636371 0.633609 0.632389 0.632694 0.634529 0.637916 0.627745 0.613796 0.601872 0.591801 0.583444 0.576690 0.571451 0.567662 0.565275 0.564262 0.564611 0.566325 0.569425 0.573950 0.579956 0.587519 0.596739 0.607740 0.620677 0.635743 0.653170 0.673248 0.696329 0.722853 0.753365 0.788548 0.829275 0.876665 0.932182 0.997771 1.000000 9105.500000 1.246340 0.788657
0.735677 0.758483 0.773803 0.786502 0.801587 0.819274 0.839829 0.863575 0.890912 0.922331 0.958441 1.000000 0.967341 0.928848 0.895375 0.866246 0.840914 0.818939 0.799960 0.783687 0.769881 0.758347 0.748932 0.741512 0.735994 0.732308 0.730410 0.730276 0.717986 0.701153 0.686707 0.674437 0.664169 0.655766 0.649117 0.644137 0.640765 0.638960 0.638699 0.639979 0.642816 0.647245 0.653320 0.661118 0.670740 0.682314 0.696000 0.711998 0.730549 0.751953 0.776576 0.804871 0.837400 0.837052 0.816081 0.798010 0.782566 0.769527 0.758714 0.749982 0.743219 0.738339 0.735284 0.734014 0.734515 0.736793 0.740875 0.746813 0.754679 0.764573 0.776627 0.791003 0.807904 0.827581 0.816035 0.801501 0.789343 0.779399 0.771537 0.765659 0.761690 0.759583 0.759312 0.760874 0.764286 0.769592 0.776857 0.786172 0.797659 0.811469 0.827796 0.846875 0.868998 0.894520 0.877411 0.841924 0.811074 0.784227 0.760875 0.740606 0.723086 0.708042 0.695252 0.684535 0.675747 0.668773 0.663523 0.659933 0.657957 0.657573 0.658776 0.661579 0.655070 0.647611 0.641850 0.637712 0.635149 0.634127 0.634635 0.636679 0.640283 0.645492 0.652372 0.661009 0.671517 0.684040 0.698754 0.715877 1787.500000 1.227816 0.862113
0.689434 0.690931 0.694110 0.699010 0.705693 0.714241 0.705469 0.693673 0.683886 0.675977 0.669845 0.665411 0.662621 0.661441 0.661857 0.663874 0.667517 0.672829 0.679878 0.688752 0.684813 0.668485 0.654457 0.642522 0.632511 0.624288 0.617746 0.612800 0.609389 0.607471 0.607023 0.608039 0.610532 0.614532 0.620089 0.627272 0.636173 0.646912 0.659637 0.674529 0.691814 0.711769 0.734731 0.761120 0.791452 0.826375 0.866707 0.913491 0.968080 1.000000 0.947474 0.902255 0.863141 0.829192 0.799666 0.773970 0.751629 0.732257 0.715538 0.700355 0.685450 0.672753 0.662084 0.653297 0.646277 0.640934 0.637201 0.635033 0.634402 0.635301 0.637742 0.641753 0.647384 0.654707 0.663814 0.674827 0.682066 0.669231 0.658426 0.649504 0.642348 0.636865 0.632987 0.630666 0.629874 0.630601 0.632857 0.636667 0.642081 0.649164 0.658008 0.668730 0.681476 0.696427 0.713808 0.711152 0.705207 0.701035 0.698585 0.697827 0.698753 0.701373 0.705719 0.711845 0.719828 0.729770 0.741802 0.756090 0.772838 0.792296 0.814772 0.840646 0.870382 0.904558 0.877757 0.846047 0.818452 0.794453 0.773632 0.755649 0.740226 0.727136 0.716196 0.707260 0.700209 0.694956 0.691434 0.689601 6636.000000 1.253869 0.840812
0.664740 0.655738 0.648517 0.642986 0.639075 0.636736 0.635940 0.636678 0.638959 0.642811 0.648281 0.655437 0.664371 0.675201 0.688075 0.703177 0.720732 0.741016 0.764370 0.764569 0.755331 0.748095 0.742768 0.739285 0.737603 0.737702 0.739584 0.743269 0.748805 0.756260 0.765727 0.777331 0.791228 0.807611 0.826722 0.848852 0.874365 0.858735 0.816561 0.780127 0.748532 0.721066 0.697164 0.676374 0.658327 0.642726 0.629329 0.617937 0.608390 0.600558 0.594339 0.589654 0.586443 0.584668 0.584307 0.585356 0.587827 0.591751 0.597176 0.604171 0.612825 0.625627 0.640589 0.657908 0.677869 0.700819 0.727191 0.757522 0.792486 0.832937 0.879973 0.935027 1.000000 0.973817 0.917907 0.870051 0.828835 0.793172 0.762212 0.735283 0.711848 0.691476 0.673815 0.658580 0.645541 0.634506 0.625323 0.617870 0.612050 0.607788 0.605033 0.603751 0.603926 0.605561 0.608674 0.613305 0.619511 0.627371 0.635064 0.644363 0.655542 0.668755 0.684194 0.702094 0.722744 0.746498 0.773794 0.805175 0.841322 0.836477 0.820231 0.806510 0.795124 0.785923 0.778787 0.773626 0.770376 0.768999 0.769477 0.771816 0.776045 0.782215 0.765307 0.741831 0.721438 0.703787 0.688598 0.675644 1160.500000 1.054740 0.793525
0.747206 0.734233 0.723417 0.714611 0.707702 0.702601 0.699246 0.697595 0.697628 0.699347 0.702771 0.707943 0.714926 0.723810 0.734710 0.747772 0.747780 0.740172 0.734468 0.730599 0.728515 0.728193 0.729628 0.732837 0.737861 0.744760 0.753622 0.764562 0.777725 0.793294 0.811495 0.832602 0.850411 0.841106 0.833990 0.828974 0.825996 0.825020 0.826033 0.829049 0.834104 0.841259 0.850606 0.862263 0.876385 0.870188 0.830857 0.796765 0.767135 0.741352 0.718921 0.699444 0.682595 0.668110 0.655774 0.645412 0.636883 0.630075 0.624900 0.621294 0.619213 0.618630 0.619541 0.621954 0.625900 0.624472 0.622918 0.622868 0.624321 0.627297 0.631830 0.637978 0.645817 0.655450 0.667006 0.680646 0.696569 0.715018 0.736294 0.760763 0.788880 0.816571 0.808198 0.801908 0.797622 0.795287 0.794875 0.796381 0.799823 0.805243 0.812708 0.822313 0.834181 0.848471 0.865380 0.885153 0.908089 0.934556 0.965007 1.000000 0.940756 0.872305 0.814970 0.766439 0.725012 0.689410 0.658653 0.631980 0.608793 0.588615 0.571064 0.555829 0.542659 0.531350 0.532703 0.551410 0.572909 0.597651 0.626203 0.659287 0.697838 0.743078 0.796643 0.852413 0.824957 0.801085 0.780383 0.762514 4981.500000 1.215852 0.791203
0.947828 1.000000 0.908757 0.834615 0.773381 0.722139 0.678798 0.641825 0.610064 0.582637 0.558857 0.538189 0.520203 0.504557 0.490972 0.479225 0.469130 0.460538 0.453327 0.447401 0.442679 0.439104 0.436629 0.435224 0.434872 0.435570 0.437325 0.440159 0.444107 0.449219 0.455559 0.458318 0.461088 0.465019 0.470160 0.476576 0.484354 0.493598 0.504441 0.517044 0.531607 0.548374 0.567644 0.589791 0.615279 0.644692 0.678776 0.718493 0.765103 0.820295 0.881868 0.843089 0.809445 0.780190 0.754731 0.732591 0.713381 0.696790 0.682559 0.670481 0.660386 0.652139 0.645631 0.640780 0.637526 0.635829 0.635668 0.637042 0.639966 0.644477 0.650631 0.658506 0.668202 0.679851 0.693614 0.709690 0.688732 0.659718 0.634517 0.612592 0.593513 0.576935 0.562576 0.550208 0.539644 0.530732 0.523351 0.517401 0.512807 0.509510 0.507470 0.506662 0.507076 0.508717 0.511606 0.515777 0.521283 0.528194 0.536601 0.546618 0.558386 0.572081 0.587917 0.579820 0.572312 0.566342 0.561836 0.558736 0.557005 0.556621 0.557580 0.559894 0.563590 0.568715 0.575332 0.583528 0.593410 0.605116 0.618814 0.634711 0.653061 0.674176 0.698441 0.726333 0.758448 0.795540 0.838571 0.888786 17579.500000 1.428543 0.716599
1.000000 0.920998 0.855474 0.800455 0.753791 0.713894 0.679562 0.649875 0.624113 0.601711 0.582215 0.565262 0.550556 0.537860 0.526977 0.517748 0.510044 0.503762 0.498820 0.495156 0.492723 0.491492 0.491448 0.492591 0.494934 0.498507 0.503353 0.509533 0.517129 0.526241 0.536997 0.549553 0.564103 0.580881 0.600177 0.622351 0.647847 0.677222 0.711182 0.750632 0.796747 0.851085 0.860666 0.807257 0.761817 0.722868 0.689288 0.660210 0.634953 0.612980 0.593859 0.577244 0.562853 0.550455 0.539864 0.530928 0.523524 0.517553 0.512938 0.509622 0.507564 0.506738 0.507134 0.508757 0.511628 0.515781 0.521267 0.528158 0.536543 0.546537 0.558280 0.571948 0.587753 0.605957 0.626884 0.650932 0.678598 0.710509 0.747458 0.790470 0.840884 0.900483 0.971695 0.930837 0.854397 0.791321 0.738574 0.693987 0.655968 0.623321 0.595136 0.570705 0.549472 0.530996 0.514922 0.500964 0.488889 0.478508 0.469667 0.462240 0.456127 0.451245 0.447534 0.444946 0.443451 0.443029 0.443676 0.445399 0.448219 0.452172 0.457307 0.463690 0.471405 0.480558 0.491281 0.503734 0.518116 0.534669 0.553693 0.575558 0.600728 0.629787 0.663479 0.702768 0.748922 0.803636 0.869234 0.948982 904.500000 1.183828 0.598120
0.554510 0.549777 0.546429 0.544426 0.543742 0.544370 0.546317 0.549607 0.554279 0.560394 0.568029 0.577285 0.588287 0.601194 0.616198 0.633536 0.653496 0.676439 0.702805 0.733149 0.768164 0.808738 0.856015 0.911494 0.932880 0.892603 0.857641 0.827232 0.800769 0.777762 0.757815 0.740605 0.725869 0.713394 0.703004 0.694563 0.687959 0.683110 0.679955 0.678457 0.678596 0.680374 0.683814 0.688957 0.695867 0.704631 0.715365 0.728212 0.743352 0.761008 0.781451 0.798160 0.764231 0.734767 0.709135 0.686831 0.667445 0.650648 0.636171 0.623794 0.613339 0.604661 0.597645 0.592201 0.588259 0.585771 0.584706 0.585053 0.586814 0.590012 0.594685 0.600892 0.608712 0.618247 0.629626 0.643010 0.658597 0.669992 0.660126 0.652093 0.645791 0.641139 0.638080 0.636577 0.636610 0.638181 0.641309 0.646031 0.652407 0.660517 0.670467 0.682390 0.696453 0.712861 0.731867 0.753780 0.778980 0.807937 0.841234 0.879605 0.923975 0.975534 1.000000 0.936268 0.882170 0.835886 0.796039 0.761569 0.731650 0.705629 0.682984 0.663295 0.646223 0.631491 0.618873 0.608186 0.599281 0.592039 0.586365 0.582189 0.579457 0.578138 0.578214 0.579687 0.582574 0.577717 0.568389 0.560688 628.000000 1.301950 0.777287
0.679717 0.675656 0.673255 0.672485 0.673337 0.675822 0.677408 0.669965 0.664266 0.660241 0.657839 0.657032 0.657809 0.660181 0.664176 0.669843 0.677253 0.686501 0.697709 0.703601 0.693724 0.685750 0.679575 0.675123 0.672338 0.671186 0.671654 0.673746 0.677488 0.682927 0.690130 0.699189 0.710222 0.723380 0.738848 0.756856 0.777683 0.801675 0.798744 0.777932 0.759961 0.744556 0.731489 0.720580 0.711680 0.704674 0.699474 0.696014 0.694253 0.694168 0.695760 0.699047 0.704069 0.710889 0.719592 0.729373 0.731038 0.734484 0.739753 0.746911 0.756048 0.767282 0.780765 0.796683 0.815269 0.836807 0.861646 0.890215 0.922333 0.873700 0.831843 0.795641 0.764224 0.736901 0.713123 0.692448 0.674517 0.659039 0.645776 0.634535 0.625159 0.617522 0.611524 0.607091 0.604166 0.602715 0.602718 0.604178 0.607111 0.611552 0.617558 0.618987 0.613844 0.610245 0.608144 0.607515 0.608352 0.610665 0.614481 0.619848 0.626833 0.635526 0.646041 0.658523 0.673151 0.690144 0.709771 0.732363 0.758328 0.788170 0.822519 0.862170 0.908137 0.961729 1.000000 0.949850 0.906570 0.869065 0.836474 0.808116 0.783443 0.762014 0.743469 0.727516 0.713917 0.702479 0.693044 0.685489 2659.500000 1.213689 0.831844
0.970116 0.905555 0.847266 0.797834 0.755571 0.719206 0.687762 0.660477 0.636749 0.616100 0.598143 0.582568 0.569119 0.557590 0.547813 0.539650 0.532992 0.527752 0.523864 0.521280 0.519967 0.519910 0.521109 0.523577 0.527346 0.532461 0.538987 0.547010 0.556636 0.568000 0.581267 0.596641 0.614370 0.600905 0.588358 0.577688 0.568744 0.561405 0.555573 0.551176 0.548158 0.546483 0.546129 0.547093 0.549386 0.553036 0.558089 0.564607 0.572676 0.582402 0.593919 0.607394 0.623030 0.641078 0.661845 0.685710 0.713142 0.744729 0.781214 0.823543 0.872946 0.931041 1.000000 0.934047 0.869401 0.814960 0.768678 0.729033 0.694868 0.665293 0.639611 0.617270 0.597828 0.580931 0.566289 0.553668 0.542877 0.533759 0.526190 0.520067 0.515313 0.511866 0.509686 0.508744 0.509029 0.510546 0.513312 0.517361 0.522744 0.529529 0.537806 0.547685 0.559307 0.572843 0.588503 0.606546 0.627289 0.651125 0.659328 0.641699 0.626458 0.613367 0.602234 0.592901 0.585240 0.579153 0.574561 0.571407 0.569652 0.569275 0.570272 0.572654 0.576450 0.581708 0.588494 0.596894 0.607022 0.619016 0.633050 0.649335 0.668132 0.689761 0.714617 0.743188 0.776087 0.814085 0.858169 0.909618 7090.000000 1.553365 0.713195
0.794656 0.779491 0.766706 0.756126 0.747610 0.741050 0.736362 0.733489 0.732396 0.733069 0.735518 0.739771 0.745880 0.753923 0.764002 0.776249 0.790832 0.807957 0.827878 0.850908 0.877431 0.886580 0.870622 0.857257 0.846304 0.837620 0.831094 0.826646 0.824219 0.823786 0.825340 0.828901 0.834512 0.842242 0.852189 0.864481 0.879282 0.896797 0.917278 0.941037 0.968455 1.000000 0.991251 0.948578 0.911533 0.879312 0.851271 0.826894 0.805761 0.787532 0.771928 0.758722 0.747731 0.738809 0.731840 0.726735 0.723432 0.721890 0.722090 0.724035 0.727749 0.733276 0.740686 0.750073 0.761559 0.775300 0.791486 0.810357 0.832204 0.857384 0.886337 0.873743 0.853006 0.835197 0.820051 0.807355 0.796937 0.788660 0.782418 0.778135 0.775757 0.775255 0.776624 0.779880 0.785062 0.792235 0.801489 0.812944 0.826751 0.843101 0.862230 0.884428 0.876735 0.867660 0.860824 0.856141 0.853554 0.853031 0.854566 0.858178 0.863911 0.871836 0.882051 0.894690 0.909921 0.927953 0.920139 0.895203 0.873632 0.855087 0.839294 0.826027 0.815106 0.806387 0.799759 0.795139 0.792471 0.791721 0.792881 0.795965 0.801010 0.808078 0.817259 0.828670 0.842462 0.856869 0.833048 0.812420 15664.000000 1.182489 0.889306
0.566096 0.554444 0.544548 0.536268 0.529493 0.524134 0.520122 0.517408 0.515960 0.515758 0.516801 0.519101 0.522687 0.527603 0.533910 0.541691 0.551049 0.562114 0.575046 0.590042 0.607343 0.627247 0.650119 0.676413 0.697918 0.678927 0.662497 0.648368 0.636330 0.626212 0.617876 0.611212 0.606135 0.602582 0.600508 0.599888 0.600716 0.603000 0.606769 0.612070 0.618968 0.627552 0.637937 0.650263 0.664709 0.681490 0.700872 0.723182 0.748823 0.778292 0.812213 0.851370 0.896763 0.949687 0.937323 0.875777 0.823677 0.779200 0.740973 0.707948 0.679307 0.654409 0.632743 0.613896 0.597537 0.583397 0.571255 0.560932 0.552282 0.545188 0.539557 0.535319 0.532418 0.530821 0.530508 0.531475 0.533733 0.532859 0.521453 0.511733 0.503560 0.496821 0.491429 0.487313 0.484424 0.482725 0.482195 0.482828 0.484632 0.487628 0.491854 0.497363 0.504225 0.512531 0.522395 0.533957 0.547392 0.562911 0.580775 0.601307 0.624904 0.652065 0.683414 0.719752 0.762110 0.811843 0.870764 0.941353 1.000000 0.945265 0.898263 0.857682 0.822504 0.791932 0.765328 0.742184 0.722087 0.704702 0.689758 0.677031 0.666342 0.657544 0.650522 0.645187 0.634322 0.613499 0.595389 0.579674 5956.000000 1.553288 0.730367
0.791676 0.864860 0.955489 1.000000 0.905550 0.829228 0.766474 0.714149 0.670022 0.632467 0.600267 0.572500 0.548451 0.527560 0.509385 0.493570 0.479828 0.467927 0.457679 0.448928 0.441549 0.435441 0.430523 0.426731 0.424018 0.422350 0.421707 0.422082 0.423478 0.425913 0.429416 0.434032 0.439820 0.446855 0.455233 0.465073 0.476521 0.489757 0.505000 0.522522 0.542658 0.565826 0.592551 0.623502 0.659542 0.701798 0.751775 0.811520 0.781115 0.740597 0.705692 0.675483 0.649253 0.626438 0.606583 0.589324 0.574366 0.561467 0.550432 0.541101 0.533344 0.527058 0.522162 0.518594 0.516310 0.515282 0.515497 0.516959 0.519684 0.523706 0.529076 0.535861 0.544150 0.554056 0.565717 0.579306 0.595031 0.613153 0.633989 0.657931 0.685468 0.717215 0.753950 0.796674 0.846693 0.838608 0.770210 0.713719 0.666443 0.626457 0.592344 0.563040 0.537734 0.515793 0.496723 0.480128 0.465692 0.453158 0.442319 0.433005 0.425078 0.418426 0.412958 0.408604 0.405306 0.403024 0.401731 0.401409 0.402056 0.403679 0.406298 0.409945 0.414666 0.420522 0.427591 0.435970 0.445779 0.457166 0.470313 0.485443 0.502830 0.522815 0.545823 0.572393 0.603210 0.639160 0.681413 0.731536 1218.000000 1.337564 0.586194
0.684665 0.664710 0.647401 0.632455 0.619643 0.608778 0.599706 0.592307 0.586484 0.582163 0.579291 0.577832 0.577769 0.579101 0.581844 0.586032 0.591716 0.598968 0.607884 0.618581 0.631209 0.645953 0.663037 0.682739 0.705399 0.731437 0.761376 0.795869 0.835746 0.882065 0.936209 1.000000 0.964956 0.906727 0.857072 0.814434 0.777622 0.745713 0.717980 0.693848 0.672854 0.654623 0.638853 0.625296 0.613750 0.604051 0.596068 0.589695 0.584852 0.581476 0.579527 0.578982 0.579833 0.582091 0.585783 0.590955 0.597672 0.606021 0.616111 0.628081 0.642104 0.658389 0.677195 0.698841 0.723717 0.752309 0.785222 0.823221 0.867280 0.868760 0.835560 0.806675 0.781541 0.759701 0.740784 0.724490 0.710572 0.698830 0.689103 0.681262 0.675206 0.670858 0.668165 0.667095 0.667634 0.669788 0.673585 0.679070 0.686312 0.695403 0.706464 0.719643 0.735128 0.753149 0.773987 0.767365 0.745902 0.727313 0.711299 0.697619 0.686078 0.676515 0.668804 0.662846 0.658566 0.655911 0.654848 0.655365 0.657468 0.661182 0.666554 0.673649 0.682560 0.693402 0.706323 0.721506 0.739177 0.759610 0.783145 0.810200 0.841290 0.877058 0.886626 0.839660 0.799247 0.764303 0.733981 0.707612 5525.500000 1.077964 0.754689
0.728751 0.722757 0.718579 0.716164 0.715482 0.716527 0.719310 0.723866 0.730250 0.738542 0.748850 0.761310 0.776093 0.793410 0.813523 0.836750 0.863483 0.894207 0.929519 0.969418 0.894569 0.832311 0.779911 0.735385 0.697258 0.664411 0.635983 0.611300 0.589829 0.571144 0.554903 0.540827 0.528689 0.518306 0.509526 0.502228 0.496316 0.491712 0.488358 0.486213 0.485250 0.485459 0.486841 0.489413 0.493208 0.498271 0.504668 0.512482 0.521818 0.532808 0.544765 0.557985 0.573277 0.590896 0.611150 0.634425 0.661199 0.692073 0.727810 0.769394 0.818109 0.875660 0.944369 1.000000 0.952064 0.910608 0.874630 0.843341 0.816112 0.792435 0.771901 0.754175 0.738985 0.726110 0.715370 0.706620 0.699747 0.694664 0.691307 0.689636 0.689631 0.691291 0.694636 0.696295 0.682968 0.671729 0.662424 0.654930 0.649150 0.645011 0.642463 0.641473 0.642032 0.644144 0.647836 0.653154 0.660162 0.668952 0.679639 0.692368 0.692330 0.673883 0.657938 0.644246 0.632605 0.622851 0.614852 0.608504 0.603724 0.600455 0.598655 0.598303 0.599394 0.601943 0.605979 0.611553 0.618734 0.627617 0.638318 0.650986 0.665804 0.682995 0.702836 0.725664 0.751898 0.758501 0.746507 0.736634 6874.000000 1.281058 0.768618
0.715575 0.744257 0.777286 0.815438 0.859707 0.911380 0.914579 0.883839 0.857096 0.833874 0.813785 0.796515 0.781808 0.769454 0.759285 0.751167 0.744997 0.740697 0.738215 0.737520 0.738604 0.741480 0.746183 0.752772 0.761328 0.771962 0.784815 0.772720 0.744217 0.719413 0.697836 0.679104 0.662906 0.648990 0.637150 0.627218 0.619060 0.612568 0.607659 0.604273 0.602367 0.601918 0.602922 0.605390 0.609352 0.614858 0.621976 0.630798 0.641441 0.654053 0.668814 0.668448 0.656048 0.645627 0.637042 0.630181 0.624956 0.621301 0.619171 0.618541 0.619403 0.621768 0.625663 0.631138 0.638261 0.647123 0.657842 0.670564 0.685472 0.702790 0.722791 0.745814 0.772274 0.802685 0.837690 0.878100 0.924946 0.979566 1.000000 0.944658 0.897168 0.856188 0.820679 0.789825 0.762978 0.739620 0.719331 0.701771 0.686662 0.673780 0.662939 0.653993 0.646822 0.641335 0.637463 0.635158 0.634393 0.635158 0.637463 0.641335 0.646822 0.653993 0.662939 0.673780 0.659130 0.641556 0.626365 0.613320 0.602229 0.592935 0.585312 0.579260 0.574702 0.571582 0.569861 0.569518 0.570549 0.572967 0.576801 0.582098 0.588925 0.597371 0.607547 0.619595 0.633687 0.650038 0.668910 0.690623 4218.000000 1.376033 0.805587
0.934763 0.881064 0.835102 0.795520 0.761270 0.731538 0.705677 0.683171 0.663606 0.646645 0.632014 0.619489 0.608890 0.600069 0.592908 0.587313 0.583215 0.580290 0.576884 0.574894 0.574297 0.575085 0.577268 0.580872 0.585942 0.592541 0.600754 0.610691 0.622486 0.636309 0.652367 0.670914 0.692264 0.716801 0.745001 0.777462 0.814932 0.858370 0.909012 0.968484 1.000000 0.951901 0.910309 0.874218 0.842832 0.815518 0.791767 0.771165 0.753377 0.738129 0.725199 0.714405 0.705603 0.698678 0.693542 0.690131 0.688404 0.688340 0.689938 0.693217 0.698217 0.705001 0.713654 0.724289 0.737048 0.752109 0.769691 0.790064 0.787443 0.770050 0.755189 0.742646 0.732248 0.723857 0.717365 0.712690 0.709774 0.708582 0.709100 0.711333 0.715309 0.721076 0.728707 0.738300 0.749978 0.763902 0.769369 0.748939 0.731282 0.716124 0.703241 0.692453 0.683612 0.676604 0.671339 0.667751 0.665797 0.665453 0.666715 0.669597 0.674136 0.680387 0.688429 0.698366 0.710330 0.724487 0.741041 0.760244 0.782404 0.796028 0.785965 0.778004 0.772044 0.768010 0.765854 0.765550 0.767092 0.770501 0.775818 0.783108 0.792463 0.804006 0.817889 0.834305 0.853492 0.875741 0.901411 0.930943 7797.500000 1.085800 0.814149
0.497457 0.524419 0.555888 0.592893 0.636820 0.689572 0.706996 0.677701 0.652246 0.630097 0.610826 0.594088 0.579601 0.567138 0.556512 0.547572 0.540196 0.534285 0.529765 0.526579 0.524687 0.524067 0.524711 0.526626 0.529837 0.534383 0.540320 0.547725 0.556695 0.567354 0.579853 0.594379 0.611162 0.630483 0.652690 0.678211 0.707583 0.741482 0.780768 0.712195 0.652022 0.602564 0.561336 0.526577 0.496998 0.471642 0.449778 0.430843 0.414397 0.400088 0.387637 0.376818 0.367448 0.359377 0.352484 0.346670 0.341854 0.337974 0.334979 0.332831 0.331504 0.330982 0.331258 0.332336 0.334229 0.336960 0.340563 0.345085 0.350584 0.357135 0.364831 0.373787 0.384143 0.396070 0.409780 0.425535 0.443661 0.464570 0.488783 0.516972 0.550017 0.589092 0.635793 0.692347 0.761958 0.849408 0.962152 1.000000 0.884083 0.793962 0.722093 0.663621 0.615281 0.574796 0.540531 0.511285 0.486151 0.464440 0.445612 0.429245 0.415003 0.402613 0.391859 0.382562 0.374578 0.367787 0.362096 0.357426 0.353716 0.350919 0.349000 0.347935 0.347712 0.348328 0.349791 0.352117 0.355337 0.359490 0.364630 0.370825 0.378161 0.386744 0.396704 0.408199 0.421427 0.436627 0.454099 0.474218 1214.500000 1.700381 0.547441
0.849264 0.900867 0.961613 1.000000 0.966010 0.936436 0.910747 0.888514 0.869386 0.853075 0.839350 0.828022 0.818943 0.811996 0.807094 0.804176 0.803208 0.804176 0.778391 0.749127 0.723664 0.701509 0.682265 0.665610 0.651280 0.639061 0.628779 0.620294 0.613492 0.608288 0.604616 0.602430 0.601704 0.602430 0.604616 0.608288 0.613492 0.618644 0.614974 0.612814 0.612138 0.612940 0.615227 0.619028 0.624391 0.631381 0.640089 0.650630 0.663148 0.677823 0.694873 0.714570 0.737243 0.763302 0.793251 0.827722 0.867509 0.913627 0.895619 0.869160 0.846200 0.826360 0.809335 0.794874 0.782773 0.772869 0.765032 0.759163 0.755189 0.753061 0.752754 0.754263 0.757607 0.745769 0.735234 0.726719 0.720114 0.715335 0.712324 0.711044 0.711480 0.713637 0.717540 0.723238 0.730803 0.740329 0.751943 0.765801 0.782099 0.801077 0.823032 0.848325 0.877403 0.881139 0.832231 0.790269 0.754066 0.722699 0.695446 0.671733 0.651101 0.633178 0.617664 0.604313 0.592925 0.583337 0.575419 0.569066 0.564195 0.561070 0.559523 0.559329 0.560485 0.563005 0.566920 0.572277 0.579146 0.587614 0.597795 0.609830 0.623893 0.640199 0.659011 0.680651 0.705517 0.734105 0.767034 0.805086 918.000000 1.234580 0.804687
0.727464 0.771168 0.822567 0.869650 0.813620 0.766107 0.725488 0.690540 0.660321 0.634100 0.611298 0.591455 0.574199 0.559231 0.546306 0.535225 0.525826 0.517978 0.511575 0.506534 0.502790 0.500298 0.499027 0.498961 0.500100 0.502458 0.506062 0.510959 0.517209 0.524895 0.534118 0.545008 0.557723 0.572457 0.589449 0.608993 0.631451 0.657272 0.687021 0.721412 0.761357 0.808046 0.863050 0.928490 0.940733 0.861403 0.796182 0.741803 0.695946 0.656919 0.623460 0.594606 0.569617 0.547910 0.529024 0.512591 0.498312 0.485946 0.475297 0.466203 0.458534 0.452186 0.447073 0.443130 0.440307 0.438570 0.437898 0.438282 0.439726 0.442250 0.445882 0.450670 0.456674 0.463972 0.472665 0.482875 0.494755 0.508489 0.524307 0.542490 0.563385 0.587426 0.615158 0.647275 0.684671 0.728515 0.780368 0.842352 0.917433 1.000000 0.919126 0.852254 0.796241 0.748829 0.708357 0.673575 0.643526 0.617468 0.594815 0.575102 0.557955 0.543071 0.530205 0.519156 0.509761 0.501888 0.495429 0.490301 0.486438 0.483792 0.482329 0.482034 0.482901 0.484942 0.488182 0.492659 0.498432 0.505574 0.514180 0.524369 0.536289 0.550119 0.566081 0.584447 0.605553 0.629814 0.657751 0.690022 540.000000 1.175029 0.598684
0.620037 0.619300 0.620058 0.622318 0.626109 0.631477 0.638489 0.647235 0.657831 0.670422 0.685187 0.702347 0.722173 0.719219 0.694975 0.673883 0.655565 0.639718 0.626091 0.614483 0.604727 0.596691 0.590269 0.585380 0.581961 0.579971 0.579385 0.580197 0.582417 0.586070 0.591204 0.597880 0.606187 0.616233 0.628156 0.623827 0.620102 0.617901 0.617197 0.617982 0.620265 0.624074 0.629456 0.636478 0.645231 0.655830 0.668420 0.683180 0.700333 0.720149 0.742961 0.769178 0.799310 0.833990 0.810744 0.750535 0.700221 0.657714 0.621484 0.590385 0.563543 0.540281 0.520066 0.502476 0.487173 0.473882 0.462381 0.452489 0.444059 0.436971 0.431128 0.426453 0.422887 0.420383 0.418913 0.418457 0.419010 0.425558 0.437852 0.451999 0.468257 0.486944 0.508461 0.533312 0.562140 0.595780 0.635331 0.682267 0.738613 0.807223 0.892253 1.000000 0.939853 0.876540 0.823076 0.777525 0.738437 0.704708 0.675481 0.650086 0.627989 0.608764 0.592064 0.577611 0.565176 0.554572 0.545650 0.538286 0.532384 0.527868 0.524650 0.522204 0.521030 0.521114 0.522456 0.525074 0.528999 0.534279 0.540983 0.549197 0.559032 0.570625 0.584146 0.599804 0.617854 0.631390 0.626045 0.622276 7409.500000 1.106603 0.692105
0.545235 0.538885 0.533952 0.530375 0.528110 0.527128 0.529414 0.538071 0.548359 0.560424 0.574447 0.590650 0.609304 0.630743 0.655382 0.683739 0.716465 0.754390 0.798586 0.850458 0.911887 0.936252 0.919968 0.906386 0.895325 0.886642 0.880225 0.875995 0.873901 0.873918 0.876045 0.880308 0.886760 0.895480 0.884167 0.844035 0.809253 0.779026 0.752724 0.729842 0.709969 0.692774 0.677988 0.665389 0.654798 0.646071 0.639094 0.633775 0.630050 0.627872 0.627215 0.628071 0.630450 0.634382 0.631802 0.628947 0.627623 0.627813 0.629521 0.632766 0.637589 0.644050 0.652230 0.662236 0.674204 0.688302 0.704735 0.723758 0.745684 0.770894 0.799863 0.833180 0.871584 0.902653 0.873750 0.848621 0.826833 0.808034 0.791936 0.778306 0.766953 0.757726 0.750504 0.745198 0.741740 0.740089 0.740224 0.742148 0.739231 0.726351 0.715608 0.706855 0.699979 0.694895 0.691537 0.689866 0.689860 0.691521 0.694867 0.699941 0.706804 0.715545 0.726276 0.739141 0.754320 0.772035 0.792557 0.816220 0.843433 0.874704 0.910662 0.952094 1.000000 0.968126 0.901091 0.844641 0.796653 0.755547 0.720124 0.689461 0.662834 0.639671 0.619514 0.601995 0.586814 0.573728 0.562539 0.553085 2706.000000 1.163082 0.773794
0.795668 0.784765 0.776001 0.769263 0.764467 0.761554 0.760488 0.761257 0.763869 0.768357 0.774775 0.783204 0.793751 0.806556 0.821794 0.835584 0.820911 0.808659 0.798663 0.790792 0.784948 0.781058 0.779073 0.778971 0.780749 0.784429 0.790057 0.797701 0.807459 0.819457 0.833857 0.850858 0.870708 0.893710 0.919998 0.900167 0.883256 0.869024 0.857275 0.847856 0.840644 0.835549 0.832510 0.831488 0.832472 0.835474 0.840529 0.847701 0.857078 0.868782 0.882967 0.899826 0.919600 0.942584 0.969053 0.945397 0.925044 0.907689 0.893085 0.881032 0.871372 0.863980 0.858764 0.855660 0.854629 0.825593 0.799039 0.775950 0.755929 0.738649 0.723847 0.711306 0.700852 0.692344 0.685673 0.680753 0.677525 0.675947 0.676001 0.677688 0.679293 0.682083 0.686557 0.692770 0.700801 0.710752 0.722756 0.736978 0.753623 0.772943 0.795246 0.820910 0.850403 0.884304 0.923337 0.920600 0.919491 0.920600 0.923940 0.929552 0.937505 0.947899 0.960866 0.976578 0.995250 1.000000 0.964041 0.932747 0.905534 0.881928 0.861545 0.844070 0.829247 0.816871 0.806773 0.798823 0.792920 0.788990 0.786985 0.786881 0.788677 0.792395 0.798080 0.805802 0.815659 0.827779 0.824504 0.808854 823.000000 1.119606 0.901994
0.909420 0.872990 0.841315 0.813751 0.789777 0.768975 0.751003 0.735584 0.722491 0.711540 0.702584 0.695504 0.690213 0.686642 0.684750 0.684513 0.685927 0.689011 0.693802 0.700359 0.708764 0.719128 0.731587 0.746316 0.763527 0.783482 0.806504 0.823309 0.811001 0.800956 0.793045 0.787166 0.783247 0.781239 0.781119 0.782884 0.786556 0.792181 0.799827 0.809592 0.821602 0.836018 0.853040 0.872917 0.895952 0.892486 0.857078 0.826287 0.799491 0.776190 0.755978 0.738526 0.723565 0.710877 0.700284 0.691644 0.684844 0.680124 0.679202 0.679919 0.682282 0.686322 0.692086 0.699648 0.709104 0.720580 0.734230 0.750250 0.768878 0.790408 0.815198 0.843693 0.874118 0.865328 0.858762 0.854337 0.851999 0.851721 0.853498 0.857352 0.863331 0.871508 0.881986 0.894902 0.873352 0.842570 0.815782 0.792496 0.772311 0.754902 0.740004 0.727401 0.716918 0.708416 0.701784 0.696938 0.693819 0.692388 0.692628 0.694542 0.698153 0.703506 0.710667 0.719726 0.730803 0.744047 0.738630 0.732085 0.727393 0.724494 0.723354 0.723959 0.726317 0.730455 0.736425 0.744301 0.754184 0.766203 0.780523 0.797346 0.816921 0.839555 0.865624 0.895590 0.930027 0.969646 1.000000 0.951414 592.500000 1.063145 0.856899
0.763155 0.720931 0.684697 0.653430 0.626337 0.602796 0.582312 0.564490 0.549009 0.535611 0.524084 0.514255 0.505985 0.499160 0.493690 0.489505 0.486553 0.484797 0.484217 0.484804 0.486566 0.489524 0.493716 0.499192 0.506025 0.514303 0.524140 0.535677 0.549085 0.564577 0.582413 0.602912 0.626470 0.653584 0.684874 0.705198 0.680719 0.659418 0.640906 0.624870 0.611053 0.599246 0.589279 0.581015 0.574345 0.569181 0.565460 0.563134 0.562177 0.562576 0.564336 0.567478 0.572041 0.578083 0.585679 0.594930 0.605961 0.618928 0.634023 0.651481 0.671592 0.694711 0.721277 0.751840 0.787088 0.827896 0.875390 0.870166 0.819316 0.775847 0.738447 0.706110 0.678052 0.653652 0.632418 0.613953 0.597935 0.584103 0.572244 0.562185 0.553784 0.546928 0.541529 0.537518 0.534845 0.533477 0.533397 0.534606 0.537117 0.540960 0.546185 0.552856 0.558375 0.544123 0.531829 0.521307 0.512403 0.504995 0.498982 0.494288 0.490853 0.488635 0.487606 0.487753 0.489080 0.491601 0.495347 0.500366 0.506721 0.514495 0.523793 0.534745 0.547511 0.562290 0.579324 0.598909 0.621415 0.647298 0.677133 0.711649 0.751781 0.798749 0.854172 0.920242 1.000000 0.941664 0.871398 0.812712 4468.500000 1.479631 0.699975
0.865413 0.841648 0.821079 0.803380 0.788287 0.775585 0.765100 0.756693 0.750256 0.745710 0.742997 0.742085 0.742964 0.745642 0.745332 0.723846 0.705216 0.689139 0.675369 0.663706 0.653989 0.646085 0.639894 0.635336 0.632355 0.630915 0.630998 0.632605 0.635756 0.640490 0.643567 0.646778 0.651600 0.658091 0.666334 0.676436 0.688534 0.702797 0.719432 0.738697 0.760906 0.786445 0.815791 0.849538 0.874377 0.855576 0.839546 0.826059 0.814930 0.806014 0.799195 0.794388 0.791534 0.790599 0.791570 0.794460 0.799304 0.806161 0.815118 0.826288 0.839821 0.855900 0.874756 0.896670 0.921989 0.951136 0.981342 0.941372 0.906628 0.876394 0.850093 0.827259 0.807515 0.790551 0.776117 0.764008 0.754059 0.746141 0.740152 0.735005 0.712480 0.692915 0.675981 0.661410 0.648984 0.638526 0.629894 0.622973 0.617674 0.613931 0.611697 0.610947 0.611670 0.613875 0.617590 0.622859 0.626938 0.629627 0.633873 0.639728 0.647267 0.656586 0.667809 0.681092 0.696627 0.714648 0.735446 0.759375 0.786872 0.818482 0.835493 0.832472 0.831470 0.832472 0.835493 0.840568 0.847759 0.857158 0.868883 0.883092 0.899976 0.919778 0.942793 0.969385 1.000000 0.960355 0.924217 0.892772 1669.500000 1.177141 0.866884
0.986143 0.937110 0.894775 0.858078 0.826185 0.798431 0.774287 0.753321 0.735186 0.719596 0.706319 0.695168 0.685991 0.678666 0.673100 0.669225 0.666991 0.666372 0.667360 0.669968 0.674227 0.681050 0.690366 0.701655 0.715071 0.730805 0.749091 0.770220 0.794544 0.822502 0.854632 0.891610 0.934285 0.983740 0.964849 0.937479 0.913759 0.893309 0.875819 0.861034 0.848751 0.838806 0.831070 0.825446 0.821864 0.820281 0.820677 0.823057 0.827451 0.833911 0.842519 0.853383 0.866646 0.882488 0.901131 0.922850 0.947982 0.976940 0.976208 0.932481 0.894567 0.861609 0.832930 0.807981 0.786323 0.767597 0.751510 0.737825 0.726348 0.716923 0.709426 0.703763 0.699862 0.696862 0.689346 0.683620 0.679612 0.677272 0.676573 0.677506 0.680082 0.684333 0.690311 0.698090 0.707772 0.719483 0.733385 0.749677 0.768602 0.790461 0.815623 0.844540 0.877776 0.916032 0.960193 1.000000 0.969355 0.942736 0.919696 0.899871 0.882966 0.868738 0.856993 0.847577 0.840367 0.835275 0.832236 0.831215 0.832199 0.822421 0.812072 0.803893 0.797780 0.793656 0.791472 0.791201 0.792839 0.796406 0.801947 0.809529 0.819248 0.831230 0.845636 0.862664 0.882563 0.905634 0.932250 0.962867 3027.000000 1.104095 0.823789
0.862252 0.800211 0.748179 0.704094 0.666430 0.634042 0.606048 0.581764 0.560649 0.542275 0.526294 0.512427 0.500447 0.490168 0.481439 0.474138 0.468166 0.463445 0.459916 0.457533 0.456269 0.456108 0.457047 0.459099 0.462287 0.466653 0.472250 0.479151 0.487449 0.497258 0.508721 0.522012 0.537346 0.554985 0.575254 0.598557 0.625397 0.656413 0.692422 0.734482 0.783993 0.842840 0.913617 1.000000 0.988392 0.909822 0.844710 0.790070 0.743753 0.704168 0.670117 0.640679 0.615138 0.592930 0.573602 0.556794 0.542212 0.529618 0.518817 0.509651 0.501992 0.495735 0.490801 0.487126 0.484665 0.483387 0.483277 0.484333 0.486569 0.490012 0.494703 0.500704 0.508091 0.516963 0.527444 0.539685 0.553875 0.570241 0.589067 0.610699 0.635571 0.664222 0.697338 0.735794 0.780731 0.833652 0.896586 0.869772 0.816949 0.771928 0.733285 0.699931 0.671026 0.645908 0.624052 0.605037 0.588521 0.574231 0.561939 0.551463 0.542654 0.535392 0.529580 0.525145 0.522031 0.520199 0.519627 0.520309 0.522252 0.525481 0.530034 0.535970 0.543364 0.552314 0.562942 0.575401 0.589878 0.606600 0.625850 0.647975 0.673402 0.702668 0.736449 0.775605 0.821247 0.874837 0.938327 0.937171 10041.000000 1.162700 0.599485
0.829048 0.799500 0.773785 0.751426 0.732037 0.715304 0.700969 0.688825 0.678701 0.670462 0.664002 0.659238 0.656111 0.654583 0.654635 0.656269 0.659504 0.664379 0.670955 0.679316 0.689570 0.701855 0.716342 0.733244 0.725431 0.715894 0.708289 0.702518 0.698510 0.696215 0.695605 0.696674 0.699433 0.703916 0.710180 0.718302 0.728386 0.740568 0.755014 0.771931 0.791574 0.814256 0.840361 0.870361 0.904842 0.944538 0.976917 0.937816 0.903817 0.874230 0.848498 0.826170 0.806882 0.790334 0.776284 0.764534 0.754927 0.747336 0.741665 0.737843 0.735824 0.735584 0.737119 0.740448 0.745611 0.752673 0.761723 0.772877 0.762717 0.753499 0.746279 0.740963 0.737487 0.735807 0.735904 0.737778 0.741453 0.746974 0.754408 0.763850 0.775423 0.789284 0.805624 0.824685 0.843858 0.814789 0.789495 0.767517 0.748484 0.732094 0.718098 0.706298 0.696529 0.688664 0.682600 0.678262 0.675596 0.674570 0.675171 0.677406 0.681303 0.686910 0.694296 0.703556 0.714811 0.728216 0.743959 0.762275 0.768403 0.767275 0.767998 0.770581 0.775054 0.781473 0.789918 0.800498 0.813350 0.828651 0.846617 0.867516 0.891676 0.919498 0.951478 0.988229 1.000000 0.947427 0.902170 0.863024 769.000000 1.199021 0.850382
0.655795 0.612731 0.576277 0.545157 0.518410 0.495303 0.475264 0.457843 0.442683 0.429496 0.418051 0.408157 0.399661 0.392438 0.386385 0.381422 0.377482 0.374516 0.372486 0.371368 0.371148 0.371824 0.373403 0.375906 0.379362 0.383815 0.389323 0.395960 0.403816 0.413006 0.423668 0.435973 0.450131 0.466401 0.485104 0.506641 0.531519 0.560386 0.594083 0.633715 0.680770 0.737293 0.806169 0.891608 1.000000 0.907506 0.821092 0.751356 0.694080 0.646364 0.606153 0.571950 0.542638 0.517369 0.495490 0.476487 0.459956 0.445570 0.433068 0.422239 0.412908 0.404935 0.398206 0.392626 0.388124 0.384639 0.382129 0.380562 0.379919 0.380193 0.381387 0.383515 0.386604 0.390692 0.395830 0.402088 0.409549 0.418319 0.428527 0.440334 0.453934 0.469568 0.487535 0.508203 0.532040 0.559638 0.591760 0.629402 0.673891 0.727033 0.766350 0.726396 0.691985 0.662211 0.636362 0.613880 0.594314 0.577305 0.562560 0.549841 0.538955 0.529742 0.522076 0.515853 0.510993 0.507436 0.505135 0.504065 0.504211 0.505576 0.508175 0.512042 0.517223 0.523785 0.531813 0.541416 0.552728 0.565915 0.581181 0.598776 0.619008 0.642255 0.668992 0.699811 0.735464 0.776916 0.769366 0.707202 14184.000000 1.440882 0.576234
0.795691 0.781877 0.770359 0.760982 0.753624 0.748192 0.744619 0.742861 0.742897 0.744727 0.748373 0.753881 0.761317 0.770778 0.782385 0.796294 0.812700 0.831843 0.854016 0.879581 0.908981 0.942764 0.963262 0.943485 0.926691 0.912645 0.901157 0.892077 0.885289 0.880710 0.878283 0.877978 0.879793 0.883748 0.889893 0.898303 0.880993 0.852089 0.826950 0.805136 0.786289 0.770117 0.756382 0.744892 0.735491 0.728056 0.722493 0.718733 0.716730 0.716459 0.717917 0.721122 0.726112 0.732950 0.741723 0.752542 0.765554 0.780937 0.798916 0.795655 0.793850 0.793962 0.795992 0.799964 0.805927 0.813956 0.824151 0.836646 0.851610 0.869250 0.889826 0.913653 0.941122 0.972710 1.000000 0.966051 0.936514 0.910858 0.888655 0.869553 0.853267 0.839566 0.828261 0.819204 0.812279 0.807399 0.804504 0.803558 0.804550 0.807492 0.812421 0.819396 0.828505 0.839865 0.834286 0.817364 0.803011 0.791026 0.781247 0.773549 0.767832 0.764026 0.762085 0.761985 0.763724 0.767324 0.772829 0.780307 0.789852 0.801589 0.815674 0.832304 0.851721 0.865181 0.859913 0.856760 0.855684 0.856672 0.859736 0.864913 0.872266 0.881889 0.893904 0.907725 0.878488 0.853067 0.831021 0.811994 1262.500000 1.016771 0.898257
