30
1000 1000
5 22 8 45 0 68 22 46 33 22 27
5 11 25 43 5 49 34 32 49 -5 51
8 64 115 63 86 101 68 144 82 168 130 122 142 102 177 70 140
7 -11 67 29 39 79 53 76 80 75 115 44 110 -14 110
7 16 10 31 7 60 -4 68 19 46 35 31 38 18 28
5 -27 63 52 37 114 89 57 141 7 135
3 42 34 73 48 36 68
3 32 11 89 34 43 60
4 86 69 115 97 82 135 51 105
8 4 49 18 35 45 13 71 20 88 62 66 83 33 106 23 77
6 60 74 72 29 129 14 139 79 125 147 71 125
7 25 35 65 23 90 27 103 50 84 78 61 74 31 60
5 12 21 30 15 49 39 36 61 15 43
5 9 9 27 7 41 19 31 31 10 27
5 66 33 163 29 194 70 167 142 93 112
5 34 37 97 41 158 87 96 119 60 91
7 -4 7 8 -12 22 -2 27 13 28 26 9 37 -3 16
7 58 68 93 38 127 50 142 74 127 113 84 110 48 94
4 279 18 348 102 298 161 244 99
5 36 35 59 27 91 51 60 78 40 57
8 14 17 29 5 45 -8 77 -7 86 12 63 41 46 43 30 36
6 45 5 68 4 78 21 65 35 46 34 30 26
8 37 21 58 17 91 25 119 57 85 80 58 86 26 82 8 66
7 31 52 41 34 58 41 86 60 69 81 44 87 29 69
6 27 38 123 36 136 98 101 159 12 170 4 103
6 -16 34 12 -4 52 5 80 42 47 73 21 62
6 1 25 25 7 47 -3 70 29 54 55 12 51
6 54 95 125 139 160 180 114 253 28 268 5 187
6 -7 30 15 12 35 14 56 26 34 49 18 51
4 92 113 110 92 129 108 115 154
