30
1000 1000
8 29 0 50 -9 81 4 137 28 95 68 60 78 27 60 -13 38
7 42 44 125 19 162 24 232 69 197 142 113 151 31 114
5 82 69 128 24 175 96 138 147 86 121
4 83 50 116 86 80 113 36 95
7 6 11 16 6 27 7 33 19 26 29 12 36 6 28
3 18 0 52 18 13 39
4 -9 12 14 -6 44 13 20 32
8 -8 18 7 12 12 10 27 6 27 17 25 32 14 33 3 28
4 77 9 107 33 77 72 51 41
6 93 -22 153 14 200 70 151 112 100 109 31 73
7 0 13 17 -1 30 8 27 19 30 36 12 39 3 31
4 -5 34 20 -3 52 40 22 71
6 -18 56 23 27 56 34 101 58 56 110 10 111
3 75 22 140 72 30 151
3 230 318 424 417 258 503
8 24 84 51 65 77 47 112 71 148 87 110 110 86 127 49 122
6 9 19 29 7 38 27 23 53 6 44 -16 35
3 9 1 55 27 8 42
4 46 50 101 8 157 51 102 108
5 5 0 88 -25 156 31 84 123 -21 95
7 18 31 29 21 48 13 51 36 50 53 33 64 20 42
5 7 22 32 2 54 34 36 54 4 46
7 -12 35 15 22 49 29 62 52 43 75 22 88 0 69
5 7 -7 61 -29 93 17 60 59 16 56
3 133 99 224 191 136 220
3 81 54 143 82 93 116
3 44 42 136 101 36 160
6 15 3 60 15 76 42 72 69 31 63 10 40
3 14 0 65 32 20 55
6 8 -8 24 2 32 13 25 27 13 25 5 13
