0.781635 0.724421 0.676530 0.636016 0.601447 0.571748 0.546099 0.523859 0.504528 0.487706 0.473073 0.460368 0.449383 0.439945 0.431914 0.425177 0.419642 0.415237 0.411906 0.409607 0.408311 0.408003 0.408680 0.410349 0.413031 0.416759 0.421579 0.427555 0.434764 0.443308 0.453307 0.464914 0.478314 0.493734 0.511454 0.531823 0.555274 0.582357 0.613771 0.650425 0.693510 0.744630 0.805983 0.880665 0.973184 1.000000 0.909377 0.835660 0.774724 0.723697 0.680514 0.643657 0.611986 0.584629 0.560906 0.540284 0.522338 0.506728 0.493177 0.481461 0.471399 0.462841 0.455666 0.449778 0.445098 0.441567 0.439142 0.437792 0.437501 0.438265 0.440095 0.443011 0.447050 0.452264 0.458718 0.466500 0.475715 0.486498 0.499011 0.513455 0.530075 0.549173 0.571127 0.596406 0.625602 0.659476 0.699008 0.745491 0.800664 0.802600 0.759454 0.722361 0.690309 0.662508 0.638338 0.617305 0.599010 0.583133 0.569412 0.557635 0.547627 0.539249 0.532386 0.526949 0.522869 0.520095 0.518593 0.518345 0.519348 0.521614 0.525170 0.530061 0.536348 0.544112 0.553457 0.564513 0.577439 0.592432 0.609731 0.629634 0.652506 0.678798 0.709078 0.744062 0.784665 0.832076 0.887862 0.850888 8541.000000 1.317534 0.587906
0.770286 0.790635 0.814104 0.841096 0.843266 0.824583 0.808615 0.795133 0.783951 0.774920 0.767924 0.762874 0.759708 0.758388 0.758898 0.761244 0.765453 0.771579 0.779697 0.789911 0.802355 0.817198 0.834648 0.854965 0.878464 0.905535 0.936656 0.971992 0.952788 0.936540 0.923024 0.912058 0.903500 0.897243 0.893210 0.891350 0.891641 0.894087 0.898718 0.905590 0.914789 0.926431 0.918310 0.881054 0.848667 0.820484 0.795968 0.774687 0.756289 0.740487 0.727048 0.715781 0.706534 0.699186 0.693643 0.689836 0.687719 0.687265 0.688469 0.691345 0.695930 0.702279 0.702466 0.698690 0.696624 0.696243 0.697541 0.700535 0.705261 0.711778 0.720168 0.730539 0.743029 0.757810 0.775097 0.795152 0.818295 0.844923 0.875522 0.910697 0.951204 0.936941 0.915890 0.897879 0.882648 0.869987 0.859725 0.851731 0.845903 0.842169 0.840484 0.840828 0.843203 0.847641 0.854193 0.862943 0.874002 0.887513 0.903660 0.922669 0.944821 0.970457 1.000000 0.953723 0.911987 0.875773 0.844280 0.816874 0.793042 0.772369 0.754517 0.739213 0.726232 0.715393 0.706550 0.699587 0.694417 0.690975 0.689220 0.689129 0.690702 0.693958 0.698936 0.705699 0.714332 0.724946 0.737685 0.752725 2723.000000 1.245731 0.867003
0.906182 0.882270 0.861609 0.843880 0.828822 0.816224 0.805916 0.797763 0.791662 0.787536 0.785334 0.785031 0.786623 0.790128 0.795590 0.803076 0.812681 0.824529 0.838777 0.855625 0.875315 0.898147 0.924490 0.952344 0.914099 0.880848 0.851911 0.826743 0.804903 0.786032 0.769838 0.756082 0.744572 0.735151 0.727697 0.722114 0.718334 0.716310 0.716018 0.717453 0.720634 0.725599 0.732409 0.741151 0.751938 0.764913 0.780256 0.798190 0.818987 0.842982 0.870586 0.902307 0.938773 0.980773 1.000000 0.961818 0.928599 0.899693 0.874576 0.852822 0.834084 0.818081 0.804582 0.793401 0.784391 0.777435 0.772446 0.769362 0.768146 0.768782 0.771280 0.775668 0.782002 0.790359 0.800847 0.813604 0.828802 0.846658 0.867435 0.875905 0.857659 0.842144 0.829143 0.818479 0.810013 0.803636 0.799269 0.796858 0.796375 0.797814 0.801191 0.806548 0.813951 0.823494 0.835300 0.849525 0.866366 0.886067 0.908924 0.905732 0.876353 0.850806 0.828646 0.809511 0.793108 0.779196 0.767581 0.758107 0.750650 0.745116 0.741436 0.739565 0.739481 0.741182 0.744689 0.750044 0.757316 0.766594 0.778000 0.791686 0.807844 0.826708 0.848568 0.873777 0.902771 0.936087 0.965424 0.933740 1541.500000 1.061383 0.852884
0.842679 0.781395 0.730059 0.686605 0.649510 0.617630 0.590088 0.566203 0.545439 0.527370 0.511653 0.498010 0.486217 0.476090 0.467480 0.460265 0.454347 0.449648 0.446110 0.443687 0.442350 0.442084 0.442883 0.444760 0.447735 0.451846 0.457145 0.463700 0.471599 0.480950 0.491888 0.504579 0.519227 0.536080 0.555447 0.577710 0.603346 0.632959 0.667320 0.707427 0.754597 0.810600 0.877866 0.959828 0.911534 0.848888 0.796095 0.751187 0.712700 0.679523 0.650794 0.625843 0.604137 0.585248 0.568833 0.554614 0.542363 0.531895 0.523059 0.515735 0.509824 0.505251 0.501957 0.499903 0.499063 0.499426 0.500998 0.503798 0.507859 0.513233 0.519988 0.528212 0.538018 0.549543 0.562960 0.578476 0.596349 0.616895 0.640506 0.667668 0.698995 0.735264 0.777479 0.826951 0.883979 0.822915 0.771480 0.727747 0.690280 0.657990 0.630035 0.605759 0.584640 0.566263 0.550291 0.536452 0.524525 0.514329 0.505716 0.498569 0.492791 0.488309 0.485066 0.483021 0.482150 0.482443 0.483902 0.486546 0.490407 0.495533 0.501989 0.509860 0.519253 0.530300 0.543164 0.558046 0.575191 0.594901 0.617551 0.643605 0.673649 0.708426 0.748891 0.796294 0.852294 0.919150 1.000000 0.916792 5068.000000 1.160094 0.599586
0.493156 0.516102 0.542660 0.573555 0.609739 0.622896 0.600703 0.581389 0.564597 0.550035 0.537468 0.526702 0.517582 0.509980 0.503794 0.498944 0.495369 0.493024 0.491880 0.491924 0.493156 0.495591 0.499259 0.504205 0.510493 0.518203 0.527441 0.538334 0.551041 0.565759 0.582728 0.602241 0.624664 0.650448 0.680162 0.714524 0.754457 0.801162 0.856231 0.780370 0.700070 0.636144 0.584205 0.541313 0.505423 0.475069 0.449175 0.426934 0.407727 0.391075 0.376602 0.364008 0.353051 0.343538 0.335312 0.328242 0.322224 0.317174 0.313021 0.309713 0.307206 0.305469 0.304482 0.304231 0.304714 0.305937 0.307914 0.310671 0.314241 0.318671 0.324019 0.330359 0.337783 0.346401 0.356352 0.367803 0.380963 0.396090 0.413504 0.433613 0.456935 0.484141 0.516114 0.554037 0.599535 0.654892 0.723432 0.810176 0.923082 1.000000 0.891244 0.805574 0.736549 0.679927 0.632805 0.593128 0.559400 0.530512 0.505619 0.484071 0.465360 0.449083 0.434919 0.422607 0.411939 0.402743 0.394878 0.388233 0.382714 0.378248 0.374777 0.372259 0.370661 0.369964 0.370160 0.371250 0.373250 0.376182 0.380083 0.385003 0.391007 0.398175 0.406609 0.416433 0.427799 0.440896 0.455952 0.473254 3854.500000 1.778186 0.535572
0.634954 0.690046 0.757605 0.842079 0.950330 1.000000 0.904993 0.828295 0.765281 0.712772 0.668514 0.630862 0.598590 0.570767 0.546674 0.525748 0.507543 0.491701 0.477935 0.466010 0.455738 0.446962 0.439556 0.433419 0.428470 0.424643 0.421891 0.420181 0.419491 0.419813 0.421151 0.423521 0.426952 0.431487 0.437184 0.444118 0.452382 0.462094 0.473399 0.486471 0.501528 0.518837 0.538728 0.561611 0.588004 0.618564 0.654137 0.670867 0.642577 0.618005 0.596627 0.578025 0.561861 0.547860 0.535799 0.525496 0.516804 0.509602 0.503795 0.499309 0.496086 0.494087 0.493288 0.493678 0.495264 0.498063 0.502111 0.507458 0.514171 0.522340 0.532076 0.543515 0.556828 0.572222 0.589954 0.610337 0.633761 0.660709 0.691791 0.727783 0.769680 0.818789 0.876849 0.918237 0.817278 0.737922 0.674092 0.621805 0.578339 0.541772 0.510711 0.484122 0.461221 0.441403 0.424199 0.409234 0.396211 0.384890 0.375077 0.366612 0.359368 0.353239 0.348141 0.344004 0.340776 0.338415 0.336893 0.336191 0.336301 0.337223 0.338969 0.341560 0.345029 0.349420 0.354789 0.361210 0.368772 0.377587 0.387790 0.399550 0.413071 0.428608 0.446478 0.467076 0.490907 0.518617 0.551049 0.589323 5899.000000 1.620924 0.553953
1.000000 0.913043 0.841865 0.782731 0.733010 0.690792 0.654665 0.623555 0.596641 0.573277 0.552957 0.535273 0.519898 0.506569 0.495069 0.485222 0.476886 0.469944 0.464305 0.459893 0.456655 0.454549 0.453550 0.453646 0.454838 0.457141 0.460582 0.465204 0.471067 0.478246 0.486838 0.496964 0.508772 0.522444 0.538203 0.556324 0.577147 0.601094 0.628694 0.660619 0.697731 0.741152 0.792371 0.853404 0.907856 0.848887 0.798919 0.756227 0.719512 0.687777 0.660247 0.636309 0.615478 0.597360 0.581640 0.568060 0.556409 0.546516 0.538244 0.531479 0.526134 0.522140 0.519449 0.518027 0.517857 0.518937 0.521280 0.524914 0.529885 0.536255 0.544107 0.553545 0.564701 0.577737 0.592851 0.610286 0.630343 0.653390 0.679886 0.710406 0.745676 0.786625 0.834460 0.890774 0.872841 0.808532 0.754742 0.709265 0.670481 0.637173 0.608415 0.583485 0.561818 0.542964 0.526562 0.512319 0.500000 0.489410 0.480393 0.472821 0.466591 0.461620 0.457845 0.455219 0.453710 0.453299 0.453982 0.455767 0.458675 0.462742 0.468020 0.474575 0.482496 0.491891 0.502895 0.515673 0.530429 0.547411 0.566928 0.589360 0.615184 0.644999 0.679572 0.719894 0.767268 0.823439 0.890801 0.972717 1610.500000 1.185621 0.598170
0.957821 0.937168 0.919555 0.904731 0.892494 0.882681 0.875168 0.869858 0.866689 0.865620 0.866639 0.869758 0.875015 0.882475 0.892231 0.904409 0.919169 0.936712 0.957289 0.981208 0.982482 0.928436 0.882040 0.841993 0.807284 0.777121 0.750876 0.728041 0.708210 0.691052 0.678316 0.669125 0.661752 0.656104 0.652109 0.649718 0.648902 0.649651 0.651974 0.655900 0.661477 0.668774 0.677885 0.688931 0.702062 0.717465 0.735371 0.756061 0.779882 0.807262 0.832078 0.837132 0.844294 0.853654 0.865332 0.879482 0.896298 0.916019 0.938940 0.965424 0.991961 0.969735 0.950723 0.934651 0.921295 0.910478 0.902061 0.895936 0.892028 0.890290 0.890700 0.893263 0.898011 0.905001 0.914321 0.926090 0.940460 0.913779 0.888005 0.865673 0.846426 0.829973 0.816075 0.804541 0.795218 0.787985 0.782751 0.779452 0.778046 0.778518 0.780873 0.785140 0.791370 0.799642 0.810060 0.806730 0.787489 0.770958 0.756893 0.745094 0.735403 0.727690 0.721859 0.717836 0.715572 0.715039 0.716232 0.719163 0.723870 0.730411 0.738866 0.749346 0.761990 0.773943 0.776751 0.781469 0.788155 0.796892 0.807794 0.821003 0.836700 0.855110 0.876507 0.901230 0.929692 0.962404 1.000000 0.981824 927.000000 1.163876 0.874949
0.873836 0.845804 0.821431 0.800298 0.782062 0.766444 0.753216 0.742195 0.733233 0.726213 0.721047 0.717671 0.716043 0.716143 0.717974 0.721557 0.709009 0.691870 0.677132 0.664577 0.654026 0.645335 0.638390 0.633102 0.629404 0.627252 0.626619 0.627497 0.629897 0.633849 0.639400 0.646622 0.655605 0.666470 0.679366 0.694476 0.712028 0.732300 0.755635 0.782452 0.813274 0.831971 0.825889 0.821862 0.819838 0.819795 0.821732 0.825671 0.831662 0.839778 0.850122 0.862829 0.878069 0.896054 0.917047 0.941369 0.969416 0.958466 0.926612 0.898903 0.874850 0.854054 0.836192 0.820998 0.808260 0.797803 0.789491 0.783218 0.778905 0.776501 0.775974 0.777320 0.780554 0.785715 0.792869 0.802103 0.806946 0.778246 0.753271 0.731556 0.712727 0.696478 0.682562 0.670775 0.660954 0.652966 0.646709 0.642102 0.639090 0.637634 0.637718 0.639343 0.642527 0.647311 0.651557 0.653183 0.656403 0.661255 0.667801 0.676122 0.686328 0.698555 0.712974 0.729797 0.749281 0.771744 0.797577 0.827261 0.847759 0.840568 0.835493 0.832472 0.831470 0.832472 0.835493 0.840568 0.847759 0.857158 0.868883 0.883092 0.899976 0.919778 0.942793 0.969385 1.000000 0.985753 0.943084 0.906048 1676.000000 1.296169 0.874941
0.903000 0.959016 0.906499 0.861402 0.822467 0.788717 0.759385 0.733861 0.711656 0.692374 0.675695 0.661356 0.649144 0.638886 0.630443 0.623702 0.618579 0.615009 0.612948 0.612371 0.613271 0.615659 0.619564 0.625035 0.632139 0.640969 0.651641 0.664302 0.679133 0.696357 0.716248 0.702077 0.668849 0.640097 0.615135 0.593423 0.574529 0.558103 0.543865 0.531583 0.521072 0.512178 0.504779 0.498774 0.494088 0.490659 0.488446 0.487422 0.487575 0.488906 0.491431 0.495182 0.500204 0.506563 0.514340 0.523641 0.534596 0.547366 0.562149 0.579186 0.598775 0.621286 0.647175 0.677017 0.711542 0.751685 0.798667 0.854109 0.920205 1.000000 0.950530 0.897470 0.851965 0.812715 0.778715 0.749179 0.723480 0.701119 0.681692 0.664871 0.650389 0.638029 0.627614 0.619001 0.612075 0.606748 0.602953 0.600644 0.599791 0.600385 0.602433 0.605960 0.611009 0.617644 0.619784 0.597400 0.577920 0.560979 0.546282 0.533587 0.522700 0.513461 0.505740 0.499432 0.494457 0.490751 0.488267 0.486975 0.486860 0.487920 0.490169 0.493633 0.498355 0.504395 0.511832 0.520765 0.531318 0.543644 0.557931 0.574411 0.593367 0.615150 0.640194 0.669044 0.702388 0.741110 0.786355 0.839638 3013.000000 1.549129 0.712481
0.689336 0.627203 0.576618 0.534776 0.499719 0.470037 0.444695 0.422913 0.404093 0.387771 0.373581 0.361233 0.350492 0.341170 0.333112 0.326194 0.320314 0.315388 0.311350 0.308147 0.305738 0.304094 0.303194 0.303026 0.303591 0.304893 0.306948 0.309784 0.313434 0.317946 0.323381 0.329813 0.337335 0.346061 0.356132 0.367718 0.381033 0.396339 0.413965 0.434327 0.457956 0.485541 0.517990 0.556523 0.602819 0.659249 0.729273 0.818146 0.934249 0.893939 0.827257 0.771563 0.724529 0.684455 0.650065 0.620389 0.594674 0.572330 0.552888 0.535973 0.521280 0.508563 0.497623 0.488295 0.480446 0.473970 0.468780 0.464810 0.462010 0.460347 0.459799 0.460360 0.462037 0.464850 0.468834 0.474039 0.480531 0.488396 0.497742 0.508703 0.521441 0.536159 0.553102 0.572576 0.594957 0.596156 0.567921 0.543490 0.522281 0.503833 0.487779 0.473822 0.461723 0.451287 0.442355 0.434796 0.428506 0.423401 0.419415 0.416497 0.414612 0.413735 0.413857 0.414980 0.417116 0.420292 0.424547 0.429936 0.436528 0.444413 0.453701 0.464529 0.477063 0.491510 0.508121 0.527209 0.549161 0.574466 0.603739 0.637775 0.677608 0.724610 0.780639 0.848274 0.931196 1.000000 0.867211 0.767185 660.500000 1.804040 0.530057
0.693040 0.689641 0.687924 0.687869 0.689475 0.692761 0.697767 0.704556 0.713214 0.723852 0.736614 0.751678 0.769262 0.789637 0.813132 0.840155 0.871206 0.906910 0.857807 0.814546 0.777221 0.744883 0.716787 0.692340 0.671069 0.652591 0.636596 0.622832 0.611090 0.601205 0.593041 0.586489 0.581466 0.577908 0.575773 0.575033 0.575681 0.577723 0.581185 0.586109 0.592557 0.600612 0.610379 0.621992 0.635617 0.651457 0.669761 0.661948 0.647230 0.634649 0.624021 0.615202 0.608073 0.602542 0.598540 0.596017 0.594943 0.595303 0.597104 0.600367 0.605130 0.611456 0.619422 0.629135 0.640725 0.638976 0.635803 0.634182 0.634092 0.635534 0.638524 0.643099 0.649315 0.657252 0.667011 0.678725 0.692556 0.708705 0.727419 0.749002 0.773826 0.802352 0.835149 0.872935 0.916615 0.967349 1.000000 0.917125 0.848823 0.791765 0.743573 0.702507 0.667262 0.636846 0.610489 0.587586 0.567657 0.550318 0.535258 0.522225 0.511013 0.501456 0.493416 0.486784 0.481472 0.477413 0.474556 0.472865 0.472319 0.472913 0.475436 0.481386 0.488680 0.497415 0.507713 0.519725 0.533636 0.549673 0.568114 0.589305 0.613674 0.641758 0.674237 0.711987 0.724635 0.713860 0.705074 0.698163 505.500000 1.268682 0.761172
0.938969 0.971150 0.987772 0.971120 0.957288 0.946092 0.937387 0.931064 0.927043 0.925277 0.925743 0.928447 0.933423 0.940731 0.950461 0.962739 0.977725 0.986587 0.941772 0.902931 0.869178 0.839808 0.814256 0.792064 0.772863 0.756349 0.742277 0.730447 0.720697 0.712898 0.706952 0.702782 0.700339 0.699593 0.700534 0.703174 0.707544 0.713700 0.721717 0.731699 0.743779 0.758121 0.774930 0.794459 0.817017 0.842984 0.872827 0.907126 0.934639 0.924716 0.917187 0.911960 0.908970 0.908179 0.909580 0.913188 0.919047 0.927231 0.937841 0.951014 0.966926 0.985794 1.000000 0.964829 0.934223 0.907618 0.884558 0.864672 0.847658 0.833270 0.821307 0.811610 0.804054 0.798544 0.795011 0.793412 0.793727 0.795962 0.800141 0.806318 0.814569 0.824998 0.837742 0.852973 0.870905 0.891802 0.915987 0.943857 0.975902 0.944793 0.916319 0.891597 0.870216 0.851839 0.836196 0.823064 0.812265 0.803656 0.797128 0.792599 0.790014 0.789342 0.790573 0.793723 0.798831 0.805959 0.815197 0.826663 0.840511 0.839548 0.825493 0.813830 0.804402 0.797089 0.791798 0.788463 0.787045 0.787525 0.789910 0.794229 0.800534 0.808905 0.819447 0.832300 0.847637 0.865674 0.886678 0.910976 15128.500000 1.186986 0.880101
0.922372 0.958463 1.000000 0.959577 0.916669 0.879462 0.847119 0.818973 0.794490 0.773237 0.754862 0.739080 0.725656 0.714402 0.705164 0.697822 0.690765 0.676010 0.663437 0.652866 0.644155 0.637188 0.631877 0.628153 0.625973 0.625309 0.626153 0.628516 0.632426 0.637931 0.645101 0.654027 0.664828 0.677651 0.692681 0.710141 0.723567 0.712511 0.703456 0.696286 0.690907 0.687255 0.685282 0.684967 0.686304 0.689311 0.694023 0.700500 0.708822 0.719097 0.731463 0.746090 0.763190 0.783024 0.805909 0.832237 0.862491 0.852020 0.843354 0.836859 0.832453 0.830083 0.829719 0.831358 0.835018 0.840746 0.848611 0.858712 0.871182 0.886185 0.903929 0.884648 0.846549 0.813475 0.784708 0.759673 0.737909 0.719042 0.702766 0.688833 0.677041 0.667227 0.659258 0.653033 0.648471 0.645517 0.644134 0.644307 0.646036 0.649343 0.654268 0.660873 0.669241 0.679482 0.691734 0.706168 0.711882 0.699848 0.689848 0.681749 0.675446 0.670860 0.667934 0.666633 0.666940 0.668860 0.672415 0.677650 0.684628 0.693441 0.704201 0.717055 0.732185 0.743954 0.741293 0.740429 0.741350 0.744068 0.748617 0.755051 0.763453 0.773929 0.786617 0.801693 0.819369 0.839912 0.863646 0.890969 5696.500000 1.310615 0.871507
0.775050 0.769683 0.766223 0.764627 0.764877 0.766976 0.770948 0.776843 0.784734 0.794721 0.806934 0.821539 0.838740 0.858790 0.856144 0.836540 0.819745 0.805514 0.793647 0.783987 0.776406 0.770810 0.767129 0.765318 0.765355 0.767240 0.770997 0.776671 0.784332 0.794079 0.806036 0.820366 0.837269 0.856990 0.879834 0.906171 0.915829 0.866144 0.823455 0.786581 0.754609 0.726816 0.702631 0.681592 0.663329 0.647538 0.633973 0.622433 0.612756 0.604810 0.598490 0.593717 0.590431 0.588591 0.588174 0.589177 0.591611 0.595506 0.600909 0.607890 0.616537 0.622568 0.628764 0.636634 0.646280 0.657831 0.671451 0.687337 0.705734 0.726943 0.751332 0.779357 0.811584 0.848725 0.891680 0.941603 1.000000 0.992143 0.967717 0.946690 0.928748 0.913634 0.901140 0.891100 0.883387 0.877902 0.874580 0.873378 0.874283 0.877306 0.882483 0.871708 0.821550 0.778624 0.741660 0.709677 0.681915 0.657767 0.636753 0.618483 0.602645 0.588980 0.577282 0.567379 0.566423 0.566869 0.568686 0.571897 0.576542 0.582677 0.590383 0.599759 0.610933 0.624064 0.639345 0.657017 0.677370 0.700768 0.727656 0.758589 0.794268 0.835581 0.853054 0.833805 0.817331 0.803393 0.791798 0.782391 4932.000000 1.227081 0.809805
0.866098 0.903057 0.945690 0.943730 0.893840 0.850907 0.813780 0.781561 0.753543 0.729159 0.707957 0.689567 0.673690 0.660082 0.648544 0.638916 0.631067 0.624896 0.620325 0.617296 0.615773 0.615737 0.614904 0.603353 0.593631 0.585606 0.579171 0.574245 0.570766 0.568690 0.567992 0.568665 0.570715 0.574169 0.579068 0.585474 0.593470 0.603159 0.614676 0.628184 0.643885 0.662027 0.668089 0.660264 0.654178 0.649754 0.646937 0.645694 0.646009 0.647886 0.651347 0.656435 0.663214 0.671769 0.682214 0.694688 0.709367 0.726468 0.746256 0.769057 0.795272 0.825395 0.860044 0.899992 0.946223 1.000000 0.954558 0.901622 0.856203 0.817014 0.783059 0.753557 0.727888 0.705553 0.686152 0.669358 0.654907 0.642583 0.632208 0.623642 0.616770 0.611506 0.607782 0.605554 0.604793 0.605492 0.598511 0.588630 0.580446 0.573850 0.568756 0.565102 0.562842 0.561948 0.562409 0.564232 0.567438 0.572067 0.578176 0.585844 0.595170 0.606283 0.619339 0.634533 0.652100 0.672334 0.695594 0.716699 0.704910 0.695150 0.687290 0.681229 0.676890 0.674219 0.673186 0.673776 0.675997 0.679876 0.685460 0.692820 0.702050 0.713270 0.726634 0.742330 0.760592 0.781707 0.806024 0.833976 10839.000000 1.333175 0.804535
0.694413 0.676023 0.660131 0.646491 0.634902 0.625201 0.617256 0.610964 0.606245 0.603040 0.601309 0.601032 0.602206 0.604844 0.608979 0.614662 0.621964 0.630980 0.641831 0.654665 0.669670 0.687073 0.707154 0.730256 0.756803 0.787321 0.822469 0.863078 0.910212 0.873381 0.836482 0.804434 0.776552 0.752290 0.731207 0.712943 0.697209 0.683765 0.672420 0.663016 0.655429 0.649560 0.645337 0.642706 0.641637 0.642115 0.644147 0.647757 0.652990 0.659911 0.668608 0.679196 0.691817 0.706652 0.723918 0.743887 0.766888 0.793330 0.823715 0.858671 0.898987 0.945667 1.000000 0.992317 0.923496 0.865551 0.816299 0.774115 0.737767 0.706304 0.678984 0.655219 0.634537 0.616561 0.600984 0.587555 0.576070 0.566364 0.558303 0.551778 0.546706 0.543023 0.540682 0.539657 0.539933 0.541515 0.544422 0.548689 0.554369 0.561535 0.570281 0.580725 0.593014 0.607328 0.623892 0.642976 0.664917 0.690129 0.719130 0.752568 0.791266 0.836283 0.889003 0.951263 0.943769 0.910275 0.881128 0.855787 0.833815 0.814857 0.798624 0.784878 0.773429 0.764124 0.756842 0.751490 0.748003 0.746338 0.746475 0.748415 0.752182 0.757822 0.765405 0.775027 0.786814 0.767963 0.739967 0.715604 538.500000 1.222945 0.741789
0.794805 0.820971 0.851039 0.885607 0.925426 0.936331 0.880592 0.833011 0.792118 0.756791 0.726154 0.699521 0.676345 0.656185 0.638686 0.623560 0.610570 0.599525 0.590269 0.582678 0.576650 0.572111 0.569002 0.567286 0.566942 0.567966 0.570370 0.572981 0.574600 0.577624 0.582089 0.588052 0.595587 0.604795 0.615798 0.628752 0.643847 0.661317 0.681449 0.704596 0.731194 0.761786 0.797053 0.837862 0.885322 0.940885 1.000000 0.944658 0.897168 0.856188 0.820679 0.789825 0.762978 0.739620 0.719331 0.701771 0.686662 0.673780 0.662939 0.653993 0.646822 0.640400 0.634074 0.629374 0.626240 0.624635 0.624539 0.625950 0.628886 0.633383 0.639497 0.647304 0.656907 0.668433 0.682043 0.697936 0.716353 0.737594 0.762026 0.790099 0.822378 0.838993 0.808063 0.781147 0.757734 0.737408 0.719832 0.704733 0.691888 0.681113 0.672264 0.665224 0.659903 0.656234 0.654174 0.653696 0.654796 0.657485 0.661798 0.667787 0.675528 0.685120 0.696692 0.710401 0.726446 0.745069 0.766567 0.756826 0.739190 0.724062 0.711219 0.700483 0.691707 0.684778 0.679608 0.676131 0.674306 0.674111 0.675542 0.678618 0.683376 0.689875 0.698197 0.708450 0.720770 0.735330 0.752339 0.772058 506.000000 1.122919 0.772471
0.611799 0.617986 0.625822 0.635410 0.646879 0.660390 0.676142 0.694376 0.715393 0.739558 0.767327 0.799263 0.836074 0.878658 0.928170 0.986112 1.000000 0.929453 0.870162 0.819838 0.776786 0.739723 0.707663 0.679836 0.655635 0.634574 0.616262 0.600383 0.586679 0.574942 0.564999 0.556713 0.549972 0.542781 0.536408 0.531449 0.527840 0.525537 0.524513 0.524754 0.526264 0.529061 0.533179 0.538669 0.545602 0.554068 0.564181 0.576084 0.589952 0.606000 0.624492 0.645753 0.638684 0.626572 0.616368 0.607933 0.601154 0.595944 0.592239 0.589991 0.589175 0.589780 0.591813 0.595299 0.600282 0.606823 0.615006 0.624938 0.636756 0.650627 0.666758 0.685402 0.706871 0.731548 0.759907 0.792539 0.830190 0.825781 0.817043 0.810420 0.805828 0.803213 0.802542 0.803806 0.807022 0.812228 0.819489 0.828896 0.840570 0.796834 0.753443 0.716170 0.683981 0.656073 0.631816 0.610708 0.592345 0.576403 0.562616 0.550769 0.540686 0.532225 0.525270 0.519731 0.515537 0.512635 0.510989 0.510580 0.511403 0.513467 0.516798 0.521437 0.527443 0.530959 0.529497 0.529316 0.530412 0.532799 0.536505 0.541578 0.548080 0.556096 0.565733 0.577125 0.590437 0.602453 0.604080 0.607182 3124.500000 1.467201 0.783906
0.994344 1.000000 0.968342 0.940824 0.916974 0.896410 0.878819 0.863946 0.851586 0.841573 0.833778 0.828103 0.824478 0.822858 0.823223 0.825579 0.829953 0.836399 0.844999 0.855860 0.869124 0.884973 0.903627 0.925361 0.949266 0.912816 0.881106 0.853512 0.829532 0.808757 0.790857 0.775559 0.762645 0.751935 0.743288 0.736592 0.731763 0.728740 0.727488 0.727991 0.730255 0.734308 0.740199 0.748002 0.757817 0.769771 0.784028 0.800788 0.820300 0.837040 0.833277 0.831542 0.831814 0.834096 0.838416 0.844827 0.853408 0.864269 0.877552 0.893435 0.912141 0.933946 0.959186 0.971000 0.939793 0.912661 0.889132 0.868827 0.851434 0.836700 0.824419 0.814428 0.806595 0.800823 0.797039 0.795197 0.795276 0.797275 0.801219 0.807157 0.815162 0.825336 0.837810 0.852754 0.870374 0.890931 0.884272 0.871333 0.860812 0.852570 0.846505 0.842542 0.840630 0.840749 0.842898 0.847104 0.853419 0.861920 0.872717 0.885948 0.890169 0.861046 0.835718 0.813741 0.794757 0.778470 0.764643 0.753081 0.743628 0.736161 0.730586 0.726831 0.724853 0.724626 0.726148 0.729438 0.734535 0.741503 0.750429 0.761429 0.774651 0.790278 0.808536 0.829704 0.854122 0.882212 0.914490 0.951599 6627.000000 1.068098 0.879282
0.844234 0.868219 0.895828 0.927559 0.964027 1.000000 0.976629 0.956578 0.939551 0.925310 0.913663 0.904457 0.897575 0.892932 0.890471 0.890163 0.892002 0.896012 0.902242 0.875013 0.839260 0.808185 0.781143 0.757618 0.737193 0.719529 0.704348 0.691425 0.680579 0.671660 0.664553 0.659166 0.655431 0.653304 0.652758 0.655407 0.661014 0.668342 0.677485 0.688564 0.701729 0.717169 0.735114 0.755849 0.779720 0.807155 0.838686 0.874974 0.867837 0.845408 0.826050 0.809465 0.795411 0.783693 0.774153 0.766667 0.761141 0.757505 0.755716 0.755752 0.757613 0.761322 0.766924 0.774489 0.784112 0.795919 0.810069 0.826758 0.846231 0.868787 0.894793 0.924701 0.959067 0.971760 0.946417 0.924533 0.905771 0.889856 0.876566 0.865722 0.857183 0.850840 0.846616 0.844457 0.844338 0.846258 0.850239 0.856331 0.864608 0.853846 0.823142 0.796422 0.773186 0.753031 0.735626 0.720705 0.708049 0.697482 0.688860 0.682072 0.677031 0.673675 0.671964 0.671875 0.673409 0.676583 0.681437 0.688030 0.696447 0.706796 0.719215 0.733879 0.751000 0.765704 0.757428 0.751119 0.746698 0.744112 0.743327 0.744336 0.747150 0.751803 0.758353 0.766881 0.777498 0.790344 0.805595 0.823469 586.500000 1.226275 0.868127
0.864969 0.887100 0.895556 0.861887 0.832591 0.807101 0.784961 0.765799 0.749312 0.735254 0.723424 0.713662 0.705836 0.699849 0.695624 0.693109 0.692274 0.693109 0.695624 0.699849 0.705836 0.713662 0.710758 0.702605 0.696296 0.691751 0.688913 0.687749 0.688244 0.690404 0.694255 0.699846 0.707244 0.716545 0.727872 0.741376 0.757250 0.775729 0.797100 0.821717 0.850017 0.882537 0.919949 0.905911 0.884429 0.865979 0.850291 0.837141 0.826353 0.817784 0.811325 0.806897 0.804443 0.803936 0.805368 0.808757 0.814145 0.821597 0.831208 0.843102 0.857436 0.874410 0.894266 0.917307 0.943901 0.928645 0.887425 0.851673 0.820591 0.793542 0.770015 0.749597 0.731951 0.716805 0.703933 0.693157 0.684329 0.677334 0.672084 0.668512 0.664980 0.655055 0.646958 0.640582 0.635848 0.632697 0.631089 0.631006 0.632446 0.635428 0.639986 0.646179 0.654083 0.663802 0.675467 0.689238 0.705318 0.723951 0.745440 0.770156 0.798557 0.831212 0.868834 0.912325 0.962841 1.000000 0.963075 0.930943 0.902990 0.878723 0.857738 0.839708 0.824365 0.811493 0.800916 0.792496 0.786126 0.781725 0.779240 0.778641 0.779920 0.783093 0.788198 0.795299 0.804485 0.815874 0.829617 0.845904 1859.000000 1.126702 0.842253
0.808784 0.865140 0.932353 1.000000 0.923386 0.859600 0.805872 0.760190 0.721052 0.687322 0.658122 0.632763 0.610703 0.591507 0.574822 0.560367 0.547908 0.537257 0.528261 0.525943 0.525282 0.525889 0.527769 0.530947 0.535462 0.541369 0.548744 0.557686 0.568315 0.580784 0.588349 0.585439 0.583957 0.583886 0.585225 0.587990 0.592214 0.597950 0.605272 0.614272 0.625073 0.637825 0.652713 0.669965 0.689861 0.712745 0.739040 0.727993 0.711179 0.696765 0.684540 0.674333 0.666007 0.659453 0.654589 0.651353 0.649707 0.649630 0.651122 0.654200 0.658902 0.665287 0.673435 0.683452 0.695472 0.709662 0.726230 0.745429 0.729788 0.701915 0.677666 0.656564 0.638229 0.622348 0.608669 0.596986 0.587131 0.578968 0.572388 0.567308 0.563664 0.561409 0.562942 0.579518 0.598585 0.620494 0.645684 0.674699 0.708231 0.747165 0.792648 0.846200 0.827165 0.777355 0.734873 0.698389 0.666886 0.639577 0.615842 0.595189 0.577221 0.561619 0.548125 0.536526 0.526650 0.518357 0.511535 0.506093 0.501962 0.499091 0.497444 0.497001 0.497757 0.500481 0.505602 0.512076 0.519986 0.529440 0.540571 0.553542 0.568554 0.585854 0.605744 0.628601 0.654889 0.685195 0.720261 0.761042 5961.000000 1.199336 0.704238
0.708376 0.705189 0.703717 0.703945 0.705873 0.709526 0.714949 0.722208 0.731396 0.742633 0.756071 0.771898 0.790346 0.811701 0.836313 0.864612 0.897130 0.886747 0.873186 0.862080 0.853282 0.846681 0.842195 0.839768 0.839372 0.841002 0.844676 0.850441 0.858366 0.868553 0.881133 0.890773 0.855608 0.825026 0.798411 0.775270 0.755200 0.737876 0.723031 0.710450 0.699957 0.691410 0.684700 0.679740 0.676469 0.674848 0.674856 0.676495 0.679782 0.684760 0.691489 0.700055 0.710569 0.721255 0.719423 0.719328 0.720970 0.724368 0.729565 0.736624 0.745635 0.756715 0.770012 0.785711 0.804041 0.812952 0.804800 0.798714 0.794620 0.792467 0.792229 0.793903 0.797510 0.803093 0.810722 0.820492 0.832532 0.847000 0.864099 0.884076 0.907236 0.933953 0.964685 1.000000 0.955582 0.884005 0.824251 0.773809 0.730845 0.693984 0.662182 0.634628 0.610689 0.589859 0.573664 0.585705 0.599737 0.615979 0.634697 0.656218 0.680948 0.709391 0.742179 0.780115 0.824232 0.875874 0.936827 0.927203 0.894422 0.865895 0.841095 0.819595 0.801049 0.785173 0.771738 0.760555 0.751477 0.744385 0.739190 0.735827 0.734256 0.734457 0.736432 0.740207 0.739413 0.728739 0.720078 0.713319 10687.000000 1.134943 0.796802
0.634737 0.673906 0.720077 0.775043 0.841290 0.922349 0.868173 0.812842 0.765876 0.725694 0.691100 0.661174 0.635199 0.612608 0.592948 0.575855 0.561033 0.548243 0.537289 0.528011 0.520280 0.513992 0.509066 0.505440 0.503069 0.501923 0.501989 0.503268 0.505775 0.509541 0.514612 0.521053 0.528947 0.538402 0.549549 0.562550 0.577608 0.594966 0.614927 0.637864 0.664241 0.694639 0.729795 0.770654 0.818450 0.791590 0.740451 0.697096 0.660039 0.628160 0.600599 0.576686 0.555892 0.537796 0.522059 0.508406 0.496616 0.486505 0.477927 0.470760 0.464908 0.460295 0.456863 0.454568 0.453383 0.453294 0.454299 0.456410 0.459653 0.464069 0.469713 0.476659 0.484999 0.494849 0.506353 0.519686 0.535065 0.552753 0.573079 0.596448 0.623370 0.654489 0.690629 0.732861 0.782604 0.841767 0.912985 1.000000 0.921221 0.840375 0.774290 0.719447 0.673375 0.634284 0.600850 0.572074 0.547187 0.525588 0.506804 0.490457 0.476243 0.463915 0.453275 0.444157 0.436430 0.429985 0.424736 0.420615 0.417569 0.415561 0.414566 0.414573 0.415580 0.417601 0.420660 0.424795 0.430058 0.436519 0.444263 0.453399 0.464059 0.476409 0.490648 0.507023 0.525840 0.547478 0.572410 0.601239 520.000000 1.248869 0.593542
0.756697 0.753712 0.752557 0.753216 0.755699 0.760035 0.766278 0.774506 0.784824 0.797367 0.812306 0.829853 0.850269 0.873873 0.901057 0.932305 0.903452 0.860605 0.823532 0.791349 0.763356 0.738996 0.717818 0.699458 0.683620 0.670062 0.658587 0.649035 0.641280 0.635219 0.630778 0.627901 0.626552 0.626715 0.628393 0.631606 0.636392 0.642812 0.650947 0.660904 0.670484 0.680987 0.693521 0.708264 0.725432 0.745294 0.768176 0.794483 0.824713 0.859487 0.899585 0.945997 1.000000 0.993155 0.925018 0.867586 0.818725 0.776847 0.740741 0.709477 0.682321 0.658697 0.638139 0.620275 0.605210 0.601019 0.598317 0.597071 0.597266 0.598904 0.602006 0.606610 0.612771 0.620570 0.630107 0.641511 0.654943 0.670599 0.688722 0.709609 0.733625 0.745039 0.752535 0.762038 0.773671 0.787593 0.803996 0.823123 0.845268 0.870793 0.900143 0.933870 0.920282 0.886681 0.857440 0.832007 0.809934 0.790858 0.774483 0.760567 0.748915 0.739368 0.731803 0.726123 0.722257 0.720157 0.717071 0.700656 0.686593 0.674676 0.664740 0.656652 0.650305 0.645621 0.642541 0.641027 0.641060 0.642642 0.645792 0.650547 0.656967 0.665134 0.675153 0.687160 0.701321 0.717844 0.736983 0.759049 5461.500000 1.009672 0.785445
0.850493 0.793941 0.746127 0.705347 0.670326 0.640086 0.613872 0.591089 0.571263 0.554016 0.539040 0.526086 0.514952 0.505471 0.497511 0.490962 0.485737 0.481772 0.479015 0.477433 0.477007 0.477731 0.479615 0.482682 0.486968 0.492529 0.499435 0.507778 0.517673 0.529261 0.542718 0.558257 0.576140 0.596693 0.620315 0.627438 0.607008 0.589241 0.573827 0.560516 0.549100 0.539414 0.531322 0.524714 0.519505 0.515628 0.513035 0.511695 0.511591 0.512722 0.515102 0.518759 0.523740 0.530106 0.537942 0.547350 0.558463 0.571442 0.586485 0.603835 0.623792 0.646724 0.673090 0.703464 0.738572 0.779345 0.826991 0.883108 0.949851 0.988839 0.900006 0.827648 0.767771 0.717585 0.675084 0.638789 0.607587 0.580624 0.557238 0.536907 0.519213 0.503824 0.490468 0.478926 0.469019 0.460600 0.453552 0.447779 0.443205 0.439772 0.437438 0.436173 0.435963 0.436806 0.438710 0.441700 0.445812 0.451098 0.448372 0.444197 0.441152 0.439199 0.438315 0.438489 0.439722 0.442031 0.445442 0.450000 0.455760 0.462800 0.471213 0.481119 0.492662 0.506021 0.521417 0.539118 0.559459 0.582854 0.609824 0.641030 0.677323 0.719809 0.769961 0.829774 0.902019 0.990657 1.000000 0.918100 844.500000 1.757555 0.626546
0.869784 0.822539 0.781950 0.746892 0.716495 0.690073 0.667081 0.647079 0.629716 0.614701 0.601803 0.590828 0.581623 0.574061 0.568045 0.563497 0.560361 0.558597 0.558185 0.559120 0.561412 0.565091 0.570200 0.576806 0.584991 0.594866 0.606567 0.620261 0.636156 0.654506 0.675621 0.699886 0.727778 0.759892 0.772893 0.742375 0.715835 0.692738 0.672655 0.655238 0.640203 0.627320 0.616401 0.607294 0.599876 0.594051 0.589745 0.586904 0.585495 0.585500 0.586918 0.589768 0.594083 0.599919 0.607347 0.616466 0.627397 0.640293 0.655342 0.672776 0.692877 0.715995 0.742558 0.773104 0.808300 0.848998 0.896284 0.951576 0.922242 0.873429 0.831425 0.795103 0.763585 0.736176 0.712323 0.691582 0.673590 0.658056 0.644741 0.633450 0.624025 0.616339 0.610293 0.605809 0.602832 0.601326 0.601273 0.602671 0.605538 0.609909 0.615838 0.623399 0.632692 0.643841 0.633358 0.616407 0.601752 0.589163 0.578456 0.569478 0.562108 0.556249 0.551827 0.548786 0.547090 0.546717 0.547662 0.549939 0.553573 0.558611 0.565115 0.573169 0.582880 0.594383 0.607843 0.623464 0.641495 0.662242 0.686085 0.713491 0.745048 0.781496 0.823779 0.873123 0.931142 1.000000 0.990595 0.925151 2847.500000 1.365399 0.727991
0.774422 0.816555 0.865742 0.867831 0.846365 0.827882 0.812104 0.798804 0.787800 0.778946 0.772129 0.767262 0.764285 0.763164 0.763883 0.766451 0.770901 0.777285 0.785685 0.784868 0.760543 0.739409 0.721108 0.705349 0.691895 0.680554 0.671169 0.663617 0.657800 0.653645 0.651100 0.650136 0.650740 0.652919 0.656701 0.662130 0.669277 0.678231 0.689110 0.702063 0.717273 0.697701 0.676882 0.658810 0.643188 0.629771 0.618361 0.608799 0.600953 0.594721 0.590024 0.586804 0.585020 0.584651 0.585692 0.588157 0.592075 0.597494 0.604484 0.613133 0.623558 0.635901 0.650342 0.667098 0.673643 0.671815 0.671610 0.673027 0.676082 0.680812 0.687276 0.695556 0.705759 0.718021 0.732513 0.749444 0.769073 0.791717 0.817764 0.847695 0.882106 0.921744 0.967552 1.000000 0.934049 0.878244 0.830619 0.789699 0.754353 0.723704 0.697062 0.673878 0.653711 0.636204 0.621067 0.608064 0.597004 0.587729 0.580115 0.574060 0.569488 0.566342 0.564584 0.564191 0.565159 0.567500 0.562335 0.555136 0.549426 0.545132 0.542200 0.540595 0.540298 0.541304 0.543626 0.547292 0.552348 0.558857 0.566903 0.576593 0.588062 0.601475 0.617035 0.634992 0.655652 0.679394 0.706686 0.738115 5465.000000 1.370228 0.816245
0.857840 0.899673 0.897948 0.887406 0.879201 0.873232 0.869424 0.867730 0.868130 0.870628 0.875256 0.882070 0.891154 0.902624 0.916631 0.933363 0.953056 0.976000 1.000000 0.953720 0.913639 0.878822 0.848530 0.822172 0.799269 0.779435 0.762354 0.747767 0.735467 0.725285 0.717084 0.710759 0.706232 0.703446 0.702368 0.702983 0.705300 0.709348 0.715174 0.702784 0.684064 0.667882 0.653987 0.642174 0.632276 0.624160 0.617719 0.612870 0.609554 0.607730 0.607376 0.608487 0.611077 0.615178 0.620840 0.628134 0.637155 0.648023 0.660888 0.675935 0.693392 0.713540 0.736722 0.763361 0.793984 0.829248 0.869982 0.917250 0.949275 0.933979 0.921352 0.911228 0.903478 0.898002 0.894736 0.893638 0.894696 0.897921 0.903355 0.911062 0.921141 0.933719 0.948964 0.967083 0.988335 0.974506 0.921304 0.875611 0.836155 0.801951 0.772222 0.746352 0.723847 0.704306 0.687405 0.672879 0.660513 0.650131 0.641592 0.634784 0.629619 0.626034 0.623985 0.623446 0.624410 0.626891 0.630917 0.636538 0.643825 0.641557 0.636408 0.632853 0.630848 0.630370 0.631413 0.633989 0.638130 0.643887 0.651331 0.660560 0.671696 0.684892 0.700338 0.718266 0.738964 0.762782 0.790154 0.821616 925.500000 1.461120 0.843724
