35
1000 1000
4 -11 23 21 -4 56 22 19 61
7 -3 3 7 -1 20 4 29 14 20 24 8 24 1 21
6 3 40 102 50 121 153 94 216 38 191 -30 143
7 24 17 39 12 50 6 53 25 49 32 36 45 27 29
4 82 40 104 103 67 158 38 113
5 9 51 60 50 111 70 66 113 8 101
4 88 45 144 104 97 121 46 91
4 33 67 162 -33 217 59 171 175
5 8 70 61 63 91 101 68 147 -5 127
5 62 54 107 45 150 75 106 133 34 145
8 16 23 41 24 52 28 51 41 53 54 41 55 15 57 11 41
3 50 31 111 66 56 89
4 6 31 23 16 39 32 21 48
7 8 54 64 34 86 50 121 77 93 118 56 117 36 97
4 -15 21 12 0 36 25 10 45
4 31 58 75 23 123 52 71 120
7 77 114 120 109 144 109 157 132 148 158 108 177 74 151
6 151 129 224 74 307 57 345 136 287 209 217 210
6 8 28 15 0 45 9 46 31 42 64 17 46
3 47 47 89 73 48 96
8 48 30 84 -3 99 38 121 68 115 106 74 96 29 115 22 68
8 4 19 21 9 35 -7 42 10 60 18 40 34 27 38 23 31
6 6 17 20 5 44 -5 57 19 42 36 20 29
6 23 20 42 27 65 39 43 57 18 67 2 51
4 48 65 87 93 50 115 20 92
3 199 241 302 302 198 370
8 16 35 31 29 48 20 63 24 62 41 63 59 43 57 29 54
6 -1 21 23 6 43 1 58 26 43 61 22 40
3 46 30 126 96 34 139
4 -26 126 80 52 207 155 73 214
4 4 33 36 9 58 37 39 83
8 139 103 163 56 204 60 264 55 286 118 260 172 216 173 165 182
7 1 15 11 4 31 5 43 28 26 37 19 44 9 33
6 36 86 66 57 104 76 125 100 117 130 58 143
8 67 49 77 45 104 28 98 66 105 101 86 109 48 98 41 73
