0.767959 0.812426 0.864569 0.926249 1.000000 0.960297 0.918180 0.881637 0.849860 0.822206 0.798158 0.777295 0.759278 0.743828 0.730720 0.719770 0.710831 0.703785 0.698544 0.695043 0.693238 0.693108 0.694652 0.697887 0.702853 0.709613 0.718251 0.728879 0.741641 0.756712 0.774313 0.794712 0.764477 0.732866 0.705397 0.681495 0.660700 0.642638 0.627008 0.613563 0.602103 0.592464 0.584515 0.578151 0.573290 0.569872 0.567854 0.567211 0.567937 0.570040 0.573546 0.578497 0.584955 0.593005 0.602751 0.614328 0.627900 0.643671 0.661891 0.682865 0.706971 0.734675 0.766562 0.803365 0.846021 0.875159 0.846851 0.822235 0.800885 0.782453 0.766656 0.753262 0.742086 0.732976 0.725815 0.720511 0.716999 0.715236 0.715200 0.716891 0.720330 0.725558 0.732640 0.741667 0.752754 0.766052 0.781745 0.800063 0.821285 0.845757 0.873902 0.906243 0.877811 0.823663 0.777571 0.738048 0.703963 0.674440 0.648793 0.626480 0.607064 0.590195 0.575587 0.563008 0.552270 0.543217 0.535726 0.529698 0.525055 0.521738 0.519707 0.518937 0.519419 0.521159 0.524177 0.528511 0.534216 0.541362 0.550046 0.560385 0.572526 0.586649 0.602976 0.621779 0.643392 0.668229 0.696807 0.729775 12697.500000 1.343296 0.757547
0.883083 0.856110 0.832682 0.812407 0.794965 0.780097 0.767589 0.757272 0.749009 0.742695 0.738249 0.735618 0.734770 0.735694 0.738401 0.742925 0.749321 0.757669 0.768076 0.780681 0.795654 0.813211 0.833613 0.857184 0.884319 0.915505 0.911698 0.879718 0.851888 0.827698 0.806733 0.788658 0.773196 0.760125 0.749264 0.740467 0.733622 0.728641 0.725463 0.724049 0.724383 0.726468 0.730330 0.736015 0.743595 0.753166 0.764853 0.762420 0.744731 0.729563 0.716692 0.705938 0.697158 0.690235 0.685083 0.681637 0.679855 0.679715 0.681217 0.684377 0.689235 0.695851 0.704308 0.714717 0.727216 0.741979 0.759221 0.779205 0.802254 0.828767 0.859232 0.894259 0.934610 0.981251 1.000000 0.954405 0.914894 0.880562 0.850689 0.824697 0.802122 0.782585 0.765778 0.751450 0.739396 0.729453 0.721489 0.715402 0.711115 0.708577 0.707755 0.708640 0.711244 0.715596 0.721752 0.729788 0.739808 0.751943 0.766359 0.783264 0.802908 0.825604 0.848135 0.821891 0.799090 0.779347 0.762348 0.747838 0.735609 0.725493 0.717357 0.711095 0.706629 0.703904 0.702886 0.703564 0.705946 0.710061 0.715958 0.723712 0.733423 0.745217 0.759256 0.775738 0.794910 0.817071 0.842592 0.871926 751.500000 1.089986 0.842852
0.622163 0.609491 0.598738 0.589755 0.582419 0.588283 0.597783 0.609087 0.622355 0.637784 0.655618 0.676153 0.699756 0.726882 0.758095 0.794108 0.835828 0.833298 0.812933 0.795410 0.780467 0.767890 0.757509 0.749186 0.742813 0.738312 0.735626 0.734723 0.735593 0.738245 0.742712 0.744418 0.743522 0.744418 0.747119 0.751657 0.758088 0.766492 0.776978 0.789683 0.804782 0.822489 0.843070 0.866850 0.894226 0.891571 0.886189 0.882985 0.881921 0.882985 0.886189 0.891571 0.899199 0.909168 0.921605 0.936675 0.954585 0.975588 1.000000 0.972535 0.915258 0.866324 0.824241 0.787867 0.756313 0.728878 0.705002 0.684237 0.666219 0.650653 0.637299 0.625958 0.616474 0.608717 0.599764 0.592181 0.586181 0.581689 0.578649 0.577023 0.576792 0.577954 0.580521 0.584525 0.590016 0.597064 0.605759 0.616217 0.628584 0.643038 0.659800 0.679138 0.701385 0.726950 0.756339 0.790190 0.829303 0.874707 0.927735 0.955744 0.938736 0.924511 0.912878 0.903683 0.896811 0.892175 0.889720 0.889415 0.891256 0.895267 0.901495 0.910018 0.920944 0.934413 0.950607 0.969749 0.992117 0.991860 0.927763 0.873424 0.826980 0.787026 0.752484 0.722514 0.696453 0.673774 0.654051 0.636940 3808.500000 1.249575 0.796870
0.703204 0.740427 0.783804 0.815194 0.791718 0.771363 0.753799 0.738757 0.726018 0.715405 0.706776 0.700020 0.695049 0.691804 0.690244 0.690351 0.692125 0.695588 0.699170 0.704484 0.711607 0.720629 0.731668 0.744873 0.760429 0.778564 0.799559 0.823756 0.851580 0.883552 0.920322 0.962705 1.000000 0.926708 0.865369 0.813484 0.769217 0.731189 0.698348 0.669874 0.645124 0.623587 0.604852 0.588586 0.578289 0.577094 0.577292 0.578885 0.581893 0.586352 0.592318 0.599866 0.609096 0.620131 0.633127 0.648275 0.665808 0.686015 0.709249 0.707617 0.695231 0.684893 0.676464 0.669833 0.664918 0.661657 0.660010 0.659957 0.661497 0.664650 0.669453 0.675967 0.684273 0.694480 0.706724 0.721176 0.738047 0.757595 0.780137 0.768658 0.758084 0.749578 0.743031 0.738361 0.735510 0.734443 0.735148 0.737633 0.741928 0.748087 0.756185 0.766327 0.778646 0.793310 0.810528 0.830554 0.853703 0.880362 0.911005 0.946220 0.954894 0.885871 0.828015 0.779014 0.737165 0.701186 0.670096 0.643128 0.619683 0.599280 0.581533 0.566133 0.552824 0.541401 0.531695 0.523571 0.516917 0.512602 0.519615 0.528112 0.538209 0.550051 0.563815 0.579718 0.598026 0.619068 0.643252 0.671084 1909.500000 1.166811 0.749998
0.870245 0.827156 0.789946 0.757686 0.729647 0.705247 0.684021 0.665592 0.649654 0.635957 0.624299 0.614515 0.606471 0.600062 0.595205 0.591841 0.589929 0.589443 0.590380 0.592750 0.596582 0.601924 0.608842 0.617425 0.627789 0.640074 0.654458 0.671157 0.690437 0.712626 0.738126 0.767435 0.801178 0.840142 0.885332 0.938048 1.000000 0.952675 0.907353 0.868144 0.834109 0.804508 0.778747 0.756350 0.736932 0.720177 0.705829 0.693681 0.683562 0.675338 0.668902 0.664172 0.661090 0.659619 0.659740 0.661454 0.664783 0.669768 0.676470 0.684974 0.695392 0.707862 0.722561 0.739703 0.759552 0.782433 0.808744 0.838978 0.873746 0.857134 0.824615 0.796321 0.771702 0.750313 0.731794 0.715849 0.702240 0.690772 0.681287 0.673661 0.667794 0.663613 0.661067 0.660125 0.660775 0.663025 0.666902 0.672455 0.679752 0.688887 0.699981 0.713184 0.728683 0.746710 0.767548 0.791544 0.819125 0.850822 0.823893 0.798693 0.776803 0.757859 0.741561 0.727665 0.715973 0.706326 0.698596 0.692684 0.688516 0.686041 0.685228 0.686068 0.688571 0.692767 0.698709 0.706470 0.716150 0.727876 0.741810 0.758150 0.777140 0.799081 0.824340 0.853371 0.886736 0.925135 0.969452 0.920410 4933.000000 1.098822 0.770432
0.949112 0.901316 0.860077 0.824345 0.793299 0.766285 0.742781 0.722364 0.704692 0.689486 0.676517 0.665601 0.656588 0.649359 0.643823 0.639908 0.637567 0.636772 0.637513 0.639798 0.643656 0.649134 0.656301 0.665249 0.676095 0.688988 0.704112 0.721692 0.742006 0.748483 0.731183 0.716352 0.703773 0.693269 0.684699 0.677952 0.672942 0.669607 0.667905 0.667817 0.669342 0.672497 0.677321 0.683875 0.692240 0.702527 0.714871 0.729446 0.746464 0.766184 0.788927 0.815085 0.845143 0.879703 0.919519 0.965548 0.924734 0.885216 0.850904 0.821056 0.795082 0.772505 0.752939 0.736068 0.721638 0.709438 0.699301 0.691091 0.684702 0.680053 0.677087 0.675768 0.676080 0.678025 0.681629 0.686936 0.694010 0.702943 0.713851 0.726882 0.742218 0.760086 0.767295 0.751441 0.737970 0.726694 0.717460 0.710146 0.704661 0.700935 0.698924 0.698602 0.699966 0.703033 0.707839 0.714444 0.722932 0.733412 0.746023 0.760942 0.753144 0.735060 0.719517 0.706285 0.695174 0.686035 0.678747 0.673217 0.669376 0.667177 0.666593 0.667617 0.670261 0.674557 0.680560 0.688343 0.698007 0.709680 0.723524 0.739735 0.758559 0.780295 0.805311 0.834060 0.867103 0.905143 0.949066 1.000000 972.000000 1.139226 0.823445
0.717387 0.711263 0.706932 0.704340 0.703456 0.704268 0.706787 0.711043 0.717088 0.724999 0.734876 0.746851 0.761085 0.777784 0.773427 0.758929 0.746730 0.736664 0.728597 0.722427 0.718076 0.715490 0.714639 0.715511 0.718117 0.722489 0.728681 0.736771 0.746861 0.759086 0.773612 0.790647 0.810446 0.833321 0.859655 0.850349 0.829707 0.811954 0.796824 0.784102 0.773614 0.765222 0.758819 0.754324 0.751682 0.750862 0.751852 0.754666 0.759336 0.765922 0.774505 0.785196 0.798135 0.813501 0.831513 0.852440 0.862066 0.840371 0.821672 0.805687 0.792183 0.780975 0.771913 0.764881 0.759789 0.756576 0.755201 0.755649 0.757923 0.762053 0.768089 0.776106 0.786206 0.798521 0.813219 0.830506 0.850638 0.873928 0.881528 0.840353 0.804704 0.773744 0.746811 0.723375 0.703006 0.685359 0.670151 0.657152 0.646175 0.637068 0.629710 0.624007 0.619886 0.617296 0.616206 0.616602 0.618491 0.621893 0.626852 0.640627 0.659813 0.681877 0.707230 0.736384 0.769979 0.808828 0.853972 0.906767 0.969008 1.000000 0.967908 0.940006 0.915811 0.894933 0.877052 0.861906 0.849286 0.839023 0.830982 0.825063 0.821193 0.819322 0.798087 0.778554 0.761745 0.747410 0.735343 0.725379 6669.500000 1.165277 0.842573
0.995805 0.926651 0.868435 0.818958 0.776584 0.740075 0.708475 0.681036 0.657167 0.636396 0.618342 0.602696 0.589206 0.577669 0.567916 0.559814 0.553253 0.548150 0.544440 0.550480 0.559767 0.570772 0.583652 0.598602 0.615861 0.635721 0.658545 0.684779 0.714985 0.749868 0.790331 0.837542 0.845027 0.807424 0.774812 0.746460 0.721788 0.700328 0.681701 0.665602 0.651780 0.640030 0.630188 0.622120 0.615721 0.610909 0.607623 0.605825 0.605492 0.606619 0.609221 0.614431 0.625600 0.638750 0.654074 0.671810 0.692249 0.715748 0.742752 0.773810 0.809614 0.851043 0.899223 0.955626 1.000000 0.945469 0.898630 0.858183 0.823117 0.792640 0.766118 0.743046 0.723014 0.705689 0.690800 0.678126 0.667488 0.658741 0.651771 0.646487 0.642824 0.635530 0.628026 0.622178 0.617913 0.615178 0.613940 0.614183 0.615911 0.619144 0.623923 0.630306 0.638375 0.648235 0.660019 0.673894 0.690062 0.708775 0.705279 0.691076 0.679036 0.668993 0.660811 0.654385 0.649632 0.646494 0.644932 0.644928 0.646481 0.649611 0.654355 0.660772 0.664258 0.668427 0.674284 0.681901 0.691377 0.702837 0.716438 0.732376 0.750888 0.772270 0.796881 0.825166 0.857674 0.895094 0.938292 0.988372 8720.000000 1.187541 0.727090
0.745131 0.769429 0.797352 0.820221 0.799326 0.781305 0.765882 0.752835 0.741983 0.733180 0.726313 0.721295 0.718064 0.716581 0.716826 0.718804 0.716133 0.680070 0.648953 0.621993 0.598567 0.578185 0.560450 0.545045 0.531711 0.520237 0.510452 0.502215 0.495415 0.489961 0.485783 0.482829 0.481063 0.480463 0.481022 0.482747 0.484101 0.480990 0.479066 0.478305 0.478698 0.480249 0.482977 0.486917 0.492116 0.498643 0.506581 0.516039 0.527152 0.540083 0.555036 0.572257 0.592054 0.614804 0.640978 0.671168 0.706128 0.746828 0.794538 0.850950 0.918366 1.000000 0.945380 0.890717 0.843952 0.803692 0.768867 0.738639 0.712350 0.689472 0.669580 0.652332 0.637446 0.624697 0.613897 0.604897 0.597576 0.591838 0.587612 0.584845 0.583503 0.583569 0.585046 0.587949 0.592316 0.598200 0.589031 0.574651 0.562280 0.551731 0.542854 0.535528 0.529656 0.525163 0.521992 0.520105 0.519479 0.520105 0.521992 0.525163 0.529656 0.535528 0.542854 0.551731 0.562280 0.574651 0.589031 0.605645 0.624772 0.646755 0.669526 0.659266 0.650861 0.644199 0.639197 0.635791 0.633941 0.633624 0.634836 0.637591 0.641923 0.647886 0.655556 0.665030 0.676435 0.689930 0.705709 0.724011 1380.500000 1.446407 0.782397
0.931403 0.986213 1.000000 0.976129 0.955620 0.938168 0.923527 0.911498 0.901924 0.894682 0.889681 0.886860 0.886186 0.887649 0.891267 0.897086 0.855335 0.816266 0.782413 0.752997 0.727403 0.705133 0.685790 0.669049 0.654645 0.642363 0.632028 0.623499 0.616662 0.611431 0.607740 0.605542 0.604813 0.605542 0.607740 0.611431 0.611502 0.605778 0.601597 0.598906 0.597672 0.597881 0.599535 0.602654 0.607276 0.613459 0.621281 0.630845 0.642279 0.655744 0.671438 0.689604 0.710539 0.734611 0.762271 0.794084 0.830756 0.873185 0.922523 0.980274 0.956722 0.935387 0.917144 0.901730 0.888932 0.878579 0.870537 0.864706 0.861012 0.859412 0.859885 0.862437 0.867100 0.873930 0.856369 0.831070 0.809116 0.790146 0.773867 0.760039 0.748469 0.738998 0.731505 0.725894 0.722094 0.720059 0.719765 0.721208 0.724405 0.729396 0.736242 0.745030 0.755873 0.755684 0.736304 0.719582 0.705265 0.693143 0.683049 0.674847 0.668430 0.663719 0.660654 0.659198 0.659333 0.651662 0.642940 0.635961 0.630635 0.626895 0.624695 0.624008 0.624827 0.627160 0.631037 0.636505 0.643633 0.652512 0.663260 0.676024 0.690985 0.708369 0.728451 0.751568 0.778136 0.808671 0.843816 0.884382 5319.000000 1.360619 0.847211
0.478446 0.464551 0.452499 0.442095 0.433179 0.425620 0.419313 0.414174 0.410135 0.423060 0.451227 0.484662 0.524815 0.573729 0.634383 0.711294 0.811651 0.947638 1.000000 0.945053 0.897880 0.857160 0.821867 0.791195 0.764507 0.741287 0.721123 0.703677 0.688674 0.675893 0.665150 0.656300 0.640635 0.625430 0.612372 0.601266 0.591957 0.584318 0.578249 0.573672 0.570531 0.568787 0.568419 0.569422 0.571808 0.575608 0.580867 0.583548 0.587617 0.593183 0.600315 0.609106 0.619673 0.632163 0.646757 0.663678 0.683197 0.705652 0.731454 0.761118 0.795287 0.813835 0.787717 0.765009 0.745319 0.728328 0.713775 0.701449 0.691179 0.682826 0.676282 0.671465 0.668315 0.666793 0.666881 0.668579 0.671910 0.676912 0.683649 0.692206 0.702693 0.690510 0.677978 0.667471 0.658849 0.651996 0.646828 0.643278 0.641303 0.640880 0.642003 0.644685 0.648960 0.654881 0.660466 0.651394 0.644099 0.638486 0.634485 0.632048 0.631144 0.631762 0.633910 0.637614 0.642920 0.649893 0.658623 0.669226 0.681845 0.696659 0.713889 0.733806 0.756742 0.783105 0.813401 0.848262 0.888481 0.899822 0.820681 0.756010 0.702356 0.657291 0.619061 0.586370 0.558235 0.533904 0.512789 0.494426 5588.000000 1.115893 0.665164
0.762494 0.780053 0.800414 0.823904 0.850926 0.881978 0.907025 0.890788 0.877198 0.866072 0.857263 0.850661 0.846183 0.843773 0.843403 0.845069 0.848790 0.854612 0.862607 0.872875 0.885550 0.900800 0.918838 0.892328 0.865328 0.841883 0.821602 0.804166 0.789317 0.776845 0.766578 0.758382 0.752153 0.747811 0.745305 0.744604 0.745698 0.748602 0.753351 0.760002 0.768641 0.779377 0.792354 0.807748 0.825782 0.846726 0.870912 0.898749 0.930741 0.908015 0.874157 0.844694 0.819062 0.796803 0.777545 0.760986 0.746880 0.735025 0.725261 0.717459 0.711518 0.707365 0.704949 0.704240 0.705230 0.707930 0.712374 0.718617 0.726735 0.736835 0.749050 0.763546 0.780533 0.800264 0.823052 0.849283 0.879429 0.914077 0.953959 1.000000 0.980761 0.945805 0.915384 0.888934 0.865997 0.846202 0.829244 0.814877 0.802901 0.793154 0.785512 0.779876 0.776177 0.774369 0.774431 0.776364 0.780191 0.785958 0.793738 0.803628 0.815758 0.830291 0.847430 0.867425 0.890584 0.917283 0.892499 0.860081 0.831869 0.807333 0.786042 0.767647 0.751863 0.738458 0.727244 0.718070 0.710815 0.705388 0.701720 0.699768 0.699507 0.700934 0.704067 0.708943 0.715624 0.724193 0.734761 0.747469 10023.000000 1.156284 0.848804
0.537771 0.548085 0.560178 0.574232 0.590468 0.609160 0.608027 0.606528 0.606492 0.607922 0.610833 0.615261 0.621262 0.628911 0.638308 0.649578 0.662879 0.678405 0.696393 0.717136 0.740993 0.768406 0.799927 0.836245 0.878234 0.927014 0.984041 1.000000 0.938082 0.885393 0.840224 0.801277 0.767548 0.738250 0.712761 0.690581 0.671309 0.654617 0.640240 0.627961 0.617604 0.609027 0.602115 0.596780 0.592955 0.590592 0.589663 0.580649 0.567360 0.555976 0.546330 0.538287 0.531740 0.526604 0.522814 0.520322 0.519099 0.519129 0.520412 0.522966 0.526819 0.532022 0.538638 0.546755 0.556481 0.567953 0.581338 0.596841 0.614716 0.635271 0.658892 0.686053 0.717352 0.753546 0.795604 0.791593 0.770804 0.752846 0.737442 0.724366 0.713434 0.704499 0.697445 0.692181 0.688643 0.686787 0.686591 0.688052 0.691187 0.696036 0.702659 0.711138 0.721583 0.734136 0.748968 0.766297 0.786386 0.809560 0.836216 0.866847 0.902063 0.909631 0.848484 0.796839 0.752830 0.715060 0.682464 0.654218 0.629674 0.608317 0.589736 0.573597 0.559630 0.547615 0.537372 0.528756 0.521649 0.515957 0.511607 0.508544 0.506732 0.506147 0.506783 0.508648 0.511764 0.516170 0.521920 0.529089 1912.000000 1.455078 0.757397
0.671559 0.672369 0.674808 0.678907 0.683209 0.687875 0.694290 0.702533 0.712712 0.724963 0.739455 0.756397 0.776047 0.798721 0.824807 0.854783 0.889243 0.928930 0.974783 0.954711 0.918755 0.887469 0.860248 0.836603 0.816136 0.798524 0.783505 0.770862 0.760424 0.752052 0.745640 0.741106 0.738395 0.737474 0.738332 0.740979 0.745447 0.751792 0.760092 0.770455 0.783016 0.797949 0.815464 0.835824 0.854608 0.835177 0.818539 0.804451 0.792716 0.783179 0.775715 0.770230 0.766656 0.764950 0.765090 0.767078 0.770939 0.776720 0.784492 0.794354 0.806435 0.820897 0.837943 0.857822 0.880841 0.907375 0.879946 0.852117 0.827927 0.806963 0.788888 0.773427 0.760358 0.749498 0.740704 0.733860 0.728882 0.725708 0.724299 0.724637 0.726727 0.730594 0.736287 0.743874 0.753454 0.765151 0.779123 0.795568 0.814726 0.802964 0.790045 0.779383 0.770838 0.764298 0.759684 0.756938 0.756026 0.756938 0.759684 0.764298 0.770838 0.779383 0.790045 0.802964 0.818317 0.836322 0.857249 0.881428 0.909265 0.941259 0.978028 1.000000 0.949728 0.906347 0.868758 0.836096 0.807677 0.782950 0.761473 0.742884 0.726890 0.713253 0.701777 0.692307 0.684716 0.678907 0.674808 0.672369 660.500000 1.034146 0.843102
0.843873 0.825496 0.809811 0.796594 0.785664 0.776876 0.770118 0.765303 0.762374 0.761294 0.762051 0.764652 0.769131 0.775542 0.783966 0.794509 0.807312 0.822547 0.840433 0.861234 0.885278 0.877592 0.841119 0.809430 0.781857 0.757866 0.737027 0.718988 0.703466 0.690227 0.679083 0.669882 0.662501 0.656846 0.652847 0.650453 0.649636 0.650386 0.652712 0.656642 0.662225 0.669531 0.678652 0.689711 0.702856 0.718277 0.736203 0.756917 0.780765 0.787819 0.769299 0.753403 0.739897 0.728592 0.719333 0.712001 0.706501 0.702766 0.700749 0.700427 0.701794 0.704869 0.709687 0.716310 0.724820 0.735327 0.747972 0.762929 0.780416 0.800696 0.824098 0.851020 0.881957 0.917523 0.958483 1.000000 0.948636 0.904363 0.866032 0.832742 0.803782 0.778581 0.756679 0.737705 0.721354 0.707379 0.695580 0.685793 0.677887 0.671762 0.667340 0.664566 0.663407 0.663848 0.665895 0.669573 0.674927 0.682023 0.690952 0.701832 0.714809 0.730067 0.747832 0.768379 0.759122 0.742499 0.728304 0.716336 0.706429 0.698452 0.692302 0.687902 0.685198 0.684158 0.684767 0.687034 0.690986 0.696673 0.704164 0.713555 0.724971 0.738566 0.754533 0.773109 0.794585 0.819319 0.847751 0.865220 1416.000000 1.198314 0.844108
0.915236 0.952328 0.938997 0.907138 0.879419 0.855343 0.834508 0.816583 0.801302 0.788448 0.777843 0.769349 0.762856 0.758283 0.755575 0.754697 0.755639 0.758413 0.763053 0.769615 0.778183 0.774106 0.765775 0.759432 0.754996 0.752415 0.751655 0.752708 0.755588 0.760328 0.766987 0.775649 0.786426 0.799459 0.814927 0.833053 0.854107 0.878425 0.906415 0.933290 0.903340 0.877300 0.854721 0.835237 0.818549 0.804415 0.792638 0.783060 0.775557 0.770033 0.766421 0.764677 0.764778 0.766727 0.770547 0.776285 0.784012 0.793825 0.805854 0.816499 0.795981 0.778297 0.763181 0.750415 0.739821 0.731259 0.724619 0.719817 0.716794 0.715512 0.715957 0.718134 0.722068 0.727809 0.735428 0.745022 0.756717 0.770670 0.787080 0.806189 0.828293 0.853758 0.883034 0.916675 0.955374 1.000000 0.977895 0.939696 0.906471 0.877557 0.852421 0.830630 0.811833 0.795741 0.782124 0.770789 0.761588 0.754399 0.749133 0.745723 0.744129 0.744332 0.746333 0.750156 0.755850 0.763483 0.773155 0.779658 0.765784 0.754180 0.744689 0.737189 0.731583 0.727801 0.725798 0.725550 0.727052 0.730323 0.735404 0.742357 0.751270 0.762258 0.775468 0.791084 0.809331 0.830488 0.854895 0.882972 2482.500000 1.056804 0.866103
0.865176 0.892193 0.923248 0.958936 1.000000 0.953630 0.910110 0.872399 0.839631 0.811119 0.786312 0.764764 0.746116 0.730073 0.716394 0.704886 0.695390 0.687781 0.681962 0.677861 0.675426 0.674627 0.675456 0.676904 0.665232 0.655507 0.647601 0.641410 0.636856 0.633883 0.632453 0.632551 0.634176 0.637350 0.642110 0.648515 0.656648 0.666613 0.678546 0.692612 0.709019 0.728017 0.749919 0.775104 0.804044 0.837324 0.875679 0.905909 0.878147 0.854032 0.833160 0.815201 0.799886 0.786997 0.776358 0.767827 0.761296 0.756682 0.753930 0.753005 0.753896 0.756614 0.761192 0.767687 0.776179 0.786779 0.799624 0.814892 0.832799 0.853614 0.877665 0.905354 0.937179 0.973754 0.930441 0.882474 0.841137 0.805354 0.774279 0.747247 0.723723 0.703278 0.685563 0.670293 0.657237 0.646208 0.637051 0.629646 0.623898 0.619732 0.617099 0.615966 0.616319 0.618162 0.621518 0.626428 0.632954 0.641177 0.651207 0.663178 0.677260 0.693661 0.712634 0.734494 0.759626 0.788505 0.821725 0.846232 0.825319 0.807313 0.791942 0.778988 0.768272 0.759651 0.753016 0.748283 0.745394 0.744313 0.745027 0.747546 0.751899 0.758140 0.766347 0.776626 0.789110 0.803972 0.821420 0.841715 1513.000000 1.227104 0.814105
0.868132 0.887873 0.881652 0.857984 0.837518 0.819935 0.804974 0.792425 0.782116 0.773912 0.767709 0.763429 0.761020 0.760452 0.761718 0.764835 0.769839 0.776793 0.760191 0.742302 0.726946 0.713898 0.702973 0.694025 0.686936 0.681615 0.677997 0.676038 0.675713 0.677018 0.679969 0.684604 0.690977 0.699171 0.709290 0.721471 0.733843 0.728066 0.724110 0.721926 0.721488 0.722791 0.725851 0.730704 0.737412 0.746057 0.756752 0.769640 0.784898 0.802746 0.814008 0.821701 0.831563 0.843722 0.858340 0.875621 0.895813 0.919226 0.946237 0.977308 1.000000 0.951452 0.909490 0.873087 0.841435 0.813890 0.789934 0.769148 0.751190 0.735785 0.722704 0.711766 0.702821 0.695754 0.690474 0.686917 0.685037 0.684813 0.686242 0.687750 0.686921 0.687750 0.690245 0.694438 0.700379 0.708144 0.717831 0.729569 0.743518 0.759878 0.778892 0.800861 0.791905 0.775505 0.761568 0.749898 0.740337 0.732760 0.727070 0.723197 0.721092 0.720731 0.722109 0.725243 0.730171 0.736954 0.745678 0.756454 0.769428 0.784778 0.802726 0.823544 0.847567 0.843861 0.830833 0.820148 0.811664 0.805274 0.800898 0.798483 0.797999 0.799440 0.802824 0.808192 0.815611 0.825173 0.837002 0.851257 846.500000 1.177043 0.893368
0.929153 0.873924 0.826772 0.786245 0.751231 0.720864 0.694466 0.671493 0.651511 0.634167 0.619175 0.606303 0.595361 0.586193 0.578677 0.572713 0.568225 0.565159 0.563475 0.563154 0.564192 0.566601 0.570411 0.575669 0.582441 0.590814 0.600900 0.612839 0.626802 0.632959 0.620182 0.609350 0.600310 0.592943 0.587151 0.582862 0.580023 0.578598 0.578570 0.579940 0.582723 0.586954 0.592685 0.599989 0.608961 0.619720 0.632418 0.647238 0.664409 0.684209 0.706981 0.733147 0.763235 0.797902 0.786820 0.770038 0.755740 0.743722 0.733821 0.725906 0.719875 0.715653 0.713189 0.712453 0.713434 0.716146 0.720622 0.726916 0.735107 0.745301 0.757633 0.772271 0.789426 0.809354 0.832371 0.843202 0.796686 0.756762 0.722305 0.692445 0.666498 0.643920 0.624277 0.607216 0.592452 0.579752 0.568928 0.559824 0.552316 0.546306 0.541716 0.538490 0.536586 0.535983 0.536672 0.538662 0.541978 0.546660 0.552767 0.560377 0.569591 0.580535 0.577978 0.572728 0.568930 0.566538 0.565523 0.565872 0.567590 0.570697 0.575233 0.581252 0.588832 0.598072 0.609098 0.622064 0.637163 0.654629 0.674752 0.697885 0.724468 0.755048 0.790310 0.831128 0.878624 0.934264 1.000000 0.994391 712.500000 1.407548 0.779736
0.990745 1.000000 0.890608 0.804536 0.735250 0.678456 0.631219 0.591464 0.557683 0.528758 0.503839 0.482273 0.463548 0.447260 0.433085 0.420764 0.410085 0.400877 0.392999 0.386338 0.380801 0.376314 0.372819 0.370272 0.368642 0.367909 0.368064 0.369108 0.371054 0.373927 0.377762 0.382608 0.388528 0.395601 0.403929 0.413632 0.424862 0.437802 0.452681 0.469778 0.489442 0.512112 0.538345 0.568854 0.604573 0.646740 0.697036 0.757794 0.832352 0.786312 0.746804 0.712710 0.683168 0.657498 0.635162 0.615729 0.598849 0.584240 0.571671 0.560954 0.551937 0.544497 0.538534 0.533973 0.530756 0.528845 0.528215 0.528859 0.530785 0.534016 0.538593 0.544571 0.552029 0.561064 0.571801 0.584391 0.599025 0.615931 0.635395 0.657766 0.683476 0.713065 0.747214 0.759061 0.701541 0.653588 0.613154 0.578745 0.549245 0.523807 0.501777 0.482641 0.465992 0.451504 0.438916 0.428014 0.418625 0.410606 0.403844 0.398244 0.393734 0.390254 0.387761 0.386224 0.385624 0.385955 0.387220 0.389435 0.392626 0.396834 0.402112 0.408531 0.416176 0.425157 0.435606 0.447687 0.461602 0.477597 0.495978 0.517126 0.541520 0.569770 0.602662 0.641224 0.686826 0.741332 0.807349 0.888623 8282.000000 1.523612 0.567374
0.837681 0.771625 0.716825 0.670802 0.631762 0.598378 0.569649 0.544805 0.523245 0.504496 0.488179 0.473991 0.461685 0.451061 0.441955 0.434236 0.427794 0.422544 0.418417 0.415360 0.413337 0.412321 0.412302 0.413278 0.415261 0.418276 0.422360 0.427565 0.433959 0.441626 0.450674 0.461236 0.473472 0.487582 0.503810 0.522457 0.543898 0.568602 0.597165 0.630348 0.669143 0.714861 0.769273 0.834829 0.915007 1.000000 0.916230 0.847293 0.789774 0.741239 0.699913 0.664468 0.633894 0.607408 0.584399 0.564378 0.546959 0.531825 0.518722 0.507442 0.497817 0.489707 0.483002 0.477614 0.473472 0.470526 0.468738 0.468087 0.468565 0.470178 0.472945 0.476901 0.482095 0.488593 0.496481 0.505867 0.516884 0.529695 0.544503 0.561555 0.581154 0.603678 0.629596 0.659499 0.694141 0.734490 0.781820 0.815583 0.767496 0.726416 0.691091 0.660560 0.634075 0.611047 0.591007 0.573578 0.558454 0.545388 0.534176 0.524655 0.516689 0.510173 0.505021 0.501167 0.498563 0.497178 0.496994 0.498010 0.500238 0.503704 0.508453 0.514543 0.522054 0.531085 0.541763 0.554242 0.568711 0.585404 0.604608 0.626674 0.652043 0.681264 0.715029 0.754227 0.800012 0.853905 0.917954 0.918527 967.000000 1.258957 0.592600
0.925560 0.884712 0.849277 0.818466 0.791654 0.768334 0.748100 0.730619 0.715621 0.702886 0.692234 0.683523 0.676638 0.671491 0.668020 0.666181 0.665952 0.667330 0.670333 0.674995 0.681377 0.689557 0.699641 0.711766 0.722556 0.700825 0.681958 0.665642 0.651621 0.639688 0.629674 0.621443 0.614886 0.609920 0.606483 0.604533 0.604046 0.605016 0.607455 0.611393 0.616877 0.623978 0.632787 0.643420 0.656024 0.670779 0.687909 0.707687 0.730447 0.756603 0.786668 0.821281 0.861251 0.907608 0.919208 0.890296 0.865168 0.843395 0.824629 0.808586 0.795034 0.783785 0.774691 0.767633 0.762523 0.759298 0.757919 0.758368 0.760651 0.764796 0.770853 0.778899 0.789035 0.801395 0.816145 0.833495 0.853699 0.818528 0.783946 0.753910 0.727780 0.705042 0.685282 0.668166 0.653420 0.640821 0.630188 0.621375 0.614264 0.608764 0.604806 0.602341 0.601338 0.601786 0.603691 0.607074 0.611978 0.618464 0.626615 0.636538 0.648367 0.662270 0.678452 0.697166 0.702513 0.694420 0.688150 0.683625 0.680788 0.679606 0.680062 0.682164 0.685937 0.691426 0.698701 0.707854 0.719005 0.732306 0.747943 0.766149 0.787208 0.811466 0.839354 0.871401 0.908267 0.950782 1.000000 0.972820 2447.500000 1.332354 0.822749
0.615592 0.617714 0.621352 0.626552 0.633379 0.641919 0.652286 0.664621 0.679098 0.695934 0.715394 0.737801 0.763557 0.793156 0.827215 0.866512 0.912035 0.965060 1.000000 0.948597 0.904292 0.865934 0.832622 0.803642 0.778424 0.756507 0.737519 0.721156 0.707170 0.695359 0.685560 0.677644 0.671508 0.667074 0.664288 0.663117 0.663545 0.665579 0.669242 0.674579 0.681658 0.690569 0.701427 0.714381 0.729613 0.747349 0.767864 0.790722 0.773604 0.759000 0.746704 0.736545 0.728390 0.722135 0.717700 0.715032 0.714097 0.714885 0.717405 0.721687 0.727784 0.735774 0.745756 0.757865 0.772264 0.789159 0.808802 0.831502 0.857639 0.887680 0.855104 0.825342 0.799443 0.776935 0.757434 0.740628 0.726264 0.714135 0.704072 0.695942 0.689640 0.685086 0.682225 0.681022 0.681462 0.683550 0.687312 0.692794 0.700064 0.709215 0.720367 0.733671 0.729347 0.725497 0.723422 0.723095 0.724513 0.727693 0.732674 0.739518 0.748310 0.759165 0.772227 0.787677 0.805739 0.826687 0.850858 0.878665 0.910619 0.935356 0.888037 0.847218 0.811856 0.781134 0.754404 0.731146 0.710940 0.693447 0.678389 0.665541 0.653999 0.643348 0.634543 0.627466 0.622028 0.618160 0.615814 0.614961 3109.500000 1.028051 0.811645
0.905866 0.942492 0.984677 0.944472 0.909274 0.878647 0.852001 0.828862 0.808844 0.791632 0.776970 0.764649 0.754503 0.746397 0.740228 0.735918 0.733415 0.732687 0.733728 0.736548 0.741182 0.747687 0.756146 0.766666 0.779387 0.794484 0.812172 0.832718 0.856447 0.883759 0.915148 0.904835 0.882852 0.863944 0.847828 0.834275 0.823101 0.814158 0.807330 0.802534 0.799710 0.798823 0.799862 0.802841 0.807796 0.814788 0.823903 0.835260 0.849008 0.865336 0.884477 0.906718 0.932410 0.923453 0.891623 0.863926 0.839860 0.819019 0.801070 0.785743 0.772818 0.762118 0.753501 0.746855 0.742098 0.739171 0.738037 0.738684 0.741119 0.745372 0.751494 0.759563 0.769682 0.781983 0.796634 0.813843 0.833864 0.822978 0.809370 0.798097 0.789008 0.781986 0.776943 0.773818 0.772571 0.773188 0.775675 0.780065 0.786409 0.794788 0.805309 0.818109 0.833362 0.851285 0.872143 0.896262 0.924043 0.955978 0.992676 1.000000 0.955770 0.917404 0.884047 0.855018 0.829770 0.807861 0.788931 0.772686 0.758888 0.747344 0.737896 0.730422 0.724826 0.721039 0.719015 0.718729 0.720177 0.723378 0.728369 0.735213 0.743997 0.754833 0.767867 0.783279 0.801293 0.822181 0.846282 0.874007 3137.500000 1.067071 0.847498
0.961628 0.980331 0.948468 0.920758 0.896721 0.875964 0.858166 0.843068 0.830458 0.820166 0.812059 0.806033 0.802014 0.799953 0.799823 0.801625 0.805380 0.811133 0.818956 0.828948 0.841238 0.855991 0.873413 0.855784 0.828322 0.804444 0.783740 0.765874 0.750572 0.737612 0.726813 0.718030 0.711150 0.706085 0.702773 0.701174 0.701267 0.703054 0.706557 0.711818 0.718903 0.727902 0.738931 0.752140 0.767713 0.785877 0.806913 0.831164 0.859051 0.891095 0.898393 0.868868 0.843189 0.820905 0.801649 0.785125 0.771088 0.759341 0.749726 0.742117 0.736417 0.732556 0.730485 0.730180 0.731637 0.734874 0.739930 0.746868 0.755775 0.766767 0.779989 0.795627 0.813905 0.835102 0.859558 0.887693 0.920024 0.957192 1.000000 0.964787 0.930140 0.899989 0.873770 0.851028 0.831391 0.814558 0.800283 0.788367 0.778648 0.771001 0.765328 0.761560 0.759649 0.759574 0.761332 0.764946 0.770459 0.777939 0.787483 0.799212 0.813285 0.792761 0.771014 0.752192 0.735998 0.722190 0.710571 0.700981 0.693295 0.687414 0.683264 0.680794 0.679974 0.680794 0.683264 0.687414 0.693295 0.700981 0.710571 0.722190 0.735998 0.752192 0.771014 0.792761 0.817798 0.846573 0.879644 0.917704 2767.000000 1.165278 0.846683
0.881085 0.900871 0.923844 0.944905 0.901481 0.863863 0.831180 0.802744 0.778002 0.756507 0.737898 0.721880 0.708212 0.696699 0.687184 0.679540 0.673670 0.669499 0.666976 0.658012 0.649453 0.642642 0.637492 0.633939 0.631940 0.631469 0.632522 0.635111 0.639268 0.645044 0.652511 0.661767 0.672933 0.686163 0.701649 0.715612 0.707606 0.701447 0.697060 0.694390 0.693404 0.694091 0.696459 0.700536 0.706374 0.714043 0.723644 0.735302 0.749176 0.765463 0.784406 0.806302 0.831517 0.860499 0.893805 0.932129 0.976345 1.000000 0.963075 0.930943 0.902990 0.878723 0.857738 0.839708 0.824365 0.811493 0.800916 0.792496 0.786126 0.781725 0.779240 0.778641 0.762764 0.741389 0.722872 0.706920 0.693291 0.681788 0.672255 0.664563 0.658613 0.654332 0.651666 0.650582 0.651068 0.653129 0.656791 0.662098 0.669116 0.677936 0.688672 0.701471 0.716514 0.715328 0.704568 0.695778 0.688843 0.683676 0.680213 0.678410 0.678247 0.679721 0.682850 0.687672 0.694247 0.702659 0.713015 0.725455 0.740152 0.757318 0.777217 0.800169 0.826570 0.856907 0.846052 0.834966 0.826132 0.819436 0.814794 0.812151 0.811473 0.812753 0.816006 0.821271 0.828614 0.838127 0.849932 0.864186 2390.000000 1.274360 0.870993
0.877559 0.907777 0.917264 0.879156 0.846046 0.817236 0.792169 0.770395 0.751548 0.735330 0.721499 0.709857 0.700245 0.692536 0.686631 0.682456 0.679959 0.679111 0.679901 0.682339 0.686453 0.692296 0.699939 0.709482 0.713884 0.704951 0.697900 0.692641 0.689108 0.687258 0.687069 0.688538 0.691683 0.696543 0.703178 0.711671 0.722133 0.734703 0.749557 0.750267 0.739681 0.731127 0.724494 0.719698 0.716681 0.715405 0.715855 0.718036 0.721976 0.727722 0.735345 0.744944 0.756644 0.770603 0.787018 0.806132 0.828243 0.853716 0.883000 0.916651 0.955361 1.000000 0.965559 0.915860 0.873028 0.835947 0.803745 0.775731 0.751353 0.730167 0.711810 0.695989 0.682464 0.671041 0.661562 0.653900 0.647956 0.643656 0.640947 0.639796 0.640188 0.642128 0.645641 0.650768 0.657574 0.666146 0.676596 0.689066 0.703730 0.720807 0.740562 0.741594 0.733462 0.727240 0.722850 0.720237 0.719369 0.720237 0.722850 0.727240 0.733462 0.741594 0.751739 0.764031 0.778639 0.795772 0.815684 0.816391 0.798345 0.782925 0.769908 0.759117 0.750406 0.743665 0.738807 0.735774 0.734527 0.735053 0.737357 0.741467 0.747434 0.755333 0.765263 0.777356 0.791775 0.808724 0.828455 0.851274 1880.000000 1.111480 0.856182
0.517987 0.527246 0.538162 0.550894 0.565639 0.582638 0.602186 0.624647 0.650478 0.680246 0.714673 0.754686 0.801491 0.856686 0.922431 1.000000 0.906951 0.831577 0.769481 0.717623 0.673835 0.636528 0.604516 0.576892 0.552957 0.532159 0.514063 0.498318 0.484642 0.472805 0.462620 0.453936 0.446627 0.440595 0.435760 0.432059 0.429446 0.427889 0.427369 0.427880 0.429428 0.432032 0.435724 0.440550 0.438476 0.433524 0.429707 0.426977 0.425298 0.424652 0.425030 0.426438 0.428891 0.432420 0.437070 0.442899 0.449985 0.458423 0.468333 0.479864 0.493194 0.508546 0.526193 0.545828 0.568127 0.593817 0.623513 0.658005 0.698317 0.745805 0.802297 0.870317 0.873782 0.830461 0.793053 0.760623 0.732436 0.707909 0.686571 0.668044 0.652020 0.638249 0.626526 0.616684 0.608590 0.602137 0.597244 0.593849 0.591910 0.591403 0.592324 0.594682 0.587748 0.569672 0.553970 0.540376 0.528678 0.518698 0.510294 0.503352 0.497779 0.493504 0.490474 0.488650 0.488011 0.488550 0.490271 0.493198 0.497365 0.495142 0.485147 0.476673 0.469602 0.463838 0.459308 0.455953 0.453732 0.452617 0.452596 0.453667 0.455844 0.459154 0.463637 0.469351 0.476369 0.484785 0.494718 0.506312 3399.000000 1.630434 0.689661
0.655256 0.640318 0.627524 0.616687 0.607658 0.600315 0.594562 0.590327 0.587557 0.586219 0.586296 0.587790 0.590717 0.595115 0.601038 0.608561 0.617781 0.628824 0.641843 0.657028 0.674614 0.694888 0.718201 0.721182 0.686295 0.656135 0.629968 0.607215 0.587414 0.570194 0.555254 0.542350 0.531284 0.521892 0.514043 0.507632 0.502574 0.498806 0.496281 0.494968 0.494850 0.495927 0.498212 0.501732 0.506531 0.512755 0.520477 0.529730 0.540644 0.553379 0.568129 0.585136 0.604694 0.627168 0.653011 0.682791 0.717227 0.757242 0.804038 0.859204 0.924890 1.000000 0.924799 0.862049 0.809098 0.764010 0.725337 0.691978 0.663079 0.637972 0.616128 0.597121 0.580608 0.566311 0.554005 0.543503 0.534656 0.527343 0.521466 0.516950 0.513739 0.511793 0.511089 0.511617 0.513384 0.516412 0.509498 0.503900 0.499614 0.496586 0.494780 0.494172 0.494757 0.496541 0.499546 0.503808 0.509381 0.516337 0.524767 0.534787 0.546539 0.560199 0.575983 0.594154 0.615040 0.639043 0.666666 0.698545 0.735487 0.778534 0.783773 0.764062 0.747074 0.732552 0.720285 0.710106 0.701877 0.695493 0.690873 0.687961 0.686721 0.687137 0.689216 0.692981 0.698480 0.705781 0.692531 0.672567 1696.500000 1.364443 0.745634
0.894408 0.917240 0.943602 0.965328 0.934085 0.906917 0.883353 0.863009 0.845572 0.830787 0.818449 0.808390 0.800481 0.794621 0.790737 0.788782 0.788732 0.790586 0.794368 0.800122 0.800422 0.797372 0.796256 0.797061 0.799796 0.804494 0.811214 0.820040 0.831083 0.844491 0.860445 0.858010 0.838403 0.821606 0.807377 0.795516 0.785864 0.778296 0.772716 0.769055 0.767269 0.767335 0.769254 0.773050 0.778769 0.786482 0.796287 0.808311 0.822717 0.839705 0.859523 0.882477 0.887870 0.864329 0.843984 0.826521 0.811682 0.799257 0.789079 0.781016 0.774963 0.770846 0.768615 0.768242 0.769723 0.773075 0.778340 0.785583 0.794895 0.806396 0.820240 0.836618 0.855768 0.877979 0.903608 0.933095 0.966979 1.000000 0.962878 0.930575 0.902472 0.878071 0.856964 0.838822 0.823374 0.810402 0.799729 0.791215 0.784751 0.780256 0.777676 0.776977 0.778153 0.781218 0.786208 0.793186 0.802238 0.798395 0.785227 0.774320 0.765532 0.758748 0.753883 0.750878 0.749696 0.750322 0.752764 0.757052 0.763238 0.771400 0.781642 0.794098 0.808938 0.826372 0.828716 0.819966 0.813338 0.808749 0.806142 0.805486 0.806774 0.810020 0.815264 0.822571 0.832033 0.843772 0.857943 0.874741 3800.500000 1.083758 0.899059
0.857471 0.815988 0.780127 0.749014 0.721959 0.698415 0.677940 0.660176 0.644833 0.631674 0.620507 0.611174 0.603550 0.597536 0.593056 0.590053 0.588490 0.588350 0.589630 0.592345 0.596530 0.602235 0.609532 0.618518 0.629310 0.642061 0.656954 0.674217 0.694130 0.717034 0.721413 0.716772 0.713899 0.712759 0.713339 0.715644 0.719705 0.725569 0.733311 0.743030 0.754852 0.768939 0.785490 0.804751 0.827022 0.852674 0.882161 0.916047 0.955032 1.000000 0.999741 0.943241 0.894827 0.853094 0.816961 0.785581 0.758281 0.734525 0.713879 0.695994 0.680582 0.667411 0.656291 0.647069 0.639622 0.633854 0.629693 0.627087 0.626004 0.626431 0.628374 0.631856 0.636919 0.643628 0.652067 0.662347 0.674608 0.689022 0.705803 0.725213 0.747572 0.773276 0.762643 0.747067 0.733847 0.722798 0.713771 0.706648 0.701338 0.697776 0.695918 0.695742 0.697245 0.700445 0.705383 0.712118 0.720736 0.731348 0.744097 0.759160 0.776756 0.797152 0.802707 0.785587 0.771000 0.758740 0.748638 0.740563 0.734411 0.730104 0.727590 0.726839 0.727840 0.730607 0.735173 0.741594 0.749951 0.760351 0.772931 0.787865 0.805366 0.825696 0.849178 0.876208 0.907272 0.942975 0.962123 0.905695 10872.000000 1.258103 0.811329
0.422326 0.426913 0.432655 0.439627 0.447924 0.457664 0.468993 0.482087 0.497165 0.514496 0.534413 0.557332 0.583773 0.614402 0.650076 0.691918 0.741425 0.800640 0.872420 0.904821 0.901854 0.901070 0.902459 0.906039 0.911853 0.919973 0.930500 0.943570 0.959357 0.978077 1.000000 0.942244 0.879464 0.826393 0.781138 0.742278 0.708727 0.679645 0.654369 0.632375 0.613241 0.596626 0.582253 0.569896 0.559373 0.550534 0.543258 0.537450 0.533035 0.529959 0.528936 0.530024 0.532401 0.536097 0.541158 0.547647 0.555648 0.565269 0.576642 0.589932 0.605343 0.623122 0.643573 0.667075 0.694093 0.725214 0.747164 0.731346 0.717878 0.706568 0.697262 0.689839 0.684203 0.680284 0.678034 0.677426 0.678451 0.681123 0.685474 0.691557 0.699450 0.708391 0.717665 0.728965 0.742444 0.758292 0.776743 0.798085 0.822671 0.850935 0.883415 0.920778 0.901355 0.870549 0.843744 0.820459 0.800300 0.782949 0.768146 0.755679 0.745377 0.737104 0.730753 0.726246 0.723527 0.722562 0.723340 0.725870 0.730183 0.736332 0.744394 0.754472 0.766700 0.781243 0.798309 0.784401 0.718608 0.664475 0.619313 0.581211 0.548771 0.520950 0.496953 0.476165 0.458107 0.442395 0.428723 0.418834 3679.000000 1.366866 0.737119
1.000000 0.922331 0.857775 0.803473 0.757354 0.717877 0.683877 0.654458 0.628918 0.606703 0.587371 0.570565 0.555996 0.543429 0.532673 0.523571 0.515997 0.509850 0.505050 0.501536 0.499265 0.498210 0.498357 0.499709 0.502281 0.506105 0.511229 0.517718 0.525656 0.535151 0.546336 0.559374 0.574468 0.591864 0.611867 0.634852 0.661287 0.691758 0.727008 0.767994 0.815959 0.872558 0.940027 0.890069 0.830892 0.780857 0.738184 0.701535 0.669891 0.642459 0.618617 0.597870 0.579821 0.564149 0.550594 0.538943 0.529022 0.520692 0.513839 0.508373 0.504224 0.501339 0.499685 0.499240 0.500000 0.501973 0.505184 0.509671 0.515492 0.522721 0.531455 0.541813 0.553943 0.568029 0.584295 0.603015 0.624528 0.649255 0.677721 0.710588 0.748701 0.793154 0.845383 0.907315 0.981590 0.930853 0.860740 0.802247 0.752896 0.710878 0.674843 0.643760 0.616835 0.593444 0.573093 0.555385 0.540000 0.526679 0.515211 0.505423 0.497176 0.490356 0.484873 0.480656 0.477653 0.475826 0.475153 0.475627 0.477252 0.480049 0.484052 0.489311 0.495893 0.503885 0.513396 0.524561 0.537547 0.552556 0.569840 0.589707 0.612538 0.638809 0.669118 0.704228 0.745121 0.793085 0.849836 0.917716 1309.500000 1.067781 0.603620
0.829022 0.837112 0.847423 0.860090 0.875281 0.873701 0.865328 0.859165 0.855134 0.853186 0.853299 0.855472 0.859733 0.866134 0.874754 0.852430 0.831088 0.812698 0.796982 0.783716 0.772714 0.763832 0.756955 0.751996 0.748893 0.747610 0.748131 0.750461 0.754630 0.760688 0.768711 0.778801 0.791091 0.805747 0.822977 0.843035 0.837880 0.829206 0.822671 0.818194 0.815719 0.815218 0.816684 0.820134 0.825611 0.833182 0.842943 0.855020 0.869572 0.886803 0.906959 0.930346 0.957338 0.988396 0.987707 0.954222 0.925088 0.899784 0.877886 0.859049 0.842992 0.829485 0.818345 0.809425 0.802609 0.797813 0.794978 0.794069 0.795076 0.798009 0.802907 0.809827 0.818858 0.830115 0.843746 0.859939 0.878925 0.900987 0.896161 0.871184 0.849553 0.830923 0.815014 0.801598 0.790489 0.781542 0.774640 0.769697 0.766651 0.765467 0.766129 0.768646 0.773047 0.779388 0.777781 0.772016 0.768172 0.766203 0.766084 0.767816 0.771418 0.776934 0.784433 0.794010 0.805789 0.819927 0.836622 0.856116 0.878708 0.904763 0.934732 0.969168 1.000000 0.967650 0.939520 0.915122 0.894058 0.876005 0.860698 0.847926 0.837515 0.829330 0.823268 0.819253 0.817236 0.817193 0.819123 0.823050 2274.500000 1.049879 0.898154
0.914250 0.892952 0.874683 0.859175 0.846210 0.835614 0.827248 0.821006 0.816811 0.814611 0.814379 0.816113 0.819834 0.825587 0.833443 0.843502 0.855893 0.870783 0.876022 0.853407 0.833890 0.817169 0.803003 0.791193 0.781581 0.774042 0.768480 0.764828 0.763040 0.763093 0.764990 0.768754 0.774429 0.782086 0.791824 0.803767 0.809023 0.795194 0.783686 0.774346 0.767051 0.761710 0.758258 0.756651 0.756870 0.758919 0.762821 0.768625 0.776402 0.786252 0.798303 0.812718 0.829698 0.849493 0.872409 0.898821 0.929191 0.916643 0.900887 0.887765 0.877103 0.868762 0.862637 0.858652 0.856758 0.856932 0.859176 0.863518 0.870011 0.878735 0.889801 0.903354 0.919575 0.938692 0.960985 0.986798 0.970261 0.935753 0.905723 0.879613 0.856973 0.837436 0.820704 0.806531 0.794722 0.785118 0.777594 0.772056 0.768433 0.766683 0.752169 0.738370 0.726787 0.717263 0.709673 0.703920 0.699932 0.697660 0.697077 0.698175 0.700969 0.705491 0.711798 0.719968 0.730108 0.742351 0.756867 0.773863 0.793595 0.816378 0.842153 0.838327 0.836541 0.836774 0.839029 0.843334 0.849740 0.858329 0.869208 0.882519 0.898443 0.917203 0.939073 0.964391 0.993573 1.000000 0.967324 0.938906 6708.000000 1.135637 0.900179
0.926329 0.944939 0.936078 0.904492 0.877011 0.853146 0.832498 0.814743 0.799614 0.786899 0.776423 0.768048 0.761667 0.757201 0.754593 0.753814 0.754853 0.757722 0.762457 0.769117 0.773674 0.774567 0.777337 0.782018 0.788667 0.797367 0.808231 0.821400 0.837056 0.855421 0.876770 0.901438 0.929840 0.962484 1.000000 0.971953 0.945551 0.922711 0.903072 0.886342 0.872284 0.860706 0.851456 0.844415 0.839496 0.836637 0.835805 0.836988 0.840202 0.845485 0.852903 0.862549 0.874546 0.889054 0.873196 0.855502 0.840496 0.827967 0.817747 0.809704 0.803735 0.799765 0.797747 0.797656 0.799491 0.803274 0.809051 0.816895 0.826903 0.839206 0.853970 0.871399 0.891747 0.915326 0.942518 0.969618 0.941801 0.917685 0.896880 0.879068 0.863990 0.851438 0.841243 0.833273 0.827427 0.823633 0.821844 0.822039 0.824220 0.828414 0.834672 0.823296 0.809929 0.798882 0.790011 0.783200 0.778365 0.775446 0.774408 0.775237 0.777944 0.782562 0.789148 0.797784 0.808580 0.821679 0.837260 0.855544 0.876804 0.901374 0.929666 0.962183 0.951494 0.931919 0.915293 0.901385 0.890004 0.881003 0.874268 0.869714 0.867285 0.866953 0.868714 0.872588 0.878622 0.886893 0.897503 0.910590 17696.500000 1.022526 0.897218
0.884545 0.819317 0.764764 0.718646 0.679316 0.645543 0.616383 0.591107 0.569139 0.550023 0.533392 0.518951 0.506460 0.495721 0.486577 0.478896 0.472576 0.467531 0.463698 0.461030 0.459492 0.459067 0.459749 0.461547 0.464482 0.468591 0.473926 0.480554 0.488564 0.498065 0.509195 0.522120 0.537045 0.554224 0.573966 0.596657 0.622778 0.652936 0.687905 0.728687 0.776597 0.833400 0.901512 0.984330 0.993075 0.918681 0.856576 0.804151 0.759497 0.721187 0.688134 0.659498 0.634618 0.612969 0.594133 0.577771 0.563607 0.551417 0.541019 0.532265 0.525034 0.519232 0.514782 0.511631 0.509738 0.509081 0.509652 0.511458 0.514520 0.518877 0.524583 0.531711 0.540355 0.550634 0.562692 0.576712 0.592912 0.611565 0.633004 0.657643 0.685997 0.718715 0.756625 0.800794 0.852620 0.913974 0.860331 0.807965 0.763341 0.725044 0.691993 0.663353 0.638466 0.616811 0.597970 0.581606 0.567444 0.555261 0.544876 0.536139 0.528933 0.523161 0.518750 0.515645 0.513807 0.513214 0.513860 0.515750 0.518910 0.523377 0.529207 0.536476 0.545280 0.555738 0.568000 0.582250 0.598713 0.617665 0.639447 0.664481 0.693294 0.726547 0.765088 0.810007 0.862737 0.925196 1.000000 0.963580 1601.000000 1.161086 0.599512
0.813105 0.776297 0.727034 0.685202 0.649401 0.618572 0.591899 0.568744 0.548605 0.531079 0.515842 0.502632 0.491236 0.481479 0.473220 0.466345 0.460760 0.456394 0.453191 0.451113 0.450132 0.450239 0.451433 0.453729 0.457156 0.461756 0.467587 0.474726 0.483269 0.493334 0.505071 0.517818 0.531904 0.548135 0.566797 0.588241 0.612907 0.641344 0.674251 0.712528 0.757346 0.810264 0.873395 0.949676 1.000000 0.946442 0.900388 0.860585 0.826059 0.796039 0.769914 0.747193 0.727477 0.710442 0.695824 0.683409 0.673022 0.664523 0.657801 0.652771 0.649369 0.647554 0.647305 0.641218 0.619470 0.600549 0.584114 0.569891 0.557656 0.547226 0.538453 0.531215 0.525419 0.520990 0.517871 0.516026 0.515431 0.516079 0.517978 0.514562 0.510531 0.507775 0.506263 0.505974 0.506907 0.509071 0.512494 0.517218 0.523303 0.530826 0.539888 0.550614 0.563160 0.577715 0.594512 0.613838 0.636047 0.661577 0.690976 0.724937 0.764346 0.810350 0.864463 0.842958 0.814243 0.789258 0.767555 0.748770 0.732604 0.718817 0.707212 0.697629 0.689943 0.684054 0.679888 0.677395 0.676545 0.677326 0.679748 0.683841 0.689656 0.697264 0.706763 0.718279 0.731970 0.748029 0.766697 0.788269 1332.500000 1.396193 0.733591
0.601763 0.600849 0.601384 0.603375 0.606846 0.611840 0.618419 0.626667 0.636692 0.648632 0.662654 0.678969 0.697830 0.719552 0.744522 0.773216 0.806231 0.844316 0.888423 0.939782 1.000000 0.927415 0.826771 0.747457 0.683531 0.631079 0.587417 0.550647 0.519386 0.492607 0.469530 0.449552 0.432204 0.423815 0.426980 0.431240 0.436648 0.443274 0.451209 0.460563 0.471472 0.484106 0.498669 0.515417 0.534661 0.556791 0.582295 0.611793 0.646079 0.686187 0.733488 0.789836 0.857802 0.826020 0.797205 0.772130 0.750337 0.731455 0.715179 0.701265 0.689512 0.679756 0.671869 0.665748 0.661317 0.658520 0.657323 0.657713 0.659693 0.663287 0.668541 0.675519 0.677974 0.666316 0.656607 0.648717 0.642544 0.638010 0.635059 0.633654 0.633779 0.635435 0.638643 0.643441 0.649889 0.658069 0.668088 0.680080 0.694213 0.710695 0.729780 0.751778 0.741849 0.721912 0.704672 0.689859 0.677254 0.666679 0.657990 0.651073 0.645839 0.642223 0.640182 0.639690 0.640740 0.643347 0.647542 0.653375 0.660922 0.670278 0.681569 0.676830 0.661782 0.648917 0.638051 0.629034 0.621744 0.616089 0.611997 0.609417 0.608319 0.608688 0.610529 0.613865 0.618736 0.613402 0.608002 0.604138 1864.500000 1.082902 0.715455
0.850439 0.843435 0.812698 0.785950 0.762686 0.742496 0.725049 0.710075 0.697353 0.686704 0.677983 0.671079 0.665901 0.662386 0.660491 0.660192 0.661487 0.664391 0.668938 0.675187 0.683214 0.693125 0.705050 0.719157 0.735647 0.754773 0.776841 0.802230 0.831404 0.864943 0.903570 0.948199 1.000000 0.950915 0.901309 0.858588 0.821623 0.789534 0.761622 0.737333 0.716216 0.697911 0.682119 0.668602 0.657163 0.647642 0.639913 0.633875 0.629452 0.626590 0.625253 0.625425 0.627109 0.630324 0.635110 0.641527 0.649656 0.659603 0.671502 0.685520 0.701863 0.720783 0.742590 0.767664 0.796477 0.829614 0.867809 0.910328 0.872462 0.839562 0.810935 0.786028 0.764392 0.745663 0.729546 0.715798 0.704224 0.694666 0.686996 0.681117 0.676954 0.674457 0.673595 0.674358 0.676755 0.680815 0.686588 0.694146 0.703586 0.715033 0.728643 0.744610 0.763172 0.784622 0.809318 0.837703 0.870325 0.907866 0.938048 0.894788 0.857316 0.824764 0.796441 0.771797 0.750386 0.731846 0.715883 0.702258 0.690774 0.681275 0.673634 0.667754 0.663560 0.661001 0.660046 0.660682 0.662919 0.666782 0.672320 0.679602 0.688721 0.699796 0.712979 0.728457 0.746460 0.767271 0.791236 0.818783 1925.000000 1.109190 0.779025
