45
1000 1000
5 0 26 30 27 52 46 39 65 8 65
3 17 8 65 44 16 83
4 56 51 81 37 114 57 84 90
3 73 -7 138 40 85 71
7 -14 13 19 -6 50 1 60 21 44 51 19 56 -11 33
3 37 77 161 124 44 194
8 5 1 19 -4 27 0 42 10 27 21 17 24 10 22 -7 14
3 16 25 57 49 17 63
8 54 29 65 19 82 29 91 44 82 57 69 57 57 55 47 45
4 -3 21 22 11 47 27 20 52
6 -7 25 3 18 18 16 33 27 19 44 2 44
5 46 39 83 39 110 69 81 95 53 90
4 354 219 430 268 365 345 252 281
6 10 36 27 1 59 18 87 38 69 83 42 53
4 68 18 148 86 56 121 16 88
5 32 11 75 -3 151 57 73 79 31 82
5 23 29 39 20 46 38 42 59 19 48
8 24 52 68 36 107 61 84 104 99 139 66 158 37 124 11 100
3 16 1 45 22 10 37
3 44 27 134 77 43 132
5 28 45 70 31 97 60 64 94 28 89
6 51 31 101 30 117 73 96 105 55 108 23 76
6 16 31 23 -4 67 6 79 29 66 69 30 70
5 121 30 175 12 191 60 178 121 118 94
7 33 43 46 40 63 35 70 52 64 70 44 68 27 63
6 22 109 73 115 122 144 74 203 25 204 -21 169
8 -4 -3 33 -18 60 3 62 32 57 54 26 80 -10 54 -15 33
5 25 11 63 4 85 23 62 45 31 40
7 -4 11 1 -12 23 4 33 16 22 32 10 37 -12 29
3 31 -39 207 84 63 149
5 -4 17 25 12 46 30 27 51 -16 52
6 8 0 23 6 28 19 25 33 6 34 0 19
7 9 29 27 28 54 15 60 47 52 68 29 70 16 47
6 99 135 135 104 168 110 220 126 180 168 124 180
5 444 319 530 249 582 378 514 458 437 412
8 31 66 89 32 138 111 162 131 154 193 87 197 18 198 -11 163
4 37 56 52 39 68 56 52 83
5 127 202 183 201 223 254 187 299 122 265
4 -1 37 23 8 53 38 24 66
8 47 42 65 20 70 43 94 49 72 68 56 94 45 68 36 56
5 127 57 173 37 207 92 175 122 116 110
5 13 48 64 40 122 70 77 140 19 117
6 11 18 27 20 41 31 33 56 5 55 -11 38
4 123 93 211 181 146 257 26 194
8 10 24 36 2 76 39 95 67 69 98 44 98 4 105 11 75
