0.483431 0.488630 0.495148 0.503071 0.512506 0.523588 0.532610 0.539797 0.548519 0.558897 0.571077 0.585241 0.601612 0.620463 0.642130 0.667031 0.695684 0.728744 0.767043 0.811654 0.863985 0.925913 1.000000 0.963107 0.907459 0.859848 0.818859 0.783401 0.752624 0.725857 0.702563 0.682309 0.664748 0.649593 0.636614 0.625620 0.616460 0.609010 0.603174 0.598878 0.596068 0.594711 0.594789 0.596304 0.599274 0.603736 0.609745 0.612948 0.599956 0.588893 0.579602 0.571956 0.565854 0.561219 0.557993 0.556135 0.555624 0.556453 0.558633 0.562189 0.567167 0.573627 0.581653 0.591352 0.602857 0.616333 0.631983 0.650055 0.670854 0.694757 0.722231 0.753859 0.786207 0.758542 0.734467 0.713539 0.695400 0.679757 0.666372 0.655052 0.645640 0.638009 0.632062 0.627723 0.624938 0.623673 0.623914 0.625663 0.628941 0.633789 0.640266 0.648455 0.658463 0.670426 0.684511 0.700925 0.719923 0.741816 0.766988 0.795913 0.829181 0.867533 0.911908 0.933343 0.862726 0.803843 0.754185 0.711921 0.675684 0.644435 0.617369 0.593859 0.573404 0.555605 0.540140 0.526748 0.515214 0.505366 0.497063 0.490190 0.484656 0.480389 0.477338 0.475463 0.474742 0.475166 0.476740 0.479484 840.500000 1.293027 0.724612
0.847031 0.890430 0.940905 1.000000 0.978037 0.933916 0.895669 0.862427 0.833500 0.808335 0.786485 0.767585 0.751339 0.737507 0.725892 0.716336 0.708714 0.702928 0.698906 0.696598 0.695976 0.697033 0.699782 0.704256 0.710510 0.718623 0.728699 0.740872 0.755309 0.772217 0.791851 0.814523 0.840616 0.870603 0.905070 0.894007 0.856671 0.824234 0.796012 0.771456 0.750122 0.731651 0.715752 0.702184 0.690754 0.681305 0.673713 0.667879 0.663730 0.661216 0.660306 0.660988 0.663271 0.667183 0.672772 0.680107 0.689283 0.700420 0.713671 0.729223 0.747309 0.768213 0.792283 0.819949 0.851744 0.888330 0.872987 0.845378 0.821379 0.800581 0.782649 0.767311 0.754345 0.743571 0.734846 0.728057 0.723118 0.719969 0.718570 0.718906 0.720980 0.724817 0.730464 0.737991 0.747495 0.759099 0.772961 0.789276 0.808283 0.830278 0.855622 0.884761 0.918244 0.956757 0.978019 0.922174 0.874355 0.833159 0.797504 0.766548 0.739619 0.716186 0.695816 0.678162 0.662939 0.649915 0.638903 0.629750 0.622334 0.616558 0.612350 0.609658 0.608449 0.608708 0.610438 0.613661 0.618416 0.624762 0.632780 0.642575 0.654278 0.668055 0.684108 0.702687 0.724095 0.748710 0.776994 0.809526 1404.500000 1.127392 0.775261
0.570757 0.573700 0.578073 0.583932 0.591349 0.600422 0.611274 0.624056 0.638956 0.656205 0.676084 0.698943 0.725209 0.755418 0.790239 0.810443 0.793710 0.779494 0.767595 0.757852 0.750138 0.744354 0.740429 0.738315 0.737985 0.739437 0.742686 0.747774 0.754763 0.763741 0.774824 0.788161 0.803935 0.822375 0.843761 0.868438 0.896826 0.929449 0.918968 0.852877 0.797446 0.750478 0.710351 0.675843 0.646017 0.620143 0.597646 0.578068 0.561040 0.546266 0.533502 0.522550 0.521980 0.526689 0.532778 0.540328 0.549436 0.560230 0.572865 0.587530 0.604461 0.623944 0.646333 0.672069 0.701699 0.702380 0.701793 0.702899 0.705711 0.710264 0.716613 0.724839 0.735047 0.747373 0.761987 0.779098 0.798964 0.821901 0.848299 0.878635 0.913504 0.953647 1.000000 0.935516 0.871039 0.816716 0.770519 0.730935 0.696816 0.667276 0.641622 0.619304 0.599883 0.583005 0.568382 0.555781 0.545011 0.548935 0.555242 0.563068 0.572517 0.583719 0.596835 0.612062 0.629642 0.649875 0.673126 0.699852 0.730620 0.766149 0.807354 0.855421 0.911910 0.978912 0.954236 0.889427 0.834745 0.788186 0.748253 0.713808 0.683971 0.658049 0.635495 0.615871 0.598822 0.584060 0.571352 0.569208 2887.500000 1.041027 0.676898
0.786526 0.807305 0.831268 0.858830 0.846265 0.820357 0.797853 0.778376 0.761618 0.747329 0.735306 0.725382 0.717429 0.711343 0.707048 0.704492 0.703644 0.704492 0.707048 0.711343 0.717429 0.725382 0.735306 0.729136 0.714622 0.702333 0.692099 0.683783 0.677276 0.672497 0.669387 0.667906 0.668038 0.669784 0.673165 0.678222 0.685019 0.693641 0.704201 0.716841 0.731739 0.733206 0.731102 0.730766 0.732193 0.735400 0.740428 0.747337 0.756215 0.767178 0.780370 0.795976 0.814219 0.835379 0.859794 0.887882 0.920160 0.957265 1.000000 0.966124 0.915151 0.871281 0.833340 0.800414 0.771779 0.746859 0.725191 0.706398 0.690176 0.676274 0.664491 0.654661 0.646653 0.640363 0.635711 0.632638 0.631109 0.631103 0.632622 0.635683 0.640323 0.646602 0.654409 0.648583 0.644399 0.641804 0.640767 0.641277 0.643338 0.646976 0.652236 0.659183 0.667906 0.678520 0.691168 0.706030 0.723326 0.743327 0.766363 0.792845 0.823276 0.858287 0.898669 0.945428 0.931216 0.894237 0.862081 0.834097 0.809762 0.788653 0.770425 0.754799 0.741544 0.730476 0.721447 0.714337 0.709058 0.705544 0.703751 0.703659 0.705265 0.708589 0.713673 0.720578 0.729393 0.740231 0.753238 0.768595 5424.000000 1.112286 0.833186
0.867455 0.849717 0.834659 0.822073 0.811786 0.803666 0.797610 0.793541 0.791411 0.791193 0.792884 0.796506 0.802103 0.809743 0.819523 0.831571 0.846046 0.863151 0.883133 0.906297 0.888155 0.852380 0.821278 0.794211 0.770669 0.750238 0.732582 0.717426 0.704547 0.693764 0.684932 0.677934 0.672683 0.669910 0.672341 0.676425 0.682212 0.689775 0.699211 0.710645 0.724232 0.740167 0.758688 0.780088 0.804724 0.833039 0.865581 0.903033 0.946255 0.996343 1.000000 0.962404 0.929692 0.901230 0.876507 0.855110 0.836700 0.821003 0.807794 0.796892 0.788155 0.781469 0.776751 0.773943 0.773010 0.773943 0.776751 0.781469 0.788155 0.795767 0.796744 0.799653 0.804529 0.811431 0.820446 0.831690 0.845311 0.861495 0.880474 0.902532 0.928015 0.957354 0.991073 0.955932 0.894343 0.842116 0.797468 0.759052 0.725835 0.697012 0.671948 0.650136 0.631168 0.614715 0.603341 0.607343 0.612886 0.620037 0.628891 0.639564 0.652205 0.666994 0.684156 0.703965 0.726758 0.752951 0.783060 0.817730 0.857773 0.904231 0.958451 0.972530 0.945663 0.922403 0.902382 0.885299 0.870909 0.859017 0.849463 0.842127 0.836914 0.833763 0.832633 0.833511 0.836409 0.841361 0.848427 0.857698 1466.500000 1.015320 0.790698
0.823644 0.857299 0.896072 0.940893 0.970051 0.923766 0.883730 0.848980 0.818757 0.792456 0.769588 0.749758 0.732645 0.717988 0.705571 0.695223 0.686805 0.680208 0.675347 0.672163 0.670617 0.670691 0.672384 0.675718 0.680733 0.687492 0.696080 0.706609 0.719221 0.734092 0.751439 0.771530 0.794691 0.821326 0.851932 0.849618 0.824252 0.802233 0.783197 0.766848 0.752945 0.741291 0.731728 0.724131 0.718403 0.714473 0.712292 0.711834 0.713094 0.716086 0.720847 0.727436 0.735936 0.746456 0.759137 0.774154 0.791722 0.812109 0.835639 0.862713 0.893827 0.929591 0.941241 0.894685 0.854479 0.819620 0.789322 0.762956 0.740020 0.720106 0.702886 0.688088 0.675495 0.664927 0.656242 0.649324 0.644087 0.640463 0.638410 0.637902 0.638932 0.641514 0.645679 0.651477 0.658983 0.668292 0.679529 0.692848 0.708440 0.726541 0.747438 0.771487 0.799125 0.830891 0.867465 0.909699 0.958683 1.000000 0.946942 0.901293 0.861823 0.827575 0.797794 0.771876 0.749338 0.729787 0.712904 0.698429 0.686151 0.675896 0.667528 0.660938 0.656041 0.652778 0.651107 0.651010 0.652484 0.655548 0.660239 0.666614 0.674756 0.684769 0.696787 0.710979 0.727549 0.746753 0.768900 0.794373 3050.500000 1.035824 0.774069
0.777569 0.794337 0.813848 0.836407 0.862389 0.892256 0.926578 0.966067 0.956596 0.910567 0.870765 0.836228 0.806194 0.780056 0.757328 0.737613 0.720590 0.705998 0.693623 0.683292 0.674866 0.668235 0.663316 0.671542 0.681877 0.694234 0.708787 0.725748 0.745381 0.768007 0.794022 0.823916 0.858298 0.897931 0.943786 0.997108 1.000000 0.954999 0.915985 0.882075 0.852567 0.826897 0.804609 0.785334 0.768769 0.754669 0.742834 0.733104 0.725349 0.719473 0.714443 0.710737 0.708767 0.708510 0.709963 0.713144 0.718091 0.724865 0.733553 0.744266 0.757148 0.772377 0.790174 0.810810 0.834617 0.862004 0.893475 0.929655 0.907965 0.878457 0.852797 0.830537 0.811315 0.794834 0.780853 0.769176 0.759646 0.752139 0.746561 0.742840 0.740933 0.740816 0.742487 0.745967 0.751298 0.758546 0.767803 0.779190 0.792858 0.808997 0.827844 0.849685 0.870167 0.853791 0.840006 0.828624 0.819495 0.812500 0.807552 0.804591 0.803581 0.804509 0.807386 0.812248 0.819154 0.828190 0.839474 0.853152 0.869413 0.843782 0.820244 0.799858 0.782300 0.767305 0.754659 0.744185 0.735747 0.729235 0.724568 0.721688 0.720559 0.721169 0.723524 0.727653 0.733607 0.741460 0.751313 0.763295 19292.500000 1.105958 0.811695
0.636033 0.597444 0.564552 0.536317 0.511946 0.490825 0.472471 0.456500 0.442605 0.430537 0.420095 0.411115 0.403462 0.397028 0.391725 0.387482 0.384247 0.381977 0.380646 0.380237 0.380745 0.382177 0.384549 0.387891 0.392245 0.397666 0.404227 0.412018 0.421149 0.431758 0.444012 0.458118 0.474330 0.492963 0.514409 0.539164 0.567860 0.601312 0.640591 0.687132 0.742895 0.810634 0.894336 1.000000 0.986908 0.889423 0.811243 0.747352 0.694341 0.649814 0.612039 0.579734 0.551932 0.527888 0.507022 0.488875 0.473083 0.459352 0.447442 0.437161 0.428351 0.420882 0.414651 0.409575 0.405586 0.402636 0.400686 0.399713 0.399705 0.400663 0.402597 0.405532 0.409504 0.414563 0.420775 0.428223 0.437012 0.447269 0.459151 0.472853 0.488610 0.506717 0.527537 0.551528 0.579266 0.611493 0.649173 0.693582 0.746444 0.781055 0.741945 0.708189 0.678935 0.653514 0.631395 0.612150 0.595435 0.580972 0.568532 0.557929 0.549013 0.541662 0.535778 0.531287 0.528133 0.526276 0.525695 0.526381 0.528343 0.531606 0.536209 0.542210 0.549686 0.558737 0.569485 0.582084 0.596724 0.613635 0.633103 0.655477 0.681192 0.710789 0.744950 0.784547 0.830703 0.802642 0.736360 0.681708 1771.500000 1.457939 0.574363
0.832663 0.845381 0.860599 0.878530 0.878539 0.864600 0.853118 0.843945 0.836961 0.832080 0.829242 0.828412 0.829580 0.832761 0.837992 0.845339 0.854894 0.866779 0.881152 0.898211 0.876573 0.824325 0.779728 0.741404 0.708296 0.679586 0.654629 0.632910 0.614018 0.597620 0.583443 0.571268 0.560914 0.561397 0.572259 0.584987 0.599772 0.616848 0.636504 0.659093 0.685056 0.714941 0.749440 0.789436 0.836069 0.852979 0.840778 0.830893 0.823199 0.817597 0.814019 0.812421 0.812783 0.815110 0.819430 0.825797 0.834288 0.845013 0.858111 0.873760 0.892180 0.913641 0.938477 0.967096 1.000000 0.984094 0.945417 0.911778 0.882504 0.857052 0.834982 0.815937 0.799624 0.785807 0.774293 0.757181 0.741453 0.728083 0.716883 0.707702 0.700419 0.694942 0.691201 0.689152 0.688770 0.690049 0.693006 0.697677 0.704118 0.712412 0.722665 0.735014 0.749630 0.766724 0.776497 0.763306 0.752338 0.743446 0.736516 0.731460 0.728215 0.726741 0.727022 0.729060 0.732880 0.738528 0.746076 0.755619 0.767281 0.781220 0.797633 0.816760 0.838897 0.864408 0.874699 0.857332 0.842632 0.830394 0.820455 0.812685 0.806988 0.803291 0.801550 0.801744 0.803875 0.807969 0.814077 0.822273 5677.000000 1.161694 0.841974
0.943185 1.000000 0.942342 0.881586 0.830069 0.786029 0.748139 0.715377 0.686950 0.662231 0.640718 0.622011 0.605783 0.591769 0.579755 0.569563 0.561052 0.554106 0.545455 0.537470 0.530977 0.525890 0.522145 0.519697 0.518515 0.518584 0.519907 0.522498 0.526389 0.531629 0.538285 0.546442 0.556211 0.567728 0.581162 0.596720 0.614654 0.635279 0.658977 0.686230 0.717638 0.753962 0.768834 0.752519 0.738623 0.726952 0.717344 0.709675 0.703845 0.699783 0.697438 0.696781 0.697806 0.700523 0.704967 0.711191 0.719275 0.729322 0.741465 0.755871 0.772746 0.792344 0.814977 0.820958 0.791534 0.765928 0.743662 0.724350 0.707677 0.693388 0.681272 0.671162 0.662922 0.656443 0.651645 0.648467 0.646870 0.646836 0.648364 0.651473 0.656199 0.662603 0.670765 0.680791 0.692815 0.707006 0.704550 0.682081 0.662547 0.645613 0.631005 0.618500 0.607918 0.599111 0.591961 0.586376 0.582284 0.579637 0.578400 0.578559 0.580116 0.583091 0.587518 0.593454 0.600974 0.610176 0.621183 0.634151 0.629671 0.626285 0.624431 0.624087 0.625250 0.627932 0.632166 0.638006 0.645524 0.654818 0.666011 0.679258 0.694751 0.712724 0.733466 0.757330 0.784753 0.816278 0.852581 0.894519 894.500000 1.277257 0.803626
0.864260 0.869666 0.840664 0.815435 0.793532 0.774593 0.758320 0.744474 0.732858 0.723315 0.715720 0.709975 0.706008 0.703772 0.703239 0.704402 0.707275 0.711895 0.718317 0.726622 0.736408 0.733915 0.733200 0.734253 0.737087 0.741737 0.748260 0.756738 0.767280 0.780026 0.795150 0.812870 0.833450 0.857219 0.884577 0.916018 0.952154 0.932124 0.912373 0.895554 0.881429 0.869806 0.860532 0.853487 0.848585 0.845764 0.844992 0.846257 0.849576 0.854989 0.862562 0.872392 0.884604 0.899360 0.881542 0.843692 0.810831 0.782248 0.757374 0.735751 0.717008 0.700842 0.687008 0.675305 0.665570 0.657674 0.651514 0.647013 0.644115 0.642784 0.643005 0.644779 0.648129 0.653096 0.659741 0.668149 0.678429 0.689420 0.701535 0.715838 0.732538 0.751890 0.774209 0.799879 0.829376 0.863291 0.902365 0.947534 1.000000 0.964964 0.933264 0.905693 0.881767 0.861094 0.843354 0.828284 0.815675 0.805354 0.797188 0.791073 0.786932 0.784714 0.784394 0.785966 0.789451 0.794890 0.802351 0.811927 0.823744 0.837958 0.839180 0.822595 0.808564 0.796891 0.787421 0.780029 0.774624 0.771139 0.769530 0.769779 0.771887 0.775882 0.781812 0.789750 0.799797 0.812085 0.826780 0.844087 7537.500000 1.117406 0.864011
0.811756 0.824892 0.840518 0.858858 0.880183 0.904829 0.933208 0.965827 0.949592 0.935199 0.923427 0.914122 0.907167 0.902475 0.899988 0.899676 0.901535 0.905588 0.896494 0.881012 0.868113 0.857622 0.849403 0.843353 0.839396 0.837485 0.837595 0.839729 0.843911 0.850194 0.858656 0.857242 0.843590 0.832341 0.823344 0.816487 0.811681 0.808869 0.808017 0.809113 0.812172 0.817230 0.822112 0.808111 0.796465 0.787019 0.779651 0.774268 0.770803 0.769213 0.769480 0.771606 0.775618 0.781565 0.789520 0.799585 0.811891 0.826604 0.843931 0.864126 0.887502 0.914442 0.945418 0.981012 1.000000 0.967920 0.940029 0.915845 0.894976 0.877103 0.861965 0.849353 0.839097 0.831063 0.825151 0.821287 0.814492 0.807583 0.802707 0.799805 0.798842 0.799805 0.802707 0.807583 0.814492 0.823522 0.834787 0.848438 0.864660 0.883685 0.905797 0.931346 0.960759 0.968847 0.937755 0.910722 0.887281 0.867054 0.849729 0.835055 0.822829 0.812885 0.805095 0.799360 0.795610 0.793798 0.793903 0.795925 0.799890 0.805845 0.813865 0.824051 0.836537 0.851489 0.842657 0.826705 0.813268 0.802162 0.793241 0.786390 0.781523 0.778580 0.777524 0.778345 0.781051 0.785675 0.792274 0.800930 1128.000000 1.190319 0.904842
0.763034 0.756215 0.751310 0.748260 0.747026 0.747595 0.749972 0.754188 0.760293 0.768364 0.778504 0.790846 0.805557 0.822846 0.842968 0.866238 0.893043 0.923855 0.959264 1.000000 0.952774 0.907981 0.869211 0.835547 0.806264 0.780780 0.758630 0.739434 0.722884 0.708729 0.696764 0.686823 0.678774 0.672513 0.657587 0.643412 0.631325 0.621152 0.612754 0.606021 0.600867 0.597225 0.595053 0.594323 0.595026 0.597171 0.600785 0.605911 0.612614 0.620979 0.631118 0.643168 0.657302 0.673730 0.692713 0.714567 0.739685 0.760960 0.758192 0.757261 0.758158 0.760891 0.765495 0.772027 0.780567 0.791226 0.804144 0.819498 0.837507 0.858439 0.882626 0.910472 0.942476 0.979258 0.989552 0.949728 0.915106 0.884976 0.858769 0.836026 0.816373 0.799504 0.785172 0.773174 0.763349 0.755567 0.749731 0.745767 0.743627 0.743284 0.744735 0.747997 0.732273 0.711946 0.694345 0.679190 0.666253 0.655350 0.646329 0.639072 0.633485 0.629498 0.627063 0.626149 0.626745 0.628859 0.632516 0.637162 0.639206 0.642818 0.648040 0.654939 0.663602 0.674143 0.686705 0.701466 0.718646 0.738511 0.761393 0.787696 0.817923 0.852698 0.851160 0.829917 0.811616 0.795982 0.782788 0.771854 871.500000 1.187941 0.840608
0.965766 0.941813 0.921186 0.903572 0.888721 0.876427 0.866528 0.858896 0.853435 0.850078 0.848784 0.849538 0.852348 0.857249 0.864301 0.873591 0.885240 0.899399 0.897132 0.883672 0.872680 0.864015 0.857565 0.853251 0.851021 0.850846 0.852726 0.856682 0.856668 0.825522 0.798416 0.774842 0.754385 0.736710 0.721542 0.708659 0.697880 0.689059 0.682081 0.676857 0.673322 0.671433 0.671167 0.672521 0.675511 0.680173 0.686566 0.694770 0.704891 0.717064 0.731458 0.737862 0.745984 0.756129 0.768430 0.783056 0.800215 0.820163 0.843214 0.869753 0.900258 0.935315 0.975658 1.000000 0.973035 0.949714 0.929672 0.912611 0.898290 0.886515 0.877130 0.870015 0.865083 0.862271 0.861547 0.862901 0.866349 0.871934 0.879725 0.889819 0.902347 0.917474 0.935409 0.916039 0.882892 0.854045 0.828957 0.807191 0.788389 0.772261 0.758570 0.747125 0.737771 0.730387 0.724877 0.721175 0.719234 0.719031 0.720563 0.718205 0.716947 0.717419 0.719626 0.723595 0.729376 0.737039 0.746683 0.758434 0.772451 0.778884 0.770767 0.764641 0.760429 0.758079 0.757563 0.758875 0.762030 0.767067 0.774049 0.783062 0.794224 0.807683 0.823624 0.842277 0.863923 0.888910 0.917662 0.950702 5236.500000 1.122809 0.891456
0.633908 0.629912 0.627468 0.626546 0.627136 0.629244 0.632896 0.638137 0.645032 0.653671 0.664165 0.666616 0.666613 0.668221 0.671458 0.676364 0.683000 0.691449 0.701822 0.714258 0.728930 0.746052 0.765888 0.788760 0.815063 0.845289 0.880044 0.915149 0.906565 0.900288 0.896243 0.894378 0.894672 0.897129 0.901777 0.908674 0.917906 0.929589 0.943878 0.960963 0.981086 0.929618 0.885303 0.846968 0.813694 0.784755 0.759570 0.737674 0.718687 0.702303 0.688270 0.676385 0.666481 0.658427 0.652117 0.647472 0.644434 0.638845 0.629185 0.621288 0.615050 0.610392 0.607256 0.605603 0.605414 0.606686 0.609434 0.613693 0.619515 0.626973 0.636164 0.647211 0.660268 0.675522 0.693208 0.713610 0.737080 0.764048 0.795053 0.830767 0.872040 0.919960 0.975941 1.000000 0.957491 0.920576 0.888463 0.860518 0.836230 0.815185 0.797047 0.781540 0.768441 0.757569 0.748779 0.741958 0.737019 0.733902 0.732568 0.733002 0.735209 0.739215 0.745070 0.752846 0.762644 0.774590 0.788847 0.805616 0.825144 0.847736 0.873764 0.903687 0.938072 0.977625 0.938551 0.890869 0.849746 0.814126 0.783184 0.756263 0.732837 0.712484 0.694860 0.679685 0.666730 0.655810 0.646776 0.639506 5208.500000 1.224071 0.802780
0.854099 0.798978 0.752243 0.712294 0.677925 0.648210 0.622427 0.600006 0.580495 0.563527 0.548808 0.536097 0.525198 0.515951 0.508227 0.501923 0.496956 0.493262 0.490797 0.489530 0.489446 0.490543 0.492835 0.496349 0.501131 0.507239 0.514753 0.523774 0.534427 0.546868 0.561285 0.577914 0.597040 0.588538 0.574830 0.563072 0.553091 0.544747 0.537928 0.532544 0.528528 0.525829 0.524415 0.524267 0.525385 0.527783 0.531488 0.536547 0.543025 0.551004 0.560593 0.571922 0.585159 0.600503 0.618203 0.638563 0.661959 0.688857 0.719842 0.755651 0.797231 0.845809 0.903008 0.971014 1.000000 0.912293 0.840592 0.781085 0.731091 0.688671 0.652389 0.621160 0.594151 0.570710 0.550324 0.532583 0.517157 0.503779 0.492231 0.482337 0.473953 0.466960 0.461266 0.456796 0.453494 0.451319 0.450245 0.450257 0.451357 0.453558 0.456886 0.461383 0.467106 0.474129 0.482547 0.492478 0.504065 0.517488 0.532964 0.550761 0.571213 0.586567 0.578842 0.572679 0.568001 0.564747 0.562879 0.562374 0.563225 0.565443 0.569055 0.574106 0.580658 0.588796 0.598629 0.610290 0.623948 0.639808 0.658122 0.679199 0.703423 0.731264 0.763315 0.800322 0.843233 0.893282 0.952084 0.919769 13007.000000 1.739149 0.680319
0.705099 0.724456 0.727523 0.708379 0.691841 0.677652 0.665605 0.655531 0.647293 0.640784 0.635922 0.632645 0.630914 0.630708 0.632024 0.634878 0.639306 0.645361 0.653120 0.662684 0.674181 0.687770 0.703647 0.722056 0.743293 0.767722 0.795794 0.828068 0.865242 0.908202 0.948104 0.900099 0.858689 0.822817 0.791653 0.764538 0.740945 0.720448 0.702701 0.687425 0.674388 0.663405 0.654326 0.647029 0.641421 0.637432 0.635013 0.634134 0.634784 0.636972 0.640724 0.646086 0.653126 0.661932 0.672622 0.685341 0.700270 0.717631 0.737697 0.760803 0.787362 0.817884 0.853005 0.865390 0.821885 0.784344 0.751815 0.723550 0.698956 0.677558 0.658971 0.642884 0.629044 0.617242 0.607311 0.599115 0.592546 0.587520 0.583973 0.581861 0.581161 0.581861 0.583973 0.587520 0.592546 0.599115 0.607311 0.617242 0.629044 0.642884 0.658971 0.677558 0.698956 0.723550 0.751815 0.784344 0.821885 0.865390 0.916089 0.975594 1.000000 0.943407 0.894916 0.853121 0.816937 0.785512 0.758174 0.734385 0.713710 0.695798 0.680362 0.667168 0.656026 0.646784 0.639316 0.633528 0.629347 0.626720 0.625616 0.626021 0.627941 0.631398 0.636435 0.643115 0.651523 0.661768 0.673992 0.688364 874.000000 1.204023 0.756579
0.521965 0.555563 0.595316 0.642864 0.700501 0.771533 0.860904 0.862372 0.804750 0.756053 0.714537 0.678894 0.648124 0.621455 0.598279 0.578111 0.560566 0.545329 0.532146 0.520811 0.511154 0.503039 0.496355 0.491013 0.486946 0.484102 0.482446 0.481959 0.482635 0.484481 0.487520 0.491790 0.497344 0.504254 0.512611 0.522529 0.534152 0.547652 0.563244 0.581191 0.601818 0.625525 0.652813 0.662886 0.624505 0.591672 0.563410 0.538963 0.517745 0.499291 0.483232 0.469269 0.457161 0.446711 0.437759 0.430174 0.423852 0.418707 0.414672 0.411697 0.409744 0.408790 0.408823 0.409843 0.411863 0.414908 0.419015 0.424236 0.430640 0.438312 0.447359 0.457915 0.470140 0.484235 0.500444 0.519069 0.540487 0.565168 0.593710 0.626879 0.665672 0.711409 0.765877 0.831546 0.911936 1.000000 0.878886 0.785628 0.711813 0.652114 0.602994 0.562014 0.527440 0.498003 0.472757 0.450982 0.432119 0.415732 0.401474 0.389068 0.378290 0.368958 0.360924 0.354067 0.348289 0.343511 0.339669 0.336715 0.334610 0.333330 0.332859 0.333190 0.334328 0.336287 0.339091 0.342775 0.347385 0.352984 0.359646 0.367467 0.376563 0.387077 0.399184 0.413100 0.429093 0.447495 0.468727 0.493321 7000.000000 1.582045 0.558785
0.464872 0.458857 0.454077 0.450469 0.456737 0.464523 0.473740 0.484520 0.497029 0.511464 0.528074 0.547161 0.569102 0.594368 0.623554 0.657420 0.696950 0.743445 0.730138 0.716777 0.705565 0.696350 0.689011 0.683455 0.679611 0.677434 0.676896 0.677990 0.680731 0.685152 0.691306 0.691392 0.692983 0.696262 0.701269 0.708067 0.716742 0.727407 0.740203 0.755310 0.772948 0.793386 0.816956 0.844064 0.875215 0.911031 0.952296 1.000000 0.936014 0.851063 0.781977 0.724879 0.677073 0.636621 0.602099 0.572436 0.546815 0.524598 0.505286 0.488480 0.473861 0.461171 0.450198 0.445941 0.444116 0.443371 0.443695 0.445092 0.447580 0.451189 0.455964 0.461966 0.469274 0.477987 0.488227 0.500148 0.513934 0.529814 0.548070 0.569048 0.593182 0.599607 0.607386 0.616875 0.628202 0.641528 0.657049 0.675006 0.695695 0.719480 0.746812 0.778252 0.814504 0.856462 0.842290 0.824184 0.808748 0.795762 0.785047 0.776463 0.769899 0.765273 0.762529 0.761632 0.762573 0.765362 0.770033 0.776644 0.785278 0.796046 0.809089 0.824586 0.842758 0.852851 0.790626 0.738522 0.694431 0.656801 0.624466 0.596536 0.572316 0.551263 0.532942 0.517005 0.503171 0.491210 0.480937 0.472198 1897.500000 1.268747 0.722743
0.924348 0.895730 0.870866 0.849336 0.830798 0.814973 0.801635 0.790600 0.781723 0.774889 0.770012 0.767033 0.765915 0.766644 0.769229 0.773703 0.780118 0.788557 0.799127 0.811966 0.827250 0.845196 0.866071 0.890201 0.917990 0.949931 0.986638 1.000000 0.961664 0.928312 0.899290 0.874070 0.852223 0.833400 0.817317 0.803742 0.792489 0.783408 0.776382 0.771323 0.768167 0.766878 0.767438 0.769855 0.774159 0.780401 0.788661 0.799042 0.811682 0.826752 0.808370 0.792631 0.779334 0.768297 0.759372 0.752443 0.747425 0.744253 0.742891 0.743321 0.745549 0.749602 0.755529 0.763404 0.773328 0.785430 0.799874 0.816865 0.836652 0.859544 0.885918 0.916240 0.951082 0.991162 0.988710 0.951820 0.919719 0.891791 0.867538 0.846554 0.828511 0.813138 0.800218 0.789575 0.781068 0.774589 0.770056 0.767414 0.766631 0.767696 0.770624 0.775449 0.782232 0.791057 0.802037 0.815319 0.831083 0.849556 0.871015 0.895801 0.924330 0.957118 0.925696 0.894282 0.866950 0.843211 0.822666 0.804992 0.789924 0.777247 0.766790 0.758413 0.752008 0.747497 0.744824 0.743955 0.744881 0.747612 0.752182 0.758647 0.767089 0.777614 0.790364 0.805511 0.823272 0.843913 0.867759 0.895212 3014.500000 1.061575 0.850022
0.904546 0.963669 0.954201 0.903219 0.859375 0.821477 0.788600 0.760014 0.735137 0.713502 0.694729 0.678511 0.664598 0.652785 0.642907 0.634829 0.632769 0.641279 0.651612 0.663909 0.678345 0.695135 0.714542 0.736890 0.762577 0.792097 0.826065 0.865254 0.910650 0.963523 0.993834 0.940908 0.895382 0.856026 0.821880 0.792189 0.766350 0.743879 0.724384 0.707545 0.693104 0.680847 0.670604 0.662236 0.655635 0.650716 0.647418 0.645702 0.645545 0.646947 0.649924 0.654512 0.660769 0.668774 0.678629 0.690468 0.704454 0.701962 0.691498 0.682963 0.676245 0.671260 0.667944 0.666259 0.666183 0.667715 0.670875 0.675700 0.682250 0.690609 0.700884 0.713214 0.727770 0.744765 0.764457 0.787167 0.785586 0.784111 0.784527 0.786840 0.791079 0.797294 0.805564 0.815994 0.828720 0.843915 0.861792 0.882615 0.906707 0.934467 0.966381 1.000000 0.935619 0.881020 0.834342 0.794178 0.759448 0.729313 0.703106 0.680300 0.660468 0.643266 0.628412 0.615678 0.604879 0.595862 0.588508 0.582719 0.578423 0.575566 0.574114 0.574049 0.575369 0.578298 0.583332 0.589888 0.598051 0.607927 0.619653 0.633396 0.649363 0.667805 0.689035 0.713433 0.741475 0.773752 0.811009 0.854198 7769.000000 1.268362 0.745875
0.789730 0.789111 0.769642 0.752881 0.738576 0.726522 0.716553 0.708538 0.702374 0.697983 0.695312 0.694327 0.695017 0.697390 0.701475 0.707322 0.715004 0.724620 0.736296 0.750192 0.766504 0.785476 0.807405 0.832657 0.861682 0.895039 0.925786 0.877520 0.835950 0.799981 0.768755 0.741595 0.717959 0.697411 0.679599 0.664234 0.651082 0.639953 0.630691 0.623174 0.617303 0.613006 0.610227 0.608934 0.609110 0.610759 0.613899 0.618570 0.624829 0.632756 0.642455 0.654055 0.665488 0.655059 0.646486 0.639655 0.634480 0.630895 0.628857 0.628341 0.629341 0.631869 0.635955 0.641651 0.649027 0.658178 0.669227 0.682324 0.697659 0.715463 0.736018 0.759674 0.786859 0.818106 0.854080 0.895621 0.943798 1.000000 0.954328 0.905491 0.863387 0.826929 0.795263 0.767715 0.743742 0.722911 0.704866 0.689321 0.676039 0.664832 0.655543 0.648050 0.642256 0.638089 0.635496 0.634446 0.634927 0.636945 0.640523 0.645706 0.652558 0.661168 0.671647 0.684138 0.698819 0.715905 0.731490 0.714274 0.699497 0.686940 0.676426 0.667814 0.660991 0.655870 0.652387 0.650500 0.650186 0.651441 0.654280 0.658737 0.664868 0.672751 0.682486 0.694205 0.708068 0.724277 0.743078 0.764772 12107.000000 1.200136 0.814928
0.867942 0.892193 0.920119 0.952217 0.957674 0.913841 0.875862 0.842864 0.814152 0.789170 0.767470 0.748686 0.732523 0.718737 0.707133 0.697552 0.689866 0.683978 0.680052 0.679998 0.681585 0.684833 0.689782 0.696494 0.705052 0.715569 0.728185 0.743076 0.760459 0.774593 0.747064 0.723106 0.702277 0.684217 0.668632 0.655285 0.643982 0.634564 0.626907 0.620910 0.616498 0.613616 0.612229 0.612320 0.613891 0.616959 0.621563 0.627760 0.632875 0.631813 0.632275 0.634266 0.637811 0.642954 0.649759 0.658312 0.668726 0.681141 0.695735 0.712722 0.732367 0.754997 0.781012 0.810906 0.845298 0.884962 0.930885 0.984336 1.000000 0.962030 0.928994 0.900248 0.875273 0.853648 0.835028 0.819135 0.805740 0.794660 0.785748 0.778889 0.773997 0.771012 0.769898 0.770640 0.758780 0.730684 0.706236 0.684967 0.666500 0.650530 0.636805 0.625121 0.615315 0.607252 0.600826 0.591541 0.583572 0.577186 0.572303 0.568861 0.566818 0.566148 0.566843 0.568913 0.572381 0.577292 0.583706 0.591705 0.601396 0.612910 0.626413 0.642105 0.660236 0.681109 0.705098 0.732669 0.764400 0.768158 0.767083 0.767858 0.770493 0.775019 0.781493 0.789995 0.800634 0.813550 0.828920 0.846961 1358.500000 1.311388 0.830386
0.945754 0.918530 0.894926 0.874558 0.857116 0.842346 0.830042 0.820039 0.812208 0.806449 0.802692 0.800890 0.801021 0.803088 0.807114 0.813150 0.821271 0.794167 0.759684 0.729756 0.703728 0.681077 0.661382 0.644302 0.629561 0.616933 0.606233 0.597312 0.590051 0.584355 0.580152 0.577390 0.576036 0.576073 0.577500 0.580337 0.584617 0.590393 0.597739 0.606751 0.602604 0.598952 0.596773 0.596041 0.596746 0.598898 0.602522 0.607663 0.614385 0.622775 0.632942 0.645028 0.659202 0.669992 0.669286 0.670194 0.672728 0.676917 0.682815 0.690494 0.700054 0.711620 0.725352 0.741445 0.760142 0.781738 0.806597 0.835167 0.868003 0.905798 0.949426 1.000000 0.982572 0.940760 0.904452 0.872867 0.845381 0.821492 0.800792 0.782950 0.767694 0.754806 0.744106 0.735452 0.728732 0.723862 0.720782 0.711125 0.679556 0.652176 0.628372 0.607656 0.589638 0.574001 0.560487 0.548887 0.539029 0.530775 0.524014 0.518656 0.514635 0.511898 0.510414 0.510164 0.511145 0.513369 0.516863 0.521670 0.527851 0.535486 0.544676 0.555549 0.568262 0.582458 0.591196 0.601671 0.614031 0.628454 0.645163 0.664430 0.686587 0.712048 0.741325 0.775059 0.814065 0.859385 0.912376 0.974834 4707.000000 1.438537 0.815677
0.729470 0.772072 0.822062 0.782163 0.737430 0.699130 0.666137 0.637585 0.612795 0.591232 0.572467 0.556155 0.542017 0.529824 0.519392 0.510569 0.503232 0.497285 0.492649 0.489267 0.487097 0.486111 0.486299 0.487662 0.490217 0.493995 0.499044 0.505427 0.513228 0.522552 0.533530 0.546323 0.561131 0.578195 0.597815 0.620360 0.646291 0.676183 0.710771 0.750994 0.798081 0.853661 0.919945 1.000000 0.905101 0.827221 0.763375 0.710266 0.665566 0.627581 0.595054 0.567031 0.542778 0.521719 0.503401 0.487461 0.473604 0.461595 0.451240 0.442382 0.434893 0.428668 0.423625 0.419699 0.416840 0.415013 0.414195 0.414376 0.415560 0.417759 0.421001 0.425327 0.430791 0.437465 0.445439 0.454826 0.465762 0.478419 0.493003 0.509771 0.529039 0.551201 0.576752 0.606318 0.640706 0.680968 0.728502 0.785205 0.853709 0.937784 0.956871 0.885221 0.825404 0.774908 0.731896 0.694993 0.663155 0.635569 0.611602 0.590748 0.572603 0.556841 0.543197 0.531456 0.521441 0.513009 0.506046 0.500458 0.496175 0.493143 0.491323 0.490695 0.491251 0.492997 0.495954 0.500159 0.505665 0.512541 0.520880 0.530794 0.542425 0.555947 0.571572 0.589562 0.610239 0.634002 0.661349 0.692906 1700.000000 1.264608 0.592059
0.985265 0.882061 0.800172 0.733814 0.679130 0.633451 0.594873 0.562000 0.533788 0.509442 0.488345 0.470013 0.454063 0.440184 0.428130 0.417698 0.408723 0.401072 0.394636 0.389325 0.385071 0.381819 0.379528 0.378170 0.377729 0.378198 0.379585 0.381904 0.385187 0.389472 0.394816 0.401288 0.408978 0.417995 0.428474 0.440581 0.454519 0.470538 0.488948 0.510137 0.534591 0.562932 0.595963 0.634736 0.680659 0.735656 0.786606 0.747035 0.712890 0.683304 0.657596 0.635228 0.615766 0.598861 0.584230 0.571640 0.560905 0.551870 0.544412 0.538433 0.533856 0.530624 0.528697 0.528051 0.528679 0.530588 0.533802 0.538359 0.544318 0.551754 0.560766 0.571477 0.584039 0.598640 0.615511 0.634935 0.657259 0.682916 0.712443 0.746519 0.786007 0.774339 0.711567 0.659680 0.616229 0.579457 0.548074 0.521106 0.497810 0.477609 0.460050 0.444768 0.431476 0.419937 0.409962 0.401393 0.394106 0.387997 0.382982 0.378997 0.375991 0.373925 0.372776 0.372528 0.373179 0.374736 0.377219 0.380658 0.385097 0.390593 0.397218 0.405065 0.414247 0.424901 0.437199 0.451350 0.467612 0.486305 0.507829 0.532689 0.561531 0.595191 0.634770 0.681748 0.738155 0.806857 0.892030 1.000000 1108.500000 1.520449 0.567853
0.758818 0.750718 0.744564 0.740279 0.737810 0.737127 0.738223 0.741110 0.745823 0.752421 0.760986 0.771629 0.784490 0.799747 0.817618 0.838372 0.862338 0.889921 0.921622 0.958057 1.000000 0.983599 0.940018 0.902216 0.869351 0.840750 0.815873 0.794286 0.775631 0.759621 0.746019 0.734634 0.725313 0.717933 0.712400 0.708647 0.706626 0.706313 0.707705 0.710819 0.715691 0.722383 0.730979 0.741590 0.747560 0.733830 0.722304 0.712825 0.705268 0.699538 0.695563 0.693293 0.692701 0.693780 0.696543 0.701024 0.707278 0.715383 0.725444 0.737594 0.752001 0.768871 0.788459 0.793869 0.781784 0.771892 0.764065 0.758204 0.754235 0.752110 0.751803 0.753310 0.756650 0.761863 0.769013 0.778192 0.789518 0.803141 0.819252 0.838082 0.859918 0.885112 0.914096 0.947402 0.960252 0.923230 0.891024 0.862999 0.838641 0.817536 0.799345 0.783794 0.770657 0.759753 0.750938 0.744097 0.739144 0.736018 0.734680 0.735115 0.737328 0.741346 0.747218 0.755017 0.764843 0.776823 0.785116 0.765186 0.748000 0.733297 0.720864 0.710529 0.702153 0.695629 0.690874 0.687830 0.686458 0.686743 0.688689 0.692318 0.697675 0.704826 0.713864 0.724905 0.738100 0.753632 0.771732 0.768968 4481.500000 1.150741 0.870966
0.948423 0.974426 0.909099 0.853908 0.806868 0.766490 0.731639 0.701436 0.675190 0.652352 0.632482 0.615225 0.600293 0.587450 0.576505 0.567301 0.559715 0.553644 0.549013 0.545762 0.543852 0.543259 0.543977 0.546014 0.549394 0.554160 0.560372 0.568108 0.577471 0.588590 0.601624 0.616767 0.597413 0.578281 0.561648 0.547226 0.534783 0.524127 0.515105 0.507590 0.501481 0.496701 0.493187 0.490898 0.489804 0.489892 0.491164 0.493635 0.497335 0.502310 0.508623 0.516357 0.525616 0.536528 0.549255 0.563992 0.580980 0.600514 0.622961 0.648775 0.678525 0.712936 0.752934 0.799727 0.854919 0.920675 1.000000 0.947715 0.884724 0.831463 0.786037 0.747024 0.713337 0.684135 0.658754 0.636668 0.617454 0.600770 0.586340 0.573937 0.563377 0.554510 0.547216 0.541399 0.536984 0.533917 0.532159 0.531689 0.532502 0.534607 0.538030 0.542813 0.549017 0.556720 0.566027 0.577063 0.566741 0.551242 0.537829 0.526291 0.516457 0.508184 0.501361 0.495898 0.491725 0.488789 0.487054 0.486499 0.487118 0.488918 0.491920 0.496162 0.501697 0.508597 0.516951 0.526875 0.538510 0.552030 0.567650 0.585631 0.606297 0.630048 0.657384 0.688935 0.725503 0.768125 0.818161 0.877431 7706.000000 1.697217 0.686738
0.685686 0.676400 0.668952 0.663246 0.659212 0.656799 0.655978 0.656740 0.659093 0.663066 0.668708 0.676089 0.685305 0.696476 0.709756 0.725334 0.743442 0.764365 0.788455 0.816144 0.834206 0.800405 0.771022 0.745451 0.723209 0.703902 0.687212 0.672878 0.660690 0.650474 0.642092 0.635435 0.630418 0.626978 0.625073 0.624680 0.625794 0.628429 0.632617 0.638409 0.645878 0.655121 0.666261 0.679452 0.694883 0.712788 0.712374 0.707456 0.704289 0.702837 0.703080 0.705023 0.708689 0.714123 0.721391 0.730588 0.741832 0.755276 0.771107 0.789560 0.810919 0.835534 0.863837 0.896360 0.933764 0.976883 1.000000 0.932508 0.875527 0.826986 0.785337 0.749401 0.718264 0.691211 0.667671 0.647190 0.629399 0.613999 0.600748 0.589447 0.579934 0.571404 0.563126 0.556405 0.551156 0.547310 0.544821 0.543659 0.543809 0.545273 0.548068 0.552230 0.557809 0.564877 0.573526 0.583873 0.596062 0.610272 0.626723 0.645684 0.667486 0.692539 0.721352 0.754562 0.792981 0.837648 0.889920 0.882534 0.861606 0.843633 0.828349 0.815539 0.805029 0.796681 0.790389 0.786075 0.783685 0.783191 0.784586 0.787888 0.793136 0.800396 0.789422 0.765206 0.744171 0.725963 0.710295 0.696933 943.500000 1.223882 0.800496
0.767687 0.760078 0.754418 0.750637 0.748688 0.748547 0.750214 0.753708 0.759072 0.766372 0.775701 0.787180 0.800962 0.817239 0.836248 0.858278 0.883688 0.863509 0.840063 0.819780 0.802340 0.787484 0.775002 0.764722 0.756511 0.750262 0.745898 0.743364 0.742631 0.743689 0.746551 0.751252 0.757850 0.766428 0.777096 0.789994 0.805301 0.823236 0.844067 0.868125 0.895817 0.927641 0.964219 1.000000 0.949133 0.905266 0.867272 0.834267 0.805552 0.780566 0.758856 0.740056 0.723867 0.710044 0.698391 0.688746 0.680982 0.675000 0.670723 0.668100 0.667098 0.667705 0.669928 0.673795 0.679353 0.686672 0.695844 0.706991 0.720265 0.735853 0.753987 0.756451 0.750271 0.745974 0.743507 0.742839 0.743964 0.746894 0.751665 0.758336 0.766990 0.777740 0.790728 0.806131 0.824172 0.845121 0.869312 0.897154 0.929150 0.950987 0.923361 0.899400 0.878715 0.860987 0.845958 0.833418 0.823198 0.815167 0.809221 0.805287 0.803317 0.803287 0.805197 0.809070 0.814953 0.822919 0.823922 0.801574 0.782242 0.765621 0.751464 0.739571 0.729779 0.721960 0.716013 0.711864 0.709462 0.708778 0.709804 0.712552 0.717055 0.723369 0.731574 0.741774 0.754106 0.768737 0.785878 0.777342 19063.000000 1.120110 0.869974
