40
1000 1000
7 35 16 59 -9 115 -1 102 40 100 83 63 75 53 50
3 3 -25 94 18 4 86
7 16 69 81 7 147 55 170 105 161 148 91 181 22 149
6 19 -9 58 9 96 40 81 76 32 52 8 41
4 23 3 58 26 26 62 -7 34
7 175 332 242 280 293 323 330 375 317 445 242 462 209 398
4 54 39 109 -23 174 46 107 97
8 19 36 45 24 79 49 103 76 86 102 54 101 26 104 1 86
6 30 103 68 72 119 55 140 104 119 151 63 148
4 53 9 73 25 56 44 40 28
4 49 1 114 44 61 78 11 42
3 18 -2 63 24 18 46
5 31 76 61 67 86 93 66 121 31 114
8 116 162 127 127 169 95 206 107 205 168 194 204 158 230 115 219
5 2 13 24 16 46 26 26 40 8 37
7 0 47 22 24 61 26 71 58 55 83 31 97 -3 74
5 24 29 52 7 62 43 50 59 18 62
6 68 55 89 51 106 77 92 107 70 97 63 79
6 62 21 92 24 103 43 91 58 72 54 54 43
4 60 18 89 43 59 57 28 44
5 43 27 89 14 128 56 101 110 37 86
8 30 40 36 14 76 6 95 19 88 46 97 78 71 94 48 64
7 -10 60 22 20 100 27 132 88 99 147 45 141 -18 111
4 -11 48 14 23 44 53 22 79
6 10 -6 41 -6 52 16 42 30 17 39 3 20
3 152 92 220 136 145 178
3 -3 18 59 47 10 78
8 2 3 37 -29 50 -1 80 34 47 60 30 66 3 63 -23 33
8 7 51 20 44 26 40 38 44 46 55 34 62 24 69 17 62
5 9 4 37 1 51 21 41 39 14 36
5 4 22 33 13 51 34 32 57 1 53
8 -9 -1 41 -5 118 12 98 80 79 102 57 136 -7 135 -21 73
6 21 20 31 17 36 33 31 45 15 49 7 34
7 -1 6 3 -4 16 3 21 10 17 22 7 26 -7 18
3 33 23 153 69 54 134
6 14 3 44 2 64 30 42 44 16 42 -15 26
5 12 16 37 14 56 23 41 46 21 33
6 26 4 47 -2 46 24 45 41 23 38 1 25
6 -17 34 24 7 69 -10 104 30 71 84 4 100
8 61 31 89 17 113 37 136 62 113 100 85 111 53 97 33 68
