50
1000 1000
4 162 -36 251 74 163 171 70 81
7 -23 68 26 40 63 57 71 85 48 118 14 135 -6 100
4 67 74 193 163 83 216 -60 162
8 26 64 45 50 61 72 71 85 72 106 53 96 33 97 20 84
6 0 -7 41 -10 41 20 34 40 16 39 -7 19
6 106 118 157 93 189 171 154 228 105 213 74 168
4 103 134 125 175 92 228 42 184
4 86 164 112 108 174 175 127 217
8 36 12 51 10 66 20 61 32 64 43 50 43 36 50 35 32
7 1 86 45 65 74 86 115 125 73 154 30 166 5 146
8 -8 85 32 72 45 21 89 55 106 91 110 128 57 152 28 105
8 -2 33 15 18 26 17 50 18 61 34 50 50 30 51 19 52
7 20 34 39 27 52 26 66 43 56 59 37 55 26 51
6 13 49 42 33 62 33 88 54 61 72 42 71
3 118 67 211 94 128 125
8 13 52 38 60 64 46 80 78 59 104 43 112 26 96 3 79
7 14 15 35 -7 68 6 87 23 61 63 31 65 1 47
7 78 59 95 55 113 62 128 77 130 104 94 107 81 83
3 106 8 201 51 96 105
3 5 10 39 28 -2 53
7 -3 42 33 28 58 28 92 48 65 90 19 93 6 67
8 16 36 24 4 63 0 101 -1 124 37 104 74 57 88 18 86
7 2 -1 13 -10 22 0 32 9 24 21 12 22 4 16
4 35 53 44 34 70 50 49 78
5 12 18 42 21 58 35 54 68 13 53
3 98 108 186 155 96 201
4 65 -6 114 35 62 101 21 51
4 4 72 36 47 66 71 28 101
5 36 25 87 40 122 73 101 105 37 98
6 40 53 58 41 83 45 96 58 89 81 55 85
3 98 98 232 142 118 210
4 -12 27 10 10 23 24 8 49
7 15 101 56 88 89 88 116 121 91 141 53 142 21 139
6 90 130 119 115 145 113 159 135 140 143 120 145
5 1 20 26 12 50 41 29 57 4 45
8 3 15 19 16 26 17 37 30 37 45 16 48 7 44 -9 33
6 57 28 76 30 98 57 81 72 61 72 32 55
8 50 40 50 20 78 -4 120 -9 144 49 119 84 80 108 42 79
6 3 143 61 99 123 106 190 152 130 216 67 224
8 72 63 114 63 137 84 145 99 159 138 104 148 85 139 86 106
4 86 52 176 -28 277 69 200 138
6 -11 9 8 -4 34 -2 50 19 30 33 16 34
6 66 73 94 81 128 116 97 136 53 140 20 113
6 6 15 13 -1 39 -8 50 19 36 32 12 42
7 18 13 25 -13 56 -7 59 21 62 43 33 44 18 24
4 36 11 56 28 36 40 13 27
8 56 59 77 40 107 52 112 87 109 119 81 113 52 111 42 84
8 77 102 117 69 164 82 186 147 146 190 107 178 82 173 37 149
5 46 11 119 30 168 64 129 110 59 89
8 -3 5 11 -7 24 -4 40 -5 45 12 32 21 24 23 9 20
