60
1000 1000
6 12 17 39 23 46 47 43 74 7 64 -6 45
5 44 58 93 60 115 86 102 120 41 131
8 -6 -7 20 -5 31 2 58 10 36 29 19 41 7 31 -7 18
8 202 90 229 79 291 93 316 145 280 198 230 203 188 191 169 143
3 22 25 111 71 29 110
8 61 31 75 34 87 39 102 49 90 69 74 66 66 57 59 50
7 -9 48 44 6 113 19 159 87 122 134 54 145 8 104
8 30 41 32 35 39 20 53 31 57 45 48 49 43 55 27 55
6 6 29 14 17 33 23 46 34 32 41 14 50
5 32 49 122 33 204 109 135 186 3 150
6 74 54 94 70 102 80 96 94 83 95 60 82
3 6 -15 61 28 5 79
8 16 10 23 2 36 -4 45 5 47 14 44 21 33 22 25 20
4 109 245 149 211 220 249 158 311
7 -2 30 11 21 30 19 41 37 31 54 18 51 0 49
6 57 -18 117 -13 144 40 113 61 77 52 44 37
8 7 44 50 26 73 44 107 66 76 104 48 117 17 103 -9 80
6 -7 17 3 2 19 1 35 21 27 41 -1 41
6 25 28 53 -4 88 -4 124 27 90 55 44 82
5 45 28 90 -3 115 48 83 109 20 84
5 0 56 53 57 98 73 60 105 11 115
5 18 5 69 -10 117 45 65 77 3 68
5 7 30 34 21 55 51 30 61 11 53
3 45 19 87 45 41 67
7 5 27 23 14 32 25 51 32 45 62 22 70 11 44
3 23 -2 68 16 14 44
8 -33 85 7 35 46 33 108 45 135 96 100 135 41 136 -12 126
4 -8 12 31 -21 93 10 33 58
6 16 148 91 109 157 81 208 160 152 232 83 242
8 21 41 86 12 120 48 143 75 104 110 83 142 15 131 40 81
7 40 129 86 119 133 121 149 154 122 203 94 218 38 178
3 20 -3 94 32 26 79
7 -4 23 12 19 22 22 24 35 22 53 8 50 -1 43
4 16 5 40 23 13 44 1 25
5 5 -5 25 -5 29 11 29 32 2 24
7 82 105 107 110 138 99 133 125 130 149 101 150 91 131
5 13 11 42 -1 69 35 44 58 2 65
5 21 57 55 50 78 75 57 96 22 86
3 65 8 107 50 66 80
5 16 23 43 14 54 35 37 39 25 37
6 7 20 21 15 43 7 49 28 37 43 23 36
7 88 50 104 45 128 49 143 66 126 85 109 94 81 74
8 126 221 168 186 194 205 230 253 201 289 168 367 122 306 51 268
3 -3 5 34 26 2 45
4 35 3 59 68 26 99 -14 68
5 5 25 87 23 133 76 87 126 -8 128
7 63 25 71 7 109 12 112 45 99 62 73 78 66 48
3 35 24 125 72 43 93
3 74 37 120 62 74 95
3 230 -20 363 133 212 242
8 15 39 40 33 53 44 60 66 51 81 36 90 15 87 12 67
4 86 146 139 104 190 140 136 218
4 -3 36 54 5 90 49 45 84
4 -2 26 20 7 37 24 20 48
8 28 95 56 81 85 89 89 115 67 136 49 144 24 151 14 119
3 97 19 129 43 101 62
4 6 57 50 40 79 56 50 92
8 115 88 127 88 143 80 142 100 146 125 128 124 113 122 104 106
7 28 59 54 46 82 25 86 75 82 105 51 92 38 82
8 112 127 124 112 139 93 171 113 193 127 177 156 143 159 111 159
