30
1000 1000
7 21 38 37 20 64 24 76 40 60 61 38 69 18 53
3 16 60 132 110 27 155
5 56 65 89 37 108 78 84 96 48 102
7 15 9 48 6 74 10 117 39 77 61 38 66 16 51
6 56 68 43 16 106 46 151 62 116 129 50 117
7 -8 29 58 -1 141 13 178 46 126 111 71 121 24 100
5 -8 4 15 2 29 16 17 28 1 23
3 8 25 69 58 18 93
7 -1 24 26 16 48 21 69 32 51 55 29 55 9 49
7 7 21 37 5 66 11 100 56 74 85 27 89 -2 65
8 17 13 33 13 58 14 78 37 58 58 37 68 4 59 -7 46
3 22 20 90 44 27 72
4 50 104 106 58 139 109 96 173
5 36 85 145 108 188 173 136 270 49 208
3 45 100 69 123 40 141
6 15 27 30 20 36 39 25 45 13 54 9 40
5 -3 6 27 -2 44 25 23 48 -1 41
3 132 114 173 141 131 175
4 41 -5 68 20 34 52 19 26
6 136 100 158 73 200 72 230 103 203 134 158 147
8 43 55 64 46 79 30 112 31 113 63 96 83 76 89 61 86
8 119 192 160 171 205 150 275 157 289 217 247 263 210 281 134 256
8 20 4 30 2 46 9 54 20 47 30 34 37 21 32 17 24
8 75 89 90 44 148 47 171 69 178 100 204 139 155 159 123 126
7 12 35 36 21 51 31 64 40 50 55 41 71 15 59
7 23 34 48 10 87 10 115 39 85 79 54 83 28 66
4 26 8 70 30 30 73 -20 39
7 8 36 19 28 28 40 38 44 35 59 23 60 12 51
6 34 20 84 6 96 60 76 122 28 100 -19 64
5 76 82 109 59 143 98 113 121 70 116
