30
1000 1000
3 36 50 151 89 25 152
3 60 12 122 57 44 95
6 29 -18 64 -4 86 31 77 61 30 45 -8 26
7 27 4 41 4 65 2 71 23 62 38 42 37 30 31
3 55 48 91 65 40 103
6 50 64 78 40 120 40 156 75 123 96 85 98
7 -11 30 19 13 46 17 57 36 38 56 17 62 -3 51
8 85 103 120 73 164 -11 199 50 235 118 233 179 160 153 69 189
6 39 141 79 106 140 100 173 145 130 181 96 187
5 35 26 59 20 80 42 58 63 35 54
4 63 62 112 88 67 136 3 105
5 9 47 37 28 57 63 36 89 10 77
3 150 154 257 199 142 267
6 41 43 49 15 68 30 88 49 69 60 50 65
5 16 5 47 -10 61 14 41 42 18 29
4 226 127 320 156 217 219 142 179
4 -6 21 15 12 35 27 17 49
6 121 6 217 20 235 73 233 147 132 195 119 91
6 24 47 37 38 62 29 65 50 57 71 36 71
5 16 56 71 37 113 90 60 121 2 104
3 33 -32 127 42 51 74
3 33 33 101 58 45 82
6 64 24 119 19 155 62 99 96 65 90 28 58
8 -9 29 8 9 30 14 54 10 77 33 53 70 32 84 -10 67
3 35 22 67 49 24 71
7 16 52 28 44 40 39 47 56 35 66 26 66 17 61
4 170 42 335 102 177 195 120 120
3 48 62 85 86 58 99
6 40 75 46 58 69 46 76 81 64 96 33 106
7 33 60 60 23 76 42 127 69 93 109 45 123 39 80
