0.909155 0.886163 0.861235 0.839639 0.821029 0.805123 0.791693 0.780554 0.771556 0.764585 0.759552 0.756394 0.755075 0.755577 0.757907 0.762093 0.768187 0.776263 0.786427 0.771805 0.745571 0.722745 0.702919 0.685760 0.670996 0.658407 0.647814 0.639072 0.632064 0.626703 0.622919 0.620667 0.619920 0.620667 0.622919 0.626703 0.632064 0.639072 0.647814 0.658407 0.670996 0.685760 0.702919 0.722745 0.745571 0.771805 0.801955 0.780620 0.754416 0.731619 0.711824 0.694702 0.679983 0.667450 0.656925 0.648264 0.641353 0.636104 0.632452 0.630351 0.629777 0.630721 0.633196 0.637232 0.642878 0.650206 0.659309 0.670309 0.683356 0.698637 0.716383 0.736875 0.760461 0.787566 0.818719 0.854583 0.895990 0.944004 1.000000 0.959027 0.907569 0.863326 0.825092 0.791927 0.763093 0.738000 0.716175 0.697236 0.680870 0.666825 0.654893 0.644907 0.636732 0.630261 0.625412 0.622124 0.620357 0.620090 0.621319 0.624059 0.628344 0.634227 0.641782 0.637065 0.625950 0.616677 0.609121 0.603183 0.598788 0.595882 0.594429 0.594412 0.595830 0.598701 0.603059 0.608959 0.616476 0.625706 0.636775 0.649836 0.665079 0.682740 0.703103 0.726523 0.753435 0.784379 0.820035 0.861259 1502.500000 1.273678 0.807420
0.778088 0.733738 0.695756 0.663032 0.634708 0.610115 0.588722 0.570105 0.553923 0.539899 0.527808 0.517465 0.508723 0.501459 0.495576 0.490999 0.487670 0.485547 0.484606 0.484833 0.486233 0.488822 0.492632 0.497710 0.504121 0.511949 0.521299 0.532304 0.545124 0.559960 0.577055 0.596710 0.619295 0.645272 0.675223 0.709882 0.750197 0.797404 0.853144 0.919644 1.000000 0.973776 0.880271 0.804919 0.743100 0.691646 0.648317 0.611483 0.579932 0.552743 0.529207 0.508769 0.490990 0.475518 0.462071 0.450419 0.440374 0.431786 0.424529 0.418504 0.413630 0.409844 0.407098 0.405359 0.404606 0.404829 0.406030 0.408226 0.411441 0.415718 0.421109 0.427686 0.435537 0.444773 0.455531 0.467978 0.482318 0.498805 0.517750 0.539543 0.564670 0.593753 0.627588 0.667217 0.714023 0.769887 0.837424 0.920378 0.992667 0.917721 0.855213 0.802488 0.757605 0.719117 0.685924 0.657173 0.632197 0.610466 0.591558 0.575130 0.560904 0.548655 0.538198 0.529384 0.522092 0.516224 0.511706 0.508481 0.506508 0.505765 0.506241 0.507943 0.510892 0.515123 0.520690 0.527664 0.536136 0.546222 0.558065 0.571841 0.587766 0.606105 0.627186 0.651411 0.679285 0.711442 0.748688 0.792063 1818.000000 1.343297 0.584907
0.905331 0.867672 0.834952 0.806482 0.781711 0.760193 0.741567 0.725537 0.711865 0.700354 0.690848 0.683220 0.677373 0.673233 0.670749 0.669891 0.670650 0.673033 0.677070 0.682811 0.690327 0.699715 0.711099 0.724634 0.740512 0.758972 0.780303 0.804863 0.833091 0.865532 0.902866 0.945947 0.995864 0.961267 0.906423 0.859458 0.818995 0.783975 0.753568 0.727118 0.704101 0.684093 0.666753 0.651802 0.639013 0.628199 0.619213 0.611933 0.606267 0.602141 0.599506 0.598329 0.598596 0.600310 0.603491 0.608180 0.614434 0.622332 0.631979 0.643504 0.657070 0.672875 0.691166 0.712244 0.736477 0.764323 0.796351 0.833277 0.876006 0.925706 0.983896 1.000000 0.960112 0.925428 0.895244 0.868994 0.846220 0.826550 0.809680 0.795362 0.783397 0.773622 0.765911 0.760165 0.756313 0.754308 0.754125 0.755763 0.759241 0.764602 0.771911 0.781262 0.792776 0.806607 0.780886 0.754071 0.730738 0.710466 0.692913 0.677799 0.664899 0.654026 0.645032 0.637798 0.632231 0.628260 0.625838 0.624933 0.625536 0.627654 0.631312 0.636555 0.643450 0.652084 0.662570 0.675052 0.689707 0.706752 0.726456 0.749146 0.775228 0.805201 0.839689 0.879477 0.925564 0.979238 0.999175 0.948797 1528.000000 1.167877 0.751470
0.672118 0.721981 0.781869 0.821763 0.775315 0.735514 0.701207 0.671503 0.645706 0.623263 0.603734 0.586762 0.572059 0.559389 0.548561 0.539419 0.531837 0.525715 0.520972 0.517550 0.515406 0.514514 0.514864 0.516459 0.519319 0.523479 0.528990 0.535924 0.544371 0.554446 0.566290 0.580079 0.596029 0.614402 0.635524 0.659796 0.687718 0.719919 0.757197 0.800581 0.771684 0.714741 0.667121 0.626866 0.592539 0.563063 0.537614 0.515554 0.496382 0.479698 0.465184 0.452581 0.441679 0.432307 0.424325 0.417620 0.412101 0.407696 0.404347 0.402014 0.400667 0.400290 0.400879 0.402441 0.404994 0.408570 0.413215 0.418987 0.425964 0.434240 0.443935 0.455195 0.468198 0.483164 0.500364 0.520133 0.542889 0.569162 0.599626 0.635151 0.676884 0.726360 0.785681 0.857804 0.947018 1.000000 0.898215 0.817022 0.750951 0.696318 0.650556 0.611821 0.578756 0.550339 0.525789 0.504500 0.485993 0.469887 0.455878 0.443718 0.433206 0.424179 0.416504 0.410072 0.404795 0.400606 0.397450 0.395288 0.394094 0.393853 0.394563 0.396231 0.398878 0.402537 0.407254 0.413090 0.420123 0.428449 0.438189 0.449490 0.462533 0.477541 0.494787 0.514612 0.537440 0.563809 0.594405 0.630117 2253.000000 1.381644 0.582150
0.893914 0.872141 0.853411 0.837443 0.824011 0.812930 0.804054 0.797270 0.792493 0.789664 0.788748 0.789735 0.792636 0.797487 0.804347 0.813303 0.824469 0.837993 0.854059 0.863858 0.845312 0.829502 0.816202 0.805232 0.796446 0.789731 0.785004 0.782207 0.781305 0.782287 0.785166 0.789976 0.796777 0.805654 0.816721 0.826521 0.805547 0.787461 0.771988 0.758904 0.748029 0.739217 0.732353 0.727352 0.724152 0.722713 0.723018 0.725071 0.728896 0.734541 0.742076 0.751597 0.763227 0.777125 0.793485 0.812549 0.834611 0.860035 0.889265 0.917311 0.914068 0.913040 0.914215 0.917605 0.923254 0.931229 0.941632 0.954596 0.970292 0.988935 1.000000 0.957064 0.919787 0.887363 0.859147 0.834618 0.813356 0.795018 0.779325 0.766049 0.755007 0.746050 0.739062 0.733956 0.730668 0.729159 0.729409 0.731422 0.735222 0.740856 0.748394 0.757932 0.769593 0.781247 0.767592 0.756196 0.746907 0.739603 0.734192 0.730607 0.728805 0.728762 0.730479 0.733977 0.739298 0.746508 0.755699 0.766989 0.780531 0.796513 0.815168 0.836783 0.861707 0.890372 0.895216 0.886394 0.879844 0.875483 0.873258 0.873143 0.875136 0.879262 0.885569 0.894138 0.905076 0.918524 0.934665 0.919073 3169.500000 1.225873 0.905386
0.841826 0.778885 0.726330 0.681957 0.644157 0.611723 0.583738 0.559490 0.538421 0.520090 0.504139 0.490285 0.478292 0.467973 0.459173 0.451765 0.445650 0.440745 0.436989 0.434333 0.432746 0.432208 0.432712 0.434265 0.436885 0.440605 0.445471 0.451546 0.458910 0.467663 0.477931 0.489866 0.503657 0.519534 0.537783 0.558756 0.582892 0.610745 0.643021 0.680630 0.724765 0.777023 0.839583 0.890765 0.832055 0.782374 0.739973 0.703540 0.672069 0.644779 0.621058 0.600415 0.582458 0.566870 0.553393 0.541817 0.531971 0.523715 0.516938 0.511550 0.507484 0.504688 0.503129 0.502786 0.503657 0.505750 0.509093 0.513727 0.519709 0.527116 0.536048 0.546628 0.559007 0.573373 0.589957 0.609038 0.630966 0.656172 0.685195 0.718716 0.757605 0.802987 0.856348 0.823016 0.765391 0.716922 0.675758 0.640523 0.610177 0.583920 0.561125 0.541298 0.524044 0.509045 0.496042 0.484825 0.475224 0.467100 0.460339 0.454851 0.450565 0.447426 0.445397 0.444452 0.444580 0.445782 0.448073 0.451481 0.456048 0.461833 0.468910 0.477376 0.487348 0.498974 0.512432 0.527944 0.545781 0.566276 0.589847 0.617017 0.648448 0.684993 0.727760 0.778223 0.838375 0.910984 1.000000 0.918240 7089.500000 1.196766 0.597438
0.989222 0.928232 0.876314 0.831794 0.793398 0.760140 0.731250 0.706113 0.684241 0.665238 0.648783 0.634614 0.622518 0.612322 0.603887 0.597099 0.591872 0.585574 0.572864 0.562019 0.552884 0.545334 0.539270 0.534612 0.531303 0.529302 0.528585 0.529143 0.530982 0.534126 0.538612 0.544497 0.551856 0.550357 0.544776 0.540597 0.537767 0.536252 0.536033 0.537108 0.539489 0.543206 0.548304 0.554849 0.560177 0.565025 0.571346 0.579222 0.588756 0.600079 0.613352 0.628775 0.646592 0.667101 0.690673 0.717764 0.748945 0.784935 0.826651 0.875276 0.932366 1.000000 0.950612 0.901965 0.860026 0.823709 0.792167 0.764725 0.740847 0.720096 0.702122 0.686637 0.673407 0.662243 0.652990 0.645527 0.639755 0.635604 0.623299 0.606177 0.591358 0.578607 0.567732 0.558580 0.551025 0.544967 0.540328 0.537050 0.535093 0.534433 0.535062 0.536988 0.540233 0.544839 0.550863 0.558381 0.567494 0.578325 0.591029 0.592597 0.583920 0.576864 0.571335 0.567266 0.564605 0.563319 0.563393 0.564828 0.567641 0.571868 0.577559 0.584788 0.590930 0.597514 0.605721 0.615661 0.627469 0.641315 0.657405 0.675993 0.697392 0.721986 0.750252 0.782784 0.820331 0.863848 0.914566 0.974105 796.500000 1.388042 0.761598
0.821570 0.897919 0.992548 1.000000 0.915628 0.846266 0.788438 0.739676 0.698178 0.662600 0.631921 0.605351 0.582272 0.562192 0.544720 0.529538 0.516389 0.505065 0.495395 0.487240 0.480488 0.475050 0.470854 0.467850 0.465999 0.465279 0.465681 0.467211 0.469886 0.473741 0.478821 0.485194 0.492942 0.502171 0.513012 0.525625 0.540209 0.557004 0.576311 0.598498 0.624025 0.653471 0.687571 0.727276 0.773825 0.828874 0.792513 0.750859 0.715001 0.683984 0.657064 0.633651 0.613276 0.595560 0.580198 0.566940 0.555583 0.545961 0.537941 0.531414 0.526297 0.522524 0.520049 0.518842 0.518887 0.520185 0.522752 0.526620 0.531836 0.538467 0.546598 0.556340 0.567828 0.581231 0.596753 0.614649 0.635229 0.658877 0.686071 0.717409 0.753649 0.795765 0.845022 0.903099 0.949949 0.863735 0.793620 0.735673 0.687155 0.646101 0.611065 0.580961 0.554958 0.532411 0.512812 0.495756 0.480919 0.468040 0.456904 0.447339 0.439202 0.432379 0.426777 0.422323 0.418960 0.416645 0.415352 0.415063 0.415775 0.417497 0.420251 0.424069 0.429000 0.435108 0.442474 0.451199 0.461409 0.473258 0.486936 0.502675 0.520762 0.541553 0.565491 0.593139 0.625213 0.662642 0.706648 0.758873 767.000000 1.300115 0.589199
0.901138 0.929627 0.962370 1.000000 0.988562 0.969108 0.952655 0.938975 0.927887 0.919246 0.912944 0.908902 0.907071 0.907430 0.909982 0.914758 0.921817 0.931247 0.943167 0.920435 0.889149 0.861928 0.838284 0.817820 0.800213 0.785200 0.772567 0.762141 0.753784 0.747389 0.742877 0.740192 0.737928 0.732818 0.729524 0.728005 0.728243 0.730240 0.734023 0.739635 0.747148 0.756657 0.768285 0.782191 0.798568 0.817658 0.838108 0.835078 0.834072 0.835078 0.838108 0.843198 0.850412 0.859840 0.871603 0.885855 0.902793 0.922657 0.945744 0.972419 0.994435 0.962667 0.935050 0.911106 0.890450 0.872765 0.857796 0.845334 0.835211 0.827298 0.821494 0.817727 0.815951 0.816144 0.818310 0.822474 0.828687 0.837026 0.838026 0.833029 0.830079 0.829141 0.830202 0.833276 0.838400 0.845638 0.855079 0.866845 0.881092 0.898015 0.917855 0.940909 0.967543 0.957244 0.921852 0.891054 0.864262 0.841001 0.820885 0.803599 0.788888 0.776543 0.766396 0.758314 0.752194 0.747960 0.745559 0.744962 0.746162 0.749174 0.754035 0.760803 0.769565 0.780433 0.781122 0.776424 0.773634 0.772720 0.773669 0.776494 0.781228 0.787930 0.796684 0.807602 0.820829 0.836545 0.854974 0.876392 1108.000000 1.109010 0.895898
0.928263 0.882557 0.843076 0.808841 0.779082 0.753185 0.730658 0.711103 0.694196 0.679673 0.667321 0.656964 0.648461 0.641702 0.636601 0.633093 0.631136 0.630705 0.631796 0.634422 0.638615 0.644426 0.651929 0.661220 0.672424 0.685694 0.701221 0.719241 0.740042 0.763977 0.791482 0.823098 0.859503 0.901549 0.886640 0.842083 0.803633 0.770315 0.741366 0.716176 0.694259 0.675223 0.658747 0.644571 0.632485 0.622315 0.613923 0.607197 0.602052 0.598422 0.596265 0.595552 0.596275 0.598444 0.602085 0.607241 0.613979 0.622385 0.632568 0.644670 0.658861 0.675355 0.694412 0.716352 0.741568 0.770548 0.803900 0.842392 0.887000 0.938984 1.000000 0.997581 0.946222 0.901958 0.863639 0.830362 0.801413 0.776221 0.754327 0.735357 0.719008 0.705031 0.693225 0.683428 0.675508 0.669364 0.664918 0.662115 0.660921 0.661322 0.663323 0.666947 0.672239 0.679266 0.688116 0.698906 0.711781 0.709301 0.690718 0.674667 0.660901 0.649219 0.639456 0.631481 0.625191 0.620504 0.617364 0.615731 0.615585 0.616926 0.619769 0.624148 0.630119 0.637757 0.647160 0.658454 0.671797 0.687382 0.705447 0.726285 0.750253 0.777795 0.809460 0.845938 0.888098 0.937058 0.994266 0.981455 1031.000000 1.202053 0.743515
0.876001 0.842953 0.814199 0.789180 0.767447 0.748634 0.732443 0.718632 0.707005 0.697401 0.689693 0.683784 0.679598 0.677084 0.676212 0.676971 0.679370 0.683439 0.689227 0.696807 0.706276 0.717758 0.731412 0.737950 0.722062 0.708515 0.697116 0.687708 0.680168 0.674398 0.670326 0.667903 0.667099 0.667903 0.670326 0.674398 0.680168 0.687708 0.697116 0.708515 0.722062 0.737950 0.756415 0.777750 0.802313 0.819220 0.799251 0.782071 0.767423 0.755100 0.744933 0.736787 0.730559 0.726170 0.723566 0.722715 0.723607 0.726254 0.730686 0.736960 0.745153 0.755370 0.767746 0.782451 0.799695 0.819735 0.842888 0.869543 0.900178 0.935387 0.913873 0.880998 0.852389 0.827510 0.805929 0.787293 0.771316 0.757764 0.746447 0.737212 0.729941 0.724540 0.720942 0.714183 0.696113 0.680534 0.667209 0.655946 0.646589 0.639013 0.633119 0.628835 0.626106 0.624900 0.625202 0.627015 0.630362 0.635284 0.641841 0.650118 0.660222 0.672290 0.686493 0.703038 0.722184 0.716308 0.710425 0.706326 0.703959 0.703297 0.704332 0.707076 0.711561 0.717845 0.726005 0.736147 0.748404 0.762946 0.779980 0.799764 0.822609 0.848904 0.879124 0.913857 0.953839 1.000000 0.957938 0.914037 763.000000 1.184394 0.853552
0.879518 0.921314 0.967313 0.926764 0.891540 0.860893 0.834225 0.811056 0.790993 0.773717 0.758969 0.746538 0.736253 0.727977 0.721604 0.717054 0.714271 0.713221 0.713892 0.716291 0.720448 0.726413 0.734262 0.744094 0.756040 0.770261 0.786959 0.806384 0.796976 0.782884 0.771107 0.761487 0.753897 0.748242 0.744452 0.742479 0.742300 0.743913 0.747338 0.752616 0.759812 0.769017 0.780352 0.793967 0.810051 0.828839 0.850617 0.837387 0.805207 0.777213 0.752852 0.731681 0.713340 0.697535 0.684028 0.672623 0.663164 0.655524 0.649606 0.645334 0.642656 0.641540 0.641971 0.643955 0.647516 0.652698 0.659566 0.668206 0.678732 0.691288 0.706050 0.723236 0.743115 0.766015 0.792340 0.822592 0.857393 0.897527 0.943988 0.998058 1.000000 0.954323 0.914744 0.880354 0.850430 0.824395 0.801780 0.782207 0.765367 0.751008 0.738925 0.728953 0.720960 0.714844 0.710528 0.707960 0.707107 0.707960 0.710528 0.714844 0.720960 0.728953 0.738925 0.742661 0.724375 0.708634 0.695202 0.683886 0.674532 0.667016 0.661241 0.657134 0.654645 0.653744 0.654420 0.656682 0.660555 0.666089 0.673352 0.682437 0.693465 0.706585 0.721984 0.739891 0.760587 0.784420 0.811813 0.843293 2518.500000 1.131322 0.821899
0.774090 0.744163 0.718129 0.695474 0.675783 0.658719 0.644009 0.631430 0.620800 0.611971 0.604827 0.599275 0.595244 0.592686 0.591569 0.591879 0.593621 0.596814 0.601499 0.607734 0.615598 0.625194 0.636652 0.650134 0.665837 0.684007 0.704941 0.706866 0.676101 0.649402 0.626182 0.605975 0.588405 0.573167 0.560013 0.548742 0.539188 0.531220 0.524729 0.519632 0.515864 0.513378 0.512143 0.512146 0.513385 0.515876 0.519649 0.524751 0.531247 0.539221 0.548781 0.560059 0.573220 0.588466 0.606046 0.626263 0.649495 0.676208 0.706989 0.742581 0.783934 0.832289 0.889284 0.957134 1.000000 0.926338 0.864724 0.812630 0.768202 0.730048 0.697104 0.668546 0.643726 0.622128 0.603338 0.587023 0.572911 0.560780 0.550452 0.541778 0.534642 0.528948 0.524626 0.521620 0.519893 0.519425 0.520210 0.522258 0.525593 0.530256 0.536306 0.543822 0.552902 0.563671 0.576284 0.590930 0.607843 0.627308 0.649679 0.642015 0.628794 0.617564 0.608167 0.600477 0.594393 0.589838 0.586755 0.585106 0.584872 0.586049 0.588652 0.592712 0.598280 0.605426 0.614242 0.624847 0.637386 0.652043 0.669038 0.688647 0.711205 0.737127 0.766928 0.801251 0.840911 0.886950 0.848371 0.808555 11285.500000 1.419728 0.731120
0.769289 0.755373 0.743711 0.734146 0.726552 0.720832 0.716915 0.714753 0.714320 0.715610 0.718639 0.723444 0.730085 0.738644 0.749233 0.761993 0.777099 0.794770 0.815272 0.838935 0.866162 0.897450 0.933416 0.974831 1.000000 0.879154 0.786057 0.712340 0.652701 0.603619 0.562664 0.528104 0.498676 0.473434 0.451661 0.432799 0.416412 0.402155 0.389749 0.378971 0.369640 0.361608 0.354754 0.352898 0.354222 0.356419 0.359515 0.363548 0.368571 0.374650 0.381868 0.390328 0.400158 0.411512 0.424583 0.439605 0.456869 0.476741 0.499678 0.526267 0.557261 0.593655 0.636775 0.688439 0.751196 0.828739 0.830994 0.817161 0.805690 0.796429 0.789258 0.784087 0.780852 0.779515 0.780057 0.782487 0.786834 0.793151 0.801516 0.812037 0.824851 0.840133 0.858097 0.879011 0.903200 0.896966 0.830378 0.774730 0.727716 0.687643 0.653244 0.623554 0.597823 0.575463 0.556006 0.539078 0.524377 0.511656 0.500715 0.491391 0.483552 0.477090 0.471921 0.467977 0.465211 0.461552 0.458050 0.455690 0.454443 0.454295 0.455243 0.457298 0.460487 0.464849 0.470438 0.477327 0.485608 0.495396 0.506832 0.520092 0.535389 0.552985 0.573205 0.596452 0.623228 0.654172 0.690098 0.732066 2946.500000 1.476017 0.672660
0.816552 0.867686 0.928037 1.000000 0.924837 0.858652 0.803112 0.756031 0.715794 0.681181 0.651258 0.625296 0.602721 0.583075 0.565990 0.551168 0.538366 0.527387 0.518069 0.510284 0.503925 0.498909 0.495174 0.492672 0.491373 0.491261 0.492336 0.494609 0.498108 0.502878 0.508978 0.516487 0.525507 0.536161 0.548605 0.563030 0.579667 0.598804 0.620795 0.646078 0.675204 0.682684 0.675109 0.669295 0.665169 0.662680 0.661798 0.662512 0.664831 0.668784 0.674418 0.681804 0.691037 0.702238 0.715561 0.731195 0.749373 0.770380 0.794570 0.822372 0.832569 0.790650 0.754481 0.723142 0.695912 0.672219 0.651605 0.633698 0.618199 0.604862 0.593488 0.583914 0.576011 0.569672 0.564817 0.561385 0.559334 0.558639 0.559292 0.561299 0.564687 0.569496 0.575786 0.583639 0.593157 0.604472 0.617744 0.633171 0.650997 0.671521 0.695109 0.722219 0.753418 0.789421 0.761150 0.725189 0.694070 0.667052 0.643551 0.623100 0.605322 0.589912 0.576622 0.565249 0.555629 0.547628 0.541139 0.536079 0.532383 0.530005 0.528918 0.529107 0.530574 0.533339 0.537433 0.542910 0.549837 0.558305 0.568430 0.580352 0.594247 0.610331 0.628866 0.650178 0.674668 0.702834 0.735302 0.772868 6786.000000 1.287333 0.727013
0.773435 0.825753 0.887955 0.962801 1.000000 0.913166 0.842074 0.783002 0.733325 0.691141 0.655039 0.623949 0.597051 0.573700 0.553390 0.535716 0.520350 0.507029 0.495537 0.485698 0.477370 0.470437 0.464806 0.460405 0.457177 0.455082 0.454096 0.454206 0.455413 0.457733 0.461193 0.465836 0.471722 0.478927 0.486676 0.491394 0.497415 0.504816 0.513696 0.524181 0.536421 0.550605 0.566962 0.585775 0.607393 0.632250 0.660887 0.693994 0.732449 0.777399 0.790141 0.759580 0.732995 0.709860 0.689752 0.672327 0.657304 0.644458 0.633600 0.624583 0.617284 0.611611 0.607491 0.604874 0.603727 0.604037 0.605808 0.609061 0.613835 0.620191 0.628209 0.637995 0.649679 0.663428 0.679444 0.697975 0.719327 0.734012 0.710103 0.689311 0.671272 0.655693 0.642333 0.630996 0.621524 0.613789 0.607690 0.603150 0.600112 0.598539 0.598413 0.599730 0.602509 0.606782 0.612602 0.620043 0.610607 0.588518 0.569295 0.552577 0.538073 0.525544 0.514797 0.505675 0.498049 0.491817 0.486898 0.483228 0.480763 0.479473 0.479341 0.480366 0.482560 0.485951 0.490579 0.496505 0.503804 0.512574 0.522936 0.535042 0.549076 0.565265 0.583886 0.605284 0.629885 0.658223 0.690975 0.729004 6414.500000 1.269251 0.713107
0.592947 0.588158 0.584844 0.582963 0.582494 0.583429 0.585781 0.589578 0.594867 0.601715 0.610209 0.620462 0.632617 0.646846 0.663365 0.682437 0.704385 0.729608 0.758600 0.791978 0.830521 0.875224 0.927375 0.988667 1.000000 0.949302 0.905573 0.867694 0.834786 0.806155 0.781242 0.759598 0.740857 0.724723 0.710953 0.699349 0.689754 0.682039 0.676105 0.671878 0.669307 0.668359 0.669023 0.671307 0.675239 0.680868 0.688263 0.697519 0.708759 0.722134 0.737836 0.756098 0.777207 0.801515 0.800846 0.770053 0.743265 0.719953 0.699695 0.682143 0.667018 0.654091 0.643175 0.634120 0.626806 0.621138 0.617044 0.614475 0.613399 0.613802 0.615691 0.619087 0.624032 0.630589 0.638840 0.648894 0.660887 0.674988 0.691406 0.710397 0.732274 0.731916 0.724691 0.719323 0.715745 0.713915 0.713809 0.715426 0.718786 0.723930 0.730922 0.739849 0.750829 0.764008 0.779570 0.797740 0.818797 0.843082 0.871014 0.903111 0.940015 0.982531 0.972531 0.916344 0.868272 0.826885 0.791084 0.760008 0.732981 0.709461 0.689012 0.671280 0.655978 0.642873 0.631774 0.622525 0.615004 0.609112 0.604775 0.601939 0.600570 0.600650 0.602182 0.605183 0.609690 0.615760 0.607207 0.599270 675.500000 1.280043 0.785423
0.465152 0.453788 0.444011 0.435674 0.428658 0.422866 0.418223 0.414670 0.412160 0.410664 0.424385 0.452679 0.486269 0.526616 0.575775 0.636750 0.714092 0.815056 0.923877 0.917494 0.913384 0.911497 0.911810 0.914326 0.919077 0.926120 0.935542 0.947465 0.962043 0.979473 1.000000 0.938735 0.883601 0.836488 0.795964 0.760934 0.730544 0.704118 0.681121 0.661122 0.643769 0.628781 0.615924 0.605012 0.595889 0.590286 0.587887 0.586916 0.587361 0.589227 0.592538 0.597332 0.603671 0.611636 0.621330 0.632886 0.646466 0.662273 0.680552 0.701608 0.725812 0.735778 0.721192 0.708848 0.698575 0.690233 0.683717 0.678942 0.675851 0.674405 0.674587 0.676399 0.679863 0.685021 0.691938 0.700701 0.711425 0.724255 0.739369 0.756990 0.777390 0.800903 0.791597 0.779080 0.768775 0.760548 0.754293 0.749931 0.747411 0.746700 0.747790 0.750694 0.755448 0.762110 0.770765 0.781522 0.794525 0.809953 0.828025 0.849015 0.833151 0.818391 0.806052 0.795970 0.788011 0.782075 0.778089 0.776003 0.775792 0.777454 0.781008 0.786499 0.793993 0.803587 0.815403 0.829600 0.846376 0.798210 0.738595 0.688811 0.646773 0.610959 0.580227 0.553709 0.530732 0.510767 0.493395 0.478281 7161.000000 1.262012 0.743631
0.866671 0.930868 0.991379 0.911225 0.844946 0.789428 0.742435 0.702318 0.667842 0.638057 0.612227 0.589772 0.570232 0.553235 0.538482 0.525728 0.514776 0.505464 0.497661 0.491260 0.486179 0.482351 0.479730 0.478283 0.477993 0.478857 0.480884 0.484099 0.488543 0.494271 0.501356 0.509894 0.520003 0.531827 0.545547 0.561381 0.579600 0.600537 0.624603 0.652317 0.684329 0.721473 0.764829 0.815820 0.876358 0.949070 1.000000 0.922439 0.857961 0.803718 0.757642 0.718200 0.684227 0.654830 0.629308 0.607109 0.587791 0.570997 0.556439 0.543883 0.533137 0.524046 0.516483 0.510347 0.505558 0.502057 0.499800 0.498759 0.498922 0.500291 0.502882 0.506728 0.511875 0.518389 0.526356 0.535882 0.547103 0.560181 0.575320 0.592768 0.612829 0.635882 0.662394 0.692956 0.728314 0.769428 0.817548 0.874335 0.942040 0.899655 0.840446 0.790335 0.747564 0.710809 0.679057 0.651524 0.627589 0.606761 0.588643 0.572916 0.559320 0.547643 0.537713 0.529389 0.522558 0.517131 0.513039 0.510231 0.508673 0.508344 0.509242 0.511378 0.514776 0.519481 0.525549 0.533061 0.542115 0.552837 0.565381 0.579937 0.596738 0.616070 0.638286 0.663823 0.693228 0.727193 0.766598 0.812589 585.000000 1.076444 0.603367
0.965874 0.894344 0.834550 0.784021 0.740945 0.703962 0.672039 0.644370 0.620324 0.599401 0.581197 0.565389 0.551712 0.539951 0.529930 0.521509 0.514571 0.509025 0.504801 0.501846 0.500122 0.499610 0.500304 0.502210 0.505353 0.509772 0.515521 0.522676 0.531329 0.541601 0.553638 0.567620 0.583770 0.602359 0.623723 0.648278 0.676542 0.709169 0.746993 0.791092 0.842883 0.904261 0.977821 1.000000 0.923825 0.860359 0.806872 0.761373 0.722378 0.688762 0.659654 0.634373 0.612378 0.593240 0.576608 0.562200 0.549788 0.539182 0.530231 0.522812 0.516825 0.512193 0.508859 0.506781 0.505934 0.506307 0.507905 0.510748 0.514870 0.520323 0.527176 0.535520 0.545467 0.557158 0.570767 0.586505 0.604634 0.625474 0.649422 0.676973 0.708749 0.745538 0.788360 0.838543 0.897859 0.968718 0.951974 0.885661 0.829853 0.782436 0.741834 0.706858 0.676588 0.650306 0.627444 0.607550 0.590256 0.575267 0.562342 0.551284 0.541933 0.534159 0.527858 0.522950 0.519372 0.517079 0.516045 0.516255 0.517714 0.520439 0.524462 0.529834 0.536624 0.544920 0.554834 0.566505 0.580106 0.595846 0.613985 0.634840 0.658805 0.686369 0.718145 0.754913 0.797675 0.847737 0.906834 0.977320 4750.000000 1.038122 0.604283
0.925927 0.884853 0.849226 0.818253 0.791298 0.767853 0.747507 0.729924 0.714832 0.702008 0.691273 0.682480 0.675515 0.670289 0.666737 0.664816 0.664502 0.665791 0.668700 0.673263 0.679537 0.687602 0.697561 0.709547 0.723726 0.740303 0.759530 0.781716 0.796445 0.784025 0.773822 0.765702 0.759561 0.755323 0.752936 0.752372 0.753622 0.756702 0.761650 0.768526 0.777418 0.788440 0.801738 0.817495 0.835939 0.857347 0.882061 0.910501 0.943184 0.980751 0.972535 0.935972 0.904158 0.876478 0.852434 0.831625 0.813721 0.798454 0.785608 0.775006 0.766508 0.760006 0.755418 0.752687 0.751780 0.752687 0.755418 0.760006 0.766508 0.775006 0.785608 0.798454 0.813721 0.831625 0.852434 0.876478 0.861665 0.831020 0.804351 0.781163 0.761057 0.743707 0.728847 0.716261 0.705774 0.697245 0.690563 0.685644 0.682427 0.680873 0.680963 0.682697 0.686098 0.691206 0.698085 0.706823 0.717532 0.730357 0.745478 0.763115 0.783541 0.807088 0.834166 0.865281 0.874156 0.856005 0.840577 0.827653 0.817060 0.808658 0.802340 0.798027 0.795667 0.795232 0.796715 0.800135 0.805533 0.812976 0.822559 0.834404 0.848669 0.865553 0.885298 0.908203 0.934637 0.965051 1.000000 0.973461 3010.500000 1.208874 0.844747
0.863942 0.881090 0.901147 0.881719 0.863156 0.847357 0.834099 0.823203 0.814524 0.807953 0.803407 0.800830 0.800191 0.801483 0.804720 0.809943 0.817216 0.826630 0.838306 0.852400 0.869106 0.858399 0.838665 0.821753 0.807416 0.795455 0.785708 0.778048 0.772379 0.768631 0.766757 0.766735 0.768564 0.772267 0.777889 0.785499 0.795195 0.807101 0.821379 0.838226 0.857889 0.858118 0.844312 0.832917 0.823785 0.816796 0.811865 0.808930 0.807956 0.808930 0.811865 0.816796 0.823785 0.832917 0.844312 0.858118 0.874525 0.893767 0.916131 0.941971 0.971720 1.000000 0.961123 0.927306 0.897878 0.872296 0.850123 0.831002 0.814642 0.800805 0.789300 0.779973 0.772704 0.767401 0.763998 0.762454 0.762750 0.764890 0.768899 0.774827 0.782748 0.792761 0.804999 0.819626 0.836847 0.856917 0.855115 0.835258 0.818228 0.803776 0.791700 0.781838 0.774060 0.768267 0.764389 0.762377 0.762206 0.763876 0.767406 0.772839 0.780243 0.789711 0.801365 0.815363 0.831898 0.851211 0.873596 0.899415 0.929114 0.963241 0.937004 0.912041 0.890463 0.871934 0.856181 0.842982 0.832159 0.823568 0.817101 0.812678 0.810244 0.809769 0.811248 0.814699 0.820164 0.827710 0.837432 0.849456 5332.500000 1.080020 0.895634
0.706128 0.695869 0.687537 0.681023 0.676245 0.673144 0.671682 0.671842 0.673625 0.677052 0.682167 0.689032 0.697735 0.708388 0.721136 0.736158 0.753673 0.773951 0.797325 0.824202 0.855086 0.890604 0.900119 0.879627 0.862079 0.847217 0.834837 0.824771 0.816890 0.811094 0.807310 0.805493 0.805621 0.807695 0.811740 0.817805 0.825968 0.836329 0.849026 0.864228 0.882148 0.877507 0.837507 0.802844 0.772723 0.746515 0.723712 0.703907 0.686767 0.672022 0.659453 0.648880 0.640158 0.633172 0.627834 0.624076 0.621852 0.621134 0.621915 0.624203 0.628027 0.633433 0.640490 0.649287 0.659942 0.672599 0.687440 0.685022 0.684162 0.684952 0.687402 0.691541 0.697421 0.705114 0.714721 0.726367 0.740211 0.756451 0.775330 0.797144 0.822260 0.851127 0.884303 0.922482 0.966540 1.000000 0.956248 0.918283 0.885269 0.856538 0.831554 0.809882 0.791169 0.775125 0.761518 0.750156 0.740887 0.733590 0.728172 0.724567 0.722729 0.722638 0.724291 0.727708 0.732933 0.740028 0.749084 0.760219 0.773582 0.789359 0.772572 0.757649 0.745052 0.734608 0.726179 0.719654 0.714953 0.712017 0.710810 0.711319 0.713548 0.717525 0.723299 0.730942 0.740551 0.750012 0.733008 0.718451 3497.500000 1.176369 0.858466
0.581362 0.576032 0.572165 0.569713 0.568646 0.568951 0.570632 0.573709 0.578220 0.584220 0.591788 0.601021 0.612044 0.625013 0.640119 0.657597 0.677735 0.700887 0.727491 0.758093 0.793377 0.834215 0.881724 0.937366 1.000000 0.951551 0.909671 0.873336 0.841743 0.814249 0.790338 0.769592 0.751672 0.736301 0.723254 0.712347 0.703433 0.696397 0.691149 0.687624 0.685778 0.685589 0.687055 0.690193 0.695043 0.701663 0.710138 0.720577 0.733121 0.747942 0.765257 0.755022 0.726765 0.702177 0.680786 0.662207 0.646130 0.632303 0.620519 0.610610 0.602441 0.595905 0.590917 0.587415 0.585356 0.584716 0.585485 0.587675 0.591311 0.596437 0.603120 0.611443 0.621517 0.633481 0.647505 0.663799 0.682622 0.704289 0.729191 0.757811 0.790752 0.794051 0.778185 0.764747 0.753549 0.744443 0.737309 0.732057 0.728622 0.726963 0.727059 0.728911 0.732542 0.737996 0.745340 0.754669 0.766103 0.779797 0.795941 0.814773 0.836581 0.861722 0.890633 0.923854 0.908236 0.860584 0.819560 0.784072 0.753269 0.726478 0.703164 0.682894 0.665317 0.650149 0.637159 0.626156 0.616988 0.609532 0.603691 0.599391 0.596578 0.595220 0.595298 0.596815 0.599787 0.604253 0.596700 0.588222 5730.500000 1.303505 0.801449
0.791418 0.779606 0.769969 0.762381 0.756747 0.752997 0.751083 0.750984 0.752699 0.756247 0.761672 0.769042 0.778449 0.790017 0.803899 0.820289 0.839426 0.861602 0.855204 0.816027 0.782083 0.752591 0.726931 0.704603 0.685208 0.668420 0.653972 0.641648 0.631274 0.622705 0.615830 0.610560 0.606828 0.604590 0.603817 0.604501 0.606650 0.610289 0.615464 0.622239 0.630702 0.635512 0.641224 0.648617 0.657785 0.668851 0.681966 0.697320 0.715143 0.735720 0.759400 0.786613 0.817893 0.853906 0.895492 0.943727 1.000000 0.981064 0.947930 0.919103 0.894068 0.872407 0.853778 0.837905 0.824562 0.813566 0.804772 0.798069 0.793372 0.790624 0.789791 0.790862 0.793852 0.798796 0.805755 0.814817 0.798473 0.764117 0.734291 0.708348 0.685772 0.666145 0.649131 0.634455 0.621893 0.611263 0.602416 0.595236 0.589629 0.585523 0.582869 0.582989 0.584860 0.588164 0.592943 0.599255 0.607181 0.616826 0.628320 0.641827 0.657545 0.675722 0.696658 0.720725 0.748382 0.780200 0.816899 0.859395 0.908863 0.910483 0.885387 0.863662 0.844964 0.829013 0.815582 0.804487 0.795580 0.788747 0.783904 0.780989 0.779968 0.780829 0.783581 0.788258 0.794918 0.803644 0.814548 0.805564 1060.000000 1.187210 0.824298
0.852506 0.820732 0.793082 0.769028 0.748139 0.730067 0.714528 0.701291 0.690168 0.681008 0.673689 0.668118 0.664226 0.661964 0.661305 0.662241 0.664784 0.668965 0.674834 0.682466 0.691958 0.703437 0.706731 0.690336 0.676277 0.664348 0.654381 0.646243 0.639827 0.635052 0.631859 0.630208 0.630080 0.631473 0.634404 0.638909 0.645043 0.652884 0.662534 0.674121 0.687808 0.703793 0.711751 0.707020 0.704037 0.702764 0.703187 0.705311 0.709162 0.714785 0.722253 0.731660 0.743129 0.756815 0.772912 0.791657 0.813342 0.838325 0.867047 0.900051 0.938017 0.948445 0.906485 0.870089 0.838444 0.810905 0.786953 0.766168 0.748210 0.732798 0.719708 0.708755 0.699790 0.692697 0.687387 0.683791 0.681868 0.681592 0.682961 0.685992 0.690721 0.697208 0.705533 0.715804 0.728159 0.742769 0.747928 0.724075 0.703339 0.685362 0.669855 0.656581 0.645347 0.635998 0.628407 0.622478 0.618135 0.615324 0.614011 0.614180 0.615834 0.618991 0.623691 0.629993 0.637975 0.647744 0.659429 0.667435 0.668423 0.671032 0.675296 0.681265 0.689016 0.698647 0.710287 0.724096 0.740270 0.759055 0.780747 0.805714 0.834406 0.867385 0.905348 0.949179 1.000000 0.980115 0.931251 0.889068 8844.000000 1.268116 0.834304
0.744804 0.748238 0.747484 0.743783 0.741897 0.741803 0.743500 0.747008 0.752371 0.759654 0.768951 0.780381 0.794098 0.810293 0.809819 0.803382 0.798956 0.796487 0.795945 0.797324 0.800639 0.805931 0.813267 0.822737 0.834464 0.848605 0.865353 0.884951 0.907695 0.933947 0.964156 0.998870 1.000000 0.966900 0.938108 0.913118 0.891517 0.872968 0.857199 0.843986 0.833151 0.824552 0.818080 0.813653 0.811218 0.810744 0.812227 0.815683 0.821156 0.828713 0.838449 0.850489 0.847441 0.833273 0.821518 0.812020 0.804654 0.799330 0.795980 0.794564 0.795066 0.797490 0.801867 0.789713 0.776921 0.766355 0.757873 0.751367 0.746755 0.743981 0.743011 0.743834 0.746458 0.750916 0.757263 0.765579 0.775969 0.788571 0.803557 0.821140 0.841582 0.865206 0.858883 0.846954 0.837341 0.829921 0.824600 0.821313 0.820019 0.820704 0.823376 0.828066 0.834832 0.843760 0.854962 0.868587 0.884819 0.903888 0.926077 0.951734 0.954232 0.932420 0.913734 0.897904 0.884707 0.873968 0.865546 0.859336 0.855260 0.853268 0.853337 0.855467 0.859683 0.866038 0.874610 0.882166 0.856309 0.833876 0.814500 0.797883 0.783781 0.771996 0.762369 0.754776 0.749120 0.745329 0.743359 0.743185 5312.500000 1.066769 0.916728
0.971087 0.924762 0.884691 0.849910 0.819660 0.793335 0.770447 0.750600 0.733473 0.718803 0.706376 0.696020 0.687596 0.680994 0.676131 0.672947 0.671403 0.671480 0.673178 0.676519 0.681544 0.688314 0.696916 0.707462 0.701018 0.681225 0.664074 0.649292 0.636653 0.625977 0.617115 0.609949 0.604387 0.600359 0.597815 0.596724 0.597072 0.598865 0.602123 0.606887 0.613216 0.621191 0.630915 0.642522 0.656174 0.672073 0.690466 0.711658 0.736020 0.764015 0.796218 0.833352 0.828063 0.812878 0.800133 0.789655 0.781305 0.774977 0.770592 0.768097 0.767461 0.768676 0.771757 0.776742 0.783692 0.792694 0.803865 0.817352 0.833341 0.852062 0.873796 0.898891 0.927771 0.960961 0.906596 0.855001 0.810812 0.772735 0.739777 0.711158 0.686263 0.664598 0.645768 0.629450 0.615382 0.603351 0.593184 0.584738 0.577902 0.572588 0.568728 0.566275 0.565199 0.565487 0.567142 0.570184 0.574651 0.580598 0.588102 0.597259 0.608194 0.621062 0.636051 0.653395 0.673378 0.696353 0.707244 0.700350 0.695247 0.691873 0.690186 0.690166 0.691813 0.695146 0.700206 0.707057 0.715784 0.726501 0.739353 0.754518 0.772217 0.792722 0.816367 0.843559 0.874806 0.910735 0.952134 1.000000 1670.500000 1.398715 0.814389
0.800941 0.778378 0.756371 0.737301 0.720863 0.706808 0.694933 0.685073 0.677098 0.670904 0.666412 0.663569 0.662339 0.662706 0.664677 0.668274 0.673541 0.680544 0.689374 0.696514 0.688951 0.683179 0.679125 0.676740 0.675994 0.676879 0.679405 0.683603 0.689525 0.697244 0.706861 0.718501 0.728930 0.717000 0.707131 0.699191 0.693079 0.688717 0.686053 0.685052 0.685705 0.688018 0.692019 0.697757 0.705305 0.714759 0.726243 0.739914 0.755966 0.774637 0.796220 0.821075 0.849645 0.882477 0.829481 0.781205 0.739923 0.704397 0.673675 0.647015 0.623830 0.603653 0.586108 0.570890 0.557753 0.546493 0.536947 0.528981 0.522489 0.517385 0.513605 0.511214 0.515128 0.520365 0.526992 0.535096 0.544787 0.556199 0.569501 0.584898 0.602643 0.623047 0.646492 0.673457 0.704541 0.740503 0.782319 0.831264 0.889026 0.957895 1.000000 0.940132 0.889049 0.845162 0.807257 0.774392 0.745824 0.720965 0.699339 0.680565 0.664331 0.650384 0.638517 0.628563 0.620386 0.613878 0.608958 0.605563 0.603652 0.603201 0.604206 0.606678 0.610647 0.615832 0.615317 0.616287 0.618752 0.622744 0.628311 0.635523 0.644474 0.655281 0.668094 0.683096 0.700514 0.720625 0.743770 0.770368 1234.500000 1.077733 0.770606
0.634175 0.682948 0.741784 0.813858 0.849304 0.795620 0.750019 0.710981 0.677357 0.648261 0.623001 0.601030 0.581909 0.565287 0.550879 0.538452 0.527816 0.518819 0.511334 0.505262 0.500524 0.497061 0.494829 0.493801 0.493965 0.495323 0.497891 0.501701 0.506800 0.513252 0.521143 0.530579 0.541691 0.554644 0.569637 0.586917 0.606785 0.629615 0.655873 0.686140 0.721158 0.713612 0.667586 0.628561 0.595200 0.566499 0.541682 0.520150 0.501426 0.485131 0.470960 0.458668 0.448053 0.438951 0.431230 0.424782 0.419520 0.415375 0.412294 0.410240 0.409187 0.409122 0.410046 0.411968 0.414912 0.418916 0.424029 0.430317 0.437866 0.446780 0.457188 0.469251 0.483163 0.499164 0.517551 0.538692 0.563048 0.591202 0.623901 0.662119 0.707139 0.760693 0.825176 0.903982 1.000000 0.889176 0.802205 0.732339 0.675164 0.627672 0.587745 0.553849 0.524845 0.499871 0.478266 0.459513 0.443202 0.429007 0.416666 0.405966 0.396734 0.388828 0.382133 0.376557 0.372025 0.368477 0.365870 0.364171 0.363358 0.363423 0.364366 0.366198 0.368942 0.372632 0.377314 0.383051 0.389918 0.398012 0.407452 0.418383 0.430984 0.445473 0.462123 0.481270 0.503338 0.528862 0.558529 0.593238 14576.000000 1.426884 0.577020
0.840927 0.806111 0.775858 0.749534 0.726631 0.706738 0.689522 0.674712 0.662086 0.651465 0.642703 0.635684 0.630319 0.626541 0.624303 0.623578 0.624356 0.626649 0.630482 0.632473 0.612003 0.594203 0.578764 0.565435 0.554010 0.544324 0.536240 0.529649 0.524467 0.520628 0.518083 0.516802 0.516769 0.517984 0.520462 0.524232 0.529342 0.535856 0.543859 0.553458 0.564788 0.578012 0.593334 0.611003 0.631323 0.654674 0.681523 0.712458 0.748223 0.789772 0.838345 0.895583 0.963702 1.000000 0.946085 0.899743 0.859704 0.824979 0.794791 0.768520 0.745669 0.725836 0.708694 0.693976 0.681465 0.670985 0.662394 0.655580 0.650455 0.646957 0.645042 0.644686 0.645886 0.648656 0.653030 0.659062 0.666827 0.676427 0.687989 0.701673 0.684288 0.662151 0.642902 0.626207 0.611793 0.599439 0.588966 0.580225 0.573101 0.567500 0.563352 0.560605 0.559225 0.559195 0.560516 0.563203 0.567290 0.572826 0.579882 0.588549 0.598944 0.611213 0.625532 0.642123 0.661254 0.683257 0.700052 0.693359 0.688436 0.685222 0.683677 0.683782 0.685540 0.688970 0.694116 0.701040 0.709831 0.720604 0.733503 0.748709 0.766444 0.786981 0.810656 0.837881 0.869165 0.905141 0.927661 0.881104 1708.500000 1.435276 0.784622
0.711522 0.715843 0.710998 0.707911 0.706546 0.706886 0.708935 0.712718 0.718282 0.725695 0.735051 0.746474 0.760118 0.776174 0.794880 0.816525 0.841466 0.870141 0.903091 0.929378 0.901142 0.876620 0.855404 0.837160 0.821615 0.808550 0.797786 0.789180 0.782624 0.778034 0.775356 0.774555 0.775622 0.778570 0.783436 0.790279 0.799184 0.810267 0.823673 0.839588 0.858237 0.879902 0.902844 0.868056 0.837793 0.811458 0.788570 0.768739 0.751647 0.737036 0.724695 0.714452 0.706173 0.699750 0.695102 0.692172 0.690924 0.691343 0.693435 0.697223 0.702756 0.710101 0.719353 0.730633 0.729033 0.715120 0.703391 0.693684 0.685872 0.679853 0.675553 0.672917 0.671914 0.672532 0.674778 0.678680 0.684285 0.691664 0.700910 0.712146 0.725524 0.741235 0.759511 0.780640 0.804972 0.832941 0.865083 0.902065 0.944728 0.994141 1.000000 0.963323 0.931406 0.903644 0.879546 0.858715 0.840826 0.825617 0.812871 0.802416 0.794115 0.787864 0.783582 0.781219 0.780746 0.782156 0.785467 0.790719 0.797977 0.786538 0.763678 0.743850 0.726732 0.712061 0.699623 0.689244 0.680784 0.674134 0.669210 0.665949 0.664313 0.664281 0.665853 0.669048 0.673905 0.680484 0.688870 0.699170 690.000000 1.181197 0.863638
0.662756 0.669725 0.678493 0.684541 0.678033 0.673253 0.670144 0.668667 0.668804 0.670557 0.673947 0.679016 0.685826 0.694464 0.705043 0.717705 0.732627 0.750027 0.770176 0.793400 0.820107 0.850794 0.842303 0.825965 0.812168 0.800722 0.791474 0.784305 0.779125 0.775870 0.774500 0.774999 0.777372 0.781649 0.787881 0.796147 0.806552 0.819233 0.834360 0.837653 0.804504 0.775676 0.750588 0.728774 0.709853 0.693518 0.679518 0.667649 0.657745 0.649672 0.643327 0.638628 0.635516 0.633955 0.633925 0.635426 0.638475 0.643111 0.649391 0.657393 0.667223 0.679012 0.688712 0.699149 0.711648 0.726384 0.743572 0.763477 0.786424 0.812811 0.843133 0.878002 0.918186 0.964661 0.982997 0.910619 0.850076 0.798886 0.755227 0.717732 0.685357 0.657292 0.632900 0.611674 0.595971 0.592578 0.590638 0.590127 0.591041 0.593388 0.597199 0.602520 0.609418 0.617982 0.628325 0.640590 0.654953 0.671629 0.690885 0.713045 0.738513 0.767786 0.801485 0.840396 0.885520 0.938153 1.000000 0.981968 0.931530 0.888056 0.850415 0.817726 0.789288 0.764541 0.743035 0.724402 0.708346 0.694624 0.683037 0.673426 0.665664 0.659649 0.655306 0.652583 0.651444 0.651878 0.653888 0.657499 1794.000000 1.107430 0.763421
0.794985 0.760368 0.730326 0.704200 0.681463 0.661693 0.644547 0.629745 0.617061 0.606310 0.597342 0.590036 0.584297 0.580052 0.577250 0.575854 0.575850 0.568527 0.553456 0.540431 0.529252 0.519752 0.511798 0.505284 0.500122 0.496249 0.493615 0.492188 0.491951 0.492902 0.495050 0.498424 0.503065 0.509030 0.516397 0.525265 0.535756 0.548022 0.562249 0.578665 0.597552 0.619255 0.644205 0.672939 0.706136 0.744666 0.738351 0.725158 0.714118 0.705083 0.697933 0.692579 0.688954 0.687013 0.686732 0.688109 0.691160 0.695921 0.702453 0.710838 0.721183 0.733627 0.748343 0.765544 0.785490 0.808504 0.834979 0.799265 0.767642 0.740141 0.716208 0.695398 0.677348 0.661766 0.648411 0.637089 0.627642 0.619942 0.613890 0.609410 0.606444 0.604957 0.604932 0.606367 0.609281 0.613708 0.619703 0.605662 0.585776 0.568481 0.553473 0.540506 0.529379 0.519927 0.512020 0.505548 0.500429 0.496597 0.494004 0.492619 0.492424 0.493418 0.495612 0.499034 0.503724 0.509378 0.513633 0.519221 0.526213 0.534702 0.544804 0.556661 0.570451 0.586390 0.604744 0.625840 0.650085 0.677983 0.710169 0.747455 0.790884 0.841824 0.902101 0.974203 1.000000 0.935901 0.881519 0.835012 5592.500000 1.448399 0.769511
0.622464 0.635806 0.651335 0.669295 0.689983 0.704815 0.688936 0.675348 0.663854 0.654295 0.646542 0.640496 0.636080 0.633240 0.631940 0.632166 0.633920 0.637222 0.642115 0.648658 0.656934 0.667052 0.679148 0.693393 0.709995 0.729211 0.751357 0.776820 0.806079 0.839732 0.878524 0.869726 0.843183 0.820131 0.800181 0.783021 0.768394 0.756091 0.745944 0.737821 0.731615 0.727251 0.724674 0.723853 0.724778 0.727459 0.731931 0.738247 0.746488 0.756758 0.769193 0.771995 0.741412 0.714816 0.691671 0.671544 0.654088 0.639016 0.626097 0.615143 0.606000 0.598547 0.592684 0.588339 0.585458 0.584004 0.583961 0.585328 0.588122 0.592377 0.598144 0.605499 0.614535 0.625375 0.638169 0.653103 0.667012 0.657870 0.650521 0.644871 0.640849 0.638405 0.637510 0.638152 0.640340 0.644100 0.649479 0.656543 0.665382 0.676115 0.688885 0.703876 0.721310 0.741462 0.764667 0.791339 0.821991 0.857261 0.897955 0.945094 1.000000 0.981804 0.920767 0.868845 0.824347 0.785985 0.752768 0.723919 0.698820 0.676979 0.658000 0.641559 0.627394 0.615292 0.605077 0.596610 0.589778 0.584493 0.580688 0.578317 0.577350 0.577776 0.579600 0.582844 0.587548 0.593771 0.601592 0.611113 18634.500000 1.348101 0.809250
0.866661 0.862241 0.859926 0.859690 0.861528 0.865464 0.871545 0.879847 0.890474 0.903565 0.919294 0.937880 0.959592 0.984762 0.985951 0.937395 0.895452 0.859084 0.827469 0.799958 0.776027 0.755252 0.737291 0.721863 0.708739 0.697736 0.688702 0.681520 0.676099 0.672057 0.668481 0.666541 0.666212 0.667491 0.670393 0.674953 0.681228 0.689297 0.699264 0.711262 0.725458 0.742056 0.761308 0.783523 0.809081 0.838452 0.872215 0.898169 0.892955 0.889934 0.889067 0.890344 0.893782 0.899422 0.907332 0.917614 0.930398 0.944838 0.904401 0.869291 0.838750 0.812173 0.789071 0.769048 0.751783 0.737012 0.724523 0.714141 0.705729 0.699178 0.694404 0.691350 0.689977 0.690269 0.692230 0.695883 0.701273 0.708468 0.717558 0.728663 0.741933 0.757553 0.775755 0.796819 0.810377 0.809013 0.809601 0.812148 0.816685 0.823267 0.831976 0.842924 0.856255 0.872149 0.890830 0.912576 0.937726 0.966697 1.000000 0.990710 0.937496 0.891745 0.852209 0.817917 0.788103 0.762158 0.739591 0.720007 0.703084 0.688558 0.676217 0.665886 0.657426 0.650726 0.645702 0.642290 0.640448 0.640155 0.641406 0.644218 0.648624 0.654678 0.669856 0.693045 0.719693 0.750352 0.785717 0.826671 19164.500000 1.053609 0.822134
0.592593 0.576523 0.562622 0.550671 0.540492 0.531941 0.524901 0.519279 0.515005 0.512023 0.510298 0.509809 0.510549 0.512528 0.515770 0.520315 0.526219 0.533559 0.542432 0.552960 0.565293 0.579617 0.596160 0.615200 0.637082 0.662232 0.691183 0.724606 0.763359 0.808549 0.861632 0.924559 1.000000 0.966148 0.896468 0.838046 0.788556 0.746283 0.709935 0.678522 0.651274 0.627583 0.606966 0.589035 0.573474 0.560029 0.548491 0.538690 0.530490 0.523777 0.518466 0.514489 0.511796 0.510354 0.510145 0.511168 0.513434 0.516972 0.521824 0.528053 0.535738 0.544982 0.555914 0.568691 0.583509 0.600604 0.620272 0.642872 0.668853 0.667802 0.652031 0.638490 0.626980 0.617339 0.609435 0.603167 0.598452 0.595234 0.593472 0.593146 0.594250 0.596799 0.600824 0.606374 0.613520 0.622353 0.632991 0.645581 0.660306 0.677388 0.697101 0.719782 0.745846 0.775808 0.810311 0.850169 0.864743 0.822836 0.786611 0.755183 0.727856 0.704075 0.683393 0.665448 0.649948 0.636652 0.625365 0.615930 0.608219 0.602131 0.597589 0.594537 0.592936 0.592769 0.594032 0.596742 0.600931 0.606650 0.613973 0.622994 0.633834 0.646643 0.661607 0.678955 0.684939 0.656812 0.632368 0.611098 682.000000 1.437220 0.730853
0.826195 0.859042 0.896859 0.940529 0.923760 0.901897 0.883124 0.867163 0.853789 0.842821 0.834115 0.827561 0.823076 0.820605 0.820119 0.821612 0.825102 0.830631 0.838268 0.848108 0.860280 0.874945 0.892305 0.912610 0.936170 0.963360 0.920168 0.878866 0.843057 0.811931 0.784845 0.761283 0.740826 0.723137 0.707939 0.695006 0.684156 0.675241 0.668145 0.662776 0.659068 0.656974 0.656471 0.657551 0.660229 0.664535 0.670524 0.678271 0.687875 0.699465 0.713199 0.729276 0.747937 0.769481 0.794273 0.822765 0.847057 0.827335 0.810419 0.796060 0.784057 0.774248 0.766505 0.760730 0.756852 0.754821 0.754615 0.756230 0.759686 0.765026 0.772314 0.781644 0.793137 0.806945 0.823261 0.842322 0.864418 0.889906 0.919224 0.952914 0.991648 1.000000 0.959972 0.925168 0.894880 0.868538 0.845681 0.825936 0.808996 0.794613 0.782584 0.772749 0.764977 0.759171 0.755258 0.753191 0.752943 0.754513 0.757919 0.763204 0.770431 0.779693 0.791109 0.788739 0.765030 0.744447 0.726646 0.711351 0.698334 0.687411 0.678434 0.671285 0.665872 0.662128 0.660007 0.659483 0.660550 0.663221 0.667529 0.673526 0.681287 0.690914 0.702533 0.716305 0.732427 0.751144 0.772752 0.797618 6732.500000 1.269765 0.844092
0.945473 0.956295 0.915237 0.879590 0.848584 0.821602 0.798146 0.777814 0.760278 0.745271 0.732576 0.722017 0.713452 0.706770 0.701888 0.698744 0.697301 0.697541 0.699466 0.703101 0.708490 0.715699 0.724820 0.735973 0.749308 0.765012 0.783316 0.804503 0.828920 0.856995 0.889256 0.926359 0.969130 1.000000 0.952050 0.910582 0.874594 0.843297 0.816061 0.792378 0.771838 0.754107 0.738912 0.726032 0.715287 0.706532 0.699655 0.694567 0.691206 0.689530 0.689520 0.691175 0.694514 0.699580 0.706435 0.715165 0.725884 0.738736 0.753901 0.771599 0.792102 0.815743 0.842932 0.874174 0.910098 0.885953 0.855580 0.829151 0.806190 0.786310 0.769196 0.754589 0.742282 0.732105 0.723924 0.717634 0.713155 0.710432 0.709433 0.710145 0.712577 0.716758 0.722740 0.730598 0.740432 0.752371 0.766579 0.783257 0.802653 0.825073 0.850889 0.880564 0.914666 0.953907 0.999180 0.995520 0.945473 0.902287 0.864866 0.832351 0.804059 0.779443 0.758061 0.739556 0.723634 0.710057 0.698633 0.689205 0.681648 0.675866 0.671785 0.669357 0.668550 0.669357 0.671785 0.675866 0.681648 0.689205 0.698633 0.710057 0.723634 0.739556 0.758061 0.779443 0.804059 0.832351 0.864866 0.902287 1565.500000 1.081548 0.781408
0.663779 0.628810 0.598712 0.572680 0.550087 0.530439 0.513340 0.498472 0.485578 0.474449 0.464913 0.456832 0.450092 0.444605 0.440297 0.437115 0.435019 0.437178 0.444045 0.452238 0.461873 0.473092 0.486069 0.501020 0.518207 0.537957 0.560677 0.586877 0.617205 0.652496 0.693841 0.742689 0.801013 0.871557 0.958257 1.000000 0.926546 0.865086 0.813110 0.768772 0.730689 0.697802 0.669291 0.644511 0.622947 0.604188 0.587900 0.573813 0.561708 0.551403 0.542754 0.535642 0.535340 0.537425 0.540834 0.545609 0.551811 0.559518 0.568834 0.579886 0.592832 0.607868 0.625231 0.645216 0.668183 0.658966 0.637547 0.618922 0.602764 0.588811 0.576848 0.566699 0.558223 0.551305 0.545856 0.541805 0.539103 0.537718 0.537631 0.538842 0.541366 0.544855 0.549558 0.555694 0.563340 0.572598 0.583596 0.596489 0.611471 0.628778 0.648703 0.671602 0.697920 0.728211 0.763173 0.803694 0.850925 0.906373 0.972057 0.894721 0.792747 0.713182 0.649553 0.597670 0.554700 0.518660 0.488121 0.462030 0.439592 0.444573 0.454367 0.465749 0.478900 0.494040 0.511441 0.531439 0.554455 0.581018 0.611802 0.647678 0.689790 0.739664 0.799388 0.871889 0.879304 0.810200 0.752847 0.704663 1673.500000 1.301041 0.540045
0.830195 0.857229 0.888296 0.924009 0.945232 0.914221 0.887249 0.863845 0.843623 0.826272 0.811536 0.799208 0.789121 0.781144 0.775176 0.771141 0.768992 0.768701 0.770266 0.773704 0.779059 0.786395 0.795807 0.807416 0.821376 0.807777 0.785399 0.766022 0.749341 0.735103 0.723107 0.713185 0.705209 0.699074 0.694705 0.692046 0.691067 0.691754 0.694116 0.698182 0.704003 0.711650 0.721221 0.732843 0.746674 0.762910 0.781794 0.803621 0.828756 0.857646 0.890848 0.929051 0.973128 1.000000 0.957841 0.921223 0.889365 0.861643 0.837554 0.816689 0.798715 0.783363 0.770410 0.759680 0.751028 0.744344 0.739545 0.736569 0.735382 0.735969 0.738337 0.742515 0.748555 0.756530 0.766544 0.778728 0.793247 0.810308 0.821736 0.802529 0.786050 0.772056 0.760352 0.750779 0.743212 0.737555 0.733738 0.731714 0.731458 0.732968 0.736262 0.741379 0.748383 0.757363 0.768435 0.781747 0.797483 0.815871 0.837192 0.861789 0.890084 0.922598 0.941426 0.903431 0.870399 0.841654 0.816651 0.794951 0.776195 0.760093 0.746407 0.734945 0.725550 0.718101 0.712503 0.708685 0.706601 0.706226 0.707554 0.710603 0.715409 0.722032 0.730555 0.741088 0.753772 0.768782 0.786335 0.806697 4994.500000 1.050727 0.841994
0.813830 0.789866 0.769073 0.751110 0.735698 0.722612 0.711668 0.702719 0.695646 0.690361 0.686798 0.684913 0.684683 0.686106 0.689199 0.693999 0.700565 0.708982 0.719357 0.731830 0.746574 0.763801 0.783775 0.806818 0.833324 0.863784 0.898802 0.875995 0.847153 0.822068 0.800297 0.781484 0.765337 0.751617 0.740133 0.730728 0.723279 0.717693 0.713898 0.711850 0.711522 0.712912 0.716035 0.720930 0.727657 0.736302 0.746976 0.759821 0.775016 0.792780 0.813382 0.831945 0.808519 0.788224 0.770733 0.755783 0.743159 0.732685 0.724223 0.717663 0.712923 0.709945 0.708691 0.709148 0.711319 0.715232 0.720935 0.728499 0.738020 0.749623 0.763465 0.779742 0.798694 0.820617 0.845872 0.874905 0.908269 0.946649 0.951186 0.912383 0.878657 0.849307 0.823776 0.801609 0.782440 0.765968 0.751950 0.740187 0.730519 0.722819 0.716989 0.712956 0.710671 0.710105 0.711253 0.714127 0.718763 0.725219 0.719002 0.706048 0.695198 0.686305 0.679252 0.673950 0.670332 0.668355 0.667993 0.669244 0.672121 0.676661 0.682918 0.690973 0.700928 0.712917 0.727106 0.743698 0.762947 0.785160 0.810718 0.840087 0.873848 0.912727 0.957642 1.000000 0.951436 0.909460 0.873045 0.841383 7239.000000 1.040288 0.826327
0.787695 0.776439 0.767323 0.760228 0.755066 0.751772 0.750307 0.750652 0.752812 0.756812 0.762703 0.770557 0.780474 0.792585 0.807052 0.824079 0.843916 0.866873 0.840225 0.806292 0.776792 0.751120 0.728790 0.709410 0.692658 0.678276 0.666051 0.655811 0.647417 0.640759 0.635753 0.632336 0.630466 0.630121 0.631296 0.634006 0.638283 0.644181 0.651774 0.661160 0.672464 0.685842 0.701487 0.719637 0.740582 0.745110 0.739490 0.735713 0.733733 0.733525 0.735089 0.738442 0.743625 0.750703 0.759764 0.770928 0.784341 0.800192 0.818710 0.840177 0.864939 0.893424 0.926156 0.963787 1.000000 0.949875 0.906615 0.869127 0.836551 0.808205 0.783543 0.762124 0.743588 0.727643 0.714052 0.702621 0.693194 0.685647 0.679882 0.675828 0.673435 0.672674 0.673535 0.676028 0.680186 0.686057 0.693717 0.703263 0.714821 0.728551 0.744646 0.733878 0.721033 0.710311 0.701569 0.694693 0.689595 0.686213 0.684504 0.684449 0.686047 0.689317 0.694298 0.701053 0.709668 0.720253 0.732952 0.736902 0.733227 0.731342 0.731224 0.732871 0.736304 0.741563 0.748716 0.757850 0.769087 0.782575 0.798502 0.817101 0.838655 0.863514 0.892107 0.882792 0.857723 0.835997 0.817265 0.801241 1369.000000 1.201245 0.861975
0.877167 0.868578 0.837785 0.810987 0.787689 0.767490 0.750062 0.735140 0.722507 0.711987 0.703439 0.696753 0.691844 0.688650 0.687134 0.687277 0.689080 0.692565 0.697776 0.704776 0.713654 0.724527 0.737541 0.752877 0.770761 0.791469 0.815339 0.790593 0.758284 0.730201 0.705765 0.684506 0.666048 0.650085 0.636366 0.624688 0.614885 0.606825 0.600401 0.595531 0.592154 0.590230 0.589734 0.590661 0.593021 0.596844 0.602177 0.609087 0.617662 0.628017 0.640293 0.654668 0.671357 0.690627 0.712804 0.738290 0.767584 0.801309 0.840250 0.885412 0.938093 1.000000 0.941726 0.891634 0.848542 0.811288 0.778965 0.750858 0.726399 0.705127 0.686673 0.670735 0.657068 0.645470 0.635779 0.627865 0.621626 0.616980 0.613872 0.612262 0.612131 0.613478 0.616319 0.620689 0.626642 0.634252 0.643620 0.654869 0.668157 0.683677 0.701665 0.722413 0.746278 0.773701 0.805230 0.841551 0.877167 0.837101 0.802384 0.772218 0.745969 0.723132 0.703295 0.686126 0.671355 0.658759 0.648161 0.639413 0.632402 0.627038 0.623252 0.620999 0.620251 0.620999 0.623252 0.627038 0.632402 0.639413 0.648161 0.658759 0.671355 0.686126 0.703295 0.723132 0.745969 0.772218 0.802384 0.837101 15319.500000 1.139273 0.769969
0.767010 0.794418 0.825920 0.862187 0.853228 0.831850 0.813428 0.797684 0.784392 0.773368 0.764466 0.757571 0.752596 0.749480 0.748185 0.748694 0.751015 0.755175 0.761225 0.769242 0.779326 0.772176 0.750994 0.732660 0.716887 0.703437 0.692120 0.682779 0.675293 0.669564 0.665522 0.663116 0.662317 0.668538 0.676861 0.687071 0.699303 0.713730 0.730562 0.750057 0.772534 0.798381 0.828083 0.862237 0.901595 0.947109 1.000000 0.995033 0.915291 0.849277 0.793928 0.747042 0.706993 0.672557 0.642797 0.619626 0.606979 0.596246 0.587275 0.579947 0.574166 0.569858 0.566971 0.565467 0.565330 0.566558 0.569165 0.573183 0.578663 0.585672 0.594303 0.604671 0.616919 0.631226 0.647811 0.666940 0.688943 0.714227 0.743297 0.776784 0.815487 0.822900 0.822516 0.824116 0.827721 0.833374 0.841145 0.851132 0.863465 0.878307 0.895864 0.916390 0.940196 0.967666 0.922484 0.875181 0.834404 0.799097 0.768433 0.741757 0.718543 0.698370 0.680894 0.665836 0.652969 0.642107 0.633101 0.625831 0.620203 0.616147 0.613612 0.612567 0.613000 0.614916 0.618339 0.623310 0.629891 0.635687 0.638219 0.642324 0.648054 0.655481 0.664700 0.675833 0.689033 0.704491 0.722438 0.743161 5909.500000 1.118141 0.771410
