30
1000 1000
4 61 120 115 80 189 140 114 203
7 39 43 47 32 67 33 64 50 59 55 52 59 37 53
6 13 13 19 -5 45 -9 61 14 38 38 17 31
5 56 75 90 68 121 89 85 118 66 104
7 16 50 44 38 62 44 86 53 66 75 46 80 17 72
3 80 141 260 235 112 318
6 -5 33 17 6 65 12 115 31 68 106 9 93
8 16 8 32 1 44 5 58 21 45 38 30 34 19 33 10 22
6 8 29 17 15 40 10 45 31 42 45 21 57
5 38 66 87 49 150 106 96 146 36 153
4 -10 14 10 -5 27 17 8 39
5 51 37 103 31 122 65 108 103 64 91
7 -10 27 30 22 49 33 87 61 58 91 28 93 -21 78
8 41 60 57 43 73 36 86 47 106 64 88 83 75 81 50 81
4 137 45 182 91 144 138 94 102
5 6 37 66 51 117 75 71 151 20 105
7 -7 20 31 3 60 2 82 32 61 83 30 94 -13 64
6 132 102 192 98 195 137 174 163 145 181 135 137
3 73 44 253 154 45 245
6 53 116 57 78 101 86 133 124 98 156 52 159
4 47 -26 106 36 48 80 -9 30
7 28 18 39 3 52 5 50 23 51 41 38 36 20 31
6 15 9 39 18 55 42 36 62 16 63 -2 40
3 94 43 213 78 84 155
3 44 6 110 19 43 57
4 92 46 130 91 78 140 55 94
3 29 64 144 139 -6 246
4 50 8 72 32 50 65 7 39
4 37 66 62 25 89 74 62 118
8 15 34 23 29 39 35 44 44 32 57 27 63 11 55 7 49
