0.862595 0.888067 0.917366 0.934535 0.905979 0.881176 0.859711 0.841245 0.825503 0.812260 0.801335 0.792584 0.785895 0.781184 0.778394 0.777490 0.778460 0.781318 0.786098 0.792859 0.801685 0.812689 0.826018 0.841852 0.860419 0.881997 0.906925 0.935623 0.968607 0.949709 0.922603 0.899107 0.878842 0.861501 0.846831 0.834630 0.824734 0.817015 0.811375 0.807746 0.806082 0.806364 0.808595 0.812801 0.819035 0.827374 0.837923 0.850822 0.866243 0.884404 0.905570 0.906750 0.875929 0.849113 0.825820 0.805661 0.788315 0.773526 0.761080 0.750809 0.742577 0.736278 0.731832 0.729187 0.728308 0.729187 0.731832 0.736278 0.742577 0.750809 0.761080 0.773526 0.788315 0.805661 0.825820 0.849113 0.875929 0.906750 0.942172 0.982937 1.000000 0.965627 0.935718 0.909732 0.887230 0.867855 0.851315 0.837373 0.825837 0.816556 0.809409 0.804308 0.801188 0.800012 0.800765 0.803458 0.808122 0.814815 0.823621 0.834651 0.848052 0.864006 0.882739 0.904530 0.929720 0.923758 0.893628 0.867426 0.844693 0.825059 0.808219 0.793927 0.781983 0.772226 0.764529 0.758793 0.754948 0.752946 0.752764 0.754399 0.757871 0.763222 0.770518 0.779853 0.791346 0.805151 0.821461 0.840512 1386.500000 1.091619 0.859993
0.609206 0.615523 0.623490 0.633212 0.634896 0.627748 0.622243 0.618309 0.615899 0.614984 0.615553 0.617611 0.621185 0.626318 0.633075 0.641541 0.651828 0.664077 0.668503 0.670550 0.674238 0.679614 0.686744 0.695719 0.706657 0.719705 0.735049 0.752914 0.773579 0.797387 0.824755 0.856206 0.892385 0.934107 0.982403 0.952046 0.907955 0.869770 0.836601 0.807744 0.782633 0.760815 0.741918 0.725644 0.711746 0.700024 0.690319 0.682501 0.676470 0.672149 0.669486 0.668448 0.669022 0.671216 0.675055 0.680588 0.687883 0.697034 0.708160 0.721414 0.706855 0.691656 0.678697 0.667794 0.658798 0.651590 0.646078 0.642192 0.639885 0.639128 0.639913 0.642250 0.646165 0.651709 0.658949 0.667980 0.678920 0.677436 0.667764 0.659932 0.653838 0.649406 0.646581 0.645329 0.645633 0.647498 0.650947 0.656022 0.662786 0.671324 0.681750 0.694203 0.708859 0.725934 0.745693 0.759645 0.770378 0.783333 0.798688 0.816664 0.837532 0.861624 0.889350 0.921212 0.957835 1.000000 0.960569 0.905946 0.859159 0.818843 0.783944 0.753641 0.727280 0.704340 0.684401 0.667123 0.652229 0.639492 0.628729 0.619790 0.612557 0.606936 0.602857 0.600268 0.599139 0.599455 0.601221 0.604458 6535.500000 1.322239 0.827526
0.981097 0.912142 0.854165 0.804942 0.762820 0.726551 0.695173 0.667935 0.644245 0.623629 0.605705 0.590165 0.576757 0.565276 0.555556 0.547460 0.540882 0.535735 0.531955 0.529494 0.528323 0.528428 0.529808 0.532483 0.536483 0.541860 0.548680 0.557033 0.567032 0.578816 0.592558 0.608470 0.626812 0.647903 0.672139 0.700010 0.732133 0.769289 0.812479 0.863010 0.922613 0.993632 0.962514 0.933694 0.908676 0.887044 0.868461 0.852654 0.839397 0.828512 0.819855 0.813317 0.808815 0.806294 0.805724 0.807097 0.810432 0.815767 0.823169 0.832731 0.844577 0.858863 0.875787 0.876988 0.837681 0.803600 0.773975 0.748194 0.725769 0.706300 0.689466 0.675004 0.662700 0.652380 0.643904 0.637161 0.632064 0.628551 0.626577 0.626120 0.627173 0.629749 0.633880 0.639617 0.647031 0.656218 0.667301 0.680432 0.695801 0.707642 0.697273 0.688839 0.682231 0.677364 0.674179 0.672637 0.672719 0.674426 0.677778 0.682817 0.689606 0.698229 0.708801 0.721462 0.736390 0.753803 0.773969 0.797217 0.823952 0.844469 0.834348 0.826434 0.820628 0.816856 0.815074 0.815259 0.817414 0.821565 0.827762 0.836083 0.846634 0.859551 0.875010 0.893226 0.914466 0.939058 0.967405 1.000000 4310.500000 1.303852 0.798114
0.862043 0.888011 0.917872 0.952185 0.951931 0.934999 0.920838 0.909258 0.900107 0.893269 0.888658 0.886219 0.885922 0.887763 0.891764 0.897975 0.906472 0.917363 0.930788 0.946926 0.955016 0.932778 0.913704 0.897513 0.883978 0.872918 0.864186 0.857674 0.853299 0.851008 0.850774 0.852593 0.856488 0.862506 0.870721 0.881238 0.894193 0.909758 0.882853 0.852742 0.826543 0.803784 0.784084 0.767130 0.752668 0.740493 0.730437 0.722367 0.716180 0.711799 0.709169 0.708258 0.709055 0.711571 0.715835 0.721900 0.729842 0.739762 0.751792 0.766096 0.782878 0.802387 0.824932 0.850889 0.880724 0.915011 0.954468 1.000000 0.994325 0.973933 0.956619 0.942140 0.930300 0.920946 0.913957 0.909248 0.906760 0.906464 0.908355 0.912458 0.918821 0.927523 0.938675 0.952421 0.956874 0.927579 0.902134 0.880112 0.861164 0.845007 0.831412 0.820192 0.811198 0.804317 0.799461 0.796571 0.795611 0.796571 0.799461 0.804317 0.811198 0.820192 0.831412 0.845007 0.861164 0.880112 0.883827 0.858409 0.836370 0.817354 0.801070 0.787282 0.775799 0.766465 0.759160 0.753793 0.750295 0.748625 0.748762 0.750708 0.754486 0.760143 0.767750 0.777401 0.789224 0.803378 0.820060 0.839515 1101.500000 1.274945 0.889395
0.891487 0.925843 0.965372 1.000000 0.966009 0.936436 0.910747 0.888514 0.869386 0.853075 0.839350 0.828022 0.818943 0.811996 0.807094 0.788239 0.756975 0.729788 0.706128 0.685553 0.667707 0.652298 0.639089 0.627886 0.618535 0.610907 0.604905 0.600453 0.597494 0.595993 0.595932 0.597310 0.600143 0.604466 0.610222 0.612242 0.615764 0.620831 0.627507 0.635876 0.646049 0.658164 0.672393 0.688947 0.708085 0.730127 0.755463 0.784579 0.818079 0.856723 0.901479 0.953593 0.951006 0.924898 0.902300 0.882857 0.866276 0.852323 0.840805 0.831571 0.824502 0.819510 0.816534 0.815536 0.816506 0.819455 0.824418 0.831457 0.840659 0.852144 0.866062 0.848219 0.820674 0.796721 0.775943 0.758000 0.742618 0.729569 0.718673 0.709783 0.702782 0.697582 0.694118 0.692348 0.692251 0.693824 0.697089 0.702083 0.708870 0.717534 0.720903 0.711174 0.703376 0.697410 0.693199 0.690693 0.689861 0.690693 0.693199 0.697410 0.703376 0.711174 0.720903 0.732691 0.746700 0.763130 0.782225 0.780835 0.765907 0.753319 0.742899 0.734509 0.728040 0.723412 0.720568 0.719472 0.720112 0.722494 0.726650 0.732628 0.740504 0.750379 0.762382 0.776677 0.793467 0.813000 0.835583 0.861591 4426.500000 1.201263 0.857868
0.470660 0.484838 0.496945 0.488934 0.482321 0.477018 0.472957 0.470088 0.468375 0.467798 0.468348 0.470034 0.472875 0.476907 0.482179 0.488760 0.496736 0.506217 0.517337 0.530263 0.545199 0.562394 0.582158 0.604872 0.631011 0.661177 0.696133 0.736866 0.784670 0.841273 0.909039 0.991275 0.916910 0.834022 0.766571 0.710798 0.664081 0.624539 0.590784 0.561774 0.536713 0.514980 0.496087 0.479646 0.465345 0.452931 0.442201 0.432986 0.425150 0.418583 0.413197 0.408920 0.405698 0.403490 0.402271 0.402024 0.402748 0.404450 0.407152 0.410886 0.415700 0.421657 0.428834 0.437332 0.447273 0.458808 0.459354 0.454293 0.450416 0.447673 0.446032 0.445472 0.445987 0.447582 0.450277 0.454106 0.459116 0.465371 0.472954 0.481969 0.492543 0.504836 0.519040 0.535394 0.554191 0.575793 0.600653 0.629341 0.662583 0.701317 0.746771 0.800588 0.865009 0.943177 1.000000 0.902213 0.823655 0.759364 0.705961 0.661063 0.622946 0.590329 0.562245 0.537949 0.516860 0.498517 0.482554 0.468676 0.456643 0.446261 0.437370 0.429842 0.423572 0.418476 0.414488 0.411557 0.409648 0.408736 0.408811 0.409873 0.411936 0.415025 0.419178 0.424447 0.430902 0.438630 0.447738 0.458360 1511.000000 2.138685 0.602832
0.928422 0.913976 0.902113 0.892677 0.885547 0.880635 0.877880 0.877250 0.878736 0.882356 0.888154 0.896203 0.906603 0.919488 0.935029 0.953442 0.974990 1.000000 0.969074 0.921645 0.880664 0.845122 0.814223 0.787334 0.763945 0.743646 0.726102 0.711039 0.698237 0.687515 0.678727 0.671759 0.666523 0.662952 0.660906 0.660440 0.661568 0.664303 0.668678 0.674748 0.682588 0.692300 0.704012 0.717887 0.734124 0.752969 0.774722 0.799753 0.828519 0.861584 0.860254 0.853918 0.849708 0.847570 0.847480 0.849436 0.853462 0.859607 0.867948 0.878589 0.891669 0.907363 0.925890 0.947520 0.972583 0.946126 0.922676 0.902481 0.885239 0.870701 0.858669 0.848982 0.841515 0.836176 0.832898 0.831641 0.832390 0.835154 0.839967 0.826668 0.813590 0.802823 0.794226 0.787688 0.783128 0.780491 0.779743 0.780876 0.783903 0.788862 0.795814 0.804845 0.816072 0.829644 0.845746 0.864611 0.879312 0.854028 0.832106 0.813192 0.796995 0.783282 0.771860 0.762577 0.755313 0.749976 0.746499 0.744841 0.744980 0.746920 0.740081 0.734874 0.731489 0.729887 0.730045 0.731968 0.735678 0.741221 0.748665 0.758104 0.769663 0.783497 0.799798 0.818808 0.840817 0.866187 0.895360 0.928882 19043.500000 1.107911 0.884795
0.953013 1.000000 0.946857 0.901138 0.861611 0.827316 0.797493 0.771540 0.748971 0.729391 0.712482 0.697983 0.685680 0.675403 0.667013 0.660400 0.655480 0.652193 0.650091 0.636866 0.625646 0.616274 0.608623 0.602593 0.598108 0.595113 0.593570 0.593462 0.594786 0.597558 0.601814 0.607604 0.615003 0.624107 0.635037 0.647946 0.663020 0.680491 0.700642 0.723819 0.750451 0.781072 0.816349 0.838704 0.819393 0.802842 0.788809 0.777098 0.767552 0.760047 0.754486 0.750802 0.748950 0.748906 0.741816 0.727589 0.715589 0.705651 0.697643 0.691461 0.687029 0.684292 0.683215 0.683786 0.686013 0.689922 0.695560 0.702999 0.712334 0.723687 0.737212 0.753101 0.771590 0.792968 0.817590 0.845894 0.855797 0.829346 0.806366 0.786469 0.769338 0.754718 0.742398 0.732209 0.724017 0.717716 0.713227 0.707744 0.692507 0.679515 0.668582 0.659559 0.652327 0.646794 0.642889 0.640565 0.639793 0.640565 0.642889 0.646794 0.652327 0.659559 0.668582 0.679515 0.676272 0.665518 0.656657 0.649574 0.644178 0.640400 0.638195 0.637536 0.638415 0.640841 0.644846 0.650478 0.657808 0.666931 0.677965 0.691065 0.706415 0.724248 0.744845 0.768553 0.795801 0.827117 0.863164 0.904775 4447.000000 1.122116 0.839211
0.445693 0.447451 0.450313 0.454313 0.459502 0.465946 0.473731 0.482964 0.493777 0.506333 0.520832 0.537518 0.556695 0.578736 0.604111 0.633408 0.667381 0.707005 0.753561 0.808767 0.874975 0.955497 1.000000 0.950150 0.907115 0.869815 0.837398 0.809191 0.784650 0.763339 0.744902 0.729050 0.715546 0.704199 0.694854 0.687388 0.681706 0.677736 0.675430 0.674759 0.675716 0.678313 0.682580 0.688570 0.658198 0.631343 0.608000 0.587688 0.570017 0.554675 0.541408 0.530008 0.520305 0.512163 0.505470 0.500140 0.496104 0.493311 0.491727 0.486468 0.481999 0.478754 0.476693 0.475791 0.476037 0.477434 0.479999 0.483763 0.488774 0.495095 0.502809 0.512020 0.522857 0.535482 0.550089 0.566920 0.586269 0.608505 0.634081 0.663570 0.697698 0.737400 0.783896 0.838807 0.904332 0.938411 0.900501 0.867544 0.838864 0.813917 0.792265 0.773550 0.757482 0.743823 0.732381 0.723002 0.715561 0.709965 0.706144 0.704051 0.703660 0.704967 0.707988 0.712759 0.719340 0.727813 0.738288 0.750904 0.717806 0.676534 0.641210 0.610790 0.584470 0.561622 0.541749 0.524455 0.509419 0.496385 0.485140 0.475514 0.467366 0.460584 0.455077 0.450772 0.447617 0.445571 0.444611 0.444723 4711.500000 1.442182 0.723170
0.601541 0.592998 0.586085 0.580715 0.576819 0.574350 0.573277 0.573587 0.575284 0.578389 0.582939 0.588992 0.596624 0.605936 0.617052 0.630131 0.645365 0.662990 0.683297 0.706644 0.733472 0.764332 0.799914 0.841095 0.811963 0.786355 0.764097 0.744809 0.728183 0.713964 0.701950 0.691972 0.683898 0.677625 0.673072 0.670183 0.668924 0.669279 0.671252 0.674868 0.680170 0.687225 0.696122 0.706979 0.719941 0.735191 0.752955 0.773508 0.797189 0.824415 0.855700 0.891687 0.933180 0.981202 0.926668 0.872330 0.825891 0.785944 0.751409 0.721447 0.695394 0.672721 0.653003 0.635896 0.621121 0.608450 0.597696 0.588710 0.581369 0.575579 0.571266 0.568376 0.566873 0.566741 0.567976 0.570595 0.574629 0.580127 0.583829 0.578013 0.573681 0.570778 0.569268 0.569135 0.570374 0.573003 0.577053 0.582574 0.589635 0.598330 0.608772 0.621109 0.635519 0.652222 0.671488 0.693648 0.719113 0.748391 0.782117 0.821099 0.866366 0.919260 0.981551 1.000000 0.953274 0.912820 0.877688 0.847125 0.820530 0.797416 0.777390 0.760132 0.745380 0.732922 0.722586 0.714233 0.707758 0.703077 0.700133 0.698890 0.699334 0.701469 0.695764 0.673830 0.654767 0.638247 0.624007 0.611831 19650.500000 1.312588 0.769055
0.863859 0.761961 0.683038 0.620283 0.569346 0.527314 0.492165 0.462454 0.437119 0.415364 0.396582 0.380302 0.366153 0.353841 0.343129 0.333828 0.325782 0.318864 0.312973 0.308024 0.303950 0.300697 0.298224 0.296500 0.295503 0.295222 0.295653 0.296801 0.298681 0.301315 0.304736 0.308990 0.314131 0.320230 0.327376 0.335674 0.345258 0.356289 0.368965 0.383536 0.400308 0.419672 0.442124 0.468305 0.499061 0.535520 0.579233 0.632375 0.698104 0.781182 0.795171 0.750764 0.712680 0.679833 0.651380 0.626662 0.605156 0.586443 0.570185 0.556108 0.543988 0.533643 0.524925 0.517715 0.511917 0.507456 0.504276 0.502339 0.501620 0.502112 0.503819 0.506763 0.510980 0.516522 0.523461 0.531887 0.541916 0.553691 0.567385 0.583215 0.601443 0.622396 0.606681 0.567144 0.533652 0.505044 0.480446 0.459187 0.440747 0.424714 0.410762 0.398627 0.388096 0.378997 0.371189 0.364556 0.359006 0.354464 0.350870 0.348178 0.346356 0.345380 0.345239 0.345931 0.347465 0.349858 0.353142 0.357357 0.362558 0.368814 0.376212 0.384859 0.394887 0.406457 0.419766 0.435061 0.452643 0.472895 0.496294 0.523457 0.555180 0.592515 0.636879 0.690222 0.755303 0.836158 0.938933 1.000000 2200.000000 1.849932 0.527977
0.935002 0.895289 0.860801 0.830798 0.804690 0.782000 0.762340 0.745396 0.730911 0.718677 0.708525 0.700319 0.693953 0.689348 0.686447 0.685213 0.685633 0.687711 0.691473 0.696965 0.704254 0.713434 0.724626 0.732714 0.712545 0.695086 0.680062 0.667247 0.656458 0.647548 0.640398 0.634918 0.631038 0.628710 0.627907 0.628618 0.630852 0.634637 0.640018 0.645659 0.635702 0.627535 0.621053 0.616173 0.612833 0.610994 0.610632 0.611744 0.614342 0.618459 0.624145 0.631472 0.640534 0.651453 0.664379 0.679498 0.697039 0.717284 0.740578 0.767346 0.798117 0.833550 0.874480 0.921974 0.977412 0.999799 0.951593 0.909913 0.873748 0.842299 0.814931 0.791131 0.770485 0.752656 0.737370 0.724403 0.713574 0.704736 0.697775 0.692603 0.689154 0.687388 0.687282 0.688835 0.692066 0.697015 0.703743 0.712335 0.722902 0.707338 0.684688 0.664997 0.647923 0.633192 0.620577 0.609896 0.601000 0.593769 0.588111 0.583952 0.581243 0.579949 0.580055 0.581562 0.584489 0.588872 0.594764 0.602242 0.605474 0.607320 0.610654 0.615515 0.621964 0.630085 0.639982 0.651790 0.665676 0.681845 0.700548 0.722096 0.746867 0.775333 0.808078 0.845838 0.889549 0.940412 1.000000 0.980875 557.500000 1.246814 0.801892
0.705888 0.728874 0.755289 0.785655 0.820624 0.861022 0.907904 0.962638 0.963073 0.935557 0.911705 0.891132 0.873526 0.858630 0.846237 0.836184 0.828338 0.822602 0.818904 0.817199 0.817466 0.819708 0.823954 0.830254 0.838688 0.849361 0.862415 0.844672 0.813744 0.786829 0.763418 0.743098 0.725535 0.710455 0.697635 0.686895 0.678089 0.671103 0.665847 0.662256 0.660285 0.659911 0.661130 0.663955 0.668422 0.674585 0.682523 0.684880 0.684588 0.685949 0.688978 0.693712 0.700211 0.708556 0.718854 0.731244 0.745897 0.763025 0.782889 0.775037 0.760326 0.747932 0.737684 0.729446 0.723114 0.718606 0.715869 0.714867 0.715590 0.718046 0.722266 0.728299 0.736223 0.746139 0.758177 0.772501 0.789315 0.808869 0.831471 0.857497 0.887412 0.921791 0.961350 1.000000 0.959140 0.923626 0.892721 0.865837 0.842494 0.822306 0.804957 0.790188 0.777793 0.767600 0.759478 0.753321 0.749053 0.746622 0.745998 0.747173 0.750163 0.755002 0.761752 0.768158 0.740072 0.715631 0.694372 0.675921 0.659973 0.646282 0.634646 0.624900 0.616912 0.610578 0.605818 0.602572 0.600800 0.600481 0.601610 0.604203 0.608289 0.613920 0.621167 0.630123 0.640908 0.653671 0.668595 0.685908 19030.000000 1.234372 0.846720
0.829872 0.868416 0.865840 0.833289 0.804965 0.780321 0.758915 0.740389 0.724449 0.710858 0.699421 0.689982 0.682416 0.676627 0.672542 0.670111 0.669304 0.670111 0.672542 0.676627 0.682416 0.689982 0.699421 0.710858 0.724449 0.740389 0.758915 0.780321 0.804965 0.833289 0.865840 0.903303 0.946538 0.996642 0.957162 0.907699 0.865078 0.828186 0.796152 0.768285 0.744035 0.722957 0.704691 0.688945 0.675479 0.664098 0.654645 0.646994 0.641047 0.636728 0.633984 0.632781 0.633105 0.634960 0.638368 0.643372 0.650033 0.658435 0.668691 0.680937 0.695346 0.712131 0.731552 0.753929 0.779657 0.809220 0.819890 0.794871 0.773141 0.754337 0.738161 0.724373 0.712777 0.703213 0.695556 0.689708 0.685595 0.683167 0.682394 0.683267 0.685797 0.690014 0.695970 0.703740 0.713423 0.725148 0.739075 0.755403 0.774377 0.796296 0.821528 0.850529 0.883858 0.922219 0.966495 1.000000 0.943037 0.894252 0.852218 0.815835 0.784244 0.756763 0.732849 0.712063 0.694049 0.678518 0.665235 0.654007 0.644679 0.637127 0.631253 0.626983 0.624264 0.623063 0.623366 0.625176 0.628514 0.633423 0.639963 0.648217 0.658294 0.670329 0.684492 0.700992 0.720085 0.742084 0.767377 0.796442 940.000000 1.188912 0.772646
0.949728 1.000000 0.990419 0.947233 0.909756 0.877164 0.848800 0.824137 0.802746 0.784279 0.768452 0.755034 0.743837 0.734713 0.727540 0.722230 0.718715 0.716954 0.716923 0.718624 0.708677 0.696352 0.686073 0.677702 0.671130 0.666274 0.663074 0.661490 0.661504 0.663115 0.666343 0.671228 0.677830 0.686233 0.696546 0.708907 0.723490 0.740506 0.760218 0.762317 0.745905 0.731911 0.720136 0.710417 0.702627 0.696667 0.692461 0.689958 0.689127 0.689958 0.692461 0.696667 0.702627 0.710417 0.720136 0.731911 0.745905 0.744023 0.743272 0.744314 0.747161 0.751848 0.758433 0.766999 0.777655 0.790542 0.805838 0.823762 0.844581 0.868628 0.896306 0.928116 0.955439 0.916152 0.882008 0.852298 0.826450 0.804004 0.784585 0.767888 0.753665 0.741713 0.731870 0.724007 0.718021 0.713840 0.711411 0.710705 0.711713 0.714448 0.718942 0.725252 0.733455 0.727614 0.708210 0.691437 0.677033 0.664786 0.654523 0.646105 0.639422 0.634388 0.630940 0.629038 0.628656 0.629792 0.632458 0.636687 0.642531 0.650064 0.659383 0.670612 0.671559 0.672369 0.674808 0.678907 0.684716 0.692307 0.701777 0.713253 0.726890 0.742884 0.761473 0.782950 0.807677 0.836096 0.868758 0.906347 6330.500000 1.226897 0.859294
0.538206 0.542744 0.548691 0.556126 0.565144 0.575870 0.588456 0.603090 0.620002 0.639475 0.661857 0.687579 0.717179 0.751333 0.790904 0.837004 0.891089 0.955107 0.876395 0.778799 0.702285 0.640865 0.590634 0.548930 0.513884 0.484140 0.458696 0.436793 0.417847 0.401402 0.387101 0.374655 0.382264 0.392064 0.403376 0.416394 0.431354 0.448550 0.468348 0.491214 0.517737 0.548686 0.585070 0.628242 0.680062 0.743150 0.811049 0.793287 0.778121 0.765333 0.754748 0.746224 0.739653 0.734951 0.732062 0.730949 0.731599 0.734021 0.738242 0.744317 0.752319 0.762352 0.774547 0.789071 0.806129 0.825974 0.816393 0.783030 0.754033 0.728799 0.706848 0.687788 0.671304 0.657138 0.645080 0.634958 0.626635 0.620002 0.614973 0.611487 0.608144 0.586831 0.568285 0.552164 0.538193 0.526149 0.515847 0.507139 0.499904 0.494047 0.489491 0.486178 0.484068 0.483136 0.483369 0.484771 0.487359 0.491164 0.496234 0.507348 0.520479 0.535633 0.553068 0.573104 0.596135 0.622659 0.653299 0.688857 0.730368 0.779202 0.837194 0.906873 0.991811 1.000000 0.920847 0.855215 0.800115 0.753391 0.713446 0.679078 0.649361 0.623575 0.601152 0.581638 0.564669 0.549949 0.537238 0.535022 5145.500000 1.137583 0.586399
0.722739 0.728982 0.737126 0.747274 0.759561 0.774155 0.791264 0.811145 0.834112 0.860551 0.890937 0.925860 0.966055 1.000000 0.959723 0.924706 0.894233 0.867728 0.844726 0.824847 0.807784 0.793285 0.781146 0.771202 0.763324 0.757412 0.753392 0.751215 0.750853 0.752304 0.755584 0.760733 0.767815 0.776920 0.788165 0.801700 0.817712 0.819364 0.789467 0.763448 0.740818 0.721179 0.704206 0.689637 0.677257 0.666892 0.658402 0.651675 0.646627 0.643194 0.641334 0.641024 0.642261 0.645060 0.649455 0.655501 0.663273 0.672871 0.683130 0.678824 0.676191 0.675198 0.675835 0.678107 0.682044 0.687692 0.695124 0.704434 0.715744 0.729209 0.745019 0.763410 0.784670 0.809153 0.837296 0.869637 0.906849 0.933120 0.913895 0.897566 0.883901 0.872717 0.863868 0.857241 0.852754 0.850351 0.850004 0.851708 0.855484 0.861378 0.869463 0.879841 0.892645 0.908049 0.884526 0.841551 0.804406 0.772183 0.744166 0.719784 0.698578 0.680179 0.664282 0.650644 0.639063 0.629376 0.621454 0.615192 0.610511 0.607353 0.605679 0.605469 0.606721 0.609448 0.610169 0.611855 0.615036 0.619752 0.626060 0.634041 0.643799 0.655466 0.669206 0.685220 0.703756 0.714744 0.715663 0.718317 1411.000000 1.221663 0.855622
0.760013 0.774771 0.792058 0.796884 0.783367 0.772129 0.763022 0.755927 0.750755 0.747441 0.745945 0.746250 0.748359 0.752297 0.758113 0.765878 0.775693 0.787684 0.802015 0.818886 0.838546 0.861299 0.887519 0.917665 0.952306 0.978104 0.939857 0.906590 0.877640 0.852471 0.830651 0.811828 0.795713 0.782072 0.770717 0.761496 0.754288 0.749002 0.745574 0.743961 0.744144 0.746125 0.749928 0.755600 0.763210 0.772857 0.784665 0.798793 0.815440 0.834850 0.857322 0.883224 0.913008 0.935625 0.899401 0.867891 0.840469 0.816635 0.795979 0.778172 0.762941 0.750068 0.739373 0.730715 0.723981 0.719086 0.715971 0.714596 0.714946 0.717025 0.720857 0.726490 0.733994 0.743464 0.755024 0.768831 0.785080 0.804008 0.825911 0.851148 0.880163 0.864991 0.844379 0.826671 0.811606 0.798971 0.788594 0.780338 0.774099 0.769799 0.767385 0.766828 0.768120 0.771279 0.776341 0.783369 0.792453 0.803709 0.817286 0.833373 0.852199 0.874050 0.899275 0.928301 0.961658 1.000000 0.959497 0.920109 0.885876 0.856088 0.830173 0.807669 0.788202 0.771466 0.757213 0.745239 0.735382 0.727512 0.721528 0.717357 0.714945 0.714265 0.715308 0.718086 0.722634 0.729007 0.737285 0.747575 3845.000000 1.087277 0.848168
0.727677 0.734889 0.744055 0.755295 0.768761 0.756979 0.737948 0.721547 0.707525 0.695683 0.685855 0.677912 0.671750 0.667292 0.664484 0.663290 0.663696 0.665708 0.669349 0.672759 0.668938 0.666758 0.666192 0.667233 0.669894 0.674206 0.680224 0.688022 0.697702 0.709391 0.723251 0.739480 0.758323 0.780080 0.805119 0.833894 0.866969 0.905046 0.949012 1.000000 0.986031 0.937248 0.895120 0.858595 0.826849 0.799223 0.775190 0.754325 0.736280 0.720775 0.707579 0.696505 0.687403 0.680153 0.674662 0.670863 0.668709 0.668173 0.669248 0.671949 0.676307 0.682377 0.690234 0.699981 0.711746 0.725691 0.742017 0.757880 0.740667 0.725928 0.713449 0.703058 0.694614 0.688008 0.683158 0.680001 0.678501 0.678639 0.680416 0.683854 0.688996 0.695905 0.704668 0.715401 0.728247 0.743386 0.761041 0.781483 0.805046 0.832141 0.857625 0.834319 0.814156 0.796818 0.782049 0.769637 0.759414 0.751245 0.745026 0.740679 0.738150 0.737409 0.738446 0.741275 0.745929 0.752466 0.760969 0.771545 0.784336 0.799517 0.817305 0.837967 0.861831 0.847350 0.822878 0.801657 0.783343 0.767655 0.754365 0.743287 0.734273 0.727207 0.721997 0.718581 0.716915 0.716981 0.718778 0.722329 9639.500000 1.121317 0.853649
0.902793 0.824621 0.760595 0.707375 0.662609 0.624586 0.592039 0.564008 0.539752 0.518695 0.500379 0.484440 0.470584 0.458572 0.448211 0.439343 0.431839 0.425596 0.420529 0.416573 0.413678 0.411808 0.410941 0.411065 0.412183 0.414308 0.417465 0.421695 0.427051 0.433603 0.441438 0.450668 0.461428 0.473883 0.488238 0.504744 0.523712 0.545525 0.570670 0.599759 0.633581 0.673164 0.719873 0.775555 0.842773 0.925189 0.876458 0.820363 0.772765 0.732055 0.697015 0.666709 0.640407 0.617532 0.597626 0.580317 0.565306 0.552349 0.541247 0.531839 0.523993 0.517605 0.512590 0.508885 0.506445 0.505240 0.505254 0.506489 0.508959 0.512695 0.517742 0.524165 0.532047 0.541494 0.552638 0.565642 0.580705 0.598073 0.618046 0.640997 0.667388 0.697799 0.732964 0.773824 0.821605 0.775632 0.727153 0.685933 0.650618 0.620183 0.593835 0.570954 0.551048 0.533727 0.518673 0.505629 0.494387 0.484776 0.476659 0.469922 0.464477 0.460252 0.457195 0.455268 0.454447 0.454723 0.456098 0.458590 0.462229 0.467061 0.473146 0.480565 0.489418 0.499830 0.511955 0.525982 0.542142 0.560720 0.582068 0.606625 0.634943 0.667722 0.705862 0.750540 0.803324 0.866337 0.942542 1.000000 888.000000 1.272712 0.591589
0.667725 0.669749 0.673412 0.678760 0.685859 0.694800 0.705699 0.714924 0.712521 0.711843 0.712882 0.715651 0.720183 0.726534 0.734785 0.745040 0.757436 0.772143 0.789372 0.809382 0.832491 0.859088 0.888476 0.849163 0.815062 0.785413 0.759611 0.737170 0.717696 0.700870 0.686430 0.674165 0.663902 0.655501 0.648855 0.643877 0.640507 0.638702 0.638441 0.639721 0.642557 0.646984 0.653057 0.660852 0.662571 0.662185 0.663396 0.666219 0.670689 0.676861 0.684813 0.694647 0.706495 0.720519 0.736923 0.755955 0.777920 0.803193 0.832234 0.865619 0.904062 0.948470 1.000000 0.971760 0.922907 0.880752 0.844224 0.812485 0.784868 0.760840 0.739968 0.721905 0.706363 0.693110 0.681959 0.672756 0.665379 0.659735 0.655752 0.653381 0.652594 0.653381 0.655752 0.659735 0.665379 0.669059 0.657818 0.648485 0.640935 0.635072 0.630820 0.628129 0.626964 0.627312 0.629177 0.632582 0.637568 0.644198 0.652555 0.662750 0.674920 0.689237 0.705912 0.725204 0.747431 0.772986 0.802350 0.836128 0.875076 0.920154 0.972599 0.955255 0.910580 0.871904 0.838317 0.809098 0.783672 0.761574 0.742428 0.725926 0.711820 0.699905 0.690018 0.682027 0.675827 0.671343 0.668517 0.667316 1258.500000 1.117846 0.800798
0.469613 0.460651 0.453095 0.446843 0.441811 0.437934 0.435163 0.433465 0.432819 0.433217 0.434664 0.437178 0.440788 0.445541 0.451497 0.458735 0.467353 0.477473 0.489246 0.502856 0.518530 0.536546 0.557251 0.581073 0.608555 0.640385 0.677450 0.720913 0.772323 0.833792 0.908268 1.000000 0.943913 0.870236 0.809035 0.757582 0.713900 0.676521 0.644337 0.616493 0.592324 0.571303 0.553010 0.537105 0.523316 0.511417 0.501229 0.492602 0.485416 0.479576 0.475006 0.471647 0.469459 0.468414 0.468499 0.469717 0.472081 0.475621 0.480380 0.486419 0.493817 0.502673 0.513111 0.525284 0.539379 0.552695 0.537993 0.525287 0.514377 0.505103 0.497335 0.490967 0.485915 0.482116 0.479523 0.478103 0.477839 0.478727 0.480780 0.484021 0.488491 0.494247 0.501361 0.509930 0.520072 0.531933 0.545692 0.561571 0.579841 0.600836 0.624970 0.652762 0.684868 0.722126 0.765621 0.816785 0.877542 0.950539 0.909803 0.845462 0.791400 0.745525 0.706285 0.672509 0.643294 0.617939 0.595888 0.576698 0.560012 0.545542 0.533053 0.522353 0.513286 0.505727 0.499573 0.494744 0.491180 0.488836 0.487683 0.487708 0.488911 0.491307 0.494924 0.499808 0.506020 0.506379 0.492301 0.480111 15353.000000 1.871842 0.649081
0.810630 0.849722 0.895040 0.882745 0.847370 0.816611 0.789844 0.766564 0.746363 0.728911 0.713937 0.701221 0.690584 0.681884 0.675006 0.669863 0.666391 0.664548 0.664311 0.665677 0.668662 0.673304 0.679660 0.687810 0.697859 0.709942 0.724226 0.740918 0.760273 0.782602 0.808288 0.837804 0.871738 0.910823 0.886845 0.849355 0.816794 0.788466 0.763816 0.742395 0.723839 0.707851 0.694191 0.682661 0.673104 0.665391 0.659423 0.655126 0.652446 0.651350 0.651826 0.653879 0.657534 0.662836 0.669851 0.678669 0.689404 0.702204 0.717249 0.734761 0.755014 0.778344 0.805163 0.813412 0.785220 0.760687 0.739368 0.720901 0.704991 0.691397 0.679925 0.670417 0.662745 0.656811 0.652540 0.649880 0.648799 0.649282 0.651337 0.654987 0.660279 0.667277 0.676071 0.686777 0.699539 0.714539 0.731999 0.752190 0.775448 0.802185 0.832909 0.868255 0.909022 0.956222 1.000000 0.939451 0.887833 0.843517 0.805263 0.772108 0.743295 0.718223 0.696410 0.677467 0.661077 0.646984 0.634977 0.624885 0.616571 0.609926 0.604864 0.601322 0.599256 0.598642 0.599472 0.601756 0.605522 0.610816 0.617704 0.626276 0.636644 0.648951 0.663372 0.680125 0.699475 0.721748 0.747346 0.776766 719.500000 1.128549 0.773674
0.795389 0.825497 0.860127 0.900053 0.946256 1.000000 0.957694 0.904910 0.859604 0.820500 0.786612 0.757164 0.731540 0.709246 0.689884 0.673129 0.658718 0.646436 0.636108 0.627593 0.620778 0.615577 0.611925 0.609775 0.609103 0.609901 0.611696 0.603441 0.596825 0.591762 0.588189 0.586063 0.585357 0.586063 0.588189 0.591762 0.596825 0.603441 0.611696 0.621699 0.633586 0.647526 0.663729 0.682450 0.704003 0.728774 0.757243 0.790007 0.827819 0.871639 0.890441 0.864162 0.841359 0.821657 0.804752 0.790393 0.778380 0.768551 0.760776 0.754958 0.751024 0.748926 0.748637 0.750156 0.753499 0.758709 0.765849 0.775009 0.786308 0.799897 0.815965 0.832459 0.797871 0.767819 0.741670 0.718919 0.699156 0.682050 0.667330 0.654777 0.644210 0.635485 0.628487 0.623127 0.619337 0.617070 0.616299 0.617014 0.619225 0.622958 0.628258 0.635193 0.643852 0.654347 0.666824 0.681459 0.698472 0.718130 0.740763 0.766776 0.796672 0.831077 0.813210 0.784698 0.759886 0.738319 0.719628 0.703514 0.689730 0.678078 0.668397 0.660558 0.654458 0.650022 0.647194 0.645940 0.646245 0.648112 0.651564 0.656644 0.663414 0.671961 0.682396 0.694861 0.709531 0.726622 0.746400 0.769189 1459.000000 1.202723 0.797954
0.456739 0.466647 0.478172 0.491495 0.506837 0.524472 0.544738 0.568057 0.594959 0.626119 0.662407 0.703439 0.687384 0.673631 0.661982 0.652274 0.644376 0.638186 0.633625 0.630638 0.629188 0.629256 0.630845 0.633973 0.638678 0.645020 0.653077 0.662956 0.674788 0.688741 0.705016 0.723866 0.745596 0.733665 0.704613 0.679348 0.657360 0.638241 0.621658 0.607341 0.595069 0.584665 0.575982 0.568903 0.563337 0.559213 0.556480 0.555104 0.555068 0.556373 0.559035 0.563084 0.568573 0.575570 0.584166 0.594477 0.606645 0.620850 0.637307 0.646274 0.617934 0.593345 0.571963 0.553355 0.537174 0.523136 0.511012 0.500617 0.491798 0.484430 0.478416 0.473676 0.470151 0.467796 0.466584 0.466498 0.467539 0.469719 0.473064 0.477615 0.483432 0.490588 0.499179 0.509326 0.521176 0.534909 0.550749 0.568967 0.589902 0.613972 0.641702 0.673755 0.710981 0.754485 0.805727 0.866677 0.940054 1.000000 0.905842 0.829717 0.767099 0.714871 0.670815 0.633310 0.601149 0.573411 0.549385 0.528513 0.510354 0.494553 0.480825 0.468937 0.458702 0.449964 0.442600 0.436507 0.431606 0.427832 0.425139 0.423494 0.422877 0.423279 0.424706 0.427176 0.430718 0.435377 0.441212 0.448301 1393.000000 1.512302 0.703088
0.611058 0.619316 0.629337 0.624673 0.615057 0.607174 0.600919 0.596214 0.592999 0.591236 0.590902 0.591994 0.594525 0.598526 0.604046 0.611154 0.619944 0.630531 0.643062 0.657718 0.674721 0.694343 0.716920 0.742864 0.772688 0.761153 0.745377 0.731969 0.720741 0.711540 0.704246 0.698767 0.695033 0.693000 0.692643 0.693957 0.696958 0.701683 0.708190 0.716561 0.726905 0.739359 0.754096 0.771328 0.791317 0.814383 0.840922 0.871418 0.906476 0.895083 0.845443 0.802852 0.766104 0.734264 0.706599 0.682528 0.661584 0.643391 0.627644 0.614093 0.602536 0.592807 0.584774 0.578330 0.573393 0.569901 0.567811 0.567097 0.567752 0.569782 0.573212 0.578085 0.584462 0.592424 0.602076 0.613551 0.627012 0.631766 0.621464 0.612946 0.606098 0.600833 0.597085 0.594808 0.593973 0.594571 0.596609 0.600112 0.605123 0.611704 0.619939 0.629938 0.641836 0.655802 0.672045 0.690819 0.712438 0.737288 0.765845 0.798705 0.836618 0.880536 0.931689 0.991689 1.000000 0.938626 0.886363 0.841532 0.802860 0.769357 0.740251 0.714926 0.692890 0.673747 0.657174 0.642908 0.630736 0.620483 0.612009 0.605202 0.599973 0.596259 0.594012 0.593206 0.593831 0.595894 0.599421 0.604455 10966.500000 1.339852 0.787365
0.857047 0.834431 0.814890 0.798123 0.783882 0.771967 0.762218 0.754507 0.748736 0.744834 0.742752 0.742465 0.743971 0.747286 0.752452 0.759532 0.768616 0.779821 0.793297 0.809231 0.827854 0.833970 0.813153 0.795219 0.779898 0.766968 0.756253 0.747608 0.740925 0.736117 0.733126 0.731915 0.732470 0.734797 0.738925 0.744904 0.752809 0.762741 0.774831 0.789241 0.806177 0.825888 0.816885 0.799270 0.784249 0.771607 0.761170 0.752801 0.746393 0.741865 0.739162 0.738250 0.739119 0.741779 0.746263 0.752625 0.760946 0.771332 0.783920 0.798882 0.816431 0.836830 0.860401 0.887537 0.918727 0.954572 0.995824 1.000000 0.956586 0.918907 0.886137 0.857619 0.832823 0.811320 0.792762 0.776863 0.763392 0.752161 0.743021 0.735851 0.730561 0.727086 0.725383 0.725432 0.727233 0.730808 0.736200 0.743477 0.752730 0.754560 0.740714 0.729092 0.719535 0.711918 0.706144 0.702141 0.699860 0.699273 0.700372 0.703172 0.707706 0.714030 0.722223 0.732392 0.744671 0.759229 0.776274 0.796065 0.818915 0.845213 0.839227 0.830653 0.824218 0.819842 0.817471 0.817076 0.818653 0.822221 0.827823 0.835529 0.845435 0.857670 0.872397 0.889819 0.910189 0.933816 0.913077 0.883110 1865.000000 1.119634 0.879228
0.897944 0.868143 0.842221 0.819719 0.800266 0.783558 0.769350 0.757440 0.747667 0.739902 0.734048 0.730030 0.727800 0.727330 0.728615 0.731670 0.736533 0.743264 0.751947 0.762694 0.775648 0.790989 0.808937 0.829764 0.853803 0.881463 0.913249 0.949787 0.991859 0.964045 0.932643 0.905334 0.881643 0.861181 0.843634 0.828745 0.816304 0.806145 0.798135 0.792171 0.788181 0.786116 0.785949 0.787680 0.791330 0.796942 0.804586 0.814359 0.826388 0.840833 0.857897 0.877825 0.900923 0.927565 0.958210 0.966492 0.936661 0.910744 0.888306 0.868989 0.852505 0.838618 0.827136 0.817908 0.810816 0.805770 0.802708 0.801593 0.802412 0.805174 0.809914 0.816688 0.825582 0.836710 0.850219 0.848701 0.828006 0.810202 0.795022 0.782251 0.771712 0.763269 0.756812 0.752260 0.749557 0.748671 0.749591 0.752328 0.756914 0.763408 0.771890 0.782468 0.795283 0.810510 0.828365 0.849117 0.873093 0.900695 0.932419 0.968878 1.000000 0.965508 0.935494 0.909416 0.886830 0.867378 0.850766 0.836757 0.825157 0.815813 0.808604 0.803440 0.800258 0.799018 0.799705 0.802328 0.806919 0.813533 0.822254 0.833194 0.846495 0.862338 0.880949 0.902603 0.927640 0.956475 0.971583 0.932189 6242.500000 1.079311 0.852001
0.867493 0.852330 0.839677 0.829362 0.821253 0.815245 0.811265 0.809264 0.809217 0.811124 0.815008 0.820917 0.828924 0.839129 0.851667 0.866705 0.884452 0.905167 0.929168 0.956845 0.946279 0.917309 0.892146 0.870367 0.851629 0.835651 0.822206 0.811110 0.802217 0.795411 0.790609 0.787751 0.786802 0.787751 0.790609 0.795411 0.801023 0.797053 0.795028 0.794923 0.796738 0.800493 0.806236 0.814037 0.823995 0.836239 0.850933 0.856303 0.846048 0.838031 0.832151 0.828334 0.826534 0.826729 0.828922 0.833138 0.839431 0.847877 0.858585 0.871693 0.887379 0.905861 0.927412 0.952364 0.981124 1.000000 0.970223 0.944377 0.922036 0.902853 0.886544 0.872879 0.861673 0.852780 0.846085 0.841507 0.838988 0.838499 0.840032 0.825538 0.812630 0.802021 0.793573 0.787178 0.782756 0.780252 0.779637 0.780902 0.784064 0.789159 0.796253 0.805433 0.816818 0.830559 0.846845 0.865761 0.850558 0.837864 0.827506 0.819352 0.813297 0.809266 0.807210 0.807103 0.808946 0.812759 0.818590 0.826510 0.836620 0.849052 0.863972 0.881587 0.902153 0.925987 0.921081 0.905918 0.893364 0.883252 0.875452 0.869866 0.866424 0.865085 0.865834 0.868678 0.873652 0.880818 0.890265 0.885376 2977.000000 1.058983 0.920026
1.000000 0.992761 0.963995 0.939047 0.917513 0.899061 0.883424 0.870381 0.859760 0.851421 0.845259 0.841198 0.839187 0.839203 0.841245 0.845339 0.827716 0.802674 0.780928 0.762117 0.745946 0.732175 0.720607 0.711085 0.703484 0.697707 0.693682 0.691359 0.690710 0.691727 0.694422 0.698829 0.705001 0.713016 0.722977 0.735016 0.749299 0.766030 0.785460 0.807899 0.815943 0.798939 0.784482 0.772366 0.762427 0.754535 0.748590 0.744518 0.742268 0.741813 0.743149 0.746290 0.751275 0.758166 0.767050 0.778041 0.791286 0.806967 0.825310 0.846594 0.858552 0.845954 0.835705 0.827672 0.821752 0.817873 0.815987 0.816071 0.818126 0.822177 0.828274 0.836492 0.846936 0.859741 0.875079 0.893166 0.914266 0.887746 0.864655 0.844718 0.827629 0.813137 0.801041 0.791177 0.783418 0.777665 0.773847 0.771916 0.771849 0.773647 0.777329 0.782942 0.790556 0.800265 0.812197 0.816802 0.792615 0.771624 0.753485 0.737916 0.724688 0.713615 0.704547 0.697365 0.691978 0.688320 0.686345 0.684668 0.678862 0.674765 0.672328 0.671519 0.672331 0.674772 0.678873 0.684683 0.692275 0.701747 0.713224 0.726863 0.742859 0.761450 0.782929 0.807658 0.836080 0.868745 0.906338 0.949723 4473.000000 1.174506 0.887386
0.694890 0.711258 0.730217 0.744193 0.741520 0.740643 0.741553 0.744261 0.748798 0.755222 0.763613 0.774078 0.786755 0.801819 0.819483 0.840012 0.863731 0.891037 0.922421 0.958489 1.000000 0.957065 0.900092 0.851457 0.809659 0.773549 0.742234 0.715012 0.691322 0.670715 0.652829 0.637367 0.624090 0.612801 0.603340 0.595580 0.589420 0.584779 0.578028 0.571933 0.567317 0.564123 0.562313 0.561863 0.562768 0.565040 0.568705 0.573810 0.580419 0.588616 0.598510 0.610238 0.623968 0.639907 0.658309 0.679486 0.703823 0.731797 0.764003 0.801193 0.844328 0.894649 0.940968 0.908953 0.881098 0.856903 0.835961 0.817941 0.802575 0.789643 0.778967 0.770408 0.763855 0.759226 0.756464 0.755536 0.756430 0.759157 0.763751 0.770267 0.778788 0.789423 0.782317 0.761316 0.743156 0.727554 0.714279 0.703143 0.693996 0.686716 0.681212 0.677414 0.675276 0.674773 0.675896 0.678662 0.683102 0.689273 0.697251 0.707139 0.719069 0.733205 0.749751 0.768955 0.791126 0.816638 0.804865 0.776140 0.751141 0.729405 0.710555 0.694285 0.680347 0.668535 0.658687 0.650669 0.644377 0.639733 0.636678 0.635175 0.635205 0.636770 0.639888 0.644597 0.650956 0.659044 0.668969 0.680862 765.000000 1.228119 0.812153
0.711372 0.689069 0.669685 0.652892 0.638421 0.626053 0.615611 0.606948 0.599952 0.594531 0.590617 0.588162 0.587136 0.587527 0.589339 0.592594 0.597332 0.603612 0.611515 0.621144 0.632629 0.646133 0.661855 0.680040 0.700990 0.725073 0.738925 0.728953 0.720960 0.714844 0.710528 0.707960 0.707107 0.707960 0.710528 0.714844 0.720960 0.728953 0.738925 0.751008 0.765367 0.782207 0.801780 0.824395 0.850430 0.880354 0.914744 0.954323 1.000000 0.971998 0.918143 0.871933 0.832060 0.797511 0.767493 0.741373 0.718647 0.698907 0.681821 0.667119 0.654581 0.644029 0.635318 0.628333 0.622984 0.619205 0.616948 0.616188 0.616913 0.619133 0.622876 0.628186 0.635131 0.643800 0.654306 0.644503 0.632456 0.622323 0.613965 0.607272 0.602159 0.598561 0.596434 0.595752 0.596507 0.598708 0.602382 0.607574 0.614350 0.622795 0.633022 0.645171 0.659415 0.675967 0.695090 0.717103 0.742404 0.771482 0.804948 0.843575 0.888343 0.940521 0.969269 0.930894 0.897523 0.868480 0.843227 0.821323 0.802412 0.786204 0.772462 0.760994 0.751646 0.744296 0.738851 0.735243 0.733429 0.733386 0.735114 0.738634 0.743989 0.751244 0.760493 0.771856 0.785484 0.800390 0.766466 0.737003 3437.000000 1.375016 0.808657
0.986471 1.000000 0.945655 0.898965 0.858641 0.823678 0.793287 0.766841 0.743835 0.723863 0.706593 0.691755 0.679130 0.668539 0.659839 0.652915 0.647679 0.644066 0.642030 0.641549 0.642614 0.645241 0.646779 0.645518 0.645816 0.647675 0.651118 0.656186 0.662944 0.671477 0.681897 0.694344 0.708994 0.726062 0.733242 0.713557 0.696537 0.681913 0.669471 0.659034 0.650460 0.643638 0.638479 0.634919 0.632915 0.632443 0.633497 0.636088 0.642060 0.651451 0.662741 0.676086 0.691681 0.709762 0.730621 0.754617 0.782190 0.813890 0.850403 0.892598 0.941585 0.998807 0.980833 0.940092 0.904693 0.873892 0.847092 0.823814 0.803664 0.786326 0.771540 0.759094 0.748819 0.740579 0.734268 0.729806 0.727140 0.726237 0.727085 0.710769 0.694503 0.680567 0.668759 0.658914 0.650900 0.644613 0.639974 0.636924 0.635426 0.635463 0.637034 0.640160 0.644877 0.651245 0.659344 0.669280 0.665085 0.659408 0.655393 0.652990 0.652170 0.652923 0.655258 0.659204 0.664808 0.672142 0.681300 0.692401 0.705598 0.705173 0.700915 0.698381 0.697540 0.698381 0.700915 0.705173 0.711206 0.719091 0.728928 0.740847 0.755012 0.771625 0.790933 0.813241 0.838925 0.868443 0.902368 0.941412 5659.500000 1.166414 0.822255
0.916759 0.897293 0.880715 0.866788 0.855323 0.846170 0.839210 0.834358 0.831554 0.830763 0.831975 0.835207 0.840496 0.847908 0.857537 0.869505 0.883972 0.901137 0.921244 0.944597 0.971566 1.000000 0.972568 0.948826 0.928399 0.910981 0.896324 0.884228 0.874533 0.867114 0.861879 0.858763 0.857729 0.858763 0.861879 0.867114 0.874533 0.884228 0.896324 0.910981 0.928399 0.948826 0.972568 1.000000 0.979139 0.943167 0.911862 0.884632 0.860995 0.840560 0.823010 0.808084 0.795573 0.785306 0.777149 0.770999 0.766777 0.764433 0.763938 0.765287 0.768494 0.773600 0.780668 0.789786 0.801073 0.814678 0.830788 0.849638 0.871510 0.896756 0.925805 0.948479 0.931190 0.916689 0.904779 0.895303 0.888142 0.883205 0.880432 0.879789 0.881269 0.884889 0.890693 0.898754 0.909172 0.922082 0.937655 0.956106 0.942190 0.929105 0.918561 0.910423 0.904587 0.900982 0.899565 0.900317 0.903249 0.908395 0.915819 0.925614 0.937904 0.952852 0.958772 0.928042 0.901326 0.878161 0.858172 0.841054 0.826558 0.814482 0.804665 0.796978 0.791326 0.787637 0.785867 0.785994 0.788019 0.791968 0.797889 0.805855 0.815967 0.828357 0.843191 0.860678 0.881074 0.904691 0.931917 0.939401 634.000000 1.172715 0.894619
0.661627 0.656813 0.653632 0.652045 0.652033 0.653595 0.656751 0.661538 0.668018 0.676270 0.686404 0.698554 0.712890 0.729622 0.749006 0.771357 0.797062 0.802521 0.772004 0.745454 0.722351 0.702278 0.684895 0.669928 0.657150 0.646378 0.637465 0.630292 0.624766 0.620820 0.618403 0.617488 0.618061 0.620131 0.623723 0.628880 0.635667 0.645291 0.657685 0.672215 0.689099 0.708604 0.731058 0.756864 0.786524 0.820660 0.860060 0.905725 0.958952 1.000000 0.942672 0.893597 0.851328 0.814751 0.782997 0.755376 0.731340 0.710445 0.692332 0.676709 0.663339 0.652027 0.642617 0.634982 0.629025 0.624669 0.610270 0.591648 0.575474 0.561477 0.549437 0.539174 0.530543 0.523424 0.517725 0.513372 0.510310 0.508503 0.507928 0.508578 0.510460 0.517590 0.536373 0.557966 0.582833 0.611561 0.644903 0.683833 0.729635 0.784037 0.849417 0.914826 0.889908 0.868347 0.849805 0.834006 0.820725 0.809780 0.801028 0.794356 0.789680 0.786945 0.786115 0.787182 0.790158 0.795079 0.800790 0.774795 0.752190 0.732582 0.715650 0.701135 0.688822 0.678541 0.670154 0.663550 0.658646 0.655382 0.653717 0.653630 0.655122 0.658210 0.662932 0.669347 0.677535 0.686578 0.676414 0.668133 1692.000000 1.190187 0.774250
0.678853 0.673468 0.669769 0.667710 0.667266 0.668432 0.671222 0.675670 0.681831 0.689782 0.699626 0.711494 0.725550 0.741996 0.761081 0.783109 0.808457 0.837586 0.871069 0.909624 0.878495 0.850390 0.825955 0.804770 0.786492 0.770841 0.757591 0.746557 0.737590 0.730576 0.725425 0.722074 0.720481 0.720628 0.722515 0.726166 0.731626 0.738963 0.748269 0.759665 0.773306 0.789383 0.808130 0.829837 0.854858 0.883631 0.916693 0.892068 0.863897 0.839411 0.818191 0.799897 0.784252 0.771028 0.760044 0.751153 0.744239 0.739216 0.736022 0.734617 0.734985 0.737130 0.741078 0.746877 0.754601 0.764346 0.775529 0.753992 0.735342 0.719283 0.705575 0.694020 0.684459 0.676767 0.670843 0.666615 0.664029 0.663054 0.663679 0.665911 0.669776 0.675324 0.682622 0.691764 0.702871 0.716094 0.731619 0.749680 0.770557 0.771889 0.767713 0.765416 0.764970 0.766370 0.769632 0.774797 0.781928 0.791115 0.802477 0.816165 0.832367 0.851319 0.873307 0.898682 0.927879 0.961431 1.000000 0.950109 0.905604 0.867077 0.833621 0.804517 0.779191 0.757179 0.738106 0.721665 0.707609 0.695734 0.685876 0.677904 0.671714 0.667230 0.664395 0.663175 0.663554 0.665539 0.669152 0.674439 3418.000000 1.116720 0.853874
0.612208 0.614106 0.617509 0.622458 0.629014 0.637261 0.647308 0.659290 0.673377 0.689777 0.708746 0.730597 0.755717 0.784584 0.817792 0.817422 0.783968 0.754892 0.729590 0.707579 0.688467 0.671937 0.657729 0.645632 0.635476 0.627122 0.620460 0.615405 0.611893 0.609883 0.609349 0.610285 0.612702 0.616629 0.622116 0.629231 0.638065 0.648736 0.661391 0.676210 0.693418 0.713287 0.736154 0.743566 0.737618 0.733518 0.731215 0.730681 0.731910 0.734916 0.739737 0.746431 0.755084 0.765806 0.778740 0.794064 0.811998 0.832814 0.856845 0.858286 0.830830 0.806959 0.786263 0.768407 0.753118 0.740174 0.729395 0.720636 0.713785 0.708754 0.705481 0.703926 0.704070 0.705915 0.699333 0.677624 0.658761 0.642426 0.628358 0.616346 0.606218 0.597835 0.591084 0.585880 0.582157 0.579870 0.578989 0.579505 0.581424 0.584770 0.589582 0.595922 0.599848 0.600419 0.602444 0.605947 0.610972 0.617581 0.625859 0.635914 0.647885 0.661939 0.678288 0.697186 0.718950 0.743966 0.772714 0.805793 0.843954 0.888156 0.939632 1.000000 0.957668 0.901264 0.853075 0.811634 0.775815 0.744742 0.717725 0.694213 0.673765 0.656022 0.640693 0.627542 0.619462 0.615396 0.612848 0.611790 2232.500000 1.295254 0.802046
0.614191 0.612924 0.607988 0.604331 0.602160 0.601448 0.602187 0.604386 0.608071 0.613287 0.620101 0.628599 0.638894 0.651127 0.665471 0.682142 0.701403 0.723577 0.749063 0.778352 0.812062 0.850966 0.850831 0.840000 0.831420 0.824980 0.820601 0.818229 0.817836 0.819416 0.822988 0.828597 0.836311 0.846228 0.858476 0.873218 0.890659 0.857521 0.807230 0.764251 0.727280 0.695319 0.667590 0.643478 0.622494 0.604246 0.588414 0.574740 0.563012 0.553059 0.544742 0.537948 0.532588 0.528595 0.525919 0.524527 0.524403 0.525544 0.529641 0.536900 0.545693 0.556141 0.568393 0.582632 0.599083 0.618023 0.639790 0.664807 0.693599 0.726828 0.765338 0.810218 0.862897 0.925288 1.000000 0.994559 0.943475 0.899443 0.861320 0.828211 0.799408 0.774344 0.752562 0.733691 0.717429 0.703531 0.691795 0.682061 0.674199 0.668107 0.663709 0.655517 0.648330 0.642830 0.638949 0.636639 0.635872 0.636639 0.638949 0.642830 0.648330 0.655517 0.664485 0.675351 0.688263 0.703407 0.721008 0.741345 0.764757 0.791666 0.822592 0.858184 0.899259 0.882229 0.840531 0.804447 0.773120 0.745871 0.722157 0.701543 0.683675 0.668264 0.655075 0.643919 0.634639 0.627113 0.621242 0.616952 807.000000 1.135723 0.752615
0.575615 0.617586 0.667894 0.729038 0.787260 0.747294 0.712824 0.682966 0.657029 0.634462 0.614826 0.597765 0.582993 0.570273 0.559416 0.550265 0.542695 0.536606 0.531919 0.528576 0.526535 0.525771 0.526276 0.528055 0.531130 0.535538 0.541336 0.548596 0.557415 0.567913 0.580238 0.594575 0.611147 0.630231 0.652168 0.677377 0.706384 0.733589 0.674905 0.626311 0.585561 0.551036 0.521543 0.496180 0.474260 0.455244 0.438711 0.424323 0.411810 0.400952 0.391570 0.383521 0.376684 0.370966 0.366287 0.362588 0.359821 0.357952 0.356957 0.356825 0.357555 0.359154 0.361643 0.365052 0.369425 0.374817 0.381302 0.388968 0.397927 0.408316 0.420301 0.434088 0.449931 0.468145 0.489125 0.513367 0.541510 0.574382 0.613075 0.659060 0.714364 0.781855 0.865733 0.972395 1.000000 0.881754 0.790217 0.717465 0.658431 0.609731 0.569015 0.534604 0.505265 0.480076 0.458330 0.439482 0.423102 0.408848 0.396448 0.385679 0.376363 0.368353 0.361529 0.355795 0.351073 0.347300 0.344428 0.342422 0.341256 0.340916 0.341399 0.342710 0.344865 0.347891 0.351826 0.356719 0.362637 0.369660 0.377889 0.387447 0.398486 0.411192 0.425794 0.442578 0.461897 0.484199 0.510056 0.540205 6291.000000 1.652640 0.552952
0.892267 0.941931 1.000000 0.985513 0.928688 0.880063 0.838196 0.801975 0.770535 0.743189 0.719392 0.698702 0.680763 0.665286 0.652032 0.640809 0.631462 0.623865 0.617919 0.613550 0.610703 0.609343 0.609455 0.604240 0.598678 0.594638 0.592068 0.590938 0.591234 0.592960 0.596136 0.600801 0.607014 0.614853 0.624421 0.635848 0.649295 0.664958 0.683083 0.703967 0.727977 0.746613 0.728313 0.712565 0.699132 0.687823 0.678482 0.670986 0.665240 0.661170 0.658727 0.657881 0.658621 0.660958 0.664918 0.670552 0.677929 0.687144 0.698318 0.711605 0.727193 0.745314 0.766256 0.790367 0.818079 0.849927 0.886579 0.911157 0.873927 0.841568 0.813409 0.788913 0.767644 0.749249 0.733442 0.719985 0.708691 0.699404 0.692003 0.686393 0.682505 0.680289 0.679721 0.680792 0.683516 0.687925 0.694075 0.702042 0.704085 0.685776 0.669969 0.656419 0.644929 0.635339 0.627520 0.621369 0.616810 0.613784 0.612256 0.612207 0.613636 0.616561 0.621017 0.627059 0.634764 0.644232 0.638513 0.630703 0.624568 0.620031 0.617035 0.615544 0.615539 0.617021 0.620007 0.624534 0.630658 0.638457 0.648032 0.659511 0.673055 0.688861 0.707172 0.728286 0.752568 0.780470 0.812553 0.849522 1247.500000 1.227311 0.813632
0.721026 0.674201 0.634522 0.600621 0.571465 0.546264 0.524402 0.505393 0.488850 0.474463 0.461980 0.451195 0.441943 0.434088 0.427519 0.422148 0.417904 0.414734 0.412598 0.411470 0.411337 0.412196 0.414059 0.416947 0.420897 0.425959 0.432198 0.439697 0.448561 0.458918 0.470926 0.484778 0.500713 0.519024 0.540075 0.564323 0.592345 0.624879 0.662885 0.707628 0.760815 0.824794 0.902897 1.000000 0.933177 0.850370 0.782793 0.726788 0.679790 0.639949 0.605899 0.576608 0.551285 0.529314 0.510209 0.493583 0.479125 0.466581 0.455747 0.446457 0.438572 0.431984 0.426604 0.422361 0.419201 0.417086 0.415989 0.415897 0.416809 0.418737 0.421702 0.425743 0.430910 0.437271 0.444910 0.453934 0.464473 0.476689 0.490780 0.506987 0.525611 0.547023 0.571690 0.600201 0.633310 0.671999 0.717564 0.771752 0.836973 0.795727 0.752274 0.714955 0.682730 0.654794 0.630514 0.609386 0.591005 0.575046 0.561242 0.549378 0.539277 0.530797 0.523822 0.518260 0.514040 0.511110 0.509433 0.508990 0.509774 0.511796 0.515079 0.519665 0.525611 0.532993 0.541910 0.552484 0.564867 0.579245 0.595847 0.614953 0.636911 0.662150 0.691205 0.724753 0.763657 0.809035 0.844254 0.776853 2821.000000 1.299247 0.589669
0.881669 0.847063 0.816966 0.790773 0.768000 0.748255 0.731217 0.716625 0.704268 0.693973 0.685603 0.679049 0.674227 0.671079 0.669566 0.669669 0.671390 0.674750 0.679789 0.686571 0.695181 0.705731 0.718364 0.733256 0.750625 0.760873 0.741259 0.724332 0.709832 0.697549 0.687312 0.678982 0.672453 0.667641 0.664487 0.662953 0.663019 0.664686 0.667975 0.672926 0.679601 0.688083 0.698484 0.710943 0.725635 0.742773 0.762623 0.785507 0.811823 0.842062 0.876835 0.916908 0.963251 0.934080 0.906584 0.882726 0.862115 0.844433 0.829419 0.816864 0.806597 0.798484 0.792424 0.788339 0.786181 0.785922 0.787561 0.791116 0.796631 0.804175 0.813842 0.825758 0.840082 0.857013 0.876795 0.872138 0.831285 0.795921 0.765210 0.738495 0.715247 0.695041 0.677533 0.662442 0.649539 0.638639 0.629590 0.622272 0.616590 0.612474 0.609871 0.608751 0.609100 0.610922 0.614238 0.619091 0.625540 0.633667 0.643579 0.655411 0.669328 0.685536 0.704287 0.725891 0.750728 0.779269 0.812100 0.807092 0.799293 0.793536 0.789751 0.787891 0.787933 0.789878 0.793750 0.799596 0.807488 0.817527 0.829843 0.844601 0.862008 0.882318 0.905843 0.932966 0.964158 1.000000 0.967623 0.921537 1946.000000 1.333778 0.835888
0.660315 0.668011 0.647320 0.629343 0.613777 0.600373 0.588930 0.579286 0.571306 0.564885 0.559941 0.556411 0.554253 0.553440 0.553961 0.555824 0.559050 0.563680 0.568033 0.569682 0.572724 0.577197 0.583157 0.590678 0.599860 0.610827 0.623733 0.638769 0.656166 0.676213 0.699261 0.725745 0.756209 0.791331 0.831977 0.879258 0.934623 1.000000 0.932163 0.831400 0.751931 0.687842 0.635229 0.591417 0.554508 0.523121 0.507956 0.499939 0.493340 0.488074 0.484073 0.481287 0.479682 0.479238 0.479950 0.481827 0.484891 0.489181 0.494749 0.501669 0.510030 0.519949 0.531568 0.545061 0.560642 0.578576 0.599185 0.622873 0.650142 0.681626 0.718131 0.760705 0.790521 0.766265 0.745194 0.726956 0.711261 0.697876 0.686609 0.677305 0.669842 0.664125 0.660081 0.657661 0.656835 0.657593 0.659945 0.663919 0.669564 0.676950 0.674913 0.660777 0.648751 0.638667 0.630387 0.623802 0.618828 0.615405 0.613488 0.613056 0.614103 0.616642 0.620703 0.626337 0.633615 0.642630 0.653502 0.666382 0.681454 0.698947 0.719139 0.742374 0.740621 0.720758 0.703583 0.688828 0.676275 0.665746 0.657099 0.650220 0.645022 0.641439 0.639427 0.638963 0.640040 0.642671 0.646890 0.652746 2055.000000 1.168838 0.735109
0.475105 0.477951 0.481998 0.487299 0.493921 0.501951 0.511500 0.522702 0.535725 0.550775 0.568103 0.588019 0.610907 0.637247 0.667642 0.702859 0.743890 0.792035 0.849030 0.917246 1.000000 0.946678 0.879956 0.823874 0.776271 0.735543 0.700479 0.670148 0.643820 0.620922 0.600996 0.583670 0.568648 0.555684 0.544581 0.535177 0.527341 0.520968 0.515976 0.516616 0.519541 0.523768 0.529350 0.536358 0.544885 0.555046 0.566985 0.580879 0.596946 0.615451 0.636723 0.661169 0.689293 0.721732 0.759294 0.803022 0.854279 0.914878 0.900587 0.841448 0.791387 0.748650 0.711919 0.680186 0.652667 0.628743 0.607925 0.589816 0.574386 0.564702 0.556657 0.550145 0.545081 0.541402 0.539063 0.538034 0.538303 0.539874 0.542766 0.547013 0.552670 0.559808 0.568519 0.578923 0.591166 0.605427 0.621929 0.640943 0.662804 0.687924 0.715555 0.707268 0.700839 0.696189 0.693258 0.692013 0.692437 0.694536 0.698335 0.703881 0.711242 0.720514 0.731817 0.745304 0.761165 0.779636 0.801003 0.825619 0.853919 0.886439 0.826122 0.772847 0.727674 0.689059 0.655835 0.627109 0.602184 0.580510 0.561648 0.545245 0.531016 0.518728 0.508193 0.499257 0.491793 0.485702 0.480905 0.477340 1791.000000 1.022718 0.656824
0.923672 0.952306 0.985221 0.981895 0.955263 0.932225 0.912417 0.895546 0.881373 0.869704 0.860385 0.853298 0.848354 0.845492 0.844677 0.845899 0.849174 0.854541 0.861220 0.838558 0.818980 0.802185 0.787924 0.775998 0.766246 0.758541 0.752785 0.748906 0.746857 0.746613 0.748171 0.751550 0.756791 0.763959 0.768461 0.753682 0.741213 0.730882 0.722552 0.716115 0.711491 0.708622 0.707474 0.708032 0.710304 0.714317 0.720120 0.727786 0.737413 0.749126 0.763086 0.779489 0.798579 0.820655 0.846081 0.875310 0.893439 0.885907 0.880605 0.877466 0.876454 0.877557 0.880786 0.886182 0.893811 0.903769 0.916183 0.931218 0.949079 0.970021 0.994357 1.000000 0.957403 0.920414 0.888237 0.860236 0.835898 0.814809 0.796630 0.781085 0.767949 0.757042 0.748217 0.741361 0.736388 0.733235 0.731865 0.732261 0.734428 0.738392 0.744201 0.751928 0.761671 0.773559 0.787751 0.804448 0.823895 0.837983 0.817093 0.799097 0.783723 0.770752 0.760005 0.751338 0.744641 0.739828 0.736841 0.735643 0.736219 0.738577 0.742746 0.748776 0.756742 0.766747 0.778921 0.793431 0.797454 0.796171 0.796809 0.799375 0.803901 0.810441 0.819079 0.829923 0.843117 0.858839 0.877313 0.898812 1777.500000 1.228940 0.897168
0.866510 0.857264 0.826204 0.799173 0.775665 0.755268 0.737647 0.722531 0.709698 0.698967 0.690193 0.683263 0.678087 0.674603 0.672767 0.672556 0.673969 0.677022 0.681753 0.688220 0.696505 0.706715 0.718986 0.733490 0.750436 0.770083 0.792747 0.818818 0.848776 0.883219 0.922892 0.968740 0.998475 0.943619 0.896525 0.855871 0.820636 0.790015 0.763370 0.740189 0.720058 0.702640 0.687663 0.674903 0.664179 0.655344 0.648283 0.642905 0.639142 0.636948 0.636297 0.637181 0.639610 0.643614 0.649243 0.656567 0.665680 0.676702 0.689786 0.705117 0.722927 0.743497 0.767175 0.794387 0.818624 0.793145 0.771005 0.751830 0.735313 0.721207 0.709309 0.699454 0.691513 0.685383 0.680986 0.678269 0.677199 0.677762 0.679966 0.683837 0.689422 0.696792 0.706041 0.717289 0.730691 0.746436 0.764756 0.785940 0.810339 0.838385 0.870615 0.907697 0.950469 1.000000 0.996830 0.940097 0.891505 0.849636 0.813395 0.781926 0.754552 0.730730 0.710024 0.692081 0.676612 0.663383 0.652202 0.642915 0.635398 0.629554 0.625309 0.622611 0.621426 0.621742 0.623560 0.626904 0.631814 0.638352 0.646600 0.656667 0.668689 0.682835 0.699314 0.718380 0.740350 0.765608 0.794632 0.828017 18473.000000 1.210433 0.769952
0.457776 0.434830 0.415027 0.397865 0.382953 0.369977 0.358687 0.348882 0.340397 0.333098 0.326876 0.321643 0.317328 0.313873 0.311234 0.309378 0.308282 0.307934 0.308328 0.309470 0.311373 0.314060 0.317567 0.321937 0.327228 0.333513 0.340881 0.349443 0.359335 0.370721 0.383808 0.398849 0.416160 0.436140 0.459298 0.486290 0.517979 0.555517 0.600480 0.655080 0.722518 0.807603 0.917908 1.000000 0.879104 0.785976 0.712241 0.652591 0.603502 0.562542 0.527979 0.498549 0.473307 0.451533 0.432671 0.416285 0.402027 0.389621 0.378843 0.369512 0.361479 0.354625 0.348850 0.344076 0.340239 0.337290 0.335193 0.333921 0.333459 0.333802 0.334953 0.336926 0.339746 0.343448 0.348079 0.353701 0.360390 0.368241 0.377371 0.387923 0.400074 0.414041 0.430092 0.448561 0.469871 0.494557 0.523312 0.557042 0.596956 0.644705 0.662128 0.637090 0.615305 0.596350 0.579883 0.565626 0.553356 0.542886 0.534068 0.526780 0.520927 0.516433 0.513241 0.511314 0.510626 0.511169 0.512951 0.515993 0.520332 0.526023 0.533138 0.541771 0.552040 0.564092 0.578105 0.594300 0.612948 0.634382 0.659014 0.687360 0.720066 0.757957 0.717937 0.651404 0.597474 0.553021 0.515882 0.484511 7304.000000 1.781057 0.537713
0.510078 0.504497 0.500229 0.497220 0.495434 0.494848 0.495456 0.496982 0.498994 0.502237 0.506751 0.512593 0.519839 0.528584 0.538949 0.551083 0.565168 0.581430 0.600144 0.621650 0.646370 0.674830 0.686341 0.655179 0.628171 0.604701 0.584278 0.566510 0.551079 0.537728 0.541499 0.550180 0.560515 0.572653 0.586772 0.603095 0.621894 0.643502 0.668333 0.696905 0.729865 0.768039 0.812493 0.864620 0.926278 1.000000 0.938989 0.793867 0.689035 0.609959 0.548349 0.499135 0.459043 0.442170 0.438189 0.435318 0.433522 0.432780 0.433081 0.434430 0.436843 0.440350 0.444995 0.450836 0.457950 0.466434 0.476408 0.488019 0.501449 0.516919 0.534703 0.555139 0.578649 0.605762 0.637152 0.673684 0.716491 0.752450 0.723486 0.698289 0.676363 0.657307 0.640796 0.626568 0.614405 0.604134 0.595611 0.588724 0.583384 0.579524 0.577095 0.576069 0.576433 0.578191 0.581100 0.578999 0.578302 0.578999 0.581100 0.584629 0.589631 0.596168 0.604324 0.614206 0.625949 0.639722 0.655729 0.674224 0.695517 0.719990 0.748116 0.780485 0.817842 0.861133 0.830188 0.779599 0.736493 0.699501 0.667578 0.639917 0.615881 0.594967 0.576770 0.560965 0.547286 0.535518 0.525485 0.517043 1687.500000 1.254639 0.610040
0.744933 0.807911 0.884850 0.871174 0.815046 0.767450 0.726760 0.691750 0.661479 0.635211 0.612370 0.592492 0.575206 0.560211 0.547263 0.536163 0.526748 0.518886 0.512472 0.507421 0.503672 0.501175 0.499902 0.499836 0.500977 0.503338 0.506949 0.511855 0.518116 0.525815 0.535054 0.545963 0.558700 0.573460 0.590482 0.610060 0.632557 0.658424 0.688226 0.722676 0.762691 0.808651 0.753081 0.706249 0.666412 0.632271 0.602839 0.577354 0.555220 0.535964 0.519208 0.504647 0.492033 0.481165 0.471879 0.464042 0.457545 0.452302 0.448245 0.445324 0.443502 0.442757 0.443080 0.444476 0.446960 0.450564 0.455332 0.461326 0.468623 0.477324 0.487550 0.499454 0.513221 0.529079 0.547309 0.568257 0.592358 0.620152 0.652333 0.689789 0.733684 0.785566 0.847541 0.922545 1.000000 0.900251 0.820395 0.755222 0.701207 0.655877 0.617450 0.584606 0.556353 0.531927 0.510734 0.492306 0.476269 0.462322 0.450223 0.439773 0.430812 0.423208 0.416854 0.411665 0.407574 0.404528 0.402490 0.401435 0.401349 0.402232 0.404095 0.406960 0.410863 0.415853 0.421995 0.429371 0.438083 0.448259 0.460053 0.473657 0.489304 0.507284 0.527956 0.551771 0.579297 0.611264 0.648618 0.692612 1807.000000 1.290259 0.590132
0.937906 0.856560 0.789950 0.734594 0.688037 0.648499 0.614658 0.585515 0.560299 0.538408 0.519368 0.502799 0.488394 0.475906 0.465134 0.455912 0.448108 0.441612 0.436338 0.432217 0.429198 0.427243 0.426328 0.426442 0.427587 0.429775 0.433035 0.437407 0.442945 0.449724 0.457832 0.467386 0.478523 0.491418 0.506280 0.517413 0.507137 0.498438 0.491196 0.485314 0.480716 0.477343 0.475154 0.474122 0.474234 0.475492 0.477911 0.481521 0.486367 0.492509 0.500029 0.509027 0.519630 0.531993 0.546306 0.562805 0.581776 0.603575 0.628645 0.657541 0.690966 0.729823 0.775291 0.828929 0.892852 0.969989 0.926254 0.845129 0.778796 0.723734 0.677468 0.638207 0.604624 0.575717 0.550714 0.529013 0.510140 0.493716 0.479435 0.467051 0.456363 0.447205 0.439446 0.432977 0.427711 0.423580 0.420531 0.418527 0.417543 0.417567 0.418599 0.420653 0.423753 0.427937 0.433260 0.439788 0.447612 0.456840 0.462999 0.456388 0.451035 0.446871 0.443842 0.441911 0.441055 0.441263 0.442538 0.444895 0.448364 0.452987 0.458823 0.465948 0.474459 0.484476 0.496147 0.509651 0.525212 0.543102 0.563660 0.587306 0.614568 0.646117 0.682814 0.725784 0.776523 0.837057 0.910204 1.000000 7974.000000 2.048886 0.615335
