55
1000 1000
7 21 2 40 2 68 5 75 22 68 44 40 48 28 34
5 61 165 116 142 160 196 119 224 73 217
5 11 10 29 -1 39 14 27 29 10 28
4 31 -6 57 36 37 59 3 38
6 35 22 72 30 82 67 67 91 36 96 9 74
6 19 30 21 -1 41 18 65 35 49 56 16 61
6 38 34 57 35 59 53 53 71 40 67 24 55
5 114 117 157 114 168 149 148 172 121 171
4 3 43 39 23 74 46 33 73
5 90 106 162 75 190 123 159 189 92 156
8 25 117 44 64 89 83 124 85 113 112 126 172 90 191 23 164
5 99 49 164 44 235 120 170 181 99 167
8 -4 12 11 1 24 -1 35 -2 53 8 43 27 27 31 15 26
8 77 18 107 12 127 13 155 38 125 64 99 81 84 62 58 47
4 34 40 71 -6 129 35 80 95
8 129 159 113 80 172 117 246 113 279 153 230 205 190 261 125 230
3 35 66 80 84 30 114
6 19 128 59 107 97 89 107 133 113 183 61 158
8 14 9 38 5 52 12 72 28 51 45 30 56 18 49 -2 31
4 36 -15 80 30 41 58 12 38
6 40 -18 97 -11 144 25 93 80 34 90 -20 37
3 43 93 108 124 49 144
6 -7 -21 26 -5 45 14 29 37 3 48 -32 23
8 -10 46 7 27 29 24 66 25 52 55 54 71 32 74 16 69
3 50 28 192 75 74 150
4 29 2 40 25 27 38 4 23
4 64 10 82 41 63 62 43 40
4 12 46 64 -1 108 50 67 100
6 54 98 72 20 162 31 238 97 146 159 81 185
3 41 29 89 46 49 67
3 62 17 165 85 60 150
3 29 31 137 102 38 146
4 101 34 166 72 107 92 67 68
8 43 151 52 123 81 100 109 128 102 160 99 183 69 212 53 185
4 -9 15 25 -1 60 19 30 47
5 32 11 64 18 92 27 65 50 44 42
5 20 75 57 85 84 110 54 133 33 120
4 9 129 130 90 183 136 144 271
6 -3 24 17 10 35 11 60 28 41 49 16 42
6 13 36 18 18 31 27 48 33 38 55 14 54
4 131 46 204 104 136 149 39 100
7 25 31 48 13 63 29 75 39 65 60 46 62 29 50
8 3 -11 36 -34 59 9 72 29 60 68 33 63 -22 68 -17 28
5 74 26 98 30 124 48 98 59 74 52
6 -3 16 16 5 45 -1 52 19 39 43 21 36
3 21 3 138 53 9 85
7 19 24 33 19 42 21 50 34 44 47 31 49 17 41
6 25 16 62 16 90 38 70 75 33 72 9 52
7 26 21 72 6 112 -16 137 29 122 76 70 90 46 52
6 18 45 23 27 46 34 56 45 57 66 32 61
7 37 55 63 40 77 60 85 71 80 93 58 98 50 77
6 16 9 45 17 58 39 37 53 13 65 11 38
3 62 18 158 82 58 129
3 260 114 337 160 251 223
4 17 100 74 48 124 107 77 159
