0.725184 0.718772 0.706035 0.695387 0.686686 0.679818 0.674695 0.671253 0.669451 0.669267 0.670698 0.673761 0.678495 0.684958 0.693231 0.703422 0.715667 0.730135 0.747038 0.766632 0.789235 0.815234 0.845110 0.879459 0.908769 0.875339 0.846248 0.820942 0.798975 0.779983 0.763669 0.749794 0.738160 0.728610 0.721019 0.715290 0.711352 0.709155 0.708674 0.709903 0.712857 0.717571 0.724104 0.732538 0.742981 0.755574 0.770488 0.787940 0.808193 0.831571 0.838645 0.820568 0.805152 0.792178 0.781469 0.772882 0.766308 0.761664 0.758893 0.757962 0.758859 0.761595 0.766203 0.762074 0.741021 0.722795 0.707106 0.693720 0.682444 0.673125 0.665639 0.659890 0.655806 0.653336 0.652451 0.653139 0.655410 0.659290 0.664827 0.672091 0.681175 0.679796 0.675657 0.673179 0.672334 0.673110 0.675517 0.679585 0.685363 0.692924 0.702364 0.713809 0.727414 0.743373 0.761926 0.783363 0.808044 0.836412 0.869015 0.906534 0.949830 1.000000 0.994926 0.943721 0.899589 0.861383 0.828204 0.799340 0.774223 0.752394 0.733480 0.717179 0.703245 0.691475 0.681709 0.673815 0.667692 0.663263 0.660472 0.659287 0.659692 0.661693 0.665314 0.670599 0.677614 0.686449 0.697219 0.710070 1001.500000 1.102205 0.844170
0.725336 0.722037 0.720497 0.720695 0.722635 0.726340 0.731855 0.739250 0.748617 0.760079 0.773791 0.789944 0.808776 0.830578 0.855707 0.884601 0.917803 0.955987 1.000000 0.981631 0.948264 0.919234 0.894018 0.872193 0.853415 0.837404 0.823931 0.812812 0.803900 0.797080 0.792268 0.789404 0.788453 0.789404 0.792268 0.797080 0.803900 0.812812 0.823931 0.819644 0.788857 0.762069 0.738762 0.718518 0.700998 0.685924 0.673073 0.662260 0.653339 0.646190 0.640723 0.636870 0.634582 0.633832 0.634610 0.636927 0.640810 0.646308 0.653489 0.662444 0.673294 0.686185 0.701301 0.718870 0.739168 0.762536 0.789394 0.820261 0.855785 0.896784 0.944299 0.996927 0.962967 0.933419 0.907752 0.885535 0.866417 0.850112 0.836387 0.825054 0.815963 0.808999 0.804073 0.801124 0.800118 0.801042 0.803907 0.808748 0.815624 0.824622 0.819512 0.808453 0.799588 0.792805 0.788019 0.785170 0.784224 0.785170 0.788019 0.792805 0.799588 0.808453 0.819512 0.832913 0.821091 0.798081 0.778149 0.760976 0.746305 0.733923 0.723660 0.715380 0.708976 0.704367 0.701497 0.700331 0.700854 0.703072 0.707014 0.712727 0.720282 0.729776 0.741333 0.755111 0.757267 0.746296 0.737390 0.730432 611.000000 1.266790 0.860422
0.589636 0.590348 0.592489 0.596088 0.601188 0.598117 0.592386 0.588166 0.585407 0.584073 0.584150 0.585638 0.588555 0.592937 0.598838 0.597904 0.589849 0.583396 0.578460 0.574981 0.572915 0.572238 0.572941 0.575033 0.578539 0.583502 0.589985 0.598070 0.607865 0.619504 0.633152 0.649013 0.667339 0.688436 0.712683 0.719195 0.721210 0.724988 0.730575 0.738041 0.747480 0.759016 0.772804 0.789039 0.807959 0.829857 0.855092 0.884106 0.917447 0.955794 1.000000 0.922219 0.856695 0.801668 0.754992 0.715081 0.680735 0.651033 0.625258 0.602844 0.583337 0.566375 0.551663 0.538962 0.528076 0.518846 0.511143 0.504864 0.499928 0.496271 0.493848 0.492630 0.492601 0.492066 0.492131 0.493385 0.495842 0.499534 0.504506 0.510820 0.518560 0.527829 0.538756 0.551503 0.566264 0.583282 0.602851 0.625338 0.651196 0.680997 0.706615 0.700674 0.696495 0.694029 0.693244 0.694131 0.696701 0.700984 0.707035 0.714929 0.724766 0.736678 0.750826 0.767414 0.786689 0.808956 0.834590 0.864051 0.897911 0.936882 0.929449 0.878011 0.833872 0.795783 0.762779 0.734102 0.709150 0.687439 0.668582 0.652260 0.638218 0.626244 0.616168 0.607853 0.601188 0.596088 0.592489 0.590348 1970.000000 1.333713 0.788471
0.825184 0.783177 0.746953 0.715579 0.688326 0.664614 0.643982 0.626055 0.610531 0.597161 0.585745 0.576119 0.568151 0.561736 0.556790 0.553251 0.551077 0.550240 0.550730 0.552553 0.555732 0.560305 0.566329 0.573883 0.583064 0.593998 0.606839 0.621779 0.639052 0.658945 0.681811 0.708088 0.738322 0.773199 0.813591 0.860624 0.842707 0.812552 0.786308 0.763489 0.743698 0.726613 0.711972 0.699561 0.689208 0.680773 0.674146 0.669244 0.666005 0.664391 0.664381 0.665975 0.669193 0.674074 0.680679 0.689091 0.699419 0.711803 0.726414 0.743467 0.763222 0.786002 0.812199 0.842303 0.876917 0.871607 0.832498 0.798590 0.769116 0.743468 0.721156 0.701786 0.685036 0.670645 0.658400 0.648128 0.639688 0.632971 0.627890 0.624382 0.622405 0.621933 0.622962 0.625504 0.629589 0.635269 0.642614 0.651719 0.662706 0.675725 0.690964 0.708653 0.729074 0.752573 0.735534 0.713816 0.694971 0.678687 0.664714 0.652846 0.642916 0.634790 0.628361 0.623549 0.620292 0.618552 0.618307 0.619554 0.622308 0.626604 0.632493 0.640051 0.649374 0.660589 0.673849 0.689348 0.707320 0.728055 0.751909 0.779320 0.810832 0.847127 0.889066 0.937750 0.994610 1.000000 0.931741 0.874177 1667.000000 1.234904 0.757868
0.853232 0.801536 0.757467 0.719635 0.686978 0.658675 0.634078 0.612675 0.594055 0.577883 0.563892 0.551860 0.541608 0.532991 0.525891 0.520214 0.515888 0.512858 0.506741 0.500792 0.496162 0.492793 0.490644 0.489688 0.489914 0.491324 0.493936 0.497781 0.502907 0.509380 0.517285 0.526727 0.537841 0.550788 0.551127 0.536542 0.523939 0.513122 0.503932 0.496240 0.489942 0.484955 0.481216 0.478679 0.477313 0.477100 0.478039 0.480140 0.483429 0.487948 0.493941 0.506136 0.520234 0.536469 0.555131 0.576577 0.601253 0.629720 0.662693 0.701092 0.746123 0.799393 0.863095 0.940288 1.000000 0.931564 0.873865 0.824768 0.782680 0.746389 0.714961 0.687662 0.663912 0.643245 0.625288 0.609734 0.596338 0.584896 0.575244 0.567251 0.553057 0.531685 0.513094 0.496916 0.482854 0.470669 0.460165 0.451183 0.443592 0.437290 0.432190 0.428228 0.425353 0.423530 0.422736 0.422963 0.424212 0.426499 0.429853 0.434313 0.439939 0.445667 0.445136 0.445680 0.447303 0.450026 0.453883 0.458922 0.465207 0.472822 0.481870 0.492481 0.504813 0.519061 0.534509 0.551913 0.571912 0.594903 0.621378 0.651964 0.687459 0.728898 0.777647 0.835542 0.905106 0.989906 0.987604 0.914411 14657.000000 1.631386 0.654420
0.567563 0.573144 0.580248 0.588967 0.595926 0.593861 0.593235 0.594040 0.596286 0.600000 0.605227 0.612033 0.620507 0.630759 0.642930 0.657195 0.673767 0.692909 0.714944 0.740267 0.769372 0.802873 0.841543 0.886370 0.938631 1.000000 0.987879 0.938172 0.895281 0.858117 0.825826 0.797728 0.773282 0.752047 0.733668 0.717853 0.704367 0.693017 0.683648 0.676136 0.670385 0.666322 0.663898 0.663084 0.663869 0.666262 0.670294 0.676013 0.683491 0.692824 0.693866 0.679751 0.667776 0.657772 0.649606 0.643170 0.638383 0.635186 0.633540 0.633424 0.634837 0.637796 0.642338 0.648519 0.656416 0.660537 0.657568 0.656199 0.656413 0.658214 0.661623 0.666682 0.673454 0.682025 0.692506 0.705040 0.719802 0.737009 0.756926 0.779882 0.772985 0.755948 0.741392 0.729111 0.718933 0.710724 0.704378 0.699816 0.696980 0.695837 0.696373 0.698593 0.702526 0.708219 0.715743 0.725195 0.736699 0.750410 0.766523 0.785276 0.806963 0.831942 0.860658 0.893656 0.931619 0.970573 0.908428 0.855700 0.810603 0.771787 0.738216 0.709081 0.683743 0.661692 0.642519 0.625891 0.611538 0.599240 0.588817 0.580124 0.573045 0.567487 0.563380 0.560673 0.559333 0.559343 0.560705 0.563433 848.500000 1.173805 0.799714
0.851660 0.918780 1.000000 0.933546 0.863719 0.805415 0.756191 0.714260 0.678282 0.647240 0.620343 0.596974 0.576640 0.558948 0.543580 0.530278 0.518831 0.509068 0.500850 0.494065 0.488623 0.484453 0.481504 0.479740 0.479139 0.479693 0.481410 0.484310 0.488429 0.493818 0.500547 0.508704 0.518402 0.529777 0.543000 0.558279 0.575871 0.596090 0.619327 0.646069 0.676928 0.712687 0.754353 0.803248 0.861139 0.930439 0.918888 0.855985 0.802952 0.757827 0.719144 0.685790 0.656905 0.631816 0.609988 0.590995 0.574490 0.560196 0.547883 0.537366 0.528495 0.521147 0.515225 0.510652 0.507372 0.505343 0.504540 0.504955 0.506592 0.509471 0.513627 0.519112 0.525997 0.534371 0.544349 0.556072 0.569714 0.585488 0.603655 0.624539 0.648538 0.676150 0.707998 0.744879 0.787814 0.838145 0.897656 0.950361 0.877873 0.817489 0.766605 0.723325 0.686236 0.654264 0.626581 0.602538 0.581621 0.563420 0.547602 0.533900 0.522093 0.512004 0.503488 0.496427 0.490727 0.486314 0.483134 0.481147 0.480328 0.480668 0.482171 0.484855 0.488754 0.493915 0.500404 0.508307 0.517731 0.528810 0.541706 0.556621 0.573803 0.593554 0.616252 0.642363 0.672476 0.707340 0.747916 0.795464 1033.500000 1.068455 0.603612
0.786875 0.737234 0.695059 0.658951 0.627846 0.600928 0.577558 0.557229 0.539539 0.524161 0.510832 0.499337 0.489501 0.481182 0.474265 0.468656 0.464285 0.461094 0.459046 0.458114 0.458288 0.459569 0.461974 0.465532 0.470286 0.476298 0.483646 0.492429 0.502771 0.514823 0.528772 0.544848 0.563331 0.584570 0.608997 0.637158 0.669740 0.707631 0.751987 0.804343 0.866779 0.942184 1.000000 0.901313 0.822158 0.757461 0.703775 0.658677 0.620416 0.587693 0.559530 0.535173 0.514035 0.495652 0.479654 0.465743 0.453679 0.443265 0.434341 0.426777 0.420467 0.415328 0.411291 0.408307 0.406337 0.405358 0.405358 0.406337 0.408306 0.411291 0.415327 0.420466 0.426775 0.434339 0.443262 0.453676 0.465740 0.479650 0.495648 0.514030 0.535168 0.559524 0.587686 0.620407 0.658667 0.703763 0.757446 0.822140 0.901292 0.909507 0.847817 0.795759 0.751430 0.713407 0.680607 0.652193 0.627508 0.606030 0.587341 0.571105 0.557049 0.544949 0.534625 0.525927 0.518738 0.512962 0.508525 0.505370 0.503461 0.502772 0.503296 0.505038 0.508022 0.512282 0.517872 0.524864 0.533350 0.543445 0.555294 0.569072 0.584996 0.603333 0.624410 0.648631 0.676503 0.708662 0.745917 0.789314 5084.500000 1.293581 0.589723
0.908220 0.926991 0.911469 0.898587 0.888174 0.880095 0.874249 0.870564 0.868995 0.869522 0.872152 0.876917 0.883876 0.893114 0.904751 0.918937 0.935867 0.955777 0.934934 0.899785 0.869200 0.842590 0.819477 0.799472 0.782260 0.767584 0.755234 0.745042 0.736873 0.730622 0.726211 0.717673 0.705071 0.694547 0.685962 0.679202 0.674183 0.670841 0.669137 0.669049 0.670576 0.673737 0.678570 0.685136 0.693517 0.703822 0.705916 0.703364 0.702517 0.703364 0.705916 0.710204 0.716280 0.724221 0.734128 0.746133 0.760399 0.777130 0.796575 0.819043 0.844910 0.874639 0.908806 0.948128 0.993509 1.000000 0.975177 0.953798 0.935543 0.920148 0.907402 0.897136 0.889218 0.883549 0.880058 0.878703 0.879467 0.882361 0.887419 0.894702 0.904303 0.916344 0.930983 0.948419 0.907870 0.866316 0.830313 0.799031 0.771812 0.748129 0.727557 0.709751 0.694428 0.681359 0.670359 0.661275 0.653989 0.648407 0.644459 0.641548 0.638854 0.637712 0.638108 0.640048 0.643555 0.648671 0.655462 0.664012 0.674435 0.686872 0.701497 0.718528 0.738229 0.760925 0.787018 0.817001 0.845224 0.838887 0.834640 0.832432 0.832234 0.834046 0.837888 0.843808 0.851879 0.862203 0.874914 0.890183 1932.500000 1.187336 0.875493
0.940477 0.916482 0.895785 0.878071 0.863082 0.850612 0.840493 0.832594 0.826815 0.823085 0.821359 0.821615 0.823856 0.828110 0.834430 0.842892 0.853605 0.866709 0.851012 0.834277 0.820125 0.808360 0.798826 0.791398 0.785983 0.782513 0.780948 0.781267 0.783474 0.787597 0.793686 0.801816 0.812091 0.824645 0.839649 0.857311 0.877894 0.901714 0.929164 0.906118 0.879842 0.857054 0.837383 0.820527 0.806241 0.794324 0.784617 0.776993 0.771357 0.767638 0.765791 0.765792 0.767644 0.771367 0.777007 0.784634 0.794346 0.806267 0.820559 0.837420 0.848587 0.831294 0.816619 0.804357 0.794343 0.786447 0.780569 0.776634 0.774596 0.774429 0.776132 0.779725 0.785252 0.792781 0.802408 0.814257 0.828487 0.845296 0.864928 0.887683 0.913929 0.919277 0.915531 0.914008 0.914691 0.917587 0.922731 0.930187 0.940047 0.952438 0.967521 0.956879 0.916683 0.881767 0.851388 0.824955 0.801987 0.782097 0.764967 0.750341 0.738008 0.727799 0.719578 0.713241 0.708706 0.705918 0.704844 0.703561 0.700094 0.698335 0.698264 0.699878 0.703197 0.708263 0.715137 0.723908 0.734687 0.747622 0.762890 0.780715 0.801370 0.825190 0.852585 0.884065 0.920261 0.961964 1.000000 0.968158 6986.000000 1.129416 0.881957
0.834205 0.817364 0.803087 0.791173 0.781462 0.773829 0.768176 0.764433 0.762554 0.762518 0.764322 0.767990 0.773565 0.781118 0.790743 0.802566 0.816746 0.833479 0.853011 0.875640 0.901734 0.910928 0.876306 0.846183 0.819973 0.797200 0.777481 0.760501 0.746006 0.733787 0.723678 0.715544 0.709281 0.704809 0.702075 0.701043 0.701703 0.687447 0.674345 0.663301 0.654164 0.646812 0.641151 0.637110 0.634638 0.633707 0.634304 0.636437 0.640131 0.645433 0.652408 0.661146 0.671761 0.684398 0.699237 0.716498 0.736451 0.759430 0.754925 0.751787 0.750475 0.750975 0.753290 0.757451 0.763507 0.771535 0.781636 0.793943 0.808624 0.825884 0.845980 0.869225 0.896002 0.926786 0.962160 1.000000 0.958852 0.923092 0.891976 0.864904 0.841395 0.821055 0.803566 0.788667 0.776145 0.765832 0.757590 0.751314 0.746926 0.744372 0.731508 0.711463 0.694114 0.679189 0.666464 0.655757 0.646923 0.639845 0.634432 0.630616 0.628350 0.627608 0.628379 0.630673 0.634518 0.639962 0.647072 0.655939 0.666682 0.679447 0.694415 0.711811 0.731910 0.738696 0.736857 0.736798 0.738518 0.742037 0.747400 0.754672 0.763945 0.775340 0.789010 0.805145 0.823980 0.845804 0.870971 0.853854 778.500000 1.194292 0.876867
0.713666 0.711721 0.685785 0.663214 0.643582 0.626545 0.611823 0.599187 0.588452 0.579466 0.572107 0.566281 0.561911 0.558945 0.557346 0.557094 0.558187 0.560637 0.564475 0.569747 0.576521 0.584884 0.594947 0.606851 0.620766 0.636905 0.655527 0.676951 0.701569 0.729870 0.762465 0.800125 0.843837 0.894881 0.954947 0.941785 0.894342 0.853408 0.817941 0.787125 0.760311 0.736982 0.716716 0.699175 0.684080 0.671207 0.660370 0.651422 0.644244 0.638745 0.634856 0.632528 0.631734 0.632463 0.634725 0.638547 0.643976 0.651081 0.659951 0.670704 0.683488 0.698483 0.715915 0.736058 0.729397 0.699826 0.674120 0.651749 0.632290 0.615399 0.600797 0.588256 0.577591 0.568651 0.561315 0.555487 0.551093 0.548078 0.546405 0.546054 0.547020 0.549315 0.552968 0.558022 0.564543 0.572613 0.582341 0.593860 0.607337 0.622975 0.641025 0.661794 0.685662 0.713097 0.744688 0.781178 0.823513 0.872924 0.931028 1.000000 0.944578 0.895122 0.852538 0.815697 0.783719 0.755906 0.731701 0.710657 0.692412 0.676669 0.663188 0.651774 0.642267 0.634539 0.628492 0.624048 0.621153 0.619770 0.619883 0.621494 0.624622 0.629306 0.635603 0.643593 0.653381 0.665099 0.678910 0.695016 1734.000000 1.384491 0.748172
0.795496 0.805449 0.815550 0.807513 0.801546 0.797573 0.795546 0.795442 0.797257 0.801015 0.806762 0.814568 0.824532 0.836784 0.835680 0.817596 0.802168 0.789179 0.778448 0.769836 0.763230 0.758549 0.755734 0.754752 0.755590 0.758258 0.762790 0.769241 0.777691 0.788248 0.801053 0.816280 0.813173 0.808198 0.805211 0.804177 0.805083 0.807939 0.812780 0.819667 0.828684 0.839948 0.853608 0.869849 0.888903 0.911054 0.936652 0.966125 1.000000 0.966398 0.936050 0.909676 0.886824 0.867131 0.850297 0.836079 0.824283 0.814751 0.807359 0.802015 0.798652 0.797230 0.797732 0.800163 0.804553 0.810956 0.819452 0.822591 0.810546 0.800751 0.793077 0.787428 0.783734 0.781949 0.782052 0.784044 0.787950 0.793816 0.782255 0.768095 0.756228 0.746493 0.738762 0.732938 0.728947 0.726741 0.726293 0.727596 0.730668 0.735546 0.742289 0.750983 0.761740 0.774703 0.790051 0.808005 0.828837 0.852882 0.880547 0.891364 0.886698 0.884200 0.883839 0.885611 0.889537 0.895665 0.904072 0.914863 0.928178 0.944194 0.963134 0.947068 0.916668 0.890237 0.867318 0.847540 0.830601 0.816253 0.804298 0.794574 0.786955 0.781346 0.777676 0.775902 0.776000 0.777973 0.781844 0.787661 1535.000000 1.078904 0.917554
0.724839 0.781143 0.849150 0.932589 0.900419 0.840023 0.789000 0.745514 0.708188 0.675973 0.648054 0.623793 0.602682 0.584315 0.568364 0.554560 0.542688 0.532569 0.524060 0.517045 0.511431 0.507146 0.504137 0.502366 0.501812 0.502469 0.504344 0.507461 0.511856 0.517587 0.524726 0.533367 0.543629 0.555659 0.569636 0.585783 0.604370 0.625731 0.650283 0.678541 0.711158 0.748964 0.793033 0.809859 0.757719 0.713502 0.675699 0.643172 0.615046 0.590640 0.569417 0.550947 0.534886 0.520954 0.508925 0.498612 0.489866 0.482564 0.476608 0.471920 0.468441 0.466127 0.464951 0.464898 0.465968 0.468172 0.471540 0.476111 0.481944 0.489115 0.497719 0.507877 0.519737 0.533480 0.549328 0.567556 0.588502 0.612585 0.640332 0.672409 0.709668 0.753220 0.804532 0.865584 0.939111 1.000000 0.903237 0.825362 0.761538 0.708460 0.663794 0.625845 0.593352 0.565361 0.541138 0.520106 0.501811 0.485891 0.472052 0.460057 0.449713 0.440863 0.433378 0.427155 0.422111 0.418180 0.415313 0.413474 0.412641 0.412805 0.413965 0.416138 0.419350 0.423639 0.429062 0.435689 0.443609 0.452933 0.463799 0.476376 0.490869 0.507532 0.526680 0.548703 0.574092 0.603469 0.637633 0.677628 1384.000000 1.265676 0.592085
0.517163 0.527535 0.539658 0.553717 0.569937 0.588598 0.610041 0.606169 0.592524 0.580849 0.570973 0.562761 0.556102 0.550911 0.547121 0.544687 0.543578 0.543781 0.545298 0.548147 0.552365 0.558002 0.565132 0.573846 0.584263 0.596528 0.610823 0.627368 0.646435 0.668357 0.693549 0.722522 0.755923 0.794568 0.839509 0.814465 0.782747 0.755159 0.731150 0.710279 0.692188 0.676585 0.663233 0.651938 0.642542 0.634922 0.628978 0.624635 0.621839 0.620557 0.620772 0.622488 0.625724 0.630522 0.636939 0.645059 0.654987 0.666857 0.656707 0.623063 0.594059 0.568945 0.547134 0.528158 0.511646 0.497296 0.484866 0.474156 0.465006 0.457282 0.450879 0.445713 0.441715 0.438836 0.437041 0.436307 0.436625 0.438000 0.440448 0.443999 0.448698 0.454604 0.461795 0.470369 0.480446 0.492176 0.505742 0.521369 0.539333 0.559976 0.583725 0.611115 0.642826 0.679736 0.722990 0.774115 0.835186 0.909096 1.000000 0.996833 0.916940 0.850801 0.795348 0.748374 0.708250 0.673751 0.643935 0.618073 0.595587 0.576018 0.558999 0.544230 0.531468 0.520517 0.511215 0.503430 0.497059 0.492017 0.488241 0.485684 0.484314 0.484115 0.485084 0.487233 0.490589 0.495192 0.501101 0.508392 9082.500000 1.612916 0.697587
1.000000 0.965259 0.935027 0.908754 0.885994 0.866382 0.849621 0.835472 0.823738 0.814264 0.806926 0.801634 0.798322 0.796949 0.797498 0.799977 0.804415 0.810867 0.819413 0.830163 0.843257 0.858873 0.877232 0.862553 0.850036 0.839871 0.831927 0.826104 0.822329 0.820555 0.820763 0.822954 0.827154 0.833416 0.841816 0.852463 0.865494 0.881085 0.899454 0.920872 0.945668 0.974248 0.993414 0.965693 0.941685 0.921007 0.903346 0.888451 0.876114 0.866174 0.858502 0.853002 0.849605 0.848271 0.848983 0.851750 0.856605 0.863608 0.872847 0.884440 0.887592 0.864849 0.845228 0.828429 0.814208 0.802367 0.792749 0.785227 0.779707 0.776121 0.774426 0.774599 0.776644 0.780586 0.786471 0.794375 0.804397 0.816667 0.831351 0.848655 0.868832 0.892194 0.919122 0.950086 0.985666 0.991671 0.961945 0.936138 0.913825 0.894655 0.878346 0.864666 0.853430 0.844491 0.837735 0.833077 0.830460 0.829852 0.831246 0.834659 0.840133 0.847734 0.857560 0.869735 0.884422 0.901824 0.903379 0.883299 0.866134 0.851635 0.839603 0.829878 0.822334 0.816877 0.813438 0.811975 0.812472 0.814934 0.819390 0.825897 0.834534 0.845411 0.858672 0.874496 0.893106 0.914777 0.939847 0.968728 14828.000000 1.062141 0.892470
0.887648 0.879121 0.872839 0.868724 0.866726 0.866821 0.869009 0.873318 0.837805 0.772484 0.718217 0.672589 0.633847 0.600694 0.572146 0.547448 0.526008 0.509624 0.503556 0.498819 0.495353 0.493114 0.492075 0.492224 0.493562 0.496107 0.499888 0.504953 0.511366 0.519211 0.528594 0.539646 0.552530 0.567445 0.584634 0.604399 0.627111 0.653231 0.683340 0.718172 0.758672 0.806071 0.862001 0.928676 1.000000 0.969117 0.942287 0.919057 0.899058 0.881991 0.867611 0.855721 0.846163 0.838814 0.833584 0.830406 0.829242 0.830079 0.832925 0.837817 0.844814 0.854003 0.865503 0.879464 0.896077 0.915578 0.938257 0.964470 0.994656 0.958864 0.889800 0.831886 0.782820 0.740906 0.704863 0.673713 0.646691 0.623197 0.602751 0.584969 0.569538 0.556206 0.544766 0.535051 0.526923 0.520273 0.515014 0.511079 0.508419 0.507002 0.506811 0.507842 0.512268 0.519643 0.528525 0.539037 0.551331 0.565594 0.582053 0.600990 0.622751 0.647767 0.676575 0.709854 0.748472 0.793556 0.814386 0.823775 0.835419 0.849473 0.866130 0.885630 0.908266 0.934400 0.925055 0.913975 0.905312 0.898958 0.894832 0.892886 0.893094 0.895461 0.900014 0.906810 0.915932 0.927497 0.911901 0.898527 17576.000000 1.338892 0.754939
0.907830 0.959116 1.000000 0.932509 0.875527 0.826986 0.785337 0.749401 0.718264 0.691211 0.667671 0.647190 0.629399 0.613999 0.600748 0.589447 0.579934 0.570791 0.559638 0.550213 0.542385 0.536050 0.531126 0.527550 0.525280 0.524287 0.524559 0.526099 0.528926 0.533075 0.538597 0.545563 0.554064 0.564215 0.576158 0.590071 0.606168 0.606524 0.599968 0.594970 0.591467 0.589417 0.588795 0.589593 0.591821 0.595506 0.600693 0.607448 0.615857 0.626031 0.638110 0.652267 0.668714 0.687711 0.709578 0.734710 0.763595 0.796841 0.834837 0.819521 0.806665 0.796094 0.787670 0.781285 0.776858 0.774337 0.773690 0.774909 0.778009 0.783028 0.790028 0.799097 0.810351 0.823940 0.788597 0.749700 0.716103 0.686972 0.661651 0.639616 0.620447 0.603807 0.589418 0.577058 0.566542 0.557721 0.550478 0.544715 0.540360 0.537358 0.535673 0.535284 0.533708 0.529988 0.527581 0.526459 0.526608 0.528029 0.530740 0.534774 0.540181 0.547029 0.555409 0.565433 0.577242 0.591008 0.606945 0.625314 0.629884 0.625533 0.622732 0.621447 0.621661 0.623378 0.626618 0.631421 0.637847 0.645977 0.655918 0.667803 0.681800 0.698114 0.716997 0.738759 0.763782 0.792535 0.825605 0.863726 7341.500000 1.402710 0.804782
0.914100 0.969016 0.957983 0.915717 0.879052 0.847172 0.819428 0.795299 0.774363 0.756276 0.740758 0.727582 0.716562 0.707551 0.700429 0.695108 0.691520 0.689622 0.689390 0.690822 0.693936 0.698769 0.705380 0.713854 0.724301 0.736859 0.751703 0.769049 0.789160 0.812360 0.820887 0.786213 0.756098 0.729898 0.707099 0.687287 0.670125 0.655340 0.642708 0.632048 0.623213 0.616085 0.610572 0.606605 0.604136 0.603134 0.603587 0.605500 0.608898 0.613820 0.620329 0.628509 0.638465 0.650334 0.664283 0.680520 0.699296 0.720924 0.745787 0.774358 0.807228 0.845138 0.889031 0.940122 1.000000 0.953802 0.910003 0.872059 0.839093 0.810409 0.785452 0.763771 0.745001 0.728845 0.715061 0.703452 0.693859 0.686155 0.680241 0.676042 0.673508 0.672607 0.673328 0.675681 0.679693 0.685413 0.692915 0.702293 0.713672 0.727206 0.743088 0.761555 0.782897 0.807471 0.835716 0.846384 0.808627 0.775883 0.747419 0.722648 0.701102 0.682400 0.666232 0.652349 0.640543 0.630650 0.622535 0.616091 0.611237 0.607911 0.606074 0.605703 0.606793 0.609357 0.613428 0.619054 0.626308 0.635282 0.646096 0.658900 0.673877 0.691256 0.711313 0.734391 0.760911 0.791397 0.826502 0.867051 9359.500000 1.225626 0.771320
0.489704 0.503387 0.519143 0.537253 0.558066 0.582015 0.609646 0.641654 0.678935 0.722665 0.774409 0.836305 0.911342 1.000000 0.954468 0.915011 0.880724 0.850889 0.824932 0.802387 0.782878 0.766096 0.751792 0.739762 0.729842 0.721900 0.715835 0.711571 0.709055 0.708258 0.709169 0.711799 0.716180 0.722367 0.730437 0.720060 0.701480 0.685445 0.671709 0.660071 0.650370 0.642476 0.636285 0.631720 0.628723 0.627259 0.627309 0.628875 0.631975 0.636646 0.631245 0.615875 0.602653 0.591381 0.581900 0.574078 0.567814 0.563027 0.559657 0.557663 0.557020 0.557720 0.559773 0.563202 0.568051 0.574379 0.582269 0.591824 0.603175 0.616485 0.631952 0.649820 0.666758 0.669901 0.674707 0.681235 0.689569 0.699815 0.712112 0.726631 0.743583 0.763227 0.785882 0.809980 0.803994 0.800009 0.797977 0.797872 0.799693 0.803462 0.809226 0.817056 0.827051 0.839341 0.854089 0.871503 0.843398 0.815788 0.791776 0.770941 0.752942 0.737501 0.724390 0.713426 0.704460 0.665360 0.630010 0.599599 0.573306 0.550493 0.530655 0.513391 0.498378 0.485354 0.474106 0.464462 0.456279 0.449444 0.443864 0.439466 0.436196 0.437276 0.440928 0.445725 0.451728 0.459016 0.467687 0.477866 724.000000 1.354352 0.797202
0.736172 0.730162 0.725984 0.723586 0.722941 0.724039 0.726894 0.731541 0.738038 0.746465 0.756932 0.769576 0.784573 0.775881 0.746684 0.721280 0.699176 0.679976 0.663358 0.649059 0.636865 0.626603 0.618132 0.611340 0.606140 0.602466 0.600275 0.599538 0.600248 0.602412 0.606057 0.611228 0.617990 0.626429 0.636656 0.637549 0.623478 0.611456 0.601311 0.592901 0.586116 0.580869 0.577092 0.574739 0.573783 0.574211 0.576028 0.579256 0.583936 0.590125 0.597902 0.607370 0.618657 0.629120 0.638448 0.649646 0.662868 0.678309 0.696203 0.716840 0.740577 0.767853 0.799214 0.835344 0.877108 0.925616 0.982308 1.000000 0.939120 0.887242 0.842720 0.804298 0.771003 0.742071 0.716897 0.694994 0.675970 0.659506 0.645343 0.633269 0.619936 0.598935 0.580664 0.564795 0.551063 0.539250 0.529182 0.520714 0.513731 0.508141 0.503871 0.500870 0.499099 0.498538 0.499179 0.502105 0.506779 0.512789 0.520211 0.529144 0.539713 0.552069 0.566401 0.582938 0.601964 0.623828 0.648962 0.677908 0.711350 0.750165 0.795486 0.800471 0.782969 0.768027 0.755430 0.745006 0.736615 0.730151 0.725532 0.722702 0.721625 0.722288 0.724701 0.728891 0.734911 0.742835 0.752766 0.744090 3476.500000 1.334622 0.803112
0.827979 0.764877 0.712307 0.668004 0.630319 0.598023 0.570182 0.546074 0.525137 0.506921 0.491071 0.477296 0.465364 0.455083 0.446299 0.438885 0.432738 0.427778 0.423940 0.421175 0.419451 0.418745 0.419049 0.420368 0.422716 0.426123 0.430631 0.436298 0.443197 0.451424 0.461094 0.472349 0.485367 0.500362 0.517600 0.537408 0.560197 0.586479 0.616908 0.652325 0.693830 0.742886 0.801484 0.872400 0.913046 0.853820 0.803628 0.760740 0.723853 0.691968 0.664306 0.640254 0.619323 0.601119 0.585325 0.571681 0.559977 0.550042 0.541735 0.534945 0.529583 0.525581 0.522889 0.521474 0.521320 0.522424 0.524800 0.528476 0.533499 0.539931 0.547856 0.557380 0.568635 0.581784 0.597028 0.614613 0.634842 0.658086 0.684810 0.715593 0.751168 0.792475 0.840733 0.793547 0.741891 0.698128 0.660744 0.628598 0.600814 0.576713 0.555759 0.537523 0.521663 0.507900 0.496009 0.485806 0.477140 0.469891 0.463959 0.459268 0.455757 0.453384 0.452119 0.451947 0.452866 0.454886 0.458033 0.462345 0.467877 0.474701 0.482907 0.492609 0.503948 0.517097 0.532267 0.549718 0.569771 0.592825 0.619379 0.650062 0.685682 0.727285 0.776253 0.834447 0.904429 0.989826 1.000000 0.904804 1583.000000 1.286860 0.590526
0.742016 0.791203 0.849566 0.919617 1.000000 0.945356 0.898428 0.857907 0.822780 0.792250 0.765683 0.742571 0.722503 0.705145 0.690225 0.677523 0.666856 0.658081 0.651083 0.644793 0.638558 0.633956 0.630928 0.629439 0.629469 0.631020 0.634109 0.638776 0.645077 0.653093 0.662928 0.674713 0.688615 0.704835 0.710331 0.693615 0.679267 0.667074 0.656866 0.648505 0.641881 0.636909 0.633529 0.631697 0.631394 0.632613 0.635371 0.639701 0.645657 0.653313 0.662769 0.674150 0.687615 0.703358 0.713825 0.699504 0.687369 0.677252 0.669017 0.662557 0.657789 0.654656 0.653118 0.653158 0.654775 0.657989 0.662839 0.669386 0.677713 0.687928 0.700167 0.714603 0.731446 0.750955 0.740781 0.728092 0.717530 0.708953 0.702251 0.697338 0.694155 0.692661 0.692840 0.694692 0.698241 0.703530 0.710625 0.719616 0.730620 0.743785 0.759296 0.777380 0.798317 0.822450 0.850199 0.882084 0.856243 0.791765 0.737971 0.692584 0.653941 0.620798 0.592211 0.567448 0.545934 0.527217 0.510930 0.496780 0.484529 0.473981 0.465272 0.466051 0.467962 0.471028 0.475287 0.480792 0.487616 0.495847 0.505600 0.517014 0.530263 0.545558 0.563159 0.583385 0.606633 0.633402 0.664315 0.700175 5134.000000 1.144010 0.758910
0.884201 0.837279 0.796909 0.762004 0.731717 0.705381 0.682461 0.662530 0.645240 0.630310 0.617509 0.606649 0.597580 0.590179 0.584350 0.580018 0.577130 0.575651 0.575562 0.576863 0.579569 0.583713 0.589347 0.596542 0.605392 0.616014 0.598887 0.572954 0.550445 0.530868 0.513832 0.499019 0.486175 0.475092 0.465599 0.457559 0.450859 0.445411 0.441142 0.438000 0.435945 0.434952 0.435010 0.436118 0.438290 0.441553 0.445948 0.451529 0.458370 0.466563 0.476223 0.487490 0.500538 0.515580 0.522183 0.526568 0.532320 0.539514 0.548243 0.558628 0.570815 0.584987 0.601366 0.620225 0.641902 0.666814 0.695481 0.728557 0.766877 0.811514 0.863879 0.925852 1.000000 0.986208 0.886460 0.806801 0.741919 0.688230 0.643232 0.605125 0.572583 0.544608 0.520434 0.499467 0.481239 0.465376 0.451578 0.439604 0.429256 0.420373 0.412825 0.406505 0.401327 0.397225 0.394146 0.392052 0.390916 0.390726 0.391478 0.393182 0.395859 0.397907 0.396171 0.395399 0.395581 0.396720 0.398829 0.401934 0.406073 0.411300 0.417682 0.425306 0.434280 0.444735 0.456833 0.470774 0.486802 0.505220 0.526404 0.550828 0.579092 0.611967 0.650460 0.695911 0.750132 0.815648 0.896069 0.939091 808.500000 1.776764 0.639616
0.933441 0.902884 0.876308 0.853249 0.833328 0.816238 0.801728 0.789593 0.779670 0.771830 0.765973 0.762027 0.759942 0.759693 0.761279 0.764717 0.770049 0.777343 0.786689 0.798209 0.812057 0.822672 0.826933 0.833256 0.841720 0.852433 0.865533 0.881198 0.899649 0.921155 0.946049 0.974740 0.954760 0.930762 0.910080 0.892400 0.877468 0.865077 0.855062 0.847294 0.841676 0.838137 0.836635 0.837152 0.839694 0.844291 0.851000 0.859905 0.871119 0.884789 0.901100 0.887561 0.863587 0.842852 0.825030 0.809857 0.797117 0.786638 0.778281 0.771940 0.767536 0.765014 0.764344 0.765518 0.768550 0.773477 0.780359 0.789284 0.800365 0.813750 0.829624 0.848213 0.869797 0.894720 0.923405 0.956369 0.949644 0.932596 0.918323 0.906631 0.897368 0.890416 0.885688 0.883126 0.882699 0.884403 0.888257 0.894308 0.902632 0.913333 0.917118 0.889347 0.865231 0.844370 0.826434 0.811159 0.798326 0.787761 0.779325 0.772910 0.768436 0.765847 0.765114 0.766225 0.769196 0.774062 0.780883 0.789745 0.800761 0.814078 0.829879 0.848389 0.863638 0.858653 0.855776 0.854970 0.856227 0.859561 0.865014 0.872652 0.882570 0.894898 0.909798 0.927474 0.948181 0.972229 1.000000 0.968553 6415.500000 1.080218 0.897835
0.928627 0.944016 0.927879 0.911856 0.898505 0.887646 0.879140 0.872878 0.868783 0.866804 0.866918 0.869127 0.873456 0.879959 0.870192 0.839719 0.813201 0.790152 0.770177 0.752957 0.738230 0.725782 0.715443 0.707073 0.700565 0.695837 0.692830 0.691508 0.691854 0.693873 0.697589 0.703049 0.710319 0.711640 0.712274 0.714632 0.718743 0.724658 0.732450 0.742218 0.754093 0.768234 0.784842 0.804165 0.826504 0.852232 0.881805 0.915790 0.954893 1.000000 0.987508 0.964711 0.945168 0.928594 0.914757 0.903471 0.894589 0.887999 0.883617 0.881392 0.881296 0.883327 0.887511 0.893899 0.902569 0.913632 0.913381 0.891141 0.872009 0.855700 0.841980 0.830663 0.821600 0.814673 0.809797 0.806911 0.805980 0.806994 0.809964 0.814926 0.813928 0.796203 0.781074 0.768327 0.757784 0.749309 0.742790 0.738146 0.735321 0.734279 0.735009 0.737518 0.741839 0.748022 0.756147 0.766316 0.778664 0.793359 0.810610 0.825899 0.813806 0.803972 0.796267 0.790595 0.786886 0.785094 0.785197 0.787198 0.791119 0.797009 0.804941 0.815015 0.827364 0.842153 0.859588 0.879925 0.903477 0.914080 0.904243 0.896752 0.891515 0.888466 0.887569 0.888813 0.892213 0.897810 0.905673 0.915902 1253.000000 1.231439 0.913512
0.903468 0.866977 0.835253 0.807645 0.783632 0.762790 0.744776 0.729309 0.716162 0.705149 0.696122 0.688961 0.683576 0.679900 0.677888 0.677515 0.678777 0.681688 0.686285 0.692625 0.700787 0.710876 0.723028 0.737409 0.754228 0.773740 0.761183 0.746140 0.733413 0.722825 0.714235 0.707531 0.702628 0.699466 0.698007 0.698233 0.700145 0.703769 0.709147 0.716348 0.725461 0.736607 0.749936 0.765634 0.783933 0.805114 0.829527 0.857596 0.889850 0.926946 0.969707 0.935075 0.900320 0.870076 0.843765 0.820918 0.801155 0.784166 0.769698 0.757547 0.747546 0.739564 0.733499 0.729275 0.726841 0.726166 0.727244 0.730085 0.734726 0.741224 0.749660 0.760142 0.772809 0.787836 0.805438 0.825880 0.849486 0.876655 0.872771 0.841168 0.813666 0.789747 0.768994 0.751067 0.735688 0.722633 0.711718 0.702795 0.695749 0.690489 0.686951 0.685091 0.684887 0.686335 0.689455 0.694283 0.700879 0.709327 0.719737 0.732247 0.747031 0.764303 0.780661 0.766886 0.755378 0.745980 0.738570 0.733055 0.729366 0.727457 0.727306 0.728911 0.732291 0.737487 0.744564 0.753612 0.764747 0.778118 0.793912 0.812359 0.833739 0.858398 0.886763 0.919356 0.956830 1.000000 0.994244 0.945544 6543.500000 1.150679 0.836134
0.675562 0.661876 0.650269 0.640579 0.632676 0.626456 0.621840 0.618772 0.617213 0.617145 0.618568 0.621497 0.625970 0.632041 0.639788 0.649310 0.660736 0.674225 0.689972 0.708220 0.729264 0.753468 0.781280 0.813258 0.850101 0.892694 0.942169 1.000000 0.952067 0.897794 0.851315 0.811270 0.776610 0.746515 0.720336 0.697554 0.677752 0.660590 0.645794 0.633138 0.622439 0.613549 0.606350 0.600748 0.596673 0.594074 0.592920 0.593197 0.594908 0.598074 0.602734 0.589723 0.577467 0.567048 0.558319 0.551163 0.545485 0.541213 0.538295 0.536694 0.536391 0.537382 0.539679 0.543311 0.548321 0.554774 0.562752 0.572362 0.583737 0.597041 0.612475 0.630287 0.650780 0.674331 0.701403 0.732578 0.768591 0.810381 0.859166 0.916550 0.984690 0.946625 0.901959 0.863305 0.829744 0.800552 0.775148 0.753064 0.733924 0.717417 0.703294 0.691350 0.681419 0.673368 0.667093 0.662516 0.659579 0.658247 0.658504 0.660352 0.663815 0.668933 0.675772 0.684418 0.694985 0.707614 0.716156 0.695779 0.678119 0.662890 0.649861 0.638844 0.629686 0.622265 0.616484 0.612271 0.609575 0.608360 0.608614 0.610340 0.613557 0.618306 0.624645 0.632656 0.642443 0.654138 0.667905 0.683948 7950.000000 1.324379 0.774878
0.808050 0.795990 0.786150 0.778403 0.772651 0.768821 0.766868 0.766767 0.768517 0.772140 0.777679 0.785204 0.794809 0.806619 0.805156 0.779927 0.758001 0.739006 0.722638 0.708650 0.696839 0.687044 0.679134 0.673007 0.668586 0.665815 0.664663 0.665114 0.667174 0.670868 0.676241 0.683361 0.692317 0.703229 0.716242 0.731543 0.749355 0.769958 0.793693 0.820977 0.852331 0.842664 0.821820 0.803872 0.788550 0.775635 0.764950 0.756352 0.749731 0.745004 0.742114 0.741024 0.741721 0.744214 0.748534 0.754732 0.762888 0.773104 0.785516 0.800292 0.791442 0.766564 0.744942 0.726208 0.710062 0.696259 0.684600 0.674925 0.667104 0.661036 0.656645 0.653877 0.652698 0.653094 0.655070 0.658649 0.663875 0.670118 0.676315 0.684291 0.694150 0.706024 0.720075 0.736507 0.755570 0.777569 0.802879 0.831964 0.865398 0.903902 0.948382 1.000000 0.958782 0.904931 0.858765 0.818959 0.784485 0.754541 0.728489 0.705820 0.686122 0.669062 0.654368 0.641818 0.631233 0.622466 0.615402 0.609950 0.606040 0.603625 0.604068 0.608664 0.614823 0.622623 0.632166 0.643580 0.657027 0.672703 0.690849 0.711765 0.735814 0.763449 0.795231 0.831865 0.874245 0.859384 0.839522 0.822493 4157.000000 1.034334 0.819650
0.823513 0.872924 0.931028 1.000000 0.983660 0.967311 0.953757 0.942817 0.934350 0.928251 0.924444 0.922881 0.923545 0.926444 0.931612 0.867452 0.812340 0.765546 0.725502 0.691021 0.661190 0.635295 0.612772 0.593172 0.576131 0.561357 0.548610 0.537696 0.529689 0.523981 0.519632 0.516589 0.514814 0.514287 0.515000 0.516962 0.520197 0.524745 0.530663 0.538026 0.546934 0.557506 0.569896 0.584288 0.600911 0.620046 0.642036 0.667311 0.696403 0.706047 0.704289 0.704233 0.705877 0.709241 0.714366 0.721317 0.730180 0.741072 0.754137 0.769559 0.787562 0.808421 0.810382 0.802542 0.796754 0.792945 0.791068 0.791102 0.793047 0.796926 0.802786 0.810701 0.820771 0.833126 0.847932 0.865397 0.885775 0.909380 0.936596 0.892655 0.854036 0.820515 0.791361 0.765989 0.743930 0.724804 0.708299 0.694165 0.682195 0.672223 0.664115 0.657767 0.653096 0.650047 0.648581 0.648681 0.650348 0.643339 0.623204 0.605705 0.590546 0.577484 0.566323 0.556901 0.549089 0.542782 0.537899 0.534380 0.532180 0.531273 0.531647 0.533308 0.536275 0.540585 0.546291 0.553467 0.562206 0.572613 0.582341 0.593860 0.607337 0.622975 0.641025 0.661795 0.685662 0.713097 0.744688 0.781178 7763.000000 1.473571 0.812137
0.658348 0.622551 0.591797 0.565237 0.542209 0.522192 0.504773 0.489621 0.476466 0.465090 0.455316 0.447000 0.440022 0.434290 0.429727 0.426274 0.423890 0.422545 0.422222 0.422918 0.424641 0.427412 0.431265 0.436248 0.442427 0.449882 0.458717 0.469058 0.481062 0.494921 0.510868 0.529195 0.550261 0.574515 0.602524 0.635012 0.672917 0.717473 0.770335 0.833774 0.910991 1.000000 0.912147 0.840345 0.780765 0.730719 0.688260 0.651948 0.620697 0.593669 0.570213 0.549815 0.532063 0.516627 0.503240 0.491683 0.481780 0.473386 0.466384 0.460679 0.456199 0.452885 0.450696 0.449607 0.449604 0.450686 0.452867 0.456174 0.460647 0.466343 0.473337 0.481721 0.491614 0.503159 0.516534 0.531956 0.549692 0.570072 0.593507 0.620510 0.651731 0.688007 0.730422 0.780414 0.839925 0.804675 0.758649 0.719242 0.685296 0.655919 0.630413 0.608227 0.588920 0.572137 0.557591 0.545046 0.534312 0.525233 0.517684 0.511564 0.506794 0.503313 0.501079 0.500063 0.500255 0.501655 0.504282 0.508167 0.513359 0.519923 0.527946 0.537535 0.548826 0.561985 0.577214 0.594765 0.614945 0.638133 0.664802 0.695547 0.731120 0.772490 0.820918 0.878081 0.880882 0.809155 0.749900 0.700304 2803.000000 1.215265 0.596113
0.777713 0.753787 0.733003 0.715010 0.699524 0.686314 0.675189 0.665998 0.658619 0.652958 0.648943 0.646526 0.645676 0.646383 0.648656 0.652523 0.658032 0.665250 0.674270 0.685213 0.698225 0.713494 0.731247 0.751763 0.775385 0.802536 0.833739 0.869646 0.821550 0.777425 0.739489 0.706707 0.678272 0.653550 0.632036 0.613324 0.597086 0.583053 0.571009 0.560775 0.552210 0.545195 0.539640 0.535475 0.532646 0.531120 0.530878 0.531917 0.534211 0.528240 0.523649 0.520380 0.518392 0.517662 0.518181 0.519955 0.523005 0.527369 0.533101 0.540276 0.548986 0.559352 0.571520 0.585672 0.602029 0.620866 0.642516 0.667397 0.696028 0.729059 0.767323 0.811890 0.864164 0.926016 1.000000 0.950443 0.899415 0.855544 0.817632 0.784747 0.756157 0.731276 0.709636 0.690856 0.674628 0.660700 0.648867 0.638962 0.630853 0.624432 0.619618 0.616351 0.614592 0.614318 0.615526 0.618232 0.622468 0.611701 0.595537 0.581569 0.569583 0.559401 0.550880 0.543906 0.538387 0.534253 0.531453 0.529952 0.529732 0.530790 0.533139 0.536809 0.541843 0.548307 0.556282 0.565877 0.577223 0.590485 0.605865 0.623610 0.644024 0.667483 0.694451 0.725511 0.761400 0.803060 0.836815 0.805211 7620.500000 1.286512 0.752854
0.780249 0.757040 0.736895 0.719484 0.704534 0.691826 0.681180 0.672452 0.665528 0.660320 0.656762 0.654812 0.654445 0.655657 0.658463 0.662897 0.669014 0.676890 0.686628 0.698357 0.712240 0.728476 0.747312 0.769050 0.794061 0.822802 0.855841 0.893888 0.937839 0.956744 0.909946 0.869509 0.834438 0.803948 0.777414 0.754335 0.734305 0.716994 0.702132 0.689502 0.678925 0.670257 0.663387 0.658225 0.654708 0.652792 0.652455 0.653693 0.656519 0.660970 0.667099 0.674985 0.684728 0.696459 0.710340 0.726572 0.745401 0.767129 0.792127 0.820853 0.853876 0.891905 0.935840 0.986828 1.000000 0.945612 0.898889 0.858537 0.823551 0.793140 0.766677 0.743656 0.723670 0.706388 0.691538 0.678902 0.668301 0.659590 0.652655 0.647408 0.643784 0.641737 0.641243 0.642296 0.644909 0.649113 0.654960 0.662524 0.671903 0.683221 0.696633 0.712333 0.730558 0.751598 0.775810 0.803634 0.835616 0.872439 0.880436 0.852830 0.828839 0.808055 0.790144 0.774836 0.761911 0.751189 0.742530 0.735820 0.730975 0.727937 0.726666 0.727149 0.729391 0.733419 0.739282 0.747055 0.756835 0.768751 0.782965 0.799677 0.819134 0.841640 0.867567 0.897373 0.913529 0.872862 0.837592 0.806931 8040.000000 1.068205 0.774859
0.903876 0.862590 0.826815 0.795731 0.768683 0.745150 0.724710 0.707018 0.691797 0.678818 0.667896 0.658883 0.651658 0.646130 0.642229 0.639908 0.639137 0.639908 0.642229 0.646130 0.651658 0.658883 0.667896 0.678818 0.691797 0.707018 0.724710 0.745150 0.768683 0.795731 0.826815 0.862590 0.903876 0.866553 0.823791 0.786858 0.754835 0.726999 0.702776 0.681704 0.663411 0.647594 0.634005 0.622443 0.612745 0.604779 0.598441 0.593650 0.590345 0.588487 0.588053 0.589038 0.591453 0.595329 0.600712 0.607670 0.616294 0.626697 0.639024 0.653451 0.670197 0.689528 0.711773 0.737337 0.766721 0.800554 0.839626 0.884949 0.937832 1.000000 0.962452 0.915235 0.874442 0.839066 0.808312 0.781549 0.758270 0.738064 0.720598 0.705600 0.692848 0.682164 0.673402 0.666447 0.661211 0.657629 0.655656 0.655269 0.656463 0.659252 0.663671 0.669774 0.677638 0.687364 0.699082 0.712954 0.729180 0.748006 0.730844 0.710738 0.693334 0.678357 0.665584 0.654830 0.645951 0.638827 0.633367 0.629504 0.627190 0.626396 0.627113 0.629349 0.633133 0.638509 0.645546 0.654334 0.664989 0.677655 0.692515 0.709789 0.729750 0.752731 0.779146 0.809503 0.844438 0.884752 0.931465 0.951721 2878.000000 1.174605 0.758723
0.957615 0.901995 0.854426 0.813485 0.778077 0.747348 0.720625 0.697368 0.677146 0.659608 0.644468 0.631496 0.620500 0.611329 0.603858 0.597991 0.593653 0.590791 0.589369 0.569162 0.544306 0.522737 0.503980 0.487657 0.473462 0.461151 0.450521 0.441409 0.433683 0.427234 0.421976 0.417840 0.414774 0.412740 0.411712 0.411679 0.412640 0.414607 0.417603 0.421666 0.426847 0.433214 0.440852 0.448130 0.451537 0.456103 0.461887 0.468963 0.477428 0.487400 0.499025 0.512482 0.527993 0.545829 0.566323 0.589893 0.617061 0.648490 0.685032 0.727795 0.778253 0.838399 0.910998 1.000000 0.988891 0.915968 0.854980 0.803421 0.759452 0.721695 0.689095 0.660837 0.636277 0.614906 0.596314 0.580169 0.566204 0.554199 0.543976 0.535390 0.528323 0.522684 0.518399 0.515415 0.513696 0.513221 0.513984 0.515994 0.510879 0.500046 0.490820 0.483071 0.476694 0.471604 0.467736 0.465043 0.463491 0.463060 0.463747 0.465559 0.468519 0.472662 0.474364 0.470491 0.467800 0.466256 0.465841 0.466549 0.468390 0.471385 0.475572 0.481003 0.487749 0.495897 0.505562 0.516880 0.530023 0.545200 0.562666 0.582740 0.605812 0.632372 0.663039 0.698600 0.740077 0.788809 0.846595 0.915897 5001.500000 1.698586 0.674407
