35
1000 1000
5 15 21 114 35 174 93 131 156 47 133
7 34 55 52 51 71 50 81 66 60 80 45 94 27 77
3 14 19 64 50 10 93
4 4 30 25 12 53 30 24 57
8 14 38 38 28 71 41 93 69 69 100 42 115 1 96 -3 71
5 22 32 66 21 110 49 72 80 39 74
5 47 11 94 -2 121 27 91 62 43 60
4 116 21 167 81 112 119 47 83
7 82 123 126 109 192 95 186 146 189 205 131 179 103 172
3 24 68 70 93 17 113
7 131 89 141 -5 229 66 229 115 208 168 165 179 125 135
7 -2 12 31 -6 64 -2 85 32 66 53 26 64 1 38
5 132 53 206 30 261 114 198 154 130 131
4 52 18 78 50 46 84 4 51
5 0 7 24 3 43 22 20 38 1 44
5 7 10 28 2 54 14 24 34 -10 35
7 14 17 60 13 107 29 141 51 93 91 67 99 11 83
5 4 34 53 22 94 68 69 126 -19 94
7 43 73 72 52 100 72 112 96 122 143 81 123 43 119
7 27 46 47 36 77 42 86 67 82 101 59 101 42 75
4 83 -5 127 47 76 91 17 50
5 50 27 87 27 116 45 88 62 64 55
3 150 95 201 127 140 165
5 32 49 51 38 66 55 57 77 27 76
5 7 39 37 15 40 48 37 83 0 71
3 12 11 57 41 16 51
7 10 34 18 15 33 19 45 39 33 55 10 68 -9 52
4 -3 34 39 13 80 42 42 61
7 -6 22 30 4 62 11 78 32 59 60 35 60 9 54
4 37 47 77 15 120 47 81 83
3 183 253 344 365 192 444
3 415 196 586 254 381 417
6 18 9 31 10 45 18 33 33 19 36 8 25
4 25 37 52 25 75 39 55 64
7 9 11 48 -5 84 -12 131 31 79 61 39 79 4 59
