35
1000 1000
8 7 92 40 55 107 52 168 57 174 101 155 168 110 180 47 164
8 11 7 33 -1 50 -3 73 26 57 45 33 64 8 53 -9 29
3 101 115 177 158 83 204
8 3 19 1 3 15 6 24 11 32 18 27 37 14 33 -5 37
3 63 40 129 73 72 105
8 13 48 52 16 98 48 123 88 97 112 48 127 8 125 4 85
3 56 78 230 165 79 226
3 17 6 53 25 11 55
7 0 4 19 4 29 7 36 18 34 35 15 29 11 21
3 78 91 205 155 96 210
8 46 41 58 38 72 42 76 57 80 74 62 78 49 65 45 59
7 14 15 47 -6 84 -8 106 25 90 62 52 57 22 40
4 11 24 38 6 59 24 40 55
5 7 -3 40 -2 66 15 41 50 10 28
6 33 56 62 32 102 37 138 63 95 94 65 93
6 12 20 27 -9 55 -5 83 23 64 53 24 56
5 52 12 91 4 129 36 99 77 14 81
4 35 14 59 34 31 46 9 36
3 137 73 247 144 150 205
8 10 2 15 -8 26 6 40 13 28 23 20 34 9 21 0 16
4 37 -9 67 66 31 108 -32 61
7 18 48 59 -7 86 35 153 63 123 153 47 118 7 115
5 71 96 106 77 159 129 101 148 44 152
8 30 37 28 17 50 14 58 30 73 37 68 56 44 68 41 50
5 95 63 139 46 169 78 129 116 96 98
3 -6 -1 41 23 -4 40
5 -36 -2 88 -35 144 49 108 132 32 85
8 16 15 23 0 32 12 38 20 30 30 20 33 5 34 7 22
3 35 11 117 66 48 94
7 3 15 14 8 23 12 44 21 30 33 16 38 6 29
7 -18 13 10 -2 43 -2 60 23 40 46 18 47 -7 35
7 30 88 81 66 112 80 123 108 113 147 83 140 44 134
4 6 38 41 18 81 39 36 69
5 74 106 119 97 139 130 140 187 56 176
5 5 1 23 -1 38 13 20 22 6 19
