0.945843 0.905903 0.871213 0.841033 0.814772 0.791951 0.772183 0.755152 0.740603 0.728325 0.718149 0.709940 0.703593 0.699028 0.696187 0.695037 0.695564 0.697774 0.701694 0.692318 0.668786 0.648311 0.630527 0.615134 0.601891 0.590599 0.581097 0.573255 0.566969 0.562159 0.558766 0.556746 0.556075 0.556746 0.558766 0.562159 0.566969 0.573255 0.581097 0.590599 0.601891 0.615134 0.630527 0.648311 0.668786 0.692318 0.715718 0.707215 0.700580 0.695728 0.692600 0.691158 0.691384 0.693281 0.696871 0.702200 0.709333 0.718360 0.729400 0.742602 0.758150 0.776273 0.797252 0.821430 0.849231 0.881176 0.917916 0.944953 0.903251 0.867074 0.835619 0.808245 0.784438 0.763780 0.745934 0.730622 0.717621 0.706746 0.697853 0.690824 0.685571 0.682027 0.680150 0.679917 0.681325 0.684391 0.689152 0.687416 0.664847 0.645217 0.628183 0.613466 0.600836 0.590109 0.581134 0.573789 0.567979 0.563630 0.560687 0.559114 0.558893 0.560021 0.562512 0.566395 0.571719 0.574762 0.573463 0.573548 0.575019 0.577893 0.582205 0.588010 0.595380 0.604412 0.615228 0.627977 0.642848 0.660069 0.679921 0.702750 0.728982 0.759149 0.793914 0.834123 0.880858 0.935527 1.000000 0.991967 632.000000 1.387825 0.813018
0.805092 0.819482 0.822976 0.814866 0.808844 0.804835 0.802790 0.802685 0.804517 0.808309 0.814108 0.821985 0.832040 0.844404 0.859241 0.876760 0.897214 0.911334 0.881788 0.856096 0.833810 0.814567 0.798072 0.784083 0.772405 0.762880 0.755385 0.749825 0.746130 0.744256 0.744180 0.745900 0.749438 0.754836 0.762163 0.771510 0.782999 0.796783 0.813056 0.832053 0.854066 0.879452 0.908649 0.942199 0.934503 0.910142 0.889106 0.871072 0.855776 0.843003 0.832582 0.824378 0.818286 0.814230 0.812161 0.812054 0.813908 0.817744 0.823611 0.831580 0.841752 0.854260 0.869271 0.886994 0.907687 0.931667 0.933199 0.898114 0.867587 0.841026 0.817955 0.797988 0.780808 0.766159 0.753832 0.743659 0.735505 0.729266 0.724863 0.722242 0.721372 0.722242 0.724863 0.729266 0.735505 0.743659 0.753832 0.766159 0.780808 0.797988 0.817955 0.817433 0.812193 0.808957 0.807684 0.808360 0.810992 0.815613 0.822278 0.831073 0.842108 0.855529 0.871518 0.890302 0.912159 0.937432 0.966540 1.000000 0.966814 0.932429 0.902505 0.876488 0.853929 0.834462 0.817788 0.803666 0.791899 0.782329 0.774832 0.769313 0.765704 0.763960 0.764060 0.766007 0.769822 0.775554 0.783272 0.793076 1829.000000 1.051029 0.880839
0.949416 0.968401 0.959823 0.902275 0.853176 0.810998 0.774572 0.742990 0.715539 0.691651 0.670871 0.652829 0.637228 0.623823 0.612415 0.602842 0.594976 0.588713 0.583972 0.580246 0.577209 0.575583 0.575347 0.576501 0.579057 0.583046 0.588519 0.595543 0.604210 0.614636 0.626966 0.641376 0.658087 0.677368 0.699549 0.725038 0.754340 0.788089 0.827085 0.849250 0.846396 0.845590 0.846825 0.850114 0.855497 0.863042 0.872842 0.885025 0.899750 0.917220 0.937687 0.961456 0.949115 0.920058 0.894819 0.872975 0.854181 0.838155 0.824670 0.813541 0.804621 0.797795 0.792979 0.790112 0.789160 0.790112 0.792979 0.797795 0.804621 0.813541 0.824670 0.838155 0.854181 0.872975 0.894819 0.920058 0.867800 0.819915 0.778816 0.743346 0.712608 0.685898 0.662657 0.642436 0.624873 0.609675 0.596601 0.585458 0.576085 0.568356 0.562167 0.557440 0.554116 0.554615 0.558565 0.563939 0.570807 0.579256 0.589401 0.601382 0.615373 0.631588 0.650291 0.671802 0.696521 0.724941 0.757683 0.795529 0.839483 0.890850 0.951354 1.000000 0.976492 0.956315 0.939171 0.924820 0.913068 0.903760 0.896779 0.892038 0.889477 0.889068 0.890803 0.894705 0.900822 0.909227 0.920029 0.933366 1559.500000 1.256537 0.797342
0.803901 0.823918 0.847051 0.873685 0.904298 0.879436 0.855311 0.834431 0.816467 0.801149 0.788259 0.777621 0.769095 0.762571 0.757967 0.755227 0.754317 0.755227 0.757967 0.762571 0.769095 0.777524 0.785438 0.795451 0.807693 0.822330 0.839567 0.859658 0.882913 0.909714 0.940530 0.975940 1.000000 0.970855 0.945574 0.923744 0.905032 0.889162 0.875912 0.865105 0.856601 0.850290 0.846095 0.843964 0.843872 0.845817 0.838305 0.816539 0.797749 0.781644 0.767991 0.756597 0.747311 0.740011 0.734605 0.731026 0.729230 0.729195 0.730920 0.734427 0.739759 0.746982 0.756186 0.767493 0.760375 0.752056 0.745693 0.741208 0.738546 0.737673 0.738579 0.741275 0.745795 0.752193 0.760550 0.770973 0.783599 0.798603 0.816196 0.831452 0.830450 0.831452 0.834468 0.839537 0.846720 0.856107 0.867818 0.882009 0.898873 0.918651 0.941638 0.968197 0.998774 0.981254 0.949764 0.922384 0.898644 0.878157 0.860610 0.845749 0.833366 0.823295 0.815405 0.809597 0.805798 0.803963 0.804069 0.806117 0.810133 0.816164 0.805381 0.787952 0.773084 0.760565 0.750224 0.741923 0.735557 0.731046 0.728333 0.727386 0.728194 0.730766 0.735133 0.741350 0.749494 0.759669 0.772009 0.786684 881.500000 1.237271 0.894583
0.860943 0.825483 0.794667 0.767853 0.744524 0.724264 0.706736 0.691662 0.678819 0.668025 0.659131 0.652021 0.646605 0.642813 0.640599 0.639938 0.640819 0.643256 0.647276 0.652929 0.660286 0.669443 0.680520 0.668570 0.657272 0.647885 0.640282 0.634367 0.630064 0.627320 0.626101 0.626394 0.628201 0.631544 0.636464 0.643023 0.652990 0.670708 0.691126 0.714602 0.741577 0.772604 0.808372 0.849760 0.897895 0.954246 1.000000 0.966847 0.938008 0.912976 0.891336 0.872753 0.856951 0.843707 0.832842 0.824214 0.817713 0.813257 0.810793 0.810289 0.811740 0.815164 0.814602 0.796624 0.781263 0.768300 0.757554 0.748885 0.742179 0.737353 0.734347 0.733125 0.733671 0.735992 0.740117 0.746096 0.754003 0.763940 0.776037 0.790458 0.807407 0.816008 0.777081 0.743408 0.714182 0.688763 0.666642 0.647409 0.630731 0.616339 0.604011 0.593569 0.584867 0.577788 0.572241 0.573982 0.580332 0.588256 0.597861 0.609276 0.622665 0.638228 0.656210 0.676913 0.700707 0.728054 0.759525 0.795844 0.837931 0.886974 0.885617 0.876149 0.868952 0.863937 0.861042 0.860231 0.861495 0.864850 0.870336 0.878021 0.888001 0.900404 0.915396 0.933181 0.954015 0.978211 0.949252 0.901856 1345.000000 1.256787 0.815858
0.876816 0.855747 0.837637 0.822218 0.809271 0.798619 0.790122 0.783673 0.779190 0.776618 0.775926 0.777106 0.780172 0.785161 0.792135 0.801182 0.812417 0.825990 0.842087 0.854143 0.823607 0.797033 0.773927 0.753887 0.736589 0.721766 0.709204 0.698725 0.690190 0.683488 0.678534 0.675266 0.673644 0.673649 0.675282 0.678560 0.683526 0.690239 0.698786 0.709278 0.721855 0.713497 0.699816 0.688276 0.678720 0.671019 0.665076 0.660814 0.658183 0.657149 0.657701 0.659845 0.663606 0.669032 0.676189 0.685170 0.696092 0.709103 0.724389 0.742176 0.762742 0.781425 0.765326 0.751651 0.740208 0.730842 0.723432 0.717882 0.714124 0.712112 0.711821 0.713248 0.716411 0.721820 0.729555 0.739258 0.751056 0.765109 0.781618 0.800827 0.823036 0.848615 0.878017 0.911806 0.950682 0.995525 1.000000 0.935002 0.879928 0.832876 0.792413 0.757439 0.727100 0.700721 0.677764 0.657798 0.640474 0.625507 0.612666 0.601762 0.592642 0.585183 0.579288 0.574882 0.571909 0.570334 0.570137 0.571317 0.570957 0.570856 0.572133 0.574804 0.578901 0.584475 0.591596 0.600358 0.610876 0.623298 0.637804 0.654616 0.674006 0.696308 0.721936 0.751402 0.785347 0.824585 0.870157 0.901174 4395.000000 1.276769 0.820626
0.951857 0.937513 0.893492 0.855388 0.822300 0.793518 0.768471 0.746701 0.727835 0.711571 0.697662 0.685908 0.676144 0.668242 0.662099 0.657638 0.654804 0.653561 0.653896 0.655811 0.659331 0.664499 0.671378 0.680057 0.690648 0.703296 0.718178 0.735514 0.755573 0.778684 0.774737 0.739737 0.709397 0.683029 0.660083 0.640122 0.622788 0.607794 0.594905 0.583928 0.574709 0.567121 0.561065 0.556464 0.553259 0.551412 0.550899 0.551716 0.553871 0.557392 0.562320 0.568719 0.576671 0.586280 0.597680 0.611033 0.626540 0.644447 0.665057 0.688744 0.715968 0.747308 0.783491 0.825445 0.874373 0.931853 1.000000 0.970517 0.919689 0.875925 0.838065 0.805201 0.776618 0.751743 0.730117 0.711366 0.695187 0.681332 0.669600 0.659829 0.651886 0.645669 0.641099 0.638121 0.636696 0.636809 0.638460 0.641669 0.646476 0.652941 0.661145 0.671195 0.683227 0.697409 0.713948 0.733101 0.713893 0.689354 0.668003 0.649451 0.633387 0.619555 0.607747 0.597794 0.589559 0.582933 0.577831 0.574189 0.571962 0.571122 0.571660 0.573583 0.576912 0.581691 0.587977 0.595852 0.605418 0.616808 0.630181 0.645737 0.663720 0.684429 0.708234 0.735590 0.767066 0.803379 0.845438 0.894418 3449.500000 1.350185 0.752682
0.831297 0.908143 0.890638 0.833995 0.785907 0.744758 0.709327 0.678675 0.652069 0.628927 0.608789 0.591280 0.576099 0.563001 0.551785 0.542288 0.534378 0.527948 0.522917 0.519220 0.516810 0.515660 0.515754 0.517095 0.519697 0.523594 0.528833 0.535482 0.543625 0.553374 0.564865 0.578266 0.593783 0.611670 0.632239 0.655874 0.683055 0.714381 0.750614 0.792730 0.842003 0.798712 0.746836 0.702878 0.665321 0.633021 0.605102 0.580883 0.559824 0.541498 0.525559 0.511730 0.499783 0.489533 0.480830 0.473553 0.467602 0.462900 0.459387 0.457020 0.455770 0.455621 0.456571 0.458633 0.461831 0.466206 0.471811 0.478720 0.487025 0.496842 0.508312 0.521610 0.536951 0.554599 0.574878 0.598192 0.625047 0.656081 0.692112 0.734202 0.783754 0.842655 0.913508 1.000000 0.968958 0.880577 0.808757 0.749438 0.699796 0.657809 0.621989 0.591219 0.564646 0.541607 0.521582 0.504157 0.488998 0.475837 0.464455 0.454675 0.446352 0.439367 0.433626 0.429053 0.425590 0.423194 0.421836 0.421498 0.422178 0.423882 0.426632 0.430461 0.435419 0.441568 0.448990 0.457789 0.468088 0.480046 0.493851 0.509737 0.527995 0.548980 0.573140 0.601040 0.633398 0.671148 0.715516 0.768147 552.000000 1.261469 0.592598
0.527559 0.554911 0.586745 0.624049 0.668138 0.647120 0.621569 0.599349 0.580012 0.563197 0.548615 0.536027 0.525241 0.516100 0.508475 0.502264 0.497388 0.493783 0.491405 0.490226 0.490230 0.491418 0.493804 0.497418 0.502304 0.508525 0.516160 0.525313 0.536112 0.548713 0.563311 0.580142 0.599499 0.621742 0.647318 0.676790 0.710867 0.750461 0.796760 0.824420 0.740605 0.673734 0.619307 0.574296 0.536590 0.504671 0.477421 0.454002 0.433768 0.416221 0.400967 0.387693 0.376146 0.366124 0.357461 0.350022 0.343697 0.338398 0.334052 0.330603 0.328006 0.326230 0.325252 0.325061 0.325654 0.327038 0.329231 0.332259 0.336161 0.340987 0.346801 0.353684 0.361734 0.371074 0.381854 0.394257 0.408510 0.424894 0.443761 0.465554 0.490843 0.520362 0.555082 0.596306 0.645825 0.706168 0.781025 0.875995 1.000000 0.900543 0.814742 0.745508 0.688648 0.641283 0.601369 0.567419 0.538326 0.513246 0.491531 0.472671 0.456264 0.441986 0.429578 0.418830 0.409569 0.401655 0.394974 0.389435 0.384964 0.381503 0.379009 0.377451 0.376809 0.377076 0.378256 0.380362 0.383421 0.387470 0.392561 0.398762 0.406156 0.414847 0.424965 0.436666 0.450146 0.465642 0.483449 0.503934 1859.500000 1.613095 0.556111
0.885751 0.856433 0.830931 0.808796 0.789662 0.773233 0.759265 0.747562 0.737965 0.730349 0.724615 0.720694 0.718537 0.718118 0.719431 0.722493 0.727340 0.734034 0.742657 0.753322 0.766171 0.781380 0.799169 0.819809 0.843629 0.871036 0.902531 0.938735 0.905792 0.861078 0.822460 0.788976 0.759870 0.734542 0.712510 0.693382 0.676843 0.662633 0.650542 0.640400 0.632069 0.625439 0.620426 0.616967 0.615020 0.613891 0.608385 0.604421 0.601948 0.600937 0.601377 0.603271 0.606643 0.611534 0.618006 0.626142 0.636046 0.647855 0.661736 0.677892 0.696578 0.718102 0.742845 0.771279 0.782663 0.770252 0.760030 0.751864 0.745649 0.741306 0.738784 0.738051 0.739098 0.741937 0.746605 0.753157 0.761676 0.772273 0.785086 0.800292 0.818109 0.838803 0.862704 0.890215 0.921832 0.958171 1.000000 0.947803 0.896887 0.853113 0.815286 0.782475 0.753950 0.729126 0.707535 0.688797 0.672605 0.658707 0.646898 0.637013 0.626920 0.613617 0.602287 0.592770 0.584937 0.578684 0.573931 0.570619 0.568708 0.568173 0.569009 0.571225 0.574849 0.579926 0.586518 0.594711 0.604614 0.616361 0.630123 0.646105 0.664562 0.685804 0.710218 0.738277 0.770578 0.807870 0.851110 0.901534 591.000000 1.204792 0.796555
1.000000 0.904124 0.826841 0.763424 0.710633 0.666171 0.628370 0.595987 0.568080 0.543921 0.522941 0.504691 0.488809 0.475006 0.463046 0.452737 0.443924 0.436478 0.430298 0.425300 0.421421 0.418611 0.416836 0.416074 0.416316 0.417565 0.419836 0.423157 0.427568 0.433128 0.439907 0.447999 0.457516 0.468601 0.481424 0.496197 0.513182 0.532700 0.555150 0.581038 0.611003 0.645867 0.686704 0.734945 0.763899 0.724156 0.689924 0.660301 0.634583 0.612213 0.592746 0.575823 0.561153 0.548502 0.537675 0.528515 0.520897 0.514717 0.509896 0.506373 0.504105 0.503063 0.503236 0.504625 0.507246 0.511133 0.516334 0.522914 0.530960 0.540579 0.551908 0.565113 0.580397 0.598012 0.618265 0.641539 0.668305 0.699161 0.734859 0.776370 0.824958 0.863807 0.786110 0.722835 0.670482 0.626608 0.589456 0.557732 0.530460 0.506896 0.486458 0.468689 0.453227 0.439777 0.428105 0.418017 0.409357 0.401997 0.395834 0.390785 0.386782 0.383776 0.381729 0.380616 0.380423 0.381148 0.382799 0.385398 0.388975 0.393577 0.399262 0.406106 0.414205 0.423674 0.434659 0.447334 0.461917 0.478675 0.497939 0.520124 0.545755 0.575501 0.610231 0.651092 0.699623 0.757946 0.829055 0.917327 11187.000000 1.378976 0.582065
0.668925 0.651545 0.636540 0.623679 0.612775 0.603675 0.596256 0.590423 0.586101 0.583237 0.581795 0.581759 0.583127 0.585916 0.590161 0.595914 0.603248 0.612258 0.623065 0.635820 0.650708 0.667957 0.687849 0.710726 0.737014 0.767241 0.802068 0.842332 0.889108 0.943793 1.000000 0.935111 0.880121 0.833135 0.792725 0.757794 0.727490 0.701142 0.678211 0.658269 0.640966 0.626019 0.613197 0.602311 0.593209 0.585769 0.579892 0.575505 0.572552 0.570999 0.570825 0.572029 0.574625 0.578646 0.584140 0.591177 0.599849 0.610271 0.622588 0.636979 0.653662 0.672908 0.695046 0.720486 0.749733 0.783422 0.822356 0.867562 0.834122 0.802725 0.775405 0.751635 0.730988 0.713117 0.697740 0.684626 0.673589 0.664477 0.657171 0.651577 0.647623 0.645263 0.644467 0.645225 0.647547 0.651460 0.657014 0.664277 0.673343 0.684331 0.697392 0.712711 0.730518 0.751093 0.774782 0.802008 0.817534 0.789756 0.765587 0.744594 0.726425 0.710793 0.697464 0.686249 0.676994 0.669577 0.663903 0.659901 0.657521 0.656734 0.657532 0.659924 0.663938 0.669624 0.677054 0.686322 0.697552 0.710896 0.726545 0.744733 0.765747 0.789940 0.817746 0.804021 0.768934 0.738485 0.712006 0.688963 7822.500000 1.123817 0.764033
0.786785 0.715127 0.656884 0.608769 0.568497 0.534431 0.505366 0.480396 0.458831 0.440134 0.423882 0.409739 0.397437 0.386756 0.377520 0.369584 0.362831 0.357165 0.352510 0.348804 0.346000 0.344064 0.342970 0.342706 0.343269 0.344666 0.346913 0.350038 0.354081 0.359094 0.365143 0.372311 0.380702 0.390443 0.401688 0.414628 0.429499 0.446592 0.466273 0.489000 0.515361 0.546117 0.582268 0.625158 0.676629 0.739277 0.816877 0.915142 0.902174 0.841789 0.790766 0.747272 0.709935 0.677706 0.649773 0.625499 0.604377 0.586001 0.570042 0.556233 0.544358 0.534240 0.525734 0.518725 0.513120 0.508848 0.505855 0.504105 0.503575 0.504260 0.506168 0.509322 0.513761 0.519541 0.526736 0.535441 0.545775 0.557887 0.571957 0.588209 0.606917 0.628418 0.653129 0.681572 0.670960 0.633925 0.602139 0.574707 0.550935 0.530278 0.512304 0.496666 0.483083 0.471329 0.461218 0.452599 0.445350 0.439371 0.434583 0.430926 0.428353 0.426832 0.426346 0.426888 0.428465 0.431097 0.434814 0.439665 0.445711 0.453033 0.461729 0.471926 0.483775 0.497463 0.513221 0.531331 0.552146 0.576102 0.603752 0.635798 0.673150 0.717000 0.768942 0.831156 0.906700 1.000000 0.992643 0.876749 1291.000000 1.620188 0.554088
0.951831 1.000000 0.940767 0.890184 0.846698 0.809121 0.776529 0.748194 0.723536 0.702088 0.683475 0.667389 0.653582 0.641849 0.632025 0.623979 0.617604 0.607400 0.587658 0.570489 0.555596 0.542735 0.531708 0.522354 0.514541 0.508164 0.503141 0.499407 0.496917 0.495640 0.495560 0.496676 0.499002 0.502567 0.507414 0.513605 0.524873 0.538863 0.554994 0.573543 0.594859 0.619370 0.647614 0.680275 0.718228 0.749856 0.746753 0.745463 0.745972 0.748286 0.752432 0.758462 0.766450 0.776499 0.788741 0.803341 0.820506 0.840489 0.863603 0.890229 0.920838 0.956012 0.969006 0.910967 0.861446 0.818902 0.782159 0.750301 0.722609 0.698511 0.677549 0.659350 0.643613 0.630092 0.618588 0.608936 0.601007 0.594696 0.588945 0.580388 0.573437 0.568004 0.564018 0.561431 0.560211 0.560343 0.561829 0.564687 0.568952 0.574677 0.581934 0.590819 0.601451 0.613978 0.628585 0.645496 0.664990 0.687404 0.680158 0.668412 0.658626 0.650666 0.644431 0.639841 0.636839 0.635388 0.635472 0.637091 0.640264 0.645031 0.651451 0.659604 0.669598 0.681567 0.688721 0.692201 0.697406 0.704399 0.713269 0.724133 0.737136 0.752460 0.770331 0.791022 0.814874 0.842300 0.873816 0.910059 3708.000000 1.342031 0.792765
0.912843 0.851889 0.800374 0.756452 0.718742 0.686187 0.657970 0.633448 0.612109 0.593545 0.577424 0.563477 0.551485 0.541269 0.532685 0.525616 0.519968 0.515669 0.512666 0.510921 0.510413 0.511137 0.513100 0.516328 0.520858 0.526750 0.534077 0.542938 0.553453 0.565774 0.580085 0.596614 0.615638 0.637502 0.662632 0.691558 0.724952 0.763667 0.808808 0.861829 0.924672 1.000000 0.940004 0.867801 0.807705 0.757100 0.714081 0.677232 0.645477 0.617990 0.594120 0.573356 0.555287 0.539582 0.525973 0.514243 0.504212 0.495736 0.488699 0.483006 0.478583 0.475376 0.473344 0.472463 0.472722 0.474124 0.476686 0.480440 0.485432 0.491726 0.499404 0.508570 0.519354 0.531914 0.546445 0.563188 0.582437 0.604556 0.629999 0.659336 0.693290 0.732793 0.779059 0.833706 0.898925 0.977770 0.981961 0.908597 0.847332 0.795602 0.751532 0.713717 0.681088 0.652815 0.628249 0.606874 0.588277 0.572122 0.558140 0.546109 0.535849 0.527215 0.520087 0.514372 0.509997 0.506907 0.505063 0.504443 0.505040 0.506861 0.509928 0.514279 0.519968 0.527068 0.535674 0.545901 0.557898 0.571842 0.587953 0.606503 0.627822 0.652324 0.680522 0.713063 0.750773 0.794714 0.846285 0.907351 1233.000000 1.103582 0.602387
0.637099 0.628603 0.621809 0.616629 0.613000 0.610877 0.610233 0.611061 0.613371 0.617191 0.622568 0.629569 0.638286 0.648831 0.661352 0.676025 0.693072 0.712763 0.735428 0.761477 0.791416 0.825876 0.865655 0.911767 0.965525 1.000000 0.942049 0.892479 0.849810 0.812903 0.780872 0.753015 0.728772 0.707693 0.689413 0.673636 0.660119 0.648666 0.639117 0.631345 0.625247 0.620747 0.617789 0.616336 0.616372 0.617897 0.620929 0.625505 0.631682 0.639538 0.649176 0.660725 0.674346 0.690238 0.708646 0.729869 0.749268 0.727399 0.708429 0.692048 0.678003 0.666090 0.656142 0.648025 0.641634 0.636886 0.633724 0.632108 0.632019 0.633456 0.636436 0.640996 0.647192 0.655102 0.664830 0.676506 0.690291 0.706387 0.725041 0.746553 0.771296 0.799728 0.832418 0.813880 0.797765 0.784128 0.772781 0.763570 0.756377 0.751110 0.747706 0.746121 0.746338 0.748357 0.752205 0.757928 0.765598 0.775311 0.787194 0.801408 0.818152 0.817487 0.787086 0.760631 0.737616 0.717631 0.700343 0.685480 0.672823 0.662191 0.653440 0.646453 0.641143 0.637443 0.635307 0.634709 0.635642 0.638117 0.642165 0.647835 0.655198 0.664350 0.675411 0.688534 0.690803 0.674066 0.659673 0.647409 518.000000 1.268730 0.822579
0.810398 0.742599 0.686795 0.640226 0.600928 0.567463 0.538758 0.513995 0.492544 0.473907 0.457692 0.443583 0.431325 0.420714 0.411579 0.403785 0.397220 0.391793 0.387434 0.384085 0.381706 0.380267 0.379749 0.380148 0.381467 0.383724 0.386945 0.391170 0.396455 0.402868 0.410498 0.419452 0.429863 0.441897 0.455753 0.471680 0.489983 0.511045 0.535346 0.563500 0.596295 0.634767 0.680297 0.734771 0.800825 0.882264 0.923508 0.858340 0.803571 0.757086 0.717319 0.683085 0.653472 0.627770 0.605416 0.585962 0.569048 0.554381 0.541724 0.530882 0.521697 0.514043 0.507815 0.502933 0.499336 0.496979 0.495833 0.495884 0.497133 0.499594 0.503299 0.508293 0.514639 0.522420 0.531740 0.542731 0.555552 0.570401 0.587519 0.607205 0.629826 0.655838 0.685815 0.720483 0.760772 0.718416 0.677880 0.643141 0.613195 0.587265 0.564744 0.545151 0.528102 0.513286 0.500452 0.489393 0.479945 0.471969 0.465357 0.460021 0.455892 0.452917 0.451061 0.450300 0.450625 0.452041 0.454564 0.458226 0.463072 0.469163 0.476581 0.485425 0.495820 0.507921 0.521916 0.538037 0.556570 0.577866 0.602366 0.630622 0.663336 0.701411 0.746031 0.798768 0.861763 0.937998 1.000000 0.894192 5326.500000 1.392453 0.580086
0.821543 0.798560 0.778652 0.761503 0.746853 0.734492 0.724250 0.715991 0.709609 0.705022 0.702176 0.701034 0.698139 0.688262 0.680276 0.674079 0.669592 0.666760 0.665548 0.665942 0.667947 0.671587 0.676906 0.683971 0.692872 0.703726 0.716678 0.731913 0.749655 0.770180 0.793827 0.821012 0.852251 0.877259 0.857548 0.840685 0.826425 0.814570 0.804962 0.797477 0.792020 0.788524 0.786946 0.787268 0.789492 0.793647 0.799782 0.807975 0.818329 0.830980 0.846098 0.863896 0.884637 0.908640 0.936301 0.931696 0.918626 0.908075 0.899907 0.894019 0.890338 0.888820 0.889446 0.892225 0.897189 0.904399 0.903627 0.858216 0.819029 0.785074 0.755569 0.729897 0.707560 0.688159 0.671367 0.656920 0.644602 0.634238 0.625685 0.618830 0.613586 0.609887 0.607688 0.606962 0.614110 0.624947 0.637736 0.652666 0.669964 0.689911 0.712852 0.739214 0.769525 0.804449 0.844826 0.891732 0.884363 0.864871 0.848219 0.834167 0.822523 0.813131 0.805871 0.800651 0.797407 0.796099 0.796712 0.799253 0.803752 0.810265 0.818271 0.819572 0.822863 0.828184 0.835600 0.845204 0.857121 0.871509 0.888564 0.908534 0.931717 0.958484 0.989288 1.000000 0.953549 0.913325 0.878388 0.847992 6205.500000 1.223262 0.846966
0.854640 0.883993 0.886765 0.847099 0.812703 0.782804 0.756786 0.734152 0.714505 0.697519 0.682928 0.670518 0.660112 0.651570 0.644780 0.639655 0.636132 0.634166 0.633734 0.634832 0.637471 0.641685 0.646985 0.651122 0.656904 0.664405 0.673721 0.684975 0.698323 0.713956 0.732108 0.753070 0.777194 0.804919 0.836785 0.873469 0.915825 0.964941 1.000000 0.961818 0.928599 0.899693 0.874576 0.852822 0.834084 0.818081 0.804582 0.793401 0.784391 0.777435 0.772446 0.769362 0.768146 0.768782 0.771280 0.775668 0.781192 0.766536 0.754203 0.744025 0.735867 0.729624 0.725219 0.722598 0.721727 0.722598 0.725219 0.714278 0.699418 0.686784 0.676199 0.667519 0.660631 0.655446 0.651899 0.649949 0.649570 0.650759 0.653529 0.657915 0.663970 0.671771 0.681419 0.693042 0.706800 0.722893 0.741564 0.763111 0.787904 0.816394 0.849145 0.870275 0.857629 0.847357 0.839326 0.833435 0.829611 0.827807 0.828001 0.830195 0.834417 0.840718 0.849176 0.859898 0.867466 0.840260 0.816616 0.796131 0.778479 0.763391 0.750652 0.740084 0.731547 0.724932 0.720154 0.717156 0.715900 0.716371 0.718575 0.722538 0.728310 0.735962 0.745592 0.757326 0.771323 0.787781 0.806942 0.829106 4994.000000 1.169509 0.851506
0.865665 0.830988 0.800837 0.774599 0.751779 0.731977 0.714871 0.700193 0.687730 0.677306 0.668780 0.662042 0.657005 0.653606 0.651805 0.651579 0.652925 0.655861 0.660421 0.666662 0.674664 0.684528 0.696388 0.710408 0.726791 0.745787 0.767701 0.792910 0.821878 0.855181 0.893540 0.937868 0.989331 0.946807 0.909651 0.877335 0.849212 0.824761 0.803561 0.785267 0.769601 0.756334 0.745282 0.736296 0.729260 0.724085 0.720708 0.719086 0.719200 0.721051 0.724662 0.730077 0.737364 0.746614 0.757948 0.771519 0.787517 0.806176 0.827782 0.852690 0.881332 0.914244 0.952092 0.944658 0.897168 0.856188 0.820679 0.789825 0.762978 0.739620 0.719331 0.701771 0.686662 0.673780 0.662939 0.653993 0.646822 0.641335 0.637463 0.635158 0.634393 0.635158 0.637463 0.641335 0.646822 0.653993 0.662939 0.673780 0.686662 0.701771 0.719331 0.739620 0.762978 0.789825 0.820679 0.856188 0.897168 0.944658 1.000000 0.968800 0.930469 0.897135 0.868126 0.842901 0.821023 0.802135 0.785948 0.772224 0.760773 0.751441 0.744105 0.738674 0.735079 0.733277 0.733246 0.734986 0.738517 0.743884 0.751151 0.760412 0.771787 0.785428 0.801525 0.820314 0.842082 0.867183 0.896052 0.905639 2726.000000 1.142146 0.779949
0.746935 0.768819 0.793995 0.822924 0.851389 0.857599 0.866002 0.876704 0.889844 0.905600 0.924189 0.945885 0.971019 1.000000 0.942642 0.863282 0.798020 0.743597 0.697697 0.658629 0.625130 0.596240 0.571218 0.549482 0.530571 0.514116 0.500146 0.492911 0.487039 0.482454 0.479098 0.476929 0.475921 0.476062 0.477353 0.479811 0.483464 0.488359 0.494558 0.502142 0.511212 0.521897 0.534352 0.548771 0.565390 0.584498 0.606456 0.631708 0.660817 0.694491 0.733644 0.779466 0.833534 0.886078 0.858306 0.834171 0.813261 0.795244 0.779845 0.766843 0.756060 0.747351 0.740604 0.735734 0.732682 0.731410 0.731902 0.734165 0.738226 0.744134 0.751965 0.761816 0.773818 0.788133 0.803793 0.785511 0.769857 0.756601 0.745559 0.736585 0.729560 0.724397 0.721031 0.719421 0.719548 0.721414 0.725040 0.730472 0.737776 0.747046 0.758402 0.769422 0.734904 0.704975 0.678961 0.656323 0.636630 0.619533 0.604749 0.592048 0.581240 0.572174 0.564726 0.558798 0.554315 0.551220 0.549477 0.549063 0.549973 0.552219 0.555828 0.560844 0.567331 0.575373 0.585075 0.596572 0.610028 0.625648 0.643680 0.654334 0.657235 0.661763 0.667974 0.675947 0.685785 0.697618 0.711612 0.727968 5342.500000 1.460575 0.780829
0.785531 0.805224 0.755575 0.713312 0.677072 0.645816 0.618743 0.595226 0.574764 0.556960 0.541491 0.528095 0.516561 0.506715 0.498415 0.491548 0.486022 0.481768 0.478730 0.476872 0.476170 0.476618 0.478220 0.480994 0.484977 0.490217 0.496781 0.504756 0.514250 0.525398 0.538366 0.553358 0.570622 0.590466 0.613271 0.639510 0.669781 0.704843 0.745674 0.793555 0.850197 0.917927 1.000000 0.926556 0.843700 0.776163 0.720244 0.673354 0.633629 0.599695 0.570515 0.545296 0.523419 0.504398 0.487846 0.473449 0.460957 0.450163 0.440902 0.433035 0.426454 0.421070 0.416811 0.413624 0.411469 0.410319 0.410162 0.410994 0.412826 0.415681 0.419593 0.424612 0.430803 0.438249 0.447053 0.457342 0.469273 0.483037 0.498872 0.517068 0.537987 0.562081 0.589922 0.622243 0.659992 0.704423 0.757225 0.820721 0.898203 0.966774 0.894755 0.834594 0.783782 0.740483 0.703324 0.671256 0.643467 0.619320 0.598309 0.580029 0.564151 0.550410 0.538589 0.528512 0.520034 0.513041 0.507440 0.503158 0.500144 0.498358 0.497780 0.498403 0.500234 0.503295 0.507625 0.513276 0.520323 0.528858 0.538998 0.550887 0.564703 0.580665 0.599041 0.620161 0.644434 0.672370 0.704612 0.741980 7371.000000 1.282232 0.590588
0.904227 0.931821 0.963545 1.000000 0.923763 0.845553 0.781288 0.727731 0.682584 0.644173 0.611249 0.582863 0.558281 0.536930 0.518355 0.502191 0.488145 0.475980 0.465499 0.460252 0.476813 0.495849 0.517767 0.543081 0.572448 0.606717 0.647009 0.694826 0.752232 0.822136 0.908777 0.901101 0.884224 0.870026 0.858311 0.848926 0.841749 0.836692 0.833691 0.832711 0.833739 0.836789 0.841896 0.849124 0.858564 0.870336 0.884596 0.901539 0.921408 0.944498 0.971175 0.994679 0.910983 0.842150 0.784746 0.736329 0.695117 0.659778 0.629302 0.602905 0.579974 0.560024 0.552738 0.554117 0.556848 0.560965 0.566517 0.573577 0.582234 0.592607 0.604840 0.619111 0.635640 0.654696 0.676611 0.701792 0.730750 0.764120 0.802709 0.847554 0.900003 0.961841 0.998462 0.948286 0.904986 0.867467 0.834866 0.806500 0.781819 0.760381 0.741827 0.725864 0.712254 0.700801 0.692608 0.687747 0.684591 0.683103 0.683263 0.685074 0.688558 0.693757 0.700736 0.709584 0.720417 0.733379 0.748653 0.766462 0.787081 0.810848 0.835757 0.821628 0.809888 0.800379 0.792980 0.787595 0.784160 0.782632 0.782993 0.785246 0.789420 0.795565 0.803758 0.814103 0.826735 0.841826 0.859588 0.880281 4035.000000 1.027189 0.666277
0.707107 0.707960 0.710528 0.714844 0.707530 0.701960 0.698145 0.696040 0.695618 0.696874 0.699824 0.704504 0.710970 0.719306 0.729618 0.742043 0.756754 0.770757 0.762427 0.756076 0.751626 0.749022 0.748233 0.749248 0.752081 0.756764 0.763358 0.771942 0.782630 0.795560 0.810912 0.828904 0.849806 0.873949 0.894748 0.878628 0.865127 0.854060 0.845283 0.838685 0.834183 0.831722 0.831272 0.832828 0.836409 0.842058 0.842307 0.822125 0.804781 0.790017 0.777625 0.767436 0.759316 0.753162 0.748896 0.746466 0.745843 0.747020 0.750009 0.754849 0.761598 0.770341 0.781191 0.794292 0.809825 0.828011 0.849126 0.873505 0.858355 0.828749 0.802987 0.780602 0.761215 0.744518 0.730259 0.718234 0.708278 0.700257 0.694070 0.689637 0.686906 0.685841 0.686431 0.688683 0.692623 0.698301 0.705786 0.715176 0.726593 0.740193 0.756167 0.774754 0.796245 0.797950 0.789506 0.783106 0.778670 0.776142 0.775494 0.776716 0.779823 0.784854 0.791870 0.800960 0.812240 0.825861 0.842009 0.860917 0.882869 0.908216 0.937385 0.970907 1.000000 0.954323 0.914744 0.880354 0.850430 0.824395 0.801780 0.782207 0.765367 0.751008 0.738925 0.728953 0.720960 0.714844 0.710528 0.707960 8032.500000 1.169952 0.888920
0.620089 0.624876 0.631270 0.639353 0.649230 0.650707 0.645492 0.641895 0.639870 0.639394 0.640460 0.643082 0.647291 0.653139 0.660700 0.670071 0.681378 0.694774 0.710454 0.728654 0.745270 0.747775 0.752115 0.758343 0.766538 0.776803 0.789274 0.804121 0.821555 0.841834 0.865277 0.892274 0.923306 0.958967 1.000000 0.986391 0.920024 0.863974 0.816215 0.775229 0.739859 0.709211 0.682579 0.659406 0.639245 0.621733 0.606577 0.593539 0.582422 0.573070 0.565354 0.559172 0.552135 0.545264 0.539846 0.535812 0.533114 0.531716 0.531604 0.532775 0.535243 0.539039 0.544209 0.550820 0.558956 0.568726 0.580268 0.593747 0.609370 0.627391 0.648118 0.671936 0.699320 0.730866 0.767329 0.809674 0.839716 0.826179 0.815004 0.806043 0.799182 0.794334 0.791439 0.790463 0.791394 0.794242 0.799043 0.805855 0.814764 0.825885 0.839363 0.844164 0.818353 0.795934 0.776532 0.759840 0.745610 0.733637 0.723759 0.715845 0.709793 0.705529 0.702999 0.702172 0.703039 0.705610 0.709917 0.716012 0.723972 0.733899 0.745923 0.760211 0.774969 0.747713 0.723995 0.703377 0.685506 0.670096 0.656911 0.645760 0.636490 0.628976 0.623120 0.618850 0.616112 0.614873 0.615118 0.616850 4794.000000 1.323664 0.828630
0.900525 0.910557 0.920072 0.895372 0.874014 0.855665 0.840052 0.826956 0.816198 0.807637 0.801163 0.796697 0.794182 0.793590 0.796947 0.802682 0.810468 0.820402 0.832613 0.847265 0.864562 0.884756 0.908156 0.935141 0.934541 0.905866 0.880956 0.859395 0.840842 0.825018 0.811698 0.800699 0.791877 0.785118 0.780337 0.777476 0.776500 0.777396 0.780177 0.784874 0.791548 0.800280 0.811183 0.824400 0.840113 0.858545 0.879972 0.904730 0.933236 0.935324 0.920884 0.909040 0.899637 0.892554 0.887704 0.885027 0.884491 0.886088 0.889839 0.895789 0.904011 0.914610 0.927722 0.943521 0.962226 0.984106 1.000000 0.970212 0.944356 0.922006 0.902815 0.886498 0.872826 0.861613 0.852713 0.846012 0.841427 0.838902 0.838405 0.839931 0.843499 0.844337 0.823702 0.805946 0.790805 0.778063 0.767544 0.759110 0.752653 0.748092 0.745371 0.744456 0.745337 0.748024 0.752551 0.758972 0.767368 0.777846 0.790546 0.805641 0.823345 0.843923 0.867701 0.880529 0.878941 0.879474 0.882135 0.886954 0.893992 0.903337 0.915106 0.929455 0.946578 0.966717 0.990168 0.976340 0.955379 0.937510 0.922479 0.910080 0.900150 0.892561 0.887219 0.884057 0.883038 0.884148 0.887402 0.892838 1843.000000 1.143559 0.908572
0.589595 0.580981 0.573977 0.568494 0.564461 0.561829 0.560566 0.560656 0.562100 0.564917 0.569139 0.574821 0.582033 0.590870 0.601451 0.613924 0.628471 0.645317 0.664736 0.687067 0.712727 0.742235 0.776244 0.815577 0.861295 0.914778 0.977854 1.000000 0.930193 0.871458 0.821562 0.778845 0.742050 0.710208 0.682563 0.658517 0.637591 0.619401 0.603633 0.590034 0.578398 0.568554 0.560368 0.553729 0.548551 0.544770 0.542338 0.541225 0.541419 0.542921 0.545750 0.549941 0.555545 0.562634 0.571300 0.581661 0.593862 0.592705 0.591803 0.592328 0.594288 0.597705 0.602622 0.609100 0.617221 0.627094 0.638851 0.652660 0.668726 0.687300 0.708692 0.733281 0.761539 0.768353 0.744771 0.724287 0.706556 0.691299 0.678285 0.667331 0.658285 0.651029 0.645469 0.641536 0.639180 0.638375 0.639109 0.641391 0.645250 0.650733 0.657909 0.666869 0.677731 0.690645 0.705794 0.723404 0.743753 0.767181 0.794109 0.825056 0.860670 0.894700 0.843503 0.799670 0.761913 0.729238 0.700870 0.676194 0.654720 0.636053 0.619873 0.605919 0.593979 0.583880 0.575482 0.568673 0.563364 0.559488 0.556999 0.555865 0.556072 0.557623 0.560537 0.564849 0.570614 0.577904 0.586815 0.597467 13531.500000 1.251105 0.759941
0.786510 0.848059 0.922469 0.992189 0.919418 0.858519 0.807010 0.763066 0.725318 0.692719 0.664455 0.639889 0.618512 0.599915 0.583769 0.569806 0.557808 0.547597 0.539028 0.531985 0.526376 0.522128 0.519189 0.517523 0.517109 0.517942 0.520034 0.523408 0.528106 0.534189 0.541733 0.538546 0.520629 0.505044 0.491514 0.479816 0.469767 0.461219 0.454051 0.448165 0.443485 0.439950 0.437517 0.436156 0.435850 0.436595 0.438401 0.441289 0.445296 0.450471 0.456881 0.464612 0.473770 0.484487 0.496925 0.511283 0.527804 0.546790 0.568613 0.593741 0.622763 0.656429 0.695716 0.741906 0.796720 0.862525 0.942654 1.000000 0.923678 0.860106 0.806538 0.760978 0.721936 0.688281 0.659142 0.633835 0.611819 0.592660 0.576011 0.561587 0.549159 0.538539 0.529572 0.522137 0.516134 0.511486 0.508133 0.506036 0.505168 0.505518 0.507092 0.509907 0.514000 0.519420 0.526236 0.534539 0.540726 0.523690 0.508884 0.496054 0.484995 0.475539 0.467549 0.460916 0.455550 0.451382 0.448361 0.446448 0.445620 0.445867 0.447193 0.449613 0.453157 0.457869 0.463809 0.471055 0.479705 0.489880 0.501732 0.515444 0.531243 0.549406 0.570277 0.594285 0.621967 0.654007 0.691283 0.734942 10078.500000 1.907905 0.649385
0.819353 0.852158 0.889932 0.933564 0.984188 1.000000 0.972568 0.948826 0.928399 0.910981 0.896324 0.884228 0.874533 0.867114 0.861879 0.858763 0.857729 0.858763 0.861879 0.867114 0.874533 0.884228 0.896324 0.910981 0.888033 0.852770 0.822105 0.795418 0.772212 0.752082 0.734699 0.719797 0.707157 0.696603 0.687992 0.681212 0.676178 0.660703 0.644880 0.631284 0.619710 0.609997 0.602011 0.595648 0.590827 0.587487 0.585588 0.585105 0.586034 0.588386 0.592189 0.597491 0.604357 0.612876 0.623162 0.635356 0.649633 0.666208 0.685345 0.707369 0.732679 0.761770 0.795262 0.833937 0.878790 0.931113 0.992604 0.982820 0.958343 0.937260 0.919251 0.904058 0.891471 0.881325 0.873487 0.867860 0.864374 0.862986 0.863680 0.866465 0.871373 0.878466 0.887832 0.899589 0.913894 0.930940 0.950969 0.941567 0.890224 0.846125 0.808043 0.775028 0.746333 0.721362 0.699639 0.680778 0.664466 0.650448 0.638516 0.628500 0.620265 0.613702 0.608728 0.605280 0.603317 0.602813 0.603764 0.606180 0.610092 0.615546 0.622613 0.631383 0.641971 0.654525 0.652793 0.652383 0.653547 0.656298 0.660671 0.666720 0.674521 0.684174 0.695808 0.709583 0.725699 0.744399 0.765981 0.790815 10663.000000 1.382233 0.822845
0.731735 0.712775 0.696407 0.682382 0.670494 0.660577 0.652499 0.646153 0.641460 0.638361 0.636819 0.636815 0.638349 0.641439 0.646123 0.652460 0.660529 0.670436 0.682313 0.696326 0.712680 0.731626 0.753471 0.778594 0.807462 0.840657 0.876389 0.850051 0.827185 0.807411 0.790421 0.775961 0.763828 0.753856 0.745916 0.739905 0.735748 0.733395 0.732816 0.734006 0.736977 0.741767 0.748434 0.757063 0.767764 0.780680 0.795988 0.813909 0.834712 0.858730 0.886369 0.918132 0.954641 0.996675 0.978221 0.932077 0.892142 0.857470 0.827310 0.801064 0.778250 0.758475 0.741423 0.726833 0.714494 0.704235 0.695919 0.689440 0.684713 0.681683 0.680311 0.680580 0.682495 0.686078 0.691373 0.698446 0.707387 0.717934 0.701916 0.688219 0.676645 0.667035 0.659259 0.653218 0.648836 0.646059 0.644852 0.645200 0.647109 0.650602 0.655720 0.662529 0.671114 0.681588 0.694093 0.708804 0.725940 0.745766 0.768608 0.794870 0.825047 0.859760 0.899784 0.946108 1.000000 0.973591 0.942103 0.914722 0.890973 0.870471 0.852899 0.838001 0.825570 0.815438 0.807473 0.801575 0.797670 0.795710 0.795673 0.797556 0.801384 0.807203 0.815084 0.825129 0.837467 0.807628 0.778738 0.753596 1650.000000 1.272553 0.826364
