0.651726 0.663051 0.676434 0.692071 0.710198 0.731110 0.755165 0.782807 0.814586 0.851192 0.893497 0.942617 1.000000 0.948415 0.897847 0.854352 0.816754 0.784134 0.755771 0.731088 0.709622 0.690997 0.674910 0.661111 0.649398 0.639606 0.631605 0.625289 0.620579 0.617415 0.615759 0.615591 0.616909 0.616752 0.612997 0.610749 0.609982 0.610686 0.612870 0.616561 0.621803 0.628662 0.637227 0.647610 0.659954 0.674433 0.674664 0.674030 0.675022 0.677652 0.681952 0.687974 0.695796 0.705516 0.717264 0.731201 0.747528 0.766489 0.788385 0.813587 0.842550 0.875839 0.914160 0.958402 0.926345 0.878888 0.837977 0.802552 0.771785 0.745019 0.721727 0.701487 0.683953 0.668846 0.655939 0.645045 0.636013 0.628725 0.623087 0.619026 0.615443 0.611891 0.609840 0.609266 0.610162 0.612538 0.616423 0.621866 0.628935 0.637719 0.648337 0.660934 0.675690 0.692827 0.712617 0.735395 0.761572 0.791659 0.826294 0.866280 0.906419 0.866511 0.831888 0.801783 0.775584 0.752799 0.733030 0.715954 0.701306 0.688872 0.678477 0.669981 0.663274 0.656768 0.645428 0.635980 0.628296 0.622276 0.617846 0.614949 0.613550 0.613632 0.615197 0.618263 0.622868 0.628686 0.634656 0.642304 4253.000000 1.101839 0.774801
0.955284 0.909945 0.870717 0.836665 0.807046 0.781271 0.758862 0.739435 0.722676 0.708328 0.696183 0.686072 0.677861 0.671442 0.666735 0.663681 0.662243 0.662403 0.664164 0.667547 0.672594 0.679366 0.687950 0.698458 0.711031 0.725847 0.743121 0.763120 0.768900 0.740405 0.715610 0.694039 0.675310 0.659111 0.645189 0.633337 0.623387 0.615205 0.608682 0.603734 0.600302 0.598341 0.597828 0.598758 0.601141 0.605007 0.610402 0.617395 0.626076 0.636561 0.648992 0.663549 0.680451 0.699967 0.722427 0.748238 0.777906 0.812061 0.822669 0.807992 0.795712 0.785665 0.777718 0.771772 0.767751 0.765606 0.765312 0.766865 0.770284 0.775610 0.782910 0.792275 0.803827 0.817720 0.834147 0.853344 0.875606 0.891895 0.847966 0.810020 0.777118 0.748517 0.723627 0.701977 0.683182 0.666932 0.652974 0.641101 0.631146 0.622972 0.616474 0.611568 0.608194 0.606308 0.605890 0.606934 0.609451 0.613474 0.619052 0.626254 0.635174 0.645931 0.639552 0.630369 0.622924 0.617124 0.612893 0.610179 0.608950 0.609191 0.610904 0.614111 0.618850 0.625180 0.633183 0.642962 0.654649 0.668410 0.684446 0.703005 0.724393 0.748984 0.777241 0.809742 0.847209 0.890561 0.940978 1.000000 6108.500000 1.311254 0.816999
0.892095 0.914057 0.939448 0.968690 0.946956 0.897374 0.854683 0.817750 0.785691 0.757808 0.733542 0.712446 0.694154 0.678372 0.664857 0.653414 0.643883 0.636136 0.630074 0.625619 0.622716 0.621329 0.615479 0.606912 0.600005 0.594670 0.590840 0.588468 0.587525 0.587998 0.589895 0.593238 0.598068 0.604445 0.612451 0.622192 0.633798 0.647435 0.663305 0.681656 0.702793 0.727090 0.755011 0.787134 0.824186 0.837943 0.831396 0.826928 0.824483 0.824031 0.825568 0.829112 0.834705 0.842418 0.852348 0.864622 0.879404 0.896899 0.917359 0.941094 0.968485 1.000000 0.953800 0.908551 0.869400 0.835413 0.805852 0.780127 0.757762 0.738373 0.721647 0.707328 0.695208 0.685119 0.676927 0.670524 0.665831 0.662788 0.661359 0.661526 0.663292 0.666678 0.671724 0.678495 0.687076 0.697579 0.710145 0.696500 0.682316 0.670280 0.660224 0.652013 0.645540 0.640722 0.637501 0.635835 0.635706 0.637112 0.640069 0.644613 0.650802 0.658713 0.668449 0.680140 0.693950 0.710077 0.728769 0.750329 0.775127 0.803623 0.836385 0.874128 0.861101 0.846950 0.835235 0.825803 0.818531 0.813328 0.810130 0.808899 0.809618 0.812298 0.816970 0.823692 0.832547 0.843650 0.857146 0.873219 4987.500000 1.354129 0.840755
0.765626 0.726403 0.692589 0.663311 0.637882 0.615760 0.596509 0.579780 0.565288 0.565162 0.570242 0.576816 0.584969 0.594810 0.606474 0.620127 0.635978 0.654277 0.675336 0.699536 0.727353 0.759379 0.796362 0.839258 0.889301 0.948120 1.000000 0.943196 0.894537 0.852606 0.816309 0.784789 0.757370 0.733509 0.712770 0.694800 0.679310 0.666065 0.654875 0.645583 0.638067 0.632230 0.627998 0.625318 0.624159 0.624506 0.626362 0.619471 0.613360 0.608822 0.605799 0.604254 0.604169 0.605543 0.608392 0.612751 0.618674 0.626236 0.635535 0.646696 0.659874 0.675261 0.693092 0.704346 0.699859 0.697098 0.696030 0.696640 0.698936 0.702947 0.708721 0.716331 0.725873 0.737474 0.751291 0.767520 0.786402 0.808233 0.833376 0.862276 0.895489 0.933701 0.977781 0.955428 0.896169 0.845750 0.802533 0.765271 0.733004 0.704977 0.680594 0.659376 0.640939 0.624969 0.611213 0.599462 0.589548 0.581334 0.574712 0.570143 0.571474 0.574198 0.578347 0.583974 0.591150 0.599968 0.610546 0.623031 0.637606 0.654494 0.673968 0.675976 0.678479 0.682651 0.688543 0.696230 0.705811 0.717411 0.731189 0.747343 0.766114 0.787799 0.812762 0.841453 0.874427 0.912379 0.865197 0.811393 830.000000 1.130415 0.730048
0.769454 0.764746 0.761920 0.760942 0.761798 0.764501 0.769082 0.775598 0.784131 0.794789 0.807714 0.823082 0.841112 0.862073 0.886294 0.914182 0.919051 0.891467 0.867518 0.846810 0.829018 0.813878 0.801177 0.790742 0.782436 0.776153 0.771814 0.769367 0.768782 0.770052 0.773191 0.778238 0.785257 0.794333 0.805586 0.819164 0.835254 0.852171 0.848455 0.846802 0.847192 0.849630 0.854146 0.860796 0.869661 0.880855 0.894523 0.910852 0.930070 0.952460 0.978371 0.977175 0.933423 0.895486 0.862509 0.833812 0.808848 0.787178 0.768441 0.752346 0.738654 0.727172 0.717744 0.710247 0.704584 0.700686 0.698504 0.698012 0.699204 0.702095 0.706719 0.713134 0.721420 0.731684 0.744063 0.758727 0.775888 0.781469 0.776751 0.773943 0.773010 0.773943 0.776751 0.781469 0.788155 0.796892 0.807794 0.821003 0.836700 0.855110 0.876507 0.901230 0.929692 0.962404 1.000000 0.974003 0.946279 0.922249 0.901528 0.883800 0.868808 0.856345 0.846245 0.838376 0.832639 0.828964 0.827306 0.827644 0.829982 0.834350 0.840800 0.843519 0.824764 0.808731 0.795189 0.783951 0.774866 0.767818 0.762718 0.759503 0.758134 0.758594 0.760889 0.765046 0.771117 0.779177 0.784771 0.776101 1571.500000 1.157059 0.888777
0.889089 0.908140 0.930316 0.955962 0.985504 1.000000 0.978702 0.960559 0.945312 0.932753 0.922717 0.915076 0.909734 0.906626 0.905713 0.906985 0.910457 0.916171 0.924198 0.934639 0.947627 0.963334 0.980220 0.954999 0.933234 0.914594 0.898806 0.885652 0.874955 0.866576 0.860409 0.856377 0.854432 0.854550 0.856732 0.861005 0.867421 0.876059 0.863145 0.851074 0.841334 0.833801 0.828380 0.825003 0.823630 0.824244 0.826852 0.831486 0.838204 0.847088 0.858252 0.871842 0.888044 0.907086 0.929250 0.954883 0.945192 0.935507 0.928232 0.923276 0.920579 0.920107 0.921856 0.925846 0.932127 0.940775 0.951899 0.965644 0.982193 0.988068 0.960964 0.937505 0.917321 0.900111 0.885629 0.873677 0.864098 0.856768 0.851595 0.848517 0.847494 0.848517 0.851595 0.856768 0.864098 0.873677 0.885629 0.900111 0.917321 0.937505 0.960964 0.961776 0.940450 0.922224 0.906833 0.894067 0.883754 0.875762 0.869991 0.866369 0.864851 0.865420 0.868083 0.872871 0.879844 0.889088 0.900721 0.914896 0.931806 0.951688 0.939935 0.916444 0.896205 0.878912 0.864317 0.852218 0.842454 0.834901 0.829462 0.826070 0.824685 0.825290 0.827891 0.832521 0.839236 0.848119 0.859286 0.872881 11534.500000 1.046508 0.921321
0.803734 0.826124 0.851907 0.881544 0.915602 0.954790 1.000000 0.995761 0.948135 0.906942 0.871190 0.840097 0.813039 0.789512 0.769108 0.751498 0.736410 0.723626 0.712965 0.704287 0.697477 0.692450 0.689143 0.687516 0.687549 0.689243 0.692618 0.697715 0.695351 0.682813 0.672309 0.663699 0.656869 0.651732 0.648224 0.646302 0.645944 0.647144 0.649917 0.654297 0.660338 0.668116 0.677731 0.689313 0.703020 0.719051 0.737648 0.759110 0.783804 0.812180 0.844800 0.844009 0.828879 0.816213 0.805841 0.797627 0.791466 0.787282 0.785022 0.784661 0.786193 0.789637 0.795035 0.802454 0.811988 0.823759 0.837924 0.854680 0.874270 0.896989 0.923205 0.953365 0.988023 0.935669 0.888545 0.847885 0.812655 0.782045 0.755411 0.732237 0.712107 0.694683 0.679690 0.666903 0.656140 0.647253 0.640125 0.634665 0.630804 0.628494 0.627708 0.628437 0.630688 0.634489 0.639887 0.646950 0.655768 0.666457 0.679164 0.694069 0.711395 0.731416 0.754467 0.780960 0.811408 0.846448 0.857907 0.831341 0.808260 0.788273 0.771064 0.756373 0.743991 0.733746 0.725504 0.719158 0.714629 0.711861 0.710820 0.711494 0.713890 0.718039 0.723990 0.731818 0.741624 0.753536 0.767716 0.784367 1965.000000 1.245988 0.818579
0.941278 0.923423 0.908380 0.895944 0.885949 0.878267 0.872802 0.869486 0.868279 0.869166 0.872159 0.877293 0.884631 0.894266 0.906320 0.920953 0.938364 0.958800 0.931143 0.903940 0.880342 0.859964 0.842491 0.827669 0.815289 0.805185 0.797226 0.791310 0.787365 0.785341 0.785214 0.786983 0.790668 0.796317 0.803997 0.813806 0.825872 0.840356 0.856653 0.846180 0.837953 0.831870 0.827854 0.825857 0.825855 0.827846 0.831857 0.837934 0.846155 0.856623 0.869474 0.884880 0.903057 0.913522 0.895832 0.880896 0.868508 0.858503 0.850752 0.845157 0.841650 0.840188 0.840753 0.843351 0.848015 0.854802 0.863795 0.875111 0.888897 0.905340 0.924673 0.947181 0.973215 1.000000 0.970922 0.945701 0.923927 0.905264 0.889441 0.876236 0.865472 0.857009 0.850739 0.846586 0.844497 0.844447 0.846437 0.850490 0.856656 0.865010 0.875660 0.875438 0.854627 0.836752 0.821548 0.808800 0.798336 0.790018 0.783740 0.779424 0.777016 0.776489 0.777835 0.781070 0.786235 0.793392 0.802633 0.814075 0.827871 0.844213 0.863333 0.881358 0.870074 0.861125 0.854394 0.849800 0.847285 0.846818 0.848395 0.852035 0.857781 0.865705 0.875906 0.888517 0.903705 0.921680 0.942702 0.962200 7331.500000 1.083161 0.921659
0.662183 0.659965 0.659346 0.660317 0.662890 0.667097 0.672989 0.680640 0.690149 0.701642 0.715276 0.731248 0.749796 0.771216 0.759720 0.747806 0.738010 0.730204 0.724287 0.720187 0.717853 0.717256 0.718389 0.721266 0.725922 0.732415 0.740826 0.751262 0.763864 0.778804 0.796297 0.811554 0.788787 0.769065 0.752073 0.737554 0.725300 0.715140 0.706941 0.700596 0.696026 0.693175 0.692006 0.692508 0.694685 0.698563 0.704192 0.711640 0.721003 0.732403 0.745996 0.761973 0.780572 0.802081 0.796022 0.781334 0.768998 0.758845 0.750742 0.744585 0.740296 0.737825 0.737139 0.738232 0.741116 0.745826 0.752421 0.760984 0.771623 0.784482 0.799735 0.811176 0.799680 0.790383 0.783164 0.777933 0.774625 0.773200 0.773641 0.775952 0.780163 0.755642 0.722433 0.693621 0.668567 0.646764 0.627803 0.611353 0.597145 0.584959 0.574618 0.565975 0.558915 0.553346 0.555623 0.565563 0.577281 0.590949 0.606777 0.625023 0.646005 0.670115 0.697841 0.729795 0.766750 0.809703 0.859949 0.919204 0.989790 1.000000 0.951770 0.910071 0.873888 0.842425 0.815044 0.791232 0.770577 0.752739 0.737445 0.724471 0.713635 0.704791 0.697824 0.692646 0.687884 0.678795 0.671539 0.666025 8593.500000 1.036245 0.823459
0.615629 0.584657 0.557932 0.534775 0.514655 0.497148 0.481915 0.468684 0.457232 0.447378 0.438975 0.431904 0.426067 0.421387 0.417804 0.415274 0.413765 0.413259 0.413750 0.415243 0.417757 0.421324 0.425986 0.431805 0.438857 0.447238 0.457069 0.468495 0.481697 0.496897 0.514367 0.534444 0.557551 0.584216 0.615117 0.651125 0.693385 0.743427 0.803339 0.876051 0.965793 1.000000 0.910202 0.837054 0.776519 0.725780 0.682809 0.646112 0.614563 0.587300 0.563654 0.543096 0.525205 0.509645 0.496140 0.484470 0.474453 0.465942 0.458816 0.452980 0.448357 0.444888 0.442531 0.441256 0.441047 0.441903 0.443834 0.446863 0.451027 0.456380 0.462990 0.470945 0.480356 0.491359 0.504120 0.518845 0.535787 0.555254 0.577634 0.603408 0.633186 0.667748 0.708105 0.755592 0.812002 0.808500 0.764218 0.726194 0.693365 0.664909 0.640177 0.618657 0.599934 0.583677 0.569613 0.557522 0.547226 0.538576 0.531456 0.525772 0.521451 0.518440 0.516700 0.516212 0.516969 0.518980 0.522270 0.526879 0.532866 0.540307 0.549300 0.559970 0.572469 0.586986 0.603750 0.623044 0.645219 0.670705 0.700043 0.733915 0.773188 0.818987 0.872788 0.877288 0.804351 0.744267 0.694090 0.651723 1799.500000 1.292526 0.590097
0.798826 0.822890 0.850561 0.882358 0.918924 0.961068 1.000000 0.949985 0.906816 0.869403 0.836891 0.808601 0.783988 0.762611 0.744115 0.728208 0.714651 0.703254 0.693860 0.686345 0.680613 0.676593 0.674235 0.673510 0.674409 0.676944 0.681145 0.687064 0.688435 0.679091 0.671593 0.665846 0.661777 0.659335 0.658493 0.659239 0.661582 0.665551 0.671194 0.678583 0.687812 0.699002 0.712307 0.727916 0.746062 0.767030 0.791173 0.818922 0.850812 0.859701 0.838201 0.819677 0.803849 0.790488 0.779411 0.770471 0.763553 0.758568 0.755457 0.754180 0.754723 0.757091 0.761315 0.767445 0.775558 0.785758 0.798178 0.812987 0.830395 0.850658 0.874093 0.901088 0.932122 0.910006 0.868225 0.832029 0.800581 0.773219 0.749411 0.728729 0.710824 0.695413 0.682265 0.671191 0.662041 0.654693 0.649053 0.645050 0.642634 0.641777 0.642468 0.644715 0.648546 0.654008 0.661169 0.670120 0.680980 0.693898 0.709056 0.726681 0.747050 0.770503 0.797461 0.828441 0.864091 0.846106 0.819013 0.795458 0.775035 0.757414 0.742325 0.729548 0.718906 0.710257 0.703488 0.698514 0.695273 0.693725 0.693852 0.695655 0.699157 0.704399 0.711447 0.720391 0.731347 0.744463 0.759922 0.777950 1179.500000 1.160370 0.822860
0.593090 0.582199 0.573056 0.565538 0.559544 0.554999 0.551847 0.550047 0.549579 0.550437 0.552631 0.556187 0.561150 0.567583 0.575567 0.585209 0.596641 0.610028 0.625571 0.643517 0.664171 0.687907 0.715189 0.746597 0.782863 0.824921 0.873980 0.931629 1.000000 0.996199 0.915638 0.849024 0.793226 0.745997 0.705680 0.671032 0.641098 0.615140 0.592574 0.572937 0.555855 0.541028 0.528212 0.517205 0.507846 0.500003 0.493570 0.488462 0.484614 0.481978 0.480522 0.480229 0.481093 0.483128 0.486356 0.490817 0.496569 0.503685 0.512260 0.522412 0.534288 0.548068 0.563971 0.582270 0.603299 0.627471 0.655306 0.687458 0.708797 0.692236 0.678028 0.665963 0.655873 0.647620 0.641098 0.636224 0.632936 0.631195 0.630979 0.632286 0.635132 0.639552 0.645599 0.653351 0.662908 0.674397 0.687978 0.703848 0.722249 0.743476 0.767896 0.795956 0.828215 0.865373 0.908313 0.865228 0.815942 0.773732 0.737363 0.705884 0.678550 0.654773 0.634081 0.616097 0.600511 0.587073 0.575580 0.565865 0.557795 0.551261 0.546178 0.542484 0.540131 0.539092 0.539354 0.540919 0.543808 0.548056 0.553714 0.560856 0.569574 0.579988 0.592242 0.606518 0.623038 0.637983 0.620771 0.605884 4863.000000 1.525598 0.719223
0.718643 0.736304 0.756724 0.780242 0.760052 0.734998 0.713207 0.694295 0.677951 0.663922 0.652000 0.642019 0.633842 0.627364 0.622501 0.619193 0.617399 0.617098 0.618286 0.620978 0.625206 0.630692 0.630104 0.631036 0.633499 0.637523 0.643158 0.650475 0.659567 0.670555 0.683591 0.698860 0.716593 0.737071 0.760640 0.787726 0.818859 0.854697 0.896074 0.944050 1.000000 0.960489 0.909750 0.866085 0.828323 0.795554 0.767056 0.742255 0.720690 0.701986 0.685838 0.671999 0.660267 0.650478 0.642500 0.636229 0.631587 0.628515 0.626975 0.626950 0.628439 0.631460 0.636050 0.624360 0.613760 0.604948 0.597805 0.592238 0.588179 0.585575 0.584397 0.584628 0.586273 0.589351 0.593899 0.599975 0.607656 0.617042 0.628259 0.641466 0.656856 0.674668 0.695195 0.718796 0.745915 0.777107 0.813066 0.854673 0.838285 0.818736 0.801967 0.787730 0.775826 0.766095 0.758409 0.752672 0.748811 0.746779 0.746551 0.748126 0.751522 0.756780 0.763965 0.773169 0.784510 0.798141 0.814249 0.787697 0.763207 0.741927 0.723497 0.707624 0.694069 0.682636 0.673170 0.665544 0.659661 0.655445 0.652846 0.651832 0.652390 0.654527 0.658270 0.663663 0.670775 0.679695 0.690543 0.703464 1748.000000 1.234129 0.824146
0.642942 0.631511 0.621952 0.614135 0.607959 0.603345 0.600235 0.598592 0.598395 0.599643 0.602350 0.606550 0.612294 0.619655 0.628728 0.632932 0.621494 0.611910 0.604050 0.597811 0.593114 0.589901 0.588131 0.587784 0.588855 0.591357 0.595321 0.600795 0.607849 0.612339 0.609069 0.607289 0.606977 0.608130 0.610761 0.614903 0.620607 0.627944 0.637011 0.647926 0.660842 0.675945 0.693464 0.713681 0.736940 0.763668 0.794394 0.792851 0.770207 0.750578 0.733648 0.719159 0.706902 0.696705 0.688434 0.681980 0.677263 0.674224 0.672825 0.673050 0.674902 0.678403 0.683596 0.690545 0.699339 0.710093 0.722952 0.738096 0.755747 0.724471 0.679407 0.641074 0.608223 0.579904 0.555383 0.534086 0.515558 0.499436 0.485425 0.473288 0.462831 0.453895 0.446353 0.440101 0.435055 0.431150 0.428338 0.426583 0.425864 0.426172 0.427512 0.434825 0.452686 0.473266 0.497061 0.524707 0.557030 0.595125 0.640469 0.695105 0.761939 0.845245 0.951577 1.000000 0.933399 0.877097 0.829084 0.787855 0.752258 0.721401 0.694584 0.671248 0.650946 0.633318 0.618068 0.604959 0.593795 0.584419 0.587765 0.598177 0.610461 0.624797 0.641405 0.660555 0.682579 0.690262 0.672097 0.656405 16733.000000 1.251330 0.709871
0.674042 0.671586 0.659333 0.649056 0.640613 0.633895 0.628815 0.625311 0.623339 0.622875 0.623913 0.626467 0.630567 0.636264 0.643630 0.652759 0.663773 0.673436 0.684969 0.698615 0.714574 0.733085 0.754447 0.779025 0.807268 0.839735 0.877125 0.920320 0.970448 1.000000 0.964178 0.933004 0.905897 0.882386 0.862089 0.844694 0.829947 0.817642 0.807613 0.799731 0.793896 0.790034 0.788099 0.788068 0.789939 0.790908 0.778139 0.767595 0.759137 0.752658 0.748075 0.745332 0.744396 0.745255 0.747921 0.752424 0.758822 0.767193 0.771621 0.751425 0.733982 0.719024 0.706331 0.695725 0.687064 0.680234 0.675150 0.671747 0.669984 0.669840 0.671312 0.674420 0.679200 0.685713 0.694039 0.704288 0.716596 0.731135 0.748116 0.767798 0.790499 0.800712 0.790814 0.783021 0.777234 0.773382 0.771417 0.771316 0.773076 0.776720 0.782292 0.789862 0.799524 0.811404 0.825662 0.817170 0.807276 0.799521 0.793808 0.790065 0.788248 0.788334 0.790325 0.794243 0.800138 0.808082 0.818177 0.830553 0.845377 0.862856 0.883246 0.906861 0.934085 0.930788 0.890234 0.855041 0.824435 0.797799 0.774639 0.754552 0.737211 0.722351 0.709754 0.699245 0.690681 0.683953 0.678975 0.675684 6348.500000 1.187378 0.871651
0.704898 0.726133 0.750550 0.778609 0.802299 0.785274 0.770775 0.758596 0.748571 0.740569 0.734486 0.730248 0.727802 0.727117 0.728187 0.731023 0.735661 0.742158 0.750594 0.761079 0.773752 0.756855 0.741983 0.729408 0.718956 0.710486 0.703889 0.699082 0.696007 0.694623 0.694917 0.696890 0.700567 0.705992 0.713234 0.722385 0.733563 0.746921 0.762645 0.780968 0.802173 0.826608 0.854703 0.866569 0.827416 0.793477 0.763980 0.738313 0.715983 0.696593 0.679820 0.665401 0.653122 0.642808 0.634319 0.627544 0.622396 0.618810 0.616742 0.616167 0.617079 0.608338 0.600298 0.593880 0.589002 0.585602 0.583640 0.583091 0.583948 0.586222 0.589940 0.595149 0.601914 0.610321 0.620483 0.632538 0.646660 0.663061 0.682001 0.703800 0.728853 0.757647 0.790794 0.829063 0.873434 0.925179 0.985966 1.000000 0.947341 0.902015 0.862812 0.828788 0.799197 0.773446 0.751056 0.731638 0.714878 0.700519 0.688350 0.678204 0.669942 0.663458 0.658670 0.655519 0.653966 0.653992 0.655597 0.658801 0.663643 0.668356 0.655041 0.643766 0.634376 0.626744 0.620771 0.616381 0.613521 0.612155 0.612268 0.613859 0.616948 0.621574 0.627794 0.635686 0.645354 0.656928 0.670569 0.686477 5868.000000 1.157432 0.820439
0.907272 0.965691 1.000000 0.940412 0.889549 0.845838 0.808078 0.775333 0.746867 0.722096 0.700549 0.681845 0.665676 0.651790 0.639982 0.630085 0.621964 0.615515 0.610654 0.607320 0.605474 0.605092 0.606170 0.608721 0.612776 0.618385 0.625619 0.634571 0.626751 0.617059 0.609109 0.602794 0.598034 0.594771 0.592964 0.592591 0.593648 0.596147 0.600120 0.605614 0.612700 0.621468 0.632036 0.644549 0.659188 0.676173 0.695778 0.718336 0.744258 0.774056 0.763822 0.748575 0.735662 0.724904 0.716157 0.709307 0.704266 0.700974 0.699390 0.699494 0.701287 0.704793 0.710052 0.717132 0.726120 0.737136 0.750326 0.765876 0.784012 0.805014 0.829226 0.857068 0.848463 0.812616 0.781482 0.754395 0.730825 0.710343 0.692600 0.677314 0.664254 0.653232 0.644096 0.636725 0.631024 0.626921 0.624365 0.623326 0.623790 0.625764 0.629271 0.634354 0.641077 0.649526 0.659811 0.672072 0.686483 0.703256 0.697616 0.676067 0.657345 0.641136 0.627181 0.615271 0.605236 0.596938 0.590268 0.585138 0.581487 0.579267 0.578452 0.579033 0.581016 0.584425 0.589302 0.595709 0.603727 0.613462 0.625047 0.638646 0.654461 0.672741 0.693791 0.717987 0.745793 0.777789 0.814703 0.857465 1346.500000 1.288929 0.805091
0.810748 0.794480 0.780696 0.769203 0.759848 0.752508 0.747092 0.743531 0.741783 0.741826 0.743661 0.747309 0.752816 0.760250 0.769705 0.781304 0.795203 0.811596 0.830722 0.852876 0.878418 0.907792 0.941545 0.961341 0.927267 0.897615 0.871835 0.849484 0.830200 0.813690 0.799712 0.788073 0.778616 0.771220 0.765790 0.762260 0.760586 0.760749 0.762749 0.766611 0.772383 0.780136 0.789969 0.802010 0.816420 0.833403 0.853206 0.876135 0.902565 0.932957 0.967880 1.000000 0.955937 0.917710 0.884472 0.855546 0.830390 0.808563 0.789708 0.773533 0.759802 0.748320 0.738934 0.731521 0.725987 0.722263 0.720304 0.720085 0.721604 0.724879 0.729951 0.736882 0.745760 0.756699 0.769847 0.785385 0.803538 0.824585 0.848863 0.876791 0.908883 0.945778 0.943449 0.914660 0.889655 0.868017 0.849404 0.833538 0.820194 0.809189 0.800378 0.793648 0.788916 0.786122 0.785232 0.786237 0.789148 0.794000 0.800854 0.809795 0.820938 0.834430 0.850456 0.869244 0.891077 0.879763 0.861578 0.846127 0.833192 0.822599 0.814208 0.807913 0.803637 0.801325 0.800951 0.802510 0.806020 0.811525 0.819092 0.828818 0.840827 0.855279 0.872376 0.892364 0.906287 0.877109 0.851738 0.829737 3494.500000 1.066555 0.852831
0.957616 0.885816 0.825882 0.775294 0.732207 0.695245 0.663356 0.635728 0.611724 0.590839 0.572667 0.556881 0.543215 0.531454 0.521421 0.512972 0.505992 0.500389 0.496091 0.493044 0.491210 0.490567 0.491107 0.492838 0.495779 0.499967 0.505454 0.512311 0.520628 0.530519 0.542124 0.555617 0.571210 0.589163 0.609799 0.633514 0.660804 0.692295 0.728781 0.771288 0.821161 0.880197 0.950848 1.000000 0.922857 0.858684 0.804669 0.758766 0.719458 0.685592 0.656281 0.630831 0.608693 0.589428 0.572682 0.558169 0.545655 0.534951 0.525901 0.518380 0.512288 0.507546 0.504094 0.501890 0.500907 0.501132 0.502569 0.505235 0.509162 0.514400 0.521015 0.529093 0.538745 0.550104 0.563340 0.578656 0.596306 0.616598 0.639916 0.666736 0.697656 0.733437 0.775055 0.823784 0.881317 0.949949 0.936294 0.871278 0.816545 0.770027 0.730188 0.695862 0.666152 0.640354 0.617913 0.598384 0.581410 0.566700 0.554017 0.543169 0.534000 0.526383 0.520215 0.515418 0.511930 0.509708 0.508727 0.508972 0.510449 0.513173 0.517180 0.522518 0.529256 0.537482 0.547307 0.558869 0.572339 0.587926 0.605886 0.626534 0.650262 0.677554 0.709020 0.745434 0.787791 0.837392 0.895961 0.965841 1835.500000 1.043022 0.604197
0.827922 0.777962 0.735359 0.698776 0.667192 0.639814 0.616020 0.595315 0.577302 0.561660 0.548129 0.536497 0.526591 0.518270 0.511420 0.505953 0.501797 0.499016 0.499575 0.501345 0.504347 0.508618 0.514211 0.521198 0.529672 0.539747 0.551567 0.565309 0.581189 0.599473 0.620489 0.644640 0.672434 0.704505 0.741666 0.782170 0.772768 0.765410 0.760005 0.756485 0.754808 0.754953 0.756922 0.760739 0.766450 0.774127 0.783866 0.795795 0.810075 0.826905 0.846531 0.869258 0.895454 0.925578 0.960193 1.000000 0.990728 0.920721 0.861894 0.811971 0.769266 0.732506 0.700710 0.673113 0.649112 0.628226 0.610065 0.594316 0.580724 0.569080 0.559215 0.550990 0.544296 0.539046 0.535173 0.532352 0.530010 0.528956 0.529180 0.530682 0.533482 0.537614 0.543129 0.550097 0.558609 0.568781 0.580755 0.594708 0.610855 0.629463 0.650857 0.675441 0.703716 0.710131 0.705004 0.701629 0.699964 0.699989 0.701705 0.705132 0.710313 0.717311 0.726215 0.737141 0.750236 0.765683 0.783707 0.804585 0.828656 0.831487 0.819000 0.808802 0.800761 0.794773 0.790765 0.788688 0.788517 0.790249 0.793905 0.799531 0.807195 0.816995 0.829057 0.843544 0.860656 0.880643 0.903809 0.887023 7383.000000 1.307011 0.785443
0.936186 0.993225 0.978329 0.937581 0.902179 0.871375 0.844573 0.821290 0.801135 0.783788 0.768990 0.756529 0.746235 0.734795 0.703886 0.677039 0.653680 0.633355 0.615694 0.600399 0.587225 0.575975 0.566487 0.558631 0.552301 0.547418 0.543919 0.541761 0.535124 0.526898 0.520156 0.514809 0.510788 0.508044 0.506544 0.506268 0.507214 0.509392 0.512831 0.517571 0.523673 0.531216 0.540300 0.551051 0.563623 0.578209 0.595040 0.607911 0.608190 0.609939 0.613180 0.617952 0.624314 0.632349 0.642160 0.653880 0.667674 0.683746 0.702345 0.723775 0.748415 0.776728 0.809295 0.846841 0.890289 0.940826 1.000000 0.988157 0.940965 0.900145 0.864716 0.833902 0.807087 0.783772 0.763554 0.746105 0.731158 0.718495 0.707939 0.699350 0.692615 0.687649 0.684391 0.655209 0.627488 0.603412 0.582466 0.564240 0.548400 0.534679 0.522856 0.512753 0.504225 0.497154 0.491447 0.487029 0.483844 0.481855 0.480516 0.480064 0.480770 0.482642 0.485703 0.489992 0.495561 0.502483 0.510849 0.520775 0.532401 0.545904 0.561498 0.579445 0.600071 0.619808 0.624158 0.630098 0.637703 0.647072 0.658329 0.671633 0.687174 0.705191 0.725974 0.749881 0.777353 0.808936 0.845318 0.887364 13853.500000 1.522797 0.782211
0.792821 0.764965 0.740725 0.719654 0.701391 0.685644 0.672171 0.660780 0.651310 0.643637 0.637662 0.633307 0.630520 0.629268 0.629533 0.631321 0.634652 0.639567 0.646127 0.654417 0.664544 0.676645 0.690889 0.707488 0.726698 0.748834 0.774285 0.803531 0.837169 0.875949 0.920822 0.913868 0.875657 0.842461 0.813579 0.788448 0.766614 0.747710 0.731436 0.717546 0.705843 0.696166 0.688386 0.682405 0.678146 0.675557 0.674607 0.675284 0.677597 0.681572 0.687261 0.694733 0.704084 0.715437 0.728947 0.744806 0.763251 0.784570 0.809119 0.837337 0.869765 0.907079 0.950130 1.000000 0.950889 0.900707 0.857519 0.820168 0.787753 0.759564 0.735032 0.713701 0.695200 0.679229 0.665543 0.653942 0.644264 0.636379 0.630184 0.625602 0.622574 0.621065 0.621056 0.622546 0.625554 0.630117 0.636291 0.644154 0.653809 0.665385 0.679044 0.694985 0.713452 0.734746 0.759235 0.787375 0.819732 0.857016 0.878317 0.851238 0.827714 0.807347 0.789816 0.774857 0.762257 0.751841 0.743474 0.737047 0.732479 0.729715 0.728721 0.729484 0.732014 0.736342 0.742521 0.750628 0.760767 0.773072 0.787710 0.804890 0.824867 0.847956 0.874542 0.905100 0.940218 0.904341 0.861726 0.824844 1274.000000 1.135473 0.776736
0.843468 0.875776 0.912943 0.955811 0.941377 0.899294 0.862803 0.831081 0.803477 0.779464 0.758620 0.740599 0.725121 0.711957 0.700920 0.691862 0.684664 0.679233 0.675502 0.673425 0.672978 0.674154 0.676967 0.681453 0.687667 0.683640 0.670781 0.659958 0.651021 0.643854 0.638364 0.634483 0.632162 0.631373 0.632108 0.634374 0.638199 0.643631 0.650737 0.659609 0.670363 0.683147 0.698142 0.715573 0.735715 0.758904 0.784607 0.764581 0.747306 0.732521 0.720011 0.709601 0.701153 0.694558 0.689731 0.686614 0.685168 0.685376 0.687240 0.690783 0.696049 0.703102 0.712032 0.722956 0.736021 0.751411 0.769351 0.790119 0.814054 0.841576 0.873201 0.909573 0.951498 1.000000 0.954937 0.899781 0.852590 0.811961 0.776815 0.746308 0.719775 0.696685 0.676610 0.659203 0.644182 0.631317 0.620421 0.611343 0.603961 0.598179 0.593924 0.591142 0.589801 0.589885 0.591392 0.594344 0.598774 0.604739 0.612314 0.621597 0.632715 0.645821 0.661108 0.678811 0.699219 0.722687 0.749654 0.741246 0.726955 0.714894 0.704897 0.696832 0.690594 0.686105 0.683309 0.682173 0.682682 0.684844 0.688683 0.694248 0.701607 0.710855 0.722112 0.735533 0.751306 0.769665 0.790897 0.815354 1173.500000 1.261862 0.810845
0.633764 0.634528 0.636830 0.640698 0.646180 0.653344 0.662281 0.673111 0.685981 0.701074 0.718617 0.738886 0.762221 0.789041 0.819864 0.855338 0.896277 0.943720 0.988270 0.956939 0.929704 0.906098 0.885743 0.868328 0.853601 0.841359 0.831438 0.823709 0.818075 0.814466 0.812839 0.813174 0.815474 0.819767 0.826107 0.834572 0.845269 0.858339 0.873958 0.892345 0.913772 0.938569 0.967145 1.000000 0.962665 0.915930 0.875535 0.840491 0.810020 0.783504 0.760442 0.740432 0.723145 0.708315 0.695723 0.685192 0.676582 0.669778 0.664696 0.661271 0.659462 0.659246 0.660622 0.663605 0.668233 0.674562 0.682672 0.692669 0.704686 0.718890 0.720332 0.714553 0.710565 0.708318 0.707785 0.708960 0.711856 0.716509 0.722976 0.731339 0.741706 0.754214 0.769035 0.786383 0.806520 0.829766 0.856517 0.887259 0.922596 0.943539 0.930576 0.920150 0.912129 0.906411 0.902926 0.901631 0.902511 0.905577 0.910865 0.918441 0.928400 0.940868 0.956011 0.974033 0.993676 0.944936 0.902827 0.866309 0.834563 0.806936 0.782906 0.762048 0.744018 0.728537 0.715375 0.704346 0.695303 0.688125 0.682722 0.679026 0.676992 0.673111 0.662281 0.653344 0.646180 0.640698 0.636830 0.634528 7885.000000 1.279303 0.838642
0.794631 0.782771 0.773095 0.765476 0.759819 0.756054 0.754133 0.754033 0.755754 0.759317 0.764764 0.772164 0.781610 0.793224 0.807162 0.823619 0.842833 0.865100 0.887839 0.870765 0.856359 0.844423 0.834798 0.827361 0.822019 0.818704 0.817378 0.818023 0.820648 0.825284 0.831989 0.840846 0.851968 0.852377 0.836628 0.823399 0.812508 0.803813 0.797202 0.792592 0.789928 0.789177 0.790329 0.793398 0.798423 0.805464 0.814611 0.819337 0.802887 0.788948 0.777326 0.767864 0.760440 0.754959 0.751353 0.749579 0.749616 0.751462 0.755141 0.760699 0.768203 0.777748 0.789460 0.803496 0.820050 0.817503 0.810168 0.804885 0.801589 0.800240 0.800822 0.803341 0.807829 0.814339 0.822954 0.833784 0.846970 0.862691 0.881170 0.902681 0.927558 0.956214 0.989156 1.000000 0.938519 0.886172 0.841275 0.802548 0.769001 0.739857 0.714499 0.692436 0.686534 0.684103 0.683329 0.684203 0.686736 0.690959 0.696923 0.704704 0.714401 0.726142 0.740088 0.756438 0.775438 0.797387 0.822654 0.851694 0.885069 0.904159 0.884487 0.867698 0.853552 0.841856 0.832455 0.825227 0.820082 0.816957 0.815814 0.816638 0.819440 0.824254 0.831139 0.840181 0.851496 0.845113 0.825580 0.808834 1695.500000 1.108816 0.875782
0.485640 0.486225 0.487989 0.490953 0.495154 0.500643 0.507492 0.515791 0.525653 0.537218 0.550661 0.566193 0.584074 0.604625 0.628245 0.655427 0.686798 0.717149 0.722136 0.728960 0.737709 0.748496 0.761464 0.776794 0.794708 0.815479 0.839440 0.867005 0.898680 0.925952 0.903380 0.883962 0.867406 0.853478 0.841986 0.832779 0.825739 0.820778 0.817834 0.816873 0.817882 0.820873 0.825883 0.832974 0.842234 0.853782 0.858989 0.829764 0.804336 0.782248 0.763131 0.746681 0.732653 0.720848 0.711102 0.703289 0.697306 0.693081 0.690560 0.689712 0.690529 0.693018 0.697212 0.703160 0.710939 0.720647 0.732413 0.746398 0.698637 0.657838 0.622960 0.592950 0.567002 0.544487 0.524908 0.507869 0.493052 0.480199 0.469100 0.465242 0.477364 0.491350 0.507439 0.525928 0.547183 0.571664 0.599951 0.632787 0.671136 0.716269 0.769899 0.834383 0.913056 1.000000 0.970935 0.945726 0.923963 0.905311 0.889497 0.876301 0.865545 0.857091 0.850829 0.846684 0.844603 0.844562 0.846561 0.850623 0.856799 0.865164 0.875825 0.888920 0.904625 0.923159 0.944792 0.866169 0.801230 0.747023 0.701268 0.662298 0.628867 0.600024 0.575036 0.553326 0.534436 0.517999 0.503721 0.491361 702.000000 1.230292 0.739903
0.828128 0.863809 0.806994 0.758907 0.717860 0.682586 0.652114 0.625689 0.602717 0.582727 0.565338 0.550245 0.537196 0.525990 0.516461 0.508474 0.501921 0.496717 0.492794 0.490104 0.488614 0.488306 0.489176 0.491234 0.494507 0.499033 0.504871 0.512095 0.520801 0.531111 0.543172 0.557167 0.573319 0.591905 0.613263 0.637815 0.666085 0.698740 0.736627 0.780847 0.832851 0.894584 0.968722 1.000000 0.909200 0.835361 0.774340 0.723251 0.680023 0.643133 0.611436 0.584058 0.560319 0.539683 0.521726 0.506105 0.492545 0.480820 0.470749 0.462181 0.454996 0.449096 0.444404 0.440861 0.438421 0.437055 0.436747 0.437492 0.439300 0.442192 0.446205 0.451389 0.457811 0.465556 0.474731 0.485467 0.497928 0.512312 0.528864 0.547885 0.569749 0.594923 0.623998 0.657726 0.697084 0.743357 0.798271 0.864192 0.944461 0.956054 0.888099 0.831033 0.782630 0.741242 0.705626 0.674827 0.648100 0.624858 0.604631 0.587043 0.571787 0.558616 0.547327 0.537755 0.529766 0.523253 0.518132 0.514337 0.511821 0.510554 0.510519 0.511718 0.514163 0.517886 0.522932 0.529365 0.537269 0.546750 0.557940 0.571001 0.586134 0.603586 0.623656 0.646720 0.673238 0.703792 0.739117 0.780154 1672.000000 1.212682 0.596157
0.834803 0.825299 0.817956 0.812684 0.809417 0.808115 0.808762 0.811366 0.815960 0.822599 0.831366 0.842373 0.855764 0.871723 0.890473 0.912295 0.937528 0.966591 1.000000 0.990242 0.949312 0.913745 0.882796 0.855870 0.832483 0.812246 0.794838 0.780001 0.767523 0.757233 0.748996 0.742706 0.738284 0.735677 0.734852 0.735800 0.738532 0.743081 0.749503 0.757878 0.768315 0.780951 0.795959 0.804791 0.780941 0.760243 0.742356 0.727002 0.713956 0.703033 0.694087 0.687000 0.681681 0.678066 0.676108 0.675786 0.677093 0.680048 0.684685 0.691062 0.699259 0.709383 0.721568 0.735983 0.752836 0.772384 0.794939 0.820889 0.850709 0.884989 0.910303 0.895205 0.882690 0.872594 0.864787 0.859169 0.855671 0.854252 0.854893 0.857603 0.862415 0.869387 0.878607 0.890191 0.904293 0.921104 0.940861 0.963857 0.990452 0.983777 0.935121 0.893101 0.856670 0.825004 0.797449 0.773478 0.752666 0.734668 0.719203 0.706042 0.694998 0.685921 0.678692 0.673219 0.669433 0.667288 0.666758 0.667806 0.662199 0.658257 0.655933 0.655198 0.656044 0.658480 0.662536 0.668262 0.675731 0.685037 0.696304 0.709686 0.725374 0.743604 0.764662 0.788905 0.816767 0.848788 0.860824 0.846593 7072.500000 1.242763 0.856287
0.522860 0.515056 0.508689 0.503677 0.499954 0.497476 0.496212 0.496147 0.497280 0.499624 0.503208 0.508077 0.514292 0.521934 0.531105 0.541934 0.554577 0.569228 0.586124 0.597840 0.605015 0.613862 0.624497 0.637070 0.651761 0.668796 0.688448 0.711054 0.717743 0.703832 0.692087 0.682343 0.674473 0.668373 0.663969 0.661204 0.660046 0.660480 0.662512 0.666167 0.671488 0.678543 0.687422 0.698240 0.711145 0.704612 0.682837 0.663919 0.647539 0.633437 0.621401 0.611260 0.602873 0.596129 0.590943 0.587249 0.585001 0.584173 0.584753 0.586750 0.590187 0.595106 0.597988 0.600689 0.604878 0.610607 0.617948 0.626997 0.637875 0.650732 0.665754 0.683172 0.703265 0.726379 0.752939 0.783475 0.818647 0.777347 0.733416 0.695771 0.663322 0.635227 0.610826 0.589599 0.571128 0.555075 0.541168 0.529184 0.518943 0.510297 0.503126 0.497336 0.492851 0.489615 0.487589 0.486747 0.487079 0.488590 0.491297 0.495234 0.500482 0.509259 0.519624 0.531727 0.545754 0.561931 0.580537 0.601918 0.626501 0.654822 0.687559 0.725583 0.770021 0.822368 0.884639 0.959613 1.000000 0.908788 0.834666 0.773447 0.722215 0.678883 0.641915 0.610159 0.582735 0.558958 0.543224 0.532206 1386.500000 1.172091 0.713950
0.814591 0.833114 0.854606 0.859363 0.849685 0.842229 0.836901 0.833636 0.832393 0.833159 0.835941 0.840775 0.847719 0.856860 0.868315 0.882234 0.898808 0.918271 0.940912 0.967087 0.997231 1.000000 0.966457 0.937276 0.911937 0.890021 0.871182 0.855143 0.841673 0.830592 0.821753 0.815042 0.810377 0.807700 0.806978 0.808202 0.811388 0.816574 0.823824 0.833230 0.844911 0.859024 0.875762 0.895365 0.881068 0.863815 0.849231 0.837115 0.827305 0.819674 0.814126 0.810592 0.809029 0.809418 0.811765 0.816096 0.822467 0.830955 0.841668 0.854748 0.870371 0.888756 0.908093 0.883182 0.861622 0.843071 0.827254 0.813944 0.802959 0.794155 0.787418 0.782664 0.779834 0.778894 0.779833 0.782663 0.787416 0.794153 0.802957 0.813941 0.827250 0.843067 0.861616 0.883176 0.908086 0.936764 0.969725 0.983396 0.957937 0.935961 0.917130 0.901171 0.887860 0.877018 0.868505 0.862213 0.858063 0.856006 0.856016 0.858093 0.862262 0.868575 0.877110 0.887974 0.901310 0.917296 0.936155 0.923886 0.893275 0.866649 0.843538 0.823560 0.806404 0.791816 0.779592 0.769565 0.761605 0.755609 0.751503 0.749237 0.748783 0.750135 0.753310 0.758347 0.765308 0.774281 0.785381 0.798756 12868.500000 1.083968 0.894800
1.000000 0.954379 0.869805 0.800772 0.743551 0.695526 0.654810 0.620009 0.590070 0.564185 0.541727 0.522198 0.505202 0.490422 0.477601 0.466528 0.457032 0.448976 0.442246 0.436751 0.432420 0.429198 0.427044 0.425934 0.425852 0.426798 0.428784 0.431833 0.435984 0.441289 0.447817 0.455655 0.464912 0.475723 0.488253 0.502705 0.519328 0.538429 0.560390 0.585690 0.614934 0.648897 0.688587 0.735336 0.790938 0.857873 0.939658 0.924709 0.861532 0.808259 0.762922 0.724052 0.690534 0.661504 0.636289 0.614350 0.595260 0.578673 0.564308 0.551937 0.541372 0.532463 0.525086 0.519145 0.514563 0.511282 0.509261 0.508477 0.508919 0.510593 0.513519 0.517733 0.523289 0.530256 0.538726 0.548815 0.560666 0.574454 0.590395 0.608755 0.629860 0.654113 0.682017 0.714205 0.751483 0.794886 0.845773 0.803876 0.754363 0.712211 0.676063 0.644886 0.617880 0.594420 0.574008 0.556247 0.540816 0.527455 0.515951 0.506131 0.497855 0.491009 0.485503 0.481265 0.478243 0.476399 0.475710 0.476170 0.477782 0.480567 0.484559 0.489807 0.496380 0.504362 0.513864 0.525020 0.537996 0.552995 0.570268 0.590123 0.612939 0.639193 0.669482 0.704565 0.745424 0.793343 0.850034 0.917832 5471.000000 1.238403 0.594267
0.984463 1.000000 0.950130 0.907079 0.869765 0.837337 0.809119 0.784570 0.763251 0.744806 0.728947 0.715437 0.704084 0.694733 0.687261 0.681573 0.677597 0.675284 0.673842 0.668957 0.665734 0.664135 0.664139 0.665747 0.668979 0.673873 0.680491 0.688916 0.699259 0.711657 0.726284 0.743353 0.763126 0.785926 0.812146 0.842276 0.876921 0.878833 0.875572 0.874433 0.875404 0.878496 0.883747 0.891220 0.901010 0.913242 0.928077 0.945719 0.966417 0.895694 0.828270 0.772016 0.724552 0.684139 0.649478 0.619580 0.593682 0.571182 0.551605 0.545865 0.545387 0.546224 0.548387 0.551903 0.556813 0.563181 0.571088 0.580638 0.591964 0.605228 0.620629 0.638412 0.658879 0.682400 0.709435 0.740557 0.776493 0.818165 0.858288 0.856213 0.856206 0.858267 0.862421 0.868718 0.877236 0.888084 0.901403 0.917370 0.936210 0.958196 0.983666 0.979736 0.925495 0.878952 0.838790 0.803989 0.773752 0.747441 0.724550 0.704666 0.687456 0.672648 0.660022 0.649396 0.640626 0.633596 0.628215 0.624417 0.622154 0.621399 0.620802 0.621701 0.624108 0.628052 0.633583 0.640769 0.649704 0.660505 0.673320 0.688334 0.705772 0.725910 0.749089 0.775727 0.806344 0.841588 0.882276 0.929452 4355.000000 1.063123 0.753813
0.886942 0.878628 0.872551 0.868636 0.866835 0.867126 0.869512 0.874023 0.880714 0.889668 0.900999 0.914854 0.931422 0.950933 0.973675 1.000000 0.987731 0.946159 0.910048 0.878632 0.851295 0.827541 0.806968 0.789248 0.774115 0.761351 0.750780 0.742262 0.735688 0.730975 0.728065 0.726922 0.727532 0.729904 0.713489 0.699323 0.687332 0.677350 0.669242 0.662905 0.658257 0.655242 0.653822 0.653980 0.655719 0.659058 0.664040 0.670726 0.679200 0.689574 0.701988 0.716614 0.733668 0.753413 0.776171 0.802340 0.832411 0.866994 0.878769 0.869290 0.862068 0.857013 0.854062 0.853180 0.854355 0.857603 0.862963 0.870500 0.880309 0.892517 0.907284 0.924814 0.917094 0.893416 0.872979 0.855472 0.840638 0.828271 0.818205 0.810310 0.804485 0.800659 0.798783 0.798837 0.800820 0.804756 0.810694 0.818708 0.828898 0.841397 0.856374 0.874037 0.894646 0.918515 0.880598 0.844301 0.812758 0.785311 0.761432 0.740693 0.722750 0.707319 0.694170 0.683117 0.674009 0.666725 0.661173 0.657283 0.655008 0.654319 0.655208 0.657686 0.661784 0.664506 0.666917 0.670968 0.676709 0.684211 0.693571 0.704912 0.718390 0.734197 0.752568 0.773795 0.798232 0.826319 0.858599 0.895749 1925.500000 1.244316 0.873563
0.588426 0.554215 0.524958 0.499779 0.478003 0.459106 0.442672 0.428370 0.415934 0.405148 0.395837 0.387857 0.381093 0.375450 0.370852 0.367239 0.364566 0.362799 0.361916 0.361908 0.362774 0.364524 0.367180 0.370775 0.375353 0.380976 0.387718 0.395674 0.404958 0.415715 0.428118 0.442382 0.458773 0.477620 0.499337 0.524446 0.553619 0.587727 0.627926 0.675775 0.733431 0.803961 0.891875 1.000000 0.897539 0.815906 0.749539 0.694705 0.648803 0.609970 0.576834 0.548365 0.523777 0.502458 0.483926 0.467800 0.453772 0.441594 0.431063 0.422016 0.414319 0.407862 0.402558 0.398338 0.395148 0.392947 0.391709 0.391419 0.392073 0.393680 0.396258 0.399839 0.404470 0.410208 0.417132 0.425335 0.434936 0.446080 0.458945 0.473749 0.490761 0.510317 0.532832 0.558834 0.588996 0.624189 0.665560 0.714649 0.729160 0.693572 0.662819 0.636144 0.612953 0.592772 0.575218 0.559985 0.546821 0.535522 0.525922 0.517885 0.511304 0.506092 0.502183 0.499527 0.498094 0.497864 0.498836 0.501021 0.504446 0.509153 0.515202 0.522670 0.531658 0.542290 0.554719 0.569134 0.585768 0.604904 0.626894 0.652173 0.681287 0.714925 0.753967 0.799558 0.805445 0.734634 0.676767 0.628754 7209.000000 1.443175 0.575697
0.960733 0.920344 0.885261 0.854738 0.828178 0.805099 0.785113 0.767900 0.753201 0.740805 0.730542 0.722276 0.715900 0.711335 0.708523 0.707431 0.708046 0.710374 0.714445 0.709558 0.693989 0.680694 0.669481 0.660196 0.652716 0.646944 0.642809 0.640259 0.639264 0.639810 0.641905 0.645574 0.650862 0.657835 0.666583 0.677220 0.689890 0.704775 0.722093 0.742117 0.765180 0.754805 0.743321 0.733922 0.726487 0.720920 0.717152 0.715137 0.714851 0.716290 0.719472 0.724435 0.731240 0.739975 0.750751 0.763713 0.779039 0.796953 0.817656 0.811789 0.807939 0.806057 0.806122 0.808134 0.812117 0.818120 0.826218 0.836514 0.849140 0.864268 0.882108 0.902921 0.927027 0.954820 0.986780 1.000000 0.918450 0.851093 0.794725 0.747047 0.706372 0.671431 0.641256 0.615095 0.592356 0.572568 0.555354 0.540409 0.527485 0.516379 0.506928 0.498997 0.498224 0.504637 0.512467 0.521822 0.532832 0.545659 0.560503 0.577607 0.597273 0.619870 0.645862 0.675829 0.710506 0.750842 0.798071 0.819499 0.805764 0.794364 0.785147 0.777994 0.772815 0.769546 0.768148 0.768603 0.770917 0.775118 0.781257 0.789411 0.799684 0.812211 0.827161 0.844744 0.865221 0.888910 0.916202 0.947578 7059.000000 1.214772 0.802196
0.616437 0.610199 0.605531 0.602373 0.600688 0.600455 0.601671 0.604351 0.608527 0.614252 0.621597 0.630657 0.641554 0.654439 0.669497 0.686959 0.707105 0.730281 0.756913 0.787529 0.822793 0.863541 0.910844 0.958644 0.945275 0.934494 0.926162 0.920175 0.916458 0.914966 0.915681 0.918613 0.923796 0.931294 0.941201 0.916334 0.891190 0.869427 0.850703 0.834737 0.821301 0.810211 0.801322 0.794519 0.789718 0.786858 0.785905 0.786848 0.789697 0.794489 0.801281 0.810159 0.821236 0.834659 0.850612 0.869321 0.891066 0.916192 0.926154 0.883003 0.845641 0.813191 0.784961 0.760396 0.739048 0.720554 0.704619 0.691003 0.679509 0.669978 0.662285 0.655852 0.648459 0.642762 0.638690 0.636191 0.635237 0.635815 0.637932 0.641615 0.646907 0.653876 0.662611 0.673226 0.685865 0.700709 0.717977 0.737941 0.760932 0.787359 0.817730 0.852673 0.892984 0.939672 0.994037 0.972650 0.953329 0.936974 0.923358 0.912298 0.903651 0.897308 0.893190 0.891247 0.891456 0.893818 0.898363 0.905146 0.914251 0.925795 0.939927 0.956838 0.976765 1.000000 0.950856 0.898480 0.853521 0.814717 0.781088 0.751864 0.726435 0.704311 0.685097 0.668471 0.654171 0.641984 0.631738 0.623291 14118.500000 1.203476 0.822431
0.722126 0.703464 0.687356 0.673555 0.661861 0.652110 0.644172 0.637943 0.633345 0.630319 0.628831 0.628861 0.630409 0.633496 0.638157 0.644452 0.652459 0.662284 0.674057 0.687945 0.704148 0.722917 0.744557 0.769442 0.798038 0.830921 0.826898 0.804239 0.784628 0.767756 0.753372 0.741269 0.731283 0.723282 0.717163 0.712850 0.710289 0.709449 0.710321 0.712914 0.717261 0.723414 0.731451 0.741475 0.753619 0.751156 0.740522 0.731923 0.725249 0.720415 0.717362 0.716053 0.716471 0.718622 0.722532 0.728248 0.735843 0.745412 0.757082 0.771010 0.787392 0.806470 0.828542 0.853970 0.883205 0.916798 0.955441 1.000000 0.969657 0.899568 0.840817 0.791058 0.748562 0.712028 0.680456 0.653072 0.629264 0.608545 0.590525 0.574886 0.561371 0.549772 0.539916 0.531666 0.527587 0.529034 0.531774 0.535840 0.541283 0.548172 0.556597 0.566670 0.578535 0.592365 0.608374 0.626824 0.648038 0.672415 0.700451 0.732769 0.770158 0.813633 0.864518 0.924568 0.902778 0.880059 0.860478 0.843737 0.829595 0.817858 0.808368 0.801004 0.795672 0.792307 0.790867 0.791335 0.793718 0.798043 0.804364 0.812759 0.823336 0.836233 0.851625 0.867216 0.829537 0.796836 0.768396 0.743646 877.500000 1.115868 0.783714
0.987165 0.914088 0.852997 0.801371 0.757357 0.719570 0.686950 0.658678 0.634108 0.612728 0.594127 0.577974 0.563999 0.551982 0.541744 0.533140 0.526053 0.520388 0.516075 0.513058 0.511301 0.510782 0.511496 0.513449 0.516668 0.521190 0.527074 0.534394 0.543247 0.553755 0.566068 0.580371 0.596891 0.615906 0.637759 0.662876 0.691788 0.725163 0.763854 0.808967 0.861949 0.924742 1.000000 0.930239 0.863571 0.807635 0.760225 0.719710 0.684861 0.654736 0.628599 0.605873 0.586096 0.568896 0.553973 0.541084 0.530028 0.520644 0.512801 0.506392 0.501335 0.497564 0.495033 0.493711 0.493583 0.494645 0.496912 0.500411 0.505185 0.511295 0.518819 0.527859 0.538540 0.551017 0.565480 0.582164 0.601354 0.623406 0.648759 0.677964 0.711718 0.750913 0.796708 0.850634 0.914753 0.991911 0.966780 0.895572 0.836010 0.785652 0.742703 0.705818 0.673971 0.646363 0.622369 0.601489 0.583325 0.567553 0.553910 0.542184 0.532199 0.523814 0.516916 0.511413 0.507234 0.504329 0.502661 0.502210 0.502970 0.504951 0.508176 0.512686 0.518538 0.525805 0.534586 0.545000 0.557196 0.571359 0.587714 0.606537 0.628168 0.653032 0.681654 0.714701 0.753022 0.797716 0.850228 0.912493 1131.000000 1.040587 0.604241
0.702488 0.700450 0.688523 0.678603 0.670557 0.664281 0.659696 0.656745 0.655392 0.655621 0.657434 0.660854 0.665923 0.672703 0.681280 0.691768 0.704306 0.719072 0.736281 0.756202 0.779159 0.805555 0.835887 0.870772 0.910985 0.905198 0.885360 0.868421 0.854136 0.842310 0.832786 0.825441 0.820184 0.816948 0.815695 0.816410 0.819102 0.823802 0.830569 0.839487 0.850670 0.846093 0.816647 0.791023 0.768753 0.749460 0.732833 0.718622 0.706621 0.696665 0.688622 0.682388 0.677884 0.675054 0.673865 0.674302 0.676369 0.680093 0.685519 0.692714 0.701770 0.712806 0.725972 0.741453 0.759478 0.780328 0.804348 0.831961 0.814930 0.789981 0.768310 0.749555 0.733417 0.719657 0.708079 0.698523 0.690864 0.685003 0.680868 0.678406 0.677589 0.678406 0.680868 0.685003 0.690864 0.698523 0.708079 0.719657 0.733417 0.749555 0.756357 0.758940 0.763385 0.769748 0.778109 0.788573 0.801280 0.816402 0.834154 0.854800 0.878664 0.906145 0.937732 0.974033 1.000000 0.948700 0.904479 0.866190 0.832937 0.804008 0.778834 0.756957 0.738005 0.721674 0.707719 0.695938 0.686169 0.678282 0.672175 0.667771 0.665016 0.663877 0.664339 0.666409 0.670110 0.675490 0.682614 0.691575 1343.500000 1.299628 0.854868
0.810880 0.787897 0.767979 0.750808 0.736123 0.723711 0.713401 0.705055 0.698566 0.693851 0.690853 0.689534 0.689879 0.691893 0.695599 0.701042 0.708292 0.717439 0.728604 0.741937 0.757627 0.775904 0.797053 0.821421 0.849437 0.881631 0.918661 0.961356 1.000000 0.964435 0.933484 0.906574 0.883240 0.863104 0.845859 0.831252 0.819081 0.809183 0.801428 0.795720 0.791986 0.790183 0.790287 0.792300 0.796246 0.802175 0.810158 0.820298 0.832727 0.847611 0.857541 0.829140 0.804436 0.782992 0.764456 0.748539 0.735006 0.723666 0.714366 0.706983 0.701423 0.697618 0.695520 0.695105 0.696366 0.699320 0.704003 0.710472 0.718808 0.729120 0.741544 0.756252 0.773457 0.793419 0.816457 0.842965 0.873427 0.908443 0.948766 0.934993 0.905531 0.879923 0.857734 0.838606 0.822251 0.808432 0.796958 0.787676 0.780466 0.775238 0.771927 0.770492 0.770916 0.773205 0.777385 0.783509 0.791652 0.801919 0.814443 0.829394 0.846983 0.867469 0.888055 0.864202 0.843576 0.825854 0.810775 0.798126 0.787733 0.779461 0.773204 0.768885 0.766450 0.765869 0.767136 0.770266 0.775297 0.782291 0.791336 0.802548 0.816078 0.832110 0.850876 0.872658 0.897805 0.902640 0.867709 0.837323 6192.000000 1.128964 0.850481
