60
1000 1000
3 17 29 54 50 9 71
4 52 -5 107 50 68 94 25 50
6 10 13 20 1 34 -1 49 18 38 29 18 28
8 53 123 79 88 149 16 161 85 223 135 180 180 118 205 68 184
5 70 66 122 58 172 94 126 137 76 131
7 11 42 22 29 45 25 58 51 42 77 21 77 13 57
7 0 24 33 -6 95 2 127 40 82 78 48 80 9 61
6 24 84 52 47 103 32 109 84 104 135 22 136
4 46 -7 112 115 36 219 -64 133
8 0 17 9 9 24 5 46 7 51 25 43 38 28 39 10 33
4 183 92 220 180 165 238 75 193
3 59 30 160 81 53 156
3 22 49 117 78 28 123
5 71 107 105 111 140 130 102 147 76 138
4 36 -2 62 44 38 73 -2 44
4 24 70 96 42 123 87 98 140
3 13 30 56 56 4 80
3 0 60 203 152 59 213
8 -6 4 18 -5 33 13 34 25 26 33 14 51 -2 43 -5 28
6 66 49 70 15 93 35 106 50 106 84 74 69
4 43 54 57 77 42 98 25 81
8 48 21 59 8 78 22 84 30 95 60 59 52 48 50 42 35
5 26 47 95 48 118 68 96 135 33 108
8 6 45 24 21 47 19 73 34 83 52 74 79 59 81 33 85
6 118 44 191 59 215 103 180 158 136 147 118 103
7 25 72 55 18 107 56 114 104 96 127 69 135 35 120
8 48 26 65 27 77 31 93 40 81 55 63 59 51 58 40 46
6 31 122 86 92 136 77 182 131 154 195 87 162
6 90 79 134 71 170 123 132 160 95 160 53 129
8 64 238 105 219 185 223 194 291 156 342 127 383 72 356 53 297
3 73 32 134 56 73 71
3 18 11 61 25 21 55
5 28 28 43 20 58 42 42 59 22 55
7 61 51 69 28 86 43 87 56 89 74 69 85 59 65
8 71 19 88 25 112 14 109 38 106 53 87 62 63 64 55 43
7 0 18 12 7 29 16 34 27 34 45 15 47 -4 37
3 35 13 79 46 41 57
4 2 161 94 89 220 185 114 248
6 39 82 47 43 116 27 120 89 102 123 48 141
6 -9 43 10 20 42 29 63 57 47 91 16 79
4 33 5 77 22 37 74 -14 40
7 64 43 74 34 87 31 108 48 87 70 72 84 53 58
7 2 8 18 1 34 -1 29 12 30 23 12 35 0 25
8 22 45 40 18 82 -11 109 12 132 56 105 94 72 92 38 77
4 -14 200 91 142 181 196 94 297
7 9 19 21 -4 40 11 57 29 34 38 25 42 -3 44
4 -5 24 29 8 67 25 23 61
7 34 54 54 26 69 39 101 58 82 81 46 104 9 90
7 -8 18 13 10 38 8 47 31 34 43 18 47 -4 37
7 -22 19 36 5 54 7 110 44 60 69 29 77 -12 52
6 1 20 15 3 43 -7 48 19 43 48 17 49
6 -22 62 58 18 119 -7 171 55 148 135 25 131
6 15 45 26 28 58 10 68 49 57 77 13 88
4 53 15 81 39 56 59 25 41
6 56 115 96 81 144 65 185 124 158 158 108 152
3 24 12 81 48 32 79
3 76 20 213 91 111 145
8 -1 3 12 -6 22 6 39 14 26 33 15 28 1 27 -11 18
8 42 32 89 17 102 33 120 59 113 99 84 103 58 97 36 68
8 0 17 26 7 44 25 61 47 51 70 28 71 2 75 -4 47
