0.899450 0.854555 0.815801 0.782212 0.753021 0.727621 0.705523 0.686332 0.669728 0.655450 0.643286 0.633062 0.624640 0.617907 0.612779 0.609191 0.607098 0.606476 0.607317 0.609630 0.613445 0.618809 0.625787 0.634471 0.644975 0.657443 0.672053 0.689025 0.708628 0.731193 0.757125 0.786930 0.821237 0.860841 0.870739 0.839669 0.812631 0.789121 0.768733 0.751136 0.736061 0.723286 0.712636 0.703965 0.697162 0.692141 0.688840 0.687217 0.687254 0.688951 0.692328 0.697426 0.704310 0.713066 0.723808 0.736681 0.751864 0.769579 0.790098 0.813755 0.840961 0.872224 0.908172 0.949598 0.997501 0.939908 0.890468 0.847910 0.811099 0.779150 0.751364 0.727183 0.706158 0.687926 0.672190 0.658709 0.647287 0.637765 0.630014 0.623935 0.619450 0.616503 0.615060 0.615101 0.616628 0.619659 0.624231 0.630401 0.638247 0.647872 0.659404 0.673005 0.688873 0.707253 0.728443 0.752812 0.780813 0.813013 0.832867 0.808058 0.786523 0.767909 0.751925 0.738335 0.726948 0.717609 0.710197 0.704616 0.700797 0.698694 0.698280 0.699551 0.702522 0.707230 0.713732 0.722111 0.732474 0.744960 0.759741 0.777030 0.797090 0.820241 0.846878 0.877488 0.912675 0.953195 1.000000 0.951744 792.500000 1.214663 0.772391
1.000000 0.924468 0.861475 0.808342 0.763114 0.724331 0.690884 0.661913 0.636747 0.614851 0.595799 0.579245 0.564911 0.552567 0.542030 0.533147 0.525797 0.519883 0.515327 0.512074 0.510083 0.509329 0.509804 0.511513 0.514477 0.518733 0.524333 0.531350 0.539875 0.550025 0.561944 0.575809 0.591837 0.610295 0.631512 0.655894 0.683948 0.716313 0.753798 0.797451 0.848641 0.909194 0.854827 0.801865 0.756800 0.718168 0.684859 0.656013 0.630957 0.609158 0.590190 0.573707 0.559432 0.547135 0.536633 0.527773 0.520435 0.514521 0.509954 0.506677 0.504651 0.503849 0.504263 0.505897 0.508772 0.512922 0.518400 0.525275 0.533637 0.543601 0.555307 0.568930 0.584681 0.602823 0.623678 0.647644 0.675216 0.707020 0.743848 0.786724 0.836984 0.896410 0.967430 0.996452 0.910867 0.840686 0.782295 0.733141 0.691365 0.655588 0.624763 0.598082 0.574915 0.554763 0.537226 0.521982 0.508772 0.497382 0.487641 0.479406 0.472564 0.467025 0.462715 0.459581 0.457585 0.456701 0.456919 0.458241 0.460685 0.464279 0.469069 0.475115 0.482496 0.491313 0.501689 0.513777 0.527765 0.543883 0.562414 0.583708 0.608201 0.636440 0.669119 0.707132 0.751643 0.804202 0.866910 0.942687 1512.500000 1.155082 0.599860
0.833389 0.775514 0.726793 0.685385 0.649923 0.619368 0.592922 0.569958 0.549983 0.532600 0.517490 0.504396 0.493107 0.483451 0.475289 0.468508 0.463017 0.458746 0.455641 0.453663 0.452789 0.453007 0.454320 0.456744 0.460309 0.465060 0.471056 0.478376 0.487120 0.497409 0.509397 0.523268 0.539251 0.557628 0.578744 0.603032 0.631035 0.663442 0.701138 0.745279 0.797402 0.859590 0.934740 1.000000 0.916530 0.847807 0.790442 0.742022 0.700783 0.665405 0.634883 0.608440 0.585466 0.565476 0.548083 0.532974 0.519894 0.508637 0.499034 0.490947 0.484267 0.478904 0.474789 0.471872 0.470117 0.469501 0.470017 0.471673 0.474487 0.478494 0.483745 0.490307 0.498267 0.507732 0.518838 0.531750 0.546672 0.563854 0.583602 0.606297 0.632414 0.662550 0.697466 0.738145 0.785873 0.842369 0.907304 0.846501 0.795131 0.751346 0.713761 0.681320 0.653205 0.628773 0.607514 0.589018 0.572955 0.559055 0.547101 0.536913 0.528348 0.521288 0.515639 0.511331 0.508308 0.506534 0.505987 0.506660 0.508562 0.511716 0.516161 0.521951 0.529163 0.537890 0.548253 0.560400 0.574512 0.590814 0.609580 0.631147 0.655934 0.684464 0.717396 0.755569 0.800068 0.852319 0.914228 0.902948 641.000000 1.137728 0.600862
0.722175 0.794302 0.884804 1.000000 0.912374 0.840729 0.781263 0.731298 0.688900 0.652635 0.621419 0.594420 0.570987 0.550608 0.532873 0.517452 0.504080 0.492537 0.482648 0.474269 0.467282 0.461593 0.457130 0.453835 0.451667 0.450600 0.450622 0.451731 0.453943 0.457283 0.461794 0.467532 0.474572 0.483009 0.492960 0.504571 0.518020 0.533526 0.551359 0.571850 0.595412 0.622565 0.653962 0.690447 0.663259 0.633157 0.607067 0.584395 0.564666 0.547502 0.532596 0.519698 0.508607 0.499157 0.491213 0.484668 0.479434 0.475446 0.472652 0.471020 0.470528 0.471171 0.472957 0.475907 0.480058 0.485462 0.492188 0.500326 0.509986 0.521308 0.534460 0.549651 0.567138 0.587235 0.610332 0.636919 0.667609 0.703186 0.744663 0.793371 0.851091 0.920259 0.929211 0.829106 0.750104 0.686357 0.634005 0.590394 0.553645 0.522387 0.495600 0.472509 0.452516 0.435152 0.420046 0.406900 0.395477 0.385580 0.377053 0.369767 0.363616 0.358516 0.354400 0.351213 0.348916 0.347480 0.346889 0.347134 0.348220 0.350158 0.352973 0.356700 0.361386 0.367094 0.373899 0.381900 0.391213 0.401984 0.414392 0.428656 0.445047 0.463904 0.485650 0.510828 0.540130 0.574468 0.615050 0.663521 16152.500000 1.538927 0.563279
0.666768 0.641317 0.619175 0.599907 0.583165 0.568665 0.556176 0.545509 0.536512 0.529061 0.523057 0.518423 0.515100 0.513047 0.512240 0.512668 0.514338 0.517268 0.521496 0.527073 0.534072 0.542584 0.552724 0.564637 0.578499 0.594527 0.612988 0.634208 0.658594 0.686651 0.719013 0.756490 0.800122 0.832366 0.796115 0.764655 0.737296 0.713486 0.692783 0.674827 0.659327 0.646044 0.634785 0.625393 0.617741 0.611730 0.607283 0.604346 0.602883 0.602876 0.604324 0.607246 0.611678 0.617673 0.625308 0.634683 0.645922 0.659184 0.674661 0.692591 0.713265 0.737042 0.764363 0.795779 0.831978 0.873833 0.922462 0.872632 0.822491 0.779574 0.742615 0.710636 0.682875 0.658728 0.637714 0.619446 0.603609 0.589948 0.578253 0.568356 0.560118 0.553430 0.548205 0.544377 0.541899 0.540739 0.540885 0.542338 0.545115 0.549251 0.554797 0.561824 0.570422 0.580709 0.592827 0.606956 0.620848 0.612521 0.605855 0.600765 0.597186 0.595074 0.594405 0.595169 0.597375 0.601052 0.606244 0.613016 0.621455 0.631673 0.643809 0.658037 0.674569 0.693669 0.715655 0.740924 0.769966 0.803392 0.841972 0.886689 0.938809 1.000000 0.932495 0.868699 0.814911 0.769140 0.729902 0.696069 5998.000000 1.296484 0.721339
0.894447 0.965262 1.000000 0.934831 0.879626 0.832471 0.791925 0.756884 0.726489 0.700062 0.677064 0.657062 0.639704 0.624706 0.611836 0.600903 0.581932 0.565153 0.550604 0.538048 0.527294 0.518186 0.510596 0.504423 0.499586 0.496025 0.493696 0.492569 0.492632 0.493884 0.496342 0.500035 0.505008 0.511327 0.519071 0.528346 0.539282 0.552037 0.566810 0.583839 0.603423 0.618810 0.615616 0.613927 0.613721 0.614996 0.617768 0.622071 0.627957 0.635501 0.644801 0.655981 0.669196 0.684638 0.702542 0.723197 0.746956 0.747410 0.733351 0.721518 0.711748 0.703913 0.697911 0.693667 0.691130 0.690268 0.691070 0.693548 0.697730 0.703669 0.711438 0.721137 0.732895 0.746871 0.763265 0.742277 0.721872 0.704210 0.689012 0.676050 0.665140 0.656132 0.648907 0.643373 0.639459 0.637119 0.636322 0.637061 0.639344 0.643198 0.642344 0.619419 0.599468 0.582121 0.567078 0.554093 0.542969 0.533542 0.525682 0.519284 0.514263 0.510556 0.508118 0.506918 0.506943 0.508191 0.505812 0.503781 0.502973 0.503379 0.505003 0.507864 0.511999 0.517459 0.524313 0.532651 0.542588 0.554262 0.567848 0.583558 0.601653 0.622454 0.646357 0.673857 0.705577 0.742307 0.785066 0.835188 1252.000000 1.374549 0.791572
0.876601 0.935430 0.976588 0.930878 0.891307 0.856944 0.827050 0.801037 0.778428 0.758838 0.741954 0.727519 0.715325 0.705205 0.697022 0.690672 0.686075 0.683173 0.681931 0.682335 0.684390 0.688119 0.693569 0.700808 0.709928 0.721049 0.734320 0.749930 0.768109 0.745800 0.712271 0.683201 0.657934 0.635947 0.616820 0.600213 0.585852 0.573511 0.563008 0.554193 0.546948 0.541177 0.536805 0.533780 0.532063 0.531633 0.532486 0.534632 0.538097 0.542924 0.549173 0.556924 0.566282 0.577374 0.590359 0.605435 0.622840 0.642870 0.665889 0.692348 0.722809 0.757985 0.798781 0.846375 0.902310 0.968661 1.000000 0.948186 0.903547 0.864911 0.831365 0.802184 0.776791 0.754718 0.735588 0.719093 0.704983 0.693053 0.683139 0.675108 0.668856 0.664305 0.661398 0.660099 0.660393 0.662284 0.665794 0.670967 0.677866 0.686580 0.697223 0.709938 0.724904 0.742342 0.760231 0.726528 0.697296 0.671881 0.649764 0.630527 0.613833 0.599406 0.587024 0.576504 0.567698 0.560487 0.554776 0.550494 0.547586 0.546017 0.545768 0.546836 0.549235 0.552992 0.558155 0.564789 0.572979 0.582835 0.594493 0.608123 0.623930 0.642169 0.663152 0.687265 0.714985 0.746909 0.783795 0.826607 2583.000000 1.425980 0.746942
0.697736 0.709735 0.723928 0.740521 0.759766 0.781972 0.790644 0.773781 0.759413 0.747337 0.737387 0.729434 0.723374 0.719132 0.716656 0.715915 0.716902 0.719627 0.724124 0.730449 0.719884 0.697845 0.678702 0.662134 0.647879 0.635724 0.625495 0.617054 0.610288 0.605111 0.601458 0.599284 0.598562 0.599284 0.601458 0.605111 0.610288 0.615469 0.606787 0.599771 0.594330 0.590397 0.587923 0.586878 0.587248 0.589039 0.592272 0.596987 0.603242 0.611118 0.620717 0.632170 0.645638 0.661320 0.679461 0.700359 0.711400 0.719902 0.730389 0.743004 0.757919 0.775352 0.795568 0.818891 0.845723 0.876555 0.912001 0.952826 1.000000 0.935786 0.869832 0.814396 0.767340 0.727081 0.692421 0.662438 0.636413 0.613779 0.594081 0.576956 0.562106 0.549291 0.538316 0.529020 0.521274 0.514975 0.510039 0.506406 0.504031 0.504025 0.505801 0.508821 0.513120 0.518752 0.525791 0.534328 0.544480 0.556391 0.570240 0.586245 0.604672 0.625853 0.650194 0.678205 0.710527 0.747976 0.791606 0.842797 0.849198 0.818242 0.791302 0.767871 0.747536 0.729964 0.714881 0.702067 0.691340 0.682555 0.675598 0.670380 0.666836 0.664923 0.664617 0.665915 0.668833 0.673406 0.679690 0.687765 1002.500000 1.221477 0.789760
0.868550 0.851016 0.836151 0.823747 0.813636 0.805688 0.799803 0.795906 0.793950 0.793912 0.795790 0.799609 0.805414 0.813278 0.823299 0.835609 0.850372 0.867795 0.888130 0.911691 0.938859 0.970105 1.000000 0.952828 0.912005 0.876560 0.845729 0.818899 0.795576 0.775362 0.757929 0.743015 0.730401 0.719914 0.711413 0.704789 0.699958 0.696860 0.695457 0.694860 0.684466 0.675984 0.669302 0.664335 0.661023 0.659324 0.659217 0.660702 0.663797 0.668538 0.674986 0.683221 0.693351 0.705511 0.719870 0.736637 0.756069 0.778480 0.804257 0.833877 0.867934 0.907169 0.940360 0.908600 0.880968 0.856971 0.836207 0.818351 0.803136 0.790345 0.779805 0.771376 0.764950 0.760447 0.757812 0.757013 0.758040 0.760904 0.765643 0.772312 0.780997 0.791809 0.804891 0.820422 0.838624 0.859770 0.884195 0.912311 0.944625 0.981763 0.994032 0.945001 0.902653 0.865933 0.834015 0.806240 0.782078 0.761103 0.742966 0.727385 0.714130 0.703012 0.693881 0.686617 0.681127 0.677344 0.675220 0.674729 0.675867 0.678645 0.680261 0.676036 0.673476 0.672549 0.673245 0.675571 0.679556 0.685249 0.692721 0.702068 0.713412 0.726909 0.742751 0.761173 0.782465 0.806983 0.835164 0.867550 3024.500000 1.111381 0.831353
0.788750 0.753525 0.722978 0.696424 0.673316 0.653215 0.635767 0.620683 0.607729 0.596712 0.587478 0.579901 0.573881 0.569343 0.566230 0.564503 0.564141 0.565141 0.567514 0.571288 0.576512 0.583250 0.591589 0.601641 0.613543 0.627469 0.643628 0.662278 0.683738 0.708400 0.736748 0.769390 0.807093 0.844182 0.803774 0.768826 0.738496 0.712118 0.689162 0.669202 0.651892 0.636950 0.624148 0.613299 0.604252 0.596884 0.591101 0.586829 0.584016 0.582626 0.582642 0.584067 0.586915 0.591222 0.597043 0.604449 0.613539 0.624433 0.637284 0.652279 0.669650 0.689677 0.712710 0.739177 0.769610 0.804679 0.845230 0.892348 0.947448 0.974904 0.917244 0.867997 0.825657 0.789068 0.757332 0.729739 0.705727 0.684842 0.666718 0.651056 0.637614 0.626194 0.616635 0.608808 0.602611 0.597965 0.594812 0.593114 0.592849 0.594015 0.596625 0.600712 0.606327 0.613539 0.620837 0.607286 0.595719 0.585969 0.577904 0.571415 0.566420 0.562855 0.560677 0.559860 0.560393 0.562283 0.565553 0.570243 0.576412 0.584138 0.593523 0.604696 0.617814 0.633073 0.650712 0.671025 0.694373 0.721206 0.752080 0.787698 0.828954 0.876999 0.933344 1.000000 0.998255 0.932571 0.876978 0.829527 2430.000000 1.283918 0.714095
0.894198 0.922303 0.954607 0.944960 0.886250 0.836306 0.793500 0.756596 0.724641 0.696887 0.672741 0.651730 0.633471 0.617655 0.604029 0.592388 0.582564 0.574421 0.567853 0.562773 0.559118 0.556844 0.555301 0.555013 0.556064 0.558468 0.562252 0.567465 0.574172 0.582458 0.592436 0.604243 0.618049 0.634063 0.652544 0.673806 0.698239 0.726327 0.758673 0.796042 0.839410 0.890042 0.949610 1.000000 0.971453 0.946707 0.925365 0.907101 0.891651 0.878799 0.868375 0.860244 0.854303 0.850477 0.848722 0.849015 0.851359 0.855784 0.862344 0.847766 0.813049 0.782876 0.756619 0.733777 0.713944 0.696788 0.682043 0.669488 0.658945 0.650272 0.643354 0.638102 0.634452 0.632358 0.631795 0.632755 0.635252 0.639314 0.644993 0.652359 0.661507 0.672559 0.685666 0.701017 0.718842 0.739425 0.745375 0.732843 0.722438 0.714019 0.707480 0.702736 0.699730 0.698426 0.698806 0.700877 0.704662 0.710208 0.717585 0.726887 0.738234 0.751782 0.767719 0.786283 0.807761 0.832507 0.860956 0.871767 0.850374 0.831962 0.816256 0.803030 0.792104 0.783332 0.776604 0.771834 0.768963 0.767956 0.768802 0.771510 0.776114 0.782670 0.791261 0.801995 0.815015 0.830499 0.848666 0.869788 7290.000000 1.257080 0.812587
0.823547 0.798754 0.777228 0.758611 0.742612 0.728994 0.717564 0.708167 0.700678 0.695004 0.691072 0.688834 0.688263 0.689353 0.692116 0.696587 0.702819 0.710893 0.720910 0.733006 0.747345 0.764134 0.748197 0.725376 0.705556 0.688404 0.673651 0.661075 0.650499 0.641778 0.634797 0.629466 0.625719 0.623509 0.622810 0.623614 0.625929 0.629784 0.635227 0.642326 0.651171 0.661881 0.674600 0.689512 0.706840 0.726857 0.749900 0.776384 0.806821 0.841853 0.882288 0.929154 0.972264 0.928857 0.891215 0.858494 0.830018 0.805249 0.783748 0.765162 0.749199 0.735625 0.724248 0.714913 0.707499 0.701910 0.698078 0.695954 0.695514 0.696752 0.699684 0.704343 0.710790 0.719103 0.729392 0.741792 0.756475 0.773652 0.793584 0.816589 0.843060 0.844384 0.812985 0.785662 0.761891 0.741250 0.723395 0.708045 0.694973 0.683992 0.674954 0.667739 0.662256 0.658435 0.656229 0.655613 0.656578 0.659136 0.663318 0.669176 0.669304 0.661422 0.655283 0.650811 0.647950 0.646665 0.646940 0.648779 0.652204 0.657258 0.664003 0.672524 0.682934 0.695372 0.710014 0.727076 0.746821 0.769574 0.795734 0.825795 0.860370 0.900231 0.946355 1.000000 0.965944 0.922480 0.884799 0.852048 10276.000000 1.168638 0.808942
0.681745 0.690995 0.682453 0.675728 0.670734 0.667410 0.665714 0.665626 0.667146 0.670290 0.675099 0.681631 0.689969 0.700222 0.712526 0.727053 0.744015 0.763671 0.786339 0.812411 0.835896 0.834036 0.834188 0.836356 0.840566 0.846868 0.855343 0.866095 0.879267 0.895036 0.913621 0.935295 0.960393 0.989324 1.000000 0.946077 0.899729 0.859684 0.824955 0.794763 0.768489 0.745635 0.725799 0.708655 0.693934 0.681421 0.670939 0.662347 0.655530 0.650404 0.646903 0.644985 0.642637 0.640112 0.639140 0.639709 0.641828 0.645521 0.650833 0.657832 0.666606 0.677271 0.689972 0.704889 0.722244 0.722272 0.719256 0.717987 0.718451 0.720653 0.724619 0.730398 0.738063 0.747711 0.759468 0.773494 0.789986 0.809189 0.813755 0.801036 0.790584 0.782261 0.775962 0.771607 0.769143 0.768541 0.769793 0.772913 0.777941 0.784939 0.793993 0.805221 0.818772 0.834833 0.853634 0.875458 0.900655 0.929651 0.933150 0.904381 0.879388 0.857751 0.839125 0.823232 0.809845 0.798779 0.789890 0.783061 0.778208 0.775272 0.774215 0.775026 0.761158 0.741001 0.723582 0.708630 0.695927 0.685293 0.676585 0.669688 0.664516 0.661002 0.659105 0.658802 0.660088 0.662980 0.667512 0.673741 4585.000000 1.186172 0.881039
0.959541 1.000000 0.945603 0.896737 0.854631 0.818184 0.786537 0.759006 0.735049 0.714226 0.696181 0.680625 0.667321 0.656078 0.646739 0.639181 0.633305 0.629038 0.622226 0.610060 0.599777 0.591237 0.584324 0.578949 0.575045 0.572564 0.571474 0.571764 0.573436 0.576511 0.581026 0.587038 0.594623 0.603881 0.614936 0.627944 0.643098 0.660632 0.680835 0.704062 0.730753 0.761454 0.796851 0.789958 0.783947 0.779892 0.777743 0.777473 0.779080 0.782582 0.788024 0.795471 0.805018 0.816789 0.830940 0.838073 0.823431 0.811213 0.801255 0.793426 0.787627 0.783788 0.781860 0.781820 0.783669 0.787427 0.793142 0.800883 0.810750 0.822870 0.837406 0.847575 0.814936 0.786543 0.761835 0.740362 0.721757 0.705723 0.692016 0.680440 0.670834 0.663071 0.657050 0.652696 0.649954 0.648792 0.649196 0.651169 0.654737 0.652147 0.641069 0.631858 0.624391 0.618571 0.614325 0.611600 0.610363 0.610599 0.612311 0.615520 0.620265 0.626604 0.634619 0.644415 0.656123 0.669908 0.685972 0.704566 0.725993 0.750629 0.765916 0.758939 0.753887 0.750698 0.749334 0.749778 0.752035 0.756133 0.762122 0.770077 0.780098 0.792318 0.806901 0.824054 0.844029 0.867138 0.893762 0.924369 11769.000000 1.314755 0.863000
0.985336 0.957500 0.933381 0.912591 0.894816 0.879799 0.867333 0.857252 0.849425 0.843754 0.840169 0.838626 0.839106 0.841616 0.846185 0.852870 0.861754 0.872951 0.886606 0.902905 0.922077 0.944406 0.970238 1.000000 0.978795 0.955000 0.934533 0.917088 0.902417 0.890318 0.880634 0.873238 0.868040 0.864974 0.864005 0.865119 0.868331 0.855463 0.837656 0.822517 0.809832 0.799428 0.791170 0.784953 0.780699 0.778356 0.777895 0.779311 0.782621 0.787866 0.795109 0.804443 0.815988 0.829898 0.846364 0.865624 0.887971 0.913761 0.943436 0.977536 0.978941 0.963724 0.951229 0.941293 0.933788 0.928622 0.925730 0.925079 0.926658 0.930489 0.936617 0.945119 0.937999 0.914393 0.894048 0.876654 0.861961 0.849765 0.839906 0.832254 0.826714 0.823217 0.821722 0.822208 0.824684 0.829177 0.835745 0.844468 0.855457 0.868858 0.884850 0.903660 0.925565 0.950906 0.969812 0.944128 0.921933 0.902884 0.886698 0.873149 0.862053 0.853265 0.846674 0.842198 0.839781 0.839394 0.841032 0.844716 0.850491 0.858427 0.863082 0.851691 0.842600 0.835693 0.830884 0.828114 0.827349 0.828579 0.831820 0.837110 0.844517 0.854131 0.866077 0.880514 0.897639 0.917698 0.940993 0.967894 6302.500000 1.020917 0.907652
0.901206 0.926960 0.953461 0.931641 0.912948 0.897109 0.883903 0.873153 0.864720 0.858496 0.854405 0.852396 0.852446 0.854555 0.858748 0.865076 0.873619 0.884484 0.897814 0.913786 0.911016 0.896832 0.885184 0.875917 0.868914 0.864088 0.861378 0.860752 0.862203 0.865748 0.871430 0.879320 0.889516 0.902151 0.917391 0.935448 0.956580 0.981108 0.972348 0.935175 0.902834 0.874693 0.850239 0.829058 0.810812 0.795227 0.782079 0.771185 0.762403 0.755618 0.750745 0.747725 0.746520 0.747116 0.749520 0.753761 0.759892 0.767988 0.778154 0.790522 0.805261 0.822580 0.842735 0.866041 0.892885 0.923742 0.959203 1.000000 0.977861 0.952496 0.930599 0.911833 0.895925 0.882652 0.871836 0.863337 0.857047 0.852888 0.850808 0.850784 0.852813 0.856922 0.863160 0.871605 0.882363 0.895575 0.911418 0.930112 0.951930 0.970722 0.943537 0.919989 0.899702 0.882371 0.867745 0.855625 0.845847 0.838288 0.832851 0.829469 0.828102 0.828732 0.831368 0.836041 0.842809 0.851756 0.862996 0.876677 0.892985 0.874304 0.855759 0.839966 0.826702 0.815784 0.807070 0.800448 0.795835 0.793175 0.792436 0.793608 0.796705 0.801766 0.808853 0.818055 0.829489 0.843309 0.859702 0.878905 1943.000000 1.140693 0.892549
0.561849 0.559473 0.558456 0.558787 0.560469 0.563523 0.567987 0.573915 0.581384 0.590491 0.601359 0.614143 0.629030 0.646252 0.666094 0.688905 0.715117 0.745270 0.780039 0.820284 0.828234 0.806157 0.787072 0.770684 0.756751 0.745075 0.735500 0.727898 0.722174 0.718257 0.716097 0.715669 0.716968 0.720009 0.724830 0.731490 0.740073 0.750690 0.763482 0.778626 0.796339 0.816892 0.840612 0.867904 0.899267 0.935319 0.949201 0.889619 0.838977 0.795604 0.758232 0.725883 0.697794 0.673359 0.652096 0.633614 0.617598 0.603790 0.591981 0.582001 0.573710 0.566999 0.561781 0.557991 0.555580 0.554521 0.554799 0.556419 0.559400 0.563778 0.569609 0.576966 0.585946 0.596669 0.609288 0.614221 0.613512 0.614284 0.616544 0.620322 0.625662 0.632632 0.641322 0.651846 0.664349 0.679008 0.696043 0.715724 0.722028 0.726648 0.733105 0.741480 0.751881 0.764446 0.779347 0.796799 0.817063 0.840463 0.867393 0.898342 0.933915 0.974867 1.000000 0.943313 0.894748 0.852893 0.816658 0.785191 0.757816 0.733995 0.713292 0.695354 0.679894 0.666678 0.655514 0.646250 0.638761 0.632951 0.628747 0.626096 0.624968 0.621438 0.607610 0.595789 0.585803 0.577515 0.570814 0.565614 5560.500000 1.347992 0.796914
0.506735 0.506103 0.506691 0.512556 0.522533 0.534218 0.547787 0.563457 0.581492 0.602218 0.626040 0.653463 0.685125 0.721839 0.764657 0.814962 0.874608 0.895215 0.866421 0.841386 0.819676 0.800939 0.784889 0.771290 0.759955 0.750730 0.743496 0.738161 0.734660 0.732949 0.733008 0.734837 0.738459 0.743918 0.751282 0.760643 0.772125 0.785880 0.802102 0.781034 0.760391 0.742554 0.727247 0.714243 0.703362 0.694454 0.687405 0.682124 0.678546 0.676627 0.676344 0.677692 0.680689 0.685372 0.691797 0.700046 0.710226 0.722473 0.736956 0.753885 0.773517 0.796168 0.822227 0.820729 0.784997 0.753987 0.727018 0.703549 0.683142 0.665443 0.650165 0.637073 0.625976 0.616719 0.609178 0.603255 0.598875 0.595984 0.594546 0.594544 0.595977 0.598864 0.603239 0.609156 0.616692 0.625943 0.637033 0.650119 0.665389 0.683080 0.703478 0.726937 0.743058 0.743840 0.746423 0.750839 0.757143 0.765413 0.775756 0.788306 0.803237 0.820759 0.841134 0.864683 0.891799 0.922966 0.958784 1.000000 0.985872 0.912150 0.850593 0.798622 0.754349 0.716361 0.683584 0.655185 0.630509 0.609039 0.590358 0.574131 0.560086 0.547999 0.537692 0.529016 0.521852 0.516107 0.511707 0.508595 6706.000000 1.185938 0.769813
0.679650 0.676042 0.674087 0.673761 0.667623 0.662367 0.658767 0.656781 0.656383 0.657568 0.660352 0.664767 0.670869 0.678734 0.688464 0.700189 0.714070 0.725366 0.719889 0.716207 0.714273 0.714066 0.715583 0.718841 0.723881 0.730765 0.739580 0.750441 0.763492 0.757330 0.752758 0.750036 0.749133 0.750036 0.752758 0.757330 0.763809 0.772277 0.782842 0.795643 0.810856 0.828697 0.849433 0.873392 0.900975 0.932677 0.969111 1.000000 0.955500 0.916907 0.883356 0.854159 0.828763 0.806721 0.787669 0.771311 0.757407 0.745760 0.736213 0.728639 0.722945 0.719057 0.716929 0.707741 0.696470 0.687183 0.679755 0.674093 0.670126 0.667805 0.667101 0.668006 0.670531 0.674707 0.680585 0.688239 0.688197 0.678460 0.670588 0.664479 0.660056 0.657264 0.656070 0.656458 0.658435 0.662022 0.667266 0.674230 0.683005 0.693703 0.706472 0.721490 0.738979 0.759211 0.782521 0.809319 0.840114 0.875537 0.881980 0.866750 0.854059 0.843738 0.835652 0.829700 0.825807 0.823927 0.824035 0.826134 0.830249 0.836431 0.844755 0.855328 0.868287 0.883807 0.902105 0.923448 0.897354 0.861209 0.829785 0.802438 0.778652 0.758009 0.740170 0.724857 0.711845 0.700950 0.692027 0.684957 974.000000 1.148430 0.880427
0.868163 0.812031 0.764446 0.723777 0.688791 0.658546 0.632304 0.609485 0.589627 0.572358 0.557376 0.544436 0.533339 0.523923 0.516055 0.509629 0.504562 0.500789 0.498264 0.496955 0.496847 0.497939 0.500243 0.503787 0.508616 0.514791 0.522392 0.531520 0.542303 0.554896 0.569493 0.586329 0.605695 0.627948 0.653533 0.683007 0.717074 0.756636 0.802866 0.857312 0.922063 1.000000 0.991187 0.915500 0.852461 0.799345 0.754171 0.715461 0.682093 0.653203 0.628112 0.606285 0.587290 0.570783 0.556483 0.544160 0.533629 0.524738 0.517365 0.511410 0.506798 0.503471 0.501387 0.500521 0.500863 0.502417 0.505200 0.509249 0.514613 0.521360 0.529579 0.539382 0.550907 0.564324 0.579843 0.597721 0.618272 0.641889 0.669057 0.700389 0.736661 0.778874 0.828336 0.886787 0.956593 0.954461 0.888427 0.832815 0.785536 0.745036 0.710133 0.679919 0.653682 0.630858 0.610996 0.593733 0.578775 0.565882 0.554859 0.545545 0.537814 0.531561 0.526707 0.523189 0.520964 0.520006 0.520303 0.521857 0.524689 0.528833 0.534340 0.541281 0.549747 0.559851 0.571737 0.585581 0.601596 0.620048 0.641261 0.665637 0.693677 0.726010 0.763433 0.806973 0.857972 0.918213 0.990118 0.935052 1148.000000 1.057475 0.603895
0.652281 0.637410 0.624674 0.613887 0.604899 0.597589 0.591862 0.587646 0.584889 0.583557 0.583634 0.585121 0.588035 0.592413 0.598309 0.605798 0.614976 0.625968 0.638928 0.654045 0.671551 0.691732 0.714940 0.741608 0.772274 0.780674 0.754466 0.731666 0.711868 0.694743 0.680023 0.667487 0.656960 0.648297 0.641385 0.636135 0.632481 0.630380 0.629804 0.630747 0.633222 0.637256 0.642902 0.650228 0.659331 0.670329 0.683375 0.698656 0.716401 0.736892 0.760475 0.787579 0.818731 0.854592 0.895997 0.944007 1.000000 0.973338 0.908489 0.853670 0.806923 0.766782 0.732125 0.702084 0.675975 0.653256 0.633490 0.616327 0.601481 0.588717 0.577847 0.568717 0.561201 0.555202 0.550642 0.547464 0.545630 0.545117 0.545919 0.548046 0.551523 0.556393 0.562718 0.570579 0.580079 0.581698 0.578537 0.576792 0.576443 0.577484 0.579928 0.583806 0.589165 0.596072 0.604617 0.614914 0.627104 0.641364 0.657909 0.677005 0.698977 0.724225 0.753249 0.786670 0.825276 0.870070 0.922356 0.966187 0.925094 0.889408 0.858365 0.831351 0.807872 0.787528 0.769993 0.755001 0.742335 0.731822 0.723321 0.716721 0.711941 0.708920 0.707623 0.708032 0.710154 0.712244 0.689386 0.669513 4036.500000 1.329905 0.767905
0.937002 0.906827 0.880590 0.857837 0.838198 0.821374 0.807117 0.795230 0.785553 0.777961 0.772356 0.768671 0.766859 0.766898 0.768790 0.772557 0.778245 0.785926 0.795695 0.807680 0.822042 0.838983 0.858748 0.881643 0.867930 0.843317 0.821987 0.803597 0.787869 0.774575 0.763531 0.754590 0.747636 0.742581 0.739364 0.737945 0.738306 0.740452 0.744410 0.750227 0.757976 0.767755 0.779694 0.793952 0.810731 0.830278 0.852896 0.878958 0.908921 0.943353 0.982956 1.000000 0.969073 0.942203 0.918937 0.898906 0.881809 0.867400 0.855483 0.845899 0.838524 0.833268 0.830064 0.828874 0.829683 0.832501 0.837363 0.844328 0.853483 0.864945 0.878865 0.895434 0.914885 0.937509 0.963660 0.927830 0.890956 0.858891 0.830986 0.806719 0.785669 0.767491 0.751905 0.738685 0.727643 0.718633 0.711536 0.706263 0.702748 0.700948 0.700842 0.702427 0.705724 0.710772 0.717634 0.726397 0.737174 0.750111 0.765386 0.783222 0.803893 0.827732 0.855151 0.886659 0.922885 0.943031 0.920585 0.901303 0.884900 0.871145 0.859850 0.850869 0.844085 0.839415 0.836801 0.836212 0.837640 0.841103 0.846642 0.854327 0.864254 0.876551 0.891381 0.908948 0.929507 0.953367 0.980909 0.971676 3797.500000 1.184658 0.856636
0.958276 0.899463 0.849379 0.806419 0.769359 0.737255 0.709362 0.685094 0.663978 0.645633 0.629751 0.616081 0.604416 0.594591 0.586470 0.579947 0.574936 0.571377 0.569224 0.568451 0.569050 0.569407 0.570421 0.572821 0.576637 0.581916 0.588723 0.597147 0.607299 0.619321 0.633385 0.649704 0.668540 0.690213 0.715118 0.743747 0.776713 0.788083 0.784175 0.782181 0.782076 0.783859 0.787552 0.793199 0.800872 0.810667 0.822710 0.837164 0.854230 0.874156 0.897247 0.923876 0.954505 0.965905 0.923368 0.886465 0.854378 0.826453 0.802168 0.781097 0.762896 0.747282 0.734028 0.722948 0.713890 0.706739 0.701403 0.697815 0.695931 0.695729 0.697207 0.700382 0.705292 0.712000 0.720588 0.731170 0.743885 0.750082 0.730698 0.713967 0.699633 0.687487 0.677359 0.669114 0.662644 0.657868 0.654726 0.652978 0.646558 0.641795 0.638628 0.637020 0.636950 0.638419 0.641443 0.646059 0.652326 0.660321 0.670150 0.681943 0.695865 0.712118 0.730952 0.752672 0.777653 0.806359 0.827220 0.813626 0.802374 0.793313 0.786328 0.781331 0.778260 0.777078 0.777770 0.780345 0.784834 0.791292 0.799801 0.810468 0.823434 0.838875 0.857011 0.878110 0.902503 0.930597 0.962890 1.000000 1272.500000 1.151222 0.831880
0.738255 0.780213 0.829345 0.887363 0.956586 0.953372 0.933527 0.916655 0.902518 0.890924 0.881721 0.874792 0.870051 0.867440 0.866926 0.855261 0.817301 0.784377 0.755753 0.730843 0.709176 0.690373 0.674123 0.660175 0.648322 0.638398 0.630268 0.623828 0.618993 0.615705 0.613923 0.613625 0.614807 0.617485 0.615906 0.600909 0.588009 0.577011 0.567760 0.560128 0.554017 0.549346 0.546058 0.544162 0.543979 0.545110 0.547567 0.551380 0.556597 0.563284 0.571528 0.581437 0.593151 0.606838 0.622707 0.641015 0.662074 0.686274 0.714096 0.719477 0.713435 0.709189 0.706685 0.705893 0.706804 0.709429 0.713799 0.719968 0.728014 0.738041 0.750179 0.764597 0.781499 0.801139 0.823827 0.849945 0.879963 0.914462 0.954169 1.000000 0.959155 0.904966 0.858530 0.818502 0.783845 0.753746 0.727561 0.704775 0.684973 0.667818 0.653036 0.640404 0.629739 0.620895 0.613755 0.608225 0.604237 0.601740 0.600706 0.596981 0.579000 0.563388 0.549886 0.538283 0.528406 0.520115 0.513297 0.507864 0.503746 0.500890 0.499263 0.498844 0.499629 0.501626 0.504861 0.509373 0.515218 0.522473 0.531233 0.541618 0.553457 0.566800 0.582239 0.600028 0.620481 0.643984 0.671017 0.702185 6638.000000 1.388154 0.797560
0.660968 0.657669 0.655976 0.655868 0.657342 0.660419 0.665134 0.671546 0.679736 0.689811 0.701906 0.716188 0.732866 0.752195 0.774487 0.800127 0.829590 0.863466 0.902492 0.947604 1.000000 0.989703 0.923996 0.868433 0.821039 0.780333 0.745183 0.714711 0.688226 0.665178 0.645129 0.627720 0.612664 0.599723 0.588708 0.579460 0.571854 0.565791 0.561194 0.558003 0.556181 0.555705 0.556570 0.564163 0.574658 0.586991 0.601346 0.617946 0.637067 0.659048 0.684308 0.713367 0.743637 0.733849 0.726041 0.720115 0.715995 0.713632 0.712996 0.714081 0.716898 0.721483 0.727891 0.736204 0.746528 0.740714 0.731968 0.725152 0.720181 0.716994 0.715550 0.715834 0.717848 0.721616 0.727186 0.734625 0.744030 0.736846 0.729653 0.724327 0.720802 0.719036 0.719005 0.720711 0.724174 0.729436 0.736562 0.745643 0.756797 0.770173 0.785958 0.804382 0.825727 0.850341 0.868742 0.831780 0.799682 0.771759 0.747461 0.726342 0.708043 0.692270 0.678784 0.665552 0.651223 0.639006 0.628725 0.620240 0.613439 0.608235 0.604563 0.602377 0.601652 0.602377 0.604563 0.608235 0.613439 0.620240 0.628725 0.639006 0.651223 0.665552 0.682206 0.701448 0.691349 0.681005 0.672563 0.665912 7366.000000 1.112650 0.816190
0.906995 0.864409 0.827548 0.795540 0.767696 0.743466 0.722406 0.704156 0.688423 0.674968 0.663596 0.654152 0.646508 0.640566 0.636251 0.633510 0.632309 0.632634 0.634488 0.637895 0.642896 0.649552 0.657950 0.668199 0.680437 0.694836 0.711610 0.731019 0.753381 0.779092 0.799054 0.780975 0.765498 0.752401 0.741501 0.732652 0.725739 0.720675 0.717398 0.715867 0.716065 0.717992 0.721673 0.727153 0.734500 0.743807 0.755196 0.768820 0.784869 0.803581 0.825243 0.814004 0.788941 0.767169 0.748321 0.732098 0.718257 0.706600 0.696968 0.689233 0.683296 0.679083 0.676541 0.675639 0.676367 0.678734 0.682768 0.688518 0.696058 0.705483 0.716917 0.730517 0.746476 0.765032 0.786477 0.811170 0.839552 0.872169 0.909114 0.871984 0.839711 0.811627 0.787196 0.765985 0.747640 0.731876 0.718457 0.707195 0.697936 0.690558 0.684968 0.681094 0.678891 0.678331 0.679407 0.682133 0.686541 0.692686 0.700645 0.710521 0.700212 0.686607 0.675116 0.665581 0.657874 0.651895 0.647571 0.644846 0.643689 0.644085 0.646039 0.649574 0.654734 0.661583 0.670209 0.680724 0.693271 0.708027 0.725210 0.745087 0.767987 0.794314 0.824567 0.859367 0.899497 0.945949 1.000000 0.956416 2598.500000 1.059365 0.823751
0.919187 0.903934 0.891292 0.881092 0.873203 0.867525 0.863989 0.862550 0.863193 0.865924 0.870777 0.877811 0.887114 0.898806 0.913038 0.930005 0.949946 0.973157 1.000000 0.999088 0.965128 0.935581 0.909916 0.887704 0.868592 0.852296 0.838584 0.827267 0.818196 0.811255 0.806358 0.803442 0.802475 0.798359 0.793974 0.791533 0.791007 0.792389 0.795697 0.800969 0.808273 0.817698 0.829368 0.843437 0.860099 0.879595 0.902219 0.928333 0.958381 0.992912 0.972245 0.951975 0.934738 0.920293 0.908442 0.899031 0.891939 0.887079 0.884390 0.883841 0.885424 0.889158 0.895090 0.903292 0.913868 0.926954 0.942724 0.961396 0.983240 0.957884 0.931608 0.908866 0.889299 0.872614 0.858575 0.846988 0.837701 0.830595 0.823788 0.815490 0.809289 0.805106 0.802890 0.802615 0.804277 0.807896 0.813516 0.821208 0.831067 0.843222 0.857836 0.875110 0.895295 0.918699 0.945699 0.965489 0.946105 0.929680 0.915984 0.904834 0.896085 0.889627 0.885378 0.883288 0.883330 0.885506 0.889842 0.896391 0.905233 0.907049 0.890055 0.875756 0.863959 0.854506 0.847277 0.842181 0.839155 0.838163 0.839193 0.842257 0.847392 0.854662 0.864157 0.876000 0.890347 0.907393 0.927384 0.937259 1180.500000 1.035844 0.906904
0.738379 0.703006 0.672414 0.645864 0.622774 0.602680 0.585208 0.570054 0.556974 0.545766 0.536267 0.528343 0.521890 0.516822 0.513076 0.510605 0.509379 0.509383 0.510617 0.513096 0.516850 0.521927 0.528390 0.536323 0.545833 0.566240 0.589813 0.616984 0.648417 0.684963 0.727733 0.778200 0.838357 0.910974 1.000000 0.962963 0.905213 0.855943 0.813619 0.777067 0.745376 0.717830 0.693860 0.673008 0.654904 0.639249 0.625797 0.614349 0.604743 0.596848 0.590561 0.585802 0.582511 0.587274 0.597786 0.610178 0.624632 0.641370 0.660664 0.682852 0.708347 0.737667 0.771457 0.810537 0.855961 0.909097 0.910238 0.867634 0.830752 0.798723 0.770861 0.746614 0.725542 0.707283 0.691545 0.678091 0.666726 0.657293 0.649666 0.643748 0.637064 0.624204 0.613300 0.604202 0.596786 0.590957 0.586639 0.583781 0.582346 0.582318 0.583696 0.586497 0.590755 0.596523 0.603874 0.607066 0.606335 0.607066 0.609268 0.612969 0.618213 0.625067 0.633618 0.643979 0.656292 0.670732 0.687516 0.706907 0.729232 0.754892 0.784381 0.818319 0.842627 0.833407 0.826357 0.821387 0.818436 0.817468 0.818473 0.821461 0.826469 0.833559 0.842820 0.854371 0.868363 0.884171 0.827532 0.779478 1492.000000 1.154757 0.714433
0.934125 0.899885 0.870088 0.844169 0.821673 0.802226 0.785528 0.771331 0.759435 0.749679 0.741935 0.736105 0.732115 0.729918 0.729486 0.730814 0.733918 0.738836 0.745629 0.744380 0.744623 0.746666 0.750534 0.756272 0.763954 0.773677 0.785567 0.799785 0.816531 0.836050 0.858644 0.884684 0.914625 0.949030 0.988600 0.964383 0.936611 0.912531 0.891752 0.873957 0.858886 0.846332 0.836124 0.828130 0.822251 0.818411 0.816566 0.816692 0.818791 0.822888 0.829034 0.837304 0.847804 0.860671 0.876077 0.894238 0.915420 0.939950 0.968227 0.990799 0.960751 0.934657 0.912083 0.892672 0.876138 0.862244 0.850802 0.841660 0.834703 0.829842 0.827018 0.826197 0.827369 0.830548 0.835773 0.843108 0.831442 0.809767 0.791052 0.775007 0.761397 0.750033 0.740762 0.733462 0.728042 0.724433 0.722593 0.722497 0.724146 0.727560 0.732779 0.739870 0.748920 0.760049 0.773404 0.789173 0.807584 0.820639 0.827033 0.835555 0.846316 0.859454 0.875149 0.893620 0.915140 0.940043 0.968737 1.000000 0.973319 0.950254 0.930446 0.913604 0.899489 0.887910 0.878715 0.871787 0.867040 0.864416 0.863882 0.865433 0.869087 0.874888 0.882909 0.893250 0.906045 0.921463 0.939719 0.961074 1320.000000 1.084795 0.882591
0.817546 0.792149 0.770081 0.750969 0.734510 0.720455 0.708603 0.698791 0.690888 0.684794 0.680431 0.677746 0.676705 0.677297 0.679529 0.683427 0.689040 0.696437 0.705713 0.716991 0.730423 0.746199 0.756794 0.754839 0.754707 0.756398 0.759930 0.765349 0.772720 0.782137 0.793722 0.807630 0.824055 0.843236 0.865465 0.891103 0.920592 0.938282 0.929804 0.923684 0.919845 0.918241 0.918852 0.921686 0.926777 0.934187 0.944010 0.956370 0.971429 0.989391 0.938254 0.887806 0.844436 0.806960 0.774455 0.746196 0.721603 0.700213 0.681649 0.665606 0.651836 0.640134 0.630337 0.622312 0.615954 0.611182 0.619316 0.630382 0.643429 0.658648 0.676274 0.696592 0.719958 0.746807 0.760253 0.755327 0.752265 0.751030 0.751607 0.754002 0.758246 0.764389 0.772509 0.782709 0.795123 0.809920 0.827309 0.847547 0.870952 0.897910 0.928900 0.964512 1.000000 0.960807 0.926718 0.897052 0.871261 0.848899 0.829605 0.813084 0.799095 0.787444 0.777976 0.770567 0.765123 0.761578 0.759888 0.760032 0.762012 0.765853 0.771600 0.779326 0.789129 0.801136 0.808116 0.811346 0.816577 0.823874 0.833328 0.845061 0.859229 0.876026 0.895694 0.918529 0.944895 0.918903 0.880282 0.846734 9966.000000 1.180563 0.843486
0.819264 0.868944 0.882929 0.862488 0.844962 0.830094 0.817675 0.807540 0.799555 0.793621 0.789661 0.787629 0.787500 0.789272 0.792967 0.798630 0.806330 0.816166 0.828264 0.813563 0.785910 0.761849 0.740951 0.722863 0.707300 0.694030 0.682864 0.673649 0.666262 0.660610 0.656622 0.654248 0.653460 0.654248 0.656622 0.660610 0.666262 0.673649 0.682864 0.694030 0.707300 0.722863 0.740951 0.748107 0.732185 0.718623 0.707226 0.697840 0.690342 0.684634 0.680647 0.678330 0.677656 0.678617 0.681224 0.685509 0.691524 0.699346 0.702397 0.695682 0.690743 0.687518 0.685967 0.686073 0.687836 0.691278 0.696441 0.703388 0.712209 0.723018 0.717464 0.711800 0.707917 0.705767 0.705325 0.706584 0.709560 0.714289 0.720830 0.729264 0.739702 0.752282 0.767176 0.784601 0.804820 0.828156 0.855008 0.885864 0.921334 0.962177 1.000000 0.930953 0.872792 0.823338 0.780968 0.744451 0.712837 0.685383 0.661500 0.640716 0.622653 0.607003 0.592899 0.580693 0.570326 0.561652 0.554554 0.548939 0.544736 0.541892 0.540373 0.540160 0.541251 0.543658 0.547411 0.552557 0.559161 0.567307 0.577106 0.588692 0.602233 0.617935 0.636052 0.656893 0.680842 0.708374 0.740086 0.776728 15688.000000 1.154351 0.824041
0.852985 0.887074 0.926325 0.971660 0.941316 0.900309 0.864722 0.833773 0.806840 0.783421 0.763109 0.745575 0.730549 0.717811 0.707185 0.698527 0.691725 0.686692 0.683366 0.681707 0.681694 0.683327 0.686627 0.691632 0.698406 0.707034 0.717629 0.730332 0.745320 0.762813 0.783079 0.806447 0.833321 0.864202 0.899711 0.889734 0.859492 0.833179 0.810323 0.790542 0.773522 0.759010 0.746798 0.736720 0.728642 0.722461 0.718099 0.715503 0.714641 0.715503 0.718099 0.722461 0.728642 0.736720 0.746798 0.759010 0.773522 0.790542 0.810323 0.833179 0.859492 0.889734 0.924491 0.964492 0.943787 0.899058 0.860356 0.826759 0.797535 0.772104 0.749995 0.730829 0.714296 0.700144 0.688168 0.678200 0.670109 0.663788 0.659159 0.656164 0.654766 0.654949 0.656714 0.660083 0.665098 0.671820 0.680335 0.690754 0.703218 0.717901 0.735019 0.754836 0.777676 0.803940 0.834118 0.868826 0.908832 0.955111 1.000000 0.950782 0.908267 0.871401 0.839354 0.811466 0.787208 0.766149 0.747943 0.732306 0.719005 0.707854 0.698701 0.691426 0.685937 0.682164 0.680062 0.679606 0.680789 0.683625 0.688150 0.694420 0.702513 0.712533 0.724615 0.738924 0.755666 0.775096 0.797523 0.823329 1183.500000 1.044218 0.780811
0.774666 0.757005 0.741880 0.729069 0.718394 0.709712 0.702911 0.697904 0.694630 0.693048 0.693139 0.694905 0.698366 0.703565 0.710568 0.719461 0.720054 0.700838 0.684227 0.669961 0.657831 0.647664 0.639324 0.632701 0.627710 0.624290 0.622398 0.622011 0.623125 0.625753 0.629928 0.635700 0.643143 0.652352 0.663451 0.676591 0.691964 0.709801 0.727245 0.726463 0.727433 0.730167 0.734699 0.741083 0.749401 0.759758 0.772293 0.787176 0.804621 0.824888 0.848300 0.875249 0.906222 0.928495 0.865734 0.812754 0.767627 0.728911 0.695508 0.666568 0.641424 0.619546 0.600510 0.583974 0.569659 0.557341 0.546833 0.537986 0.530679 0.524816 0.520320 0.517136 0.515224 0.514561 0.515140 0.516966 0.522483 0.533462 0.546257 0.561066 0.578132 0.597754 0.620302 0.646234 0.676130 0.710722 0.750950 0.798043 0.853633 0.919928 1.000000 0.983873 0.926196 0.876902 0.834499 0.797841 0.766036 0.738380 0.714313 0.693382 0.675224 0.659540 0.646090 0.634676 0.625138 0.617348 0.611203 0.606627 0.603562 0.601883 0.601526 0.602621 0.605181 0.609236 0.614837 0.622055 0.630983 0.641738 0.654471 0.669365 0.686645 0.706588 0.729534 0.755903 0.786215 0.821120 0.818733 0.795131 4143.500000 1.086627 0.746347
0.936815 1.000000 0.980373 0.931601 0.889493 0.852992 0.821270 0.793667 0.769652 0.748799 0.730760 0.715252 0.702045 0.690951 0.681820 0.674530 0.668989 0.665128 0.662899 0.662275 0.663249 0.665832 0.670055 0.675971 0.683655 0.693204 0.704746 0.718438 0.734478 0.753106 0.774618 0.799377 0.827832 0.860537 0.835882 0.806594 0.781107 0.758954 0.739755 0.723204 0.709047 0.697081 0.687141 0.679092 0.672833 0.668283 0.665386 0.664107 0.664431 0.666361 0.669921 0.675154 0.682126 0.690926 0.701668 0.714498 0.729596 0.747184 0.767537 0.790988 0.817950 0.848933 0.831354 0.805234 0.782533 0.762865 0.745913 0.731423 0.719184 0.709028 0.700820 0.694453 0.689848 0.686948 0.685717 0.686141 0.688224 0.691992 0.697491 0.704789 0.713980 0.725184 0.738553 0.754276 0.772584 0.793762 0.818161 0.846211 0.878444 0.915523 0.958280 0.953674 0.897508 0.849522 0.808255 0.772587 0.741645 0.714742 0.691329 0.670967 0.653299 0.638035 0.624939 0.613819 0.604518 0.596912 0.590901 0.586408 0.583377 0.581773 0.581574 0.582779 0.585402 0.589475 0.595049 0.602194 0.611003 0.621592 0.634110 0.648738 0.665697 0.685263 0.707770 0.733633 0.763367 0.797615 0.837193 0.883142 597.000000 1.117514 0.766154
0.719171 0.705693 0.694352 0.684995 0.677497 0.671762 0.667718 0.665316 0.664526 0.665339 0.667765 0.671833 0.677593 0.685118 0.694504 0.705874 0.719385 0.735229 0.753643 0.774918 0.779330 0.757227 0.738073 0.721559 0.707435 0.695496 0.685578 0.677548 0.671302 0.666763 0.663872 0.662597 0.662920 0.664845 0.668397 0.673619 0.680575 0.689354 0.700072 0.712873 0.727936 0.745485 0.765791 0.789189 0.792670 0.781242 0.771973 0.764742 0.759457 0.756054 0.754491 0.754749 0.756831 0.760762 0.766591 0.774390 0.784257 0.796323 0.810750 0.827739 0.847542 0.870463 0.896880 0.927254 0.962156 1.000000 0.928390 0.868303 0.817370 0.773842 0.736401 0.704033 0.675950 0.651532 0.630281 0.611800 0.595767 0.581918 0.570041 0.559961 0.551537 0.544655 0.539226 0.535181 0.532469 0.531057 0.530929 0.535036 0.541611 0.549690 0.559381 0.570820 0.584174 0.599646 0.617489 0.638009 0.661590 0.688703 0.719942 0.756057 0.798011 0.847055 0.904845 0.931632 0.904324 0.880632 0.860169 0.842619 0.827726 0.815279 0.805112 0.797093 0.791118 0.787115 0.785034 0.784849 0.786559 0.790184 0.795768 0.803382 0.813120 0.825109 0.839510 0.827120 0.799027 0.774584 0.753354 0.734979 1853.500000 1.169295 0.803372
