40
1000 1000
4 63 101 124 23 232 122 146 176
5 16 14 39 7 52 23 40 41 24 35
8 34 68 64 37 97 56 84 85 85 107 61 113 36 113 15 92
8 21 31 48 15 57 39 70 52 58 66 42 83 31 65 18 55
4 13 94 62 58 112 99 49 157
5 38 30 53 26 74 43 53 62 29 54
7 32 21 78 17 109 5 120 38 111 83 68 106 26 75
8 148 77 185 58 215 75 258 110 207 143 183 176 145 139 106 112
6 13 12 37 12 50 33 40 46 20 45 -10 34
7 -6 21 30 1 51 9 92 46 73 75 31 75 -15 55
8 30 4 57 -6 111 5 85 46 104 85 63 77 38 64 10 44
5 29 104 109 94 142 170 111 209 34 198
5 7 12 41 -7 55 32 43 63 19 43
6 -8 19 3 6 21 6 21 22 20 34 0 33
5 -3 21 29 15 46 34 35 57 5 51
6 14 -2 46 5 66 31 47 52 21 60 4 36
5 -8 18 30 9 46 36 26 48 0 50
8 17 30 24 23 41 27 47 41 39 52 25 55 15 51 7 44
5 10 12 30 9 50 20 29 36 11 31
3 17 24 159 84 6 136
3 22 10 61 30 15 56
5 24 63 61 56 90 78 62 107 20 99
6 42 69 71 48 102 46 104 67 106 111 56 103
5 62 29 94 8 127 51 92 83 58 67
5 4 18 39 12 70 43 48 71 7 64
7 6 30 28 14 56 19 67 45 48 59 29 66 -2 53
6 30 28 50 28 67 54 46 73 29 75 4 56
7 3 54 44 39 68 49 81 72 94 111 38 94 21 75
6 10 4 38 -3 46 17 32 45 9 36 -17 26
7 38 12 73 3 99 14 113 43 92 65 75 74 41 59
5 66 39 125 23 185 77 115 143 45 139
8 -17 37 -4 15 9 -4 51 16 40 39 47 75 24 89 0 57
3 18 14 68 41 21 68
7 7 28 27 21 53 23 58 52 52 64 26 73 2 62
7 -12 12 21 1 65 5 91 32 67 79 27 86 -13 61
7 -19 61 34 34 113 42 139 111 94 161 46 193 -13 145
3 18 0 71 25 15 59
6 54 19 75 3 93 30 68 46 49 57 46 31
7 28 78 45 60 68 68 74 83 72 119 51 103 25 105
4 0 33 33 6 59 38 30 71
