60
1000 1000
6 126 168 122 120 178 136 215 180 177 198 139 218
4 50 85 72 61 106 92 66 121
7 23 21 30 16 52 7 59 25 43 44 29 45 11 35
6 104 111 115 79 151 79 166 104 175 166 95 174
4 -46 86 36 40 123 100 27 180
3 14 11 79 42 26 72
8 66 13 89 -2 116 14 121 46 113 69 97 80 65 81 60 51
3 69 86 154 141 75 213
8 5 2 14 -6 23 2 45 15 33 28 14 29 -3 27 -13 14
4 57 -5 149 23 58 74 -43 37
6 31 40 63 22 95 12 105 46 93 79 46 88
4 62 8 125 85 83 160 27 96
8 160 73 184 28 230 41 247 106 211 134 180 132 160 126 124 103
5 -7 18 23 6 37 31 20 48 7 41
7 17 15 34 8 46 10 56 21 47 39 33 41 16 33
8 26 21 22 7 39 4 44 16 56 24 47 33 38 32 20 39
7 18 19 54 -37 121 2 149 39 99 68 62 90 42 55
4 18 65 43 14 105 75 45 115
4 65 87 113 37 171 98 117 129
3 38 -19 85 22 41 59
5 0 4 19 -5 26 12 16 26 -2 19
7 34 133 75 118 98 120 120 160 92 182 70 186 30 172
6 -4 8 10 -7 36 -8 48 10 36 29 16 29
6 23 16 42 7 54 34 40 42 26 40 7 35
5 5 5 31 6 45 28 28 42 5 38
7 9 44 19 30 46 19 42 51 39 70 23 90 -2 66
6 131 98 167 81 165 117 164 148 133 144 110 120
8 47 79 63 91 87 83 95 99 83 119 63 122 55 111 43 102
5 13 39 36 35 68 47 39 76 7 72
8 13 50 40 48 61 50 74 68 61 93 36 100 15 96 14 73
4 -17 58 35 13 79 57 40 114
8 2 14 8 3 20 -6 28 1 36 15 26 27 19 32 4 29
7 -10 -2 13 -1 43 -7 51 18 41 43 15 50 -9 24
3 10 17 73 48 18 68
7 14 28 31 16 55 18 61 36 50 56 31 59 18 50
6 -10 23 6 9 28 6 40 21 24 40 6 44
3 85 138 303 236 70 312
4 38 17 81 44 34 78 -15 48
4 147 59 218 109 153 151 87 110
5 58 64 117 76 135 102 125 170 66 146
6 80 8 134 0 157 56 144 101 92 91 75 55
6 29 127 90 54 139 73 234 138 141 168 51 215
6 90 30 154 40 191 90 147 113 106 131 60 97
6 23 38 39 19 57 15 80 40 59 64 36 65
7 1 13 12 1 40 7 51 30 35 41 19 63 -16 38
7 9 17 20 4 42 5 50 22 41 45 20 45 11 32
4 66 9 126 30 61 83 20 43
8 -37 35 26 -3 71 -15 130 0 177 42 116 91 49 103 -11 98
8 6 56 45 12 100 52 135 81 113 136 55 150 7 154 -26 101
5 22 14 69 -6 92 42 61 71 23 65
4 5 16 20 -15 64 18 23 48
3 161 204 299 287 186 380
8 30 24 42 2 56 -38 114 -20 107 22 110 80 64 76 43 53
6 60 11 91 7 91 35 90 53 67 47 60 34
8 22 28 21 11 41 5 58 15 50 30 51 44 37 57 26 38
8 62 230 69 181 124 177 163 206 211 217 148 262 131 322 75 280
8 28 9 43 0 52 11 61 18 57 32 42 29 33 35 35 20
7 3 6 24 -9 44 2 60 13 48 31 29 47 11 26
6 -1 72 15 43 44 53 69 76 45 102 9 97
6 34 60 46 51 58 50 69 59 59 72 42 74
