0.958610 0.904706 0.858501 0.818662 0.784162 0.754195 0.728124 0.705438 0.685725 0.668651 0.653944 0.641381 0.630783 0.622004 0.614927 0.609460 0.605537 0.603106 0.602140 0.602627 0.604572 0.607999 0.612951 0.619488 0.627695 0.637679 0.649575 0.663553 0.679820 0.698630 0.720294 0.745199 0.773817 0.806743 0.844721 0.888698 0.939894 0.930252 0.900755 0.875115 0.852892 0.833728 0.817333 0.803468 0.791941 0.782600 0.775322 0.770016 0.766617 0.765083 0.765395 0.767557 0.771595 0.777559 0.785524 0.795589 0.807888 0.822585 0.839889 0.860052 0.883387 0.910278 0.915975 0.870713 0.831622 0.797730 0.768270 0.742634 0.720333 0.700972 0.684230 0.669845 0.657604 0.647333 0.638894 0.632176 0.627092 0.623580 0.621596 0.621117 0.622135 0.624664 0.628735 0.634398 0.641723 0.650806 0.661767 0.674757 0.689962 0.707612 0.727989 0.751438 0.778386 0.809361 0.845024 0.886207 0.933976 0.933127 0.897263 0.866062 0.838912 0.815317 0.794875 0.777260 0.762206 0.749494 0.738951 0.730435 0.723838 0.719075 0.716088 0.714841 0.715319 0.717527 0.721492 0.727264 0.734913 0.744537 0.756263 0.770249 0.786693 0.805839 0.827984 0.853494 0.882822 0.916522 0.955291 1.000000 8570.000000 1.207444 0.774336
0.687595 0.667348 0.649780 0.634603 0.621582 0.610526 0.616248 0.628374 0.642567 0.659039 0.678056 0.699938 0.725085 0.753990 0.787271 0.825706 0.870291 0.922315 0.983474 0.990191 0.942474 0.901216 0.865416 0.834284 0.807192 0.783632 0.763196 0.745548 0.730418 0.717584 0.706867 0.698123 0.691237 0.690225 0.697684 0.707028 0.718380 0.731894 0.747763 0.766221 0.787560 0.812133 0.840379 0.872839 0.910189 0.937769 0.913534 0.892617 0.874696 0.859510 0.846848 0.836540 0.828452 0.822481 0.818553 0.816620 0.816660 0.818671 0.822680 0.828734 0.836909 0.847309 0.860068 0.848585 0.835072 0.823935 0.815030 0.808241 0.803485 0.800701 0.799857 0.800943 0.800407 0.780264 0.762903 0.748061 0.735523 0.725116 0.716703 0.710174 0.705446 0.702463 0.701186 0.701602 0.703714 0.707548 0.713153 0.720596 0.729974 0.741408 0.755054 0.771105 0.789797 0.811421 0.836334 0.864975 0.897887 0.897018 0.875757 0.857499 0.841973 0.828960 0.818286 0.809808 0.803421 0.799043 0.796621 0.796126 0.797552 0.800916 0.806259 0.813647 0.823173 0.834961 0.849166 0.865985 0.885660 0.908490 0.934840 0.965159 1.000000 0.948443 0.892599 0.844888 0.803856 0.768391 0.737625 0.710874 1383.000000 1.092392 0.786899
0.904298 0.955531 1.000000 0.922400 0.857894 0.803630 0.757538 0.718083 0.684101 0.654696 0.629168 0.606963 0.587639 0.570841 0.556279 0.543719 0.532970 0.523874 0.516307 0.509411 0.503737 0.499378 0.496280 0.494403 0.493726 0.494239 0.495949 0.498878 0.503060 0.508548 0.515413 0.523745 0.533657 0.545291 0.558819 0.574455 0.592460 0.613154 0.636937 0.643375 0.641297 0.640771 0.641791 0.644369 0.648536 0.654344 0.661866 0.671199 0.682467 0.695824 0.711462 0.729618 0.750580 0.774704 0.802427 0.822891 0.798565 0.777456 0.759215 0.743562 0.730264 0.719136 0.710027 0.702817 0.697416 0.693756 0.691791 0.691499 0.692876 0.695938 0.700724 0.707290 0.715722 0.726128 0.737386 0.714615 0.694833 0.677704 0.662959 0.650375 0.639772 0.631006 0.623959 0.618541 0.614685 0.612343 0.611486 0.612104 0.614204 0.617812 0.610293 0.596656 0.584994 0.575137 0.566951 0.560325 0.555175 0.551434 0.549058 0.548016 0.548297 0.549903 0.552855 0.557188 0.562956 0.570234 0.579115 0.589721 0.602200 0.616736 0.619336 0.618100 0.618355 0.620105 0.623371 0.628193 0.634631 0.642767 0.652707 0.664585 0.678569 0.694864 0.713722 0.735454 0.760440 0.789152 0.822175 0.860246 7555.000000 1.291406 0.806177
0.643413 0.635967 0.630192 0.626016 0.623387 0.622272 0.622659 0.624552 0.627974 0.632966 0.639592 0.647936 0.658107 0.670242 0.684514 0.701132 0.720356 0.742503 0.767963 0.797221 0.824661 0.795310 0.769767 0.747559 0.728302 0.711683 0.697448 0.685391 0.675343 0.667169 0.660763 0.656045 0.652955 0.651457 0.651531 0.653179 0.656421 0.661296 0.667865 0.676212 0.686444 0.698700 0.713151 0.730007 0.749530 0.772036 0.797918 0.827658 0.818123 0.796457 0.777734 0.761664 0.748010 0.736581 0.727220 0.719808 0.714248 0.710472 0.708433 0.708107 0.709489 0.712597 0.717469 0.702594 0.680533 0.661359 0.644747 0.630431 0.618193 0.607859 0.599283 0.592354 0.586981 0.583097 0.580653 0.579621 0.579987 0.581755 0.584948 0.589605 0.595338 0.593405 0.592910 0.593844 0.596220 0.600066 0.605430 0.612380 0.621004 0.631418 0.643764 0.658221 0.675004 0.694383 0.716685 0.742314 0.771773 0.805688 0.844850 0.890267 0.943246 1.000000 0.939917 0.888665 0.844643 0.806628 0.773670 0.745025 0.720098 0.698413 0.679585 0.663302 0.649309 0.637397 0.627399 0.619178 0.612627 0.607661 0.604220 0.602259 0.601757 0.602706 0.605118 0.609023 0.614468 0.621522 0.630276 0.640846 1101.500000 1.117652 0.816924
0.709192 0.682307 0.658915 0.638562 0.620879 0.605568 0.592387 0.581138 0.571660 0.563823 0.557522 0.552678 0.549228 0.547132 0.546362 0.546911 0.548783 0.552004 0.556611 0.562662 0.570235 0.579430 0.590372 0.603216 0.608246 0.602379 0.598051 0.595209 0.593817 0.593859 0.595335 0.598264 0.602680 0.608640 0.616217 0.625512 0.636649 0.649783 0.665107 0.682855 0.703318 0.726850 0.753890 0.784985 0.820816 0.862253 0.910405 0.966719 1.000000 0.954323 0.914744 0.880354 0.850430 0.824395 0.801780 0.782207 0.765367 0.751008 0.738925 0.728953 0.720960 0.714844 0.710528 0.707960 0.707107 0.707960 0.700920 0.672174 0.647190 0.625449 0.606536 0.590112 0.575906 0.563693 0.553293 0.544558 0.537369 0.531631 0.524730 0.518184 0.513019 0.509171 0.506591 0.505249 0.505127 0.506225 0.508555 0.512147 0.517044 0.523308 0.531021 0.540286 0.551231 0.564016 0.578836 0.595929 0.615591 0.638185 0.664162 0.694086 0.728672 0.768834 0.815763 0.871027 0.936744 0.915338 0.887916 0.864110 0.843526 0.825844 0.810800 0.798184 0.787823 0.779581 0.773354 0.769064 0.766658 0.766106 0.767403 0.770564 0.775627 0.782655 0.791737 0.802988 0.816560 0.817282 0.775864 0.740139 2616.000000 1.435086 0.789050
0.796666 0.805043 0.815583 0.821973 0.803243 0.787201 0.773615 0.762296 0.753091 0.745881 0.740575 0.737107 0.735435 0.735538 0.737419 0.741099 0.746623 0.754061 0.763506 0.775082 0.788944 0.790116 0.785428 0.782669 0.781807 0.782830 0.785752 0.790607 0.797455 0.806383 0.817505 0.830968 0.846956 0.865698 0.887474 0.912630 0.941587 0.972565 0.945885 0.922795 0.902928 0.885988 0.871733 0.859969 0.850539 0.843324 0.838233 0.835202 0.834196 0.835202 0.838233 0.843324 0.850539 0.859969 0.871733 0.885988 0.902928 0.885063 0.855172 0.829166 0.806580 0.787039 0.770233 0.755913 0.743875 0.733955 0.726022 0.719975 0.715738 0.713258 0.712507 0.713473 0.716170 0.720631 0.726909 0.735084 0.745261 0.757574 0.772193 0.789326 0.809230 0.832220 0.858684 0.889099 0.924056 0.901230 0.876507 0.855110 0.836701 0.821003 0.807794 0.796892 0.788155 0.781469 0.776751 0.773943 0.773010 0.773943 0.776751 0.781469 0.788155 0.796892 0.807794 0.821003 0.836701 0.855110 0.876507 0.901230 0.929692 0.962404 1.000000 0.982947 0.948763 0.919017 0.893165 0.870768 0.851468 0.834973 0.821045 0.809492 0.800161 0.792931 0.787711 0.784437 0.783069 0.783590 0.786006 0.790347 685.500000 1.133169 0.880296
0.913111 0.852189 0.800697 0.756792 0.719094 0.686548 0.658339 0.633823 0.612490 0.593930 0.577813 0.563870 0.551883 0.541672 0.530311 0.516438 0.504456 0.494181 0.485463 0.478179 0.472231 0.467542 0.464052 0.461718 0.460511 0.460416 0.461433 0.463574 0.468699 0.475663 0.484021 0.493890 0.505412 0.518764 0.534163 0.551874 0.572225 0.595625 0.622583 0.653748 0.689947 0.732256 0.782102 0.841404 0.890418 0.871844 0.856049 0.842810 0.831949 0.823322 0.816819 0.812361 0.809891 0.809380 0.810822 0.814234 0.819658 0.827161 0.836837 0.848811 0.863243 0.833926 0.808200 0.785850 0.766500 0.749843 0.735629 0.723655 0.713756 0.705802 0.699690 0.695344 0.692710 0.691756 0.692471 0.694863 0.698961 0.704816 0.712500 0.722113 0.690126 0.658603 0.631288 0.607555 0.586904 0.568936 0.553329 0.539821 0.528199 0.518290 0.509951 0.503069 0.497553 0.493332 0.490354 0.488581 0.487993 0.488581 0.490354 0.493332 0.497553 0.503069 0.509951 0.520744 0.540401 0.563011 0.589076 0.619236 0.654313 0.695378 0.743854 0.801671 0.841330 0.837911 0.836528 0.837162 0.839822 0.844540 0.851374 0.860410 0.871761 0.885579 0.902049 0.921406 0.943935 0.969989 1.000000 0.985971 6703.000000 1.426294 0.762589
0.828603 0.814923 0.803592 0.794459 0.787407 0.782348 0.779218 0.777980 0.778618 0.781141 0.785580 0.791987 0.800445 0.811060 0.823971 0.839356 0.857431 0.878464 0.902785 0.930797 0.962997 1.000000 0.995975 0.965036 0.938154 0.914873 0.894824 0.877703 0.863266 0.851313 0.841687 0.834264 0.828950 0.825680 0.824414 0.825137 0.824127 0.808713 0.795747 0.785052 0.776486 0.769940 0.765331 0.762604 0.761724 0.762682 0.765489 0.770179 0.776809 0.785463 0.796252 0.809319 0.824842 0.843043 0.864193 0.888629 0.916759 0.937023 0.919398 0.904563 0.892315 0.882491 0.874966 0.869646 0.866465 0.865384 0.866391 0.869497 0.874740 0.882185 0.891926 0.904085 0.918826 0.906049 0.882419 0.862015 0.844521 0.829683 0.817292 0.807181 0.799219 0.793306 0.789367 0.787354 0.787243 0.789033 0.792745 0.798425 0.806143 0.815996 0.828113 0.842656 0.859827 0.860512 0.852794 0.847237 0.843771 0.842354 0.842970 0.845625 0.850352 0.857208 0.866280 0.877684 0.891567 0.908121 0.926240 0.904237 0.885339 0.869266 0.855791 0.844732 0.835942 0.829311 0.824756 0.822221 0.821674 0.823110 0.826545 0.832023 0.839609 0.849400 0.861522 0.876137 0.893445 0.885851 0.863808 0.844820 1868.000000 1.058136 0.908008
0.759540 0.745202 0.733128 0.723155 0.715148 0.709006 0.704653 0.702033 0.701115 0.701888 0.704362 0.708567 0.714553 0.722397 0.727390 0.704806 0.685184 0.668190 0.653556 0.641059 0.630523 0.621801 0.614777 0.609362 0.605488 0.603107 0.602189 0.602723 0.604717 0.608194 0.613197 0.619789 0.628053 0.638099 0.650062 0.644079 0.633610 0.624958 0.618007 0.612670 0.608878 0.606585 0.605763 0.606402 0.608510 0.612112 0.617254 0.623998 0.632432 0.642666 0.654841 0.669129 0.685743 0.704944 0.727054 0.752468 0.781673 0.815281 0.854058 0.898982 0.951314 1.000000 0.916628 0.847974 0.790659 0.742276 0.701065 0.665709 0.635205 0.608775 0.585813 0.565833 0.548449 0.533347 0.520275 0.517807 0.521445 0.526412 0.532770 0.540602 0.550013 0.561132 0.574122 0.589181 0.606552 0.626534 0.649494 0.675892 0.706300 0.741444 0.753317 0.734119 0.717561 0.703391 0.691402 0.681430 0.673341 0.667029 0.662416 0.659443 0.658076 0.658297 0.660108 0.663533 0.668613 0.675410 0.675268 0.666155 0.658851 0.653262 0.649318 0.646970 0.646191 0.646970 0.649318 0.653262 0.658851 0.666155 0.675268 0.686310 0.699432 0.714822 0.732708 0.753375 0.777167 0.804513 0.795876 0.776347 2562.000000 1.209491 0.787279
0.930967 1.000000 0.937843 0.881081 0.832690 0.791144 0.755280 0.724195 0.697181 0.673675 0.653224 0.635464 0.620099 0.606886 0.595630 0.586170 0.578378 0.572150 0.567408 0.564091 0.562159 0.561589 0.545862 0.531587 0.519259 0.508687 0.499717 0.492224 0.486105 0.481282 0.477693 0.475294 0.474055 0.473961 0.475012 0.477220 0.480611 0.485228 0.491130 0.498392 0.507112 0.517411 0.529440 0.543381 0.549173 0.548367 0.548883 0.550729 0.553926 0.558514 0.564550 0.572110 0.581296 0.592232 0.605072 0.620008 0.637275 0.657159 0.680015 0.706281 0.736503 0.771369 0.811752 0.858781 0.913931 0.979172 0.996391 0.925375 0.865755 0.815197 0.771976 0.734788 0.702633 0.674732 0.650469 0.629354 0.610993 0.595065 0.581312 0.569521 0.559520 0.551169 0.544356 0.536990 0.523981 0.512794 0.503262 0.495248 0.488645 0.483365 0.479340 0.476519 0.474870 0.474370 0.475015 0.476811 0.479782 0.483963 0.489407 0.496184 0.504383 0.514117 0.525525 0.538778 0.554087 0.555076 0.550697 0.547696 0.546036 0.545696 0.546673 0.548979 0.552641 0.557705 0.564234 0.572313 0.582049 0.593577 0.607063 0.622711 0.640772 0.661553 0.685433 0.712884 0.744494 0.781006 0.823369 0.872816 4441.000000 1.638784 0.718966
0.876049 0.851596 0.830417 0.812175 0.796595 0.783453 0.772569 0.763798 0.757027 0.752171 0.749171 0.747989 0.748612 0.751046 0.755322 0.761492 0.769633 0.779848 0.792273 0.807077 0.824467 0.836648 0.811054 0.788823 0.769583 0.753030 0.738916 0.727042 0.717243 0.709391 0.703386 0.699151 0.696636 0.695808 0.696659 0.699199 0.703458 0.709489 0.717367 0.727194 0.739099 0.753245 0.769835 0.789115 0.802584 0.803594 0.806551 0.811492 0.818478 0.827597 0.838965 0.852732 0.869088 0.888265 0.910550 0.936296 0.965935 1.000000 0.965642 0.932464 0.903595 0.878513 0.856794 0.838094 0.822130 0.808675 0.797544 0.788589 0.781695 0.776776 0.773771 0.772643 0.773379 0.775987 0.779654 0.764263 0.751243 0.740412 0.731628 0.724774 0.719766 0.716541 0.715059 0.715304 0.717277 0.721003 0.726527 0.733918 0.743270 0.754705 0.768377 0.784479 0.785681 0.779016 0.774313 0.771513 0.770584 0.771513 0.774313 0.779016 0.785681 0.794391 0.805258 0.818426 0.827839 0.813817 0.802162 0.792720 0.785367 0.780011 0.776586 0.775049 0.775384 0.777592 0.781702 0.787763 0.795851 0.806069 0.818550 0.833464 0.851019 0.871474 0.895147 0.922426 0.953789 0.973705 0.936532 0.904191 4403.000000 1.152605 0.891766
0.882785 0.852880 0.826862 0.804265 0.784710 0.767889 0.753552 0.741493 0.731550 0.723589 0.717510 0.713236 0.710715 0.709915 0.710828 0.713465 0.717856 0.724058 0.732146 0.742226 0.754430 0.763962 0.754254 0.746566 0.740799 0.736882 0.734768 0.734430 0.735864 0.739087 0.744140 0.751084 0.760007 0.771024 0.784283 0.786378 0.771114 0.758222 0.747526 0.738883 0.732181 0.727336 0.724288 0.723000 0.723456 0.725662 0.729645 0.735453 0.743159 0.746537 0.749245 0.753796 0.760245 0.768674 0.779189 0.791931 0.807072 0.824830 0.845470 0.869316 0.896771 0.928325 0.964589 1.000000 0.957277 0.920180 0.887911 0.859830 0.835421 0.814267 0.796028 0.780428 0.767240 0.756282 0.747408 0.740503 0.729005 0.719452 0.711839 0.706068 0.702068 0.699790 0.699205 0.700307 0.703108 0.707644 0.713970 0.722166 0.732336 0.744617 0.746180 0.734140 0.724199 0.716226 0.710119 0.705801 0.703219 0.702342 0.703159 0.705680 0.709936 0.715978 0.723883 0.733752 0.745715 0.759936 0.776617 0.796007 0.803130 0.795091 0.789093 0.785063 0.782950 0.782729 0.784397 0.787975 0.793506 0.801058 0.810728 0.822640 0.836953 0.853867 0.873627 0.896534 0.922958 0.953353 0.956702 0.917152 1696.000000 1.115560 0.884720
1.000000 0.978025 0.911662 0.855662 0.807978 0.767079 0.731799 0.701236 0.674684 0.651582 0.631481 0.614017 0.598898 0.585883 0.574776 0.565420 0.557685 0.551470 0.546694 0.543298 0.541240 0.528746 0.517133 0.507216 0.498850 0.491922 0.486340 0.482031 0.478941 0.477032 0.476282 0.476680 0.478232 0.480957 0.484888 0.490074 0.496581 0.504495 0.516182 0.531810 0.549779 0.570427 0.594173 0.621545 0.653210 0.690027 0.733113 0.783953 0.844555 0.866274 0.812619 0.766963 0.727824 0.694077 0.664852 0.639466 0.617381 0.598163 0.581463 0.567000 0.554542 0.543902 0.534927 0.534319 0.544670 0.556798 0.570884 0.587154 0.605880 0.627401 0.652137 0.680610 0.713480 0.751588 0.796023 0.848214 0.910076 0.961064 0.884642 0.821311 0.768169 0.723122 0.684624 0.651508 0.622879 0.598040 0.576442 0.557646 0.541300 0.527119 0.514871 0.504366 0.495451 0.488001 0.481916 0.477115 0.471528 0.466369 0.462424 0.459642 0.457991 0.457450 0.458012 0.459684 0.462487 0.466454 0.471637 0.478100 0.485930 0.495234 0.506144 0.518824 0.533474 0.540826 0.549523 0.559875 0.572030 0.586167 0.602509 0.621328 0.642960 0.667819 0.696422 0.729422 0.767646 0.812162 0.864369 0.926134 3186.000000 1.312906 0.622661
0.977277 0.881266 0.804196 0.741164 0.688833 0.644856 0.607533 0.575605 0.548119 0.524345 0.503710 0.485764 0.470146 0.456567 0.444792 0.434629 0.425924 0.418549 0.412402 0.407400 0.403478 0.400587 0.398690 0.397765 0.397801 0.398798 0.400767 0.403733 0.407734 0.412818 0.419054 0.426524 0.435333 0.445609 0.457512 0.471234 0.487014 0.505147 0.525998 0.550027 0.577815 0.610109 0.647879 0.692412 0.745448 0.759575 0.723003 0.691380 0.663940 0.640078 0.619312 0.601254 0.585590 0.572064 0.560469 0.550635 0.542424 0.535726 0.530454 0.526541 0.523938 0.522613 0.522551 0.523751 0.526226 0.530008 0.535144 0.541697 0.549754 0.559422 0.570837 0.584163 0.599605 0.617414 0.637897 0.661434 0.688496 0.719675 0.755719 0.797586 0.846523 0.779282 0.715903 0.663537 0.619700 0.582613 0.550967 0.523778 0.500295 0.479934 0.462236 0.446834 0.433437 0.421806 0.411748 0.403108 0.395757 0.389591 0.384526 0.380496 0.377450 0.375349 0.374167 0.373891 0.374517 0.376053 0.378517 0.381939 0.386364 0.391847 0.398461 0.406299 0.415472 0.426119 0.438409 0.452553 0.468807 0.487489 0.509000 0.533843 0.562659 0.596283 0.635810 0.682710 0.739003 0.807534 0.892444 1.000000 5274.500000 1.471985 0.572813
0.794008 0.821449 0.852982 0.889262 0.864487 0.842261 0.823082 0.806657 0.792747 0.781159 0.771738 0.764360 0.758933 0.755389 0.753686 0.753802 0.755739 0.759521 0.765193 0.772827 0.782519 0.794394 0.808614 0.825377 0.844928 0.867569 0.893668 0.905438 0.891027 0.879152 0.869656 0.862420 0.857351 0.854387 0.853493 0.854658 0.857895 0.863245 0.870772 0.880572 0.892771 0.907529 0.925049 0.945582 0.932047 0.890222 0.853958 0.822436 0.795006 0.771144 0.750428 0.732515 0.717124 0.704028 0.693041 0.684014 0.676830 0.671395 0.667642 0.665525 0.665019 0.666117 0.668833 0.673199 0.679270 0.687121 0.689031 0.687596 0.687821 0.689708 0.693280 0.698581 0.705677 0.714658 0.725641 0.738775 0.754243 0.772273 0.793144 0.817197 0.844854 0.876635 0.898525 0.887801 0.879425 0.873289 0.869318 0.867463 0.867702 0.870038 0.874499 0.881139 0.890042 0.901319 0.915120 0.931628 0.951077 0.973751 1.000000 0.997651 0.946678 0.902730 0.864672 0.831615 0.802856 0.777831 0.756085 0.737249 0.721024 0.707165 0.695472 0.685785 0.677975 0.671942 0.667609 0.664923 0.663851 0.664381 0.666519 0.670291 0.675743 0.682942 0.691982 0.702981 0.716088 0.731489 0.749412 0.770137 1572.000000 1.276499 0.858128
0.855583 0.917276 0.991131 0.944119 0.895810 0.854162 0.818098 0.786774 0.759523 0.735810 0.715204 0.697354 0.681977 0.668839 0.657753 0.648566 0.641154 0.635424 0.631303 0.628740 0.627703 0.628181 0.630179 0.633721 0.638851 0.645633 0.654153 0.664524 0.676885 0.650556 0.624575 0.601985 0.582325 0.565227 0.550393 0.537580 0.526589 0.517260 0.509462 0.503089 0.498059 0.494307 0.491787 0.490469 0.490336 0.491386 0.493632 0.497103 0.501840 0.507903 0.515371 0.524345 0.534948 0.547334 0.561693 0.578257 0.597309 0.619202 0.644373 0.673367 0.706877 0.745788 0.791249 0.844780 0.908427 0.985011 1.000000 0.939601 0.888099 0.843878 0.805700 0.772608 0.743849 0.718823 0.697051 0.678144 0.661789 0.647727 0.635751 0.625689 0.617405 0.610789 0.605758 0.602248 0.600216 0.599637 0.600505 0.602830 0.606640 0.611982 0.618923 0.627553 0.637985 0.650363 0.664865 0.660445 0.635576 0.613937 0.595110 0.578755 0.564600 0.552419 0.542032 0.533288 0.526070 0.520281 0.515847 0.512713 0.510839 0.510205 0.510800 0.512634 0.515728 0.520120 0.525865 0.533037 0.541730 0.552064 0.564185 0.578274 0.594555 0.613299 0.634843 0.659602 0.688095 0.720977 0.759080 0.803478 1512.000000 1.596300 0.713531
0.926033 0.910437 0.871370 0.837453 0.807951 0.782277 0.759959 0.740614 0.723930 0.709653 0.697576 0.687532 0.679387 0.673035 0.668396 0.665412 0.664047 0.664286 0.666129 0.669601 0.674743 0.681619 0.690317 0.700951 0.713663 0.728633 0.746080 0.766274 0.789547 0.816306 0.803434 0.767188 0.735768 0.708459 0.684696 0.664022 0.646072 0.630545 0.617199 0.605836 0.596294 0.588443 0.582181 0.577427 0.574122 0.572226 0.571715 0.572582 0.574840 0.578514 0.583651 0.590315 0.598591 0.608590 0.620448 0.634337 0.650464 0.669087 0.690520 0.715151 0.743462 0.776054 0.813684 0.857320 0.908213 0.968010 1.000000 0.944202 0.896347 0.855069 0.819312 0.788249 0.761222 0.737705 0.717274 0.699584 0.684355 0.671357 0.660406 0.651349 0.644069 0.638470 0.634484 0.632060 0.631169 0.631801 0.633963 0.637681 0.643001 0.649990 0.658736 0.669356 0.681994 0.696829 0.714083 0.734026 0.756991 0.777821 0.749599 0.725039 0.703679 0.685145 0.669132 0.655394 0.643729 0.633971 0.625991 0.619684 0.614969 0.611788 0.610102 0.609890 0.611151 0.613898 0.618167 0.624009 0.631498 0.640732 0.651833 0.664956 0.680290 0.698070 0.718582 0.742178 0.769293 0.800465 0.836370 0.877862 7779.500000 1.252250 0.764903
0.944756 0.910013 0.879779 0.853479 0.830649 0.810911 0.793958 0.779539 0.767450 0.757527 0.749640 0.743690 0.739600 0.737322 0.736828 0.738111 0.741187 0.746094 0.752892 0.761667 0.772532 0.785632 0.801147 0.789777 0.764490 0.742505 0.723443 0.706996 0.692913 0.680988 0.671056 0.662983 0.656666 0.652024 0.649000 0.647556 0.647676 0.649360 0.652629 0.657524 0.664105 0.672455 0.682683 0.694927 0.709359 0.726189 0.745677 0.768142 0.793974 0.823658 0.857794 0.897137 0.942642 0.947667 0.911291 0.879645 0.852107 0.828175 0.807443 0.789580 0.774315 0.761428 0.750742 0.742115 0.735436 0.730620 0.727609 0.726364 0.726873 0.729139 0.733192 0.739081 0.746878 0.756685 0.768628 0.782871 0.799615 0.819106 0.841651 0.867620 0.874876 0.849005 0.826554 0.807155 0.790506 0.776362 0.764525 0.754835 0.747164 0.741417 0.737520 0.735426 0.735110 0.736568 0.739818 0.744899 0.751874 0.760832 0.749847 0.730454 0.713715 0.699373 0.687219 0.677083 0.668830 0.662352 0.657568 0.654417 0.652861 0.652882 0.654480 0.657674 0.662503 0.669028 0.677329 0.687517 0.699727 0.714131 0.730937 0.750406 0.772852 0.798666 0.828329 0.862438 0.901742 0.947190 1.000000 0.984724 16323.500000 1.146812 0.829985
0.890847 1.000000 0.950214 0.866577 0.798239 0.741547 0.693935 0.653548 0.619012 0.589292 0.563590 0.541286 0.521889 0.505010 0.490332 0.477601 0.466610 0.457190 0.449204 0.442540 0.437109 0.432839 0.429677 0.427583 0.426533 0.426512 0.427521 0.429573 0.432692 0.436916 0.442300 0.448913 0.456844 0.466204 0.477129 0.489787 0.504382 0.521168 0.540457 0.562636 0.588191 0.617737 0.652062 0.692192 0.739483 0.716532 0.683458 0.654810 0.629924 0.608271 0.589431 0.573062 0.558887 0.546682 0.536263 0.527481 0.520215 0.514368 0.509866 0.506652 0.504687 0.503946 0.504421 0.506117 0.509055 0.513271 0.518818 0.525767 0.534208 0.544258 0.556058 0.569785 0.585652 0.603926 0.624931 0.649069 0.676843 0.708884 0.745996 0.789216 0.839898 0.899854 0.835511 0.760525 0.699437 0.648879 0.606501 0.570609 0.539956 0.513602 0.490829 0.471076 0.453903 0.438958 0.425959 0.414679 0.404930 0.396563 0.389454 0.383503 0.378630 0.374770 0.371875 0.369909 0.368847 0.368677 0.369397 0.371015 0.373551 0.377037 0.381516 0.387047 0.393702 0.401575 0.410779 0.421454 0.433771 0.447942 0.464226 0.482946 0.504505 0.529414 0.558326 0.592087 0.631813 0.679007 0.735737 0.804925 720.000000 1.446454 0.574704
0.862564 0.898698 0.916382 0.879548 0.847523 0.819654 0.795415 0.774380 0.756203 0.740604 0.727352 0.716261 0.707182 0.699995 0.694609 0.690957 0.688995 0.688698 0.690063 0.683265 0.660041 0.639834 0.622282 0.607091 0.594021 0.582876 0.573498 0.565759 0.559555 0.554809 0.551459 0.549466 0.548804 0.543178 0.538777 0.535727 0.533990 0.533546 0.534389 0.536530 0.539993 0.544823 0.551079 0.558843 0.568217 0.579331 0.592343 0.607450 0.624893 0.644967 0.668036 0.684913 0.694742 0.706585 0.720605 0.737003 0.756029 0.777988 0.803253 0.832286 0.865661 0.904093 0.948487 1.000000 0.985362 0.927326 0.877744 0.835104 0.798250 0.766278 0.738480 0.714288 0.693249 0.674993 0.659221 0.645689 0.634199 0.624589 0.616729 0.610517 0.605875 0.602743 0.598359 0.591218 0.585640 0.581554 0.578909 0.577674 0.577833 0.579389 0.582359 0.586782 0.592710 0.600220 0.606090 0.600903 0.597230 0.595028 0.594267 0.594940 0.597055 0.600636 0.605730 0.612398 0.620726 0.630825 0.642832 0.656919 0.673295 0.692218 0.690693 0.684292 0.679630 0.676651 0.675317 0.675613 0.677543 0.681129 0.686415 0.693468 0.702377 0.713259 0.726260 0.741563 0.759395 0.780030 0.803809 0.831148 5570.000000 1.271923 0.821315
0.684240 0.681346 0.680108 0.680511 0.682560 0.686279 0.678024 0.669393 0.662556 0.657424 0.653934 0.652044 0.651731 0.652990 0.655837 0.660306 0.666453 0.674356 0.684117 0.695865 0.709763 0.726013 0.744860 0.766608 0.791629 0.820381 0.853434 0.891501 0.886686 0.856510 0.830255 0.807449 0.787709 0.770724 0.756239 0.744048 0.733984 0.725914 0.719734 0.715368 0.712762 0.711882 0.712720 0.715285 0.719609 0.725744 0.733768 0.743783 0.755921 0.770348 0.775680 0.766970 0.760265 0.755481 0.752558 0.751461 0.752177 0.754713 0.759102 0.765397 0.773677 0.784047 0.796645 0.811641 0.829248 0.849729 0.873405 0.886296 0.851069 0.820437 0.793779 0.770596 0.750486 0.733121 0.718231 0.705601 0.695053 0.686444 0.679664 0.674626 0.671267 0.669546 0.669443 0.670956 0.674103 0.678924 0.685477 0.691957 0.682086 0.674094 0.667877 0.663357 0.660479 0.659207 0.659525 0.661438 0.664968 0.670160 0.677077 0.685808 0.696467 0.709198 0.724181 0.741635 0.761831 0.784230 0.803854 0.826527 0.852630 0.882631 0.917110 0.956792 1.000000 0.954323 0.914744 0.880354 0.850430 0.824395 0.801780 0.782207 0.765367 0.751008 0.738925 0.725573 0.713413 0.703319 0.695158 0.688825 1001.000000 1.229962 0.852769
0.855296 0.873111 0.893884 0.917935 0.896901 0.876679 0.859374 0.844734 0.832557 0.822680 0.814975 0.809344 0.805719 0.804054 0.804330 0.806550 0.794697 0.772307 0.752908 0.736190 0.721900 0.709831 0.699817 0.691726 0.685451 0.680916 0.678062 0.676856 0.677283 0.679349 0.683077 0.688515 0.695730 0.704813 0.715884 0.721545 0.719597 0.719389 0.720916 0.724199 0.729277 0.736212 0.745093 0.756034 0.769182 0.784719 0.802872 0.790964 0.781055 0.773231 0.767392 0.763467 0.761406 0.761185 0.762802 0.766275 0.771648 0.778986 0.788383 0.799960 0.813872 0.830312 0.849519 0.871785 0.897470 0.927016 0.960967 1.000000 0.965694 0.926796 0.892978 0.863549 0.837952 0.815737 0.796539 0.780060 0.766056 0.754333 0.744729 0.737121 0.731410 0.727527 0.725423 0.721110 0.714137 0.708990 0.705604 0.703938 0.703972 0.705707 0.709162 0.714381 0.712946 0.702344 0.693700 0.686901 0.681861 0.678516 0.676827 0.676773 0.678352 0.681585 0.686511 0.693191 0.701708 0.712175 0.724731 0.739552 0.756853 0.776899 0.800015 0.826602 0.857152 0.852113 0.837498 0.825330 0.815447 0.807721 0.802055 0.798377 0.796643 0.796832 0.798946 0.803011 0.809077 0.817219 0.827541 0.840176 1821.000000 1.143371 0.896495
0.522180 0.525316 0.516960 0.510074 0.504569 0.500375 0.497437 0.495722 0.495207 0.495887 0.497769 0.500877 0.505249 0.510939 0.518022 0.526589 0.536760 0.548680 0.562526 0.578520 0.596930 0.618087 0.642405 0.670395 0.702705 0.740161 0.783830 0.835112 0.895884 0.968712 1.000000 0.902213 0.823655 0.759364 0.705961 0.661063 0.622946 0.590329 0.562245 0.537949 0.516860 0.498517 0.482554 0.468676 0.456643 0.446261 0.437370 0.429842 0.423572 0.418476 0.414488 0.411557 0.409648 0.408736 0.408811 0.409873 0.411936 0.415025 0.419178 0.424447 0.430902 0.438630 0.447738 0.458360 0.470660 0.484838 0.501142 0.510719 0.506311 0.503181 0.501290 0.500614 0.501145 0.502891 0.505872 0.510124 0.515702 0.522676 0.531138 0.541204 0.553017 0.566753 0.582628 0.600908 0.621918 0.646064 0.673849 0.705908 0.743050 0.786317 0.837076 0.897151 0.969030 0.970443 0.883618 0.812850 0.754260 0.705133 0.663514 0.627964 0.597395 0.570975 0.548058 0.528133 0.510793 0.495712 0.482625 0.471318 0.461615 0.453373 0.446478 0.440835 0.436371 0.433029 0.430768 0.429560 0.429391 0.430257 0.432171 0.435154 0.439244 0.444493 0.450969 0.458758 0.467967 0.478731 0.491213 0.505613 1543.500000 2.037569 0.624482
0.995300 1.000000 0.949581 0.906080 0.868391 0.835644 0.807152 0.782360 0.760825 0.742184 0.726141 0.712458 0.700938 0.691424 0.683790 0.677938 0.673795 0.671310 0.670452 0.671211 0.673597 0.677638 0.683384 0.690907 0.700303 0.711697 0.725243 0.741136 0.759611 0.780961 0.805542 0.833795 0.866264 0.903630 0.946748 0.934198 0.898544 0.867524 0.840532 0.817078 0.796764 0.779268 0.764325 0.751722 0.741284 0.732874 0.726383 0.721729 0.718855 0.717726 0.718329 0.720670 0.724778 0.730703 0.738521 0.748329 0.760258 0.774469 0.791164 0.810591 0.833052 0.858923 0.888661 0.922835 0.962153 0.929446 0.890898 0.857405 0.828261 0.802904 0.780879 0.761816 0.745415 0.731430 0.719662 0.709950 0.702166 0.696209 0.692006 0.689504 0.688674 0.689504 0.692006 0.696209 0.702166 0.709950 0.719662 0.731430 0.745415 0.761816 0.780879 0.802904 0.828261 0.857405 0.890898 0.929446 0.962123 0.919612 0.882735 0.850672 0.822769 0.798501 0.777443 0.759249 0.743637 0.730379 0.719288 0.710214 0.703039 0.697671 0.694044 0.692113 0.691855 0.693266 0.696365 0.701188 0.707795 0.716270 0.726723 0.739292 0.754153 0.771520 0.791658 0.814891 0.841618 0.872330 0.907638 0.948306 1625.500000 1.051650 0.783182
0.772343 0.826294 0.890656 0.952638 0.884488 0.827298 0.778817 0.737381 0.701737 0.670922 0.644185 0.620937 0.600705 0.583110 0.567846 0.554663 0.543357 0.533763 0.525746 0.519199 0.514037 0.510193 0.507619 0.506286 0.506175 0.507286 0.509633 0.513244 0.518163 0.524453 0.532196 0.541495 0.552479 0.565308 0.580178 0.597329 0.617058 0.639727 0.665791 0.695816 0.730521 0.770823 0.817918 0.873382 0.939344 0.871081 0.811449 0.761176 0.718398 0.681727 0.650109 0.622727 0.598943 0.578250 0.560245 0.544599 0.531048 0.519376 0.509406 0.500997 0.494031 0.488417 0.484082 0.480972 0.479048 0.478287 0.478681 0.480232 0.482961 0.486901 0.492101 0.498627 0.506566 0.516025 0.527137 0.540069 0.555022 0.572244 0.592041 0.614791 0.640966 0.671157 0.706118 0.746819 0.794530 0.850944 0.918363 1.000000 0.937291 0.865000 0.804862 0.754242 0.711224 0.674385 0.642647 0.615177 0.591325 0.570577 0.552522 0.536828 0.523226 0.511499 0.501467 0.492986 0.485939 0.480230 0.475788 0.472554 0.470490 0.469570 0.469784 0.471133 0.473634 0.477318 0.482230 0.488434 0.496010 0.505060 0.515712 0.528123 0.542486 0.559035 0.578063 0.599928 0.625077 0.654071 0.687623 0.726649 10553.000000 1.092898 0.602824
0.903041 0.850773 0.806061 0.767571 0.734277 0.705380 0.680248 0.658377 0.639361 0.622871 0.608639 0.596448 0.586121 0.577512 0.570507 0.565015 0.560966 0.558310 0.557015 0.557064 0.558460 0.561217 0.565371 0.570972 0.578093 0.586824 0.597284 0.609620 0.614062 0.613666 0.614750 0.617328 0.621431 0.627109 0.634435 0.643503 0.654433 0.667376 0.682520 0.700092 0.720374 0.743711 0.770530 0.801358 0.836855 0.877856 0.925426 0.892061 0.860002 0.832103 0.807842 0.786797 0.768626 0.753048 0.739836 0.728805 0.719807 0.712724 0.707467 0.703971 0.702192 0.702110 0.703723 0.707050 0.712133 0.719034 0.727840 0.738667 0.751659 0.766997 0.784904 0.805655 0.829585 0.857108 0.845333 0.802798 0.766096 0.734294 0.706663 0.682620 0.661701 0.643530 0.627803 0.614270 0.602730 0.593018 0.585001 0.578573 0.573651 0.570175 0.568101 0.567404 0.568075 0.570123 0.573573 0.578467 0.584866 0.592853 0.602532 0.614037 0.627530 0.643215 0.661337 0.682202 0.706182 0.733742 0.736478 0.729568 0.724516 0.721259 0.719757 0.719992 0.721967 0.725707 0.731256 0.738683 0.748084 0.759581 0.773329 0.789520 0.808394 0.830240 0.855419 0.884369 0.917636 0.955896 1.000000 0.964626 7439.000000 1.306311 0.789906
0.689555 0.682763 0.677721 0.674365 0.672655 0.672570 0.674108 0.677289 0.682151 0.688755 0.697184 0.707547 0.719984 0.734668 0.751812 0.771678 0.794589 0.820940 0.851221 0.779149 0.714706 0.661581 0.617191 0.579692 0.547733 0.520302 0.496626 0.476108 0.458279 0.442765 0.429267 0.417544 0.409310 0.408261 0.408198 0.409121 0.411040 0.413979 0.417975 0.423078 0.429354 0.436887 0.445783 0.456170 0.468208 0.482091 0.498059 0.516408 0.537505 0.555755 0.564130 0.574166 0.586003 0.599813 0.615810 0.634252 0.655462 0.679833 0.707858 0.740153 0.777498 0.820894 0.871646 0.931477 1.000000 0.947982 0.903176 0.864403 0.830740 0.801460 0.775979 0.753829 0.734629 0.718069 0.703898 0.691910 0.681939 0.673851 0.667543 0.652684 0.616104 0.584741 0.557695 0.534271 0.513923 0.496219 0.480815 0.467430 0.455839 0.445856 0.437333 0.430146 0.424197 0.419407 0.415714 0.413072 0.411449 0.410824 0.411190 0.412551 0.418668 0.428161 0.439178 0.451894 0.466526 0.483340 0.502668 0.524923 0.550628 0.580451 0.615256 0.656183 0.704762 0.763094 0.834145 0.830965 0.806258 0.784814 0.766280 0.750367 0.736840 0.725509 0.716221 0.708854 0.703313 0.699531 0.697461 0.697077 1264.500000 1.376065 0.691441
0.935771 0.853082 0.785558 0.729568 0.682564 0.642704 0.608628 0.579309 0.553958 0.531960 0.512832 0.496185 0.481708 0.469151 0.458308 0.449012 0.441127 0.434543 0.429171 0.424942 0.421802 0.419711 0.418645 0.418590 0.419545 0.421523 0.424547 0.428655 0.433898 0.440346 0.448083 0.457219 0.467886 0.480246 0.494502 0.510898 0.529738 0.551400 0.576357 0.605208 0.638719 0.677887 0.724032 0.778930 0.845040 0.909450 0.848512 0.797027 0.753143 0.715474 0.682959 0.654781 0.630294 0.608986 0.590448 0.574348 0.560417 0.548436 0.538226 0.529641 0.522566 0.516905 0.512588 0.509560 0.507783 0.507236 0.507913 0.509822 0.512985 0.517442 0.523249 0.530480 0.539232 0.549623 0.561802 0.575952 0.592298 0.611113 0.632738 0.657591 0.686197 0.719217 0.757492 0.802112 0.832979 0.774246 0.724882 0.682982 0.647135 0.616274 0.589578 0.566407 0.546254 0.528716 0.513468 0.500246 0.488836 0.479063 0.470785 0.463887 0.458276 0.453880 0.450643 0.448524 0.447498 0.447553 0.448689 0.450919 0.454272 0.458788 0.464526 0.471559 0.479983 0.489914 0.501499 0.514916 0.530383 0.548170 0.568609 0.592112 0.619198 0.650523 0.686930 0.729515 0.779731 0.839544 0.911675 1.000000 8820.000000 1.248138 0.593682
0.961177 1.000000 0.970316 0.910148 0.858955 0.815073 0.777239 0.744475 0.716017 0.691258 0.669714 0.650993 0.634778 0.620810 0.608879 0.598813 0.590474 0.583751 0.578558 0.573547 0.568094 0.564090 0.561485 0.560247 0.560362 0.561831 0.564671 0.568918 0.574624 0.581861 0.590725 0.601333 0.613836 0.628415 0.645297 0.664756 0.687132 0.712843 0.738477 0.730746 0.724904 0.720877 0.718616 0.718094 0.719305 0.722262 0.727003 0.733585 0.742091 0.752631 0.765346 0.780410 0.798040 0.818502 0.842124 0.856946 0.838497 0.822766 0.809528 0.798603 0.789847 0.783147 0.778419 0.775605 0.774670 0.775605 0.778419 0.783147 0.789847 0.798603 0.809528 0.822766 0.838497 0.825368 0.791955 0.762909 0.737632 0.715645 0.696561 0.680064 0.665897 0.653851 0.643757 0.635477 0.628904 0.623953 0.620562 0.618691 0.618316 0.619432 0.622054 0.626214 0.631962 0.638848 0.629307 0.621522 0.615392 0.610838 0.607805 0.606255 0.606170 0.607548 0.610406 0.614780 0.620722 0.628310 0.637639 0.648837 0.662059 0.677497 0.695387 0.716020 0.739751 0.765382 0.763215 0.762893 0.764412 0.767790 0.773069 0.780314 0.789617 0.801097 0.814908 0.831241 0.850332 0.872473 0.898018 0.927406 4283.500000 1.309055 0.845963
0.823415 0.803872 0.787088 0.772814 0.760848 0.751030 0.743229 0.737347 0.733309 0.731068 0.730594 0.731884 0.734951 0.739835 0.746594 0.755314 0.766108 0.779119 0.781720 0.766687 0.754002 0.743493 0.735019 0.728471 0.723767 0.720849 0.719681 0.720249 0.722560 0.726642 0.732545 0.730279 0.724513 0.720560 0.718370 0.717919 0.719199 0.722227 0.727040 0.733696 0.742280 0.752903 0.765706 0.780865 0.798600 0.819178 0.834489 0.817562 0.803206 0.791218 0.781437 0.773736 0.768018 0.764212 0.762270 0.762170 0.763910 0.767510 0.773017 0.780496 0.790044 0.801783 0.815872 0.832506 0.851928 0.874435 0.900391 0.930244 0.918463 0.900556 0.885425 0.872863 0.862701 0.854809 0.849087 0.845464 0.843896 0.844365 0.846875 0.849614 0.813078 0.781359 0.753770 0.729761 0.708890 0.690797 0.675190 0.661833 0.650530 0.641126 0.633494 0.627536 0.623175 0.620360 0.619054 0.619243 0.620927 0.624129 0.624683 0.626410 0.629667 0.634494 0.640952 0.649123 0.659114 0.671058 0.685125 0.701520 0.720497 0.742368 0.767515 0.796411 0.829645 0.867955 0.912279 0.963821 1.000000 0.972788 0.949245 0.928999 0.911749 0.897251 0.885305 0.875756 0.868480 0.863387 0.860415 0.846020 2667.500000 1.161821 0.879453
0.616121 0.602075 0.590045 0.579856 0.571366 0.564461 0.559051 0.555069 0.552465 0.551207 0.551280 0.552684 0.555437 0.559572 0.558504 0.556861 0.556564 0.557611 0.560013 0.563800 0.569018 0.575735 0.584035 0.594030 0.605858 0.619691 0.635736 0.654253 0.675557 0.700039 0.728182 0.760592 0.798033 0.841483 0.892210 0.951886 0.983075 0.907575 0.844735 0.791818 0.746832 0.708299 0.675092 0.646348 0.621387 0.599673 0.580778 0.564354 0.550124 0.542162 0.540568 0.540281 0.541298 0.543631 0.547308 0.552375 0.558895 0.566954 0.576658 0.588142 0.601571 0.617149 0.635126 0.655809 0.679576 0.706899 0.738363 0.774713 0.816896 0.866145 0.924082 0.904333 0.844432 0.793767 0.750543 0.713413 0.681348 0.653548 0.629384 0.608357 0.590065 0.574184 0.560450 0.548648 0.538605 0.530176 0.523248 0.517731 0.513552 0.510661 0.509022 0.508615 0.509434 0.511491 0.514809 0.519430 0.525412 0.532832 0.543164 0.558046 0.575191 0.594901 0.617551 0.643605 0.673649 0.708426 0.748891 0.796294 0.852294 0.919150 1.000000 0.973939 0.920426 0.874484 0.834825 0.800453 0.770582 0.744589 0.721975 0.702337 0.685346 0.670735 0.658287 0.647825 0.639206 0.632317 0.627069 0.623397 4540.000000 1.255854 0.649777
0.724357 0.709604 0.697085 0.686626 0.678085 0.671352 0.666340 0.662989 0.661256 0.661120 0.662580 0.665654 0.670380 0.676814 0.685040 0.695164 0.707321 0.721680 0.738451 0.757888 0.780307 0.806094 0.835725 0.869794 0.909042 0.935755 0.869897 0.814534 0.767534 0.727318 0.692693 0.662739 0.636738 0.614125 0.594445 0.577335 0.562500 0.549699 0.538736 0.529453 0.521720 0.515434 0.510512 0.506894 0.504533 0.503401 0.503484 0.504783 0.507315 0.511110 0.516215 0.522694 0.530633 0.540139 0.551343 0.564411 0.579543 0.596987 0.617046 0.640096 0.666603 0.697152 0.732485 0.773554 0.821598 0.878261 0.945767 1.000000 0.941238 0.891026 0.847839 0.810507 0.778120 0.749959 0.725451 0.704138 0.685645 0.669671 0.655969 0.644338 0.634613 0.626666 0.620391 0.615709 0.612561 0.610911 0.610736 0.612035 0.614825 0.619138 0.625028 0.632571 0.641862 0.653028 0.666222 0.681636 0.699506 0.720119 0.743830 0.771077 0.760781 0.734875 0.712334 0.692755 0.675807 0.661224 0.648786 0.638318 0.629674 0.622742 0.617432 0.613678 0.611433 0.610670 0.611381 0.613573 0.617273 0.622526 0.629400 0.637980 0.648382 0.660747 0.675250 0.692110 0.711591 0.734020 0.759799 0.741562 1319.000000 1.229059 0.740068
0.652106 0.638708 0.627331 0.617814 0.610029 0.603874 0.599272 0.596164 0.594514 0.594300 0.595521 0.598191 0.602342 0.608027 0.615316 0.624305 0.635112 0.647889 0.662820 0.680133 0.700106 0.723082 0.749484 0.779838 0.814799 0.855200 0.902102 0.956887 1.000000 0.934447 0.878946 0.831560 0.790829 0.755637 0.725117 0.698584 0.675494 0.655410 0.637978 0.622912 0.609976 0.598980 0.589769 0.582219 0.576230 0.571726 0.568652 0.566969 0.566656 0.567712 0.570147 0.573992 0.579294 0.586121 0.594559 0.604722 0.616751 0.630818 0.647137 0.665970 0.687638 0.712538 0.741162 0.774124 0.812203 0.856391 0.907978 0.960771 0.904943 0.857198 0.816107 0.780569 0.749728 0.722907 0.699566 0.679270 0.661667 0.646472 0.633451 0.622414 0.613207 0.605706 0.599814 0.595457 0.592579 0.591146 0.591141 0.592564 0.595431 0.599778 0.605659 0.613148 0.622343 0.633367 0.646373 0.661552 0.679137 0.699413 0.722731 0.749526 0.780337 0.815839 0.856888 0.904581 0.877217 0.844606 0.816229 0.791541 0.770104 0.751561 0.735619 0.722044 0.710641 0.701256 0.693765 0.688073 0.684108 0.681821 0.681186 0.682193 0.684856 0.689207 0.695298 0.703208 0.713038 0.706625 0.685796 0.667722 6598.000000 1.066427 0.733717
0.660229 0.688624 0.721386 0.759342 0.803558 0.855429 0.916821 0.944745 0.904582 0.869704 0.839363 0.812960 0.790013 0.770129 0.752992 0.738341 0.725964 0.715691 0.707386 0.700940 0.696273 0.693327 0.692065 0.692474 0.694558 0.698341 0.703871 0.711216 0.720470 0.731754 0.745221 0.761061 0.779507 0.784220 0.754647 0.728915 0.706527 0.687078 0.670243 0.655756 0.643398 0.632995 0.624402 0.617508 0.612223 0.608481 0.606237 0.605462 0.606147 0.608301 0.611950 0.617139 0.623932 0.632417 0.642706 0.654939 0.669290 0.685974 0.705254 0.727451 0.752965 0.782286 0.782805 0.757701 0.735876 0.716951 0.700621 0.686635 0.674791 0.664923 0.656900 0.650616 0.645993 0.642973 0.641520 0.641615 0.643260 0.646475 0.651300 0.657794 0.666039 0.676142 0.688241 0.702504 0.719140 0.738405 0.760613 0.786151 0.815496 0.849242 0.888134 0.933115 0.985395 1.000000 0.924893 0.862212 0.809313 0.764265 0.725624 0.692289 0.663411 0.638321 0.616491 0.597497 0.580996 0.566711 0.554414 0.543923 0.535086 0.527783 0.521917 0.517413 0.514215 0.512281 0.511591 0.512134 0.513918 0.516964 0.521310 0.527010 0.534136 0.542784 0.553071 0.565143 0.579180 0.595403 0.614083 0.635554 1262.000000 1.267669 0.744985
0.859139 0.894348 0.934914 0.932595 0.918213 0.906420 0.897058 0.890011 0.885189 0.882534 0.882013 0.883621 0.887375 0.893323 0.901538 0.912124 0.925216 0.940989 0.958715 0.903553 0.856344 0.815690 0.780517 0.749984 0.723427 0.700316 0.680223 0.662804 0.647776 0.634911 0.624020 0.614953 0.607589 0.601831 0.597608 0.594867 0.593574 0.593715 0.595289 0.598318 0.602836 0.608902 0.616592 0.626005 0.637270 0.639788 0.641883 0.645551 0.650839 0.657812 0.666560 0.677196 0.689867 0.704751 0.722069 0.742092 0.765153 0.791663 0.822126 0.857176 0.897606 0.944426 0.998939 1.000000 0.964315 0.933261 0.906259 0.882843 0.862632 0.845317 0.830645 0.818411 0.808452 0.800638 0.794871 0.791077 0.789213 0.789253 0.791201 0.795077 0.800931 0.808835 0.818889 0.831224 0.846005 0.863439 0.883781 0.865914 0.829858 0.798531 0.771274 0.747557 0.726955 0.709120 0.693771 0.680678 0.669652 0.660545 0.653234 0.647626 0.643651 0.641260 0.640424 0.641133 0.643395 0.647238 0.652709 0.659876 0.668832 0.679694 0.692610 0.688493 0.683441 0.680089 0.678396 0.678341 0.679924 0.683165 0.688102 0.694797 0.703335 0.713826 0.726411 0.741266 0.758607 0.778699 0.801869 0.828517 3310.000000 1.325937 0.834197
0.878668 0.870242 0.834150 0.802789 0.775502 0.751760 0.731138 0.713290 0.697933 0.684839 0.673821 0.664727 0.657439 0.651862 0.647926 0.645584 0.644806 0.645584 0.647926 0.651862 0.657439 0.664727 0.673821 0.684839 0.697933 0.713290 0.731138 0.751760 0.775502 0.802789 0.834150 0.870242 0.911894 0.945087 0.908493 0.876661 0.848960 0.824883 0.804016 0.786027 0.770641 0.757636 0.746831 0.738084 0.731280 0.726335 0.723187 0.721797 0.722149 0.724246 0.728116 0.733804 0.741382 0.750945 0.762620 0.776565 0.792974 0.812091 0.834211 0.859700 0.889004 0.922678 0.961410 0.933461 0.883916 0.841291 0.804436 0.772457 0.744649 0.720449 0.699405 0.681149 0.665384 0.651867 0.640401 0.630824 0.623009 0.616852 0.612277 0.609226 0.607662 0.607565 0.608936 0.611790 0.616162 0.622106 0.629699 0.639037 0.650247 0.663483 0.678940 0.696852 0.717511 0.741272 0.768577 0.799970 0.836137 0.877945 0.926503 0.983254 1.000000 0.956048 0.917915 0.884757 0.855901 0.830807 0.809035 0.790230 0.774103 0.760415 0.748977 0.739632 0.732261 0.726768 0.723086 0.721170 0.720997 0.722564 0.725890 0.731016 0.738005 0.746947 0.757956 0.771180 0.786803 0.805051 0.826204 0.850603 1883.000000 1.170881 0.776031
0.603269 0.609105 0.616556 0.625716 0.636711 0.649691 0.664847 0.673342 0.681325 0.691185 0.703053 0.717094 0.733510 0.752550 0.774521 0.799798 0.828845 0.862237 0.900693 0.945123 0.996689 1.000000 0.952639 0.911658 0.876081 0.845136 0.818206 0.794795 0.774501 0.756995 0.742012 0.729333 0.718782 0.710219 0.703532 0.698638 0.695475 0.694005 0.694210 0.696093 0.699676 0.682778 0.664003 0.647752 0.633767 0.621840 0.611801 0.603511 0.596861 0.591767 0.588163 0.586007 0.585271 0.585740 0.587352 0.590399 0.594919 0.600967 0.608621 0.617980 0.629171 0.642351 0.657713 0.675496 0.695989 0.719553 0.746631 0.777772 0.813671 0.855203 0.903497 0.940508 0.906247 0.876433 0.850501 0.827996 0.808550 0.791860 0.777681 0.765813 0.756096 0.748403 0.742636 0.738723 0.736617 0.736291 0.737742 0.740987 0.746066 0.753042 0.742491 0.732471 0.724440 0.718294 0.713958 0.711377 0.710520 0.711377 0.713958 0.718294 0.724440 0.732471 0.742491 0.754633 0.769061 0.785983 0.805650 0.828374 0.854535 0.823202 0.787176 0.755916 0.728733 0.705077 0.684505 0.666660 0.651251 0.638041 0.626836 0.617479 0.609846 0.603835 0.599372 0.596401 0.594885 0.594806 0.596163 0.598972 3372.500000 1.207973 0.810746
0.851986 0.885645 0.866279 0.843993 0.824761 0.808290 0.794340 0.782717 0.773265 0.765862 0.760414 0.756853 0.755137 0.755243 0.757174 0.760952 0.766625 0.756915 0.747559 0.740192 0.734722 0.731080 0.729223 0.729127 0.730791 0.734236 0.739503 0.746659 0.755792 0.767023 0.780501 0.796414 0.814994 0.836525 0.816565 0.777309 0.743364 0.713907 0.688290 0.665997 0.646612 0.629797 0.615280 0.602836 0.592285 0.583477 0.576296 0.570648 0.566460 0.563058 0.560873 0.560050 0.560577 0.562461 0.565725 0.570410 0.576574 0.584295 0.593676 0.604844 0.617957 0.633210 0.650843 0.671150 0.694492 0.721315 0.752180 0.787786 0.829027 0.877054 0.933375 1.000000 0.978673 0.941811 0.909737 0.881831 0.857589 0.836607 0.818551 0.803153 0.790191 0.779490 0.770906 0.764331 0.759682 0.756902 0.755956 0.756833 0.759545 0.764123 0.770625 0.759542 0.729703 0.703751 0.681166 0.661529 0.644503 0.629810 0.617226 0.606567 0.597686 0.590463 0.584804 0.580639 0.577915 0.576599 0.576675 0.578144 0.581023 0.585349 0.591175 0.598574 0.607643 0.618504 0.631309 0.646246 0.663543 0.683484 0.689606 0.695694 0.703602 0.713430 0.725308 0.739400 0.755908 0.775079 0.797219 0.822701 662.000000 1.244326 0.823402
0.530786 0.503328 0.479669 0.459191 0.441410 0.425943 0.412483 0.400783 0.390644 0.381903 0.374426 0.368107 0.362857 0.358606 0.355300 0.352896 0.351366 0.350690 0.350860 0.351879 0.353758 0.356521 0.360202 0.364848 0.370520 0.377294 0.385265 0.394552 0.405298 0.417681 0.431917 0.448276 0.467092 0.488786 0.513892 0.543096 0.577294 0.617676 0.665857 0.724083 0.795568 0.885079 1.000000 0.960096 0.857308 0.776089 0.710491 0.656577 0.611637 0.573749 0.541509 0.513872 0.490042 0.469405 0.451480 0.435885 0.422314 0.410523 0.400310 0.391513 0.384000 0.377662 0.372413 0.368182 0.364916 0.362573 0.361124 0.360552 0.360850 0.362021 0.364079 0.367051 0.370972 0.375894 0.381880 0.389012 0.397392 0.407142 0.418417 0.431403 0.446330 0.463484 0.483219 0.505984 0.532345 0.563035 0.599011 0.641550 0.692388 0.753949 0.719225 0.688081 0.661049 0.637539 0.617079 0.599290 0.583865 0.570554 0.559154 0.549499 0.541453 0.534909 0.529783 0.526010 0.523542 0.522350 0.522418 0.523749 0.526358 0.530277 0.535554 0.542257 0.550473 0.560313 0.571913 0.585444 0.601114 0.619179 0.639952 0.663823 0.691273 0.722908 0.759495 0.764913 0.699239 0.645382 0.600572 0.562848 1380.000000 1.598446 0.559196
1.000000 0.921945 0.857108 0.802597 0.756319 0.716719 0.682622 0.653125 0.627520 0.605250 0.585869 0.569020 0.554411 0.541805 0.531011 0.521872 0.514259 0.508072 0.503230 0.499672 0.497354 0.496246 0.496337 0.497627 0.500132 0.503882 0.508924 0.515322 0.523159 0.532541 0.543599 0.556495 0.571429 0.588642 0.608437 0.631182 0.657340 0.687486 0.722355 0.762886 0.810303 0.866231 0.932866 0.897684 0.837319 0.786337 0.742894 0.705610 0.673435 0.645554 0.621326 0.600246 0.581904 0.565973 0.552187 0.540326 0.530215 0.521709 0.514692 0.509072 0.504775 0.501750 0.499957 0.499376 0.500000 0.501836 0.504906 0.509248 0.514917 0.521985 0.530546 0.540716 0.552642 0.566501 0.582512 0.600945 0.622130 0.646477 0.674499 0.706841 0.744323 0.788008 0.839288 0.900027 0.972769 0.932231 0.861952 0.803326 0.753867 0.711761 0.675651 0.644505 0.617527 0.594090 0.573699 0.555956 0.540541 0.527193 0.515701 0.505892 0.497626 0.490788 0.485290 0.481059 0.478043 0.476205 0.475522 0.475986 0.477603 0.480392 0.484388 0.489640 0.496215 0.504201 0.513706 0.524865 0.537844 0.552847 0.570124 0.589982 0.612804 0.639063 0.669359 0.704451 0.745322 0.793256 0.849967 0.917793 720.000000 1.064316 0.603716
0.769229 0.807860 0.848822 0.792976 0.745710 0.705366 0.670696 0.640746 0.614774 0.592196 0.572549 0.555459 0.540623 0.527799 0.516784 0.507418 0.499567 0.493125 0.488008 0.484150 0.481504 0.480037 0.479730 0.480582 0.482600 0.485812 0.490255 0.495986 0.503079 0.511629 0.503150 0.491645 0.481790 0.473439 0.466478 0.460813 0.456370 0.453093 0.450941 0.449888 0.449922 0.451042 0.453262 0.456610 0.461127 0.466870 0.473914 0.482354 0.492307 0.503920 0.517370 0.532876 0.550708 0.571199 0.594762 0.621915 0.653316 0.689805 0.732482 0.782797 0.842714 0.914951 1.000000 0.904720 0.827838 0.764698 0.712100 0.667778 0.630078 0.597771 0.569921 0.545808 0.524865 0.506645 0.490791 0.477012 0.465077 0.454792 0.446005 0.438586 0.432436 0.427471 0.423627 0.420857 0.419126 0.418413 0.418710 0.420020 0.422358 0.425754 0.430250 0.435904 0.442789 0.450998 0.460649 0.471883 0.484877 0.499844 0.517050 0.536823 0.559569 0.585802 0.616173 0.624701 0.610321 0.597996 0.587547 0.578827 0.571720 0.566132 0.561993 0.559251 0.557874 0.557844 0.559161 0.561841 0.565917 0.571439 0.578477 0.587123 0.597493 0.609730 0.624014 0.640564 0.659648 0.681596 0.706817 0.735816 14025.000000 1.682835 0.676742
0.661542 0.666079 0.663511 0.652905 0.644160 0.637161 0.631818 0.628064 0.625854 0.625160 0.625973 0.628305 0.632182 0.637654 0.644788 0.653676 0.664435 0.661316 0.653577 0.647560 0.643187 0.640406 0.639182 0.639500 0.641365 0.644798 0.649842 0.656560 0.665037 0.675384 0.687741 0.702283 0.719222 0.738823 0.761408 0.787373 0.817211 0.851531 0.891101 0.936895 0.913189 0.892059 0.873941 0.858573 0.845738 0.835263 0.827013 0.820882 0.816795 0.814701 0.814576 0.816417 0.820246 0.826112 0.834086 0.844269 0.817599 0.782939 0.752838 0.726651 0.703864 0.684060 0.666903 0.652118 0.639481 0.628811 0.619960 0.612811 0.607271 0.603270 0.600760 0.599710 0.600106 0.601954 0.605275 0.610112 0.609121 0.602334 0.597118 0.593410 0.591163 0.590349 0.590960 0.593001 0.596499 0.601497 0.608055 0.616260 0.626218 0.638065 0.651971 0.668141 0.686831 0.708352 0.733089 0.761517 0.783159 0.787468 0.793747 0.802074 0.812557 0.825331 0.840572 0.858492 0.879359 0.903495 0.931301 0.963267 1.000000 0.962250 0.915328 0.874778 0.839606 0.809026 0.782415 0.759269 0.739183 0.721826 0.706930 0.694275 0.683683 0.675011 0.668146 0.663000 0.659509 0.657631 0.657343 0.658641 2595.000000 1.351294 0.854545
0.811245 0.760992 0.718231 0.681574 0.649968 0.622596 0.598821 0.578136 0.560137 0.544497 0.530951 0.519283 0.509318 0.500912 0.493950 0.488338 0.484006 0.480898 0.478977 0.478218 0.478613 0.480166 0.482897 0.486838 0.492039 0.498567 0.506507 0.515967 0.527080 0.540013 0.554967 0.572191 0.591990 0.614742 0.640918 0.671112 0.706076 0.746781 0.794499 0.850920 0.918349 1.000000 0.968028 0.887615 0.821364 0.766033 0.719310 0.679502 0.645341 0.615864 0.590322 0.568129 0.548818 0.532016 0.517422 0.504791 0.493923 0.484656 0.476859 0.470423 0.465265 0.461318 0.458533 0.456876 0.456325 0.456876 0.458533 0.461318 0.465265 0.470423 0.476859 0.484656 0.493923 0.504791 0.517422 0.532016 0.548818 0.568129 0.590322 0.615864 0.645341 0.679502 0.719310 0.766033 0.821364 0.887615 0.963569 0.895160 0.837704 0.788966 0.747288 0.711420 0.680402 0.653484 0.630076 0.609704 0.591990 0.576626 0.563362 0.551994 0.542357 0.534316 0.527763 0.522612 0.518798 0.516275 0.515011 0.514990 0.516213 0.518694 0.522465 0.527570 0.534076 0.542066 0.551648 0.562956 0.576154 0.591444 0.609076 0.629354 0.652656 0.679448 0.710320 0.746013 0.787480 0.835961 0.893095 0.870851 888.000000 1.149427 0.600240
0.860992 0.830741 0.804417 0.781534 0.761701 0.744599 0.729969 0.717597 0.707314 0.698981 0.692491 0.687763 0.684736 0.683376 0.683664 0.685605 0.689223 0.694560 0.701685 0.710688 0.721685 0.734826 0.750296 0.768322 0.789183 0.813223 0.840863 0.872623 0.909154 0.951268 1.000000 0.984281 0.936436 0.895083 0.859211 0.828021 0.800877 0.777270 0.756786 0.739089 0.723904 0.711010 0.700224 0.691401 0.684426 0.679210 0.675688 0.673818 0.673577 0.674961 0.677987 0.682693 0.689136 0.697398 0.707587 0.719837 0.734318 0.751242 0.770865 0.793503 0.819545 0.849471 0.883875 0.923502 0.969293 0.977865 0.931866 0.892052 0.857483 0.827411 0.801243 0.778497 0.758784 0.741787 0.727250 0.714960 0.704748 0.696478 0.690043 0.685362 0.682377 0.681051 0.681369 0.683334 0.686970 0.692322 0.699456 0.708463 0.719461 0.732599 0.748061 0.766075 0.786920 0.810941 0.838557 0.870291 0.906792 0.948875 0.938721 0.902672 0.871311 0.844020 0.820304 0.799757 0.782053 0.766924 0.754151 0.743558 0.735005 0.728381 0.723604 0.720613 0.719373 0.719868 0.722105 0.726110 0.731934 0.739647 0.749350 0.761168 0.775263 0.791834 0.811125 0.833437 0.859140 0.888687 0.922642 0.895769 5671.500000 1.030601 0.781162
0.907797 0.832999 0.771306 0.719734 0.676154 0.639002 0.607106 0.579573 0.555709 0.534971 0.516925 0.501225 0.487591 0.475795 0.465651 0.457009 0.449746 0.443762 0.438979 0.435335 0.432786 0.431299 0.430856 0.431453 0.433097 0.435807 0.439617 0.444574 0.450743 0.458205 0.467062 0.477441 0.489498 0.503425 0.519454 0.537877 0.559050 0.583422 0.611556 0.644172 0.682199 0.726858 0.779783 0.843212 0.920287 0.978117 0.905424 0.844684 0.793371 0.749639 0.712101 0.679704 0.651627 0.627229 0.605999 0.587528 0.571486 0.557605 0.545665 0.535489 0.526931 0.519876 0.514229 0.509919 0.506892 0.505110 0.504552 0.505210 0.507094 0.510226 0.514644 0.520404 0.527579 0.536265 0.546581 0.558674 0.572725 0.588957 0.607642 0.629116 0.653797 0.682204 0.714992 0.752997 0.797297 0.849310 0.817541 0.767896 0.725582 0.689262 0.657914 0.630747 0.607139 0.586597 0.568725 0.553203 0.539771 0.528219 0.518373 0.510094 0.503269 0.497807 0.493639 0.490713 0.488992 0.488456 0.489098 0.490926 0.493962 0.498244 0.503825 0.510777 0.519192 0.529184 0.540898 0.554508 0.570230 0.588328 0.609128 0.633033 0.660548 0.692307 0.729120 0.772032 0.822415 0.882108 0.953621 1.000000 19049.000000 1.223981 0.595310
