50
1000 1000
6 62 76 82 71 102 88 79 115 62 110 44 96
4 27 190 94 105 170 205 104 286
4 45 0 65 32 52 51 21 33
7 12 40 58 15 83 18 116 58 97 97 49 89 20 86
6 13 -5 35 0 37 17 30 31 11 37 -13 20
8 -2 3 10 -2 19 5 25 17 17 24 6 30 2 24 -5 16
5 20 14 34 6 47 22 33 47 20 32
3 16 -20 65 22 16 49
5 -57 49 97 39 153 125 83 169 4 154
5 55 79 79 76 121 99 85 129 45 119
7 69 66 108 33 144 59 165 92 169 122 126 135 70 117
8 11 52 27 40 52 44 52 70 42 82 24 84 5 86 8 69
7 -1 45 50 31 74 29 87 51 74 98 38 113 17 72
8 32 14 70 -7 83 28 106 35 91 74 62 92 34 85 28 46
5 82 68 141 53 204 100 131 130 76 139
3 121 73 278 147 142 226
5 30 12 47 0 53 18 49 38 28 30
7 22 68 52 51 90 49 85 83 76 98 50 107 32 88
4 73 10 107 35 70 58 33 39
6 -7 28 10 12 27 13 38 31 28 55 4 59
5 19 68 86 32 91 80 67 133 -9 122
3 116 18 218 78 109 110
4 94 130 142 95 197 125 148 202
6 96 188 133 179 176 217 164 279 97 250 56 230
5 71 46 125 46 160 92 124 119 85 101
6 -44 115 1 55 90 59 142 127 82 175 0 230
3 42 8 86 51 51 72
7 10 20 36 -8 59 13 90 40 69 62 36 61 3 48
3 311 236 416 325 296 384
7 124 70 132 12 177 57 200 81 198 122 146 138 93 122
7 12 6 33 -6 74 -7 65 27 65 53 42 57 23 34
8 40 18 48 9 58 9 66 25 62 38 48 45 33 36 33 27
7 12 18 17 11 32 12 44 22 30 38 17 37 15 28
4 52 105 100 78 168 100 101 155
8 38 53 51 41 67 37 83 36 97 50 85 70 70 75 53 78
7 -1 13 11 0 20 6 31 19 19 30 10 38 -7 25
3 39 10 74 28 36 52
6 13 62 27 38 61 39 85 59 59 94 21 98
3 69 28 107 51 57 86
7 97 33 134 14 169 25 182 43 161 96 132 98 101 66
7 49 123 88 111 120 117 142 141 127 178 83 189 51 175
8 75 80 84 64 94 56 118 64 112 82 114 97 97 101 80 100
3 37 19 93 40 38 65
5 10 38 56 23 67 60 52 91 8 87
8 8 43 25 37 48 40 46 56 42 73 23 87 18 68 8 60
8 -19 25 10 7 26 -1 50 4 75 39 49 54 32 58 12 52
7 6 137 71 107 136 135 144 193 121 257 72 250 -4 239
6 19 19 16 5 33 5 48 20 38 33 15 38
3 44 2 221 57 59 130
5 30 49 50 31 55 58 42 71 20 76
