0.568053 0.573597 0.580662 0.589341 0.599751 0.612035 0.626374 0.642987 0.662144 0.684176 0.709494 0.738604 0.772145 0.810924 0.855976 0.908645 0.970713 1.000000 0.931484 0.873724 0.824580 0.782454 0.746134 0.714681 0.687362 0.663594 0.642912 0.624940 0.609374 0.595965 0.584511 0.574848 0.566843 0.560389 0.555404 0.551824 0.549605 0.548721 0.549161 0.550929 0.540869 0.531381 0.523460 0.516999 0.511914 0.508140 0.505630 0.504355 0.504297 0.505457 0.507849 0.511501 0.516460 0.522787 0.530566 0.539899 0.550918 0.563783 0.578690 0.595882 0.615654 0.638375 0.664499 0.694598 0.729392 0.769809 0.817052 0.872712 0.938938 0.928322 0.883752 0.845209 0.811761 0.782673 0.757359 0.735348 0.716256 0.699774 0.685648 0.673672 0.663678 0.655533 0.649130 0.644388 0.641249 0.639674 0.639644 0.641158 0.644235 0.648912 0.655249 0.646146 0.637209 0.630014 0.624467 0.620498 0.618059 0.617120 0.617670 0.619715 0.623280 0.628409 0.635166 0.643637 0.653934 0.666197 0.680600 0.697356 0.716728 0.695653 0.673328 0.653918 0.637087 0.622563 0.610124 0.599588 0.590809 0.583669 0.578075 0.573958 0.571265 0.568264 0.564110 0.561359 0.559977 0.559948 0.561271 0.563961 1267.500000 1.276968 0.744727
0.811403 0.743862 0.688232 0.641782 0.602566 0.569158 0.540494 0.515762 0.494332 0.475713 0.459512 0.445417 0.433172 0.422574 0.413454 0.407165 0.402235 0.398371 0.395525 0.393660 0.392755 0.392798 0.393789 0.395742 0.398679 0.402637 0.407667 0.413834 0.421220 0.429929 0.440089 0.451855 0.465420 0.481019 0.498944 0.519556 0.543311 0.570782 0.602709 0.623100 0.616735 0.611958 0.608710 0.606951 0.606659 0.607831 0.610481 0.614641 0.620363 0.627720 0.636805 0.647740 0.660678 0.675803 0.679400 0.659906 0.643006 0.628426 0.615943 0.605377 0.596580 0.589434 0.583848 0.579750 0.577090 0.575835 0.575970 0.577497 0.580433 0.584816 0.590700 0.598158 0.607290 0.618216 0.631092 0.646104 0.639921 0.618403 0.599683 0.583427 0.569365 0.557276 0.546979 0.538330 0.531210 0.525525 0.521203 0.518189 0.516447 0.515956 0.516709 0.518716 0.522001 0.526604 0.532584 0.530228 0.512244 0.496598 0.483008 0.471247 0.461130 0.452505 0.445250 0.439266 0.434473 0.430810 0.428231 0.426705 0.426213 0.426749 0.428320 0.430944 0.434654 0.443424 0.458521 0.475869 0.495822 0.518827 0.545448 0.576412 0.612669 0.655478 0.706549 0.768257 0.844004 0.938831 1.000000 0.894804 1776.500000 1.423456 0.674849
0.629942 0.596425 0.567594 0.542668 0.521042 0.502237 0.485872 0.471640 0.459293 0.448629 0.439484 0.431724 0.425239 0.419943 0.415767 0.412658 0.410576 0.409497 0.409407 0.410305 0.412203 0.415123 0.419101 0.424188 0.430450 0.437971 0.446855 0.457230 0.469257 0.483129 0.499084 0.517419 0.538499 0.562782 0.590850 0.623446 0.661534 0.706392 0.759740 0.823950 0.902390 1.000000 0.976681 0.885658 0.811944 0.751228 0.700531 0.657729 0.621266 0.589981 0.562986 0.539597 0.519275 0.501592 0.486207 0.472843 0.461275 0.451321 0.442832 0.435687 0.429787 0.425056 0.421431 0.418869 0.417336 0.416816 0.417301 0.418797 0.421322 0.424908 0.429600 0.435456 0.442556 0.450996 0.460895 0.472403 0.485700 0.501009 0.518604 0.538826 0.562098 0.588954 0.620073 0.656334 0.698888 0.749272 0.809587 0.816558 0.771906 0.733560 0.700451 0.671751 0.646806 0.625100 0.606216 0.589820 0.575637 0.563445 0.553064 0.544346 0.537173 0.531450 0.527104 0.524082 0.522344 0.521871 0.522658 0.524712 0.528060 0.532742 0.538818 0.546366 0.555485 0.566301 0.578970 0.593681 0.610668 0.630220 0.652689 0.678514 0.708244 0.742570 0.782373 0.828795 0.837058 0.770543 0.715418 0.669157 2374.000000 1.341368 0.585935
0.694678 0.729095 0.762362 0.766993 0.773555 0.782131 0.792830 0.805795 0.821202 0.839270 0.860271 0.884536 0.912470 0.920966 0.891410 0.865713 0.843431 0.824203 0.807735 0.793786 0.782164 0.772712 0.765307 0.759855 0.756290 0.754568 0.754667 0.756590 0.760358 0.744047 0.720169 0.699409 0.681407 0.665873 0.652568 0.641299 0.631909 0.624273 0.618290 0.613886 0.611006 0.609615 0.609695 0.611248 0.614293 0.618866 0.625025 0.614178 0.605000 0.597510 0.591612 0.587229 0.584309 0.582814 0.582728 0.584048 0.586791 0.590990 0.596698 0.603987 0.612950 0.623709 0.636413 0.651246 0.663023 0.662617 0.663810 0.666616 0.671069 0.677224 0.685160 0.694977 0.706808 0.720815 0.737200 0.756212 0.778154 0.803401 0.832414 0.865765 0.904169 0.948529 1.000000 0.978300 0.937606 0.902250 0.871486 0.844719 0.821467 0.801340 0.784019 0.769245 0.756807 0.746535 0.738292 0.727440 0.693845 0.664746 0.639468 0.617476 0.598339 0.581712 0.567314 0.554916 0.544332 0.535409 0.528026 0.522084 0.517508 0.514239 0.511134 0.508474 0.507057 0.506865 0.507897 0.510164 0.513695 0.518533 0.524738 0.532393 0.541598 0.552481 0.565201 0.579949 0.596965 0.616540 0.639034 0.664893 1750.000000 1.412662 0.838499
0.647059 0.669109 0.675621 0.659171 0.645019 0.632955 0.622807 0.614436 0.607731 0.602608 0.599001 0.596866 0.596178 0.596928 0.599124 0.602795 0.607984 0.614758 0.623202 0.633429 0.645578 0.659823 0.676377 0.695502 0.717519 0.742823 0.771904 0.805375 0.844006 0.888778 0.940960 0.991455 0.925397 0.869555 0.821936 0.781046 0.745743 0.715141 0.688546 0.665403 0.645269 0.627786 0.612663 0.599661 0.588589 0.579288 0.571632 0.565520 0.560875 0.557638 0.555769 0.555246 0.556062 0.558227 0.561768 0.566729 0.573170 0.581176 0.590853 0.602332 0.615780 0.631397 0.649433 0.670191 0.694047 0.686082 0.666684 0.649876 0.635387 0.622999 0.612531 0.603841 0.596811 0.591351 0.587393 0.584886 0.583802 0.584126 0.585863 0.589033 0.593676 0.599849 0.607631 0.617124 0.628456 0.641788 0.657314 0.675278 0.695976 0.719771 0.747114 0.778566 0.814833 0.856808 0.905642 0.962840 1.000000 0.930555 0.872094 0.822408 0.779856 0.743193 0.711459 0.683905 0.659936 0.639077 0.620947 0.605235 0.591689 0.580102 0.570309 0.562172 0.555584 0.550459 0.546733 0.544360 0.543310 0.543572 0.545147 0.548056 0.552334 0.558035 0.565230 0.574013 0.584505 0.596852 0.611236 0.627880 1406.000000 1.465017 0.731770
0.666630 0.660338 0.655728 0.652744 0.651349 0.651526 0.653277 0.656624 0.661607 0.668289 0.676755 0.687114 0.699506 0.714106 0.731127 0.750832 0.773544 0.799660 0.829669 0.864181 0.903961 0.949980 1.000000 0.957939 0.921403 0.889616 0.861957 0.837924 0.817109 0.799182 0.783873 0.770962 0.760271 0.751658 0.745013 0.740252 0.737317 0.736171 0.736802 0.739215 0.743442 0.749533 0.757564 0.767640 0.779891 0.794484 0.811626 0.831572 0.817014 0.791557 0.769435 0.750275 0.733770 0.719673 0.707780 0.697927 0.689985 0.683850 0.679446 0.676718 0.675633 0.676178 0.678359 0.682203 0.687757 0.695091 0.704298 0.709193 0.700066 0.692818 0.687358 0.683617 0.681550 0.681131 0.682356 0.685239 0.689815 0.696141 0.704296 0.714386 0.726546 0.740942 0.757783 0.777323 0.799876 0.825825 0.855645 0.889923 0.929395 0.956066 0.926826 0.901428 0.879447 0.860537 0.844414 0.830849 0.819656 0.810688 0.803830 0.798995 0.796124 0.795183 0.796160 0.799067 0.803939 0.804617 0.783212 0.764711 0.748827 0.735324 0.724013 0.714740 0.707385 0.701853 0.698075 0.696006 0.695620 0.696912 0.699898 0.704615 0.711120 0.719497 0.729852 0.727064 0.710610 0.696525 0.684605 0.674684 1591.000000 1.193676 0.858756
0.543290 0.570969 0.603151 0.640813 0.685252 0.738226 0.802170 0.780472 0.740290 0.705660 0.675681 0.649646 0.626997 0.607288 0.590159 0.575317 0.562526 0.551591 0.542355 0.534690 0.528493 0.523686 0.520208 0.518015 0.517081 0.517395 0.518960 0.521796 0.525936 0.531433 0.538357 0.546799 0.556872 0.568720 0.582516 0.598476 0.616863 0.638001 0.662292 0.690234 0.722454 0.759751 0.803147 0.771425 0.712756 0.663867 0.622657 0.587598 0.557548 0.531640 0.509206 0.489720 0.472767 0.458016 0.445197 0.434093 0.424528 0.416357 0.409462 0.403748 0.399140 0.395578 0.393018 0.391428 0.390788 0.391090 0.392339 0.394550 0.397750 0.401978 0.407288 0.413751 0.421454 0.430506 0.441042 0.453225 0.467258 0.483389 0.501927 0.523253 0.547851 0.576333 0.609488 0.648347 0.694284 0.749171 0.815614 0.897362 1.000000 0.952794 0.860119 0.785598 0.724568 0.673843 0.631176 0.594939 0.563921 0.537208 0.514093 0.494027 0.476573 0.461384 0.448180 0.436733 0.426859 0.418407 0.411255 0.405304 0.400473 0.396701 0.393939 0.392153 0.391322 0.391436 0.392496 0.394514 0.397516 0.401538 0.406632 0.412865 0.420320 0.429102 0.439340 0.451192 0.464852 0.480559 0.498607 0.519364 4544.000000 1.413522 0.579033
0.737699 0.745773 0.755866 0.768112 0.782678 0.799771 0.819646 0.825073 0.814811 0.806721 0.800699 0.796672 0.794590 0.794428 0.796183 0.799877 0.805556 0.813289 0.823174 0.835340 0.849949 0.867204 0.887357 0.910714 0.937655 0.925233 0.900674 0.879449 0.861228 0.845743 0.832776 0.822151 0.813729 0.807404 0.803096 0.800752 0.800345 0.801869 0.805342 0.806413 0.786488 0.769333 0.754690 0.742349 0.732140 0.723928 0.717609 0.713102 0.710351 0.709324 0.710008 0.712412 0.716563 0.722515 0.730340 0.740139 0.752041 0.766207 0.782841 0.802187 0.824551 0.841840 0.821219 0.803473 0.788337 0.775595 0.765072 0.756629 0.750157 0.745577 0.742830 0.741885 0.742729 0.745372 0.749848 0.756210 0.764539 0.774941 0.787553 0.802548 0.820139 0.840590 0.864221 0.891429 0.922701 0.958641 1.000000 0.991889 0.949996 0.913610 0.881955 0.854410 0.830473 0.809738 0.791875 0.776613 0.763734 0.753060 0.744448 0.737789 0.732997 0.730015 0.728806 0.729355 0.731669 0.735775 0.741725 0.749593 0.759478 0.771512 0.785856 0.802714 0.822336 0.845028 0.822039 0.801837 0.784448 0.769613 0.757118 0.746792 0.738500 0.732134 0.727615 0.724887 0.723917 0.724693 0.727224 0.731542 7522.000000 1.150592 0.879415
0.512501 0.517470 0.523812 0.531607 0.540847 0.546234 0.553074 0.561458 0.571497 0.583333 0.597139 0.613127 0.631558 0.652753 0.677107 0.705114 0.737391 0.774720 0.818106 0.868858 0.928707 1.000000 0.983552 0.924000 0.873233 0.829648 0.792024 0.759415 0.731076 0.706417 0.684963 0.666332 0.650213 0.636352 0.624543 0.614617 0.606441 0.599905 0.594927 0.591443 0.589412 0.588809 0.589625 0.591872 0.595577 0.600784 0.607560 0.615991 0.619765 0.608598 0.599245 0.591578 0.585497 0.580926 0.577806 0.576101 0.575788 0.576865 0.579344 0.583255 0.588648 0.595589 0.604169 0.614502 0.626731 0.641031 0.657621 0.676766 0.698793 0.724106 0.753203 0.786712 0.825422 0.834974 0.801413 0.772235 0.746843 0.724758 0.705592 0.689032 0.674819 0.662745 0.652640 0.644368 0.637820 0.632913 0.629586 0.627799 0.627529 0.628774 0.631548 0.635885 0.641839 0.649486 0.658923 0.670277 0.683705 0.699401 0.717605 0.738608 0.762771 0.790537 0.822458 0.859221 0.901699 0.880144 0.823485 0.775434 0.734354 0.699006 0.668441 0.641919 0.618855 0.598784 0.581330 0.566190 0.553118 0.541911 0.532407 0.524472 0.518000 0.512906 0.509126 0.506613 0.505336 0.505279 0.506443 0.508840 19200.500000 1.220133 0.731134
0.762683 0.789993 0.821384 0.857525 0.899259 0.906002 0.868349 0.835634 0.807168 0.782401 0.760887 0.742264 0.726239 0.712572 0.701067 0.691568 0.683948 0.673120 0.657296 0.643715 0.632175 0.622516 0.614605 0.608340 0.603641 0.600450 0.598727 0.598451 0.599620 0.602246 0.606363 0.610850 0.598875 0.588751 0.580338 0.573525 0.568222 0.564364 0.561903 0.560808 0.561067 0.562681 0.565672 0.570076 0.575947 0.583360 0.592413 0.603226 0.614572 0.616090 0.619110 0.623669 0.629825 0.637655 0.647261 0.658772 0.672349 0.688191 0.706540 0.727695 0.752024 0.779980 0.812127 0.849172 0.892009 0.941787 1.000000 0.962177 0.894122 0.836941 0.788420 0.746917 0.711192 0.680293 0.653476 0.630154 0.609857 0.596799 0.590712 0.586145 0.583043 0.581366 0.581094 0.582225 0.584772 0.588766 0.594256 0.601312 0.610024 0.620510 0.632913 0.647415 0.664234 0.668371 0.654879 0.643440 0.633895 0.626116 0.620000 0.615471 0.612473 0.610968 0.610939 0.612386 0.615325 0.619792 0.625844 0.633556 0.643030 0.654391 0.657462 0.648868 0.642022 0.636837 0.633248 0.631212 0.630703 0.631716 0.634263 0.638374 0.644101 0.651515 0.660712 0.671815 0.684975 0.700382 0.718268 0.738918 1697.000000 1.342885 0.794159
0.936295 0.912216 0.891438 0.873644 0.858573 0.846018 0.835809 0.827814 0.821932 0.818090 0.816240 0.816362 0.818455 0.822546 0.828685 0.836947 0.847437 0.860293 0.832462 0.807665 0.786141 0.767535 0.751559 0.737976 0.726594 0.717260 0.709851 0.704273 0.700456 0.698354 0.697940 0.699211 0.702181 0.706886 0.713385 0.721760 0.732118 0.744598 0.759372 0.763195 0.758267 0.755210 0.753986 0.754581 0.757002 0.761279 0.767464 0.775634 0.785893 0.798377 0.813254 0.830736 0.851081 0.863844 0.853998 0.846390 0.840925 0.837534 0.836177 0.836837 0.839522 0.844265 0.851124 0.860185 0.871563 0.885407 0.901906 0.921293 0.943856 0.969948 1.000000 0.989994 0.953647 0.922018 0.894505 0.870623 0.849977 0.832247 0.817169 0.804532 0.794164 0.785929 0.779722 0.775465 0.773108 0.772620 0.766499 0.745545 0.727412 0.711814 0.698519 0.687337 0.678115 0.670732 0.665092 0.661126 0.658785 0.658040 0.658883 0.661322 0.665389 0.671133 0.678626 0.687964 0.699271 0.712702 0.728448 0.746745 0.767882 0.792215 0.820181 0.852322 0.849234 0.844332 0.841503 0.840711 0.841947 0.845225 0.850587 0.858097 0.867851 0.879973 0.894624 0.912006 0.932367 0.956014 0.983322 0.964065 994.000000 1.252489 0.896984
0.987238 0.902017 0.832186 0.774121 0.725264 0.683757 0.648221 0.617611 0.591121 0.568122 0.548117 0.530708 0.515574 0.502457 0.491144 0.481464 0.473276 0.466467 0.460946 0.456641 0.453499 0.451479 0.450558 0.450725 0.451980 0.454341 0.457835 0.462506 0.468413 0.475634 0.484266 0.494430 0.506276 0.519987 0.535787 0.553955 0.574831 0.598841 0.626520 0.658544 0.695786 0.739380 0.790834 0.852192 0.926292 0.976161 0.906225 0.847546 0.797809 0.755304 0.718743 0.687138 0.659717 0.635874 0.615124 0.597079 0.581423 0.567900 0.556302 0.546458 0.538231 0.531509 0.526205 0.522251 0.519599 0.518216 0.518084 0.519204 0.521587 0.525264 0.530280 0.536698 0.544601 0.554095 0.565312 0.578414 0.593603 0.611123 0.631275 0.654432 0.681056 0.711725 0.747172 0.788333 0.836427 0.893061 0.848725 0.794634 0.748720 0.709437 0.675618 0.646363 0.620970 0.598885 0.579665 0.562955 0.548465 0.535962 0.525253 0.516182 0.508625 0.502478 0.497663 0.494118 0.491800 0.490680 0.490744 0.491994 0.494445 0.498126 0.503084 0.509380 0.517098 0.526341 0.537238 0.549949 0.564669 0.581638 0.601152 0.623575 0.649361 0.679078 0.713446 0.753391 0.800115 0.855215 0.920847 1.000000 2844.000000 1.180604 0.598357
0.943287 0.868567 0.806616 0.754611 0.710514 0.672817 0.640384 0.612341 0.588009 0.566850 0.548436 0.532423 0.518532 0.506537 0.496253 0.487529 0.480243 0.474298 0.469616 0.466138 0.465294 0.469409 0.474751 0.481390 0.489412 0.498928 0.510075 0.523021 0.537970 0.555176 0.549183 0.536176 0.525007 0.515510 0.507551 0.501023 0.495841 0.491937 0.489264 0.487789 0.487493 0.488373 0.490441 0.493720 0.498252 0.504093 0.511320 0.520028 0.530337 0.540053 0.543695 0.548717 0.555183 0.563176 0.572803 0.584196 0.597521 0.612979 0.630818 0.651342 0.674927 0.702040 0.733262 0.769331 0.811187 0.860050 0.917530 0.889418 0.836318 0.790999 0.752058 0.718421 0.689253 0.663898 0.641834 0.622641 0.605980 0.591575 0.579202 0.558954 0.539165 0.521944 0.506973 0.493993 0.482796 0.473209 0.465095 0.458339 0.452853 0.448564 0.445418 0.443377 0.442416 0.442522 0.443698 0.445957 0.448099 0.444545 0.442103 0.440744 0.440451 0.441220 0.443062 0.445998 0.450065 0.455313 0.461811 0.469645 0.474151 0.478278 0.483654 0.490346 0.498444 0.508058 0.519326 0.532417 0.547538 0.564944 0.584949 0.607940 0.634404 0.664951 0.700362 0.741643 0.790118 0.847558 0.916385 1.000000 4373.000000 1.480754 0.685118
0.829718 0.803832 0.781338 0.761854 0.745069 0.730730 0.718632 0.708606 0.700521 0.694272 0.689781 0.686992 0.685871 0.686404 0.688598 0.692481 0.698098 0.705521 0.714844 0.726190 0.739712 0.755603 0.774096 0.795483 0.820116 0.842568 0.817120 0.795024 0.775912 0.759483 0.745495 0.733748 0.724083 0.716372 0.710518 0.706446 0.704108 0.703474 0.704538 0.707311 0.711827 0.718143 0.726337 0.736515 0.748812 0.758937 0.766490 0.776084 0.787843 0.801925 0.818527 0.837893 0.860320 0.886174 0.915906 0.950069 0.932076 0.916183 0.902963 0.892237 0.883867 0.877748 0.873804 0.871986 0.872272 0.874667 0.879199 0.885924 0.877709 0.839999 0.807261 0.778784 0.754003 0.732460 0.713786 0.697679 0.683895 0.672232 0.662531 0.654659 0.648517 0.644026 0.641131 0.639332 0.631485 0.625316 0.620748 0.617724 0.616206 0.616176 0.617634 0.620598 0.625104 0.631207 0.638985 0.648539 0.659997 0.673519 0.689302 0.707588 0.728674 0.752925 0.780791 0.812833 0.849752 0.892436 0.942025 1.000000 0.992952 0.960738 0.932726 0.908427 0.887446 0.869459 0.854204 0.841467 0.831077 0.822899 0.816829 0.812792 0.810738 0.810642 0.812503 0.816344 0.822212 0.830179 0.840346 0.852846 6050.000000 1.276760 0.854042
0.869394 0.977507 0.952491 0.879167 0.818155 0.766789 0.723131 0.685740 0.653522 0.625636 0.601421 0.580358 0.562027 0.546095 0.532288 0.520384 0.510204 0.501600 0.494452 0.488666 0.484166 0.480897 0.478817 0.477902 0.478140 0.479534 0.482100 0.485872 0.490894 0.497232 0.504968 0.514207 0.525079 0.537744 0.552399 0.569285 0.588699 0.611007 0.636667 0.666252 0.700490 0.685287 0.652259 0.623701 0.598922 0.577374 0.558622 0.542315 0.528169 0.515954 0.505481 0.496598 0.489179 0.483126 0.478359 0.474818 0.472459 0.471252 0.471184 0.472254 0.474474 0.477872 0.482489 0.488385 0.495636 0.504338 0.514613 0.526611 0.540514 0.556549 0.574992 0.596184 0.620551 0.648623 0.681074 0.718767 0.762820 0.814718 0.876458 0.950801 1.000000 0.886777 0.798312 0.727490 0.669693 0.621790 0.581591 0.547513 0.518387 0.493332 0.471671 0.452877 0.436535 0.422313 0.409945 0.399216 0.389949 0.382002 0.375258 0.369623 0.365022 0.361393 0.358692 0.356884 0.355947 0.355870 0.356653 0.358304 0.360843 0.364303 0.368727 0.374172 0.380711 0.388435 0.397456 0.407912 0.419973 0.433845 0.449786 0.468114 0.489227 0.513631 0.541971 0.575088 0.614091 0.660476 0.716308 0.784515 6208.500000 1.549756 0.561923
0.993232 1.000000 0.955613 0.917114 0.883643 0.854516 0.829181 0.807194 0.788192 0.771882 0.758022 0.746417 0.736911 0.729379 0.723725 0.719879 0.717794 0.717444 0.717031 0.697118 0.679875 0.665028 0.652353 0.641669 0.632830 0.625718 0.620241 0.616332 0.613941 0.613040 0.612606 0.609049 0.606987 0.606395 0.607266 0.609610 0.613455 0.618850 0.625862 0.634581 0.645122 0.657630 0.672285 0.689306 0.708963 0.731589 0.757592 0.787479 0.821881 0.861598 0.907645 0.961339 0.932725 0.904170 0.879367 0.857900 0.839430 0.823681 0.810429 0.799492 0.790726 0.784018 0.779285 0.774598 0.767330 0.762016 0.758591 0.757011 0.757258 0.759336 0.763269 0.769105 0.776917 0.786805 0.798897 0.813356 0.830386 0.850236 0.873214 0.899696 0.880480 0.838249 0.801727 0.770033 0.742469 0.718482 0.697625 0.679534 0.663918 0.650535 0.639190 0.629726 0.622014 0.615955 0.611471 0.608508 0.607028 0.607015 0.608467 0.610667 0.611061 0.612934 0.616307 0.621223 0.627742 0.635947 0.645947 0.657876 0.671904 0.688236 0.707129 0.728894 0.753915 0.763682 0.763043 0.764246 0.767303 0.772253 0.779157 0.788101 0.799200 0.812602 0.828491 0.847095 0.868695 0.893634 0.922336 0.955320 5046.500000 1.255174 0.831456
0.929780 0.991044 1.000000 0.944544 0.896962 0.855908 0.820337 0.789431 0.762539 0.739141 0.718816 0.701223 0.686084 0.673173 0.662304 0.653330 0.646132 0.640617 0.636716 0.634381 0.633585 0.634316 0.636585 0.640418 0.645863 0.652988 0.661884 0.672669 0.685490 0.700530 0.718013 0.716424 0.702379 0.690505 0.680638 0.672647 0.666429 0.661904 0.659017 0.657733 0.658036 0.659930 0.663438 0.668603 0.675489 0.684183 0.694800 0.707483 0.722410 0.739801 0.759926 0.783116 0.809779 0.794591 0.772794 0.753928 0.737697 0.723857 0.712211 0.702599 0.694895 0.689001 0.684841 0.682365 0.681543 0.682365 0.684841 0.689001 0.694895 0.702599 0.712211 0.723857 0.737697 0.753928 0.772794 0.794591 0.819685 0.848527 0.881674 0.858886 0.829017 0.803024 0.780435 0.760865 0.744001 0.729588 0.717418 0.707323 0.699170 0.692853 0.688292 0.685431 0.684235 0.684690 0.686801 0.690595 0.696117 0.703436 0.700471 0.679339 0.660989 0.645119 0.631478 0.619864 0.610113 0.602092 0.595696 0.590843 0.587472 0.585542 0.585029 0.585927 0.588248 0.592019 0.597287 0.604117 0.612599 0.622844 0.634994 0.649221 0.665742 0.684819 0.706773 0.732004 0.761005 0.794390 0.832938 0.877640 749.500000 1.165178 0.813133
0.535568 0.579287 0.632436 0.698175 0.781266 0.889239 0.898619 0.829064 0.771227 0.722560 0.681215 0.645816 0.615324 0.588937 0.566027 0.546099 0.528757 0.513682 0.500615 0.489346 0.479704 0.471548 0.464766 0.459267 0.454980 0.451850 0.449840 0.448924 0.449092 0.450345 0.452699 0.456182 0.460838 0.466726 0.473923 0.482526 0.492656 0.504462 0.518126 0.533873 0.551979 0.572784 0.589401 0.561149 0.536716 0.515511 0.497071 0.481023 0.467068 0.454966 0.444519 0.435567 0.427978 0.421648 0.416492 0.412441 0.409446 0.407468 0.406484 0.406481 0.407460 0.409432 0.412422 0.416467 0.421618 0.427941 0.435522 0.444467 0.454906 0.466999 0.480943 0.496979 0.515406 0.536594 0.561009 0.589238 0.622037 0.660388 0.705589 0.759397 0.824238 0.903567 1.000000 0.863867 0.761974 0.683052 0.620300 0.569363 0.527331 0.492183 0.462471 0.437136 0.415381 0.396599 0.380319 0.366170 0.353858 0.343146 0.333845 0.325799 0.318881 0.312990 0.308041 0.303967 0.300714 0.298241 0.296517 0.295521 0.295240 0.295671 0.296820 0.298700 0.301334 0.304757 0.309010 0.314152 0.320252 0.327399 0.335698 0.345283 0.356315 0.368993 0.383565 0.400340 0.419706 0.442160 0.468345 0.499104 4302.000000 1.821644 0.527727
0.814684 0.801765 0.791125 0.782625 0.776155 0.771635 0.769010 0.768246 0.769336 0.772292 0.777150 0.783971 0.792839 0.803869 0.817206 0.802266 0.772670 0.746916 0.724512 0.705062 0.688244 0.673795 0.661501 0.651188 0.642716 0.635975 0.630877 0.627360 0.625380 0.624914 0.625954 0.628515 0.632628 0.638342 0.645731 0.654888 0.665937 0.679029 0.694351 0.690406 0.680454 0.672381 0.666083 0.661482 0.658518 0.657158 0.657383 0.659197 0.662622 0.667700 0.674493 0.683089 0.693599 0.706166 0.720965 0.738214 0.758180 0.781190 0.807648 0.818419 0.822496 0.828619 0.836866 0.847340 0.860179 0.875554 0.893681 0.914825 0.939311 0.967539 1.000000 0.958671 0.901508 0.852716 0.810788 0.774568 0.743159 0.715856 0.692097 0.671429 0.653489 0.637979 0.624658 0.613330 0.603834 0.596042 0.589851 0.585182 0.581978 0.580199 0.579823 0.580847 0.582173 0.582905 0.585050 0.588635 0.593702 0.600317 0.608563 0.618549 0.630413 0.644323 0.660489 0.679164 0.700664 0.725373 0.724346 0.719342 0.716119 0.714640 0.714885 0.716858 0.720582 0.726104 0.733492 0.742839 0.754269 0.767934 0.784028 0.802786 0.824498 0.849522 0.878293 0.911354 0.893363 0.869099 0.848108 0.830059 863.500000 1.317885 0.852245
0.930331 0.908750 0.883187 0.861040 0.841956 0.825645 0.811873 0.800449 0.791222 0.784073 0.778911 0.775674 0.774321 0.774016 0.756127 0.740790 0.727781 0.716919 0.708057 0.701079 0.695898 0.692449 0.690690 0.690599 0.692175 0.695438 0.700427 0.707204 0.715855 0.726492 0.739258 0.754330 0.771928 0.792322 0.815840 0.842890 0.844411 0.834206 0.826212 0.820327 0.816478 0.814619 0.814726 0.816801 0.820870 0.826981 0.835212 0.845152 0.831937 0.821076 0.812428 0.805881 0.801353 0.798790 0.798160 0.799455 0.802692 0.807909 0.815171 0.824569 0.836224 0.850292 0.866965 0.886483 0.909142 0.935301 0.965405 1.000000 0.976280 0.940131 0.908674 0.881309 0.857549 0.837001 0.819341 0.804309 0.791692 0.781317 0.773049 0.766783 0.762439 0.759964 0.759329 0.760525 0.763497 0.747296 0.733498 0.721908 0.712368 0.704753 0.698965 0.694931 0.692603 0.689116 0.683048 0.678707 0.676040 0.675013 0.675614 0.677851 0.681750 0.687360 0.694751 0.704017 0.715280 0.728693 0.744447 0.762775 0.783964 0.808368 0.836419 0.868655 0.905745 0.948531 0.968107 0.949597 0.933989 0.921069 0.910665 0.902644 0.896905 0.893377 0.892018 0.892810 0.895763 0.900914 0.908325 0.918089 3595.500000 1.141586 0.891516
0.768401 0.745693 0.725987 0.708960 0.694348 0.681936 0.671549 0.663047 0.656320 0.651280 0.647866 0.646036 0.645768 0.647058 0.649922 0.654395 0.660533 0.668412 0.678134 0.689830 0.703662 0.719829 0.738578 0.760210 0.785096 0.753215 0.722724 0.696217 0.673150 0.653085 0.635669 0.620614 0.607685 0.596693 0.587481 0.579925 0.573926 0.569408 0.566314 0.564606 0.564263 0.565283 0.567675 0.571471 0.576717 0.583478 0.591843 0.599140 0.599102 0.600510 0.603382 0.607753 0.613677 0.621229 0.630507 0.641636 0.654770 0.670101 0.687865 0.708348 0.731906 0.758977 0.790103 0.825967 0.867430 0.915599 0.971911 1.000000 0.935572 0.880937 0.834230 0.794044 0.759296 0.729144 0.702925 0.680107 0.660265 0.643053 0.628190 0.615449 0.604641 0.595617 0.588254 0.582457 0.573163 0.564240 0.556912 0.551082 0.546676 0.543639 0.541934 0.541540 0.542453 0.544684 0.548258 0.553222 0.559637 0.567586 0.577175 0.588535 0.601830 0.617262 0.635075 0.655574 0.679131 0.703690 0.694321 0.686832 0.681126 0.677132 0.674800 0.674103 0.675032 0.677598 0.681833 0.687788 0.695538 0.705184 0.716851 0.730702 0.746933 0.765788 0.787567 0.812635 0.841445 0.859017 0.824510 0.794509 1860.000000 1.256988 0.792454
0.597890 0.604421 0.612588 0.622499 0.634289 0.648126 0.664215 0.682811 0.704223 0.728835 0.757119 0.789666 0.827220 0.870726 0.921405 0.953558 0.921997 0.894543 0.870715 0.850118 0.832432 0.817396 0.804798 0.794467 0.786268 0.780097 0.775876 0.773555 0.773104 0.774519 0.777816 0.783036 0.790242 0.799527 0.811010 0.824843 0.841218 0.860371 0.866393 0.872773 0.881387 0.892343 0.905785 0.921893 0.940892 0.963059 0.985571 0.933047 0.887868 0.848813 0.814929 0.785467 0.759827 0.737528 0.718182 0.701472 0.687139 0.674974 0.664806 0.656498 0.649941 0.645052 0.641771 0.640058 0.635356 0.631501 0.629200 0.628424 0.629164 0.631428 0.635245 0.640661 0.647744 0.656585 0.667300 0.680036 0.694975 0.712339 0.732403 0.755503 0.782053 0.812565 0.834423 0.825785 0.819279 0.814821 0.812359 0.811861 0.813322 0.816759 0.822215 0.829756 0.839478 0.851507 0.866002 0.883163 0.903238 0.924265 0.923229 0.924419 0.927851 0.933566 0.941634 0.952157 0.965269 0.981145 1.000000 0.952590 0.898090 0.851430 0.811236 0.776453 0.746253 0.719985 0.697125 0.677253 0.660029 0.645175 0.632465 0.621715 0.612776 0.605528 0.599878 0.595754 0.593106 0.591901 0.592124 0.593779 9526.500000 1.324330 0.822182
0.958435 0.993545 0.970452 0.946822 0.926495 0.909167 0.894590 0.882566 0.872936 0.865576 0.860396 0.857329 0.856341 0.857418 0.860573 0.865845 0.873299 0.862182 0.836805 0.814785 0.795762 0.779443 0.765586 0.753998 0.744523 0.737037 0.731444 0.727675 0.725684 0.725447 0.726961 0.730244 0.735336 0.742300 0.751225 0.762226 0.775450 0.791080 0.803148 0.795023 0.788943 0.784831 0.782637 0.782335 0.783921 0.787414 0.792858 0.800318 0.809890 0.821697 0.835897 0.852686 0.872309 0.895063 0.921314 0.951514 0.986217 1.000000 0.969416 0.942851 0.919860 0.900081 0.883217 0.869029 0.857322 0.847941 0.840768 0.835711 0.832709 0.829723 0.813345 0.799490 0.787965 0.778617 0.771324 0.765995 0.762564 0.760988 0.761249 0.763350 0.767316 0.773196 0.781063 0.791017 0.803188 0.817740 0.834877 0.854851 0.877972 0.904618 0.935256 0.935966 0.904176 0.876517 0.852492 0.831699 0.813811 0.798559 0.785726 0.775137 0.766652 0.760163 0.755587 0.752869 0.751975 0.752895 0.755640 0.760244 0.766762 0.775277 0.785897 0.798764 0.799357 0.793326 0.789272 0.787146 0.786922 0.788598 0.792193 0.797752 0.805344 0.815063 0.827037 0.841425 0.858428 0.878291 0.901318 0.927880 2793.000000 1.188108 0.890849
0.805624 0.763818 0.727804 0.696636 0.669574 0.646035 0.625550 0.607744 0.592310 0.579002 0.567615 0.557986 0.549982 0.543494 0.538440 0.534755 0.532395 0.531329 0.531546 0.533047 0.535852 0.539994 0.545525 0.552515 0.561056 0.571263 0.583280 0.597283 0.603839 0.596919 0.591566 0.587711 0.585306 0.584324 0.584751 0.586592 0.589871 0.594628 0.600921 0.608831 0.618462 0.629945 0.643441 0.659151 0.677320 0.698249 0.722308 0.749956 0.781762 0.818445 0.854229 0.820160 0.790536 0.764755 0.742335 0.722884 0.706084 0.691675 0.679447 0.669227 0.660880 0.654294 0.649388 0.646100 0.644389 0.644235 0.645637 0.648610 0.653192 0.659439 0.667430 0.677269 0.689087 0.703048 0.719356 0.738259 0.760063 0.785143 0.799975 0.758974 0.723630 0.693026 0.666446 0.643322 0.623200 0.605713 0.590565 0.577514 0.566362 0.556948 0.549144 0.542845 0.537970 0.534459 0.532266 0.531367 0.531749 0.533418 0.536394 0.540713 0.546429 0.553616 0.561271 0.559149 0.558383 0.558963 0.560898 0.564209 0.568939 0.575146 0.582910 0.592333 0.603543 0.616701 0.632001 0.649684 0.670047 0.693451 0.720348 0.751299 0.787010 0.828381 0.876571 0.933101 1.000000 0.980193 0.911912 0.854449 5627.000000 1.308006 0.757175
0.806364 0.859432 0.922356 0.881575 0.826080 0.778924 0.738544 0.703756 0.673647 0.647506 0.624766 0.604977 0.587776 0.572868 0.560013 0.549016 0.539718 0.531989 0.525728 0.520852 0.517301 0.515031 0.514013 0.514235 0.515700 0.518427 0.522448 0.527813 0.534590 0.542869 0.552761 0.564405 0.577972 0.593673 0.611766 0.632568 0.656472 0.683966 0.715663 0.752342 0.795001 0.844947 0.903913 0.974250 0.983109 0.902268 0.835572 0.779806 0.732674 0.692487 0.657982 0.628194 0.602375 0.579936 0.560410 0.543423 0.528672 0.515910 0.504938 0.495592 0.487739 0.481272 0.476107 0.472177 0.469433 0.467841 0.467382 0.468050 0.469854 0.472815 0.476970 0.482371 0.489088 0.497209 0.506846 0.518137 0.531251 0.546397 0.563830 0.583865 0.606893 0.633400 0.664000 0.699479 0.740848 0.789439 0.847036 0.916079 1.000000 0.977584 0.905563 0.845322 0.794391 0.750955 0.713652 0.681444 0.653524 0.629258 0.608142 0.589772 0.573821 0.560024 0.548165 0.538066 0.529586 0.522608 0.517041 0.512814 0.509874 0.508185 0.507726 0.508491 0.510491 0.513749 0.518306 0.524218 0.531562 0.540435 0.550959 0.563286 0.577599 0.594128 0.613151 0.635014 0.660142 0.689069 0.722467 0.761196 17534.500000 1.130983 0.601146
0.970972 0.946773 0.925927 0.908120 0.893095 0.880647 0.870610 0.862854 0.857282 0.853826 0.852442 0.853115 0.855853 0.860688 0.867680 0.876917 0.888516 0.902630 0.919450 0.931013 0.902565 0.877855 0.856471 0.838075 0.822392 0.809199 0.798315 0.789597 0.782934 0.778241 0.775461 0.774560 0.775527 0.778374 0.783136 0.789871 0.798664 0.782386 0.765203 0.750527 0.738149 0.727898 0.719637 0.713261 0.708689 0.705865 0.704755 0.705344 0.707641 0.711673 0.717489 0.725163 0.734791 0.746502 0.760454 0.776844 0.795916 0.817968 0.843366 0.837149 0.827970 0.820946 0.815990 0.813040 0.812061 0.813040 0.815990 0.820946 0.827970 0.837149 0.848601 0.862478 0.878968 0.898308 0.920786 0.946757 0.976657 1.000000 0.973799 0.951169 0.931760 0.915289 0.901524 0.890280 0.881410 0.874802 0.870373 0.868070 0.867864 0.869753 0.873759 0.860536 0.830066 0.803550 0.780497 0.760511 0.743269 0.728507 0.716012 0.705610 0.697160 0.690555 0.685710 0.682566 0.681083 0.681245 0.683053 0.684438 0.680051 0.677341 0.676275 0.676841 0.679045 0.682914 0.688495 0.695859 0.705099 0.716336 0.729724 0.745452 0.763753 0.784914 0.809286 0.837302 0.869497 0.906538 0.949264 0.998742 1588.000000 1.216146 0.888388
0.778088 0.733738 0.695756 0.663032 0.634708 0.610115 0.588722 0.570105 0.553923 0.539899 0.527808 0.517465 0.508723 0.501459 0.495576 0.490999 0.487670 0.485547 0.484606 0.484833 0.486233 0.488822 0.492632 0.497710 0.504121 0.511949 0.521299 0.532304 0.545124 0.559960 0.577055 0.596710 0.619295 0.645272 0.675223 0.709882 0.750197 0.797404 0.853144 0.919644 1.000000 0.991655 0.914989 0.851231 0.797575 0.751987 0.712953 0.679327 0.650226 0.624960 0.602982 0.583856 0.567231 0.552821 0.540395 0.529763 0.520772 0.513297 0.507239 0.502518 0.499075 0.496868 0.495870 0.496069 0.497466 0.500080 0.503942 0.509100 0.515619 0.523585 0.533106 0.544315 0.557378 0.572495 0.589917 0.609947 0.632964 0.659437 0.689957 0.725270 0.766338 0.814417 0.871171 0.938859 0.928654 0.866837 0.814577 0.770009 0.731736 0.698692 0.670047 0.645152 0.623488 0.604642 0.588277 0.574121 0.561953 0.551590 0.542888 0.535726 0.530011 0.525669 0.522647 0.520908 0.520429 0.521206 0.523247 0.526578 0.531240 0.537291 0.544809 0.553894 0.564670 0.577293 0.591951 0.608878 0.628359 0.650749 0.676482 0.706106 0.740309 0.779968 0.826220 0.880558 0.944983 0.966782 0.892267 0.830274 1592.000000 1.086881 0.603035
0.654227 0.656629 0.660646 0.666327 0.673745 0.682993 0.694194 0.705699 0.709251 0.714569 0.721719 0.730792 0.741907 0.755212 0.770893 0.789182 0.810359 0.834770 0.804784 0.766095 0.732639 0.703607 0.678360 0.656389 0.637283 0.620711 0.606403 0.594139 0.583740 0.575059 0.567982 0.562415 0.558288 0.555600 0.554351 0.554440 0.555869 0.558655 0.562831 0.568451 0.575584 0.584324 0.594788 0.607123 0.621510 0.638170 0.657375 0.679459 0.704836 0.734019 0.767652 0.806552 0.851766 0.904659 0.967040 1.000000 0.934690 0.879377 0.832138 0.791524 0.756428 0.725987 0.699521 0.676490 0.656457 0.639073 0.624050 0.611155 0.600199 0.591028 0.583518 0.577570 0.573108 0.570439 0.569778 0.570491 0.572586 0.576091 0.581046 0.587516 0.595582 0.605351 0.616957 0.630566 0.646381 0.664652 0.685686 0.709861 0.737644 0.769621 0.806527 0.783332 0.760478 0.740654 0.723536 0.708860 0.696412 0.686018 0.677538 0.670861 0.665903 0.662603 0.660919 0.660832 0.662341 0.665463 0.670237 0.676722 0.685000 0.695179 0.707394 0.721817 0.738656 0.758171 0.780675 0.785394 0.761395 0.740550 0.722511 0.706992 0.693762 0.682632 0.673451 0.666097 0.660475 0.656516 0.654171 0.653411 1152.500000 1.129844 0.771819
0.861304 0.886635 0.915773 0.949256 0.936941 0.908257 0.883342 0.861778 0.843224 0.827404 0.814092 0.803106 0.794300 0.787562 0.782807 0.779977 0.779038 0.779977 0.767165 0.746493 0.728615 0.713252 0.700175 0.689199 0.680176 0.672986 0.667537 0.663763 0.661616 0.646643 0.632627 0.620669 0.610599 0.602278 0.595596 0.590468 0.586828 0.584634 0.583857 0.584488 0.586535 0.590023 0.594994 0.601512 0.609659 0.619542 0.631298 0.645092 0.659877 0.659605 0.660924 0.663851 0.668422 0.674692 0.682742 0.692675 0.704624 0.718754 0.735270 0.754424 0.776522 0.801945 0.831159 0.864743 0.903424 0.948119 1.000000 0.974591 0.951039 0.930789 0.913538 0.899041 0.887101 0.877560 0.870296 0.865219 0.862267 0.856966 0.817192 0.782749 0.752832 0.726804 0.704155 0.684475 0.667429 0.652745 0.640203 0.629622 0.620856 0.613790 0.608331 0.604412 0.601984 0.600149 0.591218 0.583934 0.578204 0.573955 0.571133 0.569705 0.569653 0.570976 0.573691 0.577830 0.583445 0.590608 0.599410 0.609970 0.622436 0.636988 0.653850 0.673295 0.695659 0.721357 0.750906 0.758575 0.754665 0.752599 0.752352 0.753921 0.757324 0.762604 0.769826 0.779080 0.790488 0.804200 0.820408 0.839347 11509.500000 1.430964 0.864499
0.543494 0.549994 0.547122 0.545588 0.545373 0.546473 0.548903 0.552693 0.557888 0.564555 0.572779 0.582672 0.594369 0.608040 0.623893 0.642184 0.663225 0.687404 0.715201 0.747217 0.784211 0.827156 0.830444 0.816843 0.805591 0.796537 0.789566 0.784589 0.781545 0.780398 0.781134 0.783760 0.788310 0.794839 0.803429 0.814189 0.827261 0.842824 0.861098 0.882354 0.867197 0.794638 0.734917 0.685081 0.643025 0.607212 0.576494 0.549995 0.527039 0.507095 0.489742 0.474643 0.461526 0.450170 0.440395 0.432054 0.425028 0.419221 0.414555 0.410971 0.408424 0.406883 0.406329 0.406754 0.408165 0.410578 0.414024 0.418544 0.426559 0.436522 0.448067 0.461381 0.476695 0.494291 0.514523 0.537833 0.564780 0.596082 0.632671 0.675780 0.727073 0.788849 0.864372 0.958441 1.000000 0.955044 0.916069 0.882191 0.852711 0.827066 0.804800 0.785545 0.768999 0.754916 0.743099 0.733384 0.725647 0.719786 0.715731 0.713429 0.712854 0.713999 0.716877 0.721524 0.727997 0.736140 0.701683 0.671853 0.645949 0.623414 0.603804 0.586761 0.571993 0.559265 0.548383 0.539191 0.531562 0.525393 0.520606 0.517139 0.514951 0.514015 0.514318 0.515866 0.518676 0.522783 0.528239 0.535112 2921.500000 1.496182 0.728049
