0.867974 0.840142 0.789425 0.746177 0.709041 0.676980 0.649190 0.625037 0.604020 0.585736 0.569858 0.556123 0.544315 0.534259 0.525810 0.523310 0.522430 0.522811 0.524457 0.527387 0.531639 0.537264 0.544335 0.552945 0.563209 0.575275 0.589319 0.605562 0.624272 0.645780 0.670496 0.698930 0.731724 0.769692 0.813883 0.865671 0.926882 1.000000 0.987599 0.950792 0.918763 0.890899 0.866701 0.845767 0.827767 0.812434 0.799549 0.788938 0.780461 0.774008 0.769500 0.766881 0.754568 0.725098 0.699464 0.677157 0.657764 0.640952 0.626450 0.614036 0.603530 0.594786 0.587688 0.582143 0.578290 0.577896 0.578896 0.581301 0.585143 0.590468 0.597342 0.605856 0.616121 0.628280 0.642508 0.659019 0.678078 0.700008 0.725211 0.754180 0.787536 0.826062 0.855578 0.823412 0.795424 0.771073 0.749921 0.731614 0.715863 0.702432 0.691131 0.682853 0.677472 0.673787 0.671750 0.671339 0.672547 0.675389 0.679901 0.686137 0.694177 0.704123 0.716109 0.730300 0.746901 0.766162 0.788393 0.813972 0.818541 0.801186 0.786407 0.773994 0.763778 0.755625 0.749430 0.745117 0.742632 0.741945 0.743048 0.745953 0.750697 0.757338 0.765960 0.776672 0.789617 0.804974 0.822962 0.843851 9818.500000 1.129997 0.774109
0.578875 0.571035 0.564747 0.559930 0.556524 0.554487 0.553795 0.554437 0.556424 0.559778 0.564541 0.570773 0.578553 0.587984 0.599195 0.612346 0.627633 0.645298 0.665635 0.689010 0.715874 0.746790 0.782467 0.823807 0.810049 0.781635 0.756907 0.735414 0.716786 0.700726 0.686988 0.675374 0.665723 0.657907 0.651825 0.647399 0.644575 0.643319 0.643615 0.645468 0.648899 0.653950 0.660684 0.669188 0.679572 0.691977 0.706576 0.723586 0.743270 0.765951 0.792029 0.821994 0.856461 0.896198 0.876958 0.823187 0.777393 0.738111 0.704222 0.674863 0.649356 0.627162 0.607852 0.591076 0.576553 0.564053 0.553389 0.544407 0.536985 0.531025 0.526450 0.523203 0.521244 0.520549 0.521109 0.522932 0.526039 0.530469 0.536277 0.535870 0.535225 0.535870 0.537815 0.541081 0.545711 0.551761 0.559309 0.568455 0.579323 0.592070 0.606885 0.624003 0.643710 0.666359 0.692390 0.722349 0.756922 0.796989 0.843680 0.898482 0.963380 1.000000 0.941087 0.890756 0.847473 0.810063 0.777610 0.749393 0.724837 0.703481 0.684949 0.668939 0.655203 0.643539 0.633783 0.625803 0.619496 0.614781 0.611599 0.609912 0.609699 0.610958 0.613703 0.617968 0.623807 0.612877 0.599650 0.588370 967.000000 1.262481 0.747850
0.859732 0.828219 0.800795 0.776941 0.756236 0.738338 0.722969 0.709903 0.698954 0.689975 0.682848 0.677482 0.673811 0.671788 0.671390 0.672613 0.675469 0.679996 0.686248 0.694304 0.704268 0.704871 0.693569 0.684247 0.676781 0.671075 0.667059 0.664682 0.663915 0.664750 0.667196 0.671284 0.677063 0.684606 0.694010 0.705398 0.718928 0.734792 0.745326 0.728468 0.714038 0.701827 0.691664 0.683415 0.676972 0.672253 0.669201 0.667777 0.667966 0.669769 0.673207 0.678324 0.685182 0.693869 0.704498 0.717213 0.732191 0.749653 0.769868 0.793168 0.819958 0.850743 0.878781 0.849300 0.823651 0.801381 0.782118 0.765560 0.751462 0.739623 0.729882 0.722112 0.716212 0.712110 0.709754 0.709117 0.710191 0.712987 0.717542 0.723910 0.732172 0.742434 0.754832 0.769536 0.786758 0.806756 0.829849 0.853570 0.810169 0.772739 0.740319 0.712157 0.687655 0.666335 0.647811 0.631769 0.617956 0.606163 0.596220 0.587993 0.581371 0.576269 0.572624 0.570390 0.569540 0.570063 0.571967 0.575274 0.580026 0.586280 0.594118 0.603217 0.614073 0.626864 0.641778 0.659046 0.678949 0.701836 0.728134 0.758379 0.793238 0.833562 0.880439 0.935291 1.000000 0.986167 0.937783 0.895983 1054.500000 1.143789 0.810203
0.826281 0.840725 0.857786 0.877712 0.852974 0.805683 0.765107 0.730097 0.699762 0.673406 0.650472 0.630519 0.613186 0.598183 0.585273 0.574263 0.564996 0.557344 0.551207 0.546505 0.543181 0.541193 0.540517 0.541144 0.543083 0.545305 0.543321 0.542655 0.543297 0.545256 0.548555 0.553235 0.559356 0.566994 0.576251 0.587254 0.600159 0.615159 0.632491 0.652445 0.675380 0.701738 0.732072 0.767078 0.807644 0.854914 0.910392 0.953697 0.934048 0.917357 0.903391 0.891960 0.882915 0.876141 0.871554 0.869098 0.868742 0.870483 0.874341 0.880364 0.888627 0.899233 0.912319 0.928061 0.888805 0.833822 0.787032 0.746917 0.712326 0.682368 0.656346 0.633706 0.614006 0.596888 0.582063 0.569295 0.558392 0.549196 0.541582 0.535449 0.530717 0.527327 0.524127 0.518689 0.514588 0.511776 0.510216 0.509891 0.510796 0.512942 0.516355 0.521078 0.527170 0.534709 0.543796 0.554556 0.567144 0.581752 0.598612 0.618011 0.640305 0.665931 0.695439 0.729523 0.769068 0.815222 0.869498 0.933927 1.000000 0.963921 0.932523 0.905217 0.881529 0.861070 0.843525 0.828638 0.816199 0.806041 0.798032 0.792069 0.788080 0.786014 0.785848 0.787579 0.791227 0.796839 0.804482 0.814254 3092.500000 1.431304 0.770305
0.815462 0.781701 0.752364 0.726837 0.704628 0.685337 0.668643 0.654281 0.642037 0.631737 0.623241 0.616435 0.611232 0.607369 0.602494 0.599128 0.597231 0.596778 0.597765 0.600204 0.604124 0.609574 0.616622 0.625360 0.635902 0.648395 0.663017 0.679990 0.699585 0.722134 0.748047 0.777833 0.812127 0.851730 0.897668 0.951265 1.000000 0.945571 0.898815 0.858435 0.823426 0.792996 0.766516 0.743480 0.723481 0.706186 0.691325 0.678679 0.668067 0.659345 0.652400 0.647143 0.643507 0.641449 0.640943 0.641983 0.644582 0.648772 0.654603 0.662150 0.671510 0.669243 0.665202 0.662798 0.661999 0.662798 0.665202 0.669243 0.674968 0.682451 0.691787 0.703100 0.716543 0.732309 0.750633 0.771805 0.796180 0.824194 0.856391 0.893445 0.873943 0.848744 0.826893 0.808037 0.791887 0.778208 0.766810 0.757539 0.750276 0.744928 0.741430 0.739737 0.739831 0.741712 0.735253 0.714058 0.695679 0.679819 0.666236 0.654731 0.645145 0.637348 0.631240 0.626744 0.623804 0.622383 0.622465 0.624051 0.627159 0.631828 0.638116 0.646103 0.655304 0.666323 0.679385 0.694675 0.712426 0.732920 0.756504 0.783607 0.814759 0.850626 0.892043 0.940081 0.996123 0.952175 0.899570 0.854423 2413.000000 1.011238 0.774073
0.909329 0.858656 0.815192 0.777700 0.745221 0.717004 0.692453 0.671092 0.652533 0.636466 0.622635 0.610832 0.600889 0.592670 0.586065 0.580990 0.577381 0.575194 0.574402 0.574996 0.576982 0.580385 0.585246 0.591627 0.599609 0.609298 0.620825 0.634354 0.650087 0.668271 0.675347 0.669391 0.665127 0.662504 0.661488 0.662068 0.664250 0.668061 0.673549 0.680781 0.689850 0.700876 0.714007 0.729431 0.747376 0.768123 0.792018 0.819484 0.827554 0.821217 0.816929 0.814638 0.814317 0.815960 0.819589 0.825246 0.833004 0.842958 0.855239 0.870009 0.887475 0.874359 0.843621 0.816872 0.793620 0.773467 0.756089 0.741221 0.728648 0.718195 0.709724 0.703125 0.698313 0.695231 0.693840 0.694124 0.696085 0.699748 0.705157 0.696462 0.676400 0.659005 0.643995 0.631140 0.620253 0.611183 0.603807 0.598032 0.593782 0.591006 0.589670 0.589758 0.591270 0.594226 0.598660 0.604629 0.612208 0.621495 0.632616 0.645726 0.661017 0.678725 0.699138 0.722612 0.749586 0.771021 0.760756 0.752550 0.746298 0.741922 0.739367 0.738604 0.739621 0.742433 0.747073 0.753598 0.762090 0.772658 0.785442 0.800618 0.818402 0.839061 0.862924 0.890391 0.921958 0.958239 1.000000 0.968839 1380.000000 1.406021 0.845620
0.946048 1.000000 0.962250 0.910458 0.865937 0.827467 0.794102 0.765095 0.739852 0.717896 0.698840 0.682371 0.668233 0.656218 0.646157 0.637913 0.631379 0.626471 0.623128 0.621310 0.620994 0.622176 0.624871 0.629112 0.634951 0.642461 0.651741 0.662912 0.676131 0.691587 0.709516 0.730205 0.754008 0.781361 0.812805 0.804809 0.784239 0.766494 0.751305 0.738450 0.727751 0.719066 0.712281 0.707311 0.704095 0.702592 0.702786 0.704677 0.708290 0.713668 0.720878 0.730012 0.741190 0.754560 0.770312 0.788676 0.809936 0.834440 0.862615 0.894992 0.932226 0.941824 0.893356 0.851584 0.815421 0.784016 0.756695 0.732921 0.712259 0.694356 0.678927 0.665738 0.654598 0.645354 0.637883 0.632089 0.627897 0.625257 0.624137 0.624523 0.626418 0.629848 0.634853 0.641496 0.649862 0.660060 0.672228 0.686539 0.703202 0.722479 0.744687 0.770218 0.799557 0.833305 0.872223 0.917271 0.880044 0.842599 0.810083 0.781796 0.757181 0.735787 0.717249 0.701270 0.687608 0.676065 0.666483 0.658734 0.652717 0.648356 0.645599 0.644411 0.644778 0.646704 0.650212 0.655346 0.662170 0.670771 0.681260 0.693781 0.708510 0.725663 0.745509 0.768373 0.794659 0.824865 0.859611 0.899676 2836.000000 1.142408 0.770502
0.869125 0.839594 0.813900 0.791582 0.772267 0.755648 0.741479 0.729556 0.719717 0.711832 0.705800 0.701545 0.699015 0.698179 0.699027 0.701569 0.705836 0.711881 0.719780 0.701274 0.672216 0.646966 0.624996 0.605881 0.589277 0.574908 0.562545 0.552005 0.543137 0.535820 0.529957 0.525474 0.522313 0.520436 0.519821 0.520459 0.522359 0.525543 0.530052 0.528931 0.523159 0.518749 0.515644 0.513806 0.513214 0.513859 0.515750 0.518910 0.523377 0.529208 0.536477 0.545281 0.555739 0.568002 0.582253 0.598716 0.617669 0.639452 0.664486 0.693299 0.726554 0.765096 0.810016 0.862749 0.925209 1.000000 0.947445 0.902203 0.863070 0.829104 0.799564 0.773857 0.751505 0.732123 0.715395 0.701066 0.688927 0.678808 0.670574 0.664119 0.659360 0.656238 0.654716 0.654774 0.656414 0.659655 0.664538 0.671122 0.655863 0.625018 0.598320 0.575139 0.554974 0.537426 0.522173 0.508954 0.497557 0.487809 0.479568 0.472721 0.467177 0.462863 0.459726 0.457726 0.456839 0.457055 0.458376 0.460817 0.464546 0.470942 0.478686 0.487885 0.498668 0.511199 0.525674 0.542337 0.561489 0.583500 0.608833 0.638074 0.671965 0.711468 0.757845 0.812786 0.878596 0.958516 0.942124 0.903064 9099.000000 1.450878 0.739780
0.793578 0.797233 0.786557 0.778013 0.771491 0.766909 0.764212 0.763366 0.764362 0.767211 0.771948 0.778631 0.787344 0.798199 0.811340 0.826946 0.845240 0.866497 0.891052 0.919319 0.951807 0.940055 0.903738 0.872146 0.844654 0.820759 0.800053 0.782204 0.766942 0.754045 0.743336 0.734673 0.727942 0.723060 0.719965 0.718621 0.718601 0.719799 0.722745 0.727475 0.734048 0.742545 0.753077 0.765783 0.780839 0.798461 0.818915 0.842528 0.869700 0.900926 0.936818 0.957487 0.915346 0.878785 0.846995 0.819330 0.795270 0.774395 0.756363 0.740897 0.727768 0.716793 0.707825 0.702221 0.702177 0.703828 0.707194 0.712317 0.719260 0.728112 0.738986 0.752029 0.767423 0.785392 0.806211 0.830219 0.857831 0.889559 0.926040 0.968074 1.000000 0.956229 0.918248 0.885220 0.856477 0.831482 0.809800 0.791078 0.775026 0.761411 0.750042 0.740766 0.733461 0.728036 0.724423 0.722578 0.722479 0.724123 0.727532 0.730729 0.734528 0.740160 0.747693 0.757225 0.768879 0.782813 0.799222 0.818347 0.840485 0.865998 0.895333 0.911791 0.884881 0.861531 0.841356 0.824043 0.809340 0.797038 0.786972 0.779011 0.773053 0.769024 0.766874 0.766578 0.768132 0.771555 0.776889 0.784199 6581.500000 1.038271 0.829847
0.962673 0.923252 0.888990 0.859175 0.833238 0.810717 0.791237 0.774493 0.760237 0.748266 0.738418 0.730562 0.724600 0.720455 0.718077 0.717438 0.718530 0.721365 0.725979 0.732428 0.740793 0.751182 0.763733 0.778618 0.796050 0.816292 0.839667 0.823589 0.802608 0.784512 0.769027 0.755926 0.745030 0.736191 0.729296 0.724257 0.721013 0.719523 0.719770 0.721756 0.725507 0.731066 0.738504 0.747916 0.759424 0.773183 0.789386 0.808273 0.830133 0.855328 0.884296 0.917584 0.955868 1.000000 0.977069 0.934283 0.897157 0.864873 0.836778 0.812346 0.791152 0.772851 0.757160 0.743849 0.732734 0.723663 0.716519 0.711212 0.707675 0.705864 0.705760 0.707358 0.710681 0.715767 0.722680 0.731507 0.742363 0.755393 0.770779 0.788744 0.800627 0.787663 0.776953 0.768357 0.761764 0.757092 0.754282 0.753302 0.754138 0.756802 0.761325 0.767763 0.776197 0.786734 0.799514 0.814712 0.832543 0.853273 0.877230 0.904813 0.897265 0.866711 0.840126 0.817034 0.797046 0.779846 0.765178 0.752831 0.742637 0.734461 0.728199 0.723771 0.721124 0.720224 0.721062 0.723647 0.728011 0.734207 0.742313 0.752433 0.764701 0.779284 0.796389 0.816273 0.839249 0.865702 0.896106 0.931048 1056.500000 1.040534 0.843061
0.575444 0.614485 0.660916 0.716443 0.683454 0.654877 0.630051 0.608451 0.589656 0.573328 0.559190 0.547019 0.536631 0.527879 0.520642 0.514823 0.510350 0.507165 0.505229 0.504518 0.505025 0.506754 0.509728 0.513982 0.519570 0.526563 0.535054 0.545158 0.557018 0.570812 0.586756 0.605116 0.626219 0.650471 0.678377 0.710574 0.747870 0.769334 0.699505 0.642717 0.595785 0.556489 0.523240 0.494864 0.470483 0.449423 0.431162 0.415289 0.401475 0.389459 0.379028 0.370010 0.362262 0.355672 0.350146 0.345609 0.342001 0.339277 0.337402 0.336354 0.336120 0.336696 0.338090 0.340319 0.343410 0.347403 0.352348 0.358312 0.365377 0.373644 0.383239 0.394314 0.407058 0.421704 0.438538 0.457921 0.480308 0.506279 0.536585 0.572217 0.614503 0.665268 0.727086 0.803704 0.900796 1.000000 0.886825 0.798390 0.727588 0.669802 0.621908 0.581714 0.547640 0.518516 0.493462 0.471802 0.453009 0.436668 0.422447 0.410079 0.399350 0.390084 0.382137 0.375395 0.369761 0.365161 0.361534 0.358834 0.357028 0.356094 0.356020 0.356806 0.358460 0.361004 0.364468 0.368897 0.374347 0.380893 0.388624 0.397654 0.408119 0.420190 0.434075 0.450029 0.468373 0.489505 0.513930 0.542297 1216.500000 1.598314 0.559019
0.866764 0.841315 0.819235 0.800163 0.783804 0.769918 0.758310 0.748825 0.741338 0.735754 0.732003 0.730041 0.729843 0.731406 0.734750 0.739915 0.746966 0.731467 0.707940 0.687485 0.669746 0.654436 0.641321 0.630210 0.620948 0.613410 0.607500 0.603141 0.600280 0.598882 0.598930 0.600425 0.603384 0.607845 0.613862 0.614520 0.605523 0.598205 0.592472 0.588252 0.585492 0.584159 0.584236 0.585724 0.588642 0.593024 0.598926 0.606422 0.615611 0.626614 0.639587 0.647398 0.655329 0.665080 0.676780 0.690593 0.706719 0.725406 0.746956 0.771742 0.800223 0.832971 0.870700 0.914317 0.933421 0.873070 0.821908 0.778182 0.740567 0.708048 0.679833 0.655299 0.633949 0.615381 0.599273 0.585361 0.573430 0.563305 0.554846 0.547937 0.542489 0.538433 0.535718 0.534311 0.538305 0.550991 0.565685 0.582627 0.602110 0.624498 0.650242 0.679908 0.714213 0.754077 0.800697 0.855659 0.921105 1.000000 0.900770 0.802172 0.724603 0.662167 0.610993 0.568432 0.532614 0.502181 0.476122 0.453674 0.447733 0.451067 0.455556 0.461257 0.468246 0.476616 0.486483 0.497993 0.511322 0.526689 0.544359 0.564664 0.588014 0.614923 0.646045 0.682216 0.724526 0.774420 0.833852 0.896027 6246.500000 1.051648 0.648581
0.740167 0.709797 0.683402 0.660434 0.640453 0.623102 0.608092 0.595189 0.584200 0.574970 0.567372 0.561308 0.556698 0.553486 0.551632 0.551114 0.551925 0.554076 0.557591 0.562516 0.568911 0.576858 0.586464 0.597860 0.611209 0.626712 0.644615 0.665221 0.688903 0.698957 0.674966 0.654091 0.635955 0.620251 0.606730 0.595190 0.585465 0.577421 0.570951 0.565974 0.562426 0.560263 0.559460 0.560006 0.561908 0.565189 0.569890 0.576069 0.583805 0.593201 0.604384 0.617512 0.632783 0.650434 0.670760 0.694124 0.720974 0.751868 0.787512 0.828799 0.876883 0.933278 1.000000 0.923665 0.859798 0.806009 0.760278 0.721101 0.687338 0.658110 0.632729 0.610649 0.591435 0.574736 0.560266 0.547795 0.537132 0.528125 0.520648 0.514602 0.509910 0.506511 0.504365 0.503444 0.503738 0.505251 0.507999 0.512019 0.517358 0.524086 0.532291 0.542083 0.553601 0.567015 0.582533 0.600411 0.620966 0.644585 0.671754 0.679768 0.666182 0.654675 0.645086 0.637287 0.631176 0.626677 0.623734 0.622311 0.622389 0.623972 0.627077 0.631742 0.638026 0.646009 0.655793 0.667511 0.681327 0.697443 0.716106 0.737621 0.762363 0.790794 0.823488 0.861166 0.904741 0.863043 0.815785 0.775204 1453.500000 1.416081 0.737987
0.896199 1.000000 0.998439 0.890033 0.804611 0.735767 0.679283 0.632268 0.592674 0.559015 0.530182 0.505335 0.483826 0.465149 0.448901 0.434761 0.422472 0.411824 0.402645 0.394797 0.388166 0.382661 0.378208 0.374750 0.372244 0.370657 0.369972 0.370179 0.371282 0.373293 0.376237 0.380152 0.385086 0.391104 0.398288 0.406740 0.416583 0.427971 0.441091 0.456175 0.473509 0.493447 0.516437 0.543047 0.574005 0.610266 0.653096 0.704216 0.766021 0.829294 0.784016 0.745128 0.711549 0.682439 0.657138 0.635121 0.615967 0.599337 0.584953 0.572591 0.562066 0.553230 0.545962 0.540167 0.535771 0.532719 0.530974 0.530514 0.531333 0.533443 0.536867 0.541649 0.547849 0.555546 0.564843 0.575867 0.588777 0.603766 0.621074 0.640993 0.663885 0.690197 0.720488 0.755463 0.757592 0.700523 0.652911 0.612742 0.578542 0.549211 0.523912 0.501997 0.482959 0.466395 0.451981 0.439459 0.428617 0.419283 0.411316 0.404603 0.399052 0.394588 0.391155 0.388710 0.387222 0.386674 0.387058 0.388380 0.390654 0.393911 0.398189 0.403544 0.410047 0.417785 0.426870 0.437435 0.449647 0.463710 0.479875 0.498451 0.519826 0.544488 0.573054 0.606326 0.645351 0.691524 0.746752 0.813697 5647.500000 1.522586 0.567503
0.946766 0.867498 0.802261 0.747825 0.701890 0.662777 0.629228 0.600288 0.575219 0.553439 0.534489 0.518000 0.503675 0.491273 0.480597 0.471487 0.463812 0.457468 0.452370 0.448452 0.445667 0.443979 0.443367 0.443825 0.445358 0.447985 0.451737 0.456663 0.462824 0.470302 0.479199 0.489642 0.501786 0.515822 0.531984 0.550560 0.571909 0.596475 0.624820 0.657655 0.695903 0.740769 0.721606 0.687127 0.657304 0.631420 0.608909 0.589318 0.572284 0.557513 0.544764 0.533843 0.524590 0.516876 0.510598 0.505675 0.502043 0.499658 0.498491 0.498528 0.499769 0.502229 0.505938 0.510942 0.517305 0.525110 0.534460 0.545488 0.558354 0.573256 0.590437 0.610195 0.632898 0.659005 0.689090 0.723880 0.764310 0.811594 0.867341 0.933726 0.854979 0.777334 0.714194 0.662017 0.618332 0.581370 0.549827 0.522725 0.499316 0.479019 0.461375 0.446021 0.432665 0.421070 0.411045 0.402433 0.395107 0.388963 0.383918 0.379906 0.376875 0.374788 0.373620 0.373355 0.373991 0.375535 0.378006 0.381435 0.385865 0.391353 0.397972 0.405814 0.414990 0.425640 0.437933 0.452080 0.468337 0.487024 0.508540 0.533389 0.562216 0.595854 0.635401 0.682332 0.738670 0.807268 0.892281 1.000000 5565.500000 1.425953 0.576608
0.690407 0.678118 0.666644 0.657108 0.649384 0.643371 0.638993 0.636197 0.634949 0.635232 0.637051 0.640428 0.645404 0.652041 0.660424 0.670662 0.682893 0.697289 0.714063 0.733475 0.755843 0.781560 0.811112 0.845102 0.875178 0.874775 0.876483 0.880322 0.886340 0.894610 0.905238 0.918361 0.934153 0.952833 0.974671 1.000000 0.993236 0.942814 0.899325 0.861656 0.828932 0.800461 0.775687 0.754163 0.735525 0.719478 0.705780 0.694235 0.684685 0.677002 0.671089 0.658488 0.642625 0.628989 0.617375 0.607620 0.599591 0.593181 0.588309 0.584914 0.582955 0.582407 0.583263 0.585535 0.589250 0.594454 0.601211 0.609610 0.619760 0.630601 0.631376 0.633681 0.637545 0.643014 0.650158 0.659068 0.669862 0.682687 0.697727 0.715206 0.735401 0.758650 0.785371 0.816080 0.851424 0.892214 0.939486 0.994578 0.999798 0.965418 0.935503 0.909511 0.887003 0.867622 0.851077 0.837130 0.825589 0.816302 0.809149 0.804041 0.800914 0.799731 0.800476 0.803160 0.807814 0.814497 0.823290 0.834308 0.804742 0.777682 0.754141 0.733698 0.716014 0.700811 0.687862 0.676985 0.668031 0.660882 0.655446 0.651657 0.649466 0.648848 0.649796 0.652319 0.656450 0.662240 0.669760 0.679108 3741.000000 1.404567 0.843220
0.760813 0.737574 0.717390 0.699922 0.684896 0.672086 0.661310 0.652422 0.645303 0.639863 0.636033 0.633766 0.633035 0.633831 0.636164 0.640061 0.645572 0.652764 0.661730 0.672589 0.685490 0.700615 0.718193 0.738500 0.761878 0.788746 0.819626 0.855166 0.896185 0.943725 0.962747 0.933527 0.908152 0.886199 0.867322 0.851241 0.837726 0.826594 0.817698 0.810924 0.806188 0.803431 0.802620 0.803745 0.806820 0.811881 0.818992 0.828242 0.839749 0.853665 0.870183 0.848793 0.817245 0.789792 0.765909 0.745170 0.727231 0.711809 0.698676 0.687646 0.678568 0.671322 0.665817 0.661983 0.659773 0.659161 0.660139 0.662719 0.666931 0.672829 0.680487 0.690001 0.701500 0.715141 0.731118 0.749674 0.771101 0.795763 0.824106 0.812751 0.792476 0.775009 0.760087 0.747495 0.737061 0.728645 0.722139 0.717461 0.714554 0.713382 0.713932 0.716208 0.720240 0.726077 0.733791 0.743481 0.755274 0.769331 0.785851 0.805077 0.827310 0.852920 0.882359 0.916189 0.955110 1.000000 0.977865 0.938057 0.903455 0.873343 0.847150 0.824409 0.804746 0.787853 0.773480 0.761423 0.751519 0.743637 0.737678 0.733567 0.731253 0.730709 0.731928 0.734924 0.739734 0.746417 0.755058 0.765768 838.500000 1.272993 0.838557
1.000000 0.932662 0.860931 0.801238 0.750978 0.708257 0.671665 0.640136 0.612843 0.589145 0.568529 0.550589 0.534996 0.521484 0.509851 0.502154 0.495863 0.490896 0.487189 0.484697 0.483389 0.483249 0.484275 0.486480 0.489891 0.494550 0.500515 0.507865 0.516697 0.527135 0.539328 0.553464 0.569771 0.588528 0.610083 0.634863 0.663408 0.696398 0.734702 0.779453 0.832144 0.836599 0.810133 0.787128 0.767191 0.750001 0.735297 0.722867 0.712537 0.704172 0.697661 0.692924 0.689902 0.688558 0.688875 0.690857 0.694529 0.699936 0.707144 0.716246 0.727360 0.740637 0.756263 0.774469 0.786878 0.758765 0.734299 0.713025 0.694576 0.678651 0.665006 0.653442 0.643798 0.635945 0.629779 0.625224 0.622222 0.620737 0.620751 0.622264 0.625295 0.629880 0.636077 0.643964 0.653643 0.665244 0.676829 0.660306 0.646091 0.633969 0.623769 0.615351 0.608604 0.603441 0.599798 0.597630 0.596910 0.597630 0.599798 0.603441 0.608604 0.615351 0.623769 0.633969 0.646091 0.653284 0.646145 0.640688 0.636843 0.634564 0.633823 0.634610 0.636936 0.640828 0.646335 0.653525 0.662491 0.673352 0.686255 0.701385 0.718968 0.739282 0.762668 0.789547 0.820438 0.855990 0.897023 0.944577 13357.000000 1.219305 0.772418
0.645578 0.649904 0.655879 0.663579 0.673102 0.684576 0.698159 0.714046 0.732480 0.753754 0.778232 0.806361 0.838696 0.875931 0.918943 0.952230 0.923285 0.898148 0.876399 0.857696 0.841759 0.828364 0.817326 0.808501 0.801775 0.797064 0.794311 0.793482 0.794567 0.797578 0.802554 0.809554 0.818667 0.830010 0.843733 0.860024 0.879117 0.901296 0.926915 0.956404 0.971236 0.930201 0.894562 0.863556 0.836575 0.813129 0.792819 0.775321 0.760372 0.747755 0.737297 0.728859 0.722333 0.717636 0.714711 0.713521 0.714052 0.715951 0.700846 0.687988 0.677195 0.668321 0.661249 0.655889 0.652173 0.650056 0.649513 0.650536 0.653139 0.657353 0.663229 0.670842 0.680290 0.691698 0.705223 0.721059 0.739445 0.760674 0.785105 0.792624 0.792377 0.794041 0.797639 0.803213 0.810833 0.820594 0.832624 0.847082 0.864170 0.884136 0.907284 0.933986 0.964703 1.000000 0.979275 0.954865 0.933838 0.915876 0.900720 0.888163 0.878038 0.870213 0.864592 0.861103 0.859705 0.860382 0.863140 0.844668 0.811485 0.782624 0.757508 0.735671 0.716736 0.700396 0.686402 0.674549 0.664672 0.656639 0.650347 0.645714 0.642685 0.641221 0.641306 0.642939 0.643992 0.642060 0.641679 0.642847 6580.500000 1.221234 0.859916
0.620257 0.628727 0.638992 0.651192 0.665502 0.682136 0.701355 0.723482 0.748914 0.778141 0.811778 0.850595 0.880043 0.850451 0.824706 0.802351 0.783012 0.766386 0.752226 0.740331 0.730539 0.722721 0.716777 0.712633 0.710238 0.709562 0.710598 0.713358 0.717875 0.724206 0.732430 0.742652 0.755009 0.769669 0.786843 0.806789 0.829823 0.856335 0.886804 0.921823 0.900544 0.875308 0.853447 0.834613 0.818521 0.804941 0.793685 0.784604 0.777580 0.772526 0.769378 0.768098 0.768672 0.771106 0.775429 0.775423 0.755187 0.737713 0.722730 0.710021 0.699407 0.690744 0.683922 0.678852 0.675472 0.673740 0.673636 0.675159 0.678326 0.683177 0.689771 0.698192 0.708549 0.707146 0.699842 0.694342 0.690579 0.688506 0.688099 0.689351 0.692279 0.696918 0.698534 0.699635 0.702434 0.706966 0.713286 0.721473 0.731634 0.743903 0.758449 0.775480 0.785063 0.787188 0.791236 0.797255 0.805323 0.815540 0.828040 0.842991 0.860604 0.881137 0.904906 0.932302 0.963803 1.000000 0.978412 0.921900 0.873549 0.831921 0.795911 0.764654 0.737469 0.713812 0.693243 0.675408 0.660017 0.646836 0.635673 0.626372 0.618808 0.612884 0.608524 0.605674 0.604300 0.604622 0.608280 0.613470 769.500000 1.104539 0.840881
0.814416 0.857526 0.851517 0.829110 0.809753 0.793147 0.779047 0.767255 0.757613 0.749995 0.744304 0.740469 0.738443 0.738202 0.739742 0.743083 0.748264 0.755352 0.764433 0.775627 0.789084 0.804988 0.792827 0.768951 0.748220 0.730291 0.714883 0.701768 0.690759 0.681707 0.674493 0.669025 0.665235 0.663076 0.662522 0.663566 0.657670 0.651438 0.646868 0.643902 0.642503 0.642656 0.644361 0.647640 0.652532 0.659098 0.667423 0.677613 0.689808 0.704176 0.720930 0.740327 0.762686 0.788395 0.817937 0.851911 0.891070 0.881317 0.844614 0.812726 0.784980 0.760839 0.739867 0.721713 0.706088 0.692759 0.681535 0.672263 0.664820 0.659111 0.655063 0.652628 0.645549 0.639240 0.634567 0.631473 0.629918 0.629885 0.631373 0.634400 0.639003 0.645239 0.653186 0.662950 0.674659 0.688478 0.704608 0.723296 0.744845 0.769630 0.798109 0.830855 0.868586 0.912208 0.962887 1.000000 0.928699 0.868842 0.818086 0.774696 0.737363 0.705084 0.677075 0.652719 0.631523 0.613091 0.601792 0.593671 0.587161 0.582181 0.578666 0.576574 0.575879 0.576574 0.578666 0.582181 0.587161 0.593671 0.601792 0.611633 0.623327 0.637042 0.652983 0.671400 0.692604 0.716974 0.744983 0.777216 755.000000 1.074425 0.782474
0.703764 0.668324 0.637745 0.611250 0.588229 0.568199 0.550770 0.535632 0.522528 0.511252 0.501636 0.493541 0.486858 0.481499 0.477393 0.474490 0.472755 0.472165 0.472714 0.474409 0.477270 0.481332 0.486646 0.493281 0.501323 0.510883 0.522097 0.535133 0.550196 0.567538 0.587470 0.610377 0.636739 0.667161 0.702413 0.743489 0.791693 0.848768 0.917093 1.000000 0.936055 0.851498 0.782682 0.725774 0.678104 0.637752 0.603304 0.573699 0.548121 0.525940 0.506658 0.489877 0.475281 0.462612 0.451661 0.442256 0.434261 0.427561 0.422066 0.417704 0.414419 0.412171 0.410931 0.410686 0.411431 0.413177 0.415943 0.419765 0.424690 0.430783 0.438123 0.446813 0.456978 0.468772 0.482384 0.498046 0.516043 0.536732 0.560555 0.588075 0.620006 0.657279 0.701116 0.753163 0.815680 0.891858 0.960575 0.890262 0.831407 0.781617 0.739134 0.702637 0.671115 0.643784 0.620027 0.599354 0.581370 0.565758 0.552257 0.540658 0.530789 0.522510 0.515708 0.510295 0.506201 0.503375 0.501782 0.501404 0.502236 0.504287 0.507582 0.512163 0.518087 0.525430 0.534290 0.544789 0.557078 0.571342 0.587809 0.606759 0.628535 0.653566 0.682386 0.715668 0.754274 0.799317 0.793555 0.745069 1441.000000 1.282416 0.590606
0.541996 0.531814 0.517965 0.506008 0.495757 0.487064 0.479806 0.473886 0.469227 0.465771 0.463473 0.462305 0.462255 0.463321 0.465515 0.468865 0.477519 0.490629 0.505731 0.523093 0.543044 0.565995 0.592462 0.623100 0.658753 0.700524 0.749879 0.808813 0.873135 0.855053 0.839687 0.826820 0.816278 0.807924 0.801650 0.797379 0.795059 0.794661 0.796180 0.799636 0.805069 0.812548 0.822166 0.834048 0.848353 0.865277 0.885066 0.908020 0.934507 0.964981 1.000000 0.915781 0.829476 0.759710 0.702330 0.654474 0.614110 0.579751 0.550288 0.524878 0.502869 0.483751 0.467116 0.452642 0.440067 0.429177 0.419800 0.419667 0.421257 0.423884 0.427580 0.432392 0.438382 0.445629 0.454232 0.464314 0.476027 0.489557 0.505130 0.523028 0.543598 0.567275 0.594607 0.626291 0.663229 0.706606 0.725798 0.721753 0.719476 0.718941 0.720140 0.723087 0.727820 0.734396 0.742898 0.753435 0.766148 0.781211 0.798842 0.819306 0.842930 0.844872 0.842726 0.842615 0.844538 0.848519 0.854606 0.862875 0.873431 0.886409 0.901985 0.920375 0.941847 0.901760 0.845753 0.798106 0.757268 0.722061 0.691575 0.665095 0.642059 0.622013 0.604593 0.589504 0.576505 0.565400 0.556028 0.548261 1870.000000 1.388081 0.725129
0.879410 0.901429 0.866000 0.835188 0.808373 0.785059 0.764843 0.747397 0.732455 0.719798 0.709251 0.700673 0.695169 0.693205 0.692917 0.694301 0.697374 0.702174 0.708759 0.717214 0.727646 0.740196 0.755037 0.772385 0.792502 0.815714 0.842416 0.873100 0.908376 0.949004 0.973543 0.946735 0.923529 0.903558 0.886523 0.872181 0.860335 0.850828 0.843540 0.838378 0.835278 0.834204 0.835142 0.838103 0.843124 0.850266 0.859619 0.871302 0.852506 0.824928 0.800947 0.780147 0.762190 0.746799 0.733751 0.722862 0.713986 0.707009 0.701841 0.698418 0.696699 0.696662 0.698308 0.701655 0.706746 0.713643 0.722434 0.733232 0.746183 0.761467 0.779306 0.799976 0.823810 0.851222 0.849745 0.830571 0.814161 0.800277 0.788727 0.779356 0.772044 0.766698 0.763251 0.761662 0.761911 0.764001 0.767958 0.773830 0.781690 0.791638 0.803805 0.818353 0.835487 0.855459 0.878578 0.905223 0.935859 0.971063 1.000000 0.957578 0.920737 0.888686 0.860797 0.836558 0.815558 0.797461 0.781992 0.768929 0.758092 0.749336 0.742549 0.737644 0.734562 0.733265 0.733737 0.735983 0.740032 0.745868 0.747452 0.750855 0.756120 0.763311 0.772518 0.783862 0.797494 0.813604 0.832424 0.854242 6433.000000 1.085472 0.852157
0.820993 0.848021 0.879079 0.901101 0.877684 0.857466 0.840138 0.825445 0.813182 0.803185 0.795324 0.789499 0.785637 0.783692 0.783639 0.785479 0.789233 0.794947 0.802693 0.812567 0.824700 0.839252 0.856428 0.876477 0.899707 0.926494 0.957303 0.929298 0.898094 0.870946 0.847374 0.826983 0.809455 0.794529 0.781994 0.771677 0.763445 0.757192 0.752838 0.750332 0.749643 0.750762 0.753703 0.758501 0.765216 0.773932 0.784761 0.797847 0.813370 0.831551 0.852665 0.834401 0.815799 0.799892 0.786453 0.775295 0.766269 0.759259 0.754177 0.750959 0.749566 0.749982 0.752212 0.756283 0.762244 0.770170 0.780161 0.792350 0.806900 0.824016 0.843952 0.867017 0.893591 0.924142 0.896084 0.870104 0.847573 0.828124 0.811458 0.797333 0.785551 0.775955 0.768419 0.762848 0.759173 0.757349 0.757354 0.759187 0.762872 0.768454 0.776000 0.785608 0.797402 0.811540 0.828220 0.847685 0.870234 0.896233 0.926134 0.960492 1.000000 0.966728 0.924155 0.887220 0.855105 0.827157 0.802851 0.781762 0.763545 0.747919 0.734653 0.723563 0.714498 0.707341 0.702000 0.698409 0.696524 0.696322 0.697801 0.700978 0.705893 0.712606 0.721202 0.731792 0.744519 0.759558 0.777128 0.797497 1697.000000 1.085829 0.853827
0.766852 0.755406 0.746068 0.738717 0.733257 0.729623 0.727769 0.727673 0.729334 0.732772 0.738029 0.745170 0.754286 0.765494 0.778945 0.794826 0.813369 0.834857 0.826235 0.804054 0.784875 0.768397 0.754377 0.742616 0.732955 0.725267 0.719454 0.715443 0.713185 0.712653 0.713840 0.716760 0.721450 0.727967 0.736393 0.746836 0.759436 0.774366 0.791840 0.812123 0.835538 0.862483 0.893448 0.929040 0.970020 1.000000 0.966291 0.936964 0.911496 0.889462 0.870515 0.854374 0.840810 0.829637 0.820708 0.813910 0.809156 0.806389 0.805575 0.806704 0.809790 0.814870 0.822007 0.831291 0.815453 0.792479 0.772573 0.755419 0.740755 0.728371 0.718096 0.709793 0.703355 0.698700 0.695772 0.694535 0.694973 0.697093 0.700919 0.706498 0.713901 0.723222 0.734582 0.748135 0.764074 0.782633 0.804101 0.828834 0.821124 0.809397 0.799899 0.792509 0.787134 0.783706 0.782183 0.782549 0.784806 0.788982 0.795129 0.803323 0.813669 0.826300 0.841389 0.859148 0.879838 0.893292 0.876054 0.861503 0.849442 0.839708 0.832177 0.826754 0.823372 0.821989 0.822590 0.825181 0.829793 0.836484 0.845337 0.856465 0.870013 0.886166 0.891503 0.862564 0.837398 0.815569 0.796719 0.780559 547.000000 1.202231 0.887715
0.813859 0.829449 0.847729 0.868974 0.893519 0.921776 0.947825 0.927609 0.910385 0.895908 0.883981 0.874446 0.867181 0.862096 0.859128 0.858240 0.859423 0.862690 0.868081 0.875663 0.885530 0.897811 0.872983 0.848593 0.827468 0.809272 0.793730 0.780619 0.769758 0.761004 0.754243 0.749390 0.746386 0.745195 0.745800 0.748211 0.743040 0.732381 0.723742 0.717012 0.712106 0.708963 0.707545 0.707834 0.709834 0.713569 0.717826 0.723789 0.731628 0.741445 0.753368 0.767560 0.784223 0.803605 0.826009 0.851809 0.881465 0.915545 0.954759 1.000000 0.978932 0.948913 0.922838 0.900268 0.880847 0.864285 0.850345 0.838836 0.829606 0.822537 0.817540 0.814555 0.813544 0.814495 0.817419 0.822354 0.829358 0.838520 0.849957 0.863820 0.880299 0.881919 0.858813 0.838857 0.821741 0.807215 0.795077 0.785161 0.777340 0.771513 0.767608 0.765577 0.765396 0.767063 0.770598 0.776043 0.783467 0.792964 0.802229 0.793541 0.786914 0.782265 0.779539 0.778700 0.779740 0.782671 0.787529 0.794372 0.803288 0.814390 0.827826 0.843780 0.847242 0.829032 0.813506 0.800444 0.789667 0.781033 0.774431 0.769779 0.767019 0.766118 0.767065 0.769871 0.774570 0.781221 0.789907 0.800739 7481.500000 1.013672 0.900283
0.670270 0.664125 0.659667 0.656840 0.655609 0.655961 0.657899 0.661446 0.666647 0.673565 0.682290 0.692935 0.705644 0.720597 0.738013 0.758164 0.781381 0.808073 0.838746 0.874028 0.870305 0.846379 0.825670 0.807850 0.792652 0.779860 0.769297 0.760826 0.754336 0.749747 0.747002 0.746068 0.746934 0.749609 0.754127 0.760544 0.768938 0.779419 0.792124 0.807227 0.824943 0.845537 0.869333 0.896730 0.928220 0.964409 1.000000 0.944658 0.897168 0.856188 0.820679 0.789825 0.762978 0.739620 0.719331 0.701771 0.686662 0.673780 0.662939 0.653993 0.646822 0.641335 0.637463 0.635158 0.627889 0.621749 0.617201 0.614187 0.612672 0.612636 0.614079 0.617020 0.621493 0.627554 0.635280 0.644772 0.656156 0.669591 0.685274 0.703444 0.724396 0.748494 0.776184 0.808023 0.844707 0.887121 0.936393 0.914236 0.889740 0.868560 0.850367 0.834889 0.821910 0.811253 0.802778 0.796377 0.791969 0.789502 0.788945 0.790291 0.793557 0.798782 0.806032 0.815396 0.826996 0.840986 0.857560 0.876954 0.899464 0.869364 0.840249 0.814921 0.792930 0.773910 0.757563 0.743647 0.731964 0.722356 0.714697 0.708888 0.704858 0.702555 0.701954 0.703045 0.705843 0.699724 0.687953 0.678179 9484.500000 1.148946 0.832298
0.618568 0.611642 0.606314 0.602517 0.600204 0.599347 0.599936 0.601978 0.605497 0.610538 0.617162 0.625454 0.635525 0.647511 0.661581 0.677947 0.696864 0.718648 0.743687 0.772462 0.805573 0.843773 0.888022 0.939557 1.000000 0.952665 0.911483 0.875737 0.844647 0.817591 0.794068 0.773672 0.756074 0.741004 0.728243 0.717614 0.708973 0.702211 0.697239 0.693998 0.692447 0.692568 0.694362 0.697851 0.703077 0.710106 0.719026 0.729955 0.743038 0.758460 0.757060 0.726405 0.699756 0.676566 0.656393 0.638884 0.623748 0.610750 0.599698 0.590435 0.582838 0.576805 0.572260 0.569147 0.567427 0.567080 0.568101 0.570502 0.574313 0.579727 0.588866 0.599766 0.612582 0.627501 0.644757 0.664636 0.687488 0.713749 0.743958 0.778798 0.819130 0.866069 0.921068 0.936787 0.903164 0.873903 0.848459 0.826389 0.807334 0.791000 0.777149 0.765588 0.756160 0.748744 0.743245 0.739595 0.737749 0.737685 0.739402 0.742921 0.748285 0.755561 0.764840 0.776243 0.789923 0.774307 0.752519 0.733642 0.717375 0.703472 0.691732 0.681994 0.674127 0.668031 0.663629 0.660866 0.659708 0.660142 0.662173 0.665826 0.671144 0.678196 0.687070 0.681246 0.664430 0.649951 0.637594 0.627180 2879.000000 1.198480 0.806530
0.484086 0.484669 0.486428 0.489382 0.493569 0.499041 0.505868 0.514140 0.523971 0.535499 0.548899 0.564381 0.582205 0.602691 0.626234 0.653330 0.684600 0.720839 0.763069 0.812634 0.871331 0.878448 0.846927 0.819496 0.795643 0.774953 0.757090 0.741778 0.728795 0.717958 0.709121 0.702171 0.697019 0.693600 0.691873 0.691818 0.693432 0.696737 0.701772 0.708600 0.717308 0.728007 0.740842 0.755992 0.773678 0.766230 0.743800 0.724342 0.707537 0.693126 0.680898 0.670682 0.662339 0.655762 0.650868 0.647594 0.645901 0.645768 0.647195 0.650197 0.654813 0.661098 0.669133 0.679022 0.659485 0.639782 0.622679 0.607893 0.595193 0.584392 0.575338 0.567907 0.562002 0.557548 0.554490 0.552789 0.552426 0.553395 0.555709 0.559395 0.564500 0.571087 0.579242 0.589073 0.600715 0.614337 0.630144 0.648389 0.669383 0.684014 0.687087 0.691863 0.698399 0.706780 0.717112 0.729534 0.744219 0.761379 0.781276 0.804230 0.830636 0.860979 0.895862 0.936042 0.982474 1.000000 0.919708 0.853254 0.797548 0.750367 0.710071 0.675427 0.645489 0.619522 0.596945 0.577298 0.560210 0.545380 0.532565 0.521566 0.512221 0.504399 0.497994 0.492922 0.489119 0.486537 0.485145 0.484669 1671.500000 1.313675 0.768495
0.790098 0.859378 0.895998 0.836434 0.786072 0.743118 0.706228 0.674376 0.646764 0.622765 0.601882 0.583714 0.567939 0.554295 0.542567 0.532581 0.524197 0.517299 0.511798 0.507622 0.504720 0.503056 0.502609 0.503376 0.505363 0.508597 0.513116 0.518978 0.526258 0.535052 0.545482 0.557697 0.571880 0.588258 0.607107 0.628770 0.653668 0.682331 0.715425 0.753802 0.798562 0.821031 0.764250 0.716430 0.675774 0.640945 0.610930 0.584947 0.562383 0.542755 0.525674 0.510828 0.497965 0.486877 0.477398 0.469390 0.462742 0.457367 0.453194 0.450172 0.448262 0.447442 0.447701 0.449043 0.451484 0.455054 0.459798 0.465775 0.473065 0.481765 0.491999 0.503917 0.517705 0.533591 0.551854 0.572840 0.596981 0.624817 0.657036 0.694524 0.738434 0.790303 0.852219 0.927083 1.000000 0.903937 0.826528 0.763025 0.710173 0.665668 0.627835 0.595429 0.567504 0.543331 0.522340 0.504080 0.488190 0.474379 0.462412 0.452095 0.443274 0.435820 0.429630 0.424623 0.420733 0.417911 0.416122 0.415345 0.415570 0.416800 0.419050 0.422347 0.426733 0.432263 0.439010 0.447065 0.456541 0.467579 0.480349 0.495063 0.511979 0.531418 0.553777 0.579558 0.609397 0.644111 0.684768 0.732788 7495.500000 1.246062 0.593815
0.870695 0.835413 0.804743 0.778053 0.754836 0.734684 0.717263 0.702301 0.689578 0.678915 0.670166 0.663217 0.657979 0.654388 0.652399 0.651988 0.653150 0.655899 0.660269 0.666313 0.674108 0.683754 0.695380 0.709146 0.725250 0.743937 0.765505 0.790322 0.818841 0.797661 0.773425 0.752376 0.734165 0.718504 0.705161 0.693946 0.684706 0.677319 0.671690 0.667750 0.665449 0.664760 0.665675 0.668204 0.672378 0.678249 0.685890 0.695400 0.706904 0.720561 0.736565 0.755156 0.776630 0.801347 0.829755 0.862404 0.899985 0.879724 0.851827 0.827578 0.806560 0.788436 0.772929 0.759816 0.748914 0.740079 0.733195 0.728176 0.724960 0.723508 0.723802 0.725845 0.729663 0.735302 0.742832 0.752349 0.763977 0.777875 0.794236 0.798609 0.778410 0.760996 0.746102 0.733514 0.723055 0.714589 0.708004 0.703218 0.700172 0.698828 0.699170 0.701203 0.704952 0.710461 0.717799 0.727061 0.738367 0.746804 0.727597 0.711024 0.696830 0.684809 0.674794 0.666651 0.660274 0.655581 0.652516 0.651041 0.651137 0.652806 0.656068 0.660964 0.667553 0.675920 0.686173 0.698451 0.712925 0.729806 0.749356 0.771893 0.797808 0.827588 0.861833 0.901300 0.946946 1.000000 0.958477 0.911380 7067.000000 1.134430 0.832071
0.521862 0.520268 0.519934 0.520853 0.523039 0.526516 0.531329 0.537537 0.545221 0.554483 0.565451 0.578283 0.593173 0.610359 0.630134 0.652859 0.669873 0.669684 0.671111 0.674172 0.678904 0.685366 0.693639 0.703831 0.716077 0.730548 0.747454 0.767053 0.789660 0.815666 0.843574 0.821672 0.802763 0.786558 0.772818 0.761353 0.752009 0.744663 0.739223 0.735621 0.733814 0.733778 0.735515 0.739044 0.744409 0.751677 0.760940 0.772317 0.778345 0.763832 0.751629 0.741567 0.733515 0.727370 0.723054 0.720514 0.719720 0.720662 0.723352 0.727821 0.734126 0.742345 0.752583 0.764977 0.779695 0.728198 0.683689 0.645775 0.613244 0.585175 0.560856 0.539725 0.521340 0.505343 0.491447 0.479419 0.469069 0.460241 0.452811 0.446675 0.441754 0.437983 0.435316 0.433720 0.433175 0.433675 0.449021 0.470538 0.495476 0.524538 0.558653 0.599057 0.647442 0.706181 0.778705 0.870165 0.988669 1.000000 0.964932 0.934414 0.907888 0.884899 0.865079 0.848125 0.833793 0.821885 0.812241 0.804737 0.799278 0.795797 0.794251 0.794622 0.796914 0.801155 0.802441 0.757047 0.718151 0.684625 0.655599 0.630391 0.608461 0.589378 0.572793 0.558425 0.546043 0.535461 0.528917 0.524733 2723.000000 1.260026 0.746976
0.522793 0.525183 0.528874 0.533913 0.540364 0.548309 0.557855 0.569135 0.582313 0.597588 0.615209 0.635478 0.658770 0.685548 0.716394 0.714495 0.694835 0.677817 0.663172 0.650681 0.640165 0.631481 0.624514 0.619175 0.615395 0.613130 0.612351 0.613050 0.615233 0.618929 0.624182 0.631058 0.639646 0.650058 0.662437 0.657484 0.647614 0.639554 0.633199 0.628468 0.625303 0.623664 0.623532 0.624905 0.627800 0.632253 0.638317 0.646071 0.655614 0.667074 0.680611 0.696421 0.714747 0.735883 0.760194 0.788131 0.809236 0.779799 0.754181 0.731901 0.712566 0.695860 0.681524 0.669346 0.659156 0.650816 0.644217 0.639275 0.635928 0.634136 0.633878 0.635148 0.637964 0.642359 0.648389 0.656128 0.665677 0.677163 0.679271 0.649797 0.624215 0.601967 0.582605 0.565771 0.551173 0.538574 0.527781 0.518637 0.511014 0.504811 0.499947 0.496360 0.494005 0.492855 0.495785 0.502236 0.510103 0.519491 0.530533 0.543392 0.558268 0.575408 0.595111 0.617754 0.643799 0.673832 0.708595 0.749043 0.796423 0.852393 0.919207 1.000000 0.960892 0.888630 0.828332 0.777452 0.734126 0.696965 0.664910 0.637140 0.613015 0.592025 0.573761 0.557894 0.544156 0.532331 0.522239 0.521676 9302.000000 1.188220 0.738671
0.749962 0.684619 0.631149 0.586737 0.549401 0.517705 0.490584 0.467232 0.447031 0.429496 0.414245 0.400973 0.389434 0.379429 0.370796 0.363403 0.357143 0.351928 0.347689 0.344371 0.341931 0.340340 0.339577 0.339635 0.340513 0.342222 0.344784 0.348229 0.352601 0.357958 0.364372 0.371933 0.380750 0.390960 0.402730 0.416264 0.431817 0.449702 0.470314 0.494154 0.521865 0.554283 0.592517 0.638068 0.693015 0.760320 0.844358 0.951861 1.000000 0.910471 0.837507 0.777104 0.726459 0.683558 0.646913 0.615404 0.588173 0.564552 0.544015 0.526143 0.510599 0.497110 0.485455 0.475453 0.466957 0.459848 0.454029 0.449425 0.445977 0.443643 0.442392 0.442211 0.443098 0.445062 0.448128 0.452334 0.457732 0.464394 0.472407 0.481882 0.492958 0.505801 0.520620 0.537668 0.557257 0.579778 0.605717 0.635688 0.670478 0.659706 0.631821 0.607601 0.586531 0.568196 0.552263 0.538460 0.526569 0.516408 0.507833 0.500724 0.494987 0.490549 0.487354 0.485361 0.484547 0.484902 0.486431 0.489151 0.493096 0.498316 0.504877 0.512865 0.522388 0.533582 0.546611 0.561680 0.579037 0.598991 0.621920 0.648299 0.678722 0.713946 0.754945 0.802991 0.859780 0.927619 0.934974 0.831308 1425.500000 1.622654 0.553196
0.992581 0.944914 0.903693 0.867922 0.836814 0.809742 0.786201 0.765783 0.748156 0.733048 0.720239 0.709550 0.700837 0.693987 0.688913 0.685553 0.683865 0.683828 0.685442 0.688728 0.693724 0.700493 0.685432 0.670813 0.658358 0.647888 0.639263 0.632368 0.627114 0.623436 0.621290 0.620648 0.621503 0.623866 0.627765 0.633248 0.640383 0.649264 0.660007 0.672759 0.687703 0.683038 0.670280 0.659550 0.650701 0.643616 0.638205 0.634399 0.632153 0.631438 0.632246 0.634587 0.638490 0.644001 0.651191 0.660152 0.671002 0.683890 0.698999 0.716556 0.736839 0.760188 0.787024 0.817865 0.853363 0.894334 0.941820 0.919129 0.892050 0.868555 0.848256 0.830840 0.816052 0.803682 0.793566 0.785570 0.779593 0.775560 0.773423 0.773155 0.774753 0.778236 0.783647 0.783717 0.747112 0.715422 0.687900 0.663957 0.643122 0.625015 0.609327 0.595808 0.584253 0.574495 0.566400 0.559859 0.554790 0.551127 0.548825 0.547857 0.548211 0.549891 0.552917 0.557327 0.563176 0.570537 0.579509 0.590211 0.602796 0.613200 0.614767 0.617835 0.622441 0.628641 0.636516 0.646166 0.657723 0.671347 0.687238 0.705641 0.726856 0.751252 0.779284 0.811522 0.848673 0.891641 0.941582 1.000000 1420.500000 1.357180 0.822305
0.747228 0.719335 0.695063 0.673947 0.655608 0.639742 0.626098 0.614473 0.604702 0.596652 0.590217 0.585314 0.581882 0.579879 0.579281 0.580080 0.582285 0.585925 0.591043 0.597704 0.605993 0.616020 0.627923 0.641872 0.658076 0.676792 0.698335 0.723094 0.751550 0.784305 0.822116 0.791089 0.759350 0.731755 0.707740 0.686853 0.668729 0.653070 0.639632 0.628220 0.618672 0.610859 0.604680 0.600056 0.596929 0.595261 0.595032 0.596239 0.598896 0.603037 0.608712 0.615992 0.624973 0.635774 0.648545 0.663470 0.680778 0.700745 0.723716 0.750112 0.780458 0.815409 0.855797 0.902681 0.957441 1.000000 0.930677 0.872308 0.822693 0.780197 0.743578 0.711882 0.684358 0.660415 0.639579 0.621470 0.605776 0.592248 0.580679 0.570902 0.562782 0.556212 0.551105 0.547398 0.545045 0.544016 0.544301 0.545902 0.548838 0.553145 0.558878 0.566109 0.574933 0.585469 0.597866 0.612306 0.629013 0.648264 0.670396 0.695828 0.725082 0.723723 0.711233 0.700826 0.692363 0.685735 0.680857 0.677669 0.676131 0.676226 0.677955 0.681338 0.686417 0.693255 0.701939 0.712581 0.725325 0.740350 0.757874 0.778169 0.801564 0.828468 0.859382 0.894932 0.909233 0.859260 0.816358 0.779325 1041.500000 1.271272 0.749985
0.747353 0.743040 0.740550 0.739853 0.740940 0.743825 0.748544 0.755153 0.763736 0.774404 0.787298 0.802594 0.820513 0.841323 0.865355 0.893015 0.924802 0.961338 0.953108 0.920770 0.892635 0.868197 0.847048 0.828855 0.813344 0.800296 0.789532 0.780910 0.774320 0.769678 0.766929 0.766038 0.766995 0.769811 0.774520 0.781181 0.789877 0.793643 0.769643 0.748803 0.730776 0.715280 0.702083 0.690999 0.681876 0.674595 0.669063 0.665211 0.662990 0.662375 0.663357 0.665950 0.670183 0.676110 0.683804 0.693366 0.699918 0.698324 0.698416 0.700195 0.703683 0.708922 0.715977 0.724938 0.735922 0.749076 0.764585 0.782674 0.803623 0.827774 0.855546 0.887458 0.924156 0.966448 1.000000 0.960718 0.926554 0.896822 0.870972 0.848557 0.829215 0.812649 0.798618 0.786927 0.777420 0.769972 0.764489 0.760904 0.759174 0.759276 0.761212 0.765005 0.770703 0.763283 0.755498 0.749657 0.745689 0.743544 0.743197 0.744643 0.747900 0.753008 0.760030 0.769054 0.780197 0.793608 0.784318 0.766620 0.751474 0.738659 0.727998 0.719349 0.712600 0.707665 0.704484 0.703017 0.703247 0.705176 0.708828 0.714248 0.721503 0.730686 0.741915 0.755343 0.771158 0.771888 0.761687 0.753543 1094.500000 1.140883 0.879544
0.510699 0.498152 0.487352 0.478138 0.470378 0.463966 0.458817 0.454864 0.452059 0.450367 0.449767 0.450251 0.451826 0.454512 0.458340 0.463358 0.469632 0.477244 0.486297 0.496921 0.509273 0.523548 0.539986 0.558879 0.580591 0.605577 0.634407 0.667808 0.706719 0.752369 0.806402 0.871056 0.949468 1.000000 0.918555 0.851273 0.794960 0.747323 0.706679 0.671763 0.641607 0.615462 0.592736 0.572960 0.555756 0.540821 0.527905 0.516808 0.507365 0.499443 0.492933 0.487751 0.483831 0.481122 0.479593 0.479224 0.480011 0.481964 0.485106 0.489477 0.495130 0.502140 0.510598 0.520622 0.532356 0.545976 0.561701 0.579796 0.600591 0.592105 0.579780 0.569302 0.560521 0.553321 0.547605 0.543302 0.540358 0.538736 0.538417 0.539397 0.541688 0.545318 0.550331 0.556792 0.564783 0.574410 0.585807 0.599138 0.614605 0.632456 0.652995 0.676597 0.703729 0.734972 0.771062 0.812938 0.858293 0.816236 0.779900 0.748387 0.720991 0.697150 0.676413 0.658414 0.642857 0.629500 0.618145 0.608633 0.600835 0.594648 0.589995 0.586816 0.585073 0.584746 0.585829 0.588336 0.592298 0.597763 0.604801 0.613502 0.623982 0.636386 0.637734 0.608455 0.583089 0.561051 0.541877 0.525193 13346.000000 1.592086 0.702978
0.905336 0.949172 1.000000 0.978075 0.941176 0.909070 0.881135 0.856868 0.835862 0.817784 0.802364 0.789381 0.778657 0.770051 0.763453 0.758779 0.755971 0.754997 0.755844 0.754701 0.731640 0.711610 0.694275 0.679363 0.666650 0.655955 0.647133 0.640066 0.634664 0.628410 0.617180 0.607784 0.600093 0.594008 0.589450 0.586364 0.584711 0.584472 0.585643 0.588239 0.592291 0.597850 0.604985 0.613789 0.624380 0.636904 0.651542 0.662331 0.668543 0.676517 0.686358 0.698196 0.712195 0.728559 0.747535 0.769429 0.794617 0.823560 0.856834 0.895158 0.939439 0.990840 0.954850 0.922101 0.893605 0.868847 0.847411 0.828957 0.813206 0.799934 0.788958 0.780133 0.773346 0.768512 0.765570 0.764486 0.765245 0.767858 0.772356 0.778794 0.764113 0.746693 0.731774 0.719137 0.708607 0.700044 0.693335 0.688397 0.685167 0.683607 0.683697 0.685438 0.688853 0.693981 0.683813 0.670741 0.659719 0.650596 0.643250 0.637586 0.633535 0.631045 0.630087 0.630649 0.632737 0.636378 0.641615 0.648514 0.657164 0.667678 0.674121 0.670240 0.668002 0.667383 0.668373 0.670984 0.675250 0.681221 0.688974 0.698607 0.710250 0.724060 0.740237 0.759024 0.780719 0.805689 0.834385 0.867367 5394.000000 1.215073 0.854930
0.537232 0.528199 0.520507 0.514257 0.509368 0.505777 0.503442 0.502332 0.502435 0.503752 0.506299 0.510106 0.515223 0.521712 0.524699 0.516778 0.510304 0.505192 0.501377 0.498812 0.497466 0.497322 0.498378 0.500647 0.504157 0.508952 0.515091 0.522655 0.531745 0.542486 0.555035 0.561871 0.566363 0.572318 0.579811 0.588941 0.599830 0.612634 0.627541 0.644784 0.664647 0.687482 0.713723 0.743909 0.778720 0.770417 0.753421 0.738900 0.726647 0.716490 0.708297 0.701961 0.697402 0.694565 0.693415 0.693937 0.696138 0.700046 0.705707 0.713192 0.722598 0.734046 0.747694 0.763734 0.782403 0.768591 0.714841 0.669624 0.631218 0.598341 0.570025 0.545523 0.524251 0.505749 0.489647 0.475650 0.463516 0.453051 0.444093 0.436514 0.430209 0.425092 0.421099 0.418178 0.416293 0.415421 0.415552 0.416442 0.417747 0.420076 0.423456 0.427931 0.433556 0.440407 0.448576 0.458178 0.469356 0.482283 0.497175 0.514294 0.533966 0.556597 0.582243 0.598706 0.617659 0.639441 0.664475 0.693288 0.726542 0.765083 0.810003 0.862735 0.925194 1.000000 0.981338 0.908402 0.847458 0.795974 0.752095 0.714433 0.681927 0.653757 0.629278 0.607977 0.589445 0.573350 0.559422 0.547442 5009.000000 1.455199 0.730133
0.914671 0.857943 0.809677 0.768305 0.732635 0.701745 0.674915 0.651573 0.631262 0.613612 0.598324 0.585155 0.573906 0.564416 0.556553 0.550214 0.545316 0.541798 0.539618 0.538747 0.539176 0.540910 0.543970 0.548393 0.554235 0.561570 0.570494 0.581130 0.593626 0.608170 0.624987 0.644358 0.666625 0.665599 0.653805 0.643945 0.635888 0.629527 0.624783 0.621596 0.619927 0.619757 0.621082 0.623919 0.628303 0.634287 0.641948 0.651385 0.662724 0.676122 0.691775 0.709919 0.730850 0.754926 0.782592 0.814399 0.851039 0.893384 0.942554 1.000000 0.993904 0.921140 0.860234 0.808710 0.764747 0.726979 0.694360 0.666078 0.641495 0.620102 0.601493 0.585337 0.571366 0.559363 0.549150 0.540582 0.533543 0.527940 0.523703 0.520777 0.519128 0.518734 0.519592 0.521712 0.525120 0.529857 0.535983 0.543578 0.552742 0.563600 0.576311 0.591064 0.608097 0.627697 0.650221 0.676112 0.705920 0.740345 0.773444 0.749946 0.729540 0.711884 0.696702 0.683766 0.672894 0.663936 0.656775 0.651319 0.647500 0.645271 0.644605 0.645494 0.647949 0.651998 0.657694 0.665106 0.674330 0.685488 0.698733 0.714255 0.732286 0.753112 0.777085 0.804636 0.836301 0.872750 0.914824 0.963600 5136.500000 1.448243 0.732160
0.585358 0.571361 0.559334 0.549098 0.540509 0.533450 0.527828 0.523571 0.520627 0.518959 0.518547 0.519386 0.521485 0.524872 0.529586 0.535689 0.543258 0.552393 0.563222 0.575898 0.590613 0.607603 0.627154 0.649623 0.675449 0.682839 0.680038 0.678889 0.679377 0.681509 0.685311 0.690830 0.698133 0.707314 0.718494 0.731825 0.747495 0.765735 0.786831 0.811131 0.839066 0.871167 0.908098 0.950689 1.000000 0.980099 0.920319 0.869386 0.825680 0.787966 0.755286 0.726891 0.702183 0.680686 0.662014 0.645853 0.631948 0.620092 0.610115 0.601882 0.586353 0.569164 0.554252 0.541371 0.530325 0.520950 0.513115 0.506716 0.501667 0.497906 0.495385 0.494074 0.493957 0.495032 0.497313 0.500826 0.505617 0.511745 0.519289 0.528351 0.539057 0.551562 0.566057 0.582776 0.602007 0.624106 0.649513 0.678781 0.689879 0.687416 0.686619 0.687478 0.690003 0.694226 0.700198 0.707994 0.717714 0.729487 0.743473 0.759873 0.778931 0.800948 0.826296 0.855428 0.888909 0.927443 0.971917 0.957768 0.906591 0.862578 0.824535 0.791533 0.762837 0.737865 0.716147 0.697302 0.681022 0.667056 0.655197 0.645280 0.637171 0.630764 0.625978 0.622752 0.621049 0.620846 0.620186 0.601544 1284.500000 1.590049 0.784002
0.561243 0.547438 0.535556 0.525417 0.516877 0.509819 0.504149 0.499795 0.496701 0.494831 0.494160 0.494682 0.496401 0.499340 0.503534 0.509036 0.515916 0.524265 0.534196 0.545852 0.559405 0.575069 0.588097 0.602168 0.618454 0.637224 0.658805 0.683604 0.712126 0.745005 0.783044 0.827277 0.879051 0.940154 1.000000 0.919150 0.852294 0.796294 0.748891 0.708426 0.673649 0.643605 0.617551 0.594901 0.575191 0.560856 0.553013 0.546685 0.541791 0.538270 0.536076 0.535185 0.535585 0.537280 0.540292 0.544658 0.550431 0.557687 0.566519 0.577047 0.589422 0.603825 0.620482 0.638364 0.627155 0.617794 0.610157 0.604145 0.599680 0.596708 0.595192 0.595113 0.596472 0.599283 0.603583 0.609423 0.616877 0.626044 0.637045 0.650033 0.665198 0.682771 0.703038 0.689787 0.672726 0.658035 0.645493 0.634922 0.626176 0.619138 0.613719 0.609851 0.607485 0.606594 0.607165 0.609207 0.612743 0.617818 0.624495 0.632859 0.644107 0.657646 0.673424 0.691685 0.712728 0.736923 0.764725 0.796702 0.833566 0.876220 0.834036 0.792628 0.756875 0.725881 0.698943 0.675503 0.655110 0.637403 0.622088 0.608924 0.597715 0.588303 0.580560 0.574384 0.569696 0.566438 0.564568 0.564066 845.000000 1.428392 0.747826
0.905313 0.879403 0.856942 0.837568 0.820984 0.806951 0.795272 0.785793 0.778391 0.772972 0.769468 0.767837 0.768060 0.770139 0.774098 0.779988 0.787880 0.778145 0.756098 0.736992 0.720521 0.706434 0.694529 0.684641 0.676637 0.670415 0.665896 0.663024 0.661764 0.662101 0.664038 0.667600 0.672830 0.679794 0.688579 0.699301 0.712105 0.727171 0.744721 0.765027 0.788425 0.763887 0.742317 0.723628 0.707519 0.693746 0.682112 0.672454 0.664645 0.658583 0.654193 0.651420 0.650230 0.650609 0.652562 0.656112 0.661302 0.668198 0.676887 0.687482 0.700129 0.715004 0.732327 0.752369 0.775458 0.802004 0.832507 0.867596 0.895061 0.878761 0.865091 0.853865 0.844936 0.838191 0.833544 0.830940 0.830345 0.831754 0.835184 0.840675 0.848296 0.858143 0.870342 0.885056 0.897394 0.847758 0.805164 0.768407 0.736557 0.708882 0.684801 0.663849 0.645651 0.629901 0.616350 0.604796 0.595075 0.587053 0.580625 0.575708 0.572241 0.570180 0.569502 0.570197 0.572273 0.573750 0.573826 0.575287 0.578153 0.582457 0.588254 0.595617 0.604641 0.615449 0.628190 0.643053 0.660265 0.680107 0.702925 0.729144 0.759296 0.794044 0.834230 0.880937 0.935572 1.000000 0.969365 0.935117 3416.000000 1.283824 0.828366
0.869788 0.829038 0.793761 0.763127 0.736479 0.713289 0.693134 0.675669 0.660615 0.647744 0.636870 0.627843 0.620542 0.614873 0.610764 0.608166 0.607046 0.607390 0.609204 0.612508 0.617344 0.623771 0.631872 0.641752 0.653546 0.667419 0.683577 0.702270 0.723807 0.697777 0.672108 0.649770 0.630339 0.613471 0.598888 0.586362 0.575707 0.566774 0.559441 0.553612 0.549213 0.546188 0.544502 0.544132 0.545075 0.547342 0.550961 0.555977 0.562452 0.570471 0.580139 0.591590 0.604989 0.620539 0.638488 0.659141 0.682875 0.710158 0.741571 0.777853 0.819945 0.869067 0.926824 0.995373 1.000000 0.938725 0.886539 0.841770 0.803148 0.769687 0.740615 0.715320 0.693311 0.674192 0.657640 0.643395 0.631242 0.621008 0.612553 0.605765 0.600556 0.596862 0.594637 0.593854 0.594503 0.596592 0.600147 0.605212 0.611849 0.620143 0.630205 0.642172 0.656213 0.665069 0.644453 0.626540 0.611029 0.597672 0.586269 0.576656 0.568701 0.562299 0.557367 0.553844 0.551686 0.550866 0.551375 0.553219 0.556420 0.561018 0.567070 0.574654 0.583869 0.594840 0.607724 0.622712 0.640038 0.659992 0.682928 0.709287 0.739614 0.774601 0.815123 0.862311 0.917644 0.983096 0.972278 0.917076 2890.500000 1.480881 0.727056
0.462720 0.451700 0.442234 0.434181 0.427427 0.421881 0.417469 0.414137 0.411841 0.410554 0.410261 0.410957 0.412652 0.415365 0.419131 0.423997 0.430024 0.437295 0.445908 0.455988 0.467687 0.481191 0.496731 0.514590 0.535117 0.558753 0.586050 0.617715 0.654665 0.698105 0.749655 0.811536 0.886880 0.980250 0.965645 0.882379 0.814138 0.757389 0.709633 0.669059 0.634319 0.604393 0.578494 0.556008 0.536449 0.519428 0.504632 0.491807 0.480748 0.471286 0.463283 0.456629 0.451236 0.447033 0.443967 0.442000 0.441109 0.441282 0.442522 0.444843 0.444774 0.432602 0.422068 0.413006 0.405281 0.398783 0.393423 0.389130 0.385849 0.383539 0.382172 0.381731 0.382211 0.383617 0.385967 0.389289 0.393626 0.399033 0.405581 0.413359 0.422480 0.433079 0.445324 0.459420 0.475622 0.494242 0.515672 0.540406 0.569072 0.602483 0.641704 0.688159 0.743798 0.811352 0.894773 1.000000 0.954715 0.877276 0.813270 0.759674 0.714319 0.675611 0.642351 0.613620 0.588707 0.567051 0.548206 0.531812 0.517582 0.505279 0.494711 0.485722 0.478186 0.471999 0.467082 0.463370 0.460819 0.459396 0.459085 0.459881 0.461794 0.464848 0.469080 0.474543 0.481309 0.489466 0.490146 0.475465 15551.000000 2.207403 0.587292
0.863525 0.946423 1.000000 0.911661 0.839521 0.779701 0.729480 0.686891 0.650482 0.619155 0.592067 0.568562 0.548123 0.530335 0.514867 0.501449 0.489863 0.479931 0.471506 0.464472 0.458734 0.454216 0.450862 0.448631 0.447494 0.447438 0.448462 0.450579 0.453814 0.458208 0.463816 0.470712 0.478986 0.488756 0.500162 0.513380 0.528623 0.546155 0.566301 0.589465 0.616152 0.647003 0.682837 0.724723 0.774069 0.832779 0.830670 0.782376 0.741075 0.705531 0.674791 0.648115 0.624916 0.604726 0.587171 0.571945 0.558801 0.547537 0.537989 0.530023 0.523532 0.518432 0.514658 0.512164 0.510919 0.510907 0.512130 0.514601 0.518351 0.523426 0.529890 0.537828 0.547346 0.558578 0.571685 0.586871 0.604381 0.624519 0.647659 0.674266 0.704925 0.740373 0.781558 0.829711 0.886462 0.867008 0.798612 0.741875 0.694227 0.653810 0.619250 0.589508 0.563789 0.541470 0.522061 0.505170 0.490482 0.477743 0.466744 0.457318 0.449325 0.442656 0.437219 0.432945 0.429778 0.427681 0.426627 0.426603 0.427609 0.429658 0.432773 0.436995 0.442376 0.448987 0.456915 0.466273 0.477195 0.489849 0.504441 0.521223 0.540508 0.562681 0.588230 0.617768 0.652084 0.692201 0.739477 0.795742 7606.500000 1.233049 0.594874
0.731902 0.727370 0.724629 0.723646 0.724408 0.726925 0.731227 0.737367 0.745422 0.755495 0.767720 0.782261 0.799327 0.819172 0.842108 0.868517 0.898872 0.891978 0.868333 0.847898 0.830358 0.815454 0.802975 0.792754 0.784656 0.778579 0.774446 0.772208 0.771836 0.773327 0.776699 0.781992 0.789272 0.798632 0.810191 0.795272 0.768240 0.744721 0.724292 0.706610 0.691398 0.678426 0.667511 0.658503 0.651282 0.645757 0.641859 0.639538 0.638768 0.639538 0.641859 0.645757 0.651282 0.658503 0.667511 0.678426 0.691398 0.706610 0.724292 0.741431 0.746127 0.752707 0.761254 0.771879 0.784722 0.799959 0.817809 0.838539 0.862480 0.890036 0.921703 0.958101 1.000000 0.956067 0.915449 0.880175 0.849490 0.822787 0.799579 0.779471 0.762141 0.747326 0.734812 0.724427 0.716032 0.709519 0.704806 0.701836 0.700570 0.700995 0.703116 0.706957 0.712567 0.720015 0.729396 0.740833 0.743457 0.734050 0.726607 0.721033 0.717259 0.715238 0.714946 0.716379 0.719555 0.724512 0.731313 0.740041 0.750812 0.763767 0.779088 0.792394 0.781720 0.773167 0.766626 0.762015 0.759277 0.758380 0.759311 0.762083 0.766730 0.773308 0.781899 0.784279 0.769430 0.756922 0.746584 0.738280 2706.000000 1.105384 0.881636
0.727322 0.733944 0.721355 0.710875 0.702363 0.695708 0.690827 0.687659 0.686166 0.686329 0.688150 0.691651 0.696876 0.703889 0.712779 0.723662 0.736685 0.752030 0.769922 0.790638 0.814516 0.841972 0.873522 0.909805 0.951625 1.000000 0.967871 0.924685 0.887235 0.854679 0.826348 0.801704 0.780313 0.761821 0.745941 0.732438 0.721122 0.711838 0.704466 0.698912 0.695106 0.693002 0.692574 0.693817 0.696746 0.701397 0.707826 0.716116 0.726373 0.738734 0.753369 0.770490 0.790354 0.786961 0.761544 0.739444 0.720276 0.703729 0.689549 0.677530 0.667503 0.659333 0.652915 0.648167 0.645030 0.643467 0.643457 0.645001 0.648118 0.652845 0.659242 0.667389 0.677392 0.689386 0.703537 0.720053 0.739186 0.761248 0.786620 0.815775 0.849300 0.849019 0.833063 0.819633 0.808547 0.799657 0.792850 0.788040 0.785169 0.784200 0.785123 0.787949 0.792712 0.799470 0.808309 0.819341 0.832712 0.848606 0.867247 0.888916 0.913953 0.922268 0.877811 0.839371 0.806017 0.777013 0.751771 0.729821 0.710781 0.694338 0.680241 0.668283 0.658297 0.650147 0.643729 0.638961 0.635783 0.634157 0.634063 0.635499 0.638484 0.643053 0.649264 0.657194 0.666947 0.678654 0.692477 0.708617 4671.000000 1.268360 0.837091
0.828371 0.798715 0.772907 0.750465 0.731002 0.714199 0.699800 0.687594 0.677410 0.669111 0.662591 0.657765 0.654575 0.652982 0.652965 0.654525 0.657681 0.662470 0.668954 0.677213 0.687356 0.699518 0.713868 0.730617 0.750021 0.772395 0.798126 0.827695 0.859719 0.839283 0.821730 0.806799 0.794281 0.784005 0.775837 0.769672 0.765434 0.763071 0.762554 0.763876 0.767054 0.772126 0.779156 0.788231 0.799469 0.813018 0.829067 0.847846 0.869638 0.841617 0.816845 0.795350 0.776782 0.760851 0.747325 0.736014 0.726765 0.719457 0.713997 0.710318 0.708375 0.708143 0.709621 0.712826 0.717796 0.724595 0.733307 0.744045 0.756953 0.772211 0.790038 0.810707 0.834551 0.861980 0.893498 0.929734 0.971473 0.952265 0.905545 0.865181 0.830177 0.799747 0.773266 0.750232 0.730239 0.712956 0.698116 0.685499 0.674926 0.666256 0.659374 0.654192 0.650647 0.648694 0.648310 0.649490 0.652249 0.656620 0.662656 0.670436 0.680057 0.691650 0.705373 0.721425 0.740049 0.761543 0.782519 0.776622 0.772660 0.770586 0.770374 0.772021 0.775548 0.780997 0.788436 0.797959 0.809690 0.823784 0.840439 0.859895 0.882449 0.908467 0.938394 0.972784 1.000000 0.947204 0.901767 0.862472 1736.500000 1.137472 0.826037
0.562975 0.561356 0.561094 0.562186 0.564645 0.568501 0.573802 0.580615 0.589028 0.599153 0.611129 0.625132 0.641372 0.660111 0.681670 0.706444 0.734923 0.743970 0.722780 0.704414 0.688576 0.675025 0.663565 0.654037 0.646313 0.640295 0.635905 0.633090 0.631814 0.632064 0.633842 0.637169 0.636575 0.631142 0.627299 0.624999 0.624214 0.624934 0.627169 0.630946 0.636310 0.643330 0.652095 0.662720 0.675352 0.690169 0.707393 0.727296 0.750211 0.776549 0.806818 0.836948 0.821225 0.807992 0.797068 0.788310 0.781605 0.776868 0.774042 0.773092 0.774007 0.776798 0.781498 0.788166 0.796885 0.807767 0.764390 0.717810 0.678121 0.644060 0.614668 0.589199 0.567068 0.547812 0.531057 0.516505 0.503910 0.493075 0.483837 0.476064 0.477057 0.479775 0.483696 0.488869 0.495361 0.503255 0.512661 0.523710 0.536568 0.551434 0.568557 0.588239 0.607527 0.609300 0.612564 0.617357 0.623741 0.631797 0.641629 0.653371 0.667188 0.683283 0.701907 0.723366 0.748038 0.776389 0.808999 0.846597 0.890109 0.940726 1.000000 0.963325 0.902292 0.850458 0.806093 0.767885 0.734825 0.706126 0.681163 0.659439 0.640554 0.624182 0.610059 0.597970 0.587739 0.579224 0.572311 0.566911 679.500000 1.180035 0.775356
0.760036 0.734879 0.712997 0.694003 0.677585 0.663488 0.651502 0.641460 0.633225 0.626690 0.621771 0.618406 0.616555 0.616195 0.617322 0.619949 0.619066 0.612865 0.608237 0.605126 0.603493 0.603318 0.604599 0.607352 0.611610 0.617427 0.624875 0.634051 0.645077 0.658108 0.673331 0.690979 0.711337 0.734755 0.761665 0.792603 0.828240 0.869426 0.902657 0.890138 0.880053 0.872272 0.866696 0.863258 0.861915 0.862652 0.865476 0.870423 0.877553 0.886955 0.898750 0.913091 0.930175 0.950244 0.973594 0.919731 0.856537 0.803279 0.757976 0.719150 0.685679 0.656697 0.631525 0.609626 0.590570 0.574010 0.559665 0.547306 0.536746 0.527834 0.520445 0.514484 0.509871 0.506550 0.504480 0.503634 0.504004 0.505593 0.508421 0.512523 0.517949 0.524769 0.533072 0.549818 0.578249 0.611333 0.650094 0.695893 0.750579 0.816728 0.898037 1.000000 0.964890 0.930152 0.899920 0.873631 0.850825 0.831131 0.814245 0.799921 0.787957 0.778193 0.770501 0.764784 0.760972 0.759016 0.758894 0.760605 0.764168 0.769627 0.776998 0.771633 0.768179 0.766595 0.766861 0.768980 0.772978 0.778905 0.786833 0.796864 0.809128 0.823791 0.841059 0.861186 0.884482 0.860544 0.822199 0.788945 14116.000000 1.245956 0.761976
0.934115 1.000000 0.929180 0.867662 0.815627 0.771233 0.733098 0.700163 0.671609 0.646789 0.625191 0.606403 0.590091 0.575985 0.563864 0.553549 0.544893 0.537780 0.532116 0.527827 0.524862 0.523183 0.522771 0.523619 0.525739 0.529156 0.533912 0.540068 0.547702 0.556915 0.567004 0.560631 0.555723 0.552220 0.550077 0.549269 0.549786 0.551634 0.554836 0.559431 0.565476 0.573048 0.582248 0.593201 0.606062 0.621022 0.638315 0.658231 0.681123 0.707431 0.737701 0.772622 0.813069 0.798648 0.775086 0.754641 0.736976 0.721818 0.708944 0.698175 0.689363 0.682395 0.677181 0.673657 0.671779 0.671525 0.672891 0.675895 0.680573 0.686982 0.695204 0.705345 0.717541 0.731960 0.748811 0.768351 0.785908 0.748168 0.715531 0.687209 0.662579 0.641145 0.622506 0.606340 0.592384 0.580422 0.570281 0.561818 0.554920 0.549496 0.545480 0.542819 0.541483 0.541455 0.542734 0.545336 0.549292 0.554653 0.561485 0.569877 0.579943 0.591822 0.601992 0.591955 0.583631 0.576907 0.571699 0.567939 0.565583 0.564600 0.564979 0.566726 0.569860 0.574420 0.580464 0.588068 0.597332 0.608382 0.621373 0.636498 0.653993 0.674147 0.697315 0.723939 0.754566 0.789887 0.830776 0.878361 1599.000000 1.359740 0.777694
0.789170 0.784008 0.780782 0.779453 0.780004 0.782442 0.786796 0.793121 0.801495 0.812025 0.824848 0.840140 0.858115 0.879041 0.903243 0.931122 0.963171 1.000000 0.969604 0.933152 0.901433 0.873836 0.849865 0.829119 0.811269 0.796048 0.783240 0.772670 0.764198 0.757716 0.753587 0.751562 0.751352 0.752956 0.756393 0.761705 0.768958 0.778243 0.789681 0.803424 0.819664 0.838635 0.860629 0.885998 0.915181 0.948715 0.987269 0.975840 0.949084 0.925927 0.906003 0.889016 0.874722 0.862927 0.853474 0.846243 0.841143 0.838110 0.837109 0.838127 0.841177 0.846295 0.853544 0.863016 0.874831 0.867977 0.847725 0.830351 0.815600 0.803266 0.793182 0.785215 0.779266 0.775260 0.773148 0.772905 0.774527 0.778034 0.783469 0.790899 0.800418 0.800935 0.797917 0.796834 0.797673 0.800444 0.805181 0.811943 0.820813 0.831905 0.845365 0.861377 0.880170 0.902021 0.927277 0.956357 0.953093 0.928795 0.907838 0.889903 0.874729 0.862106 0.851865 0.843874 0.838031 0.834265 0.832529 0.832803 0.835089 0.839415 0.845835 0.854428 0.865303 0.878603 0.894507 0.881588 0.865395 0.851801 0.840621 0.831709 0.824950 0.820260 0.817582 0.816882 0.818154 0.817043 0.805583 0.796332 11389.500000 1.037113 0.889098
0.765365 0.797880 0.835382 0.878805 0.863379 0.828602 0.798367 0.772056 0.749171 0.729309 0.712145 0.697412 0.684893 0.674411 0.665825 0.659023 0.653917 0.650445 0.648564 0.648251 0.649502 0.652333 0.656778 0.662891 0.670751 0.680458 0.692141 0.705964 0.689573 0.664567 0.642805 0.623879 0.607457 0.593270 0.581098 0.570763 0.562120 0.555052 0.549467 0.545294 0.542480 0.540992 0.540812 0.541937 0.544380 0.548173 0.553361 0.560010 0.568206 0.578059 0.589706 0.603315 0.619094 0.637296 0.658236 0.682297 0.709960 0.741823 0.778644 0.821394 0.871332 0.930121 1.000000 0.968779 0.906495 0.853668 0.808499 0.769631 0.736021 0.706855 0.681491 0.659419 0.640225 0.623576 0.609202 0.596882 0.586434 0.577714 0.570604 0.565011 0.560865 0.558114 0.556725 0.556680 0.557979 0.560639 0.564690 0.570185 0.577191 0.585800 0.596129 0.608319 0.622550 0.639039 0.658053 0.679922 0.705052 0.733946 0.767237 0.805725 0.776568 0.746846 0.720988 0.698488 0.678935 0.661998 0.647408 0.634944 0.624426 0.615710 0.608681 0.603247 0.599340 0.596912 0.595934 0.596393 0.598296 0.601664 0.606541 0.612985 0.621081 0.630934 0.642677 0.656478 0.672540 0.691114 0.712509 0.737103 7149.000000 1.275511 0.745080
1.000000 0.914273 0.843956 0.785441 0.736171 0.694292 0.658423 0.627514 0.600760 0.577529 0.557320 0.539734 0.524448 0.511202 0.499783 0.490018 0.481765 0.474911 0.469364 0.465053 0.461922 0.459935 0.459065 0.459303 0.460652 0.463127 0.466760 0.471596 0.477695 0.485139 0.494027 0.504485 0.516667 0.530762 0.547002 0.565673 0.587129 0.611808 0.640263 0.673195 0.711506 0.756372 0.809358 0.872587 0.949013 0.959110 0.889962 0.831984 0.782868 0.740914 0.704839 0.673662 0.646617 0.623104 0.602641 0.584844 0.569400 0.556056 0.544606 0.534879 0.526741 0.520081 0.514812 0.510867 0.508197 0.506769 0.506566 0.507586 0.509840 0.513357 0.518180 0.524369 0.532006 0.541191 0.552052 0.564746 0.579466 0.596450 0.615989 0.638441 0.664252 0.693980 0.728331 0.768207 0.814779 0.869592 0.902113 0.840273 0.788145 0.743794 0.705778 0.673001 0.644618 0.619965 0.598517 0.579854 0.563636 0.549589 0.537488 0.527152 0.518430 0.511204 0.505378 0.500876 0.497641 0.495635 0.494832 0.495222 0.496811 0.499618 0.503677 0.509039 0.515772 0.523965 0.533729 0.545202 0.558554 0.573994 0.591779 0.612222 0.635715 0.662743 0.693918 0.730016 0.772037 0.821291 0.879520 0.949098 1752.500000 1.129642 0.601217
0.551564 0.545919 0.541680 0.538794 0.537226 0.536957 0.537984 0.540319 0.543990 0.549044 0.555543 0.563572 0.573237 0.584673 0.598044 0.613555 0.631452 0.652044 0.675706 0.702908 0.710955 0.710115 0.710987 0.713583 0.717934 0.724093 0.732138 0.742171 0.754326 0.768769 0.785705 0.805388 0.828129 0.854310 0.884400 0.915718 0.877868 0.844978 0.816358 0.791458 0.769832 0.751118 0.735020 0.721300 0.709760 0.700245 0.692627 0.686811 0.682722 0.680311 0.679549 0.680425 0.682951 0.687158 0.693096 0.700842 0.696165 0.680920 0.667903 0.656927 0.647842 0.640526 0.634886 0.630852 0.628372 0.627417 0.627976 0.630055 0.633680 0.638895 0.645764 0.654377 0.664846 0.677313 0.691956 0.708992 0.699419 0.686256 0.675177 0.666028 0.658690 0.653068 0.649091 0.646711 0.645899 0.646645 0.648957 0.652865 0.658416 0.665679 0.674748 0.684336 0.681467 0.680254 0.680682 0.682756 0.686502 0.691966 0.699215 0.708342 0.719467 0.732740 0.748349 0.766524 0.787548 0.811769 0.839614 0.871612 0.908420 0.950866 1.000000 0.932743 0.875681 0.827076 0.785376 0.749397 0.718225 0.691141 0.667576 0.647072 0.629260 0.613843 0.600574 0.589257 0.579729 0.571861 0.565547 0.558687 1144.500000 1.230659 0.828773
0.898247 0.918419 0.941839 0.968880 1.000000 0.945436 0.862898 0.795376 0.739307 0.692179 0.652177 0.617954 0.588490 0.563002 0.540880 0.521639 0.504895 0.490337 0.487295 0.487181 0.488242 0.490492 0.493959 0.498685 0.504729 0.512172 0.521111 0.531671 0.544006 0.558304 0.574795 0.593765 0.615563 0.640624 0.669494 0.702863 0.741612 0.786889 0.840210 0.903618 0.932008 0.918697 0.907917 0.899529 0.893427 0.889536 0.887809 0.888223 0.890785 0.895526 0.902503 0.908892 0.877999 0.851119 0.827771 0.807564 0.790178 0.775353 0.762878 0.752583 0.744331 0.738017 0.733561 0.730910 0.730029 0.730910 0.733561 0.738017 0.744331 0.752583 0.762878 0.775353 0.762248 0.745251 0.730716 0.718435 0.708239 0.699990 0.693583 0.688937 0.685995 0.684719 0.685097 0.687130 0.690845 0.696287 0.703524 0.712648 0.723778 0.737065 0.752696 0.736636 0.721850 0.709322 0.698876 0.690372 0.683700 0.678775 0.675537 0.673945 0.673980 0.675643 0.678954 0.683954 0.690704 0.699290 0.709824 0.722447 0.737335 0.754707 0.774828 0.798028 0.824707 0.855363 0.862532 0.851230 0.842224 0.835397 0.830665 0.827971 0.827280 0.828584 0.831900 0.837268 0.844754 0.854452 0.866487 0.881019 1935.500000 1.225593 0.796706
0.776204 0.748125 0.723688 0.702437 0.683998 0.668071 0.654410 0.642814 0.633120 0.625198 0.618945 0.614280 0.611147 0.609506 0.609338 0.610641 0.613431 0.617741 0.623625 0.631157 0.640436 0.651584 0.660782 0.667379 0.675753 0.686014 0.698300 0.712782 0.729672 0.749232 0.771779 0.797707 0.827500 0.861762 0.901248 0.946917 1.000000 0.974371 0.933877 0.898693 0.868079 0.841442 0.818305 0.798277 0.781043 0.766344 0.753971 0.743755 0.735560 0.729282 0.724841 0.722184 0.721277 0.722109 0.724692 0.729056 0.735254 0.743366 0.753493 0.760837 0.755048 0.751142 0.749072 0.748812 0.750360 0.753733 0.758974 0.766147 0.775342 0.786679 0.800309 0.816421 0.835249 0.857079 0.831873 0.801363 0.774812 0.751717 0.731671 0.714342 0.699461 0.686808 0.676205 0.667508 0.660603 0.655403 0.651841 0.649876 0.649482 0.648832 0.649477 0.651695 0.655512 0.660976 0.668155 0.677141 0.688052 0.701037 0.716280 0.734009 0.754501 0.778099 0.805222 0.836393 0.872261 0.913642 0.900692 0.880643 0.863501 0.849021 0.837001 0.827282 0.819738 0.814275 0.810824 0.809344 0.809817 0.812248 0.816667 0.823128 0.831713 0.842529 0.855718 0.871461 0.889977 0.888780 0.845720 0.808497 1258.000000 1.102897 0.833156
