40
1000 1000
7 12 45 41 16 72 25 85 56 85 90 51 84 30 72
5 27 49 143 7 213 87 138 153 18 147
8 1 85 39 59 56 35 118 49 114 96 98 125 65 117 20 135
6 61 51 79 53 89 68 87 91 64 84 44 72
6 3 14 13 3 25 3 35 14 27 26 14 26
4 2 8 25 -11 41 8 23 32
7 -22 97 30 31 115 41 145 116 105 170 55 195 30 143
3 9 -10 55 36 8 59
6 37 31 72 41 113 71 76 120 29 110 -8 81
7 -1 42 22 4 54 15 59 50 49 75 24 95 -10 71
5 -4 13 24 -3 33 28 28 43 5 38
7 -3 62 47 17 92 43 129 105 94 161 50 153 10 129
6 16 64 27 28 66 44 94 67 72 91 31 100
7 11 23 23 4 40 13 42 25 36 41 22 46 1 37
3 73 -1 215 69 86 108
3 34 7 123 71 39 114
4 7 41 39 17 70 39 45 71
3 20 -2 73 27 21 64
7 106 151 113 104 154 127 180 154 151 182 129 213 99 168
3 42 34 83 57 32 96
5 7 -1 23 -3 44 10 26 27 10 15
3 64 -4 154 54 49 83
8 29 57 49 3 99 -16 154 -6 185 52 153 102 85 148 44 117
3 101 108 161 140 88 211
3 57 43 174 97 71 158
5 46 91 77 85 96 108 91 137 42 122
7 -30 52 24 47 72 36 85 68 57 103 35 106 7 93
6 48 32 69 26 76 51 67 63 48 66 42 48
8 -15 49 45 25 100 59 117 108 106 155 60 159 1 152 -18 103
8 44 34 47 20 59 26 70 29 82 34 66 44 61 58 49 50
5 50 138 119 106 126 168 121 218 64 182
3 100 13 199 70 88 159
4 53 17 74 45 45 85 26 50
6 8 17 23 11 33 25 23 46 5 38 -3 29
8 -9 12 15 6 33 8 30 30 26 45 6 59 1 41 -15 30
6 25 -12 83 6 102 53 90 119 41 85 18 51
7 31 11 46 -5 64 0 58 21 58 41 44 45 34 24
6 16 20 16 6 43 3 47 20 38 40 24 35
8 62 112 100 46 152 43 223 53 248 128 215 159 155 189 90 163
5 37 72 79 57 112 91 78 130 36 110
