0.807624 0.848861 0.896814 0.952942 0.973107 0.926976 0.887061 0.852410 0.822272 0.796044 0.773242 0.753475 0.736424 0.721827 0.709474 0.699193 0.690846 0.684325 0.679548 0.676455 0.675009 0.675193 0.677008 0.680476 0.685641 0.692566 0.701338 0.712074 0.724917 0.740047 0.736580 0.708287 0.683674 0.662255 0.643641 0.627516 0.613621 0.601746 0.591720 0.583405 0.576691 0.571491 0.567740 0.565390 0.564414 0.564799 0.566551 0.569691 0.574256 0.580305 0.587914 0.597183 0.608237 0.621234 0.636364 0.653865 0.674025 0.697200 0.723832 0.754469 0.789801 0.830705 0.878308 0.934085 1.000000 0.987837 0.934471 0.888606 0.848982 0.814620 0.784748 0.758753 0.736141 0.716514 0.699548 0.684979 0.672592 0.662212 0.653698 0.646939 0.641849 0.638364 0.636442 0.636059 0.637211 0.639911 0.644193 0.650109 0.657734 0.667166 0.678532 0.691987 0.707726 0.725987 0.747063 0.771314 0.799181 0.796927 0.762711 0.733005 0.707167 0.684681 0.665134 0.648190 0.633577 0.621071 0.610492 0.601692 0.594554 0.588986 0.584917 0.582298 0.581095 0.581295 0.582899 0.585928 0.590419 0.596427 0.604028 0.613322 0.624435 0.637522 0.652775 0.670431 0.690779 0.714176 0.741060 0.771980 12005.000000 1.328806 0.751985
0.972371 0.941372 0.914423 0.891062 0.870910 0.853660 0.839063 0.826915 0.817054 0.809352 0.803712 0.800065 0.798365 0.798592 0.800748 0.804861 0.810980 0.819181 0.829569 0.842279 0.820982 0.799358 0.780676 0.764648 0.751037 0.739654 0.730343 0.722984 0.717483 0.713772 0.711805 0.711558 0.713029 0.716234 0.721214 0.728030 0.736768 0.745304 0.736451 0.729542 0.724491 0.721235 0.719734 0.719971 0.721947 0.725687 0.731237 0.738666 0.748068 0.759566 0.773315 0.789507 0.808382 0.830230 0.855410 0.884362 0.917631 0.955894 1.000000 0.981640 0.962602 0.946525 0.933187 0.922411 0.914058 0.908023 0.904232 0.902637 0.903220 0.905988 0.910974 0.918240 0.927875 0.940004 0.954785 0.928230 0.889711 0.856242 0.827120 0.801782 0.779774 0.760724 0.744334 0.730357 0.718595 0.708887 0.697991 0.684109 0.672357 0.662571 0.654620 0.648402 0.643837 0.640868 0.639461 0.639597 0.641279 0.644526 0.649378 0.655896 0.664163 0.674286 0.686401 0.700679 0.717328 0.736605 0.758826 0.784377 0.813737 0.847503 0.886419 0.925959 0.911016 0.898678 0.888782 0.881202 0.875842 0.872636 0.871546 0.872558 0.875684 0.880962 0.888458 0.898266 0.910510 0.925352 0.942996 0.963693 9122.500000 1.257939 0.879706
0.937523 0.968946 0.966474 0.928833 0.896091 0.867598 0.842829 0.821358 0.802841 0.786994 0.773588 0.762438 0.753393 0.746337 0.741182 0.737862 0.736338 0.732822 0.725282 0.719612 0.715741 0.713621 0.713227 0.714554 0.717617 0.722455 0.729128 0.737718 0.748338 0.761128 0.776265 0.793969 0.787410 0.769009 0.753222 0.739816 0.728604 0.719434 0.712187 0.706769 0.703115 0.701178 0.700936 0.702386 0.705545 0.710452 0.717168 0.725776 0.736390 0.749150 0.764234 0.781860 0.790520 0.781930 0.775373 0.770767 0.768054 0.767202 0.768201 0.771062 0.775821 0.782535 0.791290 0.802197 0.815401 0.831083 0.849466 0.870826 0.895501 0.923906 0.956552 0.994072 1.000000 0.951016 0.908694 0.871989 0.840079 0.812311 0.788157 0.767193 0.749074 0.733516 0.720292 0.709215 0.700134 0.692931 0.687514 0.683816 0.681791 0.681414 0.682682 0.685610 0.690232 0.696607 0.704815 0.714961 0.727181 0.733021 0.720617 0.710310 0.701960 0.695460 0.690728 0.687706 0.686356 0.686662 0.688629 0.692279 0.697658 0.704833 0.713894 0.724960 0.738182 0.753744 0.771876 0.792859 0.791149 0.791236 0.793233 0.797166 0.803083 0.811056 0.821188 0.833610 0.848488 0.866032 0.886497 0.910199 6893.000000 1.200170 0.872780
0.883837 0.920431 0.931324 0.864945 0.809218 0.761962 0.721563 0.686804 0.656749 0.630670 0.607991 0.588255 0.571093 0.556205 0.543350 0.532329 0.522981 0.515176 0.508807 0.503793 0.500070 0.497592 0.496327 0.494118 0.491800 0.490680 0.490744 0.491994 0.494445 0.498126 0.503084 0.509380 0.517098 0.526341 0.537238 0.549949 0.564668 0.581638 0.601152 0.623575 0.649361 0.679078 0.713446 0.753391 0.800115 0.855215 0.920847 1.000000 0.964079 0.926719 0.894221 0.865940 0.841357 0.820053 0.801685 0.785974 0.772692 0.761656 0.752719 0.745765 0.740706 0.737481 0.736048 0.736392 0.721163 0.696375 0.674805 0.656065 0.639838 0.625865 0.613937 0.603882 0.595563 0.588870 0.583716 0.580037 0.577787 0.576939 0.577482 0.579424 0.582788 0.587614 0.593965 0.587757 0.582323 0.578369 0.575847 0.574725 0.574990 0.576645 0.579710 0.584223 0.590239 0.597837 0.607114 0.618196 0.631239 0.646435 0.664021 0.684284 0.707581 0.734353 0.765145 0.800646 0.797263 0.776773 0.759092 0.743950 0.731128 0.720446 0.711762 0.704963 0.699963 0.696700 0.695134 0.695247 0.697038 0.700532 0.705769 0.712815 0.721759 0.732719 0.745841 0.761309 0.779349 0.800240 0.824323 0.852016 1608.000000 1.311090 0.766981
0.872663 0.930880 1.000000 0.978853 0.915788 0.862309 0.816589 0.777252 0.743239 0.713725 0.688060 0.665725 0.646303 0.629455 0.614906 0.602434 0.591855 0.583021 0.572667 0.562187 0.553393 0.546166 0.540410 0.536052 0.533037 0.531329 0.530907 0.531766 0.533916 0.537383 0.542210 0.548458 0.556207 0.565561 0.576647 0.589625 0.604692 0.622086 0.642104 0.665108 0.691550 0.721992 0.708525 0.690630 0.675204 0.662011 0.650862 0.641602 0.634109 0.628284 0.624055 0.621370 0.620195 0.620517 0.622339 0.625684 0.630592 0.637125 0.645366 0.655422 0.667430 0.681559 0.698017 0.717060 0.739001 0.764226 0.793213 0.826555 0.812864 0.792214 0.774407 0.759171 0.746287 0.735575 0.726893 0.720127 0.715194 0.712031 0.710601 0.710886 0.712888 0.716634 0.722168 0.729559 0.728838 0.699307 0.673634 0.651294 0.631861 0.614993 0.600411 0.587888 0.577238 0.568313 0.560990 0.555174 0.550790 0.547785 0.546121 0.545777 0.546751 0.549053 0.552711 0.557772 0.564298 0.560282 0.554495 0.550138 0.547156 0.545514 0.545191 0.546183 0.548503 0.552179 0.557256 0.563797 0.571889 0.581637 0.593178 0.606676 0.622338 0.640413 0.661211 0.685110 0.712583 0.744219 0.780763 0.823166 6466.000000 1.390337 0.783900
0.968738 0.944138 0.922925 0.904776 0.889428 0.876670 0.866329 0.858274 0.852401 0.848638 0.846941 0.847287 0.849681 0.854152 0.860755 0.869572 0.880716 0.894331 0.885343 0.875091 0.867139 0.861387 0.857763 0.856224 0.856750 0.859349 0.864051 0.870915 0.880026 0.891499 0.883377 0.866849 0.852946 0.841477 0.832291 0.825269 0.820325 0.817397 0.816450 0.817472 0.820476 0.825498 0.832600 0.841871 0.853430 0.867430 0.884062 0.903563 0.926226 0.952409 0.970675 0.959679 0.951195 0.945116 0.941369 0.939906 0.940711 0.943793 0.949189 0.956966 0.967220 0.980084 0.995725 0.995002 0.962612 0.934444 0.910007 0.888903 0.870806 0.855451 0.842622 0.832148 0.823892 0.817748 0.813641 0.811520 0.811360 0.813159 0.816938 0.822743 0.830647 0.840750 0.849660 0.838044 0.828710 0.821539 0.816442 0.813354 0.812240 0.813084 0.815898 0.820715 0.827596 0.836625 0.847918 0.861625 0.877932 0.897071 0.919327 0.945050 0.974670 1.000000 0.976909 0.957113 0.940325 0.926308 0.914875 0.905876 0.899198 0.894757 0.882846 0.871832 0.863143 0.856668 0.852329 0.850070 0.849865 0.851712 0.855633 0.861675 0.869914 0.880454 0.893431 0.909018 0.927434 0.948944 0.973877 0.997120 6087.500000 1.101343 0.920208
0.866313 0.765782 0.687642 0.625339 0.574657 0.532762 0.497678 0.467987 0.442646 0.420869 0.402059 0.385747 0.371567 0.359228 0.348494 0.339177 0.331122 0.324203 0.318319 0.313386 0.309338 0.306121 0.303694 0.302027 0.301100 0.300901 0.301429 0.302688 0.304695 0.307475 0.311062 0.315503 0.320857 0.327197 0.334615 0.343224 0.353160 0.364594 0.377733 0.392836 0.410226 0.430313 0.453617 0.480814 0.512794 0.550753 0.596332 0.651849 0.720677 0.807933 0.847905 0.796966 0.753514 0.716191 0.683961 0.656019 0.631733 0.610599 0.592214 0.576251 0.562446 0.550582 0.540483 0.532007 0.525038 0.519484 0.515275 0.512358 0.510698 0.510273 0.511079 0.513126 0.516439 0.521058 0.527041 0.534466 0.543431 0.554060 0.566505 0.580953 0.597635 0.616833 0.634397 0.593295 0.558458 0.528688 0.503082 0.480947 0.461743 0.445045 0.430514 0.417876 0.406911 0.397440 0.389317 0.382421 0.376658 0.371948 0.368231 0.365459 0.363597 0.362624 0.362527 0.363305 0.364968 0.367535 0.371039 0.375524 0.381048 0.387684 0.395526 0.404686 0.415305 0.427555 0.441644 0.457835 0.476450 0.497892 0.522674 0.551451 0.585072 0.624662 0.671734 0.728377 0.797549 0.883592 0.993125 1.000000 811.000000 1.869053 0.524886
0.693866 0.759118 0.840151 0.943095 1.000000 0.911421 0.839114 0.779176 0.728869 0.686217 0.649759 0.618395 0.591278 0.567749 0.547290 0.529485 0.514001 0.500569 0.488968 0.479022 0.470582 0.463533 0.457778 0.453243 0.449869 0.447616 0.446456 0.446374 0.447370 0.449456 0.452656 0.457012 0.462577 0.469425 0.477646 0.487355 0.498693 0.511834 0.526990 0.544423 0.564455 0.587487 0.614020 0.644690 0.680310 0.678968 0.648714 0.622477 0.599668 0.579819 0.562553 0.547568 0.534614 0.523491 0.514035 0.506111 0.499614 0.494458 0.490576 0.487922 0.486461 0.486177 0.487066 0.489139 0.492421 0.496953 0.502791 0.510011 0.518710 0.529007 0.541050 0.555024 0.571150 0.589705 0.611028 0.635539 0.663764 0.696368 0.734202 0.778365 0.830309 0.891985 0.966073 0.876470 0.787943 0.717227 0.659617 0.611939 0.571973 0.538125 0.509217 0.484364 0.462888 0.444260 0.428064 0.413970 0.401712 0.391073 0.381880 0.373990 0.367285 0.361673 0.357077 0.353437 0.350707 0.348853 0.347852 0.347692 0.348371 0.349897 0.352289 0.355576 0.359801 0.365016 0.371293 0.378718 0.387398 0.397466 0.409082 0.422447 0.437804 0.455459 0.475791 0.499283 0.526550 0.558389 0.595855 0.640364 2136.000000 1.571391 0.559506
0.843074 0.874414 0.910451 0.951979 1.000000 0.977888 0.934232 0.896375 0.863466 0.834827 0.809916 0.788292 0.769599 0.753545 0.739893 0.728451 0.719063 0.711607 0.705987 0.702133 0.699999 0.691675 0.677814 0.666071 0.656282 0.648315 0.642068 0.637461 0.634438 0.632960 0.633011 0.634591 0.637719 0.642433 0.648792 0.656876 0.666791 0.678670 0.692679 0.709023 0.727953 0.749777 0.774874 0.779902 0.769438 0.761061 0.754662 0.750162 0.747506 0.746661 0.747616 0.750385 0.754999 0.761516 0.770019 0.780614 0.793444 0.808684 0.826550 0.847311 0.871295 0.853697 0.829964 0.809412 0.791715 0.776606 0.763868 0.753327 0.744843 0.738307 0.733636 0.730774 0.729685 0.730356 0.732795 0.737032 0.743119 0.751132 0.761174 0.773376 0.787905 0.804966 0.824813 0.847758 0.874183 0.854030 0.821311 0.792846 0.768077 0.746552 0.727907 0.711844 0.698119 0.686537 0.676937 0.669191 0.663200 0.658889 0.656205 0.655113 0.655603 0.657678 0.661365 0.666709 0.673777 0.682658 0.693469 0.706357 0.721504 0.725120 0.714441 0.705748 0.698927 0.693893 0.690582 0.688955 0.688991 0.690691 0.694076 0.699187 0.706087 0.714864 0.725633 0.738537 0.753757 0.771516 0.792085 0.815801 778.500000 1.181122 0.855846
0.827347 0.904427 1.000000 0.965988 0.891504 0.829539 0.777379 0.733052 0.695092 0.662387 0.634080 0.609501 0.588121 0.569515 0.553343 0.539327 0.527243 0.516906 0.508167 0.500906 0.495025 0.490448 0.487118 0.484993 0.484048 0.484271 0.485664 0.488246 0.492046 0.497113 0.503512 0.511325 0.520658 0.531643 0.544442 0.559252 0.576318 0.595939 0.618486 0.644419 0.674318 0.708917 0.749161 0.796283 0.820646 0.773152 0.732522 0.697546 0.667292 0.641033 0.618196 0.598321 0.581041 0.566057 0.553125 0.542047 0.532662 0.524840 0.518475 0.513485 0.509806 0.507393 0.506217 0.506263 0.507532 0.510039 0.513815 0.518907 0.525379 0.533316 0.542823 0.554035 0.567115 0.582264 0.599729 0.619813 0.642892 0.669431 0.700014 0.735382 0.776485 0.824558 0.881239 0.948743 0.952968 0.866685 0.796489 0.738458 0.689857 0.648725 0.613617 0.583447 0.557385 0.534785 0.515139 0.498042 0.483171 0.470262 0.459102 0.449517 0.441365 0.434533 0.428926 0.424472 0.421113 0.418808 0.417528 0.417259 0.417996 0.419748 0.422538 0.426399 0.431380 0.437546 0.444978 0.453778 0.464075 0.476023 0.489813 0.505681 0.523916 0.544877 0.569013 0.596891 0.629236 0.666986 0.711377 0.764070 7109.000000 1.280733 0.590719
0.933920 0.918423 0.905579 0.895215 0.887200 0.881431 0.877837 0.876376 0.877029 0.879804 0.884734 0.891881 0.901334 0.913212 0.927673 0.944912 0.965173 0.951646 0.930693 0.912794 0.897693 0.885180 0.875091 0.867296 0.861695 0.858221 0.856830 0.857507 0.860258 0.865118 0.872147 0.881431 0.893090 0.907276 0.924183 0.907140 0.885164 0.866265 0.850162 0.836625 0.825470 0.816550 0.809750 0.804986 0.802199 0.801355 0.802444 0.805479 0.810498 0.817560 0.826757 0.838205 0.852056 0.868499 0.887771 0.910160 0.936020 0.965788 1.000000 0.988737 0.966170 0.946840 0.930466 0.916820 0.905719 0.897018 0.890608 0.886410 0.884371 0.884468 0.886701 0.891097 0.897711 0.906624 0.917949 0.931834 0.948466 0.939785 0.922178 0.907363 0.895140 0.885346 0.877856 0.872576 0.869441 0.868413 0.869480 0.872655 0.877975 0.885507 0.895345 0.907616 0.922480 0.940142 0.954975 0.927446 0.903575 0.882976 0.865333 0.850390 0.837939 0.827813 0.819880 0.814040 0.810220 0.808375 0.808482 0.810541 0.814578 0.820643 0.828811 0.831257 0.830256 0.831257 0.834273 0.839340 0.846522 0.855906 0.867615 0.881802 0.898662 0.918436 0.941417 0.967970 0.998540 0.998719 0.973774 0.952282 1177.500000 1.062495 0.913150
1.000000 0.937478 0.884319 0.838778 0.799529 0.765551 0.736045 0.710376 0.688039 0.668625 0.651804 0.637307 0.624913 0.614443 0.605755 0.598730 0.593280 0.589335 0.586846 0.585784 0.586135 0.587903 0.591111 0.595797 0.602020 0.609859 0.619416 0.630822 0.644237 0.659859 0.677932 0.698753 0.722689 0.750195 0.781836 0.774164 0.746250 0.721957 0.700831 0.682503 0.666675 0.653103 0.641586 0.631965 0.624109 0.617917 0.613309 0.610229 0.608638 0.608518 0.609867 0.612701 0.617055 0.622983 0.630560 0.639884 0.651080 0.664304 0.679747 0.697646 0.718290 0.742036 0.769322 0.800694 0.836835 0.878610 0.879945 0.845937 0.816353 0.790609 0.768233 0.748843 0.732128 0.717834 0.705756 0.695726 0.687610 0.681303 0.676727 0.673824 0.672560 0.672918 0.674904 0.678540 0.683873 0.690967 0.699915 0.710832 0.723866 0.739202 0.757064 0.764447 0.730269 0.700632 0.674869 0.652450 0.632948 0.616019 0.601383 0.588812 0.578120 0.569156 0.561799 0.555951 0.551539 0.548508 0.546820 0.546454 0.547408 0.549690 0.553331 0.558374 0.564884 0.572943 0.582660 0.594168 0.607634 0.623260 0.641297 0.662051 0.685901 0.713317 0.744884 0.781344 0.823644 0.873010 0.931056 0.999951 16502.000000 1.285803 0.753943
0.813467 0.900959 1.000000 0.967783 0.939770 0.915476 0.894508 0.876543 0.861319 0.848625 0.838290 0.830179 0.824190 0.820249 0.818308 0.818342 0.820353 0.824365 0.815589 0.765342 0.722567 0.685885 0.654248 0.626844 0.603038 0.582325 0.564303 0.548644 0.535085 0.523411 0.513446 0.505047 0.498100 0.492511 0.488209 0.485140 0.483267 0.483405 0.487420 0.492699 0.499310 0.507339 0.516897 0.528118 0.541170 0.556257 0.573632 0.593603 0.616553 0.642961 0.673427 0.686530 0.675372 0.666149 0.658741 0.653051 0.649010 0.646565 0.645689 0.646371 0.648618 0.652457 0.657938 0.665127 0.674116 0.685025 0.698002 0.713232 0.730941 0.751408 0.774975 0.802064 0.833194 0.869017 0.910350 0.934775 0.898517 0.866977 0.839531 0.815674 0.794997 0.777169 0.761918 0.749024 0.738308 0.729628 0.722870 0.717950 0.714807 0.713403 0.713720 0.715762 0.719555 0.716340 0.671234 0.632907 0.600087 0.571813 0.547343 0.526097 0.507615 0.491532 0.477552 0.465436 0.454988 0.446050 0.438492 0.432210 0.427120 0.423156 0.420268 0.418420 0.417590 0.417768 0.418956 0.421168 0.424431 0.436746 0.451102 0.467600 0.486567 0.508414 0.533661 0.562974 0.597216 0.637530 0.685450 0.743096 6220.000000 1.407094 0.734603
0.622106 0.604473 0.589193 0.576019 0.564753 0.555230 0.547320 0.540917 0.535939 0.532322 0.530021 0.529010 0.529275 0.530819 0.533662 0.537839 0.543400 0.550418 0.558984 0.569213 0.581250 0.595273 0.611498 0.630193 0.651687 0.676386 0.704795 0.737551 0.775459 0.819555 0.871195 0.932177 1.000000 0.940313 0.889372 0.845599 0.807787 0.775000 0.746498 0.721695 0.700120 0.681392 0.665200 0.651292 0.639463 0.629545 0.621405 0.614935 0.610053 0.606698 0.604828 0.604422 0.605474 0.607997 0.612022 0.617598 0.606793 0.595409 0.585829 0.577923 0.571586 0.566738 0.563316 0.561280 0.560604 0.561280 0.563316 0.566738 0.571586 0.577923 0.585829 0.595409 0.606793 0.620144 0.635662 0.627638 0.620125 0.614253 0.609947 0.607153 0.605838 0.605985 0.607596 0.610691 0.615307 0.621502 0.629355 0.638968 0.650471 0.664024 0.679827 0.698123 0.719212 0.743461 0.771326 0.803372 0.840307 0.883033 0.932703 0.905331 0.858489 0.818129 0.783196 0.752863 0.726477 0.703515 0.683557 0.666261 0.651349 0.638594 0.627813 0.618856 0.611603 0.605962 0.601860 0.599248 0.598092 0.598380 0.600115 0.603317 0.608026 0.614301 0.622222 0.631891 0.643441 0.657032 0.665705 0.642393 2084.000000 1.407567 0.770476
0.917829 0.895774 0.876818 0.860677 0.847124 0.835974 0.827080 0.820329 0.815636 0.812944 0.812220 0.813455 0.816664 0.821887 0.829187 0.838657 0.850418 0.864626 0.881476 0.901210 0.913133 0.885177 0.860896 0.839880 0.821798 0.806380 0.793406 0.782699 0.774117 0.767550 0.762916 0.760158 0.759242 0.760158 0.762916 0.767550 0.770573 0.760334 0.752151 0.745920 0.741564 0.739028 0.738282 0.739317 0.742145 0.746800 0.753341 0.761849 0.772434 0.785235 0.800428 0.818231 0.838911 0.862796 0.890288 0.921885 0.958199 1.000000 0.987182 0.970591 0.956816 0.945672 0.937017 0.930740 0.926764 0.925042 0.925551 0.928299 0.933318 0.940670 0.950447 0.962772 0.977809 0.992129 0.948138 0.909981 0.876807 0.847938 0.822828 0.801037 0.782207 0.766044 0.752311 0.740816 0.731401 0.723946 0.718354 0.714555 0.712505 0.712176 0.713567 0.716693 0.720679 0.717119 0.715310 0.715228 0.716874 0.720266 0.725446 0.732479 0.741453 0.752485 0.765722 0.781350 0.799596 0.820738 0.845121 0.873164 0.905388 0.904900 0.893514 0.884514 0.877788 0.873250 0.870847 0.870549 0.872351 0.876276 0.882373 0.890715 0.901409 0.914593 0.930443 0.949180 0.971073 0.996458 0.972692 0.943327 989.500000 1.140858 0.889062
0.850245 0.910100 0.981564 1.000000 0.946194 0.899940 0.859973 0.825308 0.795172 0.768945 0.746134 0.726336 0.709227 0.694539 0.682057 0.671606 0.663043 0.656257 0.651161 0.647692 0.645807 0.645484 0.631734 0.616313 0.603044 0.591730 0.582210 0.574353 0.568055 0.563236 0.559836 0.557812 0.557140 0.557812 0.559836 0.563236 0.568055 0.574353 0.582210 0.591730 0.603044 0.614480 0.624711 0.636849 0.651067 0.667579 0.686648 0.708596 0.733819 0.762810 0.796183 0.834712 0.879386 0.931484 0.921325 0.871984 0.829556 0.792887 0.761079 0.733423 0.709355 0.688422 0.670258 0.654564 0.641098 0.629660 0.620092 0.612262 0.606070 0.601436 0.597866 0.595643 0.594864 0.595520 0.597619 0.601186 0.606266 0.612921 0.621237 0.631324 0.643319 0.657393 0.673756 0.692666 0.714438 0.739463 0.768223 0.801319 0.839509 0.883756 0.935305 0.952897 0.881773 0.822373 0.772213 0.729477 0.692805 0.661160 0.633739 0.609913 0.589182 0.571144 0.555477 0.541917 0.531963 0.525811 0.521041 0.517592 0.515422 0.514504 0.514828 0.516397 0.519230 0.523362 0.528845 0.535748 0.544163 0.554202 0.566007 0.579754 0.595656 0.613975 0.635035 0.659236 0.687076 0.719179 0.756342 0.799585 5409.000000 1.069549 0.691197
0.806681 0.837270 0.867271 0.839080 0.814565 0.793298 0.774933 0.759187 0.745828 0.734671 0.725565 0.718392 0.713060 0.709503 0.707678 0.707563 0.709155 0.712475 0.717564 0.724483 0.733321 0.744192 0.757242 0.772652 0.790647 0.811502 0.835554 0.863219 0.864173 0.825983 0.792854 0.764050 0.738984 0.717182 0.698265 0.681920 0.667895 0.655984 0.646019 0.637866 0.631419 0.626595 0.623335 0.621598 0.621363 0.622628 0.625408 0.629736 0.635668 0.643276 0.652660 0.663945 0.677287 0.692881 0.710962 0.731822 0.755820 0.783396 0.815098 0.851613 0.893807 0.942789 1.000000 0.983471 0.928239 0.880890 0.840062 0.804705 0.773992 0.747272 0.724022 0.703819 0.686321 0.671250 0.658379 0.647522 0.638532 0.631287 0.625696 0.621687 0.619211 0.618239 0.618758 0.620774 0.624313 0.629417 0.636151 0.644600 0.654875 0.667117 0.681497 0.698231 0.717579 0.739863 0.765479 0.794916 0.828785 0.867851 0.913091 0.939162 0.895064 0.856893 0.823748 0.794915 0.769825 0.748017 0.729118 0.712826 0.698892 0.687117 0.677337 0.669421 0.663267 0.658799 0.655959 0.654715 0.655050 0.656970 0.660496 0.665673 0.672564 0.681258 0.691869 0.704539 0.719448 0.736815 0.756909 0.780062 4048.000000 1.059478 0.769015
0.536293 0.538594 0.542226 0.547235 0.553684 0.561655 0.571256 0.582618 0.595907 0.611323 0.629113 0.649583 0.673104 0.700144 0.731282 0.767253 0.808996 0.857727 0.915051 0.983125 1.000000 0.939776 0.888412 0.844300 0.806212 0.773195 0.744498 0.719527 0.697803 0.678940 0.662624 0.648600 0.636659 0.626633 0.618383 0.611803 0.606808 0.603336 0.601343 0.600807 0.601719 0.604092 0.607954 0.613353 0.620356 0.629055 0.639563 0.652026 0.666622 0.683571 0.703142 0.710886 0.689661 0.671238 0.655310 0.641631 0.629998 0.620247 0.612246 0.605889 0.601097 0.597808 0.595983 0.595600 0.596654 0.599157 0.603141 0.608654 0.615766 0.624569 0.635179 0.647744 0.662443 0.679501 0.699189 0.721842 0.747875 0.777800 0.812258 0.833640 0.807264 0.784338 0.764469 0.747338 0.732684 0.720295 0.710001 0.701663 0.695174 0.690452 0.687439 0.686098 0.686412 0.688386 0.692043 0.697428 0.704608 0.713675 0.724748 0.737975 0.753543 0.771681 0.792670 0.816856 0.844664 0.812380 0.770958 0.735241 0.704308 0.677439 0.654063 0.633722 0.616047 0.600739 0.587555 0.576296 0.566799 0.558936 0.552600 0.547712 0.544208 0.542047 0.541201 0.541661 0.540086 0.537181 0.535591 0.535297 6398.500000 1.236156 0.768519
0.825499 0.798358 0.774752 0.754266 0.736565 0.721374 0.708469 0.697668 0.688827 0.681829 0.676585 0.673030 0.671121 0.670834 0.672166 0.675132 0.679771 0.686137 0.694313 0.704403 0.716542 0.730899 0.747681 0.767143 0.789599 0.786652 0.779902 0.775118 0.772241 0.771237 0.772093 0.774820 0.779450 0.786041 0.794676 0.805464 0.818548 0.834107 0.852362 0.873585 0.898112 0.926351 0.958809 0.931452 0.903398 0.879041 0.857975 0.839871 0.824461 0.811525 0.800889 0.792412 0.785987 0.781533 0.778995 0.778342 0.779567 0.782684 0.787732 0.794772 0.803893 0.815213 0.828882 0.845087 0.864062 0.886092 0.911529 0.940802 0.962842 0.913106 0.870250 0.833153 0.800941 0.772919 0.748534 0.727339 0.708973 0.693140 0.679600 0.668158 0.658655 0.650965 0.644988 0.640612 0.636753 0.634461 0.633705 0.634479 0.636790 0.640667 0.646158 0.653331 0.662279 0.673119 0.686000 0.701106 0.718662 0.738946 0.762299 0.789138 0.819984 0.855484 0.896455 0.943935 0.999269 1.000000 0.969416 0.942851 0.919860 0.900081 0.883217 0.869029 0.857322 0.847941 0.840768 0.835711 0.832709 0.831724 0.832746 0.835786 0.840882 0.848096 0.857518 0.869270 0.883507 0.900423 0.892559 0.856687 5867.000000 1.128810 0.834086
0.761136 0.734419 0.711168 0.690958 0.673443 0.658340 0.645421 0.634498 0.625421 0.618067 0.612342 0.608175 0.605512 0.604322 0.604590 0.606320 0.609533 0.614267 0.620583 0.618164 0.612565 0.608518 0.605975 0.604904 0.605293 0.607146 0.610485 0.615352 0.621808 0.629933 0.639836 0.651650 0.665542 0.681718 0.700428 0.721984 0.746764 0.775239 0.807996 0.845771 0.889499 0.940384 1.000000 0.965682 0.917234 0.875423 0.839192 0.807708 0.780314 0.756479 0.735778 0.717862 0.702450 0.689312 0.678260 0.669144 0.661843 0.656263 0.652335 0.650010 0.649261 0.650077 0.652469 0.656467 0.662118 0.669495 0.678691 0.689828 0.703059 0.718573 0.736601 0.757428 0.740906 0.726163 0.713681 0.703286 0.694839 0.688232 0.683379 0.680222 0.678722 0.678860 0.680638 0.684077 0.689221 0.696132 0.688945 0.682193 0.677188 0.673867 0.672190 0.672137 0.673707 0.676918 0.681811 0.688445 0.696906 0.707302 0.719773 0.734493 0.751676 0.771586 0.781077 0.766097 0.753462 0.742998 0.734566 0.728058 0.723391 0.720509 0.719375 0.719977 0.722321 0.726437 0.732374 0.740206 0.750035 0.761989 0.776230 0.792960 0.812427 0.834937 0.860862 0.890664 0.915537 0.868097 0.827225 0.791851 7892.000000 1.104183 0.825881
0.885122 0.861299 0.840698 0.822995 0.807929 0.795286 0.784894 0.776617 0.770349 0.766013 0.763554 0.762943 0.764172 0.767257 0.772234 0.779166 0.788140 0.799270 0.812705 0.828630 0.847274 0.868917 0.893905 0.922662 0.955709 0.917607 0.879110 0.845668 0.816573 0.791256 0.769258 0.750210 0.733807 0.719803 0.707997 0.698227 0.690363 0.684305 0.679976 0.677323 0.676314 0.676936 0.679197 0.683124 0.688766 0.696193 0.705500 0.716809 0.730275 0.746089 0.764484 0.785751 0.810243 0.819201 0.805063 0.793283 0.783704 0.776201 0.770680 0.767071 0.765331 0.765438 0.767395 0.771225 0.776974 0.784714 0.794543 0.806589 0.821015 0.838022 0.857858 0.880830 0.907312 0.937764 0.972757 1.000000 0.954282 0.914669 0.880250 0.850301 0.824243 0.801609 0.782018 0.765161 0.750787 0.738689 0.728702 0.720695 0.714565 0.710235 0.707651 0.706783 0.707619 0.710171 0.714468 0.720564 0.728535 0.738483 0.750540 0.764871 0.781679 0.801216 0.823791 0.814352 0.794916 0.778217 0.764008 0.752087 0.742294 0.734499 0.728604 0.724533 0.722239 0.721691 0.722885 0.725835 0.730575 0.737166 0.745689 0.756255 0.769004 0.784112 0.801795 0.822321 0.846017 0.873286 0.904623 0.912561 621.500000 1.150143 0.849055
0.673665 0.681337 0.684624 0.689613 0.696364 0.704965 0.715526 0.728189 0.743130 0.760569 0.780772 0.804067 0.830858 0.861643 0.897042 0.937830 0.984990 1.000000 0.938628 0.886365 0.841536 0.802864 0.769363 0.740257 0.714932 0.692897 0.673754 0.657182 0.642916 0.630744 0.620492 0.612018 0.605210 0.599983 0.596268 0.594022 0.593217 0.587797 0.577179 0.568282 0.560987 0.555197 0.550839 0.547858 0.546218 0.545900 0.546898 0.549225 0.552910 0.557999 0.564554 0.568369 0.569145 0.571301 0.574864 0.579877 0.586403 0.594527 0.604355 0.616022 0.629696 0.645581 0.663930 0.685050 0.709323 0.737221 0.769332 0.806399 0.849369 0.899464 0.958293 0.969229 0.927172 0.890668 0.858922 0.831294 0.807272 0.786441 0.768463 0.753061 0.740013 0.729136 0.720285 0.713343 0.708224 0.704864 0.703221 0.703277 0.705031 0.708505 0.713741 0.720805 0.729786 0.726143 0.703128 0.683122 0.665782 0.650830 0.638038 0.627221 0.618230 0.610943 0.605268 0.601132 0.598484 0.597291 0.597541 0.599234 0.602393 0.607055 0.613279 0.621144 0.630752 0.642234 0.640279 0.632362 0.626129 0.621500 0.618418 0.616845 0.616762 0.618169 0.621081 0.625535 0.631586 0.639310 0.648808 0.660207 19489.500000 1.298815 0.801788
0.791074 0.766910 0.745923 0.727761 0.712136 0.698817 0.687613 0.678371 0.670969 0.665312 0.661330 0.658973 0.658213 0.659041 0.661466 0.665519 0.671248 0.678726 0.674127 0.657712 0.643592 0.631555 0.621429 0.613076 0.606387 0.601275 0.597676 0.595546 0.594859 0.595607 0.597799 0.601461 0.606639 0.613398 0.621823 0.632028 0.644150 0.658364 0.674881 0.693963 0.715931 0.741180 0.770197 0.803594 0.842139 0.886812 0.938879 1.000000 0.974521 0.933370 0.897628 0.866534 0.839476 0.815963 0.795595 0.778049 0.763058 0.750408 0.739923 0.731466 0.724926 0.720222 0.717296 0.716111 0.716654 0.718931 0.722970 0.728820 0.736554 0.746272 0.743607 0.729346 0.717317 0.707355 0.699327 0.693131 0.688688 0.685944 0.684864 0.685437 0.687669 0.691587 0.697239 0.704697 0.714054 0.725434 0.738992 0.722773 0.707213 0.693944 0.682779 0.673565 0.666180 0.660528 0.656541 0.654167 0.653379 0.654167 0.656541 0.660528 0.666180 0.673565 0.682779 0.693944 0.700971 0.698658 0.698035 0.699097 0.701855 0.706343 0.712617 0.720756 0.730863 0.743073 0.757555 0.774515 0.794209 0.816950 0.843123 0.873202 0.907774 0.947573 0.993526 0.978998 0.929882 0.887494 0.850763 0.818846 1176.500000 1.256901 0.824049
0.540140 0.538900 0.538962 0.540325 0.543007 0.547040 0.552474 0.559378 0.567842 0.577981 0.589935 0.603879 0.620028 0.638646 0.660056 0.684657 0.712948 0.745551 0.783256 0.827076 0.871112 0.850496 0.832793 0.817741 0.805129 0.794786 0.786577 0.780396 0.776166 0.773836 0.773378 0.774786 0.778077 0.783291 0.790493 0.799772 0.811250 0.825079 0.841449 0.860598 0.882815 0.908456 0.937958 0.924482 0.869480 0.822526 0.782171 0.747307 0.717072 0.690788 0.667914 0.648018 0.630749 0.615821 0.603003 0.592105 0.582973 0.575484 0.569539 0.565064 0.562001 0.560314 0.559983 0.561002 0.563385 0.567160 0.572375 0.579094 0.587405 0.589521 0.585900 0.583722 0.582959 0.583602 0.585659 0.589155 0.594133 0.600655 0.608804 0.618689 0.630444 0.644236 0.660272 0.678803 0.700140 0.724665 0.752849 0.785282 0.822707 0.824740 0.821002 0.819262 0.819500 0.821718 0.825943 0.832227 0.840648 0.851313 0.864361 0.879969 0.898354 0.919787 0.944600 0.973197 1.000000 0.929547 0.870327 0.820058 0.777048 0.740019 0.707987 0.680183 0.656001 0.634957 0.616660 0.600795 0.587105 0.575380 0.565450 0.557176 0.550448 0.545178 0.541300 0.538765 0.537543 0.537619 0.538993 0.541683 558.000000 1.421470 0.795919
0.907135 0.950161 1.000000 0.973039 0.928543 0.889988 0.856489 0.827341 0.801979 0.779950 0.760882 0.744476 0.730484 0.718708 0.708987 0.701192 0.679968 0.657794 0.638511 0.621781 0.607331 0.594938 0.584421 0.575632 0.568452 0.562789 0.558569 0.555741 0.554271 0.554139 0.555345 0.557903 0.561845 0.567219 0.574093 0.582557 0.592723 0.604733 0.618761 0.635022 0.653778 0.675352 0.674622 0.667894 0.662880 0.659517 0.657765 0.657603 0.659027 0.662057 0.666728 0.673098 0.681248 0.691284 0.703340 0.717583 0.734220 0.753506 0.775751 0.801338 0.830741 0.864546 0.903488 0.930620 0.895396 0.864748 0.838082 0.814915 0.794858 0.777592 0.762860 0.750450 0.740192 0.731950 0.725618 0.721117 0.718392 0.717409 0.718156 0.720643 0.724900 0.730979 0.738955 0.748932 0.761041 0.775409 0.739536 0.708467 0.681479 0.657998 0.637567 0.619814 0.604440 0.591200 0.579894 0.570362 0.562470 0.556116 0.551216 0.547710 0.545554 0.544723 0.545205 0.547007 0.550151 0.554675 0.560636 0.568110 0.577196 0.588016 0.600725 0.615510 0.632604 0.652291 0.674921 0.677813 0.681779 0.687458 0.694921 0.704263 0.715606 0.729107 0.744955 0.763388 0.784695 0.809230 0.837433 0.869842 18542.500000 1.476955 0.821723
0.756564 0.780826 0.808708 0.840756 0.877650 0.866265 0.850162 0.836625 0.825470 0.816550 0.809750 0.804986 0.802199 0.801355 0.802444 0.805479 0.810498 0.817560 0.826757 0.838205 0.852056 0.868499 0.887771 0.910160 0.936020 0.965788 1.000000 0.938939 0.882228 0.833872 0.792351 0.756505 0.725434 0.698430 0.674933 0.654490 0.636738 0.621382 0.608179 0.596934 0.587486 0.579708 0.573497 0.568773 0.565477 0.563569 0.563026 0.564016 0.566657 0.570705 0.576209 0.583239 0.591887 0.602267 0.614525 0.628838 0.645427 0.664558 0.686563 0.711848 0.740921 0.774414 0.813131 0.858098 0.910653 0.938970 0.920208 0.904318 0.891077 0.880308 0.871872 0.865662 0.861601 0.859638 0.859752 0.861942 0.866235 0.872684 0.881369 0.892401 0.866407 0.838466 0.814170 0.793100 0.774913 0.759329 0.746122 0.735106 0.726136 0.719093 0.713889 0.710458 0.708760 0.708774 0.710499 0.713956 0.719189 0.726261 0.735263 0.746311 0.759554 0.775177 0.793407 0.814526 0.800559 0.773734 0.750397 0.730135 0.712609 0.697546 0.684722 0.673956 0.665100 0.658039 0.652682 0.648962 0.646834 0.646271 0.647268 0.649835 0.654005 0.659829 0.667379 0.676753 0.688076 0.701503 0.717227 0.735484 1068.000000 1.262248 0.819858
0.790483 0.749364 0.713945 0.683296 0.656686 0.633541 0.613399 0.595889 0.580712 0.567622 0.556420 0.546943 0.539061 0.532668 0.527682 0.524038 0.521692 0.520617 0.520797 0.522236 0.524952 0.528977 0.534361 0.531994 0.527741 0.524809 0.523163 0.522783 0.523664 0.525817 0.529269 0.534060 0.540253 0.547927 0.557183 0.568150 0.580985 0.595882 0.613078 0.632867 0.655608 0.681748 0.711845 0.746603 0.786924 0.833972 0.889282 0.954913 1.000000 0.945007 0.897797 0.857047 0.821728 0.791036 0.764329 0.741093 0.720914 0.703455 0.688440 0.675647 0.664893 0.656031 0.648946 0.643546 0.639763 0.637552 0.636885 0.637754 0.640170 0.638488 0.625198 0.613898 0.604430 0.596666 0.590502 0.585862 0.582687 0.580938 0.580594 0.581651 0.584121 0.588036 0.593442 0.600409 0.609025 0.619407 0.631697 0.625850 0.616652 0.609167 0.603297 0.598968 0.596127 0.594739 0.594787 0.596271 0.599210 0.603639 0.609614 0.617211 0.626527 0.637689 0.650852 0.666209 0.683995 0.704501 0.728083 0.741186 0.733059 0.726840 0.722452 0.719841 0.718973 0.719841 0.722452 0.726840 0.733059 0.741186 0.751325 0.763611 0.778211 0.795334 0.815235 0.838230 0.864702 0.895128 0.895057 0.838515 808.500000 1.374585 0.789502
0.967383 0.892247 0.829797 0.777267 0.732651 0.694462 0.661571 0.633112 0.608405 0.586915 0.568213 0.551955 0.537861 0.525704 0.515299 0.506494 0.499167 0.493220 0.488576 0.485177 0.482981 0.481960 0.482102 0.483410 0.485898 0.489598 0.494555 0.500832 0.508511 0.517696 0.528516 0.541129 0.555731 0.572560 0.591910 0.614145 0.639718 0.669195 0.703295 0.742944 0.789345 0.844098 0.909366 0.988154 1.000000 0.921017 0.855508 0.800499 0.753843 0.713952 0.679625 0.649942 0.624184 0.601784 0.582290 0.565339 0.550636 0.537941 0.527060 0.517833 0.510131 0.503851 0.498911 0.495248 0.492818 0.491589 0.491549 0.492694 0.495041 0.498617 0.503467 0.509652 0.517252 0.526370 0.537132 0.549695 0.564252 0.581039 0.600346 0.622532 0.648041 0.677432 0.711410 0.750882 0.797024 0.851393 0.916092 0.941064 0.877164 0.823246 0.777338 0.737963 0.703999 0.674577 0.649016 0.626777 0.607427 0.590615 0.576060 0.563529 0.552836 0.543826 0.536377 0.530390 0.525788 0.522513 0.520524 0.519798 0.520326 0.522114 0.525184 0.529574 0.535338 0.542551 0.551306 0.561725 0.573954 0.588176 0.604614 0.623543 0.645300 0.670304 0.699076 0.732271 0.770725 0.815516 0.868054 0.930223 1191.500000 1.093571 0.602799
0.497572 0.489160 0.482171 0.487383 0.494548 0.503157 0.513329 0.525213 0.538989 0.554880 0.573159 0.594163 0.618313 0.646130 0.678280 0.715611 0.759226 0.810582 0.871642 0.945112 0.971098 0.930391 0.895030 0.864264 0.837493 0.814234 0.794093 0.776751 0.761946 0.749466 0.739141 0.730833 0.724436 0.719405 0.715833 0.714008 0.713907 0.715530 0.718897 0.724047 0.731046 0.739982 0.750970 0.764158 0.779730 0.797912 0.818982 0.843281 0.871230 0.903346 0.940272 0.961976 0.893936 0.836767 0.788255 0.746761 0.711044 0.680151 0.653340 0.630022 0.609730 0.592086 0.576785 0.563578 0.554341 0.560517 0.568216 0.577540 0.588618 0.601606 0.616699 0.634137 0.654211 0.677282 0.703798 0.734316 0.769538 0.771118 0.755756 0.742748 0.731914 0.723108 0.716217 0.711152 0.707853 0.706277 0.706406 0.708242 0.711807 0.717144 0.724320 0.733426 0.744580 0.757933 0.773671 0.792026 0.802315 0.796378 0.792424 0.790403 0.790292 0.792089 0.795816 0.801517 0.809265 0.819157 0.831321 0.845920 0.863158 0.883285 0.906609 0.933509 0.964448 1.000000 0.929845 0.858149 0.798503 0.748296 0.705628 0.669089 0.637608 0.610360 0.586702 0.566122 0.548212 0.532645 0.519154 0.507522 840.500000 1.105484 0.708061
0.774218 0.797635 0.824561 0.821766 0.797061 0.775613 0.757065 0.741127 0.727563 0.716181 0.706826 0.699375 0.693734 0.689831 0.687619 0.687072 0.688182 0.690963 0.695448 0.701694 0.709778 0.719805 0.731908 0.746253 0.763047 0.782543 0.805052 0.830954 0.860722 0.889014 0.848732 0.813818 0.783476 0.757073 0.734103 0.714155 0.696898 0.682059 0.669417 0.658795 0.650045 0.643054 0.637731 0.634011 0.631847 0.631214 0.632103 0.634525 0.638510 0.644107 0.651386 0.660441 0.671391 0.684387 0.699615 0.717303 0.737732 0.761246 0.788271 0.819331 0.855084 0.896358 0.944208 1.000000 0.981240 0.923522 0.874206 0.831793 0.795131 0.763326 0.735672 0.711605 0.690675 0.672515 0.656827 0.643368 0.631942 0.622388 0.614578 0.608408 0.603801 0.600699 0.599066 0.598879 0.600139 0.602859 0.607072 0.612832 0.620211 0.629304 0.640233 0.653150 0.668242 0.685738 0.705922 0.729140 0.755820 0.786493 0.821825 0.862656 0.910064 0.965446 0.922403 0.882681 0.848199 0.818206 0.792106 0.769415 0.749744 0.732775 0.718249 0.705955 0.695723 0.687416 0.680926 0.676171 0.673092 0.671652 0.671834 0.673638 0.677088 0.682225 0.689114 0.697842 0.708522 0.721299 0.736351 0.753901 5843.500000 1.052012 0.765305
0.952576 0.988408 0.998754 0.961205 0.928534 0.900107 0.875415 0.854045 0.835658 0.819980 0.806787 0.795900 0.787173 0.780495 0.775783 0.772979 0.772047 0.772979 0.775783 0.780495 0.787173 0.795900 0.806787 0.819980 0.835658 0.854045 0.874548 0.843871 0.817175 0.793971 0.773861 0.756522 0.741690 0.729152 0.718733 0.710295 0.703728 0.698950 0.695902 0.694546 0.694866 0.696866 0.700570 0.706024 0.713295 0.722476 0.733687 0.747080 0.762842 0.781207 0.802458 0.826946 0.855101 0.887453 0.921819 0.907867 0.896458 0.887444 0.880709 0.876171 0.873774 0.873489 0.875311 0.879264 0.885396 0.893782 0.904528 0.917773 0.933696 0.952515 0.974505 1.000000 0.985177 0.937447 0.896187 0.860391 0.829266 0.802179 0.778623 0.758184 0.740530 0.725387 0.712533 0.701788 0.693006 0.686075 0.680904 0.677431 0.675612 0.675426 0.676870 0.679962 0.684740 0.691262 0.699611 0.709896 0.722253 0.736855 0.753913 0.773688 0.796499 0.822737 0.852888 0.887553 0.913656 0.887552 0.864924 0.845407 0.828703 0.814572 0.802816 0.793278 0.785835 0.780393 0.776884 0.775267 0.775520 0.777648 0.781675 0.787652 0.795653 0.805779 0.818163 0.832971 0.850411 0.870740 0.894272 0.921392 1048.500000 1.253425 0.846704
0.770663 0.741695 0.716490 0.694560 0.675511 0.659024 0.644840 0.632746 0.622569 0.614170 0.607439 0.602289 0.598656 0.596495 0.595779 0.596500 0.598668 0.602307 0.607463 0.614201 0.622606 0.632790 0.644893 0.659086 0.675582 0.694642 0.716585 0.741804 0.770788 0.804146 0.842642 0.887255 0.922256 0.886279 0.854985 0.827752 0.804078 0.783555 0.765853 0.750702 0.737882 0.727215 0.718558 0.711800 0.706854 0.703660 0.702179 0.702393 0.704304 0.707936 0.713333 0.720561 0.729714 0.740910 0.754301 0.770074 0.788461 0.809745 0.834276 0.831084 0.812339 0.796297 0.782725 0.771436 0.762278 0.755132 0.749910 0.746545 0.744997 0.745247 0.747298 0.751175 0.756925 0.764620 0.774359 0.786267 0.800505 0.797933 0.772633 0.750641 0.731580 0.715144 0.701081 0.689189 0.679303 0.671291 0.665050 0.660500 0.657585 0.656269 0.656538 0.658394 0.661859 0.666976 0.673808 0.682443 0.692994 0.705602 0.720446 0.737743 0.755345 0.743717 0.734183 0.726619 0.720929 0.717041 0.714907 0.714503 0.715822 0.718882 0.723719 0.730392 0.738987 0.749614 0.762415 0.777565 0.795286 0.815844 0.839569 0.866866 0.898235 0.934294 0.975819 1.000000 0.939018 0.887061 0.842475 0.804001 7475.000000 1.171134 0.819734
0.807252 0.771825 0.741087 0.714359 0.691098 0.670870 0.653321 0.638165 0.625168 0.614141 0.604927 0.597404 0.591473 0.587059 0.584107 0.582581 0.582463 0.583750 0.586460 0.590624 0.596295 0.603543 0.612464 0.623176 0.635828 0.650605 0.667732 0.687485 0.710207 0.736316 0.766334 0.800916 0.840888 0.887309 0.941556 1.000000 0.952141 0.910747 0.874822 0.843579 0.816389 0.792748 0.772245 0.754548 0.739386 0.726536 0.715821 0.707096 0.700247 0.695189 0.691858 0.690213 0.690236 0.691925 0.695301 0.700407 0.707304 0.716081 0.726852 0.739761 0.754988 0.772757 0.793339 0.817069 0.818410 0.782161 0.750718 0.723381 0.699591 0.678899 0.660943 0.645427 0.632110 0.620797 0.611329 0.603578 0.597442 0.592843 0.589725 0.588048 0.587793 0.588956 0.591552 0.595612 0.601187 0.608346 0.617183 0.627815 0.640389 0.655088 0.672135 0.691803 0.714431 0.740433 0.770324 0.804752 0.844530 0.890702 0.944623 0.977498 0.933315 0.895017 0.861732 0.832768 0.807570 0.785690 0.766762 0.750490 0.736633 0.724992 0.715411 0.707762 0.701949 0.697897 0.695558 0.694904 0.695925 0.698635 0.703067 0.709275 0.717336 0.727356 0.739466 0.753834 0.770663 0.790209 0.812781 0.838760 15580.500000 1.276491 0.767896
0.710632 0.736292 0.765789 0.756276 0.737840 0.721980 0.708458 0.697082 0.687696 0.680176 0.674426 0.670374 0.667970 0.667185 0.668009 0.670452 0.674544 0.680335 0.687899 0.697331 0.708756 0.722331 0.738250 0.756751 0.778125 0.802731 0.831013 0.863516 0.900923 0.942831 0.892638 0.849461 0.812135 0.779751 0.751591 0.727085 0.705773 0.687284 0.671314 0.657618 0.645995 0.636282 0.628348 0.622090 0.617427 0.614303 0.612679 0.612536 0.613871 0.616701 0.621060 0.627002 0.634603 0.643960 0.655200 0.668479 0.683988 0.701966 0.722702 0.746553 0.773961 0.805473 0.838900 0.802783 0.771429 0.744157 0.720424 0.699792 0.681906 0.666476 0.653269 0.642092 0.632789 0.625237 0.619338 0.615016 0.612219 0.610913 0.611081 0.612726 0.615867 0.620544 0.626813 0.634755 0.644474 0.656100 0.669796 0.685764 0.704250 0.725556 0.750055 0.778207 0.810583 0.847901 0.891072 0.941264 1.000000 0.968221 0.910565 0.861348 0.819050 0.782509 0.750821 0.723274 0.699302 0.678450 0.660351 0.644704 0.631268 0.619843 0.610268 0.602414 0.596178 0.591479 0.588260 0.586481 0.586121 0.587175 0.589655 0.593593 0.599037 0.606054 0.614737 0.625200 0.637589 0.652080 0.668895 0.688302 1581.000000 1.226130 0.763116
0.846211 0.860091 0.876581 0.882126 0.875607 0.871267 0.869053 0.868939 0.870922 0.875028 0.881305 0.889833 0.900718 0.914102 0.930164 0.949129 0.971271 0.965981 0.928493 0.895882 0.867504 0.842837 0.821458 0.803023 0.787253 0.773918 0.762835 0.753855 0.746863 0.741769 0.738512 0.737051 0.737369 0.739469 0.743377 0.749141 0.756833 0.766550 0.778419 0.792602 0.809296 0.814320 0.806693 0.801119 0.797531 0.795883 0.796156 0.798353 0.802501 0.808650 0.816878 0.827288 0.840017 0.855236 0.872810 0.859299 0.848211 0.839403 0.832761 0.828203 0.825673 0.825140 0.826597 0.830064 0.835580 0.843216 0.853067 0.865259 0.879956 0.897360 0.917721 0.941349 0.968620 1.000000 0.970940 0.943799 0.920290 0.900040 0.882743 0.868150 0.856060 0.846313 0.838784 0.833377 0.830027 0.828691 0.829355 0.832026 0.827378 0.806935 0.789335 0.774311 0.761649 0.751176 0.742751 0.736267 0.731643 0.728822 0.727768 0.728470 0.730936 0.735196 0.741302 0.749331 0.759385 0.771597 0.786133 0.803199 0.823049 0.845995 0.872419 0.902792 0.917488 0.895140 0.875916 0.859527 0.845740 0.834367 0.825258 0.818295 0.813392 0.810488 0.809548 0.810561 0.813539 0.818517 0.825559 0.834750 1925.000000 1.178434 0.903483
0.925173 0.894886 0.868546 0.845691 0.825947 0.809008 0.794626 0.782599 0.772764 0.764994 0.759189 0.755277 0.753210 0.752964 0.754535 0.757943 0.763228 0.770457 0.779721 0.791139 0.804864 0.821087 0.840042 0.862019 0.887373 0.878347 0.850700 0.826671 0.805850 0.787904 0.772561 0.759598 0.748838 0.740137 0.733381 0.728487 0.725394 0.724065 0.724482 0.726651 0.730598 0.736373 0.744046 0.753715 0.765508 0.779583 0.796140 0.815422 0.826990 0.822650 0.820320 0.819974 0.821607 0.825238 0.830912 0.838699 0.848697 0.861036 0.875881 0.893436 0.913956 0.937753 0.965210 0.947658 0.920942 0.897794 0.877845 0.860791 0.846388 0.834435 0.824776 0.817283 0.811863 0.808450 0.807002 0.807500 0.809951 0.814386 0.820857 0.829447 0.840263 0.820581 0.801230 0.784616 0.770496 0.758671 0.748981 0.741298 0.735525 0.731590 0.729445 0.729063 0.730441 0.733595 0.738563 0.745407 0.754213 0.765094 0.778197 0.793701 0.811831 0.832862 0.851597 0.833135 0.817384 0.804119 0.793158 0.784355 0.777599 0.772804 0.769911 0.768885 0.769713 0.772407 0.776997 0.783542 0.792122 0.802847 0.815860 0.831336 0.849498 0.870615 0.895020 0.923121 0.955419 0.992538 1.000000 0.959974 7127.000000 1.155049 0.881977
0.742708 0.712634 0.686490 0.663739 0.643949 0.626771 0.611922 0.599170 0.588327 0.579240 0.571786 0.565868 0.561409 0.558616 0.561996 0.566791 0.573061 0.580887 0.590371 0.601643 0.614864 0.630232 0.647989 0.668432 0.691929 0.718932 0.750010 0.785874 0.827433 0.875862 0.932699 1.000000 0.994573 0.964597 0.938569 0.916058 0.896712 0.880242 0.866416 0.855045 0.845981 0.839107 0.834338 0.831615 0.830905 0.832199 0.835513 0.840888 0.848389 0.858111 0.870179 0.884753 0.902034 0.922269 0.945095 0.903277 0.867003 0.835465 0.808019 0.784147 0.763433 0.745534 0.730174 0.717127 0.706210 0.697274 0.690204 0.684909 0.681324 0.679404 0.679127 0.680488 0.683505 0.688214 0.694674 0.700343 0.694349 0.690105 0.687559 0.686680 0.687458 0.689901 0.694039 0.699924 0.707629 0.717252 0.728921 0.742795 0.759071 0.777993 0.799859 0.825034 0.853970 0.864945 0.849987 0.837521 0.827380 0.819432 0.813577 0.809741 0.807879 0.807967 0.810007 0.814023 0.820065 0.828207 0.838553 0.851237 0.861788 0.856521 0.853361 0.852270 0.853235 0.856267 0.861404 0.868707 0.878270 0.890214 0.904697 0.921916 0.942118 0.965603 0.992741 0.983606 0.918959 0.864241 0.817531 0.777388 3696.000000 1.192594 0.815091
0.906424 0.833103 0.772478 0.721699 0.678718 0.642028 0.610497 0.583258 0.559636 0.539101 0.521231 0.505687 0.492195 0.480531 0.470515 0.461998 0.454860 0.449004 0.444355 0.440851 0.438451 0.437124 0.436854 0.437638 0.439486 0.442420 0.446476 0.451705 0.458175 0.465972 0.475204 0.486003 0.498533 0.512996 0.529636 0.548759 0.570740 0.596052 0.625290 0.659214 0.698810 0.745377 0.800660 0.867057 0.947951 1.000000 0.919976 0.853714 0.798150 0.751076 0.710862 0.676282 0.646395 0.620470 0.597929 0.578312 0.561251 0.546447 0.533656 0.522681 0.513359 0.505561 0.499181 0.494136 0.490361 0.487809 0.486450 0.486266 0.487256 0.489432 0.492820 0.497461 0.503415 0.510759 0.519591 0.530033 0.542236 0.556386 0.572711 0.591491 0.613072 0.637882 0.666458 0.699478 0.737811 0.782584 0.835284 0.853753 0.801359 0.756741 0.718470 0.685455 0.656854 0.632005 0.610385 0.591573 0.575231 0.561082 0.548904 0.538512 0.529759 0.522525 0.516714 0.512251 0.509081 0.507164 0.506476 0.507011 0.508773 0.511785 0.516084 0.521723 0.528774 0.537331 0.547510 0.559456 0.573348 0.589402 0.607888 0.629136 0.653555 0.681654 0.714075 0.751636 0.795390 0.846720 0.907467 0.980150 1698.000000 1.201023 0.596977
0.814483 0.745542 0.688892 0.641679 0.601880 0.568018 0.538993 0.513967 0.492296 0.473473 0.457097 0.442847 0.430464 0.419739 0.410500 0.402608 0.395949 0.390433 0.385985 0.382549 0.380080 0.378550 0.377939 0.378239 0.379455 0.381601 0.384703 0.388801 0.393946 0.400206 0.407666 0.416432 0.426634 0.438430 0.452018 0.467637 0.485586 0.506236 0.530055 0.557634 0.589740 0.627373 0.671865 0.725029 0.789395 0.868599 0.821673 0.772748 0.730983 0.695090 0.664082 0.637192 0.613816 0.593474 0.575779 0.560420 0.547143 0.535741 0.526046 0.517922 0.511257 0.505965 0.501979 0.499248 0.497739 0.497434 0.498330 0.500436 0.503779 0.508400 0.514357 0.521728 0.530609 0.541124 0.553425 0.567697 0.584169 0.603123 0.624903 0.649940 0.678770 0.712072 0.750712 0.736665 0.688248 0.647266 0.612283 0.582218 0.556245 0.533721 0.514141 0.497101 0.482280 0.469414 0.458293 0.448742 0.440622 0.433816 0.428234 0.423801 0.420462 0.418174 0.416910 0.416655 0.417404 0.419169 0.421968 0.425839 0.430828 0.437001 0.444440 0.453248 0.463550 0.475505 0.489302 0.505177 0.523419 0.544390 0.568538 0.596431 0.628795 0.666570 0.710998 0.763741 0.827089 0.904272 1.000000 0.899861 1668.000000 1.372354 0.582650
0.855174 0.830439 0.808989 0.790475 0.774614 0.761175 0.749970 0.740849 0.733693 0.728413 0.724942 0.723238 0.723280 0.725069 0.728626 0.733996 0.741244 0.750463 0.761773 0.775325 0.791308 0.809957 0.831558 0.856463 0.885103 0.918013 0.890448 0.859585 0.832728 0.809390 0.789173 0.771756 0.756875 0.744316 0.733906 0.725507 0.719011 0.714336 0.711424 0.710240 0.710769 0.713017 0.717013 0.722806 0.730466 0.740093 0.751812 0.765783 0.782203 0.801315 0.823418 0.803176 0.780375 0.760615 0.743579 0.729006 0.716687 0.706451 0.698162 0.691712 0.687020 0.684027 0.682699 0.683018 0.684988 0.688633 0.693998 0.701150 0.710180 0.721205 0.734375 0.749875 0.767933 0.788830 0.812909 0.840593 0.872405 0.908995 0.951181 1.000000 0.961001 0.921214 0.886641 0.856559 0.830385 0.807652 0.787978 0.771053 0.756624 0.744486 0.734473 0.726452 0.720321 0.716004 0.713446 0.712617 0.713507 0.716127 0.720508 0.726704 0.734793 0.744880 0.757096 0.768436 0.751893 0.737786 0.725916 0.716119 0.708267 0.702259 0.698019 0.695496 0.694658 0.695496 0.698019 0.702259 0.708267 0.716119 0.725916 0.737786 0.751893 0.768436 0.787665 0.809881 0.835458 0.864855 0.898640 0.883622 743.000000 1.097263 0.843441
