40
1000 1000
8 52 119 70 89 93 112 98 141 114 166 77 168 50 174 24 142
7 -8 19 16 2 35 15 47 36 33 51 12 53 -5 43
4 36 74 65 65 84 78 67 106
4 15 7 44 32 20 51 2 35
3 32 116 136 167 18 221
4 226 114 296 203 217 254 152 198
7 11 42 57 -2 98 7 125 73 87 87 58 114 34 80
3 26 24 73 49 14 93
8 -13 9 -3 0 13 -12 33 -6 38 13 29 29 15 25 2 28
6 5 -12 38 -8 72 22 39 40 3 53 -19 22
7 69 47 80 14 136 30 158 73 129 109 92 129 55 99
8 4 16 11 6 23 -6 41 3 47 23 40 31 28 35 18 32
7 -14 18 19 6 41 14 62 26 52 74 24 68 -6 50
8 36 -4 69 -3 88 1 114 32 95 67 74 75 37 56 15 36
6 71 24 143 32 135 84 116 114 84 115 72 79
4 61 44 113 75 52 117 -11 80
4 91 47 104 72 89 93 66 72
3 31 59 92 110 40 124
8 43 39 54 23 82 33 75 57 77 75 61 80 33 82 42 56
5 1 16 22 7 35 24 23 43 6 34
7 21 21 50 -17 95 22 133 53 97 78 74 116 22 66
5 30 55 88 53 111 86 84 130 43 104
8 -6 19 10 6 21 7 41 12 50 29 35 39 26 46 10 37
7 4 89 39 73 80 87 110 106 88 141 45 140 25 128
3 78 105 122 145 70 175
3 219 88 404 154 223 229
6 49 6 94 11 114 42 103 87 56 76 37 48
4 66 283 192 222 322 300 198 375
6 2 21 33 5 72 -12 88 14 73 61 31 54
6 156 125 181 84 226 93 251 135 241 179 170 194
3 94 41 205 125 108 158
7 14 22 36 20 54 10 64 30 46 44 33 50 25 35
3 507 203 651 283 463 428
5 -24 -10 71 -11 139 55 67 106 -17 102
6 24 3 45 0 59 19 42 35 24 33 1 23
6 21 1 41 -1 51 18 40 30 27 27 11 16
3 118 139 162 168 114 214
7 -9 9 10 -10 22 6 31 19 31 33 6 38 -16 28
7 11 14 20 -10 50 13 48 31 48 49 31 47 -6 39
7 63 133 103 108 139 93 172 133 160 194 96 185 42 179
